3.40 44 COMMANDS 173,-35,-72,-605
3.44 44 NAVIGATION 0 2 17 -54 38 0. 3245.5
3.44 44 ATTITUDE 0 0 -72
3.44 44 DL_VALUE 3 0.
3.53 44 GPS 3 49759296 356544330 2480 76059 25 209 425951998 12 0
3.54 44 SVINFO 2 13 13 7 42 47 328
3.54 44 FBW_STATUS 0 0 123
3.54 44 RAD_OF_IR 7 -74 0.002
3.54 44 NAVIGATION_REF 497575 3565498 12
3.56 44 DOWNLINK_STATUS 2 420 27 0 420. 27.
3.60 44 IR_SENSORS -955 7 1
3.60 44 NAVIGATION 0 2 17 -54 38 0. 3242.7
3.74 44 WP_MOVED 3 497546.40625 3565495.5 810.
3.74 44 GYRO_RATES -110 -155 -155 0.959931 -1.35263 -1.35263
3.74 44 GPS 3 49759301 356544333 2473 76053 44 196 425952250 12 0
3.74 44 SVINFO 3 16 13 6 41 41 48
3.80 44 ESTIMATOR 760.530029 1.96 1.96 1.96 760.530029
3.80 44 BAT 170 123 12 0 45 11 0
3.92 44 NAVIGATION 0 2 18 -54 38 0. 3240.
3.96 44 ATTITUDE 0 0 -72
3.96 44 CALIBRATION 0. 0.023 0.067 0
4.00 44 SERVO 9600 -9600 173
4.01 44 GPS 3 49759310 356544339 2448 76054 11 217 425952498 12 0
4.01 44 SVINFO 4 20 13 7 37 41 194
4.11 44 DESIRED 0. -0.01 0. 0. 778. 0.
4.11 44 IR_DEBUG 687 677 687 677
4.11 44 NAVIGATION 0 2 18 -54 38 0. 3234.3
4.12 44 WP_MOVED 4 497605. 3565508. 810.
4.34 44 GPS 3 49759317 356544353 2446 76046 37 217 425952750 12 0
4.34 44 SVINFO 5 7 13 6 38 35 277
4.34 44 ESTIMATOR 760.460022 2.17 2.17 2.17 760.460022
4.40 44 COMMANDS 173,-35,-70,-605
4.41 44 NAVIGATION 0 2 18 -54 38 0. 3219.4
4.41 44 ATTITUDE 0 0 -72
4.41 44 DL_VALUE 4 0.
4.41 44 FBW_STATUS 0 0 123
4.41 44 RAD_OF_IR 7 -5 0.002
4.51 44 GPS 3 49759311 356544365 2433 76040 40 220 425952998 12 0
4.51 44 SVINFO 6 19 4 6 35 11 146
4.51 44 IR_SENSORS -956 7 1
4.53 44 NAVIGATION 0 2 18 -54 38 0. 3205.2
4.56 44 DOWNLINK_STATUS 3 890 58 0 470. 31.
4.62 44 WP_MOVED 5 497625. 3565488. 810.
4.62 44 GYRO_RATES -110 -155 -154 0.959931 -1.35263 -1.343904
4.76 44 GPS 3 49759305 356544385 2422 76037 39 215 425953250 12 0
4.76 44 ESTIMATOR 760.369995 2.15 2.15 2.15 760.369995
4.82 44 NAVIGATION 0 2 18 -54 38 0. 3181.9
4.82 44 ATTITUDE 0 0 -72
5.04 44 GPS 3 49759296 356544390 2410 76030 33 216 425953498 12 0
5.08 44 DESIRED 0. -0.01 0. 0. 778. 0.
5.08 44 NAVIGATION 0 2 17 -54 38 0. 3175.2
5.08 44 WP_MOVED 6 497565. 3565513. 810.
5.18 44 ESTIMATOR 760.299988 2.16 2.16 2.16 760.299988
5.20 44 GPS 3 49759297 356544390 2396 76035 22 220 425953750 12 0
5.28 44 COMMANDS 163,-35,-86,-598
5.28 44 NAVIGATION 0 2 17 -54 38 0. 3175.3
5.28 44 ATTITUDE 0 0 -72
5.28 44 DL_VALUE 5 14.
5.36 44 FBW_STATUS 0 0 123
5.36 44 RAD_OF_IR 7 -39 0.002
5.49 44 GPS 3 49759301 356544386 2373 76048 23 237 425953998 12 0
5.49 44 IR_SENSORS -956 7 1
5.49 44 NAVIGATION 0 2 18 -54 38 0. 3180.3
5.56 44 DOWNLINK_STATUS 4 1247 79 0 357. 21.
5.59 44 WP_MOVED 7 497540. 3565503. 810.
5.59 44 GYRO_RATES -110 -155 -154 0.959931 -1.35263 -1.343904
5.67 44 ESTIMATOR 760.47998 2.37 2.37 2.37 760.47998
5.67 44 BAT 178 123 14 0 47 13 0
5.78 44 GPS 3 49759295 356544376 2347 76068 36 237 425954250 12 0
5.78 44 NAVIGATION 0 2 17 -54 38 0. 3190.8
5.78 44 ATTITUDE 0 0 -72
5.78 44 CALIBRATION 0. 0.023 0.067 0
5.79 44 SERVO 9600 -9600 174
6.07 44 DESIRED 0. -0.01 0. 0. 778. 0.
6.11 44 IR_DEBUG 688 677 688 677
6.11 44 NAVIGATION 0 2 17 -54 38 0. 3190.8
6.11 44 GPS 3 49759288 356544366 2319 76078 33 224 425954498 12 0
6.11 44 SVINFO 12 32 13 6 32 25 170
6.11 44 WP_MOVED 8 497625. 3565493. 810.
6.11 44 ESTIMATOR 760.780029 2.24 2.24 2.24 760.780029
6.34 44 COMMANDS 173,-32,-70,-584
6.34 44 NAVIGATION 0 2 17 -54 38 0. 3201.1
6.34 44 ATTITUDE 0 0 -72
6.34 44 DL_VALUE 6 1.
6.34 44 GPS 3 49759279 356544359 2302 76095 36 223 425954750 12 0
6.34 44 SVINFO 13 6 13 6 33 23 104
6.34 44 FBW_STATUS 0 0 123
6.34 44 RAD_OF_IR 7 -48 0.002
6.44 44 IR_SENSORS -954 7 1
6.44 44 NAVIGATION 0 2 17 -54 38 0. 3207.9
6.53 44 GPS 3 49759272 356544358 2277 76102 44 223 425954998 12 0
6.53 44 WP_MOVED 9 497575. 3565498. 0.
6.53 44 GYRO_RATES -110 -156 -155 0.959931 -1.361357 -1.35263
6.56 44 DOWNLINK_STATUS 5 1706 108 0 459. 29.
6.61 44 ESTIMATOR 761.02002 2.23 2.23 2.23 761.02002
6.71 44 NAVIGATION 0 2 17 -54 38 0. 3208.2
6.71 44 ATTITUDE 0 0 -72
6.72 44 GPS 3 49759275 356544344 2241 76132 63 260 425955250 12 0
6.88 44 DESIRED 0. -0.01 0. 0. 778. 0.
6.89 44 NAVIGATION 0 2 17 -54 38 0. 3224.3
6.99 44 WP_MOVED 0 497617. 3565540. 810.
6.99 44 GPS 3 49759285 356544344 2193 76152 51 264 425955498 12 0
6.99 44 SVINFO 0 23 13 5 42 73 32
7.06 44 ESTIMATOR 761.52002 2.64 2.64 2.64 761.52002
7.17 44 COMMANDS 173,-35,-70,-601
7.17 44 NAVIGATION 0 2 17 -54 38 0. 3225.6
7.17 44 ATTITUDE 0 0 -72
7.17 44 DL_VALUE 7 0.
7.38 44 GPS 3 49759315 356544344 2148 76188 59 309 425955750 12 0
7.38 44 SVINFO 1 25 13 7 39 50 301
7.38 44 FBW_STATUS 0 0 123
7.38 44 RAD_OF_IR 7 -127 0.002
7.38 44 ACTUATORS 1505,1499,0,1214,1469
7.38 44 IR_SENSORS -954 7 1
7.38 44 NAVIGATION 0 2 18 -54 38 0. 3229.3
7.49 44 WP_MOVED 1 497586.6875 3565500. 810.
7.49 44 GYRO_RATES -109 -155 -155 0.951204 -1.35263 -1.35263
7.49 44 GPS 3 49759313 356544351 2095 76207 69 287 425955998 12 0
7.49 44 SVINFO 2 13 13 7 41 47 328
7.56 44 ESTIMATOR 762.070007 2.87 2.87 2.87 762.070007
7.56 44 BAT 173 123 16 0 49 15 0
7.56 44 DOWNLINK_STATUS 6 2142 135 0 436. 27.
7.69 44 NAVIGATION 0 2 18 -54 38 0. 3221.2
7.69 44 ATTITUDE 0 0 -72
7.69 44 CALIBRATION 0. 0.023 0.067 0
7.76 44 SERVO 9600 -9600 174
7.77 44 GPS 3 49759302 356544362 2058 76200 27 238 425956250 12 0
7.77 44 SVINFO 3 16 13 7 41 41 48
7.91 44 DESIRED 0. -0.01 0. 0. 778. 0.
7.91 44 IR_DEBUG 688 677 688 677
7.91 44 NAVIGATION 0 2 18 -54 38 0. 3207.4
7.91 44 WP_MOVED 2 497622.6875 3565498.5 810.
7.91 44 PPRZ_MODE 0 1 2 0 0 17 0
8.09 44 GPS 3 49759297 356544375 2056 76199 20 224 425956498 12 0
8.09 44 SVINFO 4 20 13 7 37 41 194
8.10 44 ESTIMATOR 761.98999 2.24 2.24 2.24 761.98999
8.17 44 COMMANDS 134,-52,-170,-605
8.17 44 NAVIGATION 0 2 17 -54 38 0. 3192.1
8.17 44 ATTITUDE 0 0 -72
8.17 44 DL_VALUE 8 1.
8.27 44 FBW_STATUS 0 0 123
8.27 44 RAD_OF_IR 7 -5 0.002
8.28 44 GPS 3 49759299 356544386 2023 76175 31 215 425956751 12 0
8.28 44 SVINFO 5 7 13 6 39 35 277
8.28 44 IR_SENSORS -954 7 1
8.28 44 NAVIGATION 0 2 17 -54 38 0. 3180.
8.37 44 WP_MOVED 3 497546.40625 3565495.5 810.
8.37 44 GYRO_RATES -109 -155 -155 0.951204 -1.35263 -1.35263
8.53 44 GPS 3 49759303 356544392 1975 76172 33 190 425956999 12 0
8.53 44 SVINFO 6 19 4 6 35 11 146
8.53 44 ESTIMATOR 761.719971 1.9 1.9 1.9 761.719971
8.56 44 DOWNLINK_STATUS 7 2581 164 0 439. 29.
8.59 44 NAVIGATION 0 2 18 -54 38 0. 3173.8
8.59 44 ATTITUDE 0 0 -72
8.81 44 GPS 3 49759303 356544390 1948 76187 21 170 425957251 12 0
8.81 44 DESIRED 0. -0.01 0. 0. 778. 0.
8.81 44 NAVIGATION 0 2 18 -54 38 0. 3176.1
8.81 44 WP_MOVED 4 497605. 3565508. 810.
8.94 44 ESTIMATOR 761.869995 1.7 1.7 1.7 761.869995
9.02 44 GPS 3 49759298 356544388 1915 76200 40 176 425957499 12 0
9.03 44 COMMANDS 162,-34,-72,-579
9.03 44 NAVIGATION 0 2 17 -54 38 0. 3177.7
9.03 44 ATTITUDE 0 0 -73
9.03 44 DL_VALUE 9 -61.099998
9.11 44 FBW_STATUS 0 0 123
9.11 44 RAD_OF_IR 7 -94 0.002
9.24 44 IR_SENSORS -954 7 1
9.24 44 GPS 3 49759294 356544390 1923 76206 31 167 425957751 12 0
9.24 44 NAVIGATION 0 2 17 -54 38 0. 3174.9
9.34 44 WP_MOVED 5 497625. 3565488. 810.
9.34 44 GYRO_RATES -110 -154 -155 0.959931 -1.343904 -1.35263
9.42 44 ESTIMATOR 762.059998 1.67 1.67 1.67 762.059998
9.42 44 BAT 173 123 18 0 51 17 0
9.53 44 GPS 3 49759287 356544397 1929 76202 15 156 425957999 12 0
9.53 44 NAVIGATION 0 2 17 -54 38 0. 3166.2
9.53 44 ATTITUDE 0 0 -72
9.53 44 CALIBRATION 0. 0.023 0.067 0
9.56 44 DOWNLINK_STATUS 8 2993 189 0 412. 25.
9.81 44 SERVO 9600 -9600 193
9.81 44 DESIRED 0. -0.01 0. 0. 778. 0.
9.81 44 IR_DEBUG 687 678 687 678
9.81 44 NAVIGATION 0 2 17 -54 38 0. 3166.2
9.81 44 GPS 3 49759273 356544403 1931 76210 51 151 425958251 12 0
9.81 44 WP_MOVED 6 497565. 3565513. 810.
9.85 44 ESTIMATOR 762.099976 1.51 1.51 1.51 762.099976
10.09 44 COMMANDS 174,-32,-69,-605
10.09 44 NAVIGATION 0 2 17 -53 38 0. 3157.8
10.09 44 ATTITUDE 0 0 -73
10.09 44 DL_VALUE 10 0.
10.09 44 GPS 3 49759267 356544395 1933 76225 39 165 425958499 12 0
10.09 44 SVINFO 12 32 13 7 33 25 170
10.09 44 FBW_STATUS 0 0 123
10.09 44 RAD_OF_IR 7 5 0.002
10.18 44 IR_SENSORS -954 7 1
10.18 44 NAVIGATION 0 2 17 -54 38 0. 3166.
10.28 44 GPS 3 49759268 356544394 1923 76219 29 191 425958751 12 0
10.28 44 SVINFO 13 6 13 6 32 23 104
10.28 44 WP_MOVED 7 497540. 3565503. 810.
10.28 44 GYRO_RATES -109 -154 -154 0.951204 -1.343904 -1.343904
10.36 44 ESTIMATOR 762.190002 1.91 1.91 1.91 762.190002
10.46 44 NAVIGATION 0 2 17 -54 38 0. 3167.3
10.46 44 ATTITUDE 0 0 -72
10.47 44 GPS 3 49759266 356544397 1919 76233 37 185 425958999 12 0
10.56 44 DOWNLINK_STATUS 9 3388 214 0 395. 25.
10.63 44 DESIRED 0. -0.01 0. 0. 778. 0.
10.63 44 NAVIGATION 0 2 17 -54 38 0. 3163.7
10.72 44 WP_MOVED 8 497625. 3565493. 810.
10.72 44 GPS 3 49759262 356544397 1896 76246 46 192 425959251 12 0
10.80 44 ESTIMATOR 762.460022 1.92 1.92 1.92 762.460022
10.92 44 COMMANDS 173,-26,-96,-605
10.95 44 NAVIGATION 0 2 17 -54 38 0. 3163.2
10.95 44 ATTITUDE 0 0 -73
10.95 44 DL_VALUE 11 1.
11.04 44 GPS 3 49759254 356544387 1874 76262 37 181 425959499 12 0
11.04 44 SVINFO 0 23 13 6 42 73 32
11.04 44 FBW_STATUS 0 0 123
11.04 44 RAD_OF_IR 7 -63 0.002
11.09 44 IR_SENSORS -955 7 1
11.11 44 NAVIGATION 0 2 17 -54 38 0. 3173.5
11.24 44 WP_MOVED 9 497575. 3565498. 0.
11.24 44 GYRO_RATES -110 -155 -155 0.959931 -1.35263 -1.35263
11.24 44 GPS 3 49759242 356544370 1861 76296 35 190 425959751 12 0
11.24 44 SVINFO 1 25 13 7 39 50 301
11.33 44 ESTIMATOR 762.960022 1.9 1.9 1.9 762.960022
11.35 44 BAT 173 123 20 0 53 19 0
11.44 44 NAVIGATION 0 2 17 -54 38 0. 3191.2
11.47 44 ATTITUDE 0 0 -72
11.47 44 CALIBRATION 0. 0.023 0.067 0
11.51 44 SERVO 9600 -9600 173
11.51 44 GPS 3 49759239 356544375 1834 76313 20 187 425959999 12 0
11.51 44 SVINFO 2 13 13 7 41 47 328
11.56 44 DOWNLINK_STATUS 10 3812 241 0 424. 27.
11.64 44 DESIRED 0. -0.01 0. 0. 778. 0.
11.64 44 IR_DEBUG 687 677 687 677
11.64 44 NAVIGATION 0 2 17 -54 38 0. 3185.2
11.64 44 WP_MOVED 0 497617. 3565540. 810.
11.75 44 GPS 3 49759239 356544382 1779 76323 38 145 425960251 12 0
11.75 44 SVINFO 3 16 13 7 40 41 48
11.76 44 ESTIMATOR 763.22998 1.45 1.45 1.45 763.22998
11.88 44 COMMANDS 172,-34,-72,-603
11.88 44 NAVIGATION 0 2 17 -54 38 0. 3177.3
11.88 44 ATTITUDE 0 0 -72
11.88 44 DL_VALUE 12 0.
11.93 44 FBW_STATUS 0 0 123
12.07 44 RAD_OF_IR 7 -155 0.002
12.07 44 NAVIGATION_REF 497575 3565498 12
12.07 44 GPS 3 49759240 356544384 1750 76328 31 169 425960499 12 0
12.07 44 SVINFO 4 20 13 6 37 41 194
12.07 44 ACTUATORS 1506,1498,0,1214,1469
12.07 44 IR_SENSORS -955 7 1
12.07 44 NAVIGATION 0 2 17 -54 38 0. 3175.2
12.14 44 WP_MOVED 1 497586.6875 3565500. 810.
12.14 44 GYRO_RATES -110 -155 -154 0.959931 -1.35263 -1.343904
12.27 44 ESTIMATOR 763.280029 1.69 1.69 1.69 763.280029
12.27 44 GPS 3 49759247 356544386 1742 76346 46 177 425960751 12 0
12.28 44 SVINFO 5 7 13 6 40 35 277
12.36 44 NAVIGATION 0 2 17 -54 38 0. 3173.8
12.36 44 ATTITUDE 0 0 -72
12.56 44 GPS 3 49759249 356544392 1746 76343 41 169 425960999 12 0
12.56 44 SVINFO 6 19 4 7 35 11 146
12.56 44 DESIRED 0. -0.01 0. 0. 778. 0.
12.56 44 NAVIGATION 0 2 17 -54 38 0. 3167.3
12.56 44 DOWNLINK_STATUS 11 4287 271 0 475. 30.
12.57 44 WP_MOVED 2 497622.6875 3565498.5 810.
12.57 44 PPRZ_MODE 0 1 2 0 0 1 0
12.68 44 ESTIMATOR 763.429993 1.69 1.69 1.69 763.429993
12.80 44 GPS 3 49759247 356544397 1751 76334 42 182 425961251 12 0
12.80 44 SVINFO 7 8 4 4 29 4 257
12.80 44 COMMANDS 170,-51,-93,-605
12.80 44 NAVIGATION 0 2 17 -54 38 0. 3161.5
12.80 44 ATTITUDE 0 0 -72
12.80 44 DL_VALUE 13 428.
12.86 44 FBW_STATUS 0 0 123
12.91 44 RAD_OF_IR 7 14 0.002
13.01 44 IR_SENSORS -956 7 1
13.01 44 GPS 3 49759254 356544401 1751 76336 25 158 425961499 12 0
13.01 44 NAVIGATION 0 2 17 -53 38 0. 3157.8
13.10 44 WP_MOVED 3 497546.40625 3565495.5 810.
13.10 44 GYRO_RATES -110 -155 -155 0.959931 -1.35263 -1.35263
13.17 44 ESTIMATOR 763.359985 1.58 1.58 1.58 763.359985
13.17 44 BAT 170 123 22 0 55 21 0
13.28 44 GPS 3 49759263 356544417 1783 76324 27 149 425961751 12 0
13.28 44 NAVIGATION 0 2 17 -53 38 0. 3141.
13.28 44 ATTITUDE 0 0 -73
13.28 44 CALIBRATION 0. 0.023 0.067 0
13.29 44 SERVO 9600 -9600 173
13.56 44 DESIRED 0. -0.01 0. 0. 778. 0.
13.59 44 IR_DEBUG 688 678 688 678
13.59 44 GPS 3 49759265 356544437 1811 76317 54 149 425961999 12 0
13.59 44 NAVIGATION 0 2 17 -53 38 0. 3119.
13.59 44 WP_MOVED 4 497605. 3565508. 810.
13.59 44 DOWNLINK_STATUS 12 4725 299 0 438. 28.
13.60 44 ESTIMATOR 763.169983 1.49 1.49 1.49 763.169983
13.82 44 COMMANDS 173,-34,-72,-603
13.82 44 NAVIGATION 0 2 17 -53 38 0. 3119.
13.82 44 ATTITUDE 0 0 -72
13.82 44 DL_VALUE 14 474.
13.82 44 GPS 3 49759268 356544449 1822 76297 30 143 425962251 12 0
13.82 44 FBW_STATUS 0 0 123
13.82 44 RAD_OF_IR 7 31 0.002
13.93 44 IR_SENSORS -954 7 1
13.97 44 NAVIGATION 0 2 17 -53 38 0. 3106.
14.04 44 GPS 3 49759276 356544460 1806 76285 53 119 425962499 12 0
14.04 44 SVINFO 12 32 13 7 36 25 170
14.04 44 WP_MOVED 5 497625. 3565488. 810.
14.05 44 GYRO_RATES -110 -156 -155 0.959931 -1.361357 -1.35263
14.11 44 ESTIMATOR 762.849976 1.19 1.19 1.19 762.849976
14.22 44 NAVIGATION 0 2 17 -53 38 0. 3094.8
14.22 44 ATTITUDE 0 0 -72
14.23 44 GPS 3 49759303 356544456 1735 76276 20 119 425962751 12 0
14.23 44 SVINFO 13 6 13 6 33 23 104
14.38 44 DESIRED 0. -0.01 0. 0. 778. 0.
14.39 44 NAVIGATION 0 2 18 -53 38 0. 3102.6
14.47 44 WP_MOVED 6 497565. 3565513. 810.
14.47 44 GPS 3 49759321 356544469 1729 76280 40 128 425962999 12 0
14.55 44 ESTIMATOR 762.799988 1.28 1.28 1.28 762.799988
14.56 44 DOWNLINK_STATUS 13 5124 323 0 399. 24.
14.66 44 COMMANDS 175,-35,-70,-605
14.66 44 NAVIGATION 0 2 18 -53 38 0. 3090.5
14.66 44 ATTITUDE 0 0 -72
14.66 44 DL_VALUE 15 473.
14.79 44 GPS 3 49759331 356544467 1723 76271 25 133 425963251 12 0
14.79 44 FBW_STATUS 0 0 123
14.79 44 RAD_OF_IR 7 -16 0.002
14.86 44 IR_SENSORS -954 7 1
14.87 44 NAVIGATION 0 2 18 -53 38 0. 3094.
15.09 44 WP_MOVED 7 497540. 3565503. 810.
15.10 44 GYRO_RATES -110 -155 -155 0.959931 -1.35263 -1.35263
15.10 44 GPS 3 49759328 356544491 1664 76285 32 169 425963499 12 0
15.10 44 SVINFO 0 23 13 6 39 73 32
15.10 44 ESTIMATOR 762.849976 1.69 1.69 1.69 762.849976
15.10 44 BAT 173 123 24 0 57 23 0
15.19 44 NAVIGATION 0 2 18 -53 38 0. 3067.2
15.19 44 ATTITUDE 0 0 -72
15.19 44 CALIBRATION 0. 0.023 0.067 0
15.27 44 SERVO 9600 -9600 173
15.27 44 GPS 3 49759345 356544526 1614 76298 16 181 425963751 12 0
15.27 44 SVINFO 1 25 13 5 36 50 301
15.41 44 DESIRED 0. -0.01 0. 0. 778. 0.
15.41 44 IR_DEBUG 688 678 688 678
15.41 44 NAVIGATION 0 2 18 -52 38 0. 3031.1
15.41 44 WP_MOVED 8 497625. 3565493. 810.
15.57 44 DOWNLINK_STATUS 14 5499 348 0 375. 25.
15.59 44 GPS 3 49759365 356544558 1552 76314 21 176 425963999 12 0
15.60 44 SVINFO 2 13 13 7 38 47 328
15.60 44 ESTIMATOR 763.140015 1.76 1.76 1.76 763.140015
15.67 44 COMMANDS 173,-10,-74,-603
15.67 44 NAVIGATION 0 2 18 -52 38 0. 2999.
15.67 44 ATTITUDE 0 0 -72
15.67 44 DL_VALUE 16 12500.
15.67 44 FBW_STATUS 0 0 123
15.67 44 RAD_OF_IR 6 -178 0.002
15.77 44 GPS 3 49759403 356544573 1554 76312 10 184 425964251 12 0
15.77 44 SVINFO 3 16 13 6 32 41 48
15.77 44 IR_SENSORS -954 7 1
15.99 44 NAVIGATION 0 2 19 -52 38 0. 2988.1
15.99 44 WP_MOVED 9 497575. 3565498. 0.
15.99 44 GYRO_RATES -112 -157 -157 0.977384 -1.370083 -1.370083
16.09 44 ESTIMATOR 763.119995 1.84 1.84 1.84 763.119995
16.09 44 GPS 3 49759437 356544593 1535 76305 55 133 425964499 12 0
16.09 44 SVINFO 4 20 13 6 43 41 194
16.09 44 NAVIGATION 0 2 19 -52 38 0. 2971.6
16.09 44 ATTITUDE 0 0 -72
16.30 44 GPS 3 49759432 356544584 1538 76294 22 171 425964751 12 0
16.30 44 SVINFO 5 7 13 6 41 35 277
16.30 44 DESIRED 0. -0.01 0. 0. 778. 0.
16.30 44 NAVIGATION 0 2 19 -52 38 0. 2980.5
16.38 44 WP_MOVED 0 497617. 3565540. 810.
16.58 44 DOWNLINK_STATUS 15 5896 373 0 397. 25.
16.60 44 ESTIMATOR 762.940002 1.71 1.71 1.71 762.940002
16.60 44 GPS 3 49759436 356544588 1513 76287 27 178 425964999 12 0
16.60 44 SVINFO 6 19 4 6 33 11 146
16.60 44 COMMANDS 173,-34,-94,-608
16.60 44 NAVIGATION 0 2 19 -52 38 0. 2976.8
16.60 44 ATTITUDE 0 0 -73
16.60 44 DL_VALUE 17 16250.
16.60 44 FBW_STATUS 0 0 123
16.60 44 RAD_OF_IR 7 -71 0.002
16.80 44 ACTUATORS 1505,1499,0,1214,1469
16.80 44 IR_SENSORS -954 7 1
16.80 44 GPS 3 49759439 356544583 1533 76287 45 176 425965251 12 0
16.81 44 SVINFO 7 8 4 4 30 4 257
16.81 44 NAVIGATION 0 2 19 -52 38 0. 2982.7
16.87 44 WP_MOVED 1 497586.6875 3565500. 810.
16.91 44 GYRO_RATES -110 -155 -155 0.959931 -1.35263 -1.35263
16.96 44 ESTIMATOR 762.869995 1.76 1.76 1.76 762.869995
16.96 44 BAT 173 123 26 0 59 25 0
17.08 44 NAVIGATION 0 2 19 -52 38 0. 2982.7
17.08 44 GPS 3 49759447 356544576 1511 76287 74 200 425965499 12 0
17.08 44 ATTITUDE 0 0 -72
17.08 44 CALIBRATION 0. 0.023 0.067 0
17.08 44 SERVO 9600 -9600 172
17.32 44 DESIRED 0. -0.01 0. 0. 778. 0.
17.32 44 IR_DEBUG 687 677 687 677
17.32 44 NAVIGATION 0 2 19 -52 38 0. 2991.5
17.32 44 GPS 3 49759452 356544558 1499 76289 26 213 425965751 12 0
17.32 44 WP_MOVED 2 497622.6875 3565498.5 810.
17.32 44 PPRZ_MODE 0 1 2 0 0 1 0
17.37 44 ESTIMATOR 762.890015 2.13 2.13 2.13 762.890015
17.51 44 COMMANDS 170,-42,-83,-605
17.51 44 NAVIGATION 0 2 19 -52 38 0. 3011.8
17.51 44 ATTITUDE 0 0 -72
17.51 44 DL_VALUE 18 15000.
17.51 44 GPS 3 49759442 356544552 1519 76318 55 246 425965999 12 0
17.55 44 FBW_STATUS 0 0 123
17.56 44 RAD_OF_IR 7 57 0.002
17.57 44 DOWNLINK_STATUS 16 6450 410 0 554. 37.
17.68 44 IR_SENSORS -954 7 1
17.68 44 NAVIGATION 0 2 19 -52 38 0. 3016.8
17.78 44 GPS 3 49759439 356544557 1525 76354 30 271 425966251 12 0
17.78 44 SVINFO 11 3 13 6 35 26 123
17.78 44 WP_MOVED 3 497546.40625 3565495.5 810.
17.78 44 GYRO_RATES -110 -154 -154 0.959931 -1.343904 -1.343904
17.97 44 ESTIMATOR 763.539978 2.71 2.71 2.71 763.539978
17.97 44 NAVIGATION 0 2 19 -52 38 0. 3010.9
17.97 44 ATTITUDE 0 0 -72
17.98 44 GPS 3 49759449 356544566 1514 76415 82 331 425966499 12 0
17.98 44 SVINFO 12 32 13 6 37 25 170
18.13 44 DESIRED 0. -0.01 0. 0. 778. 0.
18.14 44 NAVIGATION 0 2 19 -52 38 0. 3002.7
18.24 44 GPS 3 49759466 356544562 1505 76431 45 360 425966751 12 0
18.24 44 SVINFO 13 6 13 6 31 23 104
18.24 44 WP_MOVED 4 497605. 3565508. 810.
18.30 44 ESTIMATOR 764.309998 3.6 3.6 3.6 764.309998
18.42 44 COMMANDS 173,-32,-72,-593
18.45 44 NAVIGATION 0 2 19 -52 38 0. 3009.7
18.45 44 ATTITUDE 0 0 -72
18.45 44 DL_VALUE 19 3000.
18.54 44 GPS 3 49759512 356544536 1495 76472 79 401 425966999 12 0
18.54 44 FBW_STATUS 0 0 123
18.54 44 RAD_OF_IR 7 -28 0.002
18.57 44 DOWNLINK_STATUS 17 6837 434 0 387. 24.
18.59 44 IR_SENSORS -954 7 1
18.61 44 NAVIGATION 0 2 20 -52 38 0. 3045.5
18.72 44 WP_MOVED 5 497625. 3565488. 810.
18.72 44 GYRO_RATES -110 -155 -155 0.959931 -1.35263 -1.35263
18.72 44 GPS 3 49759516 356544528 1489 76513 94 424 425967251 12 0
18.81 44 ESTIMATOR 765.130005 4.24 4.24 4.24 765.130005
18.81 44 BAT 174 123 28 0 61 27 0
18.94 44 NAVIGATION 0 2 20 -52 38 0. 3054.9
18.97 44 ATTITUDE 0 0 -72
18.97 44 CALIBRATION 0. 0.023 0.067 0
19.01 44 SERVO 9600 -9600 168
19.01 44 GPS 3 49759524 356544531 1487 76531 80 390 425967499 12 0
19.01 44 SVINFO 0 23 13 6 31 73 32
19.14 44 DESIRED 0. -0.01 0. 0. 778. 0.
19.14 44 IR_DEBUG 687 677 687 677
19.14 44 NAVIGATION 0 2 20 -52 38 0. 3053.
19.14 44 WP_MOVED 6 497565. 3565513. 810.
19.25 44 GPS 3 49759529 356544524 1739 76553 103 360 425967751 12 0
19.25 44 SVINFO 1 25 13 6 35 50 301
19.25 44 ESTIMATOR 765.530029 3.6 3.6 3.6 765.530029
19.38 44 COMMANDS 171,-35,-74,-601
19.39 44 NAVIGATION 0 2 20 -52 38 0. 3061.5
19.39 44 ATTITUDE 0 0 -72
19.39 44 DL_VALUE 20 25000.
19.42 44 FBW_STATUS 0 0 123
19.47 44 RAD_OF_IR 7 713 0.002
19.47 44 GPS 3 49759528 356544531 1746 76502 94 304 425967999 12 0
19.47 44 SVINFO 2 13 13 7 34 47 328
19.53 44 IR_SENSORS -956 7 1
19.53 44 NAVIGATION 0 2 20 -52 38 0. 3053.7
19.57 44 DOWNLINK_STATUS 18 7297 464 0 460. 30.
19.64 44 WP_MOVED 7 497540. 3565503. 810.
19.64 44 GYRO_RATES -110 -155 -155 0.959931 -1.35263 -1.35263
19.77 44 ESTIMATOR 765.02002 3.04 3.04 3.04 765.02002
19.77 44 GPS 3 49759521 356544538 1762 76490 99 324 425968251 12 0
19.78 44 SVINFO 3 16 12 4 25 41 48
19.86 44 NAVIGATION 0 2 20 -52 38 0. 3044.9
19.86 44 ATTITUDE 0 0 -73
20.06 44 GPS 3 49759504 356544542 2127 76474 105 310 425968499 12 0
20.06 44 SVINFO 4 20 13 6 39 41 194
20.06 44 DESIRED 0. -0.01 0. 0. 778. 0.
20.06 44 NAVIGATION 0 2 20 -52 38 0. 3037.6
20.06 44 WP_MOVED 8 497625. 3565493. 810.
20.18 44 ESTIMATOR 764.73999 3.1 3.1 3.1 764.73999
20.30 44 GPS 3 49759506 356544556 2107 76421 75 310 425968751 12 0
20.30 44 SVINFO 5 7 13 6 37 35 277
20.30 44 COMMANDS 173,-28,-69,-603
20.30 44 NAVIGATION 0 2 20 -52 38 0. 3022.7
20.30 44 ATTITUDE 0 0 -72
20.30 44 DL_VALUE 21 22500.
20.37 44 FBW_STATUS 0 0 123
20.41 44 RAD_OF_IR 6 -56 0.002
20.41 44 NAVIGATION_REF 497575 3565498 12
20.51 44 IR_SENSORS -955 7 1
20.51 44 GPS 3 49759477 356544536 2082 76369 63 286 425968999 12 0
20.51 44 SVINFO 6 19 4 6 32 11 146
20.51 44 NAVIGATION 0 2 19 -52 38 0. 3039.7
20.57 44 DOWNLINK_STATUS 19 7705 490 0 408. 26.
20.59 44 WP_MOVED 9 497575. 3565498. 0.
20.59 44 GYRO_RATES -110 -155 -155 0.959931 -1.35263 -1.35263
20.66 44 ESTIMATOR 763.690002 2.86 2.86 2.86 763.690002
20.67 44 BAT 185 123 30 0 63 29 0
20.79 44 GPS 3 49759461 356544533 2060 76351 43 273 425969251 12 0
20.79 44 SVINFO 7 8 4 6 32 4 257
20.79 44 NAVIGATION 0 2 19 -52 38 0. 3040.5
20.79 44 ATTITUDE 0 0 -72
20.79 44 CALIBRATION 0. 0.023 0.067 0
20.80 44 SERVO 9600 -9600 173
21.05 44 DESIRED 0. -0.01 0. 0. 778. 0.
21.09 44 IR_DEBUG 687 678 687 678
21.09 44 NAVIGATION 0 2 19 -52 38 0. 3040.5
21.09 44 GPS 3 49759447 356544532 2043 76323 60 237 425969499 12 0
21.09 44 WP_MOVED 0 497617. 3565540. 810.
21.10 44 ESTIMATOR 763.22998 2.37 2.37 2.37 763.22998
21.32 44 COMMANDS 163,-34,-96,-586
21.32 44 NAVIGATION 0 2 19 -52 38 0. 3039.3
21.32 44 ATTITUDE 0 0 -72
21.32 44 DL_VALUE 22 25000.
21.32 44 GPS 3 49759435 356544543 2016 76298 44 198 425969751 12 0
21.32 44 FBW_STATUS 0 0 123
21.32 44 RAD_OF_IR 7 -76 0.002
21.44 44 ACTUATORS 1506,1497,0,1214,1469
21.47 44 IR_SENSORS -955 6 1
21.47 44 NAVIGATION 0 2 19 -52 38 0. 3025.5
21.52 44 GPS 3 49759430 356544546 1974 76284 43 218 425969999 12 0
21.52 44 WP_MOVED 1 497586.6875 3565500. 810.
21.52 44 GYRO_RATES -110 -155 -155 0.959931 -1.35263 -1.35263
21.57 44 DOWNLINK_STATUS 20 8167 519 0 462. 29.
21.60 44 ESTIMATOR 762.840027 2.18 2.18 2.18 762.840027
21.71 44 NAVIGATION 0 2 19 -52 38 0. 3021.5
21.71 44 ATTITUDE 0 0 -72
21.72 44 GPS 3 49759426 356544557 1949 76265 22 180 425970251 12 0
21.73 44 SVINFO 11 3 13 6 36 26 123
21.90 44 DESIRED 0. -0.01 0. 0. 778. 0.
21.90 44 NAVIGATION 0 2 19 -52 38 0. 3008.9
22.07 44 WP_MOVED 2 497622.6875 3565498.5 810.
22.07 44 PPRZ_MODE 0 1 2 0 0 1 0
22.07 44 GPS 3 49759422 356544577 1917 76232 40 179 425970499 12 0
22.07 44 SVINFO 12 32 13 6 36 25 170
22.08 44 ESTIMATOR 762.320007 1.79 1.79 1.79 762.320007
22.16 44 COMMANDS 173,-34,-69,-603
22.16 44 NAVIGATION 0 2 19 -52 38 0. 2986.6
22.16 44 ATTITUDE 0 0 -72
22.16 44 DL_VALUE 23 0.
22.29 44 GPS 3 49759420 356544591 1916 76217 30 164 425970751 12 0
22.29 44 SVINFO 13 6 13 6 35 23 104
22.29 44 FBW_STATUS 0 0 123
22.29 44 RAD_OF_IR 7 -2 0.002
22.36 44 IR_SENSORS -954 7 1
22.37 44 NAVIGATION 0 2 19 -52 38 0. 2971.2
22.48 44 WP_MOVED 3 497546.40625 3565495.5 810.
22.48 44 GYRO_RATES -109 -155 -155 0.951204 -1.35263 -1.35263
22.48 44 GPS 3 49759408 356544603 1895 76181 27 156 425970999 12 0
22.56 44 ESTIMATOR 761.809998 1.56 1.56 1.56 761.809998
22.56 44 BAT 173 123 32 0 65 31 0
22.57 44 DOWNLINK_STATUS 21 8599 546 0 432. 27.
22.69 44 NAVIGATION 0 2 19 -51 38 0. 2956.4
22.69 44 ATTITUDE 0 0 -72
22.69 44 CALIBRATION 0. 0.023 0.067 0
22.76 44 SERVO 9600 -9600 173
22.76 44 GPS 3 49759401 356544604 1860 76154 27 154 425971251 12 0
22.91 44 DESIRED 0. -0.01 0. 0. 778. 0.
22.92 44 IR_DEBUG 688 678 688 678
22.92 44 NAVIGATION 0 2 19 -51 38 0. 2954.3
22.92 44 WP_MOVED 4 497605. 3565508. 810.
23.09 44 GPS 3 49759395 356544618 1853 76143 6 137 425971499 12 0
23.10 44 SVINFO 0 23 13 6 40 73 32
23.10 44 ESTIMATOR 761.429993 1.37 1.37 1.37 761.429993
23.17 44 COMMANDS 173,-34,-94,-606
23.17 44 NAVIGATION 0 2 18 -51 38 0. 2938.4
23.17 44 ATTITUDE 0 0 -72
23.17 44 DL_VALUE 24 10150.
23.17 44 FBW_STATUS 0 0 123
23.17 44 RAD_OF_IR 7 -20 0.002
23.27 44 GPS 3 49759380 356544634 1820 76116 18 163 425971751 12 0
23.27 44 SVINFO 1 25 13 6 38 50 301
23.27 44 IR_SENSORS -954 7 1
23.49 44 NAVIGATION 0 2 18 -51 38 0. 2919.1
23.49 44 WP_MOVED 5 497625. 3565488. 810.
23.49 44 GYRO_RATES -110 -155 -155 0.959931 -1.35263 -1.35263
23.57 44 DOWNLINK_STATUS 22 8960 570 0 361. 24.
23.59 44 ESTIMATOR 761.159973 1.63 1.63 1.63 761.159973
23.59 44 GPS 3 49759372 356544647 1764 76090 15 141 425971999 12 0
23.59 44 SVINFO 2 13 13 7 38 47 328
23.59 44 NAVIGATION 0 2 18 -51 38 0. 2904.
23.59 44 ATTITUDE 0 0 -72
23.79 44 GPS 3 49759359 356544641 1759 76062 31 148 425972251 12 0
23.79 44 SVINFO 3 16 13 6 37 41 48
23.79 44 DESIRED 0. -0.01 0. 0. 778. 0.
23.79 44 NAVIGATION 0 2 18 -51 38 0. 2908.7
23.89 44 WP_MOVED 6 497565. 3565513. 810.
24.09 44 ESTIMATOR 760.619995 1.48 1.48 1.48 760.619995
24.10 44 GPS 3 49759340 356544644 1739 76037 35 136 425972499 12 0
24.10 44 SVINFO 4 20 13 7 41 41 194
24.10 44 COMMANDS 181,-34,-111,-638
24.10 44 NAVIGATION 0 2 18 -51 38 0. 2902.9
24.10 44 ATTITUDE 0 0 -72
24.10 44 DL_VALUE 25 12300.
24.10 44 FBW_STATUS 0 0 123
24.10 44 RAD_OF_IR 7 -57 0.002
24.30 44 IR_SENSORS -954 7 1
24.30 44 GPS 3 49759329 356544645 1713 76014 28 145 425972751 12 0
24.30 44 SVINFO 5 7 13 6 39 35 277
24.30 44 NAVIGATION 0 2 18 -51 38 0. 2900.3
24.38 44 WP_MOVED 7 497540. 3565503. 810.
24.41 44 GYRO_RATES -110 -154 -155 0.959931 -1.343904 -1.35263
24.46 44 ESTIMATOR 760.140015 1.45 1.45 1.45 760.140015
24.46 44 BAT 173 123 34 0 67 33 1
24.57 44 DOWNLINK_STATUS 23 9393 597 0 433. 27.
24.59 44 GPS 3 49759308 356544651 1687 75991 32 163 425972999 12 0
24.59 44 SVINFO 6 19 4 7 33 11 146
24.59 44 NAVIGATION 0 2 18 -51 38 0. 2891.2
24.59 44 ATTITUDE 0 0 -72
24.59 44 CALIBRATION 0. 0.023 0.067 0
24.59 44 SERVO 9600 -9600 155
24.82 44 DESIRED 0. -0.01 0. 0. 778. 0.
24.82 44 IR_DEBUG 687 677 687 677
24.82 44 NAVIGATION 0 2 18 -51 38 0. 2891.2
24.82 44 GPS 3 49759289 356544651 1674 75968 33 160 425973251 12 0
24.82 44 SVINFO 7 8 4 4 32 4 257
24.82 44 WP_MOVED 8 497625. 3565493. 810.
24.87 44 ESTIMATOR 759.679993 1.6 1.6 1.6 759.679993
25.01 44 COMMANDS 173,-38,-75,-605
25.01 44 NAVIGATION 0 2 17 -51 38 0. 2888.8
25.01 44 ATTITUDE 0 0 -73
25.01 44 DL_VALUE 26 17000.
25.01 44 GPS 3 49759284 356544646 1645 75973 45 170 425973499 12 0
25.05 44 FBW_STATUS 0 0 123
25.06 44 RAD_OF_IR 7 -83 0.002
25.18 44 IR_SENSORS -954 7 1
25.18 44 NAVIGATION 0 2 17 -51 38 0. 2893.5
25.20 44 GPS 3 49759267 356544648 1646 75988 35 165 425973751 12 0
25.27 44 WP_MOVED 9 497575. 3565498. 0.
25.27 44 GYRO_RATES -110 -154 -154 0.959931 -1.343904 -1.343904
25.36 44 ESTIMATOR 759.880005 1.65 1.65 1.65 759.880005
25.46 44 NAVIGATION 0 2 17 -51 38 0. 2889.3
25.46 44 ATTITUDE 0 0 -73
25.47 44 GPS 3 49759251 356544648 1650 75993 52 210 425973999 12 0
25.57 44 DOWNLINK_STATUS 24 9856 626 0 463. 29.
25.62 44 DESIRED 0. -0.01 0. 0. 778. 0.
25.63 44 NAVIGATION 0 2 17 -51 38 0. 2887.5
25.74 44 WP_MOVED 0 497617. 3565540. 810.
25.74 44 GPS 3 49759251 356544638 1666 76006 50 199 425974251 12 0
25.74 44 SVINFO 11 3 13 7 36 26 123
25.80 44 ESTIMATOR 760.059998 1.99 1.99 1.99 760.059998
25.92 44 COMMANDS 170,-35,-72,-600
25.95 44 NAVIGATION 0 2 17 -51 38 0. 2898.1
25.95 44 ATTITUDE 0 0 -72
25.95 44 DL_VALUE 27 5000.
26.04 44 GPS 3 49759242 356544631 1662 76016 47 266 425974499 12 0
26.04 44 SVINFO 12 32 13 6 35 25 170
26.04 44 FBW_STATUS 0 0 123
26.04 44 RAD_OF_IR 7 -11 0.002
26.10 44 ACTUATORS 1502,1500,0,1217,1469
26.10 44 IR_SENSORS -954 7 1
26.11 44 NAVIGATION 0 2 17 -51 38 0. 2904.6
26.25 44 WP_MOVED 1 497586.6875 3565500. 810.
26.25 44 GYRO_RATES -115 -161 -161 1.003564 -1.40499 -1.40499
26.25 44 GPS 3 49759235 356544629 1694 76010 68 268 425974751 12 0
26.25 44 SVINFO 13 6 12 4 25 24 104
26.31 44 ESTIMATOR 760.099976 2.68 2.68 2.68 760.099976
26.31 44 BAT 173 123 36 0 69 35 1
26.43 44 NAVIGATION 0 2 17 -51 38 0. 2906.
26.47 44 ATTITUDE 0 0 -72
26.47 44 CALIBRATION 0. 0.023 0.067 0
26.51 44 GPS 3 49759234 356544633 1697 75987 38 253 425974999 12 0
26.51 44 SERVO 9600 -9600 176
26.57 44 DOWNLINK_STATUS 25 10293 654 0 437. 28.
26.66 44 DESIRED 0. -0.01 0. 0. 778. 0.
26.66 44 IR_DEBUG 687 677 687 677
26.66 44 NAVIGATION 0 2 17 -51 38 0. 2901.6
26.66 44 WP_MOVED 2 497622.6875 3565498.5 810.
26.66 44 PPRZ_MODE 0 1 2 0 0 1 0
26.73 44 GPS 3 49759237 356544635 1681 75967 52 232 425975251 12 0
26.73 44 ESTIMATOR 759.669983 2.32 2.32 2.32 759.669983
26.87 44 COMMANDS 175,-54,-88,-605
26.87 44 NAVIGATION 0 2 17 -51 38 0. 2899.8
26.87 44 ATTITUDE 0 0 -72
26.87 44 DL_VALUE 28 0.228
26.92 44 FBW_STATUS 0 0 123
26.97 44 RAD_OF_IR 7 -45 0.002
26.97 44 GPS 3 49759236 356544635 1663 75940 47 239 425975499 12 0
26.98 44 SVINFO 0 23 12 4 30 73 32
27.03 44 IR_SENSORS -954 7 1
27.03 44 NAVIGATION 0 2 17 -51 38 0. 2899.6
27.13 44 WP_MOVED 3 497546.40625 3565495.5 810.
27.13 44 GYRO_RATES -110 -155 -155 0.959931 -1.35263 -1.35263
27.27 44 GPS 3 49759233 356544640 1604 75877 36 214 425975751 12 0
27.27 44 SVINFO 1 25 13 6 36 50 301
27.27 44 ESTIMATOR 758.77002 2.14 2.14 2.14 758.77002
27.36 44 NAVIGATION 0 2 17 -51 38 0. 2893.9
27.36 44 ATTITUDE 0 0 -72
27.56 44 GPS 3 49759230 356544651 1605 75835 26 183 425975999 12 0
27.56 44 SVINFO 2 13 13 7 35 47 328
27.56 44 DESIRED 0. -0.01 0. 0. 778. 0.
27.56 44 NAVIGATION 0 2 17 -51 38 0. 2881.9
27.56 44 WP_MOVED 4 497605. 3565508. 810.
27.57 44 DOWNLINK_STATUS 26 10758 683 0 465. 29.
27.68 44 ESTIMATOR 758.349976 1.83 1.83 1.83 758.349976
27.76 44 GPS 3 49759241 356544657 1566 75780 42 177 425976251 12 0
27.78 44 COMMANDS 173,-37,-72,-605
27.78 44 NAVIGATION 0 2 17 -51 38 0. 2876.7
27.78 44 ATTITUDE 0 0 -73
27.78 44 DL_VALUE 29 0.42
27.86 44 FBW_STATUS 0 0 123
27.86 44 RAD_OF_IR 7 -110 0.002
28.01 44 IR_SENSORS -956 7 1
28.01 44 GPS 3 49759279 356544663 1566 75818 18 154 425976499 12 0
28.01 44 SVINFO 4 20 13 7 38 41 194
28.01 44 NAVIGATION 0 2 17 -51 38 0. 2874.8
28.09 44 WP_MOVED 5 497625. 3565488. 810.
28.09 44 GYRO_RATES -110 -155 -154 0.959931 -1.35263 -1.343904
28.17 44 ESTIMATOR 758.179993 1.54 1.54 1.54 758.179993
28.17 44 BAT 173 123 38 0 71 37 1
28.29 44 GPS 3 49759302 356544644 1602 75858 39 138 425976751 12 0
28.29 44 SVINFO 5 7 13 7 37 35 277
28.29 44 NAVIGATION 0 2 18 -51 38 0. 2897.9
28.29 44 ATTITUDE 0 0 -72
28.29 44 CALIBRATION 0. 0.023 0.067 0
28.29 44 SERVO 9600 -9600 169
28.57 44 DESIRED 0. -0.01 0. 0. 778. 0.
28.57 44 IR_DEBUG 687 677 687 677
28.57 44 GPS 3 49759300 356544634 1619 75867 39 121 425976999 12 0
28.57 44 SVINFO 6 19 4 7 33 11 145
28.57 44 NAVIGATION 0 2 18 -51 38 0. 2908.4
28.57 44 WP_MOVED 6 497565. 3565513. 810.
28.57 44 DOWNLINK_STATUS 27 11192 711 0 434. 28.
28.61 44 ESTIMATOR 758.669983 1.21 1.21 1.21 758.669983
28.86 44 COMMANDS 173,-37,-72,-603
28.86 44 NAVIGATION 0 2 18 -51 38 0. 2908.4
28.86 44 ATTITUDE 0 0 -72
28.86 44 DL_VALUE 30 0.
28.86 44 GPS 3 49759307 356544622 1646 75870 41 103 425977251 12 0
28.86 44 SVINFO 7 8 4 6 35 4 257
28.87 44 FBW_STATUS 0 0 123
28.87 44 RAD_OF_IR 7 76 0.002
28.87 44 NAVIGATION_REF 497575 3565498 12
28.93 44 IR_SENSORS -962 3 1
28.93 44 NAVIGATION 0 2 18 -51 38 0. 2922.1
29.03 44 GPS 3 49759328 356544624 1654 75864 35 66 425977499 12 0
29.03 44 WP_MOVED 7 497540. 3565503. 810.
29.03 44 GYRO_RATES -110 -156 -155 0.959931 -1.361357 -1.35263
29.11 44 ESTIMATOR 758.640015 0.66 0.66 0.66 758.640015
29.21 44 NAVIGATION 0 2 18 -51 38 0. 2922.7
29.21 44 ATTITUDE 0 0 -72
29.22 44 GPS 3 49759349 356544617 1662 75876 44 96 425977751 12 0
29.39 44 DESIRED 0. -0.01 0. 0. 778. 0.
29.41 44 NAVIGATION 0 2 18 -51 38 0. 2933.
29.47 44 GPS 3 49759373 356544615 1679 75876 16 59 425977999 12 0
29.47 44 WP_MOVED 8 497625. 3565493. 810.
29.55 44 ESTIMATOR 758.76001 0.59 0.59 0.59 758.76001
29.57 44 DOWNLINK_STATUS 28 11592 735 0 400. 24.
29.66 44 COMMANDS 173,17,-72,-603
29.66 44 NAVIGATION 0 2 18 -51 38 0. 2938.5
29.66 44 ATTITUDE 0 0 -73
29.66 44 DL_VALUE 31 0.023
29.79 44 GPS 3 49759416 356544645 1641 75834 27 78 425978251 12 0
29.79 44 SVINFO 11 3 13 7 36 26 123
29.79 44 FBW_STATUS 0 0 123
29.79 44 RAD_OF_IR 7 -107 0.002
29.86 44 IR_SENSORS -956 7 1
29.86 44 NAVIGATION 0 2 19 -51 38 0. 2912.6
29.99 44 WP_MOVED 9 497575. 3565498. 0.
29.99 44 GYRO_RATES -109 -155 -155 0.951204 -1.35263 -1.35263
29.99 44 GPS 3 49759441 356544656 1634 75809 24 80 425978499 12 0
29.99 44 SVINFO 12 32 13 6 36 24 170
30.06 44 ESTIMATOR 758.090027 0.8 0.8 0.8 758.090027
30.06 44 BAT 173 123 40 0 73 39 1
30.19 44 NAVIGATION 0 2 19 -51 38 0. 2904.6
30.19 44 ATTITUDE 0 0 -73
30.19 44 CALIBRATION 0. 0.023 0.067 0
30.26 44 SERVO 9600 -9600 173
30.26 44 GPS 3 49759452 356544659 1606 75773 31 112 425978751 12 0
30.26 44 SVINFO 13 6 13 6 32 24 104
30.42 44 DESIRED 0. -0.01 0. 0. 778. 0.
30.42 44 IR_DEBUG 688 677 688 677
30.42 44 NAVIGATION 0 2 19 -51 38 0. 2903.1
30.42 44 WP_MOVED 0 497617. 3565540. 810.
30.49 44 GPS 3 49759484 356544707 1597 75781 31 114 425978999 12 0
30.49 44 ESTIMATOR 757.809998 1.14 1.14 1.14 757.809998
30.57 44 DOWNLINK_STATUS 29 12026 763 0 434. 28.
30.61 44 COMMANDS 173,-35,-74,-605
30.61 44 NAVIGATION 0 2 19 -50 38 0. 2857.3
30.61 44 ATTITUDE 0 0 -73
30.61 44 DL_VALUE 32 0.001
30.67 44 FBW_STATUS 0 0 123
30.71 44 RAD_OF_IR 7 -25 0.002
30.71 44 GPS 3 49759474 356544727 1593 75762 37 104 425979251 12 0
30.79 44 ACTUATORS 1507,1497,0,1214,1469
30.79 44 IR_SENSORS -954 7 1
30.79 44 NAVIGATION 0 2 19 -50 38 0. 2834.6
30.91 44 WP_MOVED 1 497586.6875 3565500. 810.
30.91 44 GYRO_RATES -110 -155 -155 0.959931 -1.35263 -1.35263
31.02 44 ESTIMATOR 757.619995 1.04 1.04 1.04 757.619995
31.02 44 GPS 3 49759460 356544725 1587 75765 15 86 425979499 12 0
31.02 44 SVINFO 0 23 13 6 34 73 32
31.08 44 NAVIGATION 0 2 19 -50 38 0. 2834.4
31.09 44 ATTITUDE 0 0 -72
31.31 44 GPS 3 49759437 356544721 1591 75760 7 77 425979751 12 0
31.31 44 SVINFO 1 25 13 7 36 50 301
31.31 44 DESIRED 0. -0.01 0. 0. 778. 0.
31.31 44 NAVIGATION 0 2 19 -50 38 0. 2835.1
31.32 44 WP_MOVED 2 497622.6875 3565498.5 810.
31.32 44 PPRZ_MODE 0 1 2 0 0 1 0
31.43 44 ESTIMATOR 757.599976 0.77 0.77 0.77 757.599976
31.55 44 GPS 3 49759421 356544720 1601 75772 22 115 425979999 12 0
31.55 44 SVINFO 2 13 13 7 35 47 328
31.55 44 COMMANDS 173,-35,-74,-603
31.55 44 NAVIGATION 0 2 19 -50 38 0. 2833.7
31.55 44 ATTITUDE 0 0 -72
31.55 44 DL_VALUE 33 0.01
31.57 44 DOWNLINK_STATUS 30 12479 793 0 453. 30.
31.61 44 FBW_STATUS 0 0 123
31.61 44 RAD_OF_IR 7 28 0.002
31.76 44 IR_SENSORS -954 7 1
31.76 44 GPS 3 49759415 356544716 1600 75797 24 144 425980251 12 0
31.76 44 SVINFO 3 16 13 6 33 41 47
31.76 44 NAVIGATION 0 2 19 -50 38 0. 2837.
31.85 44 WP_MOVED 3 497546.40625 3565495.5 810.
31.85 44 GYRO_RATES -110 -155 -155 0.959931 -1.35263 -1.35263
31.92 44 ESTIMATOR 757.969971 1.44 1.44 1.44 757.969971
31.92 44 BAT 172 123 42 0 75 41 1
32.05 44 GPS 3 49759427 356544736 1613 75810 34 170 425980499 12 0
32.05 44 SVINFO 4 20 13 7 40 41 194
32.05 44 NAVIGATION 0 2 19 -50 38 0. 2817.8
32.05 44 ATTITUDE 0 0 -72
32.05 44 CALIBRATION 0. 0.023 0.067 0
32.05 44 SERVO 9600 -9600 173
32.32 44 DESIRED 0. -0.01 0. 0. 778. 0.
32.32 44 IR_DEBUG 688 677 688 677
32.32 44 NAVIGATION 0 2 19 -50 38 0. 2817.8
32.32 44 GPS 3 49759439 356544754 1623 75839 49 209 425980751 12 0
32.32 44 SVINFO 5 7 13 7 37 35 277
32.33 44 WP_MOVED 4 497605. 3565508. 810.
32.36 44 ESTIMATOR 758.390015 2.09 2.09 2.09 758.390015
32.57 44 DOWNLINK_STATUS 31 12842 816 0 363. 23.
32.59 44 COMMANDS 173,-49,-94,-606
32.59 44 NAVIGATION 0 2 19 -50 38 0. 2800.7
32.59 44 ATTITUDE 0 0 -72
32.59 44 DL_VALUE 34 1.
32.59 44 GPS 3 49759441 356544756 1641 75873 51 254 425980999 12 0
32.59 44 SVINFO 6 19 4 7 36 11 145
32.59 44 FBW_STATUS 0 0 123
32.59 44 RAD_OF_IR 7 51 0.002
32.68 44 IR_SENSORS -954 7 1
32.69 44 NAVIGATION 0 2 19 -50 38 0. 2798.9
32.78 44 GPS 3 49759438 356544747 1649 75904 58 287 425981251 12 0
32.78 44 SVINFO 7 8 4 6 31 4 257
32.78 44 WP_MOVED 5 497625. 3565488. 810.
32.78 44 GYRO_RATES -110 -154 -155 0.959931 -1.343904 -1.35263
32.86 44 ESTIMATOR 759.039978 2.87 2.87 2.87 759.039978
32.96 44 NAVIGATION 0 2 19 -50 38 0. 2807.9
32.96 44 ATTITUDE 0 0 -72
32.97 44 GPS 3 49759439 356544726 1646 75954 63 321 425981499 12 0
33.12 44 DESIRED 0. -0.01 0. 0. 778. 0.
33.13 44 NAVIGATION 0 2 19 -50 38 0. 2830.1
33.22 44 WP_MOVED 6 497565. 3565513. 810.
33.22 44 GPS 3 49759432 356544718 1661 75998 46 349 425981751 12 0
33.30 44 ESTIMATOR 759.97998 3.49 3.49 3.49 759.97998
33.41 44 COMMANDS 173,-34,-94,-606
33.45 44 NAVIGATION 0 2 19 -50 38 0. 2837.5
33.45 44 ATTITUDE 0 0 -72
33.45 44 DL_VALUE 35 0.
33.53 44 GPS 3 49759420 356544707 1682 76058 79 367 425981999 12 0
33.53 44 FBW_STATUS 0 0 123
33.54 44 RAD_OF_IR 7 60 0.002
33.57 44 DOWNLINK_STATUS 32 13305 846 0 463. 30.
33.60 44 IR_SENSORS -954 7 1
33.61 44 NAVIGATION 0 2 19 -50 38 0. 2847.3
33.85 44 WP_MOVED 7 497540. 3565503. 810.
33.87 44 GYRO_RATES -110 -155 -155 0.959931 -1.35263 -1.35263
33.87 44 GPS 3 49759403 356544697 1678 76095 94 362 425982251 12 0
33.87 44 SVINFO 11 3 13 7 36 26 123
33.87 44 ESTIMATOR 760.950012 3.62 3.62 3.62 760.950012
33.87 44 BAT 173 123 44 0 77 43 1
33.93 44 NAVIGATION 0 2 19 -51 38 0. 2855.3
33.93 44 ATTITUDE 0 0 -72
33.93 44 CALIBRATION 0. 0.023 0.067 0
34.01 44 SERVO 9600 -9600 173
34.01 44 GPS 3 49759403 356544685 1624 76141 100 388 425982499 12 0
34.01 44 SVINFO 12 32 13 7 36 24 170
34.14 44 DESIRED 0. -0.01 0. 0. 778. 0.
34.14 44 IR_DEBUG 687 678 687 678
34.14 44 NAVIGATION 0 2 19 -51 38 0. 2868.
34.14 44 WP_MOVED 8 497625. 3565493. 810.
34.35 44 GPS 3 49759411 356544676 1666 76186 105 404 425982751 12 0
34.35 44 SVINFO 13 6 12 4 30 24 104
34.35 44 ESTIMATOR 761.859985 4.04 4.04 4.04 761.859985
34.41 44 COMMANDS 173,10,-50,-605
34.42 44 NAVIGATION 0 2 19 -51 38 0. 2878.8
34.42 44 ATTITUDE 0 0 -72
34.42 44 DL_VALUE 36 0.
34.42 44 FBW_STATUS 0 0 123
34.42 44 RAD_OF_IR 7 118 0.002
34.50 44 GPS 3 49759429 356544682 1672 76232 96 363 425982999 12 0
34.53 44 IR_SENSORS -954 7 1
34.53 44 NAVIGATION 0 2 19 -51 38 0. 2875.1
34.58 44 DOWNLINK_STATUS 33 13765 876 0 460. 30.
34.62 44 WP_MOVED 9 497575. 3565498. 0.
34.62 44 GYRO_RATES -110 -155 -155 0.959931 -1.35263 -1.35263
34.75 44 ESTIMATOR 762.320007 3.63 3.63 3.63 762.320007
34.75 44 GPS 3 49759445 356544671 1729 76284 122 379 425983251 12 0
34.82 44 NAVIGATION 0 2 19 -51 38 0. 2889.2
34.82 44 ATTITUDE 0 0 -72
35.08 44 GPS 3 49759461 356544657 1730 76337 91 357 425983499 12 0
35.10 44 SVINFO 0 23 13 6 38 73 32
35.10 44 DESIRED 0. -0.01 0. 0. 778. 0.
35.10 44 NAVIGATION 0 2 19 -51 38 0. 2906.7
35.10 44 WP_MOVED 0 497617. 3565540. 810.
35.18 44 ESTIMATOR 763.369995 3.57 3.57 3.57 763.369995
35.30 44 GPS 3 49759468 356544648 1827 76375 116 379 425983751 12 0
35.30 44 SVINFO 1 25 13 7 35 50 301
35.30 44 COMMANDS 173,10,455,-605
35.30 44 NAVIGATION 0 2 19 -51 38 0. 2917.4
35.30 44 ATTITUDE 0 0 -73
35.30 44 DL_VALUE 37 0.1
35.36 44 FBW_STATUS 0 0 123
35.40 44 RAD_OF_IR 7 274 0.002
35.51 44 ACTUATORS 1478,1521,0,1214,1469
35.51 44 IR_SENSORS -954 7 1
35.51 44 GPS 3 49759464 356544635 1789 76418 135 372 425983999 12 0
35.51 44 SVINFO 2 13 13 6 34 47 328
35.52 44 NAVIGATION 0 2 19 -51 38 0. 2930.6
35.57 44 DOWNLINK_STATUS 34 14165 901 0 400. 25.
35.59 44 WP_MOVED 1 497586.6875 3565500. 810.
35.59 44 GYRO_RATES -110 -155 -155 0.959931 -1.35263 -1.35263
35.67 44 ESTIMATOR 764.179993 3.72 3.72 3.72 764.179993
35.67 44 BAT 173 123 46 0 79 45 1
35.79 44 GPS 3 49759460 356544620 1693 76456 138 373 425984251 12 0
35.79 44 SVINFO 3 16 12 4 27 41 47
35.79 44 NAVIGATION 0 2 19 -51 38 0. 2946.1
35.79 44 ATTITUDE 0 0 -73
35.79 44 CALIBRATION 0. 0.023 0.067 0
35.79 44 SERVO 9600 -9600 173
36.18 44 DESIRED 0. -0.01 0. 0. 778. 0.
36.18 44 IR_DEBUG 688 678 688 678
36.19 44 NAVIGATION 0 2 19 -51 38 0. 2946.1
36.19 44 GPS 3 49759460 356544605 1834 76482 101 356 425984499 12 0
36.19 44 SVINFO 4 20 13 7 38 41 194
36.19 44 WP_MOVED 2 497622.6875 3565498.5 810.
36.38 44 ESTIMATOR 764.820007 3.56 3.56 3.56 764.820007
36.38 44 COMMANDS 173,4,61,-605
36.38 44 NAVIGATION 0 2 19 -51 38 0. 2962.2
36.38 44 ATTITUDE 0 0 -72
36.38 44 DL_VALUE 38 0.
36.38 44 GPS 3 49759455 356544588 1703 76506 114 350 425984751 12 0
36.38 44 SVINFO 5 7 13 7 36 35 278
36.38 44 FBW_STATUS 0 0 123
36.38 44 RAD_OF_IR 7 -370 0.002
36.53 44 IR_SENSORS -955 6 1
36.57 44 DOWNLINK_STATUS 35 14554 927 0 389. 26.
36.66 44 NAVIGATION 0 2 19 -52 38 0. 2979.8
36.66 44 GPS 3 49759450 356544580 1710 76521 80 325 425984999 12 0
36.66 44 SVINFO 6 19 13 7 34 11 145
36.66 44 WP_MOVED 3 497546.40625 3565495.5 810.
36.66 44 GYRO_RATES -110 -155 -155 0.959931 -1.35263 -1.35263
36.66 44 ESTIMATOR 765.210022 3.25 3.25 3.25 765.210022
36.67 44 NAVIGATION 0 2 19 -52 38 0. 2987.7
36.67 44 ATTITUDE 0 0 -72
36.72 44 GPS 3 49759449 356544563 1710 76540 74 310 425985251 12 0
36.72 44 SVINFO 7 8 4 6 38 4 258
36.98 44 DESIRED 0. -0.01 0. 0. 778. 0.
37.07 44 NAVIGATION 0 2 19 -52 38 0. 3005.9
37.07 44 WP_MOVED 4 497605. 3565508. 810.
37.07 44 GPS 3 49759457 356544551 1835 76547 104 286 425985499 12 0
37.07 44 ESTIMATOR 765.469971 2.86 2.86 2.86 765.469971
37.16 44 COMMANDS 166,10,-26,-591
37.16 44 NAVIGATION 0 2 19 -52 38 0. 3020.2
37.16 44 ATTITUDE 0 0 -72
37.16 44 DL_VALUE 39 0.067
37.40 44 GPS 3 49759466 356544545 1830 76546 98 294 425985751 12 0
37.40 44 FBW_STATUS 0 0 123
37.40 44 RAD_OF_IR 7 -14 0.002
37.40 44 NAVIGATION_REF 497575 3565498 12
37.49 44 IR_SENSORS -956 6 1
37.49 44 NAVIGATION 0 2 19 -52 38 0. 3028.2
37.49 44 WP_MOVED 5 497625. 3565488. 810.
37.49 44 GYRO_RATES -109 -155 -154 0.951204 -1.35263 -1.343904
37.49 44 GPS 3 49759459 356544541 1824 76548 90 267 425985999 12 0
37.56 44 ESTIMATOR 765.47998 2.67 2.67 2.67 765.47998
37.56 44 BAT 172 123 48 0 81 47 1
37.57 44 DOWNLINK_STATUS 36 15058 957 0 504. 30.
37.79 44 NAVIGATION 0 2 19 -52 38 0. 3031.4
37.79 44 ATTITUDE 0 0 -72
37.79 44 CALIBRATION 0. 0.023 0.067 0
37.93 44 SERVO 9600 -9600 184
37.93 44 GPS 3 49759486 356544546 1812 76539 68 245 425986251 12 0
37.93 44 SVINFO 11 3 13 7 37 26 123
37.93 44 DESIRED 0. -0.01 0. 0. 778. 0.
37.93 44 IR_DEBUG 688 678 688 678
37.93 44 NAVIGATION 0 2 19 -52 38 0. 3030.3
37.95 44 WP_MOVED 6 497565. 3565513. 810.
38.19 44 GPS 3 49759512 356544541 1809 76558 83 231 425986499 12 0
38.19 44 SVINFO 12 32 13 7 35 24 170
38.19 44 ESTIMATOR 765.580017 2.31 2.31 2.31 765.580017
38.30 44 COMMANDS 173,12,-25,-605
38.30 44 NAVIGATION 0 2 20 -52 38 0. 3040.1
38.30 44 ATTITUDE 0 0 -72
38.30 44 DL_VALUE 40 1.
38.30 44 FBW_STATUS 0 0 123
38.30 44 RAD_OF_IR 7 -8 0.002
38.30 44 GPS 3 49759532 356544531 1810 76585 47 241 425986751 12 0
38.30 44 SVINFO 13 6 12 4 30 24 104
38.30 44 IR_SENSORS -954 7 1
38.30 44 NAVIGATION 0 2 20 -52 38 0. 3054.4
38.37 44 WP_MOVED 7 497540. 3565503. 810.
38.37 44 GYRO_RATES -110 -155 -155 0.959931 -1.35263 -1.35263
38.58 44 DOWNLINK_STATUS 37 15429 982 0 371. 25.
38.61 44 ESTIMATOR 765.849976 2.41 2.41 2.41 765.849976
38.61 44 GPS 3 49759536 356544582 1809 76599 75 196 425986999 12 0
38.61 44 NAVIGATION 0 2 20 -52 38 0. 2999.6
38.61 44 ATTITUDE 0 0 -72
38.79 44 GPS 3 49759539 356544628 1834 76586 39 159 425987251 12 0
38.79 44 DESIRED 0. -0.01 0. 0. 778. 0.
38.79 44 NAVIGATION 0 2 20 -51 38 0. 2950.6
38.80 44 WP_MOVED 8 497625. 3565493. 810.
39.03 44 ESTIMATOR 765.859985 1.59 1.59 1.59 765.859985
39.14 44 GPS 3 49759540 356544656 1830 76576 42 90 425987499 12 0
39.14 44 SVINFO 0 23 13 6 33 73 32
39.14 44 COMMANDS 173,20,-17,-605
39.14 44 NAVIGATION 0 2 20 -51 38 0. 2920.8
39.14 44 ATTITUDE 0 0 -72
39.14 44 DL_VALUE 41 0.
39.14 44 FBW_STATUS 0 0 123
39.14 44 RAD_OF_IR 7 -11 0.002
39.26 44 IR_SENSORS -954 7 1
39.26 44 GPS 3 49759529 356544678 1887 76537 41 14 425987751 12 0
39.26 44 SVINFO 1 25 13 7 34 50 301
39.26 44 NAVIGATION 0 2 20 -51 38 0. 2895.5
39.44 44 WP_MOVED 9 497575. 3565498. 0.
39.44 44 GYRO_RATES -109 -154 -155 0.951204 -1.343904 -1.35263
39.55 44 ESTIMATOR 765.369995 0.14 0.14 0.14 765.369995
39.55 44 BAT 173 123 50 0 83 49 1
39.55 44 GPS 3 49759525 356544678 1908 76511 6 -36 425987999 12 0
39.56 44 SVINFO 2 13 13 6 34 48 328
39.56 44 NAVIGATION 0 2 20 -51 38 0. 2894.8
39.56 44 ATTITUDE 0 0 -72
39.56 44 CALIBRATION 0. 0.023 0.067 0
39.56 44 SERVO 9600 -9600 173
39.58 44 DOWNLINK_STATUS 38 15928 1013 0 499. 31.
39.91 44 DESIRED 0. -0.01 0. 0. 778. 0.
39.91 44 IR_DEBUG 687 678 687 678
39.91 44 NAVIGATION 0 2 20 -51 38 0. 2894.8
39.91 44 GPS 3 49759518 356544682 1996 76484 46 -100 425988251 12 0
39.91 44 WP_MOVED 0 497617. 3565540. 810.
39.95 44 ESTIMATOR 764.840027 -1. -1. -1. 764.840027
40.08 44 COMMANDS 189,12,-12,-626
40.08 44 NAVIGATION 0 2 20 -51 38 0. 2889.4
40.09 44 ATTITUDE 0 0 -72
40.09 44 DL_VALUE 0 778.
40.09 44 GPS 3 49759505 356544691 2063 76441 34 -143 425988499 12 0
40.09 44 SVINFO 4 20 13 7 38 41 194
40.09 44 FBW_STATUS 0 0 123
40.09 44 RAD_OF_IR 7 192 0.002
40.29 44 ACTUATORS 1501,1499,0,1214,1469
40.29 44 IR_SENSORS -954 7 1
40.29 44 NAVIGATION 0 2 20 -51 38 0. 2877.7
40.39 44 GPS 3 49759501 356544702 2151 76400 33 -152 425988751 12 0
40.39 44 SVINFO 5 7 13 7 34 35 278
40.39 44 WP_MOVED 1 497586.6875 3565500. 810.
40.39 44 GYRO_RATES -109 -153 -154 0.951204 -1.335177 -1.343904
40.39 44 ESTIMATOR 764. -1.52 -1.52 -1.52 764.
40.46 44 NAVIGATION 0 2 20 -50 38 0. 2865.4
40.46 44 ATTITUDE 0 0 -72
40.47 44 GPS 3 49759493 356544714 2247 76361 61 -160 425988999 12 0
40.47 44 SVINFO 6 19 13 7 31 11 145
40.58 44 DOWNLINK_STATUS 39 16338 1039 0 410. 26.
40.73 44 DESIRED 0. -0.01 0. 0. 778. 0.
40.83 44 NAVIGATION 0 2 19 -50 38 0. 2851.4
40.83 44 WP_MOVED 2 497622.6875 3565498.5 810.
40.83 44 PPRZ_MODE 0 1 2 0 0 1 0
40.83 44 GPS 3 49759494 356544730 2321 76313 67 -181 425989251 12 0
40.83 44 SVINFO 7 8 4 6 36 4 258
40.83 44 ESTIMATOR 763.130005 -1.81 -1.81 -1.81 763.130005
40.91 44 COMMANDS 173,9,134,-603
40.95 44 NAVIGATION 0 2 19 -50 38 0. 2834.7
40.95 44 ATTITUDE 0 0 -72
40.95 44 DL_VALUE 1 1.
41.13 44 GPS 3 49759492 356544736 2417 76276 80 -213 425989499 12 0
41.14 44 FBW_STATUS 0 0 123
41.14 44 RAD_OF_IR 7 276 0.002
41.24 44 IR_SENSORS -961 3 1
41.24 44 NAVIGATION 0 2 19 -50 38 0. 2828.
41.24 44 WP_MOVED 3 497546.40625 3565495.5 810.
41.24 44 GYRO_RATES -114 -160 -159 0.994838 -1.396263 -1.387537
41.24 44 GPS 3 49759498 356544724 297 76237 103 -176 425989751 12 0
41.32 44 ESTIMATOR 762.369995 -1.76 -1.76 -1.76 762.369995
41.32 44 BAT 172 123 51 0 84 50 1
41.53 44 NAVIGATION 0 2 19 -50 38 0. 2841.6
41.57 44 ATTITUDE 0 0 -72
41.57 44 CALIBRATION 0. 0.023 0.067 0
41.57 44 DOWNLINK_STATUS 40 16716 1063 0 378. 24.
41.66 44 SERVO 9600 -9600 173
41.66 44 GPS 3 49759494 356544729 290 76231 75 -193 425989999 12 0
41.66 44 DESIRED 0. -0.01 0. 0. 778. 0.
41.66 44 IR_DEBUG 687 677 687 677
41.66 44 NAVIGATION 0 2 19 -50 38 0. 2835.7
41.66 44 WP_MOVED 4 497605. 3565508. 810.
