2.93 34 COMMANDS 169,-26,-59,-553
2.97 34 NAVIGATION 0 2 14 -44 38 0. 2185.4
2.97 34 ATTITUDE 0 0 -83
2.97 34 DL_VALUE 6 1.
2.97 34 DOWNLINK_STATUS 1 436 28 0 436. 28.
3.04 34 FBW_STATUS 0 0 125
3.05 34 GPS 3 49758926 356545296 3256 76955 31 -52 320931498 12 0
3.05 34 RAD_OF_IR 8 258 0.00211
3.05 34 NAVIGATION_REF 497575 3565498 12
3.05 34 IR_SENSORS -966 7 1
3.24 34 NAVIGATION 0 2 14 -45 38 0. 2209.9
3.36 34 WP_MOVED 3 497546.40625 3565495.5 833.
3.36 34 GYRO_RATES -197 -162 -135 1.719149 -1.413717 -1.178097
3.36 34 GPS 3 49758917 356545285 3187 76923 34 -8 320931750 12 0
3.36 34 SVINFO 13 3 4 6 38 11 228
3.36 34 ESTIMATOR 769.22998 -0.08 -0.08 -0.08 769.22998
3.36 34 NAVIGATION 0 2 14 -45 38 0. 2219.8
3.36 34 ATTITUDE 0 0 -83
3.45 34 GPS 3 49758904 356545282 3243 76888 33 -42 320931998 12 0
3.54 34 DESIRED 0. 0. 0. 0. 778. 0.
3.54 34 NAVIGATION 0 2 14 -45 38 0. 2222.
3.74 34 WP_MOVED 4 497575. 3565498. 0.
3.86 34 ESTIMATOR 768.880005 -0.42 -0.42 -0.42 768.880005
3.86 34 GPS 3 49758890 356545256 3237 76928 6 13 320932250 12 0
3.86 34 COMMANDS 169,-35,-66,-591
3.86 34 NAVIGATION 0 2 13 -45 38 0. 2245.9
3.86 34 ATTITUDE 0 0 -83
3.86 34 DL_VALUE 7 0.
3.86 34 FBW_STATUS 0 0 125
3.91 34 RAD_OF_IR 7 -16 0.00211
3.95 34 GPS 3 49758879 356545239 3341 76941 16 22 320932498 12 0
3.95 34 DOWNLINK_STATUS 2 856 54 0 420. 26.
4.01 34 IR_SENSORS -965 7 1
4.03 34 NAVIGATION 0 2 13 -45 38 0. 2261.6
4.25 34 WP_MOVED 0 497617. 3565540. 833.
4.25 34 GYRO_RATES -197 -162 -136 1.719149 -1.413717 -1.186824
4.36 34 ESTIMATOR 769.409973 0.22 0.22 0.22 769.409973
4.36 34 BAT 168 125 5 0 90 4 1
4.36 34 GPS 3 49758875 356545238 3424 76931 28 24 320932750 12 0
4.36 34 SVINFO 1 22 13 7 37 49 74
4.36 34 NAVIGATION 0 2 13 -45 38 0. 2262.4
4.36 34 ATTITUDE 0 0 -83
4.36 34 CALIBRATION 0. 0.023 0.067 0
4.36 34 SERVO 9600 -9600 169
4.58 34 DESIRED 0. 0. 0. 0. 778. 0.
4.58 34 IR_DEBUG 696 685 696 685
4.58 34 GPS 3 49758886 356545257 3473 76949 41 40 320932998 12 0
4.58 34 SVINFO 2 19 4 6 36 22 254
4.58 34 NAVIGATION 0 2 13 -45 38 0. 2244.8
4.58 34 WP_MOVED 1 497586.6875 3565500. 833.
4.74 34 ESTIMATOR 769.48999 0.4 0.4 0.4 769.48999
4.86 34 GPS 3 49758917 356545231 3529 76988 59 65 320933250 12 0
4.86 34 SVINFO 3 31 13 7 38 45 170
4.86 34 COMMANDS 169,-21,-59,-589
4.86 34 NAVIGATION 0 2 14 -45 38 0. 2270.9
4.86 34 ATTITUDE 0 0 -83
4.86 34 DL_VALUE 8 1.
4.86 34 FBW_STATUS 0 0 125
4.86 34 RAD_OF_IR 8 158 0.00211
4.95 34 DOWNLINK_STATUS 3 1263 81 0 407. 27.
5.06 34 IR_SENSORS -966 7 1
5.06 34 GPS 3 49758940 356545204 26 77021 76 83 320933498 12 0
5.06 34 SVINFO 4 18 13 6 32 21 94
5.06 34 NAVIGATION 0 2 14 -45 38 0. 2297.9
5.06 34 WP_MOVED 2 497622.6875 3565498.5 833.
5.06 34 GYRO_RATES -197 -160 -135 1.719149 -1.396263 -1.178097
5.24 34 ESTIMATOR 770.210022 0.83 0.83 0.83 770.210022
5.34 34 NAVIGATION 0 2 14 -45 38 0. 2297.9
5.34 34 ATTITUDE 0 0 -83
5.34 34 GPS 3 49758994 356545165 108 77084 62 123 320933750 12 0
5.34 34 SVINFO 5 32 4 6 33 18 299
5.43 34 DESIRED 0. 0. 0. 0. 778. 0.
5.46 34 NAVIGATION 0 2 14 -46 38 0. 2338.6
5.53 34 GPS 3 49759036 356545150 164 77148 75 157 320933998 12 0
5.53 34 WP_MOVED 3 497546.40625 3565495.5 833.
5.74 34 ESTIMATOR 771.47998 1.57 1.57 1.57 771.47998
5.86 34 COMMANDS 169,-74,-104,-589
5.86 34 NAVIGATION 0 2 15 -46 38 0. 2356.
5.86 34 ATTITUDE 0 0 -83
5.86 34 DL_VALUE 9 -61.099998
5.86 34 GPS 3 49759076 356545159 957 77210 121 201 320934250 12 0
5.86 34 SVINFO 7 30 4 4 28 7 99
5.86 34 FBW_STATUS 0 0 125
5.86 34 RAD_OF_IR 8 -1354 0.00211
5.86 34 IR_SENSORS -966 7 1
5.95 34 DOWNLINK_STATUS 4 1658 106 0 395. 25.
6.28 34 NAVIGATION 0 2 15 -46 38 0. 2350.3
6.29 34 GPS 3 49759104 356545123 1275 77300 120 254 320934498 12 0
6.29 34 WP_MOVED 4 497575. 3565498. 0.
6.29 34 GYRO_RATES -197 -162 -135 1.719149 -1.413717 -1.178097
6.29 34 ESTIMATOR 773. 2.54 2.54 2.54 773.
6.29 34 BAT 172 125 7 0 92 6 1
6.36 34 NAVIGATION 0 2 16 -46 38 0. 2387.6
6.36 34 ATTITUDE 0 0 -83
6.36 34 CALIBRATION 0. 0.023 0.067 0
6.36 34 GPS 3 49759117 356545058 1149 77385 118 240 320934750 12 0
6.36 34 SVINFO 9 14 13 7 36 62 16
6.36 34 SERVO 9600 -9600 170
6.43 34 DESIRED 0. 0. 0. 0. 778. 0.
6.43 34 IR_DEBUG 696 685 696 685
6.43 34 NAVIGATION 0 2 16 -47 38 0. 2452.4
6.77 34 WP_MOVED 0 497617. 3565540. 833.
6.77 34 GPS 3 49759154 356545030 1175 77464 143 261 320934998 12 0
6.77 34 ESTIMATOR 774.640015 2.61 2.61 2.61 774.640015
6.86 34 COMMANDS 171,-24,-58,-589
6.86 34 NAVIGATION 0 2 16 -47 38 0. 2483.6
6.86 34 ATTITUDE 0 0 -83
6.86 34 DL_VALUE 10 0.
6.86 34 FBW_STATUS 0 0 125
6.86 34 RAD_OF_IR 8 74 0.00211
6.86 34 GPS 3 49759174 356545020 1259 77503 189 284 320935250 12 0
6.86 34 ACTUATORS 1495,1500,0,1214,1470
6.86 34 IR_SENSORS -966 7 1
6.95 34 DOWNLINK_STATUS 5 2085 133 0 427. 27.
6.96 34 WP_MOVED 1 497586.6875 3565500. 833.
6.97 34 GYRO_RATES -197 -162 -135 1.719149 -1.413717 -1.178097
6.97 34 GPS 3 49759202 356545014 1067 77569 133 255 320935498 12 0
7.02 34 ESTIMATOR 775.690002 2.55 2.55 2.55 775.690002
7.25 34 NAVIGATION 0 2 17 -47 38 0. 2504.4
7.25 34 ATTITUDE 0 0 -83
7.34 34 GPS 3 49759226 356545008 1234 77621 159 303 320935750 12 0
7.34 34 SVINFO 13 3 4 6 36 11 228
7.34 34 DESIRED 0. 0. 0. 0. 778. 0.
7.43 34 NAVIGATION 0 2 17 -47 38 0. 2512.9
7.46 34 WP_MOVED 2 497622.6875 3565498.5 833.
7.47 34 PPRZ_MODE 0 1 2 0 0 1 0
7.78 34 ESTIMATOR 776.210022 3.03 3.03 3.03 776.210022
7.78 34 GPS 3 49759222 356544976 1322 77662 127 314 320935998 12 0
7.78 34 COMMANDS 171,9,-22,-591
7.78 34 NAVIGATION 0 2 17 -48 38 0. 2544.5
7.78 34 ATTITUDE 0 0 -83
7.78 34 DL_VALUE 11 1.
7.95 34 DOWNLINK_STATUS 6 2393 151 0 308. 18.
8.19 34 FBW_STATUS 0 0 125
8.19 34 RAD_OF_IR 8 253 0.00211
8.19 34 GPS 3 49759207 356544931 1102 77705 119 317 320936250 12 0
8.19 34 IR_SENSORS -966 8 1
8.19 34 NAVIGATION 0 2 17 -48 38 0. 2588.2
8.19 34 WP_MOVED 3 497546.40625 3565495.5 833.
8.19 34 GYRO_RATES -197 -162 -134 1.719149 -1.413717 -1.169371
8.26 34 BAT 175 125 9 0 94 8 1
8.26 34 GPS 3 49759201 356544912 1173 77751 180 350 320936498 12 0
8.26 34 NAVIGATION 0 2 17 -48 38 0. 2606.8
8.26 34 ATTITUDE 0 0 -83
8.26 34 CALIBRATION 0. 0.023 0.067 0
8.26 34 SERVO 9600 -9600 169
8.36 34 DESIRED 0. 0. 0. 0. 778. 0.
8.36 34 IR_DEBUG 696 684 696 684
8.36 34 GPS 3 49759186 356544909 1175 77785 72 383 320936750 12 0
8.36 34 SVINFO 1 22 13 7 36 49 74
8.36 34 NAVIGATION 0 2 16 -48 38 0. 2608.3
8.36 34 WP_MOVED 4 497575. 3565498. 0.
8.42 34 ESTIMATOR 777.849976 3.83 3.83 3.83 777.849976
8.67 34 GPS 3 49759188 356544928 1186 77813 136 353 320936998 12 0
8.67 34 SVINFO 2 19 4 7 36 22 254
8.67 34 COMMANDS 172,-26,-55,-591
8.67 34 NAVIGATION 0 3 16 -48 38 0. 2589.2
8.67 34 ATTITUDE 0 0 -83
8.67 34 DL_VALUE 12 0.
8.72 34 FBW_STATUS 0 0 125
8.72 34 RAD_OF_IR 7 31 0.00211
8.72 34 IR_SENSORS -966 7 1
8.86 34 NAVIGATION 1 0 16 -48 38 0. 2589.2
8.86 34 GPS 3 49759178 356544946 1181 77840 138 349 320937250 12 0
8.86 34 SVINFO 3 31 13 7 37 45 170
8.86 34 WP_MOVED 0 497617. 3565540. 833.
8.86 34 GYRO_RATES -197 -162 -135 1.719149 -1.413717 -1.178097
8.86 34 ESTIMATOR 778.400024 3.49 3.49 3.49 778.400024
8.95 34 DOWNLINK_STATUS 7 2930 186 0 537. 35.
9.16 34 NAVIGATION 1 1 16 -48 38 0. 2570.
9.16 34 GPS 3 49759167 356544956 1267 77843 153 346 320937498 12 0
9.16 34 SVINFO 4 18 13 6 30 21 94
9.16 34 ATTITUDE 0 0 -83
9.23 34 DESIRED 0. 0. 0. 0. 778. 0.
9.23 34 NAVIGATION 1 1 16 -48 38 3348.2 2558.8
9.25 34 GPS 3 49759174 356544982 1210 77832 170 347 320937750 12 0
9.25 34 SVINFO 5 32 4 4 26 18 299
9.25 34 WP_MOVED 1 497586.6875 3565500. 833.
9.32 34 ESTIMATOR 778.320007 3.47 3.47 3.47 778.320007
9.68 34 COMMANDS 169,-3,-39,-594
9.72 34 NAVIGATION 1 1 16 -48 38 3318.5 2533.4
9.72 34 ATTITUDE 0 0 -83
9.72 34 DL_VALUE 13 517.
9.72 34 GPS 3 49759183 356544995 1207 77835 178 397 320937998 12 0
9.72 34 SVINFO 6 30 4 4 30 7 99
9.72 34 FBW_STATUS 0 0 125
9.72 34 RAD_OF_IR 7 -8 0.00211
9.72 34 IR_SENSORS -966 7 1
9.72 34 NAVIGATION 1 1 16 -48 38 3300.4 2521.3
9.76 34 WP_MOVED 2 497622.6875 3565498.5 833.
9.76 34 GYRO_RATES -196 -161 -134 1.710423 -1.40499 -1.169371
9.76 34 GPS 3 49759202 356544982 1184 77864 188 379 320938250 12 0
9.82 34 ESTIMATOR 778.640015 3.79 3.79 3.79 778.640015
9.82 34 BAT 175 125 11 0 1 1 1
9.93 34 NAVIGATION 1 1 17 -48 38 3301.3 2536.3
9.97 34 ATTITUDE 0 0 -83
9.97 34 CALIBRATION 10.913 0.023 0.067 0
9.97 34 DOWNLINK_STATUS 8 3372 214 0 442. 28.
10.15 34 GPS 3 49759206 356544978 1163 77881 237 427 320938498 12 0
10.15 34 SERVO 9600 -9600 169
10.24 34 DESIRED 0. 0. 48. 0. 833. 2.
10.24 34 IR_DEBUG 696 685 696 685
10.24 34 NAVIGATION 1 1 17 -48 38 3302.7 2540.7
10.24 34 WP_MOVED 3 497546.40625 3565495.5 833.
10.33 34 GPS 3 49759220 356544947 1165 77913 213 365 320938750 12 0
10.33 34 SVINFO 9 14 13 7 37 62 16
10.33 34 ESTIMATOR 779.130005 3.65 3.65 3.65 779.130005
10.43 34 COMMANDS 161,-26,-69,-579
10.47 34 NAVIGATION 1 1 17 -48 38 3324.4 2573.4
10.47 34 ATTITUDE 0 0 -83
10.47 34 DL_VALUE 14 482.
10.66 34 FBW_STATUS 0 0 125
10.66 34 RAD_OF_IR 7 5 0.00211
10.66 34 GPS 3 49759224 356544926 1082 77933 195 386 320938998 12 0
10.75 34 IR_SENSORS -966 8 1
10.75 34 NAVIGATION 1 1 17 -48 38 3342.6 2595.1
10.75 34 WP_MOVED 4 497575. 3565498. 0.
10.75 34 GYRO_RATES -196 -161 -134 1.710423 -1.40499 -1.169371
10.76 34 GPS 3 49759226 356544911 1145 77941 187 337 320939250 12 0
10.76 34 ESTIMATOR 779.409973 3.37 3.37 3.37 779.409973
10.95 34 NAVIGATION 1 1 17 -48 38 3356.1 2610.5
10.95 34 ATTITUDE 0 0 -83
10.96 34 GPS 3 49759232 356544882 1158 77962 164 335 320939498 12 0
10.96 34 DOWNLINK_STATUS 9 3784 239 0 412. 25.
11.15 34 DESIRED 0. 0. 48. 0. 833. 2.
11.15 34 NAVIGATION 1 1 17 -49 38 3381.1 2640.8
11.16 34 WP_MOVED 0 497617. 3565540. 833.
11.25 34 ESTIMATOR 779.619995 3.35 3.35 3.35 779.619995
11.25 34 GPS 3 49759223 356544869 1206 77978 151 363 320939750 12 0
11.25 34 SVINFO 13 3 4 4 26 10 228
11.33 34 COMMANDS 168,-6,-42,-586
11.33 34 NAVIGATION 1 1 17 -49 38 3399.5 2653.
11.33 34 ATTITUDE 0 0 -83
11.33 34 DL_VALUE 15 455.
11.34 34 FBW_STATUS 0 0 125
11.42 34 RAD_OF_IR 7 135 0.00211
11.46 34 NAVIGATION_REF 497575 3565498 12
11.67 34 GPS 3 49759231 356544862 1188 77988 182 369 320939998 12 0
11.67 34 ACTUATORS 1496,1501,0,1214,1470
11.67 34 IR_SENSORS -966 7 1
11.67 34 NAVIGATION 1 1 17 -49 38 3401.6 2661.1
11.78 34 WP_MOVED 1 497586.6875 3565500. 833.
11.78 34 GYRO_RATES -197 -161 -134 1.719149 -1.40499 -1.169371
11.78 34 ESTIMATOR 779.880005 3.69 3.69 3.69 779.880005
11.78 34 BAT 169 125 13 0 3 3 1
11.78 34 GPS 3 49759249 356544874 1192 77989 208 392 320940250 12 0
11.78 34 NAVIGATION 1 1 17 -49 38 3378.8 2650.9
11.84 34 ATTITUDE 0 0 -83
11.84 34 CALIBRATION 32.32 0.023 0.067 0
11.84 34 SERVO 9600 -9600 170
11.95 34 DOWNLINK_STATUS 10 4185 265 0 401. 26.
12.30 34 DESIRED 0. 0. 48. 0. 833. 2.
12.30 34 IR_DEBUG 696 685 696 685
12.30 34 GPS 3 49759267 356544892 1100 77995 202 392 320940498 12 0
12.30 34 SVINFO 0 11 4 6 34 19 312
12.30 34 NAVIGATION 1 1 17 -49 38 3350.1 2634.6
12.30 34 WP_MOVED 2 497622.6875 3565498.5 833.
12.36 34 ESTIMATOR 779.950012 3.92 3.92 3.92 779.950012
12.36 34 GPS 3 49759285 356544906 1114 78015 204 405 320940750 12 0
12.36 34 SVINFO 1 22 13 7 40 49 74
12.36 34 COMMANDS 144,-29,-67,-543
12.36 34 NAVIGATION 1 1 17 -48 38 3325.5 2622.5
12.36 34 ATTITUDE 0 0 -83
12.36 34 DL_VALUE 16 7500.
12.36 34 FBW_STATUS 0 0 125
12.41 34 IR_SENSORS -966 7 1
12.56 34 NAVIGATION 1 1 17 -48 38 3325.5 2622.5
12.56 34 GPS 3 49759284 356544886 1199 78045 184 417 320940998 12 0
12.56 34 SVINFO 2 19 4 7 36 22 254
12.56 34 WP_MOVED 3 497546.40625 3565495.5 833.
12.56 34 GYRO_RATES -197 -161 -134 1.719149 -1.40499 -1.169371
12.74 34 ESTIMATOR 780.450012 4.17 4.17 4.17 780.450012
12.84 34 NAVIGATION 1 1 17 -49 38 3345.8 2642.8
12.84 34 ATTITUDE 0 0 -83
12.84 34 GPS 3 49759275 356544868 1172 78051 220 393 320941250 12 0
12.84 34 SVINFO 3 31 13 7 39 45 170
12.93 34 DESIRED 0. 0. 48. 0. 833. 2.
12.97 34 NAVIGATION 1 1 17 -49 38 3369.1 2660.1
12.97 34 DOWNLINK_STATUS 11 4626 292 0 441. 27.
13.03 34 GPS 3 49759271 356544845 1175 78069 205 377 320941498 12 0
13.03 34 SVINFO 4 18 13 6 34 21 94
13.03 34 WP_MOVED 4 497575. 3565498. 0.
13.24 34 ESTIMATOR 780.690002 3.77 3.77 3.77 780.690002
13.37 34 COMMANDS 170,-28,-61,-591
13.37 34 NAVIGATION 1 1 17 -49 38 3394.4 2683.2
13.37 34 ATTITUDE 0 0 -83
13.37 34 DL_VALUE 17 11250.
13.37 34 GPS 3 49759259 356544860 1132 78072 189 355 320941750 12 0
13.37 34 SVINFO 5 32 4 4 28 18 299
13.37 34 FBW_STATUS 0 0 125
13.37 34 RAD_OF_IR 8 -121 0.00211
13.37 34 IR_SENSORS -966 7 1
13.42 34 NAVIGATION 1 1 17 -49 38 3386.7 2666.4
13.78 34 WP_MOVED 0 497617. 3565540. 833.
13.78 34 GYRO_RATES -197 -162 -135 1.719149 -1.413717 -1.178097
13.78 34 GPS 3 49759247 356544888 1189 78055 203 350 320941998 12 0
13.79 34 SVINFO 6 30 4 4 31 7 99
13.79 34 ESTIMATOR 780.549988 3.5 3.5 3.5 780.549988
13.79 34 BAT 170 125 15 0 5 5 1
13.85 34 NAVIGATION 1 1 17 -49 38 3366.1 2636.3
13.85 34 ATTITUDE 0 0 -83
13.85 34 CALIBRATION 53.362 0.023 0.067 0
13.85 34 GPS 3 49759250 356544891 1152 78078 199 381 320942250 12 0
13.85 34 SERVO 9600 -9600 170
13.93 34 DESIRED 0. 0. 48. 0. 833. 2.
13.97 34 IR_DEBUG 696 684 696 684
13.97 34 NAVIGATION 1 1 17 -49 38 3361.3 2633.6
13.97 34 DOWNLINK_STATUS 12 5060 320 0 434. 28.
13.97 34 WP_MOVED 1 497586.6875 3565500. 833.
13.97 34 GPS 3 49759238 356544882 1246 78088 208 396 320942498 12 0
14.02 34 ESTIMATOR 780.880005 3.96 3.96 3.96 780.880005
14.26 34 COMMANDS 138,-26,-74,-536
14.26 34 NAVIGATION 1 1 17 -49 38 3377.5 2641.4
14.26 34 ATTITUDE 0 0 -83
14.26 34 DL_VALUE 18 10000.
14.33 34 FBW_STATUS 0 0 125
14.33 34 RAD_OF_IR 7 270 0.00211
14.33 34 GPS 3 49759220 356544883 1252 78085 177 337 320942750 12 0
14.33 34 SVINFO 9 14 13 7 36 62 16
14.34 34 IR_SENSORS -966 7 1
14.34 34 NAVIGATION 1 1 17 -49 38 3387.4 2638.4
14.42 34 WP_MOVED 2 497622.6875 3565498.5 833.
14.46 34 GYRO_RATES -197 -162 -135 1.719149 -1.413717 -1.178097
14.53 34 GPS 3 49759226 356544883 1155 78069 161 285 320942998 12 0
14.53 34 ESTIMATOR 780.690002 2.85 2.85 2.85 780.690002
14.75 34 NAVIGATION 1 1 17 -49 38 3383.8 2639.1
14.75 34 ATTITUDE 0 0 -83
14.83 34 GPS 3 49759217 356544896 1128 78032 174 280 320943250 12 0
14.83 34 DESIRED 0. 0. 48. 0. 833. 2.
14.85 34 NAVIGATION 1 1 17 -49 38 3376.4 2624.8
14.85 34 WP_MOVED 3 497546.40625 3565495.5 833.
14.95 34 DOWNLINK_STATUS 13 5442 343 0 382. 23.
15.28 34 GPS 3 49759223 356544901 1118 78009 207 334 320943498 12 0
15.28 34 ESTIMATOR 780.090027 3.34 3.34 3.34 780.090027
15.28 34 COMMANDS 170,-28,-61,-593
15.28 34 NAVIGATION 1 1 17 -48 38 3367.8 2620.4
15.28 34 ATTITUDE 0 0 -83
15.28 34 DL_VALUE 19 3000.
15.35 34 FBW_STATUS 0 0 125
15.35 34 RAD_OF_IR 8 -28 0.00211
15.35 34 GPS 3 49759215 356544901 1157 77986 206 339 320943750 12 0
15.35 34 SVINFO 13 3 4 5 34 10 228
15.35 34 IR_SENSORS -966 7 1
15.35 34 NAVIGATION 1 1 17 -48 38 3372.7 2619.5
15.36 34 WP_MOVED 4 497575. 3565498. 0.
15.40 34 GYRO_RATES -198 -162 -135 1.727876 -1.413717 -1.178097
15.54 34 ESTIMATOR 779.859985 3.39 3.39 3.39 779.859985
15.54 34 BAT 172 125 17 0 7 7 1
15.54 34 GPS 3 49759192 356544896 1060 77957 157 370 320943998 12 0
15.55 34 NAVIGATION 1 1 16 -49 38 3391.7 2622.1
15.55 34 ATTITUDE 0 0 -83
15.55 34 CALIBRATION 52.731 0.023 0.067 0
15.74 34 SERVO 9600 -9600 169
15.85 34 DESIRED 0. 0. 48. 0. 833. 2.
15.86 34 IR_DEBUG 696 684 696 684
15.86 34 GPS 3 49759179 356544882 1181 77933 212 397 320944250 12 0
15.87 34 NAVIGATION 1 1 16 -49 38 3413.6 2635.1
15.87 34 WP_MOVED 0 497617. 3565540. 833.
15.95 34 DOWNLINK_STATUS 14 5856 369 0 414. 26.
16.06 34 ESTIMATOR 779.330017 3.97 3.97 3.97 779.330017
16.06 34 GPS 3 49759185 356544883 1124 77906 256 393 320944498 12 0
16.06 34 SVINFO 0 11 4 4 24 19 312
16.06 34 COMMANDS 179,-28,-59,-611
16.06 34 NAVIGATION 1 1 16 -49 38 3408.9 2634.7
16.06 34 ATTITUDE 0 0 -83
16.06 34 DL_VALUE 20 20000.
16.06 34 FBW_STATUS 0 0 125
16.06 34 RAD_OF_IR 8 -164 0.00211
16.24 34 ACTUATORS 1496,1501,0,1214,1470
16.24 34 IR_SENSORS -966 7 1
16.35 34 NAVIGATION 1 1 16 -49 38 3408.9 2634.7
16.35 34 GPS 3 49759187 356544888 1112 77888 238 384 320944750 12 0
16.35 34 SVINFO 1 22 13 7 37 49 74
16.35 34 WP_MOVED 1 497586.6875 3565500. 833.
16.35 34 GYRO_RATES -198 -163 -136 1.727876 -1.422443 -1.186824
16.38 34 ESTIMATOR 778.880005 3.84 3.84 3.84 778.880005
16.54 34 NAVIGATION 1 1 16 -49 38 3402.7 2629.8
16.54 34 ATTITUDE 0 0 -83
16.54 34 GPS 3 49759175 356544882 1117 77878 216 427 320944998 12 0
16.54 34 SVINFO 2 19 4 7 29 22 254
16.74 34 DESIRED 0. 0. 48. 0. 833. 2.
16.85 34 NAVIGATION 1 1 16 -49 38 3416.1 2634.7
16.85 34 GPS 3 49759169 356544883 1063 77866 243 387 320945250 12 0
16.85 34 SVINFO 3 31 13 7 36 45 170
16.85 34 WP_MOVED 2 497622.6875 3565498.5 833.
16.85 34 PPRZ_MODE 0 3 3 0 0 1 0
16.85 34 ESTIMATOR 778.659973 3.87 3.87 3.87 778.659973
16.95 34 DOWNLINK_STATUS 15 6297 397 0 441. 28.
17.06 34 COMMANDS 169,-28,-61,-594
17.06 34 NAVIGATION 1 1 16 -49 38 3418.8 2633.
17.06 34 ATTITUDE 0 0 -83
17.06 34 DL_VALUE 21 17500.
17.06 34 GPS 3 49759147 356544871 1084 77855 196 379 320945498 12 0
17.06 34 SVINFO 4 18 13 6 34 21 94
17.06 34 FBW_STATUS 0 0 125
17.06 34 RAD_OF_IR 8 60 0.00211
17.35 34 IR_SENSORS -966 8 1
17.35 34 NAVIGATION 1 1 16 -49 38 3444.4 2643.2
17.58 34 WP_MOVED 3 497546.40625 3565495.5 833.
17.62 34 GYRO_RATES -198 -162 -135 1.727876 -1.413717 -1.178097
17.62 34 GPS 3 49759129 356544872 1045 77838 200 375 320945750 12 0
17.62 34 SVINFO 5 32 4 4 29 18 299
17.62 34 ESTIMATOR 778.380005 3.75 3.75 3.75 778.380005
17.62 34 BAT 190 125 19 0 9 9 1
17.66 34 ATTITUDE 0 0 -83
17.66 34 CALIBRATION 53.19 0.023 0.067 0
17.66 34 GPS 3 49759107 356544870 1208 77817 203 381 320945998 12 0
17.66 34 SVINFO 6 30 4 6 34 7 98
17.66 34 SERVO 9600 -9600 170
17.66 34 DESIRED 0. 0. 48. 0. 833. 2.
17.67 34 NAVIGATION 1 1 16 -49 38 3470.5 2640.5
17.67 34 WP_MOVED 4 497575. 3565498. 0.
17.84 34 GPS 3 49759079 356544868 1109 77794 178 363 320946250 12 0
17.94 34 ESTIMATOR 777.940002 3.63 3.63 3.63 777.940002
17.98 34 COMMANDS 179,-26,-61,-615
17.98 34 NAVIGATION 1 1 15 -49 38 3490.3 2640.2
17.98 34 ATTITUDE 0 0 -83
17.98 34 DL_VALUE 22 20000.
17.98 34 DOWNLINK_STATUS 16 6747 427 0 450. 30.
18.15 34 FBW_STATUS 0 0 125
18.15 34 GPS 3 49759055 356544866 1152 77765 195 357 320946498 12 0
18.15 34 SVINFO 8 6 4 6 34 10 215
18.15 34 RAD_OF_IR 8 123 0.00211
18.15 34 IR_SENSORS -966 8 1
18.15 34 NAVIGATION 1 1 15 -49 38 3507.7 2640.4
18.16 34 WP_MOVED 0 497617. 3565540. 833.
18.16 34 GYRO_RATES -197 -162 -135 1.719149 -1.413717 -1.178097
18.37 34 GPS 3 49759029 356544869 1089 77737 192 357 320946750 12 0
18.37 34 SVINFO 9 14 13 7 37 62 16
18.37 34 ESTIMATOR 777.369995 3.57 3.57 3.57 777.369995
18.42 34 NAVIGATION 1 1 15 -49 38 3521.5 2635.4
18.42 34 ATTITUDE 0 0 -83
18.46 34 GPS 3 49758998 356544866 1138 77713 168 357 320946998 12 0
18.54 34 DESIRED 0. 0. 48. 0. 833. 2.
18.54 34 NAVIGATION 1 1 14 -49 38 3544.7 2636.3
18.61 34 WP_MOVED 1 497586.6875 3565500. 833.
18.87 34 ESTIMATOR 777.130005 3.57 3.57 3.57 777.130005
18.87 34 GPS 3 49758968 356544867 1199 77697 173 368 320947250 12 0
18.95 34 DOWNLINK_STATUS 17 7080 446 0 333. 19.
18.98 34 COMMANDS 169,15,-61,-588
18.98 34 NAVIGATION 1 1 14 -49 38 3563.4 2633.4
18.98 34 ATTITUDE 0 0 -83
18.98 34 DL_VALUE 23 0.
18.98 34 FBW_STATUS 0 0 125
18.98 34 RAD_OF_IR 8 172 0.00211
18.98 34 GPS 3 49758947 356544870 1120 77675 176 342 320947498 12 0
19.01 34 IR_SENSORS -965 7 1
19.03 34 NAVIGATION 1 1 14 -49 38 3574.3 2629.1
19.12 34 WP_MOVED 2 497622.6875 3565498.5 833.
19.12 34 GYRO_RATES -197 -161 -135 1.719149 -1.40499 -1.178097
19.49 34 ESTIMATOR 776.75 3.42 3.42 3.42 776.75
19.49 34 BAT 190 125 21 0 11 11 1
19.49 34 GPS 3 49758937 356544878 1230 77667 177 377 320947750 12 0
19.49 34 SVINFO 13 3 4 6 37 10 228
19.49 34 NAVIGATION 1 1 14 -49 38 3573. 2620.4
19.49 34 ATTITUDE 0 0 -83
19.49 34 CALIBRATION 54.541 0.023 0.067 0
19.57 34 SERVO 9600 -9600 169
19.57 34 DESIRED 0. 0. 48. 0. 833. 2.
19.57 34 IR_DEBUG 696 684 696 684
19.57 34 GPS 3 49758927 356544898 1042 77659 187 406 320947998 12 0
19.57 34 NAVIGATION 1 1 14 -49 38 3559.9 2599.5
19.57 34 WP_MOVED 3 497546.40625 3565495.5 833.
19.63 34 ESTIMATOR 776.590027 4.06 4.06 4.06 776.590027
19.95 34 DOWNLINK_STATUS 18 7467 471 0 387. 25.
19.97 34 GPS 3 49758926 356544898 1224 77652 213 402 320948250 12 0
19.97 34 COMMANDS 183,-26,-59,-618
19.97 34 NAVIGATION 1 1 14 -49 38 3560.6 2599.4
19.97 34 ATTITUDE 0 0 -83
19.97 34 DL_VALUE 24 2150.
20.06 34 FBW_STATUS 0 0 125
20.06 34 RAD_OF_IR 8 515 0.00211
20.06 34 NAVIGATION_REF 497575 3565498 12
20.06 34 IR_SENSORS -966 8 1
20.06 34 GPS 3 49758929 356544896 1094 77632 205 386 320948498 12 0
20.06 34 SVINFO 0 11 4 6 34 19 312
20.06 34 NAVIGATION 1 1 14 -49 38 3560.5 2601.6
20.06 34 WP_MOVED 4 497575. 3565498. 0.
20.12 34 ESTIMATOR 776.320007 3.86 3.86 3.86 776.320007
20.25 34 NAVIGATION 1 1 14 -49 38 3560.5 2601.6
20.25 34 ATTITUDE 0 0 -83
20.25 34 GPS 3 49758918 356544916 1122 77597 182 388 320948750 12 0
20.25 34 SVINFO 1 22 13 7 39 49 74
20.55 34 DESIRED 0. 0. 48. 0. 833. 2.
20.55 34 NAVIGATION 1 1 14 -48 38 3548.2 2580.7
20.64 34 GPS 3 49758909 356544926 1150 77574 176 359 320948998 12 0
20.64 34 SVINFO 2 19 4 4 28 22 254
20.64 34 WP_MOVED 0 497617. 3565540. 833.
20.64 34 ESTIMATOR 775.73999 3.59 3.59 3.59 775.73999
20.76 34 COMMANDS 171,-12,-58,-586
20.76 34 NAVIGATION 1 1 14 -48 38 3544.4 2570.1
20.76 34 ATTITUDE 0 0 -83
20.76 34 DL_VALUE 25 5300.
20.76 34 GPS 3 49758911 356544937 1043 77550 209 334 320949250 12 0
20.76 34 SVINFO 3 31 13 7 37 45 170
20.76 34 FBW_STATUS 0 0 125
20.76 34 RAD_OF_IR 7 -302 0.00211
20.84 34 ACTUATORS 1496,1501,0,1214,1470
20.84 34 IR_SENSORS -965 7 1
20.95 34 DOWNLINK_STATUS 19 7962 505 0 495. 34.
21.19 34 NAVIGATION 1 1 14 -48 38 3532.2 2559.1
21.19 34 GPS 3 49758916 356544932 1144 77538 194 355 320949498 12 0
21.19 34 SVINFO 4 18 13 7 34 21 94
21.19 34 WP_MOVED 1 497586.6875 3565500. 833.
21.19 34 GYRO_RATES -197 -162 -135 1.719149 -1.413717 -1.178097
21.19 34 ESTIMATOR 775.380005 3.55 3.55 3.55 775.380005
21.23 34 NAVIGATION 1 1 14 -48 38 3533.8 2564.4
21.23 34 ATTITUDE 0 0 -83
21.23 34 CALIBRATION 55.932 0.023 0.067 0
21.25 34 GPS 3 49758924 356544929 1022 77530 242 349 320949750 12 0
21.25 34 SVINFO 5 32 4 6 30 18 299
21.25 34 SERVO 9600 -9600 170
21.43 34 DESIRED 0. 0. 48. 0. 833. 2.
21.43 34 IR_DEBUG 695 684 695 684
21.43 34 NAVIGATION 1 1 14 -48 38 3531.4 2567.8
21.66 34 WP_MOVED 2 497622.6875 3565498.5 833.
21.66 34 PPRZ_MODE 0 3 3 0 0 1 0
21.66 34 GPS 3 49758928 356544917 1141 77530 188 359 320949998 12 0
21.66 34 SVINFO 6 30 4 6 33 7 98
21.74 34 ESTIMATOR 775.299988 3.59 3.59 3.59 775.299988
21.74 34 COMMANDS 169,-32,-63,-589
21.74 34 NAVIGATION 1 1 14 -48 38 3540.5 2580.2
21.74 34 ATTITUDE 0 0 -83
21.74 34 DL_VALUE 26 10000.
21.74 34 FBW_STATUS 0 0 125
21.75 34 RAD_OF_IR 8 342 0.00211
21.75 34 GPS 3 49758924 356544896 1095 77530 188 352 320950250 12 0
21.82 34 IR_SENSORS -966 7 1
21.82 34 NAVIGATION 1 1 14 -49 38 3563.9 2601.3
21.95 34 DOWNLINK_STATUS 20 8409 534 0 447. 29.
22.18 34 WP_MOVED 3 497546.40625 3565495.5 833.
22.18 34 GYRO_RATES -197 -162 -135 1.719149 -1.413717 -1.178097
22.18 34 GPS 3 49758914 356544889 1159 77519 154 340 320950498 12 0
22.18 34 SVINFO 8 6 4 6 35 10 215
22.18 34 ESTIMATOR 775.190002 3.4 3.4 3.4 775.190002
22.22 34 NAVIGATION 1 1 14 -49 38 3577.5 2608.
22.22 34 ATTITUDE 0 0 -83
22.24 34 GPS 3 49758902 356544881 1198 77508 197 326 320950750 12 0
22.24 34 SVINFO 9 14 13 7 38 62 16
22.32 34 DESIRED 0. 0. 48. 0. 833. 2.
22.35 34 NAVIGATION 1 1 14 -49 38 3593.5 2615.6
22.35 34 WP_MOVED 4 497575. 3565498. 0.
22.78 34 ESTIMATOR 775.080017 3.26 3.26 3.26 775.080017
22.81 34 GPS 3 49758884 356544897 1048 77488 180 298 320950998 12 0
22.81 34 COMMANDS 171,-20,-58,-586
22.81 34 NAVIGATION 1 1 13 -49 38 3589.8 2598.4
22.81 34 ATTITUDE 0 0 -83
22.81 34 DL_VALUE 27 4000.
22.84 34 FBW_STATUS 0 0 125
22.84 34 RAD_OF_IR 8 -431 0.00211
22.84 34 GPS 3 49758875 356544911 1100 77471 184 313 320951250 12 0
22.84 34 IR_SENSORS -966 8 1
22.84 34 NAVIGATION 1 1 13 -48 38 3582.1 2583.8
22.85 34 WP_MOVED 0 497617. 3565540. 833.
22.85 34 GYRO_RATES -197 -162 -135 1.719149 -1.413717 -1.178097
22.95 34 DOWNLINK_STATUS 21 8821 559 0 412. 25.
23.04 34 ESTIMATOR 774.710022 3.13 3.13 3.13 774.710022
23.04 34 BAT 155 125 25 0 15 15 1
23.04 34 GPS 3 49758864 356544926 1142 77445 193 303 320951498 12 0
23.23 34 NAVIGATION 1 1 13 -48 38 3574.8 2568.2
23.23 34 ATTITUDE 0 0 -83
23.23 34 CALIBRATION 57.197 0.023 0.067 0
23.23 34 SERVO 9600 -9600 169
23.36 34 DESIRED 0. 0. 48. 0. 833. 2.
23.37 34 IR_DEBUG 696 684 696 684
23.37 34 GPS 3 49758851 356544944 1155 77420 171 317 320951750 12 0
23.37 34 SVINFO 13 3 4 6 38 10 228
23.37 34 NAVIGATION 1 1 13 -48 38 3566. 2549.5
23.37 34 WP_MOVED 1 497586.6875 3565500. 833.
23.42 34 ESTIMATOR 774.200012 3.17 3.17 3.17 774.200012
23.67 34 GPS 3 49758832 356544949 1102 77406 154 306 320951998 12 0
23.67 34 COMMANDS 169,-31,-63,-591
23.67 34 NAVIGATION 1 1 13 -48 38 3574.2 2543.8
23.67 34 ATTITUDE 0 0 -83
23.67 34 DL_VALUE 28 0.228
23.72 34 FBW_STATUS 0 0 125
23.72 34 RAD_OF_IR 8 -152 0.00211
23.72 34 IR_SENSORS -966 8 1
23.74 34 NAVIGATION 1 1 13 -48 38 3574.2 2543.8
23.74 34 GPS 3 49758812 356544940 1250 77388 155 334 320952250 12 0
23.82 34 WP_MOVED 2 497622.6875 3565498.5 833.
23.82 34 GYRO_RATES -197 -163 -135 1.719149 -1.422443 -1.178097
23.85 34 ESTIMATOR 773.880005 3.34 3.34 3.34 773.880005
23.95 34 DOWNLINK_STATUS 22 9257 586 0 436. 27.
24.16 34 NAVIGATION 1 1 13 -48 38 3596.8 2552.3
24.16 34 ATTITUDE 0 0 -83
24.16 34 GPS 3 49758805 356544935 1268 77398 149 360 320952498 12 0
24.16 34 SVINFO 0 11 4 6 35 19 312
24.23 34 DESIRED 0. 0. 48. 0. 833. 2.
24.23 34 NAVIGATION 1 1 13 -48 38 3606.5 2557.1
24.25 34 GPS 3 49758801 356544935 1222 77408 154 333 320952750 12 0
24.25 34 SVINFO 1 22 13 7 39 49 74
24.25 34 WP_MOVED 3 497546.40625 3565495.5 833.
24.32 34 ESTIMATOR 774.080017 3.33 3.33 3.33 774.080017
24.68 34 COMMANDS 169,-54,-58,-589
24.68 34 NAVIGATION 1 1 13 -48 38 3609.3 2557.
24.68 34 ATTITUDE 0 0 -83
24.68 34 DL_VALUE 29 0.42
24.68 34 GPS 3 49758793 356544958 1071 77392 163 309 320952998 12 0
24.68 34 SVINFO 2 19 4 4 28 22 254
24.68 34 FBW_STATUS 0 0 125
24.68 34 RAD_OF_IR 8 -434 0.00211
24.72 34 IR_SENSORS -966 7 1
24.72 34 NAVIGATION 1 1 12 -48 38 3592.3 2533.6
24.84 34 WP_MOVED 4 497575. 3565498. 0.
24.84 34 GYRO_RATES -197 -162 -134 1.719149 -1.413717 -1.169371
24.84 34 GPS 3 49758786 356544960 1210 77379 177 302 320953250 12 0
24.84 34 SVINFO 3 31 13 7 35 45 170
24.85 34 ESTIMATOR 773.789978 3.02 3.02 3.02 773.789978
24.85 34 BAT 156 125 27 0 17 17 1
24.95 34 DOWNLINK_STATUS 23 9668 612 0 411. 26.
25.95 34 DOWNLINK_STATUS 24 9668 612 0 0. 0.
26.95 34 DOWNLINK_STATUS 25 9668 612 0 0. 0.
27.17 34 IR_DEBUG 696 684 696 684
27.17 34 GPS 3 49758724 356544854 1030 77366 145 265 320955498 12 0
27.17 34 NAVIGATION 1 1 12 -49 38 3743.4 2638.1
27.17 34 WP_MOVED 4 497575. 3565498. 0.
27.22 34 ESTIMATOR 773.659973 2.65 2.65 2.65 773.659973
27.36 34 GPS 3 49758735 356544842 984 77399 166 276 320955750 12 0
27.36 34 SVINFO 13 3 4 7 36 10 228
27.36 34 COMMANDS 170,-23,-55,-591
27.36 34 NAVIGATION 1 1 12 -49 38 3747.6 2650.6
27.36 34 ATTITUDE 0 0 -83
27.36 34 DL_VALUE 32 0.001
27.36 34 FBW_STATUS 0 0 125
27.36 34 RAD_OF_IR 7 -130 0.00211
27.68 34 IR_SENSORS -966 7 1
27.71 34 NAVIGATION 1 1 12 -49 38 3747.6 2650.6
27.71 34 GPS 3 49758740 356544812 1146 77423 188 323 320955998 12 0
27.71 34 WP_MOVED 0 497617. 3565540. 833.
27.71 34 GYRO_RATES -197 -160 -135 1.719149 -1.396263 -1.178097
27.75 34 ESTIMATOR 774.22998 3.23 3.23 3.23 774.22998
27.75 34 NAVIGATION 1 1 12 -49 38 3774.2 2681.7
27.75 34 ATTITUDE 0 0 -83
27.75 34 GPS 3 49758749 356544774 1175 77440 187 299 320956250 12 0
27.95 34 DOWNLINK_STATUS 26 10019 634 0 351. 22.
28.18 34 DESIRED 0. 0. 48. 0. 833. 2.
28.18 34 NAVIGATION 1 1 12 -50 38 3806.2 2721.3
28.18 34 GPS 3 49758748 356544768 1092 77432 172 319 320956498 12 0
28.18 34 SVINFO 0 11 4 6 31 19 311
28.18 34 WP_MOVED 1 497586.6875 3565500. 833.
28.28 34 ESTIMATOR 774.320007 3.19 3.19 3.19 774.320007
28.28 34 COMMANDS 171,-38,-56,-591
28.28 34 NAVIGATION 1 1 12 -50 38 3813. 2727.5
28.28 34 ATTITUDE 0 0 -83
28.28 34 DL_VALUE 33 0.01
28.28 34 GPS 3 49758757 356544749 950 77455 178 343 320956750 12 0
28.28 34 SVINFO 1 22 13 7 38 49 74
28.28 34 FBW_STATUS 0 0 125
28.28 34 NAVIGATION_REF 497575 3565498 12
28.33 34 IR_SENSORS -966 7 1
28.69 34 NAVIGATION 1 1 12 -50 38 3825.9 2747.6
28.73 34 WP_MOVED 2 497622.6875 3565498.5 833.
28.73 34 GYRO_RATES -197 -162 -134 1.719149 -1.413717 -1.169371
28.73 34 GPS 3 49758767 356544734 1127 77481 199 363 320956998 12 0
28.73 34 SVINFO 2 19 4 4 29 22 254
28.73 34 ESTIMATOR 774.809998 3.63 3.63 3.63 774.809998
28.74 34 NAVIGATION 1 1 12 -50 38 3834.2 2763.5
28.74 34 ATTITUDE 0 0 -83
28.74 34 CALIBRATION 59.22 0.023 0.067 0
28.75 34 GPS 3 49758765 356544703 1161 77518 189 365 320957250 12 0
28.75 34 SVINFO 3 31 13 7 36 45 170
28.75 34 SERVO 9600 -9600 170
28.88 34 DESIRED 0. 0. 48. 0. 833. 2.
28.88 34 IR_DEBUG 696 684 696 684
28.88 34 NAVIGATION 1 1 12 -50 38 3867.4 2796.1
28.95 34 DOWNLINK_STATUS 27 10494 664 0 475. 30.
29.16 34 WP_MOVED 3 497546.40625 3565495.5 833.
29.16 34 GPS 3 49758766 356544700 1124 77528 210 350 320957498 12 0
29.16 34 SVINFO 4 18 13 7 36 21 94
29.25 34 ESTIMATOR 775.280029 3.5 3.5 3.5 775.280029
29.25 34 COMMANDS 171,-21,-53,-593
29.25 34 NAVIGATION 1 1 12 -51 38 3869.8 2799.3
29.25 34 ATTITUDE 0 0 -83
29.25 34 DL_VALUE 34 1.
29.25 34 FBW_STATUS 0 0 125
29.26 34 RAD_OF_IR 7 -106 0.00211
29.26 34 GPS 3 49758771 356544701 1091 77536 189 344 320957750 12 0
29.32 34 IR_SENSORS -966 8 1
29.32 34 NAVIGATION 1 1 12 -50 38 3865.2 2798.4
29.68 34 WP_MOVED 4 497575. 3565498. 0.
29.72 34 GYRO_RATES -197 -162 -135 1.719149 -1.413717 -1.178097
29.72 34 GPS 3 49758767 356544702 1217 77539 191 351 320957998 12 0
29.72 34 SVINFO 6 30 4 6 34 7 98
29.72 34 ESTIMATOR 775.390015 3.51 3.51 3.51 775.390015
29.72 34 NAVIGATION 1 1 12 -50 38 3867. 2797.2
29.72 34 ATTITUDE 0 0 -83
29.83 34 GPS 3 49758759 356544713 1177 77528 186 353 320958250 12 0
29.83 34 DESIRED 0. 0. 48. 0. 833. 2.
29.95 34 NAVIGATION 1 1 12 -50 38 3861.3 2785.5
29.99 34 WP_MOVED 0 497617. 3565540. 833.
29.99 34 DOWNLINK_STATUS 28 10886 688 0 392. 24.
30.29 34 ESTIMATOR 775.280029 3.53 3.53 3.53 775.280029
30.29 34 GPS 3 49758756 356544727 1154 77523 203 349 320958498 12 0
30.29 34 SVINFO 8 6 4 6 33 10 215
30.29 34 COMMANDS 169,-26,-59,-591
30.29 34 NAVIGATION 1 1 12 -50 38 3849.1 2770.7
30.29 34 ATTITUDE 0 0 -83
30.29 34 DL_VALUE 35 0.
30.36 34 FBW_STATUS 0 0 125
30.36 34 RAD_OF_IR 7 -66 0.00211
30.36 34 GPS 3 49758764 356544742 1091 77542 167 340 320958750 12 0
30.36 34 SVINFO 9 14 13 7 37 62 16
30.36 34 ACTUATORS 1496,1501,0,1214,1470
30.36 34 IR_SENSORS -966 8 1
30.36 34 NAVIGATION 1 1 12 -50 38 3828.2 2755.
30.38 34 WP_MOVED 1 497586.6875 3565500. 833.
30.42 34 GYRO_RATES -197 -162 -135 1.719149 -1.413717 -1.178097
30.54 34 ESTIMATOR 775.419983 3.4 3.4 3.4 775.419983
30.54 34 BAT 174 125 33 0 23 23 1
30.54 34 GPS 3 49758766 356544761 1036 77539 185 337 320958998 12 0
30.55 34 NAVIGATION 1 1 12 -50 38 3807.4 2735.2
30.55 34 ATTITUDE 0 0 -83
30.55 34 CALIBRATION 58.537 0.023 0.067 0
30.74 34 SERVO 9600 -9600 168
30.86 34 DESIRED 0. 0. 48. 0. 833. 2.
30.87 34 IR_DEBUG 696 685 696 685
30.87 34 GPS 3 49758766 356544786 1043 77545 185 326 320959250 12 0
30.87 34 NAVIGATION 1 1 12 -50 38 3782.1 2709.1
30.87 34 WP_MOVED 2 497622.6875 3565498.5 833.
30.87 34 PPRZ_MODE 0 3 3 0 0 1 0
30.95 34 DOWNLINK_STATUS 29 11332 717 0 446. 29.
31.06 34 ESTIMATOR 775.450012 3.26 3.26 3.26 775.450012
31.06 34 GPS 3 49758767 356544810 1071 77543 182 357 320959498 12 0
31.06 34 COMMANDS 170,-23,-53,-591
31.06 34 NAVIGATION 1 1 12 -49 38 3757.2 2684.2
31.06 34 ATTITUDE 0 0 -83
31.06 34 DL_VALUE 36 0.
31.06 34 FBW_STATUS 0 0 125
31.06 34 RAD_OF_IR 8 80 0.00211
31.24 34 IR_SENSORS -966 8 1
31.35 34 NAVIGATION 1 1 12 -49 38 3757.2 2684.2
31.35 34 GPS 3 49758778 356544830 1114 77509 214 315 320959750 12 0
31.35 34 SVINFO 13 3 4 7 37 10 228
31.35 34 WP_MOVED 3 497546.40625 3565495.5 833.
31.35 34 GYRO_RATES -198 -162 -135 1.727876 -1.413717 -1.178097
31.36 34 ESTIMATOR 775.090027 3.15 3.15 3.15 775.090027
31.54 34 NAVIGATION 1 1 12 -49 38 3729.4 2663.7
31.57 34 ATTITUDE 0 0 -83
31.57 34 GPS 3 49758780 356544843 1102 77485 177 330 320959998 12 0
31.75 34 DESIRED 0. 0. 48. 0. 833. 2.
31.84 34 NAVIGATION 1 1 12 -49 38 3715. 2650.4
31.84 34 GPS 3 49758789 356544870 1033 77477 192 324 320960250 12 0
31.84 34 WP_MOVED 4 497575. 3565498. 0.
31.84 34 ESTIMATOR 774.77002 3.24 3.24 3.24 774.77002
31.95 34 DOWNLINK_STATUS 30 11721 740 0 389. 23.
32.06 34 COMMANDS 168,-28,-63,-588
32.06 34 NAVIGATION 1 1 12 -49 38 3681.8 2622.9
32.06 34 ATTITUDE 0 0 -83
32.06 34 DL_VALUE 37 0.1
32.06 34 GPS 3 49758798 356544888 987 77483 197 313 320960498 12 0
32.06 34 SVINFO 0 11 4 6 35 19 311
32.06 34 FBW_STATUS 0 0 125
32.06 34 RAD_OF_IR 9 -132 0.00211
32.25 34 IR_SENSORS -966 8 1
32.25 34 NAVIGATION 1 1 12 -49 38 3657.7 2604.7
32.34 34 WP_MOVED 0 497617. 3565540. 833.
32.34 34 GYRO_RATES -197 -161 -135 1.719149 -1.40499 -1.178097
32.34 34 GPS 3 49758805 356544898 1068 77482 185 316 320960750 12 0
32.34 34 SVINFO 1 22 13 7 37 49 74
32.36 34 ESTIMATOR 774.820007 3.16 3.16 3.16 774.820007
32.36 34 BAT 169 125 35 0 25 25 1
32.55 34 NAVIGATION 1 1 13 -49 38 3643. 2594.7
32.59 34 ATTITUDE 0 0 -83
32.59 34 CALIBRATION 57.936 0.023 0.067 0
32.59 34 GPS 3 49758831 356544897 1072 77508 177 297 320960998 12 0
32.59 34 SVINFO 2 19 4 4 22 22 254
32.59 34 SERVO 9600 -9600 166
32.76 34 DESIRED 0. 0. 48. 0. 833. 2.
32.76 34 IR_DEBUG 696 685 696 685
32.76 34 NAVIGATION 1 1 13 -49 38 3626. 2596.5
32.85 34 WP_MOVED 1 497586.6875 3565500. 833.
32.85 34 GPS 3 49758841 356544888 1222 77528 195 320 320961250 12 0
32.85 34 SVINFO 3 31 13 7 35 45 170
32.85 34 ESTIMATOR 775.280029 3.2 3.2 3.2 775.280029
32.96 34 DOWNLINK_STATUS 31 12165 769 0 444. 29.
33.07 34 COMMANDS 162,-26,-75,-591
33.07 34 NAVIGATION 1 1 13 -49 38 3628. 2606.
33.07 34 ATTITUDE 0 0 -83
33.07 34 DL_VALUE 38 0.
33.07 34 FBW_STATUS 0 0 125
33.07 34 RAD_OF_IR 8 424 0.00211
33.07 34 GPS 3 49758856 356544886 1078 77560 180 318 320961498 12 0
33.07 34 SVINFO 4 18 13 7 35 21 94
33.07 34 IR_SENSORS -966 8 1
33.24 34 NAVIGATION 1 1 13 -49 38 3619.8 2608.5
33.35 34 WP_MOVED 2 497622.6875 3565498.5 833.
33.35 34 GYRO_RATES -197 -162 -135 1.719149 -1.413717 -1.178097
33.35 34 GPS 3 49758886 356544899 1106 77588 157 321 320961750 12 0
33.35 34 SVINFO 5 32 4 6 34 18 299
33.35 34 ESTIMATOR 775.880005 3.21 3.21 3.21 775.880005
33.36 34 NAVIGATION 1 1 13 -49 38 3586.5 2596.5
33.36 34 ATTITUDE 0 0 -83
33.53 34 GPS 3 49758924 356544891 1110 77619 177 339 320961998 12 0
33.57 34 SVINFO 6 30 4 6 34 7 98
33.57 34 DESIRED 0. 0. 48. 0. 833. 2.
33.57 34 NAVIGATION 1 1 14 -49 38 3568.8 2606.4
33.74 34 WP_MOVED 3 497546.40625 3565495.5 833.
33.86 34 ESTIMATOR 776.190002 3.39 3.39 3.39 776.190002
33.86 34 GPS 3 49758940 356544882 1157 77652 167 346 320962250 12 0
33.86 34 COMMANDS 168,-26,-61,-589
33.86 34 NAVIGATION 1 1 14 -49 38 3567.1 2616.5
33.86 34 ATTITUDE 0 0 -83
33.86 34 DL_VALUE 39 0.067
33.86 34 FBW_STATUS 0 0 125
33.92 34 RAD_OF_IR 8 133 0.00211
33.96 34 DOWNLINK_STATUS 32 12611 799 0 446. 30.
34.04 34 GPS 3 49758966 356544874 1089 77685 202 319 320962498 12 0
34.04 34 SVINFO 8 6 4 6 34 10 215
34.04 34 IR_SENSORS -965 7 1
34.04 34 NAVIGATION 1 1 14 -49 38 3557.8 2626.1
34.25 34 WP_MOVED 4 497575. 3565498. 0.
34.25 34 GYRO_RATES -197 -161 -135 1.719149 -1.40499 -1.178097
34.37 34 ESTIMATOR 776.849976 3.19 3.19 3.19 776.849976
34.38 34 BAT 169 125 37 0 27 27 1
34.38 34 GPS 3 49758996 356544875 1133 77706 202 352 320962750 12 0
34.38 34 SVINFO 9 14 13 7 36 62 16
34.38 34 NAVIGATION 1 1 14 -49 38 3537. 2627.
34.38 34 ATTITUDE 0 0 -83
34.38 34 CALIBRATION 57.478 0.023 0.067 0
34.38 34 SERVO 9600 -9600 166
34.56 34 DESIRED 0. 0. 48. 0. 833. 2.
34.60 34 IR_DEBUG 696 684 696 684
34.60 34 GPS 3 49759009 356544855 1124 77724 227 348 320962998 12 0
34.60 34 NAVIGATION 1 1 15 -49 38 3548.4 2648.3
34.60 34 WP_MOVED 0 497617. 3565540. 833.
34.75 34 ESTIMATOR 777.23999 3.48 3.48 3.48 777.23999
34.84 34 GPS 3 49759010 356544841 1129 77763 93 422 320963250 12 0
34.84 34 COMMANDS 169,-28,-63,-589
34.84 34 NAVIGATION 1 1 15 -49 38 3561.8 2662.8
34.84 34 ATTITUDE 0 0 -83
34.84 34 DL_VALUE 40 1.
34.85 34 FBW_STATUS 0 0 125
34.85 34 RAD_OF_IR 8 14 0.00211
34.96 34 DOWNLINK_STATUS 33 13035 826 0 424. 27.
35.05 34 ACTUATORS 1496,1502,0,1211,1472
35.05 34 IR_SENSORS -966 8 1
35.06 34 GPS 3 49759002 356544821 1244 77784 153 379 320963498 12 0
35.06 34 NAVIGATION 1 1 15 -49 38 3587. 2682.9
35.06 34 WP_MOVED 1 497586.6875 3565500. 833.
35.06 34 GYRO_RATES -197 -161 -134 1.719149 -1.40499 -1.169371
35.24 34 ESTIMATOR 777.840027 3.79 3.79 3.79 777.840027
35.34 34 NAVIGATION 1 1 15 -49 38 3587. 2682.9
35.34 34 ATTITUDE 0 0 -83
35.34 34 GPS 3 49759007 356544815 1062 77796 177 343 320963750 12 0
35.34 34 SVINFO 13 3 4 7 38 10 228
35.55 34 DESIRED 0. 0. 48. 0. 833. 2.
35.59 34 NAVIGATION 1 1 15 -49 38 3589.8 2689.4
35.59 34 GPS 3 49759005 356544801 1043 77789 190 326 320963998 12 0
35.59 34 WP_MOVED 2 497622.6875 3565498.5 833.
35.59 34 PPRZ_MODE 0 3 3 0 0 1 0
35.74 34 ESTIMATOR 777.890015 3.26 3.26 3.26 777.890015
35.85 34 COMMANDS 169,-6,-85,-755
35.85 34 NAVIGATION 1 1 15 -49 38 3605.2 2703.8
35.85 34 ATTITUDE 0 0 -83
35.85 34 DL_VALUE 41 0.
35.85 34 GPS 3 49758998 356544775 1166 77790 163 350 320964250 12 0
35.85 34 FBW_STATUS 0 0 125
35.85 34 RAD_OF_IR 7 348 0.00211
35.85 34 IR_SENSORS -966 8 1
35.96 34 DOWNLINK_STATUS 34 13432 851 0 397. 25.
36.29 34 NAVIGATION 1 1 14 -50 38 3636. 2730.4
36.29 34 GPS 3 49758993 356544774 982 77771 210 313 320964498 12 0
36.29 34 WP_MOVED 3 497546.40625 3565495.5 833.
36.29 34 GYRO_RATES -197 -162 -135 1.719149 -1.413717 -1.178097
36.29 34 ESTIMATOR 777.710022 3.13 3.13 3.13 777.710022
36.29 34 BAT 171 125 39 0 29 29 1
36.35 34 NAVIGATION 1 1 14 -50 38 3640.3 2731.1
36.35 34 ATTITUDE 0 0 -83
36.35 34 CALIBRATION 56.513 0.023 0.067 0
36.35 34 GPS 3 49758992 356544779 1134 77753 182 364 320964750 12 0
36.35 34 SVINFO 1 22 13 7 38 49 74
36.35 34 SERVO 9600 -9600 172
36.38 34 DESIRED 0. 0. 48. 0. 833. 2.
36.42 34 IR_DEBUG 695 684 695 684
36.42 34 NAVIGATION 1 1 14 -50 38 3635.9 2725.8
36.54 34 WP_MOVED 4 497575. 3565498. 0.
36.54 34 GPS 3 49758995 356544786 1074 77724 181 323 320964998 12 0
36.54 34 SVINFO 2 19 4 4 30 22 254
36.54 34 ESTIMATOR 777.23999 3.23 3.23 3.23 777.23999
36.76 34 COMMANDS 152,-59,-80,-559
36.76 34 NAVIGATION 1 1 14 -50 38 3626.9 2718.7
36.76 34 ATTITUDE 0 0 -83
36.76 34 DL_VALUE 0 833.
36.84 34 FBW_STATUS 0 0 125
36.84 34 RAD_OF_IR 8 -172 0.00211
36.84 34 NAVIGATION_REF 497575 3565498 12
36.84 34 GPS 3 49759001 356544791 1003 77722 159 379 320965250 12 0
36.84 34 SVINFO 3 31 13 7 36 45 170
36.85 34 IR_SENSORS -966 7 1
36.85 34 NAVIGATION 1 1 15 -50 38 3617.9 2713.9
36.96 34 DOWNLINK_STATUS 35 13895 881 0 463. 30.
37.06 34 WP_MOVED 0 497617. 3565540. 833.
37.06 34 GYRO_RATES -198 -162 -135 1.727876 -1.413717 -1.178097
37.06 34 GPS 3 49759011 356544789 1112 77726 189 349 320965498 12 0
37.06 34 SVINFO 4 18 13 7 35 21 94
37.06 34 ESTIMATOR 777.26001 3.49 3.49 3.49 777.26001
37.06 34 NAVIGATION 1 1 15 -50 38 3613.4 2716.7
37.06 34 ATTITUDE 0 0 -83
37.35 34 GPS 3 49759006 356544784 1121 77723 192 348 320965750 12 0
37.44 34 DESIRED 0. 0. 48. 0. 833. 2.
37.47 34 NAVIGATION 1 1 15 -50 38 3621.7 2721.5
37.48 34 WP_MOVED 1 497586.6875 3565500. 833.
37.59 34 ESTIMATOR 777.22998 3.48 3.48 3.48 777.22998
37.59 34 GPS 3 49759000 356544784 1123 77709 180 343 320965998 12 0
37.59 34 SVINFO 6 30 4 6 35 7 98
37.59 34 COMMANDS 171,-14,-61,-600
37.59 34 NAVIGATION 1 1 15 -50 38 3625.6 2721.1
37.59 34 ATTITUDE 0 0 -83
37.59 34 DL_VALUE 1 1.
37.62 34 FBW_STATUS 0 0 125
37.62 34 RAD_OF_IR 7 5 0.00211
37.85 34 GPS 3 49758992 356544788 1107 77698 196 344 320966250 12 0
37.85 34 IR_SENSORS -966 8 1
37.94 34 NAVIGATION 1 1 14 -50 38 3626.8 2716.4
37.97 34 WP_MOVED 2 497622.6875 3565498.5 833.
37.98 34 GYRO_RATES -199 -163 -136 1.736603 -1.422443 -1.186824
37.98 34 DOWNLINK_STATUS 36 14307 906 0 412. 25.
38.07 34 ESTIMATOR 776.97998 3.44 3.44 3.44 776.97998
38.07 34 BAT 166 125 41 0 31 31 1
38.07 34 GPS 3 49758986 356544796 1096 77695 173 360 320966498 12 0
38.07 34 SVINFO 8 6 4 6 35 10 214
38.07 34 NAVIGATION 1 1 14 -50 38 3622.7 2707.7
38.07 34 ATTITUDE 0 0 -83
38.07 34 CALIBRATION 55.694 0.023 0.067 0
38.12 34 SERVO 9600 -9600 173
38.49 34 DESIRED 0. 0. 48. 0. 833. 2.
38.49 34 IR_DEBUG 696 685 696 685
38.49 34 GPS 3 49758978 356544805 1055 77684 190 346 320966750 12 0
38.49 34 SVINFO 9 14 13 7 37 62 16
38.49 34 NAVIGATION 1 1 14 -49 38 3618.8 2697.9
38.49 34 WP_MOVED 3 497546.40625 3565495.5 833.
38.56 34 ESTIMATOR 776.840027 3.46 3.46 3.46 776.840027
38.56 34 GPS 3 49758973 356544823 1108 77674 166 372 320966998 12 0
38.56 34 COMMANDS 160,-6,-56,-539
38.56 34 NAVIGATION 1 1 14 -49 38 3604.1 2679.
38.56 34 ATTITUDE 0 0 -83
38.56 34 DL_VALUE 2 0.
38.56 34 FBW_STATUS 0 0 125
38.56 34 RAD_OF_IR 7 152 0.00211
38.64 34 IR_SENSORS -966 8 1
38.73 34 NAVIGATION 1 1 14 -49 38 3604.1 2679.
38.73 34 GPS 3 49758966 356544839 1140 77657 212 362 320967250 12 0
38.95 34 WP_MOVED 4 497575. 3565498. 0.
38.95 34 GYRO_RATES -198 -163 -135 1.727876 -1.422443 -1.178097
38.96 34 DOWNLINK_STATUS 37 14731 933 0 424. 27.
39.05 34 ESTIMATOR 776.570007 3.62 3.62 3.62 776.570007
39.05 34 NAVIGATION 1 1 14 -49 38 3592.6 2662.
39.05 34 ATTITUDE 0 0 -83
39.05 34 GPS 3 49758943 356544857 1099 77616 187 347 320967498 12 0
39.14 34 DESIRED 0. 0. 48. 0. 833. 2.
39.16 34 NAVIGATION 1 1 14 -49 38 3589.9 2642.2
39.25 34 GPS 3 49758926 356544872 1115 77598 147 355 320967750 12 0
39.25 34 SVINFO 13 3 4 7 38 10 228
39.26 34 WP_MOVED 0 497617. 3565540. 833.
39.45 34 ESTIMATOR 775.97998 3.55 3.55 3.55 775.97998
39.54 34 COMMANDS 167,-4,-61,-546
39.54 34 NAVIGATION 1 1 14 -49 38 3586.3 2625.9
39.54 34 ATTITUDE 0 0 -83
39.54 34 DL_VALUE 3 0.
39.54 34 GPS 3 49758888 356544883 1226 77554 169 374 320967998 12 0
39.55 34 FBW_STATUS 0 0 125
39.55 34 RAD_OF_IR 7 319 0.00211
39.64 34 ACTUATORS 1497,1502,0,1214,1471
39.64 34 IR_SENSORS -966 8 1
39.64 34 NAVIGATION 1 1 13 -49 38 3601. 2612.9
39.76 34 WP_MOVED 1 497586.6875 3565500. 833.
39.76 34 GYRO_RATES -197 -162 -135 1.719149 -1.413717 -1.178097
39.76 34 GPS 3 49758863 356544883 1242 77528 161 360 320968250 12 0
39.95 34 ESTIMATOR 775.280029 3.6 3.6 3.6 775.280029
39.95 34 BAT 167 125 43 0 33 33 1
39.96 34 DOWNLINK_STATUS 38 15147 958 0 416. 25.
40.05 34 NAVIGATION 1 1 13 -49 38 3617.9 2611.9
40.05 34 ATTITUDE 0 0 -83
40.05 34 CALIBRATION 56.06 0.023 0.067 0
40.05 34 GPS 3 49758849 356544894 1141 77489 215 331 320968498 12 0
40.05 34 SERVO 9600 -9600 169
40.14 34 DESIRED 0. 0. 48. 0. 833. 2.
40.14 34 IR_DEBUG 696 685 696 685
40.14 34 NAVIGATION 1 1 13 -49 38 3616.6 2600.1
40.22 34 WP_MOVED 2 497622.6875 3565498.5 833.
40.23 34 PPRZ_MODE 0 3 3 0 0 17 0
40.27 34 GPS 3 49758847 356544908 1152 77455 175 347 320968750 12 0
40.27 34 SVINFO 1 22 13 7 38 49 74
40.27 34 ESTIMATOR 774.549988 3.47 3.47 3.47 774.549988
40.56 34 COMMANDS 174,-10,-55,-571
40.56 34 NAVIGATION 1 1 13 -48 38 3604.2 2585.8
40.56 34 ATTITUDE 0 0 -83
40.56 34 DL_VALUE 4 0.
40.64 34 FBW_STATUS 0 0 125
40.64 34 RAD_OF_IR 8 31 0.00211
40.64 34 GPS 3 49758853 356544937 1049 77415 212 318 320968998 12 0
40.64 34 IR_SENSORS -966 8 1
40.64 34 NAVIGATION 1 1 13 -48 38 3571.5 2556.6
40.66 34 WP_MOVED 3 497546.40625 3565495.5 833.
40.66 34 GYRO_RATES -197 -162 -135 1.719149 -1.413717 -1.178097
40.86 34 GPS 3 49758848 356544968 1092 77370 204 349 320969250 12 0
40.86 34 SVINFO 3 31 13 7 37 45 170
40.86 34 ESTIMATOR 773.700012 3.49 3.49 3.49 773.700012
40.96 34 DOWNLINK_STATUS 39 15566 985 0 419. 27.
41.05 34 NAVIGATION 1 1 13 -48 38 3544.6 2525.2
41.05 34 ATTITUDE 0 0 -83
41.15 34 GPS 3 49758846 356544996 1075 77337 184 319 320969498 12 0
41.15 34 SVINFO 4 18 13 7 32 21 95
41.15 34 DESIRED 0. 0. 48. 0. 833. 2.
41.15 34 NAVIGATION 1 1 13 -48 38 3518.8 2497.1
41.15 34 WP_MOVED 4 497575. 3565498. 0.
41.24 34 ESTIMATOR 773.369995 3.19 3.19 3.19 773.369995
41.24 34 GPS 3 49758843 356545006 1105 77306 200 304 320969750 12 0
41.33 34 COMMANDS 168,-3,-64,-549
41.33 34 NAVIGATION 1 1 13 -47 38 3511.2 2487.
41.33 34 ATTITUDE 0 0 -83
41.33 34 DL_VALUE 5 44.
41.34 34 FBW_STATUS 0 0 125
41.54 34 RAD_OF_IR 8 84 0.00211
41.66 34 GPS 3 49758849 356545004 1136 77288 188 281 320969998 12 0
41.66 34 SVINFO 6 30 4 6 34 7 98
41.66 34 IR_SENSORS -965 7 1
41.66 34 NAVIGATION 1 1 13 -47 38 3509. 2489.2
41.66 34 WP_MOVED 0 497617. 3565540. 833.
41.66 34 GYRO_RATES -198 -162 -135 1.727876 -1.413717 -1.178097
41.86 34 ESTIMATOR 772.880005 2.81 2.81 2.81 772.880005
41.86 34 BAT 169 125 45 0 35 35 1
41.86 34 GPS 3 49758846 356545005 1068 77266 204 342 320970250 12 0
41.86 34 NAVIGATION 1 1 13 -47 38 3510.1 2488.1
41.86 34 ATTITUDE 0 0 -83
41.86 34 CALIBRATION 57.632 0.023 0.067 0
41.96 34 DOWNLINK_STATUS 40 15998 1012 0 432. 27.
42.19 34 SERVO 9600 -9600 171
42.19 34 DESIRED 0. 0. 48. 0. 833. 2.
42.19 34 IR_DEBUG 696 684 696 684
42.19 34 GPS 3 49758841 356545005 1165 77254 178 362 320970498 12 0
42.19 34 SVINFO 8 6 4 6 33 10 214
42.19 34 NAVIGATION 1 1 13 -47 38 3513.5 2487.9
42.19 34 WP_MOVED 1 497586.6875 3565500. 833.
42.22 34 ESTIMATOR 772.539978 3.62 3.62 3.62 772.539978
42.49 34 GPS 3 49758835 356545009 1088 77249 202 365 320970750 12 0
42.49 34 SVINFO 9 14 13 7 38 62 16
42.49 34 COMMANDS 169,-6,-58,-559
42.49 34 NAVIGATION 1 1 13 -47 38 3513.8 2483.8
42.49 34 ATTITUDE 0 0 -83
42.49 34 DL_VALUE 6 1.
42.49 34 FBW_STATUS 0 0 125
42.49 34 RAD_OF_IR 7 -218 0.00211
42.54 34 IR_SENSORS -966 7 1
42.54 34 NAVIGATION 1 1 13 -47 38 3513.8 2483.8
42.54 34 GPS 3 49758836 356545017 1170 77254 187 389 320970998 12 0
42.55 34 WP_MOVED 2 497622.6875 3565498.5 833.
42.55 34 GYRO_RATES -197 -161 -135 1.719149 -1.40499 -1.178097
42.62 34 ESTIMATOR 772.539978 3.89 3.89 3.89 772.539978
42.74 34 NAVIGATION 1 1 13 -47 38 3505.4 2475.8
42.74 34 ATTITUDE 0 0 -83
42.74 34 GPS 3 49758847 356545018 1091 77271 181 416 320971250 12 0
42.96 34 DOWNLINK_STATUS 41 16393 1037 0 395. 25.
43.18 34 DESIRED 0. 0. 48. 0. 833. 2.
43.18 34 NAVIGATION 1 1 13 -47 38 3496.9 2475.2
43.18 34 GPS 3 49758856 356545015 1125 77286 176 372 320971498 12 0
43.18 34 WP_MOVED 3 497546.40625 3565495.5 833.
43.27 34 ESTIMATOR 772.859985 3.72 3.72 3.72 772.859985
43.27 34 COMMANDS 170,-28,-58,-591
43.28 34 NAVIGATION 1 1 13 -47 38 3493.6 2478.5
43.28 34 ATTITUDE 0 0 -83
43.28 34 DL_VALUE 7 0.
43.28 34 GPS 3 49758856 356545012 1131 77289 193 373 320971750 12 0
43.28 34 SVINFO 13 3 4 6 36 10 228
43.28 34 FBW_STATUS 0 0 125
43.33 34 IR_SENSORS -966 8 1
43.79 34 NAVIGATION 1 1 13 -47 38 3496.5 2481.5
43.79 34 WP_MOVED 4 497575. 3565498. 0.
43.79 34 GYRO_RATES -198 -162 -135 1.727876 -1.413717 -1.178097
43.79 34 GPS 3 49758860 356545000 1169 77299 199 347 320971998 12 0
43.79 34 ESTIMATOR 772.98999 3.47 3.47 3.47 772.98999
43.79 34 BAT 170 125 47 0 37 37 2
43.96 34 DOWNLINK_STATUS 42 16711 1056 0 318. 19.
43.97 34 NAVIGATION 1 1 13 -48 38 3505.4 2493.6
43.97 34 ATTITUDE 0 0 -83
43.97 34 CALIBRATION 59.314 0.023 0.067 0
43.97 34 GPS 3 49758856 356544994 1156 77291 220 379 320972250 12 0
43.97 34 SERVO 9600 -9600 170
44.06 34 DESIRED 0. 0. 48. 0. 833. 2.
44.06 34 IR_DEBUG 696 684 696 684
44.06 34 NAVIGATION 1 1 13 -48 38 3513.9 2499.5
44.06 34 WP_MOVED 0 497617. 3565540. 833.
44.06 34 GPS 3 49758848 356544996 1265 77277 220 369 320972498 12 0
44.06 34 ESTIMATOR 772.77002 3.69 3.69 3.69 772.77002
44.26 34 COMMANDS 171,-12,-69,-569
44.26 34 NAVIGATION 1 1 13 -48 38 3517.4 2497.2
44.26 34 ATTITUDE 0 0 -83
44.26 34 DL_VALUE 8 1.
44.47 34 FBW_STATUS 0 0 125
44.47 34 RAD_OF_IR 7 313 0.00211
44.47 34 GPS 3 49758847 356545010 1099 77257 202 327 320972750 12 0
44.47 34 SVINFO 1 22 13 7 39 49 74
44.47 34 ACTUATORS 1496,1501,0,1214,1469
44.47 34 IR_SENSORS -966 7 1
44.47 34 NAVIGATION 1 1 13 -47 38 3504.6 2483.2
44.47 34 WP_MOVED 1 497586.6875 3565500. 833.
44.54 34 GPS 3 49758855 356545021 1111 77256 201 395 320972998 12 0
44.54 34 ESTIMATOR 772.559998 3.95 3.95 3.95 772.559998
44.56 34 NAVIGATION 1 1 13 -47 38 3488.5 2472.5
44.56 34 ATTITUDE 0 0 -83
44.85 34 GPS 3 49758869 356545043 1131 77244 226 324 320973250 12 0
44.85 34 SVINFO 3 31 13 4 36 45 170
44.94 34 DESIRED 0. 0. 48. 0. 833. 2.
44.98 34 NAVIGATION 1 1 13 -47 38 3457.8 2451.2
44.98 34 WP_MOVED 2 497622.6875 3565498.5 833.
44.98 34 PPRZ_MODE 0 3 3 0 0 17 0
44.98 34 DOWNLINK_STATUS 43 17235 1089 0 524. 33.
45.09 34 GPS 3 49758878 356545052 1095 77237 233 311 320973498 12 0
45.09 34 SVINFO 4 18 13 7 36 21 95
45.09 34 ESTIMATOR 772.369995 3.11 3.11 3.11 772.369995
45.09 34 COMMANDS 170,-6,-58,-561
45.09 34 NAVIGATION 1 1 13 -47 38 3443.1 2442.7
45.09 34 ATTITUDE 0 0 -83
45.09 34 DL_VALUE 9 -61.099998
45.14 34 FBW_STATUS 0 0 125
45.14 34 RAD_OF_IR 7 -103 0.00211
45.14 34 NAVIGATION_REF 497575 3565498 12
45.35 34 GPS 3 49758894 356545039 1202 77269 286 470 320973750 12 0
45.35 34 IR_SENSORS -966 8 1
45.44 34 NAVIGATION 1 1 13 -47 38 3444.7 2456.3
45.48 34 WP_MOVED 3 497546.40625 3565495.5 833.
45.48 34 GYRO_RATES -198 -163 -136 1.727876 -1.422443 -1.186824
45.57 34 ESTIMATOR 772.690002 4.7 4.7 4.7 772.690002
45.57 34 BAT 167 125 49 0 39 39 2
45.57 34 GPS 3 49758916 356545031 1184 77302 273 416 320973998 12 0
45.57 34 SVINFO 6 30 4 5 34 7 98
45.57 34 NAVIGATION 1 1 14 -47 38 3437.6 2465.2
45.57 34 ATTITUDE 0 0 -83
45.57 34 CALIBRATION 60.26 0.023 0.067 0
45.62 34 SERVO 9600 -9600 172
45.96 34 DOWNLINK_STATUS 44 17574 1112 0 339. 23.
45.98 34 DESIRED 0. 0. 48. 0. 833. 2.
45.98 34 IR_DEBUG 696 685 696 685
45.98 34 GPS 3 49758939 356545043 1024 77336 316 456 320974250 12 0
45.98 34 NAVIGATION 1 1 14 -47 38 3410.7 2454.5
45.98 34 WP_MOVED 4 497575. 3565498. 0.
46.06 34 ESTIMATOR 773.359985 4.56 4.56 4.56 773.359985
46.06 34 GPS 3 49758956 356545047 1103 77364 297 430 320974498 12 0
46.06 34 SVINFO 8 6 4 6 33 10 214
46.06 34 COMMANDS 170,-9,-63,-571
46.06 34 NAVIGATION 1 1 14 -47 38 3395.5 2451.5
46.06 34 ATTITUDE 0 0 -83
46.06 34 DL_VALUE 10 0.
46.07 34 FBW_STATUS 0 0 125
46.07 34 RAD_OF_IR 8 227 0.00211
46.14 34 IR_SENSORS -966 8 1
46.48 34 NAVIGATION 1 1 14 -47 38 3395.5 2451.5
46.48 34 GPS 3 49758948 356545065 991 77377 226 503 320974750 12 0
46.48 34 SVINFO 9 14 13 6 38 62 16
46.48 34 WP_MOVED 0 497617. 3565540. 833.
46.48 34 GYRO_RATES -198 -163 -136 1.727876 -1.422443 -1.186824
46.55 34 ESTIMATOR 773.77002 5.03 5.03 5.03 773.77002
46.55 34 NAVIGATION 1 1 14 -47 38 3383.6 2433.3
46.55 34 ATTITUDE 0 0 -83
46.55 34 GPS 3 49758940 356545073 1097 77392 208 531 320974998 12 0
46.64 34 DESIRED 0. 0. 48. 0. 833. 2.
46.66 34 NAVIGATION 1 1 14 -47 38 3381.3 2425.
46.77 34 GPS 3 49758934 356545076 1128 77397 214 497 320975250 12 0
46.77 34 WP_MOVED 1 497586.6875 3565500. 833.
46.95 34 ESTIMATOR 773.969971 4.97 4.97 4.97 773.969971
46.96 34 DOWNLINK_STATUS 45 18069 1141 0 495. 29.
47.04 34 COMMANDS 174,-29,-56,-603
47.04 34 NAVIGATION 1 1 14 -47 38 3382.5 2421.7
47.04 34 ATTITUDE 0 0 -83
47.04 34 DL_VALUE 11 1.
47.04 34 GPS 3 49758925 356545069 1304 77417 223 476 320975498 12 0
47.05 34 FBW_STATUS 0 0 125
47.05 34 RAD_OF_IR 8 506 0.00211
47.16 34 IR_SENSORS -965 7 1
47.16 34 NAVIGATION 1 1 14 -47 38 3395.1 2428.1
47.28 34 WP_MOVED 2 497622.6875 3565498.5 833.
47.28 34 GYRO_RATES -197 -161 -135 1.719149 -1.40499 -1.178097
47.28 34 GPS 3 49758913 356545064 1210 77427 189 423 320975750 12 0
47.28 34 SVINFO 13 3 4 6 34 10 228
47.45 34 ESTIMATOR 774.27002 4.23 4.23 4.23 774.27002
47.45 34 BAT 166 125 51 0 41 41 2
47.55 34 NAVIGATION 1 1 14 -47 38 3408. 2432.5
47.55 34 ATTITUDE 0 0 -83
47.55 34 CALIBRATION 59.824 0.023 0.067 0
47.55 34 GPS 3 49758875 356545008 1112 77442 160 346 320975998 12 0
47.55 34 SERVO 9600 -9600 169
47.64 34 DESIRED 0. 0. 48. 0. 833. 2.
47.64 34 IR_DEBUG 696 684 696 684
47.64 34 NAVIGATION 1 1 13 -47 38 3487.4 2486.2
47.65 34 WP_MOVED 3 497546.40625 3565495.5 833.
47.96 34 GPS 3 49758329 356545064 1564 76556 168 217 320976250 12 0
47.96 34 ESTIMATOR 765.559998 2.17 2.17 2.17 765.559998
47.96 34 DOWNLINK_STATUS 46 18483 1167 0 414. 26.
48.05 34 COMMANDS 169,-28,-64,-596
48.05 34 NAVIGATION 1 1 8 -47 38 3834.2 2438.2
48.05 34 ATTITUDE 0 0 -83
48.05 34 DL_VALUE 12 0.
48.05 34 FBW_STATUS 0 0 125
48.05 34 RAD_OF_IR 8 1279 0.00211
48.06 34 GPS 3 49758282 356545092 1566 76449 138 237 320976498 12 0
48.06 34 IR_SENSORS -965 7 1
48.12 34 NAVIGATION 1 1 7 -47 38 3844.8 2414.1
48.15 34 WP_MOVED 4 497575. 3565498. 0.
48.15 34 GYRO_RATES -197 -161 -135 1.719149 -1.40499 -1.178097
48.46 34 ESTIMATOR 764.48999 2.37 2.37 2.37 764.48999
48.46 34 GPS 3 49758269 356545100 1703 76412 166 227 320976750 12 0
48.46 34 SVINFO 1 22 13 6 38 49 74
48.69 34 NAVIGATION 1 1 7 -47 38 3847.6 2407.3
48.69 34 ATTITUDE 0 0 -83
48.69 34 GPS 3 49758298 356545102 1696 76414 91 134 320976998 12 0
48.69 34 SVINFO 2 19 4 4 30 22 254
48.69 34 DESIRED 0. 0. 48. 0. 833. 2.
48.69 34 NAVIGATION 1 1 7 -46 38 3822.5 2403.1
48.76 34 WP_MOVED 0 497617. 3565540. 833.
48.76 34 ESTIMATOR 764.140015 1.34 1.34 1.34 764.140015
48.76 34 GPS 3 49758291 356545112 1684 76375 79 83 320977250 12 0
48.77 34 SVINFO 3 31 13 6 32 45 170
48.96 34 COMMANDS 169,-35,-59,-589
48.96 34 NAVIGATION 1 1 7 -46 38 3818.6 2393.9
48.96 34 ATTITUDE 0 0 -83
48.96 34 DL_VALUE 13 517.
48.96 34 DOWNLINK_STATUS 47 18914 1195 0 431. 28.
49.06 34 FBW_STATUS 0 0 125
49.06 34 RAD_OF_IR 7 -33 0.00211
49.06 34 ACTUATORS 1496,1501,0,1214,1470
49.06 34 GPS 3 49758286 356545126 1662 76344 45 45 320977498 12 0
49.06 34 SVINFO 4 18 13 6 32 21 95
49.06 34 IR_SENSORS -965 7 1
49.06 34 NAVIGATION 1 1 7 -46 38 3809.4 2380.6
49.13 34 WP_MOVED 1 497586.6875 3565500. 833.
49.13 34 GYRO_RATES -197 -161 -135 1.719149 -1.40499 -1.178097
49.49 34 ESTIMATOR 763.440002 0.45 0.45 0.45 763.440002
49.49 34 BAT 166 125 53 0 43 43 2
49.49 34 GPS 3 49758279 356545135 1665 76326 44 115 320977750 12 0
49.49 34 NAVIGATION 1 1 7 -46 38 3806.5 2372.4
49.49 34 ATTITUDE 0 0 -83
49.49 34 CALIBRATION 62.778 0.023 0.067 0
49.58 34 SERVO 9600 -9600 170
49.58 34 DESIRED 0. 0. 48. 0. 833. 2.
49.58 34 IR_DEBUG 696 684 696 684
49.58 34 GPS 3 49758276 356545142 1654 76310 99 83 320977998 12 0
49.58 34 SVINFO 6 30 13 6 31 7 98
49.59 34 NAVIGATION 1 1 7 -46 38 3802.3 2365.8
49.59 34 WP_MOVED 2 497622.6875 3565498.5 833.
49.59 34 PPRZ_MODE 0 3 3 0 0 17 0
49.63 34 ESTIMATOR 763.099976 0.83 0.83 0.83 763.099976
49.96 34 DOWNLINK_STATUS 48 19289 1219 0 375. 24.
49.97 34 COMMANDS 164,-26,-66,-583
49.97 34 NAVIGATION 1 1 7 -46 38 3802.3 2365.8
49.97 34 GPS 3 49758273 356545143 1655 76303 89 128 320978250 12 0
49.97 34 ATTITUDE 0 0 -83
49.97 34 DL_VALUE 14 482.
50.07 34 FBW_STATUS 0 0 125
50.07 34 RAD_OF_IR 7 2 0.00211
50.07 34 IR_SENSORS -965 7 1
50.07 34 NAVIGATION 1 1 7 -46 38 3803.8 2365.1
50.07 34 GPS 3 49758271 356545150 1634 76292 21 9 320978498 12 0
50.07 34 SVINFO 8 6 13 6 31 10 214
50.07 34 WP_MOVED 3 497546.40625 3565495.5 833.
50.12 34 ESTIMATOR 762.919983 0.09 0.09 0.09 762.919983
50.26 34 NAVIGATION 1 1 7 -46 38 3798.8 2358.5
50.26 34 ATTITUDE 0 0 -83
50.26 34 GPS 3 49758271 356545151 1643 76278 69 68 320978750 12 0
50.26 34 SVINFO 9 14 13 6 40 62 16
50.56 34 DESIRED 0. 0. 48. 0. 833. 2.
50.56 34 NAVIGATION 1 1 7 -46 38 3797.9 2357.5
50.64 34 GPS 3 49758272 356545150 1639 76266 67 43 320978998 12 0
50.64 34 WP_MOVED 4 497575. 3565498. 0.
50.64 34 ESTIMATOR 762.659973 0.43 0.43 0.43 762.659973
50.78 34 COMMANDS 170,-7,-61,-569
50.78 34 NAVIGATION 1 1 7 -46 38 3798. 2358.4
50.78 34 ATTITUDE 0 0 -83
50.78 34 DL_VALUE 15 455.
50.78 34 GPS 3 49758349 356545121 1473 76270 177 138 320979250 12 0
50.78 34 FBW_STATUS 0 0 125
50.78 34 RAD_OF_IR 8 -470 0.00211
50.83 34 IR_SENSORS -966 8 1
50.96 34 DOWNLINK_STATUS 49 19740 1249 0 451. 30.
51.29 34 NAVIGATION 1 1 8 -46 38 3764.3 2381.
51.29 34 WP_MOVED 0 497617. 3565540. 833.
51.29 34 GYRO_RATES -197 -162 -135 1.719149 -1.413717 -1.178097
51.29 34 GPS 3 49758360 356545089 1619 76309 252 298 320979498 12 0
51.29 34 ESTIMATOR 763.090027 2.98 2.98 2.98 763.090027
51.29 34 BAT 170 125 55 0 45 45 2
51.35 34 NAVIGATION 1 1 8 -47 38 3786. 2411.6
51.35 34 ATTITUDE 0 0 -83
51.35 34 CALIBRATION 66.856 0.023 0.067 0
51.35 34 SERVO 9600 -9600 169
51.35 34 GPS 3 49758521 356545075 1717 76279 268 275 320979750 12 0
51.35 34 SVINFO 13 3 13 4 31 10 228
51.38 34 DESIRED 0. 0. 48. 0. 833. 2.
51.42 34 IR_DEBUG 696 684 696 684
51.42 34 NAVIGATION 1 1 10 -47 38 3676. 2417.9
51.42 34 WP_MOVED 1 497586.6875 3565500. 833.
51.53 34 GPS 3 49758545 356545046 1535 76250 165 192 320979998 12 0
51.53 34 ESTIMATOR 762.5 1.92 1.92 1.92 762.5
51.76 34 COMMANDS 168,-4,-64,-566
51.76 34 NAVIGATION 1 1 10 -47 38 3685.8 2445.9
51.76 34 ATTITUDE 0 0 -83
51.76 34 DL_VALUE 16 7500.
51.84 34 FBW_STATUS 0 0 125
51.84 34 RAD_OF_IR 7 -523 0.00211
51.84 34 GPS 3 49758549 356545063 1545 76238 118 179 320980250 12 0
51.84 34 IR_SENSORS -966 8 1
51.84 34 NAVIGATION 1 1 10 -47 38 3666.6 2429.
51.93 34 WP_MOVED 2 497622.6875 3565498.5 833.
51.97 34 GYRO_RATES -197 -162 -135 1.719149 -1.413717 -1.178097
51.97 34 DOWNLINK_STATUS 50 20207 1278 0 467. 29.
52.27 34 GPS 3 49758535 356545070 1707 76219 113 140 320980498 12 0
52.27 34 ESTIMATOR 762.190002 1.4 1.4 1.4 762.190002
52.27 34 NAVIGATION 1 1 10 -47 38 3670.3 2422.5
52.27 34 ATTITUDE 0 0 -83
52.35 34 GPS 3 49758512 356545101 1669 76201 51 73 320980750 12 0
52.35 34 SVINFO 1 22 13 6 36 49 74
52.35 34 DESIRED 0. 0. 48. 0. 833. 2.
52.35 34 NAVIGATION 1 1 10 -46 38 3658.1 2392.7
52.35 34 WP_MOVED 3 497546.40625 3565495.5 833.
52.59 34 ESTIMATOR 762.01001 0.73 0.73 0.73 762.01001
52.63 34 GPS 3 49758486 356545128 1742 76171 29 55 320980998 12 0
52.63 34 SVINFO 2 19 4 5 36 22 254
52.63 34 COMMANDS 167,-20,-53,-576
52.63 34 NAVIGATION 1 1 9 -46 38 3652.2 2367.3
52.63 34 ATTITUDE 0 0 -83
52.63 34 DL_VALUE 17 11250.
52.75 34 FBW_STATUS 0 0 125
52.75 34 RAD_OF_IR 8 210 0.00211
52.96 34 DOWNLINK_STATUS 51 20496 1296 0 289. 18.
52.97 34 GPS 3 49758458 356545151 1813 76127 35 9 320981250 12 0
52.97 34 SVINFO 3 31 13 6 39 45 170
52.97 34 IR_SENSORS -966 8 1
52.97 34 NAVIGATION 1 1 9 -46 38 3651.8 2346.1
53.07 34 WP_MOVED 4 497575. 3565498. 0.
53.07 34 GYRO_RATES -198 -162 -135 1.727876 -1.413717 -1.178097
53.07 34 ESTIMATOR 761.27002 0.09 0.09 0.09 761.27002
53.07 34 BAT 171 125 57 0 47 47 2
53.07 34 GPS 3 49758441 356545169 1747 76107 24 -17 320981498 12 0
53.07 34 SVINFO 4 18 13 6 32 21 95
53.07 34 ATTITUDE 0 0 -83
53.07 34 CALIBRATION 70.306 0.023 0.067 0
53.24 34 SERVO 9600 -9600 172
53.36 34 DESIRED 0. 0. 48. 0. 833. 2.
53.36 34 IR_DEBUG 695 684 695 684
53.36 34 GPS 3 49758424 356545178 1799 76087 25 -45 320981750 12 0
53.36 34 NAVIGATION 1 1 9 -46 38 3652.6 2321.6
53.36 34 WP_MOVED 0 497617. 3565540. 833.
53.43 34 ESTIMATOR 760.869995 -0.45 -0.45 -0.45 760.869995
53.57 34 COMMANDS 166,-7,-64,-563
53.57 34 NAVIGATION 1 1 9 -46 38 3652.6 2321.6
53.57 34 GPS 3 49758404 356545191 1839 76065 8 -56 320981998 12 0
53.57 34 SVINFO 6 30 13 6 34 7 98
53.57 34 ATTITUDE 0 0 -83
53.57 34 DL_VALUE 18 10000.
53.57 34 FBW_STATUS 0 0 125
53.75 34 RAD_OF_IR 8 115 0.00211
53.75 34 NAVIGATION_REF 497575 3565498 12
53.86 34 ACTUATORS 1496,1501,0,1214,1469
53.86 34 IR_SENSORS -965 7 1
53.86 34 NAVIGATION 1 1 9 -46 38 3655.9 2310.1
53.86 34 GPS 3 49758394 356545215 1888 76058 38 -50 320982250 12 0
53.86 34 WP_MOVED 1 497586.6875 3565500. 833.
53.86 34 GYRO_RATES -198 -163 -135 1.727876 -1.422443 -1.178097
53.87 34 ESTIMATOR 760.580017 -0.5 -0.5 -0.5 760.580017
53.94 34 NAVIGATION 1 1 8 -45 38 3641.4 2287.7
53.98 34 ATTITUDE 0 0 -83
53.98 34 DOWNLINK_STATUS 52 21072 1333 0 576. 37.
54.03 34 GPS 3 49758378 356545239 1970 76041 26 -8 320982498 12 0
54.03 34 SVINFO 8 6 12 4 27 10 214
54.25 34 DESIRED 0. 0. 48. 0. 833. 2.
54.35 34 NAVIGATION 1 1 8 -45 38 3631.7 2265.7
54.35 34 GPS 3 49758363 356545267 2045 76039 52 15 320982750 12 0
54.35 34 SVINFO 9 14 13 6 35 62 16
54.35 34 WP_MOVED 2 497622.6875 3565498.5 833.
54.35 34 PPRZ_MODE 0 3 3 0 0 17 0
54.35 34 ESTIMATOR 760.390015 0.15 0.15 0.15 760.390015
54.46 34 COMMANDS 173,-26,-52,-594
54.50 34 NAVIGATION 1 1 8 -45 38 3617.7 2240.1
54.50 34 ATTITUDE 0 0 -83
54.50 34 DL_VALUE 19 3000.
54.53 34 GPS 3 49758345 356545296 2127 76030 21 -21 320982998 12 0
54.54 34 FBW_STATUS 0 0 125
54.54 34 RAD_OF_IR 8 235 0.00211
54.75 34 IR_SENSORS -965 7 1
54.75 34 NAVIGATION 1 1 8 -45 38 3605.4 2213.9
54.84 34 WP_MOVED 3 497546.40625 3565495.5 833.
54.84 34 GYRO_RATES -197 -161 -135 1.719149 -1.40499 -1.178097
54.84 34 GPS 3 49758334 356545309 2223 76037 40 -37 320983250 12 0
54.85 34 ESTIMATOR 760.369995 -0.37 -0.37 -0.37 760.369995
54.85 34 BAT 173 125 59 0 49 49 2
54.93 34 NAVIGATION 1 1 8 -44 38 3602.2 2202.5
54.97 34 ATTITUDE 0 0 -83
54.97 34 CALIBRATION 71.421 0.023 0.067 0
54.97 34 DOWNLINK_STATUS 53 21487 1359 0 415. 26.
55.04 34 GPS 3 49758322 356545338 2313 76030 10 -23 320983498 12 0
55.04 34 SERVO 9600 -9600 173
55.36 34 DESIRED 0. 0. 48. 0. 833. 2.
55.36 34 IR_DEBUG 695 684 695 684
55.36 34 NAVIGATION 1 1 8 -44 38 3585.5 2176.2
55.47 34 WP_MOVED 4 497575. 3565498. 0.
55.50 34 GPS 3 49758305 356545362 2374 76026 32 -18 320983750 12 0
55.50 34 SVINFO 13 3 13 6 32 10 228
55.50 34 ESTIMATOR 760.26001 -0.18 -0.18 -0.18 760.26001
55.50 34 COMMANDS 167,-7,-67,-569
55.50 34 NAVIGATION 1 1 8 -44 38 3577.4 2155.2
55.50 34 ATTITUDE 0 0 -83
55.54 34 FBW_STATUS 0 0 125
55.54 34 RAD_OF_IR 8 172 0.00211
55.54 34 GPS 3 49758289 356545373 2455 76024 25 -21 320983998 12 0
55.87 34 IR_SENSORS -965 7 1
55.87 34 NAVIGATION 1 1 7 -44 38 3580.2 2146.2
55.87 34 WP_MOVED 0 497617. 3565540. 833.
55.87 34 GYRO_RATES -197 -161 -134 1.719149 -1.40499 -1.169371
55.95 34 GPS 3 49758273 356545385 2517 76009 18 -35 320984250 12 0
55.99 34 ESTIMATOR 760.090027 -0.35 -0.35 -0.35 760.090027
55.99 34 NAVIGATION 1 1 7 -44 38 3582.3 2136.4
55.99 34 ATTITUDE 0 0 -83
55.99 34 DOWNLINK_STATUS 54 21865 1382 0 378. 23.
56.03 34 GPS 3 49758261 356545382 2521 76003 6 -23 320984498 12 0
56.04 34 DESIRED 0. 0. 48. 0. 833. 2.
56.04 34 NAVIGATION 1 1 7 -44 38 3594.6 2140.1
56.12 34 WP_MOVED 1 497586.6875 3565500. 833.
56.36 34 ESTIMATOR 760.030029 -0.23 -0.23 -0.23 760.030029
56.36 34 GPS 3 49758244 356545385 2535 75998 24 3 320984750 12 0
56.36 34 SVINFO 1 22 13 6 37 49 74
56.44 34 COMMANDS 169,-21,-59,-594
56.48 34 NAVIGATION 1 1 7 -44 38 3605.6 2138.8
56.48 34 ATTITUDE 0 0 -83
56.48 34 DL_VALUE 21 17500.
56.48 34 FBW_STATUS 0 0 125
56.48 34 RAD_OF_IR 7 39 0.00211
56.54 34 GPS 3 49758236 356545378 2608 75997 28 -1 320984998 12 0
56.54 34 SVINFO 2 19 4 6 38 22 254
56.54 34 IR_SENSORS -965 7 1
56.55 34 NAVIGATION 1 1 7 -44 38 3618.3 2145.9
56.63 34 WP_MOVED 2 497622.6875 3565498.5 833.
56.63 34 GYRO_RATES -196 -161 -134 1.710423 -1.40499 -1.169371
56.96 34 DOWNLINK_STATUS 55 22167 1401 0 302. 19.
56.99 34 ESTIMATOR 759.969971 -0.01 -0.01 -0.01 759.969971
56.99 34 BAT 168 125 60 0 50 50 2
56.99 34 GPS 3 49758239 356545366 2502 75996 26 21 320985250 12 0
56.99 34 SVINFO 3 31 13 6 36 45 170
56.99 34 NAVIGATION 1 1 7 -44 38 3626.6 2156.7
56.99 34 ATTITUDE 0 0 -83
56.99 34 CALIBRATION 72.434 0.023 0.067 0
57.08 34 SERVO 9600 -9600 170
57.08 34 DESIRED 0. 0. 48. 0. 833. 2.
57.08 34 IR_DEBUG 696 685 696 685
57.08 34 GPS 3 49758246 356545357 2399 75996 23 68 320985498 12 0
57.08 34 SVINFO 4 18 13 6 34 21 95
57.08 34 NAVIGATION 1 1 7 -44 38 3629. 2164.4
57.08 34 WP_MOVED 3 497546.40625 3565495.5 833.
57.13 34 ESTIMATOR 759.960022 0.68 0.68 0.68 759.960022
57.47 34 COMMANDS 169,7,-58,-563
57.47 34 NAVIGATION 1 1 7 -44 38 3629. 2164.4
57.47 34 GPS 3 49758254 356545344 2320 76013 51 198 320985750 12 0
57.47 34 ATTITUDE 0 0 -83
57.47 34 DL_VALUE 22 20000.
57.57 34 FBW_STATUS 0 0 125
57.57 34 RAD_OF_IR 8 -223 0.00211
57.57 34 IR_SENSORS -966 8 1
57.57 34 NAVIGATION 1 1 7 -44 38 3634.2 2175.8
57.57 34 GPS 3 49758268 356545333 2423 76032 39 58 320985998 12 0
57.57 34 SVINFO 6 30 13 6 31 7 98
57.57 34 WP_MOVED 4 497575. 3565498. 0.
57.75 34 ESTIMATOR 760.320007 0.58 0.58 0.58 760.320007
57.75 34 NAVIGATION 1 1 7 -44 38 3632.9 2184.9
57.75 34 ATTITUDE 0 0 -83
57.75 34 GPS 3 49758297 356545335 2531 76019 43 64 320986250 12 0
57.96 34 DOWNLINK_STATUS 56 22656 1432 0 489. 31.
58.06 34 DESIRED 0. 0. 48. 0. 833. 2.
58.06 34 NAVIGATION 1 1 7 -44 38 3608. 2180.8
58.15 34 GPS 3 49758315 356545334 2487 76007 40 141 320986498 12 0
58.15 34 SVINFO 8 6 13 4 27 10 214
58.15 34 WP_MOVED 0 497617. 3565540. 833.
58.15 34 ESTIMATOR 760.070007 1.41 1.41 1.41 760.070007
58.36 34 COMMANDS 169,-21,-53,-586
58.36 34 NAVIGATION 1 1 8 -44 38 3594.6 2180.4
58.36 34 ATTITUDE 0 0 -83
58.36 34 DL_VALUE 23 0.
58.36 34 GPS 3 49758340 356545328 2456 75990 49 92 320986750 12 0
58.36 34 SVINFO 9 14 13 6 36 62 16
58.36 34 FBW_STATUS 0 0 125
58.36 34 RAD_OF_IR 7 -87 0.00211
58.36 34 ACTUATORS 1496,1501,0,1214,1469
58.36 34 IR_SENSORS -966 8 1
58.69 34 NAVIGATION 1 1 8 -44 38 3580.3 2184.3
58.73 34 WP_MOVED 1 497586.6875 3565500. 833.
58.73 34 GYRO_RATES -197 -162 -135 1.719149 -1.413717 -1.178097
58.73 34 GPS 3 49758360 356545333 2476 75964 11 25 320986998 12 0
58.73 34 ESTIMATOR 759.640015 0.25 0.25 0.25 759.640015
58.73 34 BAT 172 125 62 0 52 52 2
58.73 34 NAVIGATION 1 1 8 -44 38 3560.1 2178.4
58.73 34 ATTITUDE 0 0 -83
58.73 34 CALIBRATION 72.877 0.023 0.067 0
58.74 34 GPS 3 49758376 356545337 2467 75965 18 95 320987250 12 0
58.74 34 SERVO 9600 -9600 173
58.89 34 DESIRED 0. 0. 48. 0. 833. 2.
58.89 34 IR_DEBUG 695 684 695 684
58.89 34 NAVIGATION 1 1 8 -44 38 3544. 2173.7
58.94 34 WP_MOVED 2 497622.6875 3565498.5 833.
58.94 34 PPRZ_MODE 0 3 3 0 0 17 0
58.96 34 DOWNLINK_STATUS 57 23161 1464 0 505. 32.
59.15 34 GPS 3 49758364 356545358 2463 75972 25 102 320987498 12 0
59.25 34 ESTIMATOR 759.719971 1.02 1.02 1.02 759.719971
59.25 34 COMMANDS 165,-31,-56,-576
59.25 34 NAVIGATION 1 1 8 -44 38 3534.5 2154.9
59.25 34 ATTITUDE 0 0 -83
59.25 34 DL_VALUE 24 2150.
59.25 34 FBW_STATUS 0 0 125
59.26 34 RAD_OF_IR 7 -11 0.00211
59.26 34 GPS 3 49758346 356545381 2482 75970 36 90 320987750 12 0
59.26 34 SVINFO 13 3 13 4 31 10 228
59.32 34 IR_SENSORS -966 8 1
59.33 34 NAVIGATION 1 1 8 -44 38 3528. 2134.8
59.44 34 WP_MOVED 3 497546.40625 3565495.5 833.
59.44 34 GYRO_RATES -197 -161 -135 1.719149 -1.40499 -1.178097
59.66 34 GPS 3 49758341 356545404 2426 75986 61 194 320987998 12 0
59.66 34 ESTIMATOR 759.859985 1.94 1.94 1.94 759.859985
59.67 34 NAVIGATION 1 1 8 -43 38 3511.5 2114.
59.67 34 ATTITUDE 0 0 -83
59.73 34 GPS 3 49758337 356545419 2367 75987 75 161 320988250 12 0
59.76 34 DESIRED 0. 0. 48. 0. 833. 2.
59.85 34 NAVIGATION 1 1 8 -43 38 3501.4 2100.5
59.85 34 WP_MOVED 4 497575. 3565498. 0.
59.96 34 DOWNLINK_STATUS 58 23528 1486 0 367. 22.
60.19 34 ESTIMATOR 759.869995 1.61 1.61 1.61 759.869995
60.19 34 GPS 3 49758349 356545423 1310 75985 125 173 320988498 12 0
60.19 34 SVINFO 0 11 4 5 36 20 311
60.19 34 COMMANDS 174,-31,-56,-594
60.19 34 NAVIGATION 1 1 8 -43 38 3488.4 2096.1
60.19 34 ATTITUDE 0 0 -83
60.19 34 DL_VALUE 25 5300.
60.22 34 FBW_STATUS 0 0 125
60.22 34 RAD_OF_IR 7 558 0.00211
60.34 34 GPS 3 49758362 356545416 1130 75997 106 202 320988750 12 0
60.34 34 SVINFO 1 22 13 6 39 49 74
60.34 34 IR_SENSORS -966 8 1
60.34 34 NAVIGATION 1 1 8 -43 38 3484.4 2101.6
60.35 34 WP_MOVED 0 497617. 3565540. 833.
60.35 34 GYRO_RATES -197 -162 -134 1.719149 -1.413717 -1.169371
60.44 34 ESTIMATOR 759.969971 2.02 2.02 2.02 759.969971
60.47 34 BAT 168 125 64 0 54 54 2
60.67 34 GPS 3 49758380 356545410 1160 76006 158 161 320988998 12 0
60.67 34 SVINFO 2 19 4 6 39 22 254
60.67 34 NAVIGATION 1 1 8 -43 38 3475.7 2106.1
60.67 34 ATTITUDE 0 0 -83
60.67 34 CALIBRATION 73.061 0.023 0.067 0
60.72 34 SERVO 9600 -9600 171
60.86 34 DESIRED 0. 0. 48. 0. 833. 2.
60.86 34 IR_DEBUG 695 684 695 684
60.86 34 GPS 3 49758405 356545385 1184 76033 172 203 320989250 12 0
60.86 34 SVINFO 3 31 13 6 37 45 170
60.86 34 NAVIGATION 1 1 9 -44 38 3478.5 2127.6
60.86 34 WP_MOVED 1 497586.6875 3565500. 833.
60.92 34 ESTIMATOR 760.330017 2.03 2.03 2.03 760.330017
60.96 34 DOWNLINK_STATUS 59 23994 1516 0 466. 30.
61.18 34 GPS 3 49758506 356545362 1255 76000 197 231 320989498 12 0
61.18 34 SVINFO 4 18 13 4 33 21 95
61.18 34 COMMANDS 167,-31,-56,-583
61.18 34 NAVIGATION 1 1 10 -44 38 3422. 2144.5
61.18 34 ATTITUDE 0 0 -83
61.18 34 DL_VALUE 26 10000.
61.18 34 FBW_STATUS 0 0 125
61.22 34 RAD_OF_IR 7 204 0.00211
61.22 34 IR_SENSORS -965 7 1
61.35 34 NAVIGATION 1 1 10 -44 38 3422. 2144.5
61.35 34 GPS 3 49758548 356545349 1409 75966 165 260 320989750 12 0
61.35 34 WP_MOVED 2 497622.6875 3565498.5 833.
61.35 34 GYRO_RATES -197 -163 -135 1.719149 -1.422443 -1.178097
61.35 34 ESTIMATOR 759.659973 2.6 2.6 2.6 759.659973
61.96 34 DOWNLINK_STATUS 60 24200 1530 0 206. 14.
62.96 34 DOWNLINK_STATUS 61 24200 1530 0 0. 0.
63.96 34 DOWNLINK_STATUS 62 24200 1530 0 0. 0.
64.96 34 DOWNLINK_STATUS 63 24200 1530 0 0. 0.
65.96 34 DOWNLINK_STATUS 64 24200 1530 0 0. 0.
66.96 34 DOWNLINK_STATUS 65 24200 1530 0 0. 0.
67.96 34 DOWNLINK_STATUS 66 24200 1530 0 0. 0.
68.96 34 DOWNLINK_STATUS 67 24200 1530 0 0. 0.
69.96 34 DOWNLINK_STATUS 68 24200 1530 0 0. 0.
70.96 34 DOWNLINK_STATUS 69 24200 1530 0 0. 0.
71.96 34 DOWNLINK_STATUS 70 24200 1530 0 0. 0.
72.96 34 DOWNLINK_STATUS 71 24200 1530 0 0. 0.
73.96 34 DOWNLINK_STATUS 72 24200 1530 0 0. 0.
74.96 34 DOWNLINK_STATUS 73 24200 1530 0 0. 0.
75.96 34 DOWNLINK_STATUS 74 24200 1530 0 0. 0.
76.96 34 DOWNLINK_STATUS 75 24200 1530 0 0. 0.
77.96 34 DOWNLINK_STATUS 76 24200 1530 0 0. 0.
78.96 34 DOWNLINK_STATUS 77 24200 1530 0 0. 0.
79.96 34 DOWNLINK_STATUS 78 24200 1530 0 0. 0.
80.96 34 DOWNLINK_STATUS 79 24200 1530 0 0. 0.
81.96 34 DOWNLINK_STATUS 80 24200 1530 0 0. 0.
