7.94 34 ESTIMATOR 0. 0. 0. 0. 0.
8.05 34 GPS 0 49756236 356547986 0 74760 0 0 417029999 12 0
8.05 34 SVINFO 5 14 4 3 34 10 80
8.05 34 COMMANDS 150,-10,-96,-558
8.06 34 NAVIGATION 0 1 0 0 42 0. 140.5
8.06 34 ATTITUDE 1 0 -77
8.06 34 DL_VALUE 3 0.
8.06 34 FBW_STATUS 0 0 122
8.06 34 RAD_OF_IR 7 0 0.00199
8.06 34 NAVIGATION_REF 497575 3565498 12
8.15 34 IR_SENSORS -950 7 1
8.16 34 GPS 0 49756236 356547986 0 74760 0 0 417030251 12 0
8.16 34 NAVIGATION 0 1 0 0 42 0. 140.5
8.23 34 WP_MOVED 3 497546.40625 3565495.5 810.
8.23 34 GYRO_RATES -163 -143 -134 1.422443 -1.24791 -1.169371
8.37 34 DOWNLINK_STATUS 7 1710 112 0 522. 34.
8.45 34 ESTIMATOR 0. 0. 0. 0. 0.
8.45 34 BAT 172 122 0 0 45 0 0
8.66 34 NAVIGATION 0 1 0 0 42 0. 140.5
8.66 34 ATTITUDE 1 0 -77
8.66 34 CALIBRATION 0. 0.023 0.074 0
8.67 34 GPS 0 49756236 356547986 0 74760 0 0 417030499 12 0
8.67 34 SVINFO 7 25 4 3 35 8 233
8.67 34 CALIB_CONTRAST 954
8.67 34 SERVO 9600 -9600 168
8.75 34 IR_DEBUG 684 674 684 674
8.75 34 NAVIGATION 0 1 0 0 42 0. 140.5
8.75 34 GPS 0 49756236 356547986 0 74760 0 0 417030751 12 0
8.75 34 SVINFO 8 13 4 3 35 2 278
8.75 34 WP_MOVED 4 497605. 3565508. 810.
8.75 34 ESTIMATOR 0. 0. 0. 0. 0.
9.08 34 COMMANDS 172,9,-29,-563
9.12 34 NAVIGATION 0 1 0 0 42 0. 140.5
9.12 34 ATTITUDE 1 0 -77
9.12 34 DL_VALUE 4 0.
9.12 34 GPS 0 49756236 356547986 0 74760 0 0 417030999 12 0
9.12 34 SVINFO 9 2 4 3 35 -9 358
9.12 34 FBW_STATUS 0 0 122
9.12 34 RAD_OF_IR 7 0 0.00199
9.12 34 IR_SENSORS -951 7 1
9.12 34 NAVIGATION 0 1 0 0 42 0. 140.5
9.24 34 GPS 0 49756236 356547986 0 74760 0 0 417031251 12 0
9.24 34 WP_MOVED 5 497625. 3565488. 810.
9.24 34 GYRO_RATES -163 -144 -134 1.422443 -1.256637 -1.169371
9.24 34 ESTIMATOR 0. 0. 0. 0. 0.
9.32 34 NAVIGATION 0 1 0 0 42 0. 140.5
9.36 34 ATTITUDE 1 0 -77
9.37 34 DOWNLINK_STATUS 8 2170 143 0 460. 31.
9.55 34 GPS 0 49756236 356547986 0 74760 0 0 417031499 12 0
9.55 34 SVINFO 11 6 12 2 36 -8 158
9.55 34 CALIB_CONTRAST 954
9.63 34 DESIRED -0. -0.01 0. 0. 778. 0.
9.63 34 NAVIGATION 0 1 0 0 42 0. 140.5
9.67 34 WP_MOVED 6 497565. 3565513. 810.
9.67 34 GPS 0 49756236 356547986 0 74760 0 0 417031751 12 0
9.67 34 SVINFO 12 9 4 3 34 -9 55
9.72 34 ESTIMATOR 0. 0. 0. 0. 0.
9.83 34 COMMANDS 171,-31,-69,-563
9.83 34 NAVIGATION 0 1 0 0 42 0. 140.5
9.83 34 ATTITUDE 1 0 -77
9.83 34 DL_VALUE 5 0.
9.83 34 FBW_STATUS 0 0 122
10.05 34 RAD_OF_IR 7 0 0.00199
10.05 34 GPS 0 49756236 356547986 0 74760 0 0 417031999 12 0
10.27 34 IR_SENSORS -951 7 1
10.27 34 NAVIGATION 0 1 0 0 42 0. 140.5
10.27 34 WP_MOVED 7 497540. 3565503. 810.
10.27 34 GYRO_RATES -163 -144 -134 1.422443 -1.256637 -1.169371
10.27 34 GPS 0 49756236 356547986 0 74760 0 0 417032251 12 0
10.27 34 ESTIMATOR 0. 0. 0. 0. 0.
10.28 34 NAVIGATION 0 1 0 0 42 0. 140.5
10.28 34 ATTITUDE 1 0 -77
10.28 34 CALIBRATION 0. 0.023 0.074 0
10.33 34 CALIB_CONTRAST 954
10.37 34 SERVO 9600 -9600 171
10.37 34 DOWNLINK_STATUS 9 2578 170 0 408. 27.
10.67 34 GPS 0 49756236 356547986 0 74760 0 0 417032499 12 0
10.67 34 DESIRED -0. -0.01 0. 0. 778. 0.
10.67 34 IR_DEBUG 684 674 684 674
10.67 34 NAVIGATION 0 1 0 0 42 0. 140.5
10.75 34 WP_MOVED 8 497625. 3565493. 810.
10.75 34 GPS 0 49756236 356547986 0 74760 0 0 417032751 12 0
10.75 34 ESTIMATOR 0. 0. 0. 0. 0.
10.76 34 COMMANDS 168,-18,-70,-561
10.76 34 NAVIGATION 0 1 0 0 42 0. 140.5
10.76 34 ATTITUDE 1 0 -77
10.76 34 DL_VALUE 6 0.
10.82 34 FBW_STATUS 0 0 122
10.85 34 RAD_OF_IR 7 0 0.00199
10.94 34 GPS 0 49756236 356547986 0 74760 0 0 417032999 12 0
10.95 34 SVINFO 1 20 4 3 35 53 314
10.95 34 IR_SENSORS -951 7 1
10.95 34 NAVIGATION 0 1 0 0 42 0. 140.5
11.15 34 WP_MOVED 9 497575. 3565498. 0.
11.15 34 GYRO_RATES -163 -144 -134 1.422443 -1.256637 -1.169371
11.15 34 ESTIMATOR 0. 0. 0. 0. 0.
11.15 34 GPS 0 49756236 356547986 0 74760 0 0 417033251 12 0
11.22 34 NAVIGATION 0 1 0 0 42 0. 140.5
11.22 34 ATTITUDE 1 0 -77
11.25 34 CALIB_CONTRAST 954
11.37 34 DOWNLINK_STATUS 10 2959 194 0 381. 24.
11.57 34 DESIRED -0. -0.01 0. 0. 778. 0.
11.57 34 GPS 0 49756236 356547986 0 74760 0 0 417033499 12 0
11.57 34 NAVIGATION 0 1 0 0 42 0. 140.5
11.75 34 WP_MOVED 0 497617. 3565540. 810.
11.75 34 ESTIMATOR 0. 0. 0. 0. 0.
11.86 34 GPS 0 49756236 356547986 0 74760 0 0 417033751 12 0
11.89 34 COMMANDS 169,-32,-86,-563
11.89 34 NAVIGATION 0 1 0 0 42 0. 140.5
11.89 34 ATTITUDE 1 0 -77
11.89 34 DL_VALUE 7 0.
11.89 34 FBW_STATUS 0 0 122
11.89 34 RAD_OF_IR 7 0 0.00199
11.89 34 ACTUATORS 1497,1502,0,1214,1471
11.90 34 IR_SENSORS -952 7 1
12.07 34 NAVIGATION 0 1 0 0 42 0. 140.5
12.07 34 GPS 0 49756236 356547986 0 74760 0 0 417033999 12 0
12.07 34 WP_MOVED 1 497586.6875 3565500. 810.
12.07 34 GYRO_RATES -163 -143 -134 1.422443 -1.24791 -1.169371
12.13 34 ESTIMATOR 0. 0. 0. 0. 0.
12.13 34 BAT 181 122 0 0 49 0 0
12.36 34 NAVIGATION 0 1 0 0 42 0. 140.5
12.36 34 ATTITUDE 1 0 -77
12.37 34 CALIBRATION 0. 0.023 0.074 0
12.37 34 GPS 0 49756236 356547986 0 74760 0 0 417034251 12 0
12.37 34 DOWNLINK_STATUS 11 3358 218 0 399. 24.
12.56 34 CALIB_CONTRAST 954
12.57 34 SERVO 9600 -9600 170
12.57 34 DESIRED -0. -0.01 0. 0. 778. 0.
12.57 34 IR_DEBUG 685 675 685 675
12.57 34 NAVIGATION 0 1 0 0 42 0. 140.5
12.67 34 GPS 0 49756236 356547986 0 74760 0 0 417034499 12 0
12.67 34 WP_MOVED 2 497622.6875 3565498.5 810.
12.67 34 PPRZ_MODE 0 0 3 0 0 1 0
12.67 34 ESTIMATOR 0. 0. 0. 0. 0.
12.67 34 COMMANDS 170,3,-64,-561
12.67 34 NAVIGATION 0 1 0 0 42 0. 140.5
12.67 34 ATTITUDE 1 0 -77
12.67 34 GPS 0 49756236 356547986 0 74760 0 0 417034751 12 0
12.67 34 FBW_STATUS 0 0 122
12.71 34 RAD_OF_IR 7 0 0.00199
12.75 34 IR_SENSORS -952 7 1
12.82 34 NAVIGATION 0 1 0 0 42 0. 140.5
13.07 34 GPS 0 49756236 356547986 0 74760 0 0 417034999 12 0
13.08 34 SVINFO 9 2 4 2 33 -9 358
13.08 34 WP_MOVED 3 497546.40625 3565495.5 810.
13.08 34 GYRO_RATES -162 -143 -134 1.413717 -1.24791 -1.169371
13.13 34 ESTIMATOR 0. 0. 0. 0. 0.
13.13 34 NAVIGATION 0 1 0 0 42 0. 140.5
13.13 34 ATTITUDE 1 0 -77
13.14 34 GPS 0 49756236 356547986 0 74760 0 0 417035251 12 0
13.14 34 CALIB_CONTRAST 954
13.25 34 DESIRED -0. -0.01 0. 0. 778. 0.
13.33 34 NAVIGATION 0 1 0 0 42 0. 140.5
13.38 34 WP_MOVED 4 497605. 3565508. 810.
13.38 34 DOWNLINK_STATUS 12 3812 247 0 454. 29.
13.55 34 GPS 0 49756236 356547986 0 74760 0 0 417035499 12 0
13.56 34 ESTIMATOR 0. 0. 0. 0. 0.
13.99 34 COMMANDS 169,-20,-67,-558
13.99 34 NAVIGATION 0 1 0 0 42 0. 140.5
13.99 34 ATTITUDE 1 0 -77
13.99 34 DL_VALUE 9 -57.
13.99 34 FBW_STATUS 0 0 122
13.99 34 GPS 0 49756236 356547986 0 74760 0 0 417035751 12 0
13.99 34 RAD_OF_IR 7 0 0.00199
14.00 34 IR_SENSORS -951 6 1
14.07 34 WP_MOVED 5 497625. 3565488. 810.
14.07 34 GYRO_RATES -162 -142 -134 1.413717 -1.239184 -1.169371
14.07 34 GPS 0 49756236 356547986 0 74760 0 0 417035999 12 0
14.07 34 ESTIMATOR 0. 0. 0. 0. 0.
14.07 34 BAT 170 122 0 0 51 0 0
14.07 34 ATTITUDE 1 0 -76
14.07 34 CALIBRATION 0. 0.023 0.074 0
14.13 34 CALIB_CONTRAST 954
14.13 34 SERVO 9600 -9600 179
14.13 34 GPS 0 49756236 356547986 0 74760 0 0 417036251 12 0
14.24 34 DESIRED -0. -0.01 0. 0. 778. 0.
14.24 34 IR_DEBUG 686 675 686 675
14.24 34 NAVIGATION 0 1 0 0 42 0. 140.5
14.38 34 DOWNLINK_STATUS 13 4169 270 0 357. 23.
14.44 34 WP_MOVED 6 497565. 3565513. 810.
14.56 34 ESTIMATOR 0. 0. 0. 0. 0.
14.56 34 GPS 0 49756236 356547986 0 74760 0 0 417036499 12 0
14.56 34 COMMANDS 176,-17,-55,-561
14.56 34 NAVIGATION 0 1 0 0 42 0. 140.5
14.56 34 ATTITUDE 1 0 -77
14.56 34 DL_VALUE 10 0.
14.56 34 FBW_STATUS 0 0 122
14.56 34 RAD_OF_IR 7 0 0.00199
14.62 34 GPS 0 49756236 356547986 0 74760 0 0 417036751 12 0
14.63 34 IR_SENSORS -951 7 1
14.96 34 NAVIGATION 0 1 0 0 42 0. 140.5
14.96 34 WP_MOVED 7 497540. 3565503. 810.
14.96 34 GYRO_RATES -162 -142 -134 1.413717 -1.239184 -1.169371
15.05 34 ESTIMATOR 0. 0. 0. 0. 0.
15.05 34 GPS 0 49756236 356547986 0 74760 0 0 417036999 12 0
15.05 34 NAVIGATION 0 1 0 0 42 0. 140.5
15.05 34 ATTITUDE 1 0 -77
15.05 34 CALIB_CONTRAST 954
15.25 34 GPS 0 49756236 356547986 0 74760 0 0 417037251 12 0
15.25 34 DESIRED -0. -0.01 0. 0. 778. 0.
15.25 34 NAVIGATION 0 1 0 0 42 0. 140.5
15.25 34 WP_MOVED 8 497625. 3565493. 810.
15.38 34 DOWNLINK_STATUS 14 4545 293 0 376. 23.
15.44 34 ESTIMATOR 0. 0. 0. 0. 0.
15.78 34 COMMANDS 170,-23,-69,-561
15.78 34 NAVIGATION 0 1 0 0 42 0. 140.5
15.78 34 GPS 0 49756236 356547986 0 74760 0 0 417037499 12 0
15.78 34 ATTITUDE 1 0 -77
15.78 34 DL_VALUE 11 1.
15.78 34 FBW_STATUS 0 0 122
15.78 34 RAD_OF_IR 7 0 0.00199
15.99 34 IR_SENSORS -951 7 1
16.03 34 GPS 0 49756236 356547986 0 74760 0 0 417037751 12 0
16.04 34 NAVIGATION 0 1 0 0 42 0. 140.5
16.04 34 WP_MOVED 9 497575. 3565498. 0.
16.04 34 GYRO_RATES -163 -143 -134 1.422443 -1.24791 -1.169371
16.04 34 ESTIMATOR 0. 0. 0. 0. 0.
16.07 34 NAVIGATION 0 1 0 0 42 0. 140.5
16.07 34 ATTITUDE 1 0 -77
16.07 34 CALIBRATION 0. 0.023 0.074 0
16.07 34 GPS 0 49756236 356547986 0 74760 0 0 417037999 12 0
16.08 34 CALIB_CONTRAST 954
16.08 34 SERVO 9600 -9600 171
16.18 34 DESIRED -0. -0.01 0. 0. 778. 0.
16.18 34 IR_DEBUG 685 674 685 674
16.18 34 NAVIGATION 0 1 0 0 42 0. 140.5
16.18 34 GPS 0 49756236 356547986 0 74760 0 0 417038251 12 0
16.18 34 WP_MOVED 0 497617. 3565540. 810.
16.38 34 DOWNLINK_STATUS 15 4939 318 0 394. 25.
16.44 34 ESTIMATOR 0. 0. 0. 0. 0.
16.56 34 COMMANDS 170,-17,-66,-548
16.56 34 NAVIGATION 0 1 0 0 42 0. 140.5
16.56 34 ATTITUDE 1 0 -76
16.56 34 DL_VALUE 12 0.
16.56 34 GPS 0 49756236 356547986 0 74760 0 0 417038499 12 0
16.56 34 FBW_STATUS 0 0 122
16.56 34 RAD_OF_IR 7 0 0.00199
16.56 34 NAVIGATION_REF 497575 3565498 12
16.57 34 ACTUATORS 1496,1502,0,1214,1471
16.57 34 IR_SENSORS -952 7 1
16.57 34 NAVIGATION 0 1 0 0 42 0. 140.5
16.74 34 WP_MOVED 1 497586.6875 3565500. 810.
16.74 34 GYRO_RATES -163 -144 -134 1.422443 -1.256637 -1.169371
16.74 34 GPS 0 49756236 356547986 0 74760 0 0 417038751 12 0
16.74 34 ESTIMATOR 0. 0. 0. 0. 0.
16.95 34 NAVIGATION 0 1 0 0 42 0. 140.5
16.95 34 ATTITUDE 1 0 -77
16.98 34 GPS 0 49756236 356547986 0 74760 0 0 417038999 12 0
16.98 34 SVINFO 9 2 4 3 35 -9 357
16.98 34 CALIB_CONTRAST 954
17.03 34 DESIRED -0. -0.01 0. 0. 778. 0.
17.03 34 NAVIGATION 0 1 0 0 42 0. 140.5
17.13 34 WP_MOVED 2 497622.6875 3565498.5 810.
17.13 34 PPRZ_MODE 0 0 3 0 0 1 0
17.13 34 GPS 0 49756236 356547986 0 74760 0 0 417039251 12 0
17.38 34 DOWNLINK_STATUS 16 5343 344 0 404. 26.
17.57 34 ESTIMATOR 0. 0. 0. 0. 0.
17.57 34 COMMANDS 177,-20,-67,-579
17.57 34 NAVIGATION 0 1 0 0 42 0. 140.5
17.57 34 ATTITUDE 1 0 -77
17.57 34 DL_VALUE 13 481.
17.68 34 FBW_STATUS 0 0 122
17.68 34 RAD_OF_IR 7 0 0.00199
17.68 34 GPS 0 49756236 356547986 0 74760 0 0 417039499 12 0
17.68 34 IR_SENSORS -950 7 1
17.68 34 NAVIGATION 0 1 0 0 42 0. 140.5
17.68 34 WP_MOVED 3 497546.40625 3565495.5 810.
17.68 34 GYRO_RATES -163 -143 -134 1.422443 -1.24791 -1.169371
17.74 34 ESTIMATOR 0. 0. 0. 0. 0.
17.74 34 BAT 171 122 0 0 55 0 0
17.76 34 NAVIGATION 0 1 0 0 42 0. 140.5
17.76 34 ATTITUDE 1 0 -77
17.76 34 CALIBRATION 0. 0.023 0.074 0
17.82 34 CALIB_CONTRAST 954
17.82 34 SERVO 9600 -9600 170
18.17 34 GPS 0 49756236 356547986 0 74760 0 0 417039999 12 0
18.17 34 DESIRED -0. -0.01 0. 0. 778. 0.
18.17 34 IR_DEBUG 685 674 685 674
18.18 34 NAVIGATION 0 1 0 0 42 0. 140.5
18.24 34 WP_MOVED 4 497605. 3565508. 810.
18.24 34 ESTIMATOR 0. 0. 0. 0. 0.
18.24 34 GPS 0 49756236 356547986 0 74760 0 0 417040251 12 0
18.25 34 COMMANDS 151,-4,-89,-564
18.25 34 NAVIGATION 0 1 0 0 42 0. 140.5
18.25 34 ATTITUDE 1 0 -76
18.25 34 DL_VALUE 14 462.
18.32 34 FBW_STATUS 0 0 122
18.32 34 RAD_OF_IR 7 0 0.00199
18.38 34 DOWNLINK_STATUS 17 5805 376 0 462. 32.
18.44 34 GPS 0 49756236 356547986 0 74760 0 0 417040499 12 0
18.44 34 IR_SENSORS -951 7 1
18.44 34 NAVIGATION 0 1 0 0 42 0. 140.5
18.65 34 WP_MOVED 5 497625. 3565488. 810.
18.65 34 GYRO_RATES -163 -144 -134 1.422443 -1.256637 -1.169371
18.75 34 ESTIMATOR 0. 0. 0. 0. 0.
18.75 34 GPS 0 49756236 356547986 0 74760 0 0 417040751 12 0
18.75 34 NAVIGATION 0 1 0 0 42 0. 140.5
18.75 34 ATTITUDE 1 0 -77
18.76 34 CALIB_CONTRAST 954
18.95 34 DESIRED -0. -0.01 0. 0. 778. 0.
18.96 34 GPS 0 49756236 356547986 0 74760 0 0 417040999 12 0
18.96 34 NAVIGATION 0 1 0 0 42 0. 140.5
18.96 34 WP_MOVED 6 497565. 3565513. 810.
19.14 34 ESTIMATOR 0. 0. 0. 0. 0.
19.26 34 GPS 0 49756236 356547986 0 74760 0 0 417041251 12 0
19.26 34 COMMANDS 170,-20,-66,-584
19.26 34 NAVIGATION 0 1 0 0 42 0. 140.5
19.28 34 ATTITUDE 1 0 -77
19.28 34 DL_VALUE 15 452.
19.28 34 FBW_STATUS 0 0 122
19.28 34 RAD_OF_IR 7 0 0.00199
19.34 34 IR_SENSORS -950 7 1
19.39 34 DOWNLINK_STATUS 18 6174 399 0 369. 23.
19.48 34 NAVIGATION 0 1 0 0 42 0. 140.5
19.48 34 GPS 0 49756236 356547986 0 74760 0 0 417041499 12 0
19.48 34 WP_MOVED 7 497540. 3565503. 810.
19.48 34 GYRO_RATES -163 -143 -134 1.422443 -1.24791 -1.169371
19.65 34 ESTIMATOR 0. 0. 0. 0. 0.
19.65 34 BAT 172 122 0 0 57 0 0
19.74 34 NAVIGATION 0 1 0 0 42 0. 140.5
19.74 34 GPS 0 49756236 356547986 0 74760 0 0 417041751 12 0
19.74 34 ATTITUDE 1 0 -77
19.74 34 CALIBRATION 0. 0.023 0.074 0
19.75 34 CALIB_CONTRAST 954
19.75 34 SERVO 9600 -9600 161
19.96 34 DESIRED -0. -0.01 0. 0. 778. 0.
19.96 34 IR_DEBUG 683 673 683 673
19.96 34 NAVIGATION 0 1 0 0 42 0. 140.5
20.16 34 GPS 0 49756236 356547986 0 74760 0 0 417041999 12 0
20.16 34 WP_MOVED 8 497625. 3565493. 810.
20.27 34 ESTIMATOR 0. 0. 0. 0. 0.
20.27 34 COMMANDS 167,-12,-61,-556
20.27 34 NAVIGATION 0 1 0 0 42 0. 140.5
20.27 34 ATTITUDE 1 0 -77
20.27 34 DL_VALUE 16 17400.
20.27 34 GPS 0 49756236 356547986 0 74760 0 0 417042251 12 0
20.27 34 FBW_STATUS 0 0 122
20.27 34 RAD_OF_IR 7 0 0.00199
20.27 34 IR_SENSORS -950 7 1
20.32 34 NAVIGATION 0 1 0 0 42 0. 140.5
20.39 34 DOWNLINK_STATUS 19 6600 426 0 426. 27.
20.44 34 WP_MOVED 9 497575. 3565498. 0.
20.44 34 GYRO_RATES -163 -143 -134 1.422443 -1.24791 -1.169371
20.44 34 GPS 0 49756236 356547986 0 74760 0 0 417042499 12 0
20.64 34 ESTIMATOR 0. 0. 0. 0. 0.
20.86 34 NAVIGATION 0 1 0 0 42 0. 140.5
20.86 34 ATTITUDE 1 0 -77
20.86 34 GPS 0 49756236 356547986 0 74760 0 0 417042751 12 0
20.86 34 CALIB_CONTRAST 954
21.18 34 DESIRED -0. -0.01 0. 0. 778. 0.
21.18 34 NAVIGATION 0 1 0 0 42 0. 140.5
21.18 34 WP_MOVED 0 497617. 3565540. 810.
21.19 34 GPS 0 49756236 356547986 0 74760 0 0 417042999 12 0
21.19 34 ESTIMATOR 0. 0. 0. 0. 0.
21.25 34 COMMANDS 179,-18,-48,-564
21.25 34 NAVIGATION 0 1 0 0 42 0. 140.5
21.25 34 ATTITUDE 1 0 -76
21.25 34 DL_VALUE 17 16500.
21.25 34 FBW_STATUS 0 0 122
21.25 34 RAD_OF_IR 7 0 0.00199
21.25 34 GPS 0 49756236 356547986 0 74760 0 0 417043251 12 0
21.26 34 ACTUATORS 1497,1502,0,1214,1471
21.26 34 IR_SENSORS -951 7 1
21.26 34 NAVIGATION 0 1 0 0 42 0. 140.5
21.33 34 WP_MOVED 1 497586.6875 3565500. 810.
21.33 34 GYRO_RATES -163 -143 -134 1.422443 -1.24791 -1.169371
21.39 34 DOWNLINK_STATUS 20 7009 451 0 409. 25.
21.45 34 GPS 0 49756236 356547986 0 74760 0 0 417043499 12 0
21.45 34 ESTIMATOR 0. 0. 0. 0. 0.
21.45 34 BAT 161 123 0 0 59 0 0
21.65 34 NAVIGATION 0 1 0 0 42 0. 140.5
21.66 34 ATTITUDE 1 0 -77
21.66 34 CALIBRATION 0. 0.023 0.074 0
21.77 34 CALIB_CONTRAST 954
21.77 34 SERVO 9600 -9600 170
21.77 34 GPS 0 49756236 356547986 0 74760 0 0 417043751 12 0
21.77 34 DESIRED -0. -0.01 0. 0. 778. 0.
21.77 34 IR_DEBUG 684 674 684 674
21.77 34 NAVIGATION 0 1 0 0 42 0. 140.5
21.82 34 WP_MOVED 2 497622.6875 3565498.5 810.
21.82 34 PPRZ_MODE 0 0 3 0 0 1 0
22.18 34 ESTIMATOR 0. 0. 0. 0. 0.
22.22 34 GPS 0 49756236 356547986 0 74760 0 0 417043999 12 0
22.22 34 COMMANDS 171,-14,-61,-561
22.22 34 NAVIGATION 0 1 0 0 42 0. 140.5
22.22 34 ATTITUDE 1 0 -76
22.22 34 DL_VALUE 18 9300.
22.22 34 FBW_STATUS 0 0 122
22.36 34 RAD_OF_IR 7 0 0.00199
22.36 34 GPS 0 49756236 356547986 0 74760 0 0 417044251 12 0
22.36 34 IR_SENSORS -953 7 1
22.36 34 NAVIGATION 0 1 0 0 42 0. 140.5
22.36 34 WP_MOVED 3 497546.40625 3565495.5 810.
22.36 34 GYRO_RATES -163 -142 -134 1.422443 -1.239184 -1.169371
22.36 34 ESTIMATOR 0. 0. 0. 0. 0.
22.49 34 GPS 0 49756236 356547986 0 74760 0 0 417044499 12 0
22.52 34 NAVIGATION 0 1 0 0 42 0. 140.5
22.52 34 ATTITUDE 1 0 -76
22.52 34 DOWNLINK_STATUS 21 7501 482 0 492. 31.
22.64 34 CALIB_CONTRAST 954
22.75 34 DESIRED -0. -0.01 0. 0. 778. 0.
22.75 34 GPS 0 49756236 356547986 0 74760 0 0 417044751 12 0
22.75 34 NAVIGATION 0 1 0 0 42 0. 140.5
22.75 34 WP_MOVED 4 497605. 3565508. 810.
22.82 34 ESTIMATOR 0. 0. 0. 0. 0.
22.96 34 GPS 0 49756236 356547986 0 74760 0 0 417044999 12 0
23.01 34 COMMANDS 170,-18,-64,-564
23.01 34 NAVIGATION 0 1 0 0 42 0. 140.5
23.01 34 ATTITUDE 1 0 -77
23.02 34 DL_VALUE 19 3200.
23.02 34 FBW_STATUS 0 0 123
23.14 34 RAD_OF_IR 7 0 0.00199
23.25 34 IR_SENSORS -950 8 1
23.25 34 NAVIGATION 0 1 0 0 42 0. 140.5
23.25 34 GPS 0 49756236 356547986 0 74760 0 0 417045251 12 0
23.25 34 WP_MOVED 5 497625. 3565488. 810.
23.25 34 GYRO_RATES -163 -143 -134 1.422443 -1.24791 -1.169371
23.33 34 ESTIMATOR 0. 0. 0. 0. 0.
23.34 34 BAT 170 122 0 0 61 0 0
23.44 34 NAVIGATION 0 1 0 0 42 0. 140.5
23.48 34 ATTITUDE 1 0 -76
23.48 34 CALIBRATION 0. 0.023 0.074 0
23.48 34 GPS 0 49756236 356547986 0 74760 0 0 417045499 12 0
23.48 34 CALIB_CONTRAST 954
23.48 34 SERVO 9600 -9600 170
23.49 34 DOWNLINK_STATUS 22 7903 508 0 402. 26.
23.78 34 DESIRED -0. -0.01 0. 0. 778. 0.
23.78 34 IR_DEBUG 685 674 685 674
23.78 34 NAVIGATION 0 1 0 0 42 0. 140.5
23.78 34 GPS 0 49756236 356547986 0 74760 0 0 417045751 12 0
23.78 34 WP_MOVED 6 497565. 3565513. 810.
23.84 34 ESTIMATOR 0. 0. 0. 0. 0.
23.87 34 COMMANDS 183,-20,-66,-588
23.91 34 NAVIGATION 0 1 0 0 42 0. 140.5
23.91 34 ATTITUDE 1 0 -77
23.91 34 DL_VALUE 20 22500.
23.94 34 GPS 0 49756236 356547986 0 74760 0 0 417045999 12 0
23.94 34 FBW_STATUS 0 0 122
23.94 34 RAD_OF_IR 7 0 0.00199
24.01 34 IR_SENSORS -951 7 1
24.06 34 NAVIGATION 0 1 0 0 42 0. 140.5
24.37 34 WP_MOVED 7 497540. 3565503. 810.
24.37 34 GYRO_RATES -163 -143 -134 1.422443 -1.24791 -1.169371
24.37 34 GPS 0 49756236 356547986 0 74760 0 0 417046251 12 0
24.44 34 ESTIMATOR 0. 0. 0. 0. 0.
24.44 34 NAVIGATION 0 1 0 0 42 0. 140.5
24.44 34 ATTITUDE 1 0 -77
24.45 34 GPS 0 49756236 356547986 0 74760 0 0 417046499 12 0
24.45 34 CALIB_CONTRAST 954
24.50 34 DOWNLINK_STATUS 23 8274 531 0 371. 23.
24.54 34 DESIRED -0. -0.01 0. 0. 778. 0.
24.54 34 NAVIGATION 0 1 0 0 42 0. 140.5
24.64 34 WP_MOVED 8 497625. 3565493. 810.
24.64 34 GPS 0 49756236 356547986 0 74760 0 0 417046751 12 0
24.86 34 ESTIMATOR 0. 0. 0. 0. 0.
24.95 34 COMMANDS 171,-4,-48,-561
24.97 34 NAVIGATION 0 1 0 0 42 0. 140.5
24.97 34 ATTITUDE 1 0 -77
24.97 34 DL_VALUE 21 18400.
24.97 34 FBW_STATUS 0 0 122
24.97 34 RAD_OF_IR 7 0 0.00199
24.97 34 NAVIGATION_REF 497575 3565498 12
24.97 34 GPS 0 49756236 356547986 0 74760 0 0 417046999 12 0
24.97 34 IR_SENSORS -951 7 1
25.03 34 NAVIGATION 0 1 0 0 42 0. 140.5
25.39 34 WP_MOVED 9 497575. 3565498. 0.
25.39 34 GYRO_RATES -163 -144 -134 1.422443 -1.256637 -1.169371
25.40 34 GPS 0 49756236 356547986 0 74760 0 0 417047251 12 0
25.40 34 ESTIMATOR 0. 0. 0. 0. 0.
25.40 34 BAT 169 122 0 0 63 0 0
25.40 34 NAVIGATION 0 1 0 0 42 0. 140.5
25.44 34 ATTITUDE 1 0 -76
25.44 34 CALIBRATION 0. 0.023 0.074 0
25.44 34 CALIB_CONTRAST 954
25.44 34 SERVO 9600 -9600 169
25.50 34 DOWNLINK_STATUS 24 8656 556 0 382. 25.
25.56 34 GPS 0 49756236 356547986 0 74760 0 0 417047499 12 0
25.56 34 DESIRED -0. -0.01 0. 0. 778. 0.
25.56 34 IR_DEBUG 685 674 685 674
25.56 34 NAVIGATION 0 1 0 0 42 0. 140.5
25.57 34 WP_MOVED 0 497617. 3565540. 810.
25.67 34 ESTIMATOR 0. 0. 0. 0. 0.
25.67 34 GPS 0 49756236 356547986 0 74760 0 0 417047751 12 0
25.87 34 COMMANDS 172,-20,-63,-554
25.87 34 NAVIGATION 0 1 0 0 42 0. 140.5
25.87 34 ATTITUDE 1 0 -76
25.87 34 DL_VALUE 22 18700.
25.96 34 FBW_STATUS 0 0 122
25.96 34 RAD_OF_IR 7 0 0.00199
25.96 34 GPS 0 49756236 356547986 0 74760 0 0 417047999 12 0
25.96 34 ACTUATORS 1496,1502,0,1214,1471
25.96 34 IR_SENSORS -950 7 1
25.96 34 NAVIGATION 0 1 0 0 42 0. 140.5
26.03 34 WP_MOVED 1 497586.6875 3565500. 810.
26.03 34 GYRO_RATES -163 -144 -134 1.422443 -1.256637 -1.169371
26.14 34 ESTIMATOR 0. 0. 0. 0. 0.
26.14 34 GPS 0 49756236 356547986 0 74760 0 0 417048251 12 0
26.35 34 NAVIGATION 0 1 0 0 42 0. 140.5
26.35 34 ATTITUDE 1 0 -76
26.45 34 CALIB_CONTRAST 954
26.49 34 DESIRED -0. -0.01 0. 0. 778. 0.
26.50 34 GPS 0 49756236 356547986 0 74760 0 0 417048499 12 0
26.50 34 NAVIGATION 0 1 0 0 42 0. 140.5
26.51 34 DOWNLINK_STATUS 25 9111 583 0 455. 27.
26.53 34 WP_MOVED 2 497622.6875 3565498.5 810.
26.53 34 PPRZ_MODE 0 0 3 0 0 1 0
26.89 34 ESTIMATOR 0. 0. 0. 0. 0.
26.90 34 GPS 0 49756236 356547986 0 74760 0 0 417048751 12 0
26.90 34 COMMANDS 169,-20,-64,-553
26.90 34 NAVIGATION 0 1 0 0 42 0. 140.5
26.90 34 ATTITUDE 1 0 -77
26.90 34 DL_VALUE 23 0.
26.90 34 FBW_STATUS 0 0 122
26.90 34 RAD_OF_IR 7 0 0.00199
26.98 34 IR_SENSORS -950 7 1
26.98 34 NAVIGATION 0 1 0 0 42 0. 140.5
26.98 34 GPS 0 49756236 356547986 0 74760 0 0 417048999 12 0
26.98 34 WP_MOVED 3 497546.40625 3565495.5 810.
26.99 34 GYRO_RATES -163 -143 -134 1.422443 -1.24791 -1.169371
27.05 34 ESTIMATOR 0. 0. 0. 0. 0.
27.05 34 BAT 169 122 0 0 65 0 0
27.37 34 NAVIGATION 0 1 0 0 42 0. 140.5
27.37 34 ATTITUDE 1 0 -77
27.37 34 CALIBRATION 0. 0.023 0.074 0
27.37 34 GPS 0 49756236 356547986 0 74760 0 0 417049251 12 0
27.44 34 CALIB_CONTRAST 954
27.44 34 SERVO 9600 -9600 176
27.44 34 DESIRED -0. -0.01 0. 0. 778. 0.
27.44 34 IR_DEBUG 685 675 685 675
27.44 34 NAVIGATION 0 1 0 0 42 0. 140.5
27.46 34 WP_MOVED 4 497605. 3565508. 810.
27.46 34 GPS 0 49756236 356547986 0 74760 0 0 417049499 12 0
27.50 34 DOWNLINK_STATUS 26 9543 611 0 432. 28.
27.52 34 ESTIMATOR 0. 0. 0. 0. 0.
27.66 34 COMMANDS 169,-35,-83,-561
27.66 34 NAVIGATION 0 1 0 0 42 0. 140.5
27.66 34 ATTITUDE 1 0 -77
27.66 34 DL_VALUE 24 11850.
27.66 34 GPS 0 49756236 356547986 0 74760 0 0 417049751 12 0
27.82 34 FBW_STATUS 0 0 122
27.82 34 RAD_OF_IR 7 0 0.00199
27.82 34 IR_SENSORS -949 7 1
27.85 34 NAVIGATION 0 1 0 0 42 0. 140.5
27.94 34 WP_MOVED 5 497625. 3565488. 810.
27.98 34 GYRO_RATES -162 -143 -134 1.413717 -1.24791 -1.169371
27.98 34 GPS 0 49756236 356547986 0 74760 0 0 417049999 12 0
28.26 34 ESTIMATOR 0. 0. 0. 0. 0.
28.26 34 NAVIGATION 0 1 0 0 42 0. 140.5
28.26 34 ATTITUDE 1 0 -77
28.36 34 GPS 0 49756236 356547986 0 74760 0 0 417050251 12 0
28.36 34 CALIB_CONTRAST 954
28.36 34 DESIRED -0. -0.01 0. 0. 778. 0.
28.36 34 NAVIGATION 0 1 0 0 42 0. 140.5
28.39 34 WP_MOVED 6 497565. 3565513. 810.
28.45 34 GPS 0 49756236 356547986 0 74760 0 0 417050499 12 0
28.45 34 ESTIMATOR 0. 0. 0. 0. 0.
28.52 34 DOWNLINK_STATUS 27 9926 634 0 383. 23.
28.55 34 COMMANDS 170,-4,-63,-561
28.56 34 NAVIGATION 0 1 0 0 42 0. 140.5
28.56 34 ATTITUDE 1 0 -77
28.56 34 DL_VALUE 25 12000.
28.75 34 FBW_STATUS 0 0 122
28.75 34 RAD_OF_IR 7 0 0.00199
28.75 34 GPS 0 49756236 356547986 0 74760 0 0 417050751 12 0
28.76 34 IR_SENSORS -950 7 1
28.76 34 NAVIGATION 0 1 0 0 42 0. 140.5
28.83 34 WP_MOVED 7 497540. 3565503. 810.
28.83 34 GYRO_RATES -162 -143 -133 1.413717 -1.24791 -1.160644
28.96 34 GPS 0 49756236 356547986 0 74760 0 0 417050999 12 0
29.00 34 ESTIMATOR 0. 0. 0. 0. 0.
29.00 34 BAT 169 122 0 0 67 0 1
29.03 34 NAVIGATION 0 1 0 0 42 0. 140.5
29.03 34 ATTITUDE 1 0 -77
29.03 34 CALIBRATION 0. 0.023 0.074 0
29.24 34 CALIB_CONTRAST 954
29.24 34 SERVO 9600 -9600 170
29.35 34 GPS 0 49756236 356547986 0 74760 0 0 417051251 12 0
29.36 34 DESIRED -0. -0.01 0. 0. 778. 0.
29.36 34 IR_DEBUG 684 674 684 674
29.36 34 NAVIGATION 0 1 0 0 42 0. 140.5
29.36 34 WP_MOVED 8 497625. 3565493. 810.
29.42 34 ESTIMATOR 0. 0. 0. 0. 0.
29.51 34 DOWNLINK_STATUS 28 10307 659 0 381. 25.
29.56 34 GPS 0 49756236 356547986 0 74760 0 0 417051499 12 0
29.56 34 COMMANDS 170,-20,-64,-581
29.56 34 NAVIGATION 0 1 0 0 42 0. 140.5
29.56 34 ATTITUDE 1 0 -77
29.56 34 DL_VALUE 26 10000.
29.57 34 FBW_STATUS 0 0 122
29.57 34 RAD_OF_IR 7 0 0.00199
29.97 34 GPS 0 49756236 356547986 0 74760 0 0 417051751 12 0
29.98 34 IR_SENSORS -950 7 1
29.98 34 NAVIGATION 0 1 0 0 42 0. 140.5
29.99 34 WP_MOVED 9 497575. 3565498. 0.
29.99 34 GYRO_RATES -162 -142 -133 1.413717 -1.239184 -1.160644
30.05 34 ESTIMATOR 0. 0. 0. 0. 0.
30.06 34 GPS 0 49756236 356547986 0 74760 0 0 417051999 12 0
30.06 34 NAVIGATION 0 1 0 0 42 0. 140.5
30.06 34 ATTITUDE 1 0 -76
30.06 34 CALIB_CONTRAST 954
30.25 34 DESIRED -0. -0.01 0. 0. 778. 0.
30.25 34 GPS 0 49756236 356547986 0 74760 0 0 417052251 12 0
30.25 34 NAVIGATION 0 1 0 0 42 0. 140.5
30.25 34 WP_MOVED 0 497617. 3565540. 810.
30.45 34 ESTIMATOR 0. 0. 0. 0. 0.
30.51 34 DOWNLINK_STATUS 29 10668 681 0 361. 22.
30.55 34 COMMANDS 175,-20,-53,-563
30.55 34 NAVIGATION 0 1 0 0 42 0. 140.5
30.55 34 ATTITUDE 1 0 -77
30.55 34 DL_VALUE 27 5500.
30.55 34 GPS 0 49756236 356547986 0 74760 0 0 417052499 12 0
30.55 34 FBW_STATUS 0 0 122
30.55 34 RAD_OF_IR 7 0 0.00199
30.66 34 ACTUATORS 1496,1503,0,1213,1471
30.66 34 IR_SENSORS -950 7 1
30.66 34 NAVIGATION 0 1 0 0 42 0. 140.5
30.66 34 GPS 0 49756236 356547986 0 74760 0 0 417052751 12 0
30.73 34 WP_MOVED 1 497586.6875 3565500. 810.
30.73 34 GYRO_RATES -163 -143 -134 1.422443 -1.24791 -1.169371
30.96 34 ESTIMATOR 0. 0. 0. 0. 0.
30.96 34 BAT 170 122 0 0 69 0 1
30.96 34 NAVIGATION 0 1 0 0 42 0. 140.5
30.96 34 ATTITUDE 1 0 -77
30.96 34 CALIBRATION 0. 0.023 0.074 0
30.96 34 GPS 0 49756236 356547986 0 74760 0 0 417052999 12 0
30.96 34 CALIB_CONTRAST 954
30.97 34 SERVO 9600 -9600 170
31.14 34 DESIRED -0. -0.01 0. 0. 778. 0.
31.14 34 IR_DEBUG 683 673 683 673
31.14 34 NAVIGATION 0 1 0 0 42 0. 140.5
31.38 34 WP_MOVED 2 497622.6875 3565498.5 810.
31.38 34 PPRZ_MODE 0 0 3 0 0 1 0
31.38 34 GPS 0 49756236 356547986 0 74760 0 0 417053251 12 0
31.38 34 SVINFO 2 31 12 3 33 46 39
31.38 34 ESTIMATOR 0. 0. 0. 0. 0.
31.43 34 COMMANDS 170,-26,-70,-561
31.44 34 NAVIGATION 0 1 0 0 42 0. 140.5
31.44 34 ATTITUDE 1 0 -77
31.44 34 DL_VALUE 28 0.228
31.47 34 GPS 0 49756236 356547986 0 74760 0 0 417053499 12 0
31.47 34 SVINFO 3 16 4 3 42 36 143
31.47 34 FBW_STATUS 0 0 122
31.47 34 RAD_OF_IR 7 0 0.00199
31.51 34 DOWNLINK_STATUS 30 11204 718 0 536. 37.
31.53 34 IR_SENSORS -951 7 1
31.55 34 NAVIGATION 0 1 0 0 42 0. 140.5
31.87 34 WP_MOVED 3 497546.40625 3565495.5 810.
31.87 34 GYRO_RATES -163 -143 -134 1.422443 -1.24791 -1.169371
31.87 34 GPS 0 49756236 356547986 0 74760 0 0 417053751 12 0
31.97 34 ESTIMATOR 0. 0. 0. 0. 0.
32.01 34 NAVIGATION 0 1 0 0 42 0. 140.5
32.01 34 ATTITUDE 1 0 -77
32.01 34 CALIB_CONTRAST 954
32.01 34 GPS 0 49756236 356547986 0 74760 0 0 417053999 12 0
32.03 34 DESIRED -0. -0.01 0. 0. 778. 0.
32.03 34 NAVIGATION 0 1 0 0 42 0. 140.5
32.11 34 WP_MOVED 4 497605. 3565508. 810.
32.15 34 GPS 0 49756236 356547986 0 74760 0 0 417054251 12 0
32.35 34 ESTIMATOR 0. 0. 0. 0. 0.
32.45 34 COMMANDS 170,-15,-64,-563
32.49 34 NAVIGATION 0 1 0 0 42 0. 140.5
32.50 34 ATTITUDE 1 0 -76
32.50 34 DL_VALUE 29 0.462
32.50 34 FBW_STATUS 0 0 122
32.50 34 RAD_OF_IR 7 0 0.00199
32.53 34 DOWNLINK_STATUS 31 11538 739 0 334. 21.
32.57 34 GPS 0 49756236 356547986 0 74760 0 0 417054499 12 0
32.57 34 IR_SENSORS -950 7 1
32.76 34 NAVIGATION 0 1 0 0 42 0. 140.5
32.76 34 WP_MOVED 5 497625. 3565488. 810.
32.76 34 GYRO_RATES -163 -144 -134 1.422443 -1.256637 -1.169371
32.86 34 GPS 0 49756236 356547986 0 74760 0 0 417054751 12 0
32.86 34 ESTIMATOR 0. 0. 0. 0. 0.
32.86 34 BAT 163 122 0 0 71 0 1
32.86 34 NAVIGATION 0 1 0 0 42 0. 140.5
32.86 34 ATTITUDE 1 0 -77
32.86 34 CALIBRATION 0. 0.023 0.074 0
32.86 34 CALIB_CONTRAST 954
32.86 34 SERVO 9600 -9600 170
33.05 34 GPS 0 49756236 356547986 0 74760 0 0 417054999 12 0
33.08 34 DESIRED -0. -0.01 0. 0. 778. 0.
33.08 34 IR_DEBUG 684 674 684 674
33.08 34 NAVIGATION 0 1 0 0 42 0. 140.5
33.08 34 WP_MOVED 6 497565. 3565513. 810.
33.25 34 ESTIMATOR 0. 0. 0. 0. 0.
33.34 34 GPS 0 49756236 356547986 0 74760 0 0 417055251 12 0
33.35 34 COMMANDS 169,-18,-63,-559
33.35 34 NAVIGATION 0 1 0 0 42 0. 140.5
33.35 34 ATTITUDE 1 0 -77
33.35 34 DL_VALUE 30 0.
33.36 34 FBW_STATUS 0 0 122
33.36 34 RAD_OF_IR 7 0 0.00199
33.36 34 NAVIGATION_REF 497575 3565498 12
33.48 34 GPS 0 49756236 356547986 0 74760 0 0 417055499 12 0
33.52 34 SVINFO 11 6 12 3 25 -8 158
33.52 34 IR_SENSORS -951 7 1
33.52 34 NAVIGATION 0 1 0 0 42 0. 140.5
33.53 34 WP_MOVED 7 497540. 3565503. 810.
33.53 34 GYRO_RATES -163 -144 -134 1.422443 -1.256637 -1.169371
33.53 34 DOWNLINK_STATUS 32 12055 772 0 517. 33.
33.85 34 ESTIMATOR 0. 0. 0. 0. 0.
33.86 34 GPS 0 49756236 356547986 0 74760 0 0 417055751 12 0
33.96 34 NAVIGATION 0 1 0 0 42 0. 140.5
34.00 34 ATTITUDE 1 0 -77
34.00 34 CALIB_CONTRAST 954
34.00 34 DESIRED -0. -0.01 0. 0. 778. 0.
34.00 34 GPS 0 49756236 356547986 0 74760 0 0 417055999 12 0
34.00 34 NAVIGATION 0 1 0 0 42 0. 140.5
34.00 34 WP_MOVED 8 497625. 3565493. 810.
34.06 34 ESTIMATOR 0. 0. 0. 0. 0.
34.38 34 GPS 0 49756236 356547986 0 74760 0 0 417056251 12 0
34.38 34 COMMANDS 171,-20,-61,-561
34.38 34 NAVIGATION 0 1 0 0 42 0. 140.5
34.38 34 ATTITUDE 1 0 -77
34.38 34 DL_VALUE 31 0.023
34.38 34 FBW_STATUS 0 0 122
34.38 34 RAD_OF_IR 7 0 0.00199
34.48 34 IR_SENSORS -949 7 1
34.52 34 NAVIGATION 0 1 0 0 42 0. 140.5
34.52 34 GPS 0 49756236 356547986 0 74760 0 0 417056499 12 0
34.52 34 WP_MOVED 9 497575. 3565498. 0.
34.52 34 GYRO_RATES -162 -143 -134 1.413717 -1.24791 -1.169371
34.54 34 DOWNLINK_STATUS 33 12416 794 0 361. 22.
34.55 34 ESTIMATOR 0. 0. 0. 0. 0.
34.55 34 BAT 170 122 0 0 73 0 1
34.87 34 NAVIGATION 0 1 0 0 42 0. 140.5
34.87 34 ATTITUDE 1 0 -77
34.87 34 CALIBRATION 0. 0.023 0.074 0
34.87 34 GPS 0 49756236 356547986 0 74760 0 0 417056751 12 0
34.97 34 CALIB_CONTRAST 954
35.01 34 SERVO 9600 -9600 170
35.01 34 DESIRED -0. -0.01 0. 0. 778. 0.
35.01 34 IR_DEBUG 684 674 684 674
35.01 34 NAVIGATION 0 1 0 0 42 0. 140.5
35.01 34 GPS 0 49756236 356547986 0 74760 0 0 417056999 12 0
35.01 34 SVINFO 1 20 4 6 39 53 314
35.02 34 ESTIMATOR 0. 0. 0. 0. 0.
35.28 34 COMMANDS 171,-26,-64,-563
35.28 34 NAVIGATION 0 1 0 0 42 0. 140.5
35.28 34 ATTITUDE 1 0 -77
35.28 34 DL_VALUE 32 0.001
35.28 34 GPS 0 49756236 356547986 0 74760 0 0 417057251 12 0
35.28 34 SVINFO 2 31 12 3 31 46 39
35.28 34 FBW_STATUS 0 0 122
35.35 34 RAD_OF_IR 7 0 0.00199
35.35 34 ACTUATORS 1496,1502,0,1214,1471
35.35 34 IR_SENSORS -949 7 1
35.35 34 NAVIGATION 0 1 0 0 42 0. 140.5
35.47 34 WP_MOVED 1 497586.6875 3565500. 810.
35.47 34 GYRO_RATES -162 -143 -134 1.413717 -1.24791 -1.169371
35.47 34 GPS 0 49756236 356547986 0 74760 0 0 417057499 12 0
35.47 34 SVINFO 3 16 4 6 44 36 143
35.47 34 ESTIMATOR 0. 0. 0. 0. 0.
35.55 34 DOWNLINK_STATUS 34 12874 824 0 458. 30.
35.57 34 NAVIGATION 0 1 0 0 42 0. 140.5
35.57 34 ATTITUDE 1 0 -77
35.66 34 GPS 0 49756236 356547986 0 74760 0 0 417057751 12 0
35.66 34 SVINFO 4 23 4 3 27 30 296
35.66 34 CALIB_CONTRAST 954
35.75 34 DESIRED -0. -0.01 0. 0. 778. 0.
35.82 34 NAVIGATION 0 1 0 0 42 0. 140.5
35.84 34 WP_MOVED 2 497622.6875 3565498.5 810.
35.84 34 PPRZ_MODE 0 0 3 0 0 1 0
35.94 34 GPS 0 49756236 356547986 0 74760 0 0 417057999 12 0
35.94 34 ESTIMATOR 0. 0. 0. 0. 0.
36.16 34 COMMANDS 169,-20,-63,-554
36.17 34 NAVIGATION 0 1 0 0 42 0. 140.5
36.17 34 ATTITUDE 1 0 -77
36.17 34 DL_VALUE 33 0.01
36.23 34 FBW_STATUS 0 0 122
36.23 34 GPS 0 49756236 356547986 0 74760 0 0 417058251 12 0
36.23 34 RAD_OF_IR 7 0 0.00199
36.24 34 IR_SENSORS -949 7 1
36.24 34 NAVIGATION 0 1 0 0 42 0. 140.5
36.33 34 WP_MOVED 3 497546.40625 3565495.5 810.
36.33 34 GYRO_RATES -163 -143 -134 1.422443 -1.24791 -1.169371
36.45 34 GPS 0 49756236 356547986 0 74760 0 0 417058499 12 0
36.45 34 ESTIMATOR 0. 0. 0. 0. 0.
36.45 34 BAT 170 122 0 0 75 0 1
36.54 34 DOWNLINK_STATUS 35 13268 849 0 394. 25.
36.66 34 NAVIGATION 0 1 0 0 42 0. 140.5
36.66 34 ATTITUDE 1 0 -77
36.66 34 CALIBRATION 0. 0.023 0.074 0
36.75 34 CALIB_CONTRAST 954
36.75 34 SERVO 9600 -9600 173
36.75 34 GPS 0 49756236 356547986 0 74760 0 0 417058751 12 0
36.75 34 DESIRED -0. -0.01 0. 0. 778. 0.
36.75 34 IR_DEBUG 684 674 684 674
36.75 34 NAVIGATION 0 1 0 0 42 0. 140.5
36.82 34 WP_MOVED 4 497605. 3565508. 810.
37.19 34 ESTIMATOR 0. 0. 0. 0. 0.
37.19 34 GPS 0 49756236 356547986 0 74760 0 0 417058999 12 0
37.19 34 COMMANDS 169,-21,-69,-564
37.19 34 NAVIGATION 0 1 0 0 42 0. 140.5
37.19 34 ATTITUDE 1 0 -76
37.19 34 DL_VALUE 34 1.
37.19 34 FBW_STATUS 0 0 122
37.48 34 RAD_OF_IR 7 0 0.00199
37.48 34 GPS 0 49756236 356547986 0 74760 0 0 417059251 12 0
37.48 34 IR_SENSORS -950 7 1
37.48 34 NAVIGATION 0 1 0 0 42 0. 140.5
37.48 34 WP_MOVED 5 497625. 3565488. 810.
37.48 34 GYRO_RATES -163 -143 -134 1.422443 -1.24791 -1.169371
37.56 34 DOWNLINK_STATUS 36 13613 872 0 345. 23.
37.67 34 ESTIMATOR 0. 0. 0. 0. 0.
37.67 34 GPS 0 49756236 356547986 0 74760 0 0 417059499 12 0
37.67 34 NAVIGATION 0 1 0 0 42 0. 140.5
37.67 34 ATTITUDE 1 0 -77
37.75 34 CALIB_CONTRAST 954
37.75 34 GPS 0 49756236 356547986 0 74760 0 0 417059751 12 0
37.75 34 DESIRED -0. -0.01 0. 0. 778. 0.
37.75 34 NAVIGATION 0 1 0 0 42 0. 140.5
37.75 34 WP_MOVED 6 497565. 3565513. 810.
37.82 34 ESTIMATOR 0. 0. 0. 0. 0.
37.95 34 GPS 0 49756236 356547986 0 74760 0 0 417059999 12 0
37.95 34 COMMANDS 170,-35,-78,-563
37.95 34 NAVIGATION 0 1 0 0 42 0. 140.5
37.95 34 ATTITUDE 1 0 -77
37.95 34 DL_VALUE 35 0.
37.96 34 FBW_STATUS 0 0 122
38.14 34 RAD_OF_IR 7 0 0.00199
38.25 34 IR_SENSORS -951 7 1
38.25 34 GPS 0 49756236 356547986 0 74760 0 0 417060251 12 0
38.25 34 NAVIGATION 0 1 0 0 42 0. 140.5
38.26 34 WP_MOVED 7 497540. 3565503. 810.
38.26 34 GYRO_RATES -163 -144 -134 1.422443 -1.256637 -1.169371
38.34 34 ESTIMATOR 0. 0. 0. 0. 0.
38.34 34 BAT 171 122 0 0 77 1 1
38.44 34 NAVIGATION 0 1 0 0 42 0. 140.5
38.44 34 ATTITUDE 1 0 -77
38.44 34 CALIBRATION 0. 0.023 0.074 0
38.44 34 GPS 0 49756236 356547986 0 74760 0 0 417060499 12 0
38.45 34 CALIB_CONTRAST 954
38.45 34 SERVO 9600 -9600 170
38.56 34 DOWNLINK_STATUS 37 14090 902 0 477. 30.
38.78 34 DESIRED -0. -0.01 0. 0. 778. 0.
38.78 34 IR_DEBUG 684 674 684 674
38.78 34 NAVIGATION 0 1 0 0 42 0. 140.5
38.78 34 GPS 0 49756236 356547986 0 74760 0 0 417060751 12 0
38.78 34 WP_MOVED 8 497625. 3565493. 810.
38.82 34 ESTIMATOR 0. 0. 0. 0. 0.
38.98 34 COMMANDS 170,-20,-66,-566
38.98 34 NAVIGATION 0 1 0 0 42 0. 140.5
38.98 34 ATTITUDE 1 0 -77
38.98 34 DL_VALUE 36 0.
38.98 34 GPS 0 49756236 356547986 0 74760 0 0 417060999 12 0
38.98 34 SVINFO 1 20 4 6 40 53 314
38.98 34 FBW_STATUS 0 0 122
38.98 34 RAD_OF_IR 6 0 0.00199
39.01 34 IR_SENSORS -950 7 1
39.05 34 NAVIGATION 0 1 0 0 42 0. 140.5
39.40 34 WP_MOVED 9 497575. 3565498. 0.
39.40 34 GYRO_RATES -163 -143 -134 1.422443 -1.24791 -1.169371
39.40 34 GPS 0 49756236 356547986 0 74760 0 0 417061251 12 0
39.40 34 SVINFO 2 31 12 3 29 46 39
39.40 34 ESTIMATOR 0. 0. 0. 0. 0.
39.43 34 NAVIGATION 0 1 0 0 42 0. 140.5
39.47 34 ATTITUDE 1 0 -77
39.47 34 CALIB_CONTRAST 954
39.54 34 DESIRED -0. -0.01 0. 0. 778. 0.
39.54 34 NAVIGATION 0 1 0 0 42 0. 140.5
39.56 34 DOWNLINK_STATUS 38 14498 928 0 408. 26.
39.63 34 WP_MOVED 0 497617. 3565540. 810.
39.63 34 GPS 0 49756236 356547986 0 74760 0 0 417061448 12 0
39.63 34 SVINFO 3 16 4 6 45 36 143
39.84 34 ESTIMATOR 0. 0. 0. 0. 0.
40.07 34 COMMANDS 176,-20,-63,-574
40.07 34 NAVIGATION 0 1 0 0 42 0. 140.5
40.07 34 ATTITUDE 1 0 -76
40.07 34 DL_VALUE 37 0.1
40.07 34 FBW_STATUS 0 0 122
40.07 34 RAD_OF_IR 7 0 0.00199
40.18 34 GPS 0 49756236 356547986 0 74760 0 0 417061948 12 0
40.18 34 SVINFO 4 23 4 3 40 30 296
40.18 34 ACTUATORS 1496,1501,0,1214,1471
40.18 34 IR_SENSORS -951 7 1
40.18 34 NAVIGATION 0 1 0 0 42 0. 140.5
40.18 34 WP_MOVED 1 497586.6875 3565500. 810.
40.18 34 GYRO_RATES -163 -143 -134 1.422443 -1.24791 -1.169371
40.39 34 ESTIMATOR 0. 0. 0. 0. 0.
40.39 34 BAT 170 122 0 0 79 1 1
40.39 34 GPS 0 49756236 356547986 0 74760 0 0 417062248 12 0
40.39 34 NAVIGATION 0 1 0 0 42 0. 140.5
40.39 34 ATTITUDE 1 0 -77
40.39 34 CALIBRATION 0. 0.023 0.074 0
40.42 34 CALIB_CONTRAST 954
40.44 34 SERVO 9600 -9600 172
40.56 34 GPS 0 49756236 356547986 0 74760 0 0 417062500 12 0
40.60 34 DESIRED -0. -0.01 0. 0. 778. 0.
40.60 34 IR_DEBUG 683 673 683 673
40.60 34 NAVIGATION 0 1 0 0 42 0. 140.5
40.60 34 WP_MOVED 2 497622.6875 3565498.5 810.
40.60 34 PPRZ_MODE 0 0 3 0 0 1 0
40.60 34 DOWNLINK_STATUS 39 14963 959 0 465. 31.
40.63 34 ESTIMATOR 0. 0. 0. 0. 0.
40.87 34 GPS 0 49756236 356547986 0 74760 0 0 417062748 12 0
40.87 34 COMMANDS 166,-18,-69,-563
40.87 34 NAVIGATION 0 1 0 0 42 0. 140.5
40.87 34 ATTITUDE 1 0 -77
40.87 34 DL_VALUE 38 0.
40.94 34 FBW_STATUS 0 0 122
40.94 34 RAD_OF_IR 4 0 0.00199
40.96 34 IR_SENSORS -949 7 1
40.96 34 GPS 0 49756236 356547986 0 74760 0 0 417063000 12 0
40.96 34 NAVIGATION 0 1 0 0 42 0. 140.5
41.03 34 WP_MOVED 3 497546.40625 3565495.5 810.
41.03 34 GYRO_RATES -163 -144 -134 1.422443 -1.256637 -1.169371
41.12 34 ESTIMATOR 0. 0. 0. 0. 0.
41.36 34 NAVIGATION 0 1 0 0 42 0. 140.5
41.36 34 GPS 0 49756236 356547986 0 74760 0 0 417063248 12 0
41.36 34 ATTITUDE 1 0 -76
41.45 34 CALIB_CONTRAST 954
41.45 34 DESIRED -0. -0.01 0. 0. 778. 0.
41.45 34 NAVIGATION 0 1 0 0 42 0. 140.5
41.45 34 GPS 0 49756236 356547986 0 74760 0 0 417063500 12 0
41.45 34 WP_MOVED 4 497605. 3565508. 810.
41.55 34 ESTIMATOR 0. 0. 0. 0. 0.
41.56 34 DOWNLINK_STATUS 40 15346 982 0 383. 23.
41.90 34 COMMANDS 169,-20,-64,-571
41.90 34 NAVIGATION 0 1 0 0 42 0. 140.5
41.90 34 ATTITUDE 1 0 -76
41.90 34 DL_VALUE 39 0.074
41.90 34 GPS 0 49756236 356547986 0 74760 0 0 417063748 12 0
41.91 34 SVINFO 11 21 4 3 30 -9 115
41.91 34 FBW_STATUS 0 0 122
41.91 34 RAD_OF_IR 7 0 0.00199
41.91 34 NAVIGATION_REF 497575 3565498 12
41.93 34 IR_SENSORS -950 7 1
41.93 34 NAVIGATION 0 1 0 0 42 0. 140.5
42.04 34 GPS 0 49756236 356547986 0 74760 0 0 417064000 12 0
42.08 34 WP_MOVED 5 497625. 3565488. 810.
42.08 34 GYRO_RATES -163 -143 -134 1.422443 -1.24791 -1.169371
42.08 34 ESTIMATOR 0. 0. 0. 0. 0.
42.08 34 BAT 170 122 0 0 81 1 1
42.38 34 NAVIGATION 0 1 0 0 42 0. 140.5
42.38 34 ATTITUDE 1 0 -76
42.38 34 CALIBRATION 0. 0.023 0.074 0
42.39 34 GPS 0 49756236 356547986 0 74760 0 0 417064248 12 0
42.39 34 CALIB_CONTRAST 954
42.39 34 SERVO 9600 -9600 162
42.46 34 DESIRED -0. -0.01 0. 0. 778. 0.
42.46 34 IR_DEBUG 685 674 685 674
42.46 34 NAVIGATION 0 1 0 0 42 0. 140.5
42.46 34 WP_MOVED 6 497565. 3565513. 810.
42.46 34 GPS 0 49756236 356547986 0 74760 0 0 417064500 12 0
42.52 34 ESTIMATOR 0. 0. 0. 0. 0.
42.57 34 DOWNLINK_STATUS 41 15775 1010 0 429. 28.
42.63 34 COMMANDS 169,-20,-66,-559
42.63 34 NAVIGATION 0 1 0 0 42 0. 140.5
42.63 34 ATTITUDE 1 0 -77
42.63 34 DL_VALUE 40 1.
42.86 34 FBW_STATUS 0 0 122
42.86 34 GPS 0 49756236 356547986 0 74760 0 0 417064748 12 0
42.86 34 RAD_OF_IR 7 0 0.00199
43.08 34 IR_SENSORS -949 7 1
43.08 34 NAVIGATION 0 1 0 0 42 0. 140.5
43.08 34 WP_MOVED 7 497540. 3565503. 810.
43.08 34 GYRO_RATES -162 -143 -134 1.413717 -1.24791 -1.169371
43.08 34 GPS 0 49756236 356547986 0 74760 0 0 417065000 12 0
43.13 34 ESTIMATOR 0. 0. 0. 0. 0.
43.13 34 NAVIGATION 0 1 0 0 42 0. 140.5
43.13 34 ATTITUDE 1 0 -76
43.13 34 CALIB_CONTRAST 954
43.36 34 GPS 0 49756236 356547986 0 74760 0 0 417065248 12 0
43.36 34 SVINFO 1 20 4 6 41 53 314
43.36 34 DESIRED -0. -0.01 0. 0. 778. 0.
43.43 34 NAVIGATION 0 1 0 0 42 0. 140.5
43.43 34 WP_MOVED 8 497625. 3565493. 810.
43.47 34 GPS 0 49756236 356547986 0 74760 0 0 417065500 12 0
43.50 34 ESTIMATOR 0. 0. 0. 0. 0.
43.56 34 DOWNLINK_STATUS 42 16146 1033 0 371. 23.
43.64 34 COMMANDS 171,-20,-61,-563
43.64 34 NAVIGATION 0 1 0 0 42 0. 140.5
43.64 34 ATTITUDE 1 0 -77
43.64 34 DL_VALUE 41 0.
43.64 34 FBW_STATUS 0 0 122
43.64 34 RAD_OF_IR 7 0 0.00199
43.88 34 GPS 0 49756236 356547986 0 74760 0 0 417065748 12 0
43.88 34 SVINFO 3 16 4 6 44 36 143
43.88 34 IR_SENSORS -949 7 1
43.88 34 NAVIGATION 0 1 0 0 42 0. 140.5
43.92 34 WP_MOVED 9 497575. 3565498. 0.
43.92 34 GYRO_RATES -162 -143 -133 1.413717 -1.24791 -1.160644
44.07 34 ESTIMATOR 0. 0. 0. 0. 0.
44.10 34 BAT 168 122 0 0 83 1 1
44.10 34 GPS 0 49756236 356547986 0 74760 0 0 417066000 12 0
44.10 34 SVINFO 4 23 4 6 40 30 296
44.11 34 NAVIGATION 0 1 0 0 42 0. 140.5
44.11 34 ATTITUDE 1 0 -77
44.11 34 CALIBRATION 0. 0.023 0.074 0
44.11 34 CALIB_CONTRAST 954
44.11 34 SERVO 9600 -9600 170
44.37 34 GPS 0 49756236 356547986 0 74760 0 0 417066248 12 0
44.37 34 DESIRED -0. -0.01 0. 0. 778. 0.
44.37 34 IR_DEBUG 684 673 684 673
44.37 34 NAVIGATION 0 1 0 0 42 0. 140.5
44.44 34 WP_MOVED 0 497617. 3565540. 810.
44.44 34 ESTIMATOR 0. 0. 0. 0. 0.
44.55 34 GPS 0 49756236 356547986 0 74760 0 0 417066500 12 0
44.58 34 COMMANDS 170,-23,-63,-561
44.58 34 NAVIGATION 0 1 0 0 42 0. 140.5
44.58 34 ATTITUDE 1 0 -77
44.58 34 DL_VALUE 0 778.
44.59 34 FBW_STATUS 0 0 122
44.59 34 RAD_OF_IR 7 0 0.00199
44.59 34 DOWNLINK_STATUS 43 16633 1067 0 487. 34.
44.63 34 ACTUATORS 1496,1502,0,1214,1471
44.63 34 IR_SENSORS -949 7 1
44.85 34 GPS 0 49756236 356547986 0 74760 0 0 417066748 12 0
44.85 34 NAVIGATION 0 1 0 0 42 0. 140.5
44.85 34 WP_MOVED 1 497586.6875 3565500. 810.
44.85 34 GYRO_RATES -162 -142 -134 1.413717 -1.239184 -1.169371
44.85 34 ESTIMATOR 0. 0. 0. 0. 0.
44.98 34 NAVIGATION 0 1 0 0 42 0. 140.5
44.98 34 GPS 0 49756236 356547986 0 74760 0 0 417067000 12 0
44.98 34 ATTITUDE 1 0 -76
45.01 34 CALIB_CONTRAST 954
45.25 34 DESIRED -0. -0.01 0. 0. 778. 0.
45.35 34 NAVIGATION 0 1 0 0 42 0. 140.5
45.35 34 GPS 0 49756236 356547986 0 74760 0 0 417067248 12 0
45.35 34 WP_MOVED 2 497622.6875 3565498.5 810.
45.35 34 PPRZ_MODE 0 0 3 0 0 1 0
45.35 34 ESTIMATOR 0. 0. 0. 0. 0.
45.47 34 COMMANDS 167,-20,-59,-554
45.47 34 NAVIGATION 0 1 0 0 42 0. 140.5
45.47 34 ATTITUDE 1 0 -76
45.47 34 DL_VALUE 1 1.
45.47 34 GPS 0 49756236 356547986 0 74760 0 0 417067500 12 0
45.50 34 FBW_STATUS 0 0 122
45.55 34 RAD_OF_IR 7 0 0.00199
45.56 34 DOWNLINK_STATUS 44 17016 1091 0 383. 24.
45.75 34 IR_SENSORS -950 7 1
45.75 34 NAVIGATION 0 1 0 0 42 0. 140.5
45.75 34 GPS 0 49756236 356547986 0 74760 0 0 417067748 12 0
45.76 34 WP_MOVED 3 497546.40625 3565495.5 810.
45.76 34 GYRO_RATES -163 -143 -134 1.422443 -1.24791 -1.169371
45.83 34 ESTIMATOR 0. 0. 0. 0. 0.
45.83 34 BAT 170 122 0 0 84 0 1
45.94 34 NAVIGATION 0 1 0 0 42 0. 140.5
45.94 34 ATTITUDE 1 0 -76
45.94 34 CALIBRATION 0. 0.023 0.074 0
45.94 34 GPS 0 49756236 356547986 0 74760 0 0 417068000 12 0
46.16 34 CALIB_CONTRAST 954
46.19 34 SERVO 9600 -9600 169
46.19 34 DESIRED -0. -0.01 0. 0. 778. 0.
46.19 34 IR_DEBUG 683 672 683 672
46.19 34 NAVIGATION 0 1 0 0 42 0. 140.5
46.19 34 WP_MOVED 4 497605. 3565508. 810.
46.25 34 GPS 0 49756236 356547986 0 74760 0 0 417068248 12 0
46.25 34 ESTIMATOR 0. 0. 0. 0. 0.
46.36 34 COMMANDS 173,-20,-58,-563
46.36 34 NAVIGATION 0 1 0 0 42 0. 140.5
46.36 34 ATTITUDE 1 0 -77
46.36 34 DL_VALUE 2 0.
46.55 34 GPS 0 49756236 356547986 0 74760 0 0 417068500 12 0
46.55 34 FBW_STATUS 0 0 122
46.55 34 RAD_OF_IR 7 0 0.00199
46.58 34 IR_SENSORS -951 7 1
46.58 34 NAVIGATION 0 1 0 0 42 0. 140.5
46.58 34 DOWNLINK_STATUS 45 17450 1119 0 434. 28.
46.64 34 WP_MOVED 5 497625. 3565488. 810.
46.64 34 GYRO_RATES -163 -144 -134 1.422443 -1.256637 -1.169371
46.73 34 GPS 0 49756236 356547986 0 74760 0 0 417068748 12 0
46.73 34 ESTIMATOR 0. 0. 0. 0. 0.
46.82 34 NAVIGATION 0 1 0 0 42 0. 140.5
46.82 34 ATTITUDE 1 0 -77
47.05 34 CALIB_CONTRAST 954
47.05 34 GPS 0 49756236 356547986 0 74760 0 0 417069000 12 0
47.05 34 SVINFO 0 32 12 3 20 82 342
47.13 34 DESIRED -0. -0.01 0. 0. 778. 0.
47.13 34 NAVIGATION 0 1 0 0 42 0. 140.5
47.13 34 WP_MOVED 6 497565. 3565513. 810.
47.24 34 GPS 0 49756236 356547986 0 74760 0 0 417069248 12 0
47.24 34 SVINFO 1 20 4 6 40 53 314
47.24 34 ESTIMATOR 0. 0. 0. 0. 0.
47.33 34 COMMANDS 169,-45,-64,-561
47.34 34 NAVIGATION 0 1 0 0 42 0. 140.5
47.34 34 ATTITUDE 1 0 -76
47.34 34 DL_VALUE 3 0.
47.34 34 FBW_STATUS 0 0 122
47.35 34 RAD_OF_IR 7 0 0.00199
47.56 34 GPS 0 49756236 356547986 0 74760 0 0 417069500 12 0
47.58 34 DOWNLINK_STATUS 46 17805 1141 0 355. 22.
47.64 34 IR_SENSORS -949 7 1
47.64 34 NAVIGATION 0 1 0 0 42 0. 140.5
47.64 34 WP_MOVED 7 497540. 3565503. 810.
47.64 34 GYRO_RATES -163 -143 -134 1.422443 -1.24791 -1.169371
47.86 34 ESTIMATOR 0. 0. 0. 0. 0.
47.86 34 BAT 176 122 0 0 86 0 1
47.86 34 GPS 0 49756236 356547986 0 74760 0 0 417069748 12 0
47.87 34 SVINFO 3 16 4 6 44 36 143
47.87 34 NAVIGATION 0 1 0 0 42 0. 140.5
47.87 34 ATTITUDE 1 0 -76
47.87 34 CALIBRATION 0. 0.023 0.074 0
47.88 34 CALIB_CONTRAST 954
47.88 34 SERVO 9600 -9600 174
48.18 34 GPS 0 49756236 356547986 0 74760 0 0 417070000 12 0
48.19 34 SVINFO 4 23 4 6 42 30 296
48.19 34 DESIRED -0. -0.01 0. 0. 778. 0.
48.19 34 IR_DEBUG 684 673 684 673
48.19 34 NAVIGATION 0 1 0 0 42 0. 140.5
48.19 34 WP_MOVED 8 497625. 3565493. 810.
48.27 34 ESTIMATOR 0. 0. 0. 0. 0.
48.27 34 GPS 0 49756236 356547986 0 74760 0 0 417070248 12 0
48.27 34 COMMANDS 162,-21,-61,-543
48.27 34 NAVIGATION 0 1 0 0 42 0. 140.5
48.27 34 ATTITUDE 1 0 -76
48.27 34 DL_VALUE 4 0.
48.33 34 FBW_STATUS 0 0 122
48.33 34 RAD_OF_IR 7 0 0.00199
48.48 34 IR_SENSORS -950 7 1
48.48 34 GPS 0 49756236 356547986 0 74760 0 0 417070500 12 0
48.48 34 SVINFO 6 14 4 3 23 10 80
48.48 34 NAVIGATION 0 1 0 0 42 0. 140.5
48.59 34 DOWNLINK_STATUS 47 18269 1172 0 464. 31.
48.65 34 WP_MOVED 9 497575. 3565498. 0.
48.65 34 GYRO_RATES -163 -144 -134 1.422443 -1.256637 -1.169371
48.74 34 ESTIMATOR 0. 0. 0. 0. 0.
48.74 34 NAVIGATION 0 1 0 0 42 0. 140.5
48.74 34 GPS 0 49756236 356547986 0 74760 0 0 417070748 12 0
48.74 34 ATTITUDE 1 0 -77
48.75 34 CALIB_CONTRAST 954
48.95 34 DESIRED -0. -0.01 0. 0. 778. 0.
48.95 34 NAVIGATION 0 1 0 0 42 0. 140.5
48.95 34 GPS 0 49756236 356547986 0 74760 0 0 417071000 12 0
48.95 34 WP_MOVED 0 497617. 3565540. 810.
49.14 34 ESTIMATOR 0. 0. 0. 0. 0.
49.26 34 COMMANDS 175,-20,-52,-563
49.26 34 NAVIGATION 0 1 0 0 42 0. 140.5
49.26 34 ATTITUDE 1 0 -77
49.26 34 DL_VALUE 5 0.
49.27 34 GPS 0 49756236 356547986 0 74760 0 0 417071248 12 0
49.27 34 FBW_STATUS 0 0 122
49.27 34 RAD_OF_IR 7 0 0.00199
49.33 34 ACTUATORS 1497,1503,0,1214,1471
49.33 34 IR_SENSORS -950 7 1
49.54 34 NAVIGATION 0 1 0 0 42 0. 140.5
49.58 34 DOWNLINK_STATUS 48 18616 1194 0 347. 22.
49.67 34 GPS 0 49756236 356547986 0 74760 0 0 417071500 12 0
49.67 34 WP_MOVED 1 497586.6875 3565500. 810.
49.67 34 GYRO_RATES -162 -143 -134 1.413717 -1.24791 -1.169371
49.67 34 ESTIMATOR 0. 0. 0. 0. 0.
49.68 34 BAT 162 122 0 0 88 0 1
49.68 34 NAVIGATION 0 1 0 0 42 0. 140.5
49.68 34 ATTITUDE 1 0 -76
49.68 34 CALIBRATION 0. 0.023 0.074 0
49.73 34 GPS 0 49756236 356547986 0 74760 0 0 417071748 12 0
49.73 34 SVINFO 11 21 4 3 23 -9 114
49.73 34 CALIB_CONTRAST 954
49.73 34 SERVO 9600 -9600 169
49.85 34 DESIRED -0. -0.01 0. 0. 778. 0.
49.85 34 IR_DEBUG 684 673 684 673
49.85 34 NAVIGATION 0 1 0 0 42 0. 140.5
50.06 34 WP_MOVED 2 497622.6875 3565498.5 810.
50.06 34 PPRZ_MODE 0 0 3 0 0 1 0
50.06 34 GPS 0 49756236 356547986 0 74760 0 0 417072000 12 0
50.14 34 ESTIMATOR 0. 0. 0. 0. 0.
50.14 34 COMMANDS 170,-23,-64,-563
50.14 34 NAVIGATION 0 1 0 0 42 0. 140.5
50.14 34 ATTITUDE 1 0 -77
50.14 34 DL_VALUE 6 0.
50.15 34 FBW_STATUS 0 0 122
50.24 34 GPS 0 49756236 356547986 0 74760 0 0 417072248 12 0
50.24 34 SVINFO 13 11 12 3 23 23 237
50.24 34 RAD_OF_IR 7 0 0.00199
50.24 34 NAVIGATION_REF 497575 3565498 12
50.26 34 IR_SENSORS -949 7 1
50.32 34 NAVIGATION 0 1 0 0 42 0. 140.5
50.56 34 WP_MOVED 3 497546.40625 3565495.5 810.
50.56 34 GYRO_RATES -163 -143 -134 1.422443 -1.24791 -1.169371
50.56 34 GPS 0 49756236 356547986 0 74760 0 0 417072500 12 0
50.60 34 DOWNLINK_STATUS 49 19126 1227 0 510. 33.
50.64 34 ESTIMATOR 0. 0. 0. 0. 0.
50.64 34 NAVIGATION 0 1 0 0 42 0. 140.5
50.64 34 ATTITUDE 1 0 -77
50.64 34 CALIB_CONTRAST 954
50.76 34 GPS 0 49756236 356547986 0 74760 0 0 417072748 12 0
50.76 34 DESIRED -0. -0.01 0. 0. 778. 0.
51.05 34 NAVIGATION 0 1 0 0 42 0. 140.5
51.05 34 WP_MOVED 4 497605. 3565508. 810.
51.15 34 GPS 0 49756236 356547986 0 74760 0 0 417073000 12 0
51.15 34 ESTIMATOR 0. 0. 0. 0. 0.
51.15 34 COMMANDS 168,-23,-66,-561
51.16 34 NAVIGATION 0 1 0 0 42 0. 140.5
51.16 34 ATTITUDE 1 0 -76
51.16 34 DL_VALUE 7 0.
51.16 34 FBW_STATUS 0 0 122
51.16 34 RAD_OF_IR 7 0 0.00199
51.25 34 GPS 0 49756236 356547986 0 74760 0 0 417073248 12 0
51.26 34 SVINFO 1 20 4 5 38 53 314
51.26 34 IR_SENSORS -949 7 1
51.26 34 NAVIGATION 0 1 0 0 42 0. 140.5
51.32 34 WP_MOVED 5 497625. 3565488. 810.
51.32 34 GYRO_RATES -162 -142 -133 1.413717 -1.239184 -1.160644
51.56 34 ESTIMATOR 0. 0. 0. 0. 0.
51.56 34 BAT 169 122 0 0 90 0 1
51.56 34 GPS 0 49756236 356547986 0 74760 0 0 417073500 12 0
51.60 34 DOWNLINK_STATUS 50 19533 1252 0 407. 25.
51.63 34 NAVIGATION 0 1 0 0 42 0. 140.5
51.63 34 ATTITUDE 1 0 -76
51.63 34 CALIBRATION 0. 0.023 0.074 0
51.63 34 CALIB_CONTRAST 954
51.63 34 SERVO 9600 -9600 170
51.79 34 GPS 0 49756236 356547986 0 74760 0 0 417073748 12 0
51.79 34 SVINFO 3 16 4 6 42 36 143
51.79 34 DESIRED -0. -0.01 0. 0. 778. 0.
51.79 34 IR_DEBUG 684 673 684 673
51.79 34 NAVIGATION 0 1 0 0 42 0. 140.5
51.81 34 WP_MOVED 6 497565. 3565513. 810.
52.04 34 ESTIMATOR 0. 0. 0. 0. 0.
52.16 34 GPS 0 49756236 356547986 0 74760 0 0 417074000 12 0
52.16 34 COMMANDS 176,-18,-52,-561
52.16 34 NAVIGATION 0 1 0 0 42 0. 140.5
52.16 34 ATTITUDE 1 0 -76
52.16 34 DL_VALUE 8 0.
52.16 34 FBW_STATUS 0 0 122
52.16 34 RAD_OF_IR 7 0 0.00199
52.35 34 IR_SENSORS -950 7 1
52.35 34 GPS 0 49756236 356547986 0 74760 0 0 417074248 12 0
52.35 34 NAVIGATION 0 1 0 0 42 0. 140.5
52.35 34 WP_MOVED 7 497540. 3565503. 810.
52.37 34 GYRO_RATES -162 -142 -134 1.413717 -1.239184 -1.169371
52.37 34 ESTIMATOR 0. 0. 0. 0. 0.
52.56 34 NAVIGATION 0 1 0 0 42 0. 140.5
52.56 34 GPS 0 49756236 356547986 0 74760 0 0 417074500 12 0
52.56 34 ATTITUDE 1 0 -76
52.56 34 CALIB_CONTRAST 954
52.59 34 DOWNLINK_STATUS 51 19967 1281 0 434. 29.
52.62 34 DESIRED -0. -0.01 0. 0. 778. 0.
52.64 34 NAVIGATION 0 1 0 0 42 0. 140.5
52.73 34 GPS 0 49756236 356547986 0 74760 0 0 417074748 12 0
52.73 34 WP_MOVED 8 497625. 3565493. 810.
52.82 34 ESTIMATOR 0. 0. 0. 0. 0.
53.07 34 COMMANDS 167,-23,-64,-569
53.07 34 NAVIGATION 0 1 0 0 42 0. 140.5
53.07 34 ATTITUDE 1 0 -76
53.07 34 DL_VALUE 9 -57.
53.07 34 GPS 0 49756236 356547986 0 74760 0 0 417075000 12 0
53.13 34 FBW_STATUS 0 0 122
53.13 34 RAD_OF_IR 7 0 0.00199
53.13 34 IR_SENSORS -950 7 1
53.13 34 NAVIGATION 0 1 0 0 42 0. 140.5
53.26 34 GPS 0 49756236 356547986 0 74760 0 0 417075248 12 0
53.26 34 SVINFO 9 13 4 3 22 2 278
53.26 34 WP_MOVED 9 497575. 3565498. 0.
53.26 34 GYRO_RATES -163 -144 -134 1.422443 -1.256637 -1.169371
53.32 34 ESTIMATOR 0. 0. 0. 0. 0.
53.32 34 BAT 178 122 0 0 92 0 1
53.57 34 NAVIGATION 0 1 0 0 42 0. 140.5
53.57 34 ATTITUDE 1 0 -76
53.57 34 CALIBRATION 0. 0.023 0.074 0
53.57 34 GPS 0 49756236 356547986 0 74760 0 0 417075500 12 0
53.60 34 DOWNLINK_STATUS 52 20363 1305 0 396. 24.
53.64 34 CALIB_CONTRAST 954
53.64 34 SERVO 9600 -9600 169
53.64 34 DESIRED -0. -0.01 0. 0. 778. 0.
53.64 34 IR_DEBUG 684 673 684 673
53.64 34 NAVIGATION 0 1 0 0 42 0. 140.5
53.65 34 WP_MOVED 0 497617. 3565540. 810.
53.76 34 GPS 0 49756236 356547986 0 74760 0 0 417075748 12 0
53.76 34 ESTIMATOR 0. 0. 0. 0. 0.
54.06 34 COMMANDS 173,-20,-61,-561
54.06 34 NAVIGATION 0 1 0 0 42 0. 140.5
54.06 34 ATTITUDE 1 0 -76
54.06 34 DL_VALUE 10 0.
54.17 34 FBW_STATUS 0 0 122
54.17 34 GPS 0 49756236 356547986 0 74760 0 0 417076000 12 0
54.17 34 RAD_OF_IR 7 0 0.00199
54.17 34 ACTUATORS 1496,1502,0,1214,1472
54.17 34 IR_SENSORS -949 7 1
54.17 34 NAVIGATION 0 1 0 0 42 0. 140.5
54.17 34 WP_MOVED 1 497586.6875 3565500. 810.
54.17 34 GYRO_RATES -163 -143 -134 1.422443 -1.24791 -1.169371
54.23 34 GPS 0 49756236 356547986 0 74760 0 0 417076248 12 0
54.23 34 ESTIMATOR 0. 0. 0. 0. 0.
54.32 34 NAVIGATION 0 1 0 0 42 0. 140.5
54.32 34 ATTITUDE 1 0 -76
54.60 34 DOWNLINK_STATUS 53 20728 1329 0 365. 24.
55.01 34 DESIRED -0. -0.01 0. 0. 778. 0.
55.01 34 NAVIGATION 0 1 0 0 42 0. 140.5
55.01 34 WP_MOVED 2 497622.6875 3565498.5 810.
55.01 34 PPRZ_MODE 0 0 3 0 0 1 0
55.01 34 GPS 0 49756236 356547986 0 74760 0 0 417076749 12 0
55.08 34 COMMANDS 175,-17,-50,-559
55.10 34 NAVIGATION 0 1 0 0 42 0. 140.5
55.10 34 ATTITUDE 1 0 -76
55.10 34 DL_VALUE 11 1.
55.10 34 FBW_STATUS 0 0 122
55.11 34 RAD_OF_IR 7 0 0.00199
55.11 34 GPS 0 49756236 356547986 0 74760 0 0 417077001 12 0
55.11 34 IR_SENSORS -949 7 1
55.14 34 WP_MOVED 3 497546.40625 3565495.5 810.
55.14 34 GYRO_RATES -163 -143 -134 1.422443 -1.24791 -1.169371
55.49 34 ESTIMATOR 0. 0. 0. 0. 0.
55.49 34 BAT 172 122 0 0 94 0 1
55.49 34 GPS 0 49756236 356547986 0 74760 0 0 417077249 12 0
55.49 34 SVINFO 1 20 4 6 39 53 314
55.49 34 NAVIGATION 0 1 0 0 42 0. 140.5
55.49 34 ATTITUDE 1 0 -76
55.49 34 CALIBRATION 0. 0.023 0.074 0
55.59 34 CALIB_CONTRAST 954
55.59 34 SERVO 9600 -9600 170
55.59 34 GPS 0 49756236 356547986 0 74760 0 0 417077501 12 0
55.59 34 DESIRED -0. -0.01 0. 0. 778. 0.
55.59 34 IR_DEBUG 684 673 684 673
55.60 34 NAVIGATION 0 1 0 0 42 0. 140.5
55.60 34 WP_MOVED 4 497605. 3565508. 810.
55.62 34 DOWNLINK_STATUS 54 21174 1358 0 446. 29.
55.62 34 ESTIMATOR 0. 0. 0. 0. 0.
55.77 34 GPS 0 49756236 356547986 0 74760 0 0 417077749 12 0
55.77 34 SVINFO 3 16 4 6 42 36 143
55.77 34 COMMANDS 169,-17,-64,-561
55.77 34 NAVIGATION 0 1 0 0 42 0. 140.5
55.77 34 ATTITUDE 1 0 -76
55.77 34 DL_VALUE 12 0.
55.94 34 FBW_STATUS 0 0 122
55.97 34 RAD_OF_IR 7 0 0.00199
55.98 34 IR_SENSORS -949 7 1
55.98 34 GPS 0 49756236 356547986 0 74760 0 0 417078001 12 0
55.98 34 NAVIGATION 0 1 0 0 42 0. 140.5
56.03 34 WP_MOVED 5 497625. 3565488. 810.
56.03 34 GYRO_RATES -163 -144 -134 1.422443 -1.256637 -1.169371
56.12 34 ESTIMATOR 0. 0. 0. 0. 0.
56.23 34 NAVIGATION 0 1 0 0 42 0. 140.5
56.23 34 GPS 0 49756236 356547986 0 74760 0 0 417078249 12 0
56.23 34 ATTITUDE 1 0 -76
56.24 34 CALIB_CONTRAST 954
56.54 34 DESIRED -0. -0.01 0. 0. 778. 0.
56.60 34 DOWNLINK_STATUS 55 21485 1378 0 311. 20.
56.67 34 NAVIGATION 0 1 0 0 42 0. 140.5
56.67 34 GPS 0 49756236 356547986 0 74760 0 0 417078501 12 0
56.67 34 WP_MOVED 6 497565. 3565513. 810.
56.67 34 ESTIMATOR 0. 0. 0. 0. 0.
56.77 34 COMMANDS 176,-18,-59,-574
56.77 34 NAVIGATION 0 1 0 0 42 0. 140.5
56.77 34 ATTITUDE 1 0 -76
56.77 34 DL_VALUE 13 481.
56.77 34 GPS 0 49756236 356547986 0 74760 0 0 417078749 12 0
56.77 34 FBW_STATUS 0 0 122
56.77 34 RAD_OF_IR 7 0 0.00199
56.81 34 IR_SENSORS -949 7 1
57.04 34 NAVIGATION 0 1 0 0 42 0. 140.5
57.16 34 GPS 0 49756236 356547986 0 74760 0 0 417079001 12 0
57.20 34 WP_MOVED 7 497540. 3565503. 810.
57.20 34 GYRO_RATES -163 -143 -134 1.422443 -1.24791 -1.169371
57.20 34 ESTIMATOR 0. 0. 0. 0. 0.
57.20 34 BAT 173 122 0 0 96 0 1
57.20 34 NAVIGATION 0 1 0 0 42 0. 140.5
57.20 34 ATTITUDE 1 0 -76
57.20 34 CALIBRATION 0. 0.023 0.074 0
57.23 34 GPS 0 49756236 356547986 0 74760 0 0 417079249 12 0
57.23 34 CALIB_CONTRAST 954
57.23 34 SERVO 9600 -9600 168
57.35 34 DESIRED -0. -0.01 0. 0. 778. 0.
57.35 34 IR_DEBUG 684 673 684 673
57.35 34 NAVIGATION 0 1 0 0 42 0. 140.5
57.56 34 WP_MOVED 8 497625. 3565493. 810.
57.56 34 GPS 0 49756236 356547986 0 74760 0 0 417079501 12 0
57.61 34 DOWNLINK_STATUS 56 21953 1407 0 468. 29.
57.66 34 ESTIMATOR 0. 0. 0. 0. 0.
57.66 34 COMMANDS 175,-21,-52,-564
57.66 34 NAVIGATION 0 1 0 0 42 0. 140.5
57.66 34 ATTITUDE 1 0 -76
57.66 34 DL_VALUE 14 462.
57.66 34 FBW_STATUS 0 0 122
57.72 34 GPS 0 49756236 356547986 0 74760 0 0 417079749 12 0
57.73 34 RAD_OF_IR 7 0 0.00199
57.75 34 IR_SENSORS -950 7 1
57.82 34 NAVIGATION 0 1 0 0 42 0. 140.5
58.08 34 WP_MOVED 9 497575. 3565498. 0.
58.08 34 GYRO_RATES -162 -143 -134 1.413717 -1.24791 -1.169371
58.08 34 GPS 0 49756236 356547986 0 74760 0 0 417080001 12 0
58.13 34 ESTIMATOR 0. 0. 0. 0. 0.
58.13 34 NAVIGATION 0 1 0 0 42 0. 140.5
58.14 34 ATTITUDE 1 0 -76
58.14 34 CALIB_CONTRAST 954
58.26 34 GPS 0 49756236 356547986 0 74760 0 0 417080249 12 0
58.26 34 DESIRED -0. -0.01 0. 0. 778. 0.
58.31 34 NAVIGATION 0 1 0 0 42 0. 140.5
58.33 34 WP_MOVED 0 497617. 3565540. 810.
58.56 34 GPS 0 49756236 356547986 0 74760 0 0 417080501 12 0
58.58 34 ESTIMATOR 0. 0. 0. 0. 0.
58.61 34 DOWNLINK_STATUS 57 22336 1430 0 383. 23.
58.64 34 COMMANDS 169,-20,-61,-561
58.64 34 NAVIGATION 0 1 0 0 42 0. 140.5
58.64 34 ATTITUDE 1 0 -76
58.64 34 DL_VALUE 15 452.
58.65 34 FBW_STATUS 0 0 122
58.65 34 RAD_OF_IR 7 0 0.00199
58.65 34 NAVIGATION_REF 497575 3565498 12
58.76 34 GPS 0 49756236 356547986 0 74760 0 0 417080749 12 0
58.76 34 ACTUATORS 1496,1502,0,1213,1471
58.76 34 IR_SENSORS -948 7 1
58.76 34 NAVIGATION 0 1 0 0 42 0. 140.5
58.82 34 WP_MOVED 1 497586.6875 3565500. 810.
58.82 34 GYRO_RATES -162 -143 -134 1.413717 -1.24791 -1.169371
59.09 34 ESTIMATOR 0. 0. 0. 0. 0.
59.09 34 BAT 174 122 0 0 98 0 1
59.09 34 GPS 0 49756236 356547986 0 74760 0 0 417081001 12 0
59.13 34 NAVIGATION 0 1 0 0 42 0. 140.5
59.14 34 ATTITUDE 1 0 -76
59.14 34 CALIBRATION 0. 0.023 0.074 0
59.14 34 CALIB_CONTRAST 954
59.14 34 SERVO 9600 -9600 170
59.38 34 GPS 0 49756236 356547986 0 74760 0 0 417081249 12 0
59.38 34 SVINFO 1 20 4 6 40 53 314
59.38 34 DESIRED -0. -0.01 0. 0. 778. 0.
59.38 34 IR_DEBUG 683 673 683 673
59.38 34 NAVIGATION 0 1 0 0 42 0. 140.5
59.38 34 WP_MOVED 2 497622.6875 3565498.5 810.
59.54 34 ESTIMATOR 0. 0. 0. 0. 0.
59.61 34 DOWNLINK_STATUS 58 22751 1458 0 415. 28.
59.68 34 GPS 0 49756236 356547986 0 74760 0 0 417081501 12 0
59.68 34 COMMANDS 166,-24,-64,-554
59.68 34 NAVIGATION 0 1 0 0 42 0. 140.5
59.68 34 ATTITUDE 1 0 -76
59.68 34 DL_VALUE 16 17400.
59.68 34 FBW_STATUS 0 0 122
59.68 34 RAD_OF_IR 7 0 0.00199
59.68 34 IR_SENSORS -950 7 1
59.98 34 GPS 0 49756236 356547986 0 74760 0 0 417081749 12 0
59.98 34 SVINFO 3 16 4 6 42 36 143
59.98 34 NAVIGATION 0 1 0 0 42 0. 140.5
59.98 34 WP_MOVED 3 497546.40625 3565495.5 810.
59.98 34 GYRO_RATES -163 -143 -134 1.422443 -1.24791 -1.169371
60.05 34 ESTIMATOR 0. 0. 0. 0. 0.
60.05 34 NAVIGATION 0 1 0 0 42 0. 140.5
60.05 34 GPS 0 49756236 356547986 0 74760 0 0 417082001 12 0
60.05 34 ATTITUDE 1 0 -76
60.05 34 CALIB_CONTRAST 954
60.13 34 DESIRED -0. -0.01 0. 0. 778. 0.
60.16 34 NAVIGATION 0 1 0 0 42 0. 140.5
60.24 34 GPS 0 49756236 356547986 0 74760 0 0 417082249 12 0
60.25 34 WP_MOVED 4 497605. 3565508. 810.
60.45 34 ESTIMATOR 0. 0. 0. 0. 0.
60.54 34 COMMANDS 173,-20,-55,-561
60.55 34 NAVIGATION 0 1 0 0 42 0. 140.5
60.55 34 ATTITUDE 1 0 -76
60.55 34 DL_VALUE 17 16500.
60.55 34 GPS 0 49756236 356547986 0 74760 0 0 417082501 12 0
60.55 34 FBW_STATUS 0 0 122
60.56 34 RAD_OF_IR 7 0 0.00199
60.63 34 DOWNLINK_STATUS 59 23208 1488 0 457. 30.
60.66 34 IR_SENSORS -949 7 1
60.66 34 NAVIGATION 0 1 0 0 42 0. 140.5
60.76 34 GPS 0 49756236 356547986 0 74760 0 0 417082749 12 0
60.76 34 WP_MOVED 5 497625. 3565488. 810.
60.76 34 GYRO_RATES -163 -143 -134 1.422443 -1.24791 -1.169371
60.95 34 ESTIMATOR 0. 0. 0. 0. 0.
60.95 34 BAT 166 122 0 0 100 0 1
61.05 34 NAVIGATION 0 1 0 0 42 0. 140.5
61.05 34 ATTITUDE 1 0 -76
61.05 34 CALIBRATION 0. 0.023 0.074 0
61.05 34 GPS 0 49756236 356547986 0 74760 0 0 417083001 12 0
61.05 34 CALIB_CONTRAST 954
61.05 34 SERVO 9600 -9600 170
61.14 34 DESIRED -0. -0.01 0. 0. 778. 0.
61.18 34 IR_DEBUG 684 673 684 673
61.18 34 NAVIGATION 0 1 0 0 42 0. 140.5
61.18 34 WP_MOVED 6 497565. 3565513. 810.
61.28 34 GPS 0 49756236 356547986 0 74760 0 0 417083249 12 0
61.28 34 ESTIMATOR 0. 0. 0. 0. 0.
61.55 34 COMMANDS 171,-18,-56,-558
61.56 34 NAVIGATION 0 1 0 0 42 0. 140.5
61.56 34 ATTITUDE 1 0 -76
61.56 34 DL_VALUE 18 9300.
61.63 34 DOWNLINK_STATUS 60 23574 1511 0 366. 23.
61.68 34 FBW_STATUS 0 0 122
61.68 34 GPS 0 49756236 356547986 0 74760 0 0 417083501 12 0
61.68 34 RAD_OF_IR 7 0 0.00199
61.68 34 IR_SENSORS -949 7 1
61.68 34 NAVIGATION 0 1 0 0 42 0. 140.5
61.68 34 WP_MOVED 7 497540. 3565503. 810.
61.68 34 GYRO_RATES -162 -143 -134 1.413717 -1.24791 -1.169371
61.75 34 GPS 0 49756236 356547986 0 74760 0 0 417083749 12 0
61.75 34 ESTIMATOR 0. 0. 0. 0. 0.
61.82 34 NAVIGATION 0 1 0 0 42 0. 140.5
61.82 34 ATTITUDE 1 0 -77
62.05 34 CALIB_CONTRAST 954
62.05 34 GPS 0 49756236 356547986 0 74760 0 0 417084001 12 0
62.07 34 DESIRED -0. -0.01 0. 0. 778. 0.
62.07 34 NAVIGATION 0 1 0 0 42 0. 140.5
62.13 34 WP_MOVED 8 497625. 3565493. 810.
62.24 34 GPS 0 49756236 356547986 0 74760 0 0 417084249 12 0
62.25 34 ESTIMATOR 0. 0. 0. 0. 0.
62.34 34 COMMANDS 166,-21,-66,-556
62.34 34 NAVIGATION 0 1 0 0 42 0. 140.5
62.34 34 ATTITUDE 1 0 -77
62.34 34 DL_VALUE 19 3200.
62.34 34 FBW_STATUS 0 0 122
62.35 34 RAD_OF_IR 7 0 0.00199
62.54 34 GPS 0 49756236 356547986 0 74760 0 0 417084501 12 0
62.64 34 DOWNLINK_STATUS 61 23977 1536 0 403. 25.
62.66 34 IR_SENSORS -948 7 1
62.66 34 NAVIGATION 0 1 0 0 42 0. 140.5
62.66 34 WP_MOVED 9 497575. 3565498. 0.
62.66 34 GYRO_RATES -163 -144 -134 1.422443 -1.256637 -1.169371
62.78 34 ESTIMATOR 0. 0. 0. 0. 0.
62.79 34 BAT 172 122 0 0 102 0 1
62.79 34 GPS 0 49756236 356547986 0 74760 0 0 417084749 12 0
62.79 34 NAVIGATION 0 1 0 0 42 0. 140.5
62.79 34 ATTITUDE 1 0 -76
62.79 34 CALIBRATION 0. 0.023 0.074 0
62.82 34 CALIB_CONTRAST 954
62.82 34 SERVO 9600 -9600 177
63.18 34 GPS 0 49756236 356547986 0 74760 0 0 417085001 12 0
63.18 34 DESIRED -0. -0.01 0. 0. 778. 0.
63.18 34 IR_DEBUG 684 673 684 673
63.18 34 NAVIGATION 0 1 0 0 42 0. 140.5
63.18 34 WP_MOVED 0 497617. 3565540. 810.
63.30 34 ESTIMATOR 0. 0. 0. 0. 0.
63.30 34 GPS 0 49756236 356547986 0 74760 0 0 417085249 12 0
63.30 34 SVINFO 1 20 4 7 40 53 314
63.30 34 COMMANDS 172,-23,-61,-564
63.30 34 NAVIGATION 0 1 0 0 42 0. 140.5
63.30 34 ATTITUDE 1 0 -76
63.30 34 DL_VALUE 20 22500.
63.31 34 FBW_STATUS 0 0 122
63.33 34 RAD_OF_IR 7 0 0.00199
63.46 34 ACTUATORS 1496,1502,0,1214,1471
63.46 34 IR_SENSORS -949 7 1
63.46 34 GPS 0 49756236 356547986 0 74760 0 0 417085501 12 0
63.46 34 NAVIGATION 0 1 0 0 42 0. 140.5
63.65 34 DOWNLINK_STATUS 62 24434 1566 0 457. 30.
63.67 34 WP_MOVED 1 497586.6875 3565500. 810.
63.67 34 GYRO_RATES -163 -144 -134 1.422443 -1.256637 -1.169371
63.89 34 ESTIMATOR 0. 0. 0. 0. 0.
63.89 34 NAVIGATION 0 1 0 0 42 0. 140.5
63.89 34 GPS 0 49756236 356547986 0 74760 0 0 417085749 12 0
63.89 34 SVINFO 3 16 4 7 42 36 143
63.89 34 ATTITUDE 1 0 -76
63.92 34 CALIB_CONTRAST 954
63.92 34 DESIRED -0. -0.01 0. 0. 778. 0.
63.94 34 NAVIGATION 0 1 0 0 42 0. 140.5
63.94 34 GPS 0 49756236 356547986 0 74760 0 0 417086001 12 0
64.15 34 WP_MOVED 2 497622.6875 3565498.5 810.
64.15 34 PPRZ_MODE 0 0 3 0 0 1 0
64.36 34 ESTIMATOR 0. 0. 0. 0. 0.
64.36 34 COMMANDS 169,-21,-66,-573
64.36 34 NAVIGATION 0 1 0 0 42 0. 140.5
64.36 34 ATTITUDE 1 0 -76
64.36 34 DL_VALUE 21 18400.
64.36 34 GPS 0 49756236 356547986 0 74760 0 0 417086249 12 0
64.37 34 FBW_STATUS 0 0 122
64.37 34 RAD_OF_IR 7 0 0.00199
64.42 34 IR_SENSORS -949 7 1
64.42 34 NAVIGATION 0 1 0 0 42 0. 140.5
64.65 34 DOWNLINK_STATUS 63 24787 1589 0 353. 23.
64.67 34 GPS 0 49756236 356547986 0 74760 0 0 417086501 12 0
64.67 34 WP_MOVED 3 497546.40625 3565495.5 810.
64.67 34 GYRO_RATES -162 -143 -134 1.413717 -1.24791 -1.169371
64.76 34 ESTIMATOR 0. 0. 0. 0. 0.
64.77 34 BAT 171 122 0 0 104 0 1
64.77 34 NAVIGATION 0 1 0 0 42 0. 140.5
64.77 34 ATTITUDE 1 0 -76
64.77 34 CALIBRATION 0. 0.023 0.074 0
64.77 34 GPS 0 49756236 356547986 0 74760 0 0 417086749 12 0
64.77 34 CALIB_CONTRAST 954
64.86 34 DESIRED -0. -0.01 0. 0. 778. 0.
64.86 34 IR_DEBUG 684 673 684 673
64.86 34 NAVIGATION 0 1 0 0 42 0. 140.5
64.93 34 WP_MOVED 4 497605. 3565508. 810.
64.93 34 GPS 0 49756236 356547986 0 74760 0 0 417087001 12 0
65.14 34 ESTIMATOR 0. 0. 0. 0. 0.
65.25 34 COMMANDS 172,-20,-61,-564
65.25 34 NAVIGATION 0 1 0 0 42 0. 140.5
65.25 34 ATTITUDE 1 0 -76
65.25 34 DL_VALUE 22 18700.
65.26 34 FBW_STATUS 0 0 122
65.26 34 GPS 0 49756236 356547986 0 74760 0 0 417087249 12 0
65.34 34 RAD_OF_IR 7 0 0.00199
65.34 34 IR_SENSORS -949 7 1
65.34 34 NAVIGATION 0 1 0 0 42 0. 140.5
65.44 34 WP_MOVED 5 497625. 3565488. 810.
65.44 34 GYRO_RATES -162 -143 -134 1.413717 -1.24791 -1.169371
65.44 34 GPS 0 49756236 356547986 0 74760 0 0 417087501 12 0
65.46 34 ESTIMATOR 0. 0. 0. 0. 0.
65.65 34 NAVIGATION 0 1 0 0 42 0. 140.5
65.65 34 ATTITUDE 1 0 -76
65.65 34 DOWNLINK_STATUS 64 25297 1620 0 510. 31.
65.76 34 CALIB_CONTRAST 954
65.76 34 GPS 0 49756236 356547986 0 74760 0 0 417087749 12 0
65.76 34 DESIRED -0. -0.01 0. 0. 778. 0.
65.83 34 NAVIGATION 0 1 0 0 42 0. 140.5
65.83 34 WP_MOVED 6 497565. 3565513. 810.
65.95 34 GPS 0 49756236 356547986 0 74760 0 0 417088001 12 0
65.95 34 ESTIMATOR 0. 0. 0. 0. 0.
66.14 34 COMMANDS 162,-23,-80,-566
66.17 34 NAVIGATION 0 1 0 0 42 0. 140.5
66.17 34 ATTITUDE 1 0 -76
66.17 34 DL_VALUE 23 0.
66.17 34 FBW_STATUS 0 0 122
66.17 34 RAD_OF_IR 7 0 0.00199
66.36 34 GPS 0 49756236 356547986 0 74760 0 0 417088249 12 0
66.36 34 IR_SENSORS -949 7 1
66.36 34 NAVIGATION 0 1 0 0 42 0. 140.5
66.55 34 WP_MOVED 7 497540. 3565503. 810.
66.55 34 GYRO_RATES -163 -143 -134 1.422443 -1.24791 -1.169371
66.65 34 DOWNLINK_STATUS 65 25583 1638 0 286. 18.
66.66 34 ESTIMATOR 0. 0. 0. 0. 0.
66.66 34 BAT 186 122 0 0 106 0 1
66.66 34 GPS 0 49756236 356547986 0 74760 0 0 417088501 12 0
66.66 34 NAVIGATION 0 1 0 0 42 0. 140.5
66.66 34 ATTITUDE 1 0 -76
66.66 34 CALIBRATION 0. 0.023 0.074 0
66.66 34 CALIB_CONTRAST 954
66.66 34 SERVO 9600 -9600 169
66.76 34 GPS 0 49756236 356547986 0 74760 0 0 417088749 12 0
66.77 34 DESIRED -0. -0.01 0. 0. 778. 0.
66.77 34 IR_DEBUG 683 673 683 673
66.77 34 NAVIGATION 0 1 0 0 42 0. 140.5
66.83 34 WP_MOVED 8 497625. 3565493. 810.
67.04 34 ESTIMATOR 0. 0. 0. 0. 0.
67.17 34 GPS 0 49756236 356547986 0 74760 0 0 417089001 12 0
67.17 34 COMMANDS 169,-17,-59,-559
67.19 34 NAVIGATION 0 1 0 0 42 0. 140.5
67.19 34 ATTITUDE 1 0 -76
67.19 34 DL_VALUE 24 11850.
67.19 34 FBW_STATUS 0 0 122
67.19 34 RAD_OF_IR 7 0 0.00199
67.19 34 NAVIGATION_REF 497575 3565498 12
67.19 34 IR_SENSORS -949 7 1
67.37 34 GPS 0 49756236 356547986 0 74760 0 0 417089249 12 0
67.37 34 SVINFO 1 20 4 7 35 53 314
67.37 34 NAVIGATION 0 1 0 0 42 0. 140.5
67.38 34 WP_MOVED 9 497575. 3565498. 0.
67.38 34 GYRO_RATES -162 -142 -134 1.413717 -1.239184 -1.169371
67.38 34 ESTIMATOR 0. 0. 0. 0. 0.
67.56 34 GPS 0 49756236 356547986 0 74760 0 0 417089501 12 0
67.56 34 NAVIGATION 0 1 0 0 42 0. 140.5
67.56 34 ATTITUDE 1 0 -76
67.56 34 CALIB_CONTRAST 954
67.66 34 DESIRED -0. -0.01 0. 0. 778. 0.
67.66 34 NAVIGATION 0 1 0 0 42 0. 140.5
67.66 34 DOWNLINK_STATUS 67 26135 1673 0 552. 35.
67.84 34 GPS 0 49756236 356547986 0 74760 0 0 417089749 12 0
67.84 34 SVINFO 3 16 4 7 42 36 143
67.84 34 WP_MOVED 0 497617. 3565540. 810.
67.84 34 ESTIMATOR 0. 0. 0. 0. 0.
68.07 34 COMMANDS 169,-18,-56,-558
68.07 34 NAVIGATION 0 1 0 0 42 0. 140.5
68.07 34 ATTITUDE 1 0 -76
68.07 34 DL_VALUE 25 12000.
68.07 34 GPS 0 49756236 356547986 0 74760 0 0 417090001 12 0
68.13 34 FBW_STATUS 0 0 122
68.13 34 RAD_OF_IR 7 0 0.00199
68.15 34 ACTUATORS 1497,1501,0,1214,1471
68.15 34 IR_SENSORS -949 7 1
68.15 34 NAVIGATION 0 1 0 0 42 0. 140.5
68.24 34 GPS 0 49756236 356547986 0 74760 0 0 417090249 12 0
68.24 34 WP_MOVED 1 497586.6875 3565500. 810.
68.24 34 GYRO_RATES -163 -143 -134 1.422443 -1.24791 -1.169371
68.33 34 ESTIMATOR 0. 0. 0. 0. 0.
68.33 34 BAT 168 122 0 0 108 0 1
68.57 34 NAVIGATION 0 1 0 0 42 0. 140.5
68.57 34 ATTITUDE 1 0 -76
68.57 34 CALIBRATION 0. 0.023 0.074 0
68.57 34 GPS 0 49756236 356547986 0 74760 0 0 417090501 12 0
68.66 34 DOWNLINK_STATUS 68 26500 1696 0 365. 23.
68.79 34 CALIB_CONTRAST 954
68.79 34 SERVO 9600 -9600 156
68.79 34 DESIRED -0. -0.01 0. 0. 778. 0.
68.79 34 IR_DEBUG 683 673 683 673
68.79 34 NAVIGATION 0 1 0 0 42 0. 140.5
68.79 34 WP_MOVED 2 497622.6875 3565498.5 810.
68.79 34 PPRZ_MODE 0 0 3 0 0 1 0
68.79 34 ESTIMATOR 0. 0. 0. 0. 0.
68.86 34 COMMANDS 170,-32,-72,-564
68.86 34 NAVIGATION 0 1 0 0 42 0. 140.5
68.86 34 ATTITUDE 1 0 -77
68.86 34 DL_VALUE 26 10000.
69.05 34 FBW_STATUS 0 0 122
69.06 34 GPS 0 49756236 356547986 0 74760 0 0 417091001 12 0
69.06 34 RAD_OF_IR 7 0 0.00199
69.06 34 IR_SENSORS -949 7 1
69.06 34 NAVIGATION 0 1 0 0 42 0. 140.5
69.15 34 WP_MOVED 3 497546.40625 3565495.5 810.
69.15 34 GYRO_RATES -163 -144 -134 1.422443 -1.256637 -1.169371
69.23 34 GPS 0 49756236 356547986 0 74760 0 0 417091249 12 0
69.23 34 ESTIMATOR 0. 0. 0. 0. 0.
69.32 34 NAVIGATION 0 1 0 0 42 0. 140.5
69.32 34 ATTITUDE 1 0 -76
69.46 34 CALIB_CONTRAST 954
69.46 34 GPS 0 49756236 356547986 0 74760 0 0 417091501 12 0
69.53 34 DESIRED -0. -0.01 0. 0. 778. 0.
69.53 34 NAVIGATION 0 1 0 0 42 0. 140.5
69.62 34 WP_MOVED 4 497605. 3565508. 810.
69.66 34 DOWNLINK_STATUS 69 26924 1724 0 424. 28.
69.73 34 GPS 0 49756236 356547986 0 74760 0 0 417091749 12 0
69.73 34 ESTIMATOR 0. 0. 0. 0. 0.
69.95 34 COMMANDS 171,-20,-64,-548
69.97 34 NAVIGATION 0 1 0 0 42 0. 140.5
69.97 34 ATTITUDE 1 0 -76
69.97 34 DL_VALUE 27 5500.
70.04 34 FBW_STATUS 0 0 122
70.04 34 RAD_OF_IR 7 0 0.00199
70.04 34 GPS 0 49756236 356547986 0 74760 0 0 417092001 12 0
70.04 34 IR_SENSORS -949 7 1
70.15 34 NAVIGATION 0 1 0 0 42 0. 140.5
70.15 34 WP_MOVED 5 497625. 3565488. 810.
70.15 34 GYRO_RATES -163 -144 -134 1.422443 -1.256637 -1.169371
70.49 34 ESTIMATOR 0. 0. 0. 0. 0.
70.49 34 BAT 171 122 0 0 110 0 1
70.49 34 GPS 0 49756236 356547986 0 74760 0 0 417092249 12 0
70.49 34 SVINFO 13 11 12 3 24 23 237
70.49 34 NAVIGATION 0 1 0 0 42 0. 140.5
70.49 34 ATTITUDE 1 0 -76
70.49 34 CALIBRATION 0. 0.023 0.074 0
70.56 34 CALIB_CONTRAST 954
70.56 34 SERVO 9600 -9600 172
70.56 34 GPS 0 49756236 356547986 0 74760 0 0 417092501 12 0
70.56 34 DESIRED -0. -0.01 0. 0. 778. 0.
70.56 34 IR_DEBUG 684 673 684 673
70.56 34 NAVIGATION 0 1 0 0 42 0. 140.5
70.56 34 WP_MOVED 6 497565. 3565513. 810.
70.65 34 ESTIMATOR 0. 0. 0. 0. 0.
70.66 34 DOWNLINK_STATUS 70 27364 1752 0 440. 28.
70.75 34 GPS 0 49756236 356547986 0 74760 0 0 417092749 12 0
70.75 34 COMMANDS 178,-23,-48,-564
70.75 34 NAVIGATION 0 1 0 0 42 0. 140.5
70.75 34 ATTITUDE 1 0 -76
70.75 34 DL_VALUE 28 0.228
70.94 34 FBW_STATUS 0 0 122
70.97 34 RAD_OF_IR 7 0 0.00199
70.97 34 IR_SENSORS -949 8 1
70.97 34 GPS 0 49756236 356547986 0 74760 0 0 417093001 12 0
70.97 34 NAVIGATION 0 1 0 0 42 0. 140.5
71.03 34 WP_MOVED 7 497540. 3565503. 810.
71.03 34 GYRO_RATES -162 -143 -133 1.413717 -1.24791 -1.160644
71.15 34 ESTIMATOR 0. 0. 0. 0. 0.
71.24 34 NAVIGATION 0 1 0 0 42 0. 140.5
71.24 34 GPS 0 49756236 356547986 0 74760 0 0 417093249 12 0
71.24 34 SVINFO 1 20 4 5 38 53 314
71.24 34 ATTITUDE 1 0 -76
71.24 34 CALIB_CONTRAST 954
71.54 34 DESIRED -0. -0.01 0. 0. 778. 0.
71.66 34 NAVIGATION 0 1 0 0 42 0. 140.5
71.66 34 GPS 0 49756236 356547986 0 74760 0 0 417093501 12 0
71.66 34 WP_MOVED 8 497625. 3565493. 810.
71.66 34 ESTIMATOR 0. 0. 0. 0. 0.
71.68 34 DOWNLINK_STATUS 71 27735 1775 0 371. 23.
71.78 34 COMMANDS 169,-20,-64,-559
71.78 34 NAVIGATION 0 1 0 0 42 0. 140.5
71.79 34 ATTITUDE 1 0 -76
71.79 34 DL_VALUE 29 0.462
71.79 34 GPS 0 49756236 356547986 0 74760 0 0 417093749 12 0
71.79 34 SVINFO 3 16 4 6 42 36 143
71.79 34 FBW_STATUS 0 0 122
71.79 34 RAD_OF_IR 7 0 0.00199
71.81 34 IR_SENSORS -949 7 1
72.04 34 NAVIGATION 0 1 0 0 42 0. 140.5
72.17 34 GPS 0 49756236 356547986 0 74760 0 0 417094001 12 0
72.17 34 WP_MOVED 9 497575. 3565498. 0.
72.18 34 GYRO_RATES -163 -143 -134 1.422443 -1.24791 -1.169371
72.18 34 ESTIMATOR 0. 0. 0. 0. 0.
72.18 34 BAT 171 122 0 0 112 0 1
72.18 34 NAVIGATION 0 1 0 0 42 0. 140.5
72.18 34 ATTITUDE 1 0 -76
72.18 34 CALIBRATION 0. 0.023 0.074 0
72.23 34 GPS 0 49756236 356547986 0 74760 0 0 417094249 12 0
72.23 34 CALIB_CONTRAST 954
72.23 34 SERVO 9600 -9600 169
72.36 34 DESIRED -0. -0.01 0. 0. 778. 0.
72.36 34 IR_DEBUG 683 673 683 673
72.36 34 NAVIGATION 0 1 0 0 42 0. 140.5
72.55 34 WP_MOVED 0 497617. 3565540. 810.
72.55 34 GPS 0 49756236 356547986 0 74760 0 0 417094501 12 0
72.69 34 ESTIMATOR 0. 0. 0. 0. 0.
72.69 34 COMMANDS 170,-20,-63,-564
72.69 34 NAVIGATION 0 1 0 0 42 0. 140.5
72.69 34 ATTITUDE 1 0 -76
72.69 34 DL_VALUE 30 0.
72.69 34 DOWNLINK_STATUS 72 28197 1806 0 462. 31.
72.73 34 FBW_STATUS 0 0 122
72.73 34 GPS 0 49756236 356547986 0 74760 0 0 417094749 12 0
72.74 34 RAD_OF_IR 7 0 0.00199
72.76 34 ACTUATORS 1496,1502,0,1214,1471
72.76 34 IR_SENSORS -948 7 1
72.82 34 NAVIGATION 0 1 0 0 42 0. 140.5
73.06 34 WP_MOVED 1 497586.6875 3565500. 810.
73.06 34 GYRO_RATES -162 -143 -134 1.413717 -1.24791 -1.169371
73.06 34 GPS 0 49756236 356547986 0 74760 0 0 417095001 12 0
73.16 34 ESTIMATOR 0. 0. 0. 0. 0.
73.16 34 NAVIGATION 0 1 0 0 42 0. 140.5
73.16 34 ATTITUDE 1 0 -76
73.16 34 CALIB_CONTRAST 954
73.25 34 GPS 0 49756236 356547986 0 74760 0 0 417095249 12 0
73.26 34 DESIRED -0. -0.01 0. 0. 778. 0.
73.32 34 NAVIGATION 0 1 0 0 42 0. 140.5
73.34 34 WP_MOVED 2 497622.6875 3565498.5 810.
73.34 34 PPRZ_MODE 0 0 3 0 0 1 0
73.68 34 GPS 0 49756236 356547986 0 74760 0 0 417095501 12 0
73.68 34 SVINFO 10 30 12 3 20 0 33
73.68 34 ESTIMATOR 0. 0. 0. 0. 0.
73.69 34 DOWNLINK_STATUS 73 28546 1827 0 349. 21.
73.78 34 COMMANDS 169,-20,-63,-561
73.78 34 NAVIGATION 0 1 0 0 42 0. 140.5
73.78 34 ATTITUDE 1 0 -76
73.78 34 DL_VALUE 31 0.023
73.78 34 FBW_STATUS 0 0 122
73.78 34 RAD_OF_IR 7 0 0.00199
73.78 34 GPS 0 49756236 356547986 0 74760 0 0 417095749 12 0
73.78 34 IR_SENSORS -949 7 1
73.83 34 WP_MOVED 3 497546.40625 3565495.5 810.
73.83 34 GYRO_RATES -162 -143 -133 1.413717 -1.24791 -1.160644
73.96 34 ESTIMATOR 0. 0. 0. 0. 0.
73.96 34 BAT 169 122 0 0 114 0 1
73.96 34 GPS 0 49756236 356547986 0 74760 0 0 417096001 12 0
74.16 34 NAVIGATION 0 1 0 0 42 0. 140.5
74.16 34 ATTITUDE 1 0 -76
74.21 34 CALIBRATION 0. 0.023 0.074 0
74.36 34 CALIB_CONTRAST 954
74.36 34 SERVO 9600 -9600 170
74.36 34 DESIRED -0. -0.01 0. 0. 778. 0.
74.37 34 IR_DEBUG 684 673 684 673
74.37 34 GPS 0 49756236 356547986 0 74760 0 0 417096249 12 0
74.37 34 SVINFO 13 11 12 3 24 22 237
74.37 34 NAVIGATION 0 1 0 0 42 0. 140.5
74.43 34 ESTIMATOR 0. 0. 0. 0. 0.
74.68 34 COMMANDS 169,-14,-69,-568
74.68 34 NAVIGATION 0 1 0 0 42 0. 140.5
74.68 34 ATTITUDE 1 0 -76
74.68 34 DL_VALUE 32 0.001
74.68 34 GPS 0 49756236 356547986 0 74760 0 0 417096501 12 0
74.68 34 FBW_STATUS 0 0 122
74.70 34 DOWNLINK_STATUS 74 28980 1857 0 434. 30.
74.90 34 RAD_OF_IR 7 0 0.00199
74.90 34 IR_SENSORS -950 7 1
74.90 34 NAVIGATION 0 1 0 0 42 0. 140.5
74.90 34 WP_MOVED 5 497625. 3565488. 810.
74.90 34 GYRO_RATES -162 -142 -134 1.413717 -1.239184 -1.169371
74.90 34 GPS 0 49756236 356547986 0 74760 0 0 417096749 12 0
74.92 34 NAVIGATION 0 1 0 0 42 0. 140.5
74.92 34 ATTITUDE 1 0 -76
75.16 34 GPS 0 49756236 356547986 0 74760 0 0 417097001 12 0
75.16 34 CALIB_CONTRAST 954
75.17 34 DESIRED -0. -0.01 0. 0. 778. 0.
75.17 34 NAVIGATION 0 1 0 0 42 0. 140.5
75.22 34 WP_MOVED 6 497565. 3565513. 810.
75.33 34 GPS 0 49756236 356547986 0 74760 0 0 417097249 12 0
75.33 34 SVINFO 1 20 4 6 34 54 314
75.34 34 ESTIMATOR 0. 0. 0. 0. 0.
75.45 34 COMMANDS 171,-18,-61,-564
75.46 34 NAVIGATION 0 1 0 0 42 0. 140.5
75.46 34 ATTITUDE 1 0 -76
75.46 34 DL_VALUE 33 0.01
75.46 34 FBW_STATUS 0 0 122
75.66 34 RAD_OF_IR 7 0 0.00199
75.66 34 NAVIGATION_REF 497575 3565498 12
75.66 34 GPS 0 49756236 356547986 0 74760 0 0 417097501 12 0
75.70 34 DOWNLINK_STATUS 75 29350 1881 0 370. 24.
75.86 34 IR_SENSORS -949 7 1
75.86 34 NAVIGATION 0 1 0 0 42 0. 140.5
75.86 34 WP_MOVED 7 497540. 3565503. 810.
75.86 34 GYRO_RATES -162 -143 -134 1.413717 -1.24791 -1.169371
76.19 34 GPS 0 49756236 356547986 0 74760 0 0 417097749 12 0
76.19 34 SVINFO 3 16 12 6 40 36 143
76.19 34 ESTIMATOR 0. 0. 0. 0. 0.
76.19 34 BAT 171 122 0 0 116 0 1
76.20 34 NAVIGATION 0 1 0 0 42 0. 140.5
76.20 34 ATTITUDE 1 0 -76
76.20 34 CALIBRATION 0. 0.023 0.074 0
76.26 34 CALIB_CONTRAST 954
76.26 34 SERVO 9600 -9600 163
76.26 34 GPS 0 49756236 356547986 0 74760 0 0 417098001 12 0
76.26 34 DESIRED -0. -0.01 0. 0. 778. 0.
76.26 34 IR_DEBUG 684 673 684 673
76.26 34 NAVIGATION 0 1 0 0 42 0. 140.5
76.26 34 WP_MOVED 8 497625. 3565493. 810.
76.38 34 ESTIMATOR 0. 0. 0. 0. 0.
76.38 34 GPS 0 49756236 356547986 0 74760 0 0 417098249 12 0
76.38 34 COMMANDS 171,-24,-67,-563
76.38 34 NAVIGATION 0 1 0 0 42 0. 140.5
76.38 34 ATTITUDE 1 0 -76
76.38 34 DL_VALUE 34 1.
76.42 34 FBW_STATUS 0 0 122
76.42 34 RAD_OF_IR 7 0 0.00199
76.66 34 GPS 0 49756236 356547986 0 74760 0 0 417098501 12 0
76.66 34 IR_SENSORS -948 7 1
76.72 34 DOWNLINK_STATUS 76 29776 1909 0 426. 28.
76.75 34 NAVIGATION 0 1 0 0 42 0. 140.5
76.75 34 WP_MOVED 9 497575. 3565498. 0.
76.75 34 GYRO_RATES -163 -144 -134 1.422443 -1.256637 -1.169371
76.83 34 ESTIMATOR 0. 0. 0. 0. 0.
76.83 34 GPS 0 49756236 356547986 0 74760 0 0 417098749 12 0
76.84 34 NAVIGATION 0 1 0 0 42 0. 140.5
76.84 34 ATTITUDE 1 0 -76
76.91 34 CALIB_CONTRAST 954
77.18 34 DESIRED -0. -0.01 0. 0. 778. 0.
77.18 34 GPS 0 49756236 356547986 0 74760 0 0 417099001 12 0
77.18 34 NAVIGATION 0 1 0 0 42 0. 140.5
77.38 34 WP_MOVED 0 497617. 3565540. 810.
77.38 34 ESTIMATOR 0. 0. 0. 0. 0.
77.38 34 GPS 0 49756236 356547986 0 74760 0 0 417099249 12 0
77.38 34 SVINFO 9 17 4 3 24 -9 292
77.38 34 COMMANDS 170,-43,-67,-563
77.38 34 NAVIGATION 0 1 0 0 42 0. 140.5
77.38 34 ATTITUDE 1 0 -76
77.38 34 FBW_STATUS 0 0 122
77.38 34 RAD_OF_IR 7 0 0.00199
77.44 34 ACTUATORS 1496,1502,0,1215,1470
77.44 34 IR_SENSORS -949 7 1
77.67 34 NAVIGATION 0 1 0 0 42 0. 140.5
77.67 34 GPS 0 49756236 356547986 0 74760 0 0 417099501 12 0
77.72 34 DOWNLINK_STATUS 77 30171 1933 0 395. 24.
77.75 34 WP_MOVED 1 497586.6875 3565500. 810.
77.75 34 GYRO_RATES -163 -144 -134 1.422443 -1.256637 -1.169371
77.75 34 ESTIMATOR 0. 0. 0. 0. 0.
77.75 34 BAT 169 122 0 0 118 0 1
77.85 34 NAVIGATION 0 1 0 0 42 0. 140.5
77.85 34 ATTITUDE 1 0 -76
77.85 34 CALIBRATION 0. 0.023 0.074 0
77.86 34 GPS 0 49756236 356547986 0 74760 0 0 417099749 12 0
77.86 34 CALIB_CONTRAST 954
77.86 34 SERVO 9600 -9600 167
78.16 34 DESIRED -0. -0.01 0. 0. 778. 0.
78.16 34 IR_DEBUG 684 673 684 673
78.16 34 NAVIGATION 0 1 0 0 42 0. 140.5
78.24 34 GPS 0 49756236 356547986 0 74760 0 0 417100001 12 0
78.24 34 WP_MOVED 2 497622.6875 3565498.5 810.
78.24 34 PPRZ_MODE 0 0 3 0 0 1 0
78.24 34 ESTIMATOR 0. 0. 0. 0. 0.
78.36 34 COMMANDS 171,-23,-63,-563
78.36 34 NAVIGATION 0 1 0 0 42 0. 140.5
78.36 34 ATTITUDE 1 0 -76
78.36 34 DL_VALUE 36 0.
78.36 34 GPS 0 49756236 356547986 0 74760 0 0 417100249 12 0
78.36 34 SVINFO 13 11 12 3 24 22 237
78.36 34 FBW_STATUS 0 0 122
78.36 34 RAD_OF_IR 7 0 0.00199
78.43 34 IR_SENSORS -949 7 1
78.43 34 NAVIGATION 0 1 0 0 42 0. 140.5
78.69 34 WP_MOVED 3 497546.40625 3565495.5 810.
78.69 34 GYRO_RATES -163 -144 -134 1.422443 -1.256637 -1.169371
78.69 34 GPS 0 49756236 356547986 0 74760 0 0 417100501 12 0
78.74 34 DOWNLINK_STATUS 78 30633 1963 0 462. 30.
78.76 34 ESTIMATOR 0. 0. 0. 0. 0.
78.76 34 NAVIGATION 0 1 0 0 42 0. 140.5
78.76 34 ATTITUDE 1 0 -76
78.95 34 GPS 0 49756236 356547986 0 74760 0 0 417100749 12 0
78.95 34 CALIB_CONTRAST 954
79.17 34 DESIRED -0. -0.01 0. 0. 778. 0.
79.17 34 NAVIGATION 0 1 0 0 42 0. 140.5
79.17 34 WP_MOVED 4 497605. 3565508. 810.
79.25 34 GPS 0 49756236 356547986 0 74760 0 0 417101001 12 0
79.25 34 ESTIMATOR 0. 0. 0. 0. 0.
79.25 34 COMMANDS 170,-15,-61,-568
79.25 34 NAVIGATION 0 1 0 0 42 0. 140.5
79.25 34 ATTITUDE 1 0 -76
79.25 34 DL_VALUE 37 0.1
79.34 34 FBW_STATUS 0 0 122
79.34 34 RAD_OF_IR 7 0 0.00199
79.34 34 GPS 0 49756236 356547986 0 74760 0 0 417101249 12 0
79.34 34 SVINFO 1 20 4 6 38 54 314
79.34 34 IR_SENSORS -949 7 1
79.42 34 NAVIGATION 0 1 0 0 42 0. 140.5
79.45 34 WP_MOVED 5 497625. 3565488. 810.
79.45 34 GYRO_RATES -162 -143 -134 1.413717 -1.24791 -1.169371
79.66 34 GPS 0 49756236 356547986 0 74760 0 0 417101501 12 0
79.66 34 ESTIMATOR 0. 0. 0. 0. 0.
79.66 34 BAT 169 122 0 0 120 0 1
79.73 34 NAVIGATION 0 1 0 0 42 0. 140.5
79.73 34 ATTITUDE 1 0 -76
79.73 34 CALIBRATION 0. 0.023 0.074 0
79.73 34 DOWNLINK_STATUS 79 31081 1991 0 448. 28.
79.96 34 CALIB_CONTRAST 954
79.97 34 SERVO 9600 -9600 172
79.97 34 GPS 0 49756236 356547986 0 74760 0 0 417101749 12 0
79.97 34 SVINFO 3 16 12 6 40 36 143
79.97 34 DESIRED -0. -0.01 0. 0. 778. 0.
79.97 34 IR_DEBUG 683 672 683 672
79.97 34 NAVIGATION 0 1 0 0 42 0. 140.5
79.98 34 WP_MOVED 6 497565. 3565513. 810.
80.17 34 ESTIMATOR 0. 0. 0. 0. 0.
80.17 34 GPS 0 49756236 356547986 0 74760 0 0 417102001 12 0
80.24 34 COMMANDS 170,-21,-64,-569
80.24 34 NAVIGATION 0 1 0 0 42 0. 140.5
80.24 34 ATTITUDE 1 0 -76
80.24 34 DL_VALUE 38 0.
80.24 34 FBW_STATUS 0 0 122
80.24 34 RAD_OF_IR 7 0 0.00199
80.45 34 GPS 0 49756236 356547986 0 74760 0 0 417102249 12 0
80.45 34 IR_SENSORS -949 7 1
80.45 34 NAVIGATION 0 1 0 0 42 0. 140.5
80.45 34 WP_MOVED 7 497540. 3565503. 810.
80.45 34 GYRO_RATES -163 -143 -134 1.422443 -1.24791 -1.169371
80.67 34 ESTIMATOR 0. 0. 0. 0. 0.
80.67 34 GPS 0 49756236 356547986 0 74760 0 0 417102501 12 0
80.67 34 NAVIGATION 0 1 0 0 42 0. 140.5
80.68 34 ATTITUDE 1 0 -77
80.73 34 CALIB_CONTRAST 954
80.75 34 DOWNLINK_STATUS 80 31474 2017 0 393. 26.
80.86 34 DESIRED -0. -0.01 0. 0. 778. 0.
80.86 34 GPS 0 49756236 356547986 0 74760 0 0 417102749 12 0
80.86 34 NAVIGATION 0 1 0 0 42 0. 140.5
80.86 34 WP_MOVED 8 497625. 3565493. 810.
80.92 34 ESTIMATOR 0. 0. 0. 0. 0.
81.28 34 GPS 0 49756236 356547986 0 74760 0 0 417103001 12 0
81.28 34 SVINFO 8 29 4 3 21 -9 67
81.28 34 COMMANDS 169,-35,-78,-561
81.28 34 NAVIGATION 0 1 0 0 42 0. 140.5
81.28 34 ATTITUDE 1 0 -76
81.28 34 DL_VALUE 39 0.074
81.34 34 FBW_STATUS 0 0 122
81.34 34 RAD_OF_IR 7 0 0.00199
81.34 34 IR_SENSORS -949 7 1
81.34 34 NAVIGATION 0 1 0 0 42 0. 140.5
81.34 34 GPS 0 49756236 356547986 0 74760 0 0 417103249 12 0
81.35 34 WP_MOVED 9 497575. 3565498. 0.
81.35 34 GYRO_RATES -163 -143 -134 1.422443 -1.24791 -1.169371
81.43 34 ESTIMATOR 0. 0. 0. 0. 0.
81.43 34 BAT 169 122 0 0 122 0 1
81.55 34 NAVIGATION 0 1 0 0 42 0. 140.5
81.55 34 ATTITUDE 1 0 -76
81.55 34 CALIBRATION 0. 0.023 0.074 0
81.55 34 GPS 0 49756236 356547986 0 74760 0 0 417103501 12 0
81.76 34 CALIB_CONTRAST 954
81.76 34 SERVO 9600 -9600 169
81.76 34 DOWNLINK_STATUS 81 31882 2043 0 408. 26.
81.86 34 DESIRED -0. -0.01 0. 0. 778. 0.
81.86 34 IR_DEBUG 683 673 683 673
81.86 34 NAVIGATION 0 1 0 0 42 0. 140.5
81.86 34 GPS 0 49756236 356547986 0 74760 0 0 417103749 12 0
81.86 34 WP_MOVED 0 497617. 3565540. 810.
81.93 34 ESTIMATOR 0. 0. 0. 0. 0.
82.05 34 COMMANDS 169,-20,-66,-563
82.05 34 NAVIGATION 0 1 0 0 42 0. 140.5
82.05 34 ATTITUDE 1 0 -76
82.05 34 DL_VALUE 40 1.
82.05 34 GPS 0 49756236 356547986 0 74760 0 0 417104001 12 0
82.05 34 FBW_STATUS 0 0 122
82.05 34 RAD_OF_IR 7 0 0.00199
82.24 34 ACTUATORS 1496,1502,0,1214,1471
82.24 34 IR_SENSORS -949 7 1
82.37 34 NAVIGATION 0 1 0 0 42 0. 140.5
82.37 34 WP_MOVED 1 497586.6875 3565500. 810.
82.37 34 GYRO_RATES -163 -142 -134 1.422443 -1.239184 -1.169371
82.37 34 GPS 0 49756236 356547986 0 74760 0 0 417104249 12 0
82.37 34 ESTIMATOR 0. 0. 0. 0. 0.
82.43 34 NAVIGATION 0 1 0 0 42 0. 140.5
82.43 34 ATTITUDE 1 0 -76
82.52 34 GPS 0 49756236 356547986 0 74760 0 0 417104501 12 0
82.52 34 CALIB_CONTRAST 954
82.75 34 DESIRED -0. -0.01 0. 0. 778. 0.
82.75 34 NAVIGATION 0 1 0 0 42 0. 140.5
82.76 34 DOWNLINK_STATUS 82 32310 2069 0 428. 26.
82.83 34 WP_MOVED 2 497622.6875 3565498.5 810.
82.83 34 PPRZ_MODE 0 0 3 0 0 1 0
82.83 34 GPS 0 49756236 356547986 0 74760 0 0 417104749 12 0
82.84 34 ESTIMATOR 0. 0. 0. 0. 0.
82.94 34 COMMANDS 161,-20,-66,-546
82.94 34 NAVIGATION 0 1 0 0 42 0. 140.5
82.94 34 ATTITUDE 1 0 -76
82.94 34 DL_VALUE 41 0.
83.03 34 FBW_STATUS 0 0 122
83.03 34 GPS 0 49756236 356547986 0 74760 0 0 417105001 12 0
83.03 34 RAD_OF_IR 7 0 0.00199
83.24 34 IR_SENSORS -949 7 1
83.36 34 NAVIGATION 0 1 0 0 42 0. 140.5
83.37 34 WP_MOVED 3 497546.40625 3565495.5 810.
83.37 34 GYRO_RATES -163 -143 -134 1.422443 -1.24791 -1.169371
83.37 34 GPS 0 49756236 356547986 0 74760 0 0 417105249 12 0
83.37 34 SVINFO 1 20 4 6 39 54 314
83.37 34 ESTIMATOR 0. 0. 0. 0. 0.
83.43 34 NAVIGATION 0 1 0 0 42 0. 140.5
83.43 34 ATTITUDE 1 0 -76
83.43 34 CALIBRATION 0. 0.023 0.074 0
83.44 34 CALIB_CONTRAST 954
83.44 34 SERVO 9600 -9600 176
83.53 34 GPS 0 49756236 356547986 0 74760 0 0 417105501 12 0
83.77 34 DESIRED -0. -0.01 0. 0. 778. 0.
83.77 34 IR_DEBUG 683 673 683 673
83.77 34 NAVIGATION 0 1 0 0 42 0. 140.5
83.77 34 WP_MOVED 4 497605. 3565508. 810.
83.77 34 DOWNLINK_STATUS 83 32738 2097 0 428. 28.
83.89 34 ESTIMATOR 0. 0. 0. 0. 0.
83.89 34 GPS 0 49756236 356547986 0 74760 0 0 417105749 12 0
83.89 34 SVINFO 3 16 12 6 40 36 143
83.89 34 COMMANDS 172,-10,-50,-563
83.89 34 NAVIGATION 0 1 0 0 42 0. 140.5
83.89 34 ATTITUDE 1 0 -76
83.89 34 DL_VALUE 0 778.
83.93 34 FBW_STATUS 0 0 122
83.93 34 RAD_OF_IR 7 0 0.00199
83.93 34 NAVIGATION_REF 497575 3565498 12
84.03 34 GPS 0 49756236 356547986 0 74760 0 0 417106001 12 0
84.03 34 IR_SENSORS -949 7 1
84.04 34 NAVIGATION 0 1 0 0 42 0. 140.5
84.25 34 WP_MOVED 5 497625. 3565488. 810.
84.25 34 GYRO_RATES -163 -143 -134 1.422443 -1.24791 -1.169371
84.34 34 ESTIMATOR 0. 0. 0. 0. 0.
84.34 34 GPS 0 49756236 356547986 0 74760 0 0 417106249 12 0
84.35 34 NAVIGATION 0 1 0 0 42 0. 140.5
84.35 34 ATTITUDE 1 0 -76
84.41 34 CALIB_CONTRAST 954
84.56 34 DESIRED -0. -0.01 0. 0. 778. 0.
84.57 34 GPS 0 49756236 356547986 0 74760 0 0 417106501 12 0
84.57 34 NAVIGATION 0 1 0 0 42 0. 140.5
84.74 34 WP_MOVED 6 497565. 3565513. 810.
84.77 34 DOWNLINK_STATUS 84 33120 2121 0 382. 24.
84.85 34 ESTIMATOR 0. 0. 0. 0. 0.
84.85 34 GPS 0 49756236 356547986 0 74760 0 0 417106749 12 0
84.85 34 COMMANDS 169,-18,-61,-563
84.85 34 NAVIGATION 0 1 0 0 42 0. 140.5
84.86 34 ATTITUDE 1 0 -76
84.86 34 DL_VALUE 1 1.
84.86 34 FBW_STATUS 0 0 122
84.86 34 RAD_OF_IR 7 0 0.00199
84.94 34 IR_SENSORS -949 7 1
85.03 34 NAVIGATION 0 1 0 0 42 0. 140.5
85.04 34 GPS 0 49756236 356547986 0 74760 0 0 417107001 12 0
85.25 34 WP_MOVED 7 497540. 3565503. 810.
85.25 34 GYRO_RATES -163 -144 -134 1.422443 -1.256637 -1.169371
85.37 34 ESTIMATOR 0. 0. 0. 0. 0.
85.37 34 BAT 168 122 0 0 126 0 1
85.37 34 NAVIGATION 0 1 0 0 42 0. 140.5
85.37 34 ATTITUDE 1 0 -77
85.37 34 CALIBRATION 0. 0.023 0.074 0
85.37 34 GPS 0 49756236 356547986 0 74760 0 0 417107249 12 0
85.37 34 CALIB_CONTRAST 954
85.55 34 DESIRED -0. -0.01 0. 0. 778. 0.
85.55 34 IR_DEBUG 684 674 684 674
85.55 34 NAVIGATION 0 1 0 0 42 0. 140.5
85.56 34 GPS 0 49756236 356547986 0 74760 0 0 417107501 12 0
85.56 34 WP_MOVED 8 497625. 3565493. 810.
85.74 34 ESTIMATOR 0. 0. 0. 0. 0.
85.76 34 DOWNLINK_STATUS 85 33542 2147 0 422. 26.
85.84 34 COMMANDS 170,-23,-66,-568
85.84 34 NAVIGATION 0 1 0 0 42 0. 140.5
85.84 34 ATTITUDE 1 0 -76
85.84 34 DL_VALUE 2 0.
85.84 34 GPS 0 49756236 356547986 0 74760 0 0 417107749 12 0
85.86 34 FBW_STATUS 0 0 122
85.86 34 RAD_OF_IR 7 0 0.00199
85.93 34 IR_SENSORS -948 7 1
85.93 34 NAVIGATION 0 1 0 0 42 0. 140.5
86.18 34 WP_MOVED 9 497575. 3565498. 0.
86.18 34 GYRO_RATES -163 -144 -134 1.422443 -1.256637 -1.169371
86.18 34 GPS 0 49756236 356547986 0 74760 0 0 417108001 12 0
86.24 34 ESTIMATOR 0. 0. 0. 0. 0.
86.24 34 NAVIGATION 0 1 0 0 42 0. 140.5
86.24 34 ATTITUDE 1 0 -76
86.44 34 GPS 0 49756236 356547986 0 74760 0 0 417108249 12 0
86.44 34 CALIB_CONTRAST 954
86.44 34 DESIRED -0. -0.01 0. 0. 778. 0.
86.45 34 NAVIGATION 0 1 0 0 42 0. 140.5
86.45 34 WP_MOVED 0 497617. 3565540. 810.
86.68 34 GPS 0 49756236 356547986 0 74760 0 0 417108501 12 0
86.74 34 ESTIMATOR 0. 0. 0. 0. 0.
86.74 34 COMMANDS 169,-17,-63,-558
86.74 34 NAVIGATION 0 1 0 0 42 0. 140.5
86.74 34 ATTITUDE 1 0 -76
86.74 34 DL_VALUE 3 0.
86.76 34 DOWNLINK_STATUS 86 33947 2173 0 405. 26.
86.83 34 FBW_STATUS 0 0 122
86.83 34 RAD_OF_IR 7 0 0.00199
86.83 34 GPS 0 49756236 356547986 0 74760 0 0 417108749 12 0
86.83 34 ACTUATORS 1496,1502,0,1214,1471
86.83 34 IR_SENSORS -949 7 1
86.92 34 NAVIGATION 0 1 0 0 42 0. 140.5
86.95 34 WP_MOVED 1 497586.6875 3565500. 810.
86.95 34 GYRO_RATES -162 -143 -133 1.413717 -1.24791 -1.160644
87.18 34 GPS 0 49756236 356547986 0 74760 0 0 417109001 12 0
87.18 34 ESTIMATOR 0. 0. 0. 0. 0.
87.18 34 BAT 171 122 0 0 128 0 1
87.24 34 NAVIGATION 0 1 0 0 42 0. 140.5
87.24 34 ATTITUDE 1 0 -76
87.24 34 CALIBRATION 0. 0.023 0.074 0
87.33 34 CALIB_CONTRAST 954
87.33 34 SERVO 9600 -9600 169
87.33 34 GPS 0 49756236 356547986 0 74760 0 0 417109249 12 0
87.33 34 SVINFO 1 20 4 6 38 54 314
87.35 34 DESIRED -0. -0.01 0. 0. 778. 0.
87.35 34 IR_DEBUG 684 673 684 673
87.35 34 NAVIGATION 0 1 0 0 42 0. 140.5
87.42 34 WP_MOVED 2 497622.6875 3565498.5 810.
87.42 34 PPRZ_MODE 0 0 3 0 0 17 0
87.67 34 ESTIMATOR 0. 0. 0. 0. 0.
87.69 34 GPS 0 49756236 356547986 0 74760 0 0 417109501 12 0
87.75 34 COMMANDS 166,-21,-67,-554
87.75 34 NAVIGATION 0 1 0 0 42 0. 140.5
87.75 34 ATTITUDE 1 0 -76
87.75 34 DL_VALUE 4 0.
87.75 34 FBW_STATUS 0 0 122
87.75 34 RAD_OF_IR 7 0 0.00199
87.76 34 DOWNLINK_STATUS 87 34402 2204 0 455. 31.
87.96 34 GPS 0 49756236 356547986 0 74760 0 0 417109749 12 0
87.96 34 SVINFO 3 16 12 6 43 36 143
87.96 34 IR_SENSORS -948 7 1
87.96 34 NAVIGATION 0 1 0 0 42 0. 140.5
87.96 34 WP_MOVED 3 497546.40625 3565495.5 810.
87.96 34 GYRO_RATES -162 -143 -134 1.413717 -1.24791 -1.169371
87.96 34 ESTIMATOR 0. 0. 0. 0. 0.
88.18 34 GPS 0 49756236 356547986 0 74760 0 0 417110001 12 0
88.18 34 NAVIGATION 0 1 0 0 42 0. 140.5
88.18 34 ATTITUDE 1 0 -76
88.18 34 CALIB_CONTRAST 954
88.35 34 GPS 0 49756236 356547986 0 74760 0 0 417110249 12 0
88.36 34 DESIRED -0. -0.01 0. 0. 778. 0.
88.36 34 NAVIGATION 0 1 0 0 42 0. 140.5
88.36 34 WP_MOVED 4 497605. 3565508. 810.
88.43 34 ESTIMATOR 0. 0. 0. 0. 0.
88.69 34 GPS 0 49756236 356547986 0 74760 0 0 417110501 12 0
88.70 34 COMMANDS 170,-20,-63,-559
88.70 34 NAVIGATION 0 1 0 0 42 0. 140.5
88.70 34 ATTITUDE 1 0 -76
88.70 34 DL_VALUE 5 0.
88.74 34 FBW_STATUS 0 0 122
88.74 34 RAD_OF_IR 7 0 0.00199
88.77 34 DOWNLINK_STATUS 88 34773 2227 0 371. 23.
88.86 34 IR_SENSORS -948 7 1
88.86 34 GPS 0 49756236 356547986 0 74760 0 0 417110749 12 0
88.86 34 SVINFO 7 32 12 3 41 82 343
88.86 34 NAVIGATION 0 1 0 0 42 0. 140.5
88.86 34 WP_MOVED 5 497625. 3565488. 810.
88.86 34 GYRO_RATES -162 -143 -134 1.413717 -1.24791 -1.169371
88.93 34 ESTIMATOR 0. 0. 0. 0. 0.
88.93 34 BAT 169 122 0 0 130 0 1
89.18 34 NAVIGATION 0 1 0 0 42 0. 140.5
89.18 34 ATTITUDE 1 0 -76
89.18 34 CALIBRATION 0. 0.023 0.074 0
89.18 34 GPS 0 49756236 356547986 0 74760 0 0 417111001 12 0
89.37 34 CALIB_CONTRAST 954
89.37 34 SERVO 9600 -9600 170
89.37 34 DESIRED -0. -0.01 0. 0. 778. 0.
89.37 34 IR_DEBUG 682 672 682 672
89.37 34 NAVIGATION 0 1 0 0 42 0. 140.5
89.37 34 GPS 0 49756236 356547986 0 74760 0 0 417111249 12 0
89.37 34 SVINFO 9 2 4 3 23 -9 357
89.42 34 ESTIMATOR 0. 0. 0. 0. 0.
89.68 34 COMMANDS 171,-23,-64,-569
89.68 34 NAVIGATION 0 1 0 0 42 0. 140.5
89.68 34 ATTITUDE 1 0 -76
89.68 34 DL_VALUE 6 0.
89.68 34 GPS 0 49756236 356547986 0 74760 0 0 417111501 12 0
89.68 34 FBW_STATUS 0 0 122
89.77 34 DOWNLINK_STATUS 89 35176 2253 0 403. 26.
89.88 34 RAD_OF_IR 7 0 0.00199
89.88 34 IR_SENSORS -949 7 1
89.88 34 NAVIGATION 0 1 0 0 42 0. 140.5
89.88 34 WP_MOVED 7 497540. 3565503. 810.
89.88 34 GYRO_RATES -162 -142 -133 1.413717 -1.239184 -1.160644
89.88 34 GPS 0 49756236 356547986 0 74760 0 0 417111749 12 0
89.92 34 NAVIGATION 0 1 0 0 42 0. 140.5
89.92 34 ATTITUDE 1 0 -76
90.15 34 GPS 0 49756236 356547986 0 74760 0 0 417112001 12 0
90.15 34 CALIB_CONTRAST 954
90.22 34 DESIRED -0. -0.01 0. 0. 778. 0.
90.22 34 NAVIGATION 0 1 0 0 42 0. 140.5
90.25 34 WP_MOVED 8 497625. 3565493. 810.
90.26 34 GPS 0 49756236 356547986 0 74760 0 0 417112249 12 0
90.33 34 ESTIMATOR 0. 0. 0. 0. 0.
90.43 34 COMMANDS 166,-23,-69,-559
90.44 34 NAVIGATION 0 1 0 0 42 0. 140.5
90.44 34 ATTITUDE 1 0 -76
90.44 34 DL_VALUE 7 0.
90.46 34 FBW_STATUS 0 0 122
90.65 34 GPS 0 49756236 356547986 0 74760 0 0 417112501 12 0
90.66 34 RAD_OF_IR 7 0 0.00199
90.77 34 DOWNLINK_STATUS 90 35525 2275 0 349. 22.
90.87 34 IR_SENSORS -950 7 1
90.87 34 NAVIGATION 0 1 0 0 42 0. 140.5
90.87 34 WP_MOVED 9 497575. 3565498. 0.
90.87 34 GYRO_RATES -163 -144 -134 1.422443 -1.256637 -1.169371
90.87 34 GPS 0 49756236 356547986 0 74760 0 0 417112749 12 0
90.87 34 ESTIMATOR 0. 0. 0. 0. 0.
90.93 34 NAVIGATION 0 1 0 0 42 0. 140.5
90.93 34 ATTITUDE 1 0 -76
90.93 34 CALIBRATION 0. 0.023 0.074 0
90.94 34 CALIB_CONTRAST 954
90.94 34 SERVO 9600 -9600 169
91.15 34 GPS 0 49756236 356547986 0 74760 0 0 417113001 12 0
91.24 34 DESIRED -0. -0.01 0. 0. 778. 0.
91.28 34 IR_DEBUG 683 672 683 672
91.28 34 NAVIGATION 0 1 0 0 42 0. 140.5
91.28 34 WP_MOVED 0 497617. 3565540. 810.
91.38 34 ESTIMATOR 0. 0. 0. 0. 0.
91.39 34 GPS 0 49756236 356547986 0 74760 0 0 417113249 12 0
91.39 34 SVINFO 1 20 4 4 30 54 314
91.39 34 COMMANDS 170,-21,-64,-559
91.39 34 NAVIGATION 0 1 0 0 42 0. 140.5
91.39 34 ATTITUDE 1 0 -76
91.39 34 DL_VALUE 8 0.
91.42 34 FBW_STATUS 0 0 122
91.42 34 RAD_OF_IR 7 0 0.00199
91.65 34 GPS 0 49756236 356547986 0 74760 0 0 417113501 12 0
91.68 34 ACTUATORS 1496,1502,0,1214,1471
91.70 34 IR_SENSORS -949 7 1
91.73 34 NAVIGATION 0 1 0 0 42 0. 140.5
91.73 34 WP_MOVED 1 497586.6875 3565500. 810.
91.73 34 GYRO_RATES -163 -143 -134 1.422443 -1.24791 -1.169371
91.77 34 DOWNLINK_STATUS 91 36003 2306 0 478. 31.
91.85 34 ESTIMATOR 0. 0. 0. 0. 0.
91.85 34 GPS 0 49756236 356547986 0 74760 0 0 417113749 12 0
91.85 34 SVINFO 3 16 12 6 43 36 143
91.85 34 NAVIGATION 0 1 0 0 42 0. 140.5
91.85 34 ATTITUDE 1 0 -76
91.91 34 CALIB_CONTRAST 954
92.19 34 DESIRED -0. -0.01 0. 0. 778. 0.
92.19 34 GPS 0 49756236 356547986 0 74760 0 0 417114001 12 0
92.19 34 NAVIGATION 0 1 0 0 42 0. 140.5
92.25 34 WP_MOVED 2 497622.6875 3565498.5 810.
92.26 34 PPRZ_MODE 0 0 3 0 0 17 0
92.26 34 ESTIMATOR 0. 0. 0. 0. 0.
92.34 34 GPS 0 49756236 356547986 0 74760 0 0 417114249 12 0
92.34 34 COMMANDS 169,-18,-63,-558
92.34 34 NAVIGATION 0 1 0 0 42 0. 140.5
92.34 34 ATTITUDE 1 0 -76
92.34 34 DL_VALUE 9 -57.
92.34 34 FBW_STATUS 0 0 122
92.42 34 RAD_OF_IR 7 0 0.00199
92.42 34 NAVIGATION_REF 497575 3565498 12
92.44 34 IR_SENSORS -949 7 1
92.65 34 NAVIGATION 0 1 0 0 42 0. 140.5
92.65 34 GPS 0 49756236 356547986 0 74760 0 0 417114501 12 0
92.74 34 WP_MOVED 3 497546.40625 3565495.5 810.
92.79 34 GYRO_RATES -163 -144 -134 1.422443 -1.256637 -1.169371
92.79 34 ESTIMATOR 0. 0. 0. 0. 0.
92.79 34 BAT 170 122 0 0 134 0 2
92.79 34 DOWNLINK_STATUS 92 36430 2333 0 427. 27.
92.95 34 NAVIGATION 0 1 0 0 42 0. 140.5
92.95 34 ATTITUDE 1 0 -76
92.95 34 CALIBRATION 0. 0.023 0.074 0
92.95 34 GPS 0 49756236 356547986 0 74760 0 0 417114749 12 0
92.95 34 SVINFO 7 32 12 6 33 82 343
92.95 34 CALIB_CONTRAST 954
92.95 34 SERVO 9600 -9600 170
93.77 34 DOWNLINK_STATUS 93 36520 2340 0 90. 7.
94.77 34 DOWNLINK_STATUS 94 36520 2340 0 0. 0.
95.77 34 DOWNLINK_STATUS 95 36520 2340 0 0. 0.
96.77 34 DOWNLINK_STATUS 96 36520 2340 0 0. 0.
97.77 34 DOWNLINK_STATUS 97 36520 2340 0 0. 0.
