16.29 3 DOWNLINK_STATUS 15 1075 72 0 260. 18.
16.35 3 NAVIGATION 0 0 0 0 286 0. 570986.7
16.39 3 WP_MOVED 1 358824.90625 4822110. 702.
16.69 3 COMMANDS 176,6,-40,2531
16.69 3 NAVIGATION 0 0 0 0 286 0. 570986.7
16.69 3 ATTITUDE 0 0 0
16.69 3 GYRO_RATES -2 2 1 0.017453 0.017453 -0.008727
17.11 3 FBW_STATUS 0 0 112
17.11 3 ESTIMATOR 700.242981 0. 24.300001 2e-06 24.299992
17.11 3 BAT 176 112 0 0 25 25 0
17.11 3 CALIBRATION -0.178 0.037 0.5 0
17.11 3 NAVIGATION 0 0 0 0 286 0. 570986.7
17.11 3 WP_MOVED 2 358071. 4822161. 0.
17.11 3 SERVO -290 -422 170
17.17 3 DESIRED 0. -0. 0. 0. 700.055 -0.056
17.18 3 NAVIGATION 0 0 0 0 286 0. 570986.7
17.18 3 ATTITUDE 0 0 0
17.18 3 ESTIMATOR 700.242981 0. 24.300001 2e-06 24.299992
17.18 3 DL_VALUE 26 0.007
17.25 3 NAVIGATION 0 0 0 0 286 0. 570986.7
17.30 3 DOWNLINK_STATUS 16 1361 91 0 286. 19.
17.35 3 WP_MOVED 0 358113. 4822203. 702.
17.70 3 COMMANDS 176,7,-42,2533
17.70 3 NAVIGATION 0 0 0 0 286 0. 570986.7
17.70 3 ATTITUDE 0 0 0
17.70 3 GYRO_RATES -2 2 1 0.017453 0.017453 -0.008727
17.70 3 FBW_STATUS 0 0 112
18.10 3 ESTIMATOR 700.242981 0. 24.300001 2e-06 24.299992
18.10 3 NAVIGATION 0 0 0 0 286 0. 570986.7
18.10 3 WP_MOVED 1 358824.90625 4822110. 702.
18.10 3 DESIRED 0. -0. 0. 0. 700.055 -0.056
18.16 3 NAVIGATION 0 0 0 0 286 0. 570986.7
18.16 3 ATTITUDE 0 0 0
18.16 3 ESTIMATOR 700.242981 0. 24.300001 2e-06 24.299992
18.17 3 DL_VALUE 27 0.037
18.17 3 NAVIGATION 0 0 0 0 286 0. 570986.7
18.25 3 WP_MOVED 2 358071. 4822161. 0.
18.25 3 NAVIGATION_REF 358071 4822161 31
18.30 3 DOWNLINK_STATUS 17 1618 108 0 257. 17.
18.59 3 COMMANDS 147,1,-102,2529
18.59 3 NAVIGATION 0 0 0 0 286 0. 570986.7
18.59 3 ATTITUDE 0 0 0
18.59 3 GYRO_RATES -2 2 2 0.017453 0.017453 -0.017453
18.67 3 FBW_STATUS 0 0 112
18.68 3 ESTIMATOR 700.242981 0. 24.300001 2e-06 24.299992
18.68 3 BAT 175 112 0 0 27 27 0
18.68 3 CALIBRATION -0.18 0.037 0.5 0
18.68 3 NAVIGATION 0 0 0 0 286 0. 570986.7
18.75 3 WP_MOVED 0 358113. 4822203. 702.
18.75 3 SERVO -290 -422 182
18.85 3 DESIRED 0. -0. 0. 0. 700.055 -0.057
18.89 3 NAVIGATION 0 0 0 0 286 0. 570986.7
18.89 3 ATTITUDE 0 0 0
19.08 3 ESTIMATOR 700.242981 0. 24.300001 2e-06 24.299992
19.18 3 DL_VALUE 28 0.
19.18 3 NAVIGATION 0 0 0 0 286 0. 570986.7
19.18 3 WP_MOVED 1 358824.90625 4822110. 702.
19.30 3 DOWNLINK_STATUS 18 1886 126 0 268. 18.
19.59 3 COMMANDS 179,-59,-63,2546
19.59 3 NAVIGATION 0 0 0 0 286 0. 570986.7
19.59 3 ATTITUDE 0 0 0
19.59 3 GYRO_RATES -2 1 1 0.017453 0.008727 -0.008727
19.67 3 FBW_STATUS 0 0 112
19.67 3 ESTIMATOR 700.242981 0. 24.300001 2e-06 24.299992
19.67 3 NAVIGATION 0 0 0 0 286 0. 570986.7
19.67 3 WP_MOVED 2 358071. 4822161. 0.
19.76 3 DESIRED 0. -0. 0. 0. 700.055 -0.057
19.86 3 NAVIGATION 0 0 0 0 286 0. 570986.7
19.90 3 ATTITUDE 0 0 0
20.08 3 ESTIMATOR 700.242981 0. 24.300001 2e-06 24.299992
20.16 3 DL_VALUE 29 0.045
20.16 3 NAVIGATION 0 0 0 0 286 0. 570986.7
20.16 3 WP_MOVED 0 358113. 4822203. 702.
20.32 3 DOWNLINK_STATUS 19 2117 141 0 231. 15.
20.37 3 COMMANDS 195,4,-39,2493
20.38 3 NAVIGATION 0 0 0 0 286 0. 570986.7
20.38 3 ATTITUDE 0 0 0
20.38 3 GYRO_RATES -2 1 1 0.017453 0.008727 -0.008727
20.38 3 FBW_STATUS 0 0 112
20.59 3 ESTIMATOR 700.242981 0. 24.300001 2e-06 24.299992
20.60 3 BAT 176 112 0 0 29 29 0
20.60 3 ACTUATORS 1497,1503,0,1214,1367
20.60 3 CALIBRATION -0.189 0.037 0.5 0
20.66 3 NAVIGATION 0 0 0 0 286 0. 570986.7
20.66 3 WP_MOVED 1 358824.90625 4822110. 702.
20.66 3 SERVO -290 -204 176
20.68 3 DESIRED 0. -0. 0. 0. 700.056 -0.056
20.78 3 NAVIGATION 0 0 0 0 286 0. 570986.7
20.78 3 ATTITUDE 0 0 0
20.78 3 PPRZ_MODE 0 3 0 0 0 1 0
20.89 3 ESTIMATOR 700.242981 0. 24.300001 2e-06 24.299992
21.07 3 DL_VALUE 30 1.
21.09 3 NAVIGATION 0 0 0 0 286 0. 570986.7
21.09 3 WP_MOVED 2 358071. 4822161. 0.
21.28 3 COMMANDS 202,15,12,2522
21.28 3 NAVIGATION 0 0 0 0 286 0. 570986.7
21.28 3 ATTITUDE 0 0 0
21.28 3 GYRO_RATES -2 1 1 0.017453 0.008727 -0.008727
21.31 3 DOWNLINK_STATUS 20 2464 165 0 347. 24.
21.35 3 FBW_STATUS 0 0 112
21.36 3 ESTIMATOR 700.242981 0. 24.300001 2e-06 24.299992
21.58 3 NAVIGATION 0 0 0 0 286 0. 570986.7
21.66 3 WP_MOVED 0 358113. 4822203. 702.
21.66 3 DESIRED 0. -0. 0. 0. 700.055 -0.056
21.75 3 NAVIGATION 0 0 0 0 286 0. 570986.7
21.75 3 ATTITUDE 0 0 0
21.85 3 ESTIMATOR 700.242981 0. 24.300001 2e-06 24.299992
21.87 3 DL_VALUE 31 0.
22.08 3 NAVIGATION 0 0 0 0 286 0. 570986.7
22.08 3 WP_MOVED 1 358824.90625 4822110. 702.
22.31 3 DOWNLINK_STATUS 21 2638 176 0 174. 11.
23.32 3 DOWNLINK_STATUS 22 2638 176 0 0. 0.
24.32 3 DOWNLINK_STATUS 23 2638 176 0 0. 0.
25.32 3 DOWNLINK_STATUS 24 2638 176 0 0. 0.
26.32 3 DOWNLINK_STATUS 25 2638 176 0 0. 0.
27.32 3 DOWNLINK_STATUS 26 2638 176 0 0. 0.
28.32 3 DOWNLINK_STATUS 27 2638 176 0 0. 0.
29.32 3 DOWNLINK_STATUS 28 2638 176 0 0. 0.
30.33 3 DOWNLINK_STATUS 29 2638 176 0 0. 0.
31.33 3 DOWNLINK_STATUS 30 2638 176 0 0. 0.
32.33 3 DOWNLINK_STATUS 31 2638 176 0 0. 0.
33.33 3 DOWNLINK_STATUS 32 2638 176 0 0. 0.
34.33 3 DOWNLINK_STATUS 33 2638 176 0 0. 0.
35.33 3 DOWNLINK_STATUS 34 2638 176 0 0. 0.
35.71 34 ATTITUDE 0 0 -82
35.75 34 PPRZ_MODE 2 0 3 0 0 5 0
35.75 34 FBW_STATUS 0 1 123
35.75 34 RAD_OF_IR 9 0 0.00211
35.75 34 PPRZ_MODE 0 0 3 0 0 17 0
35.75 34 IR_SENSORS -958 7 1
35.75 34 NAVIGATION 0 1 0 0 38 0. 6571.9
36.05 34 WP_MOVED 1 506292.5 3566296.25 800.
36.05 34 GYRO_RATES -55 -19 -15 0.479966 -0.165806 -0.1309
36.05 34 GPS 0 50624961 356621065 0 80355 0 0 1748 12 0
36.05 34 ESTIMATOR 0. 0. 0. 0. 0.
36.05 34 BAT 169 124 0 0 2 0 0
36.05 34 NAVIGATION 0 1 0 0 38 0. 6571.9
36.33 3 DOWNLINK_STATUS 35 2638 176 0 0. 0.
36.37 34 DOWNLINK_STATUS 35 292 22 0 292. 22.
36.85 34 GPS 0 50624961 356621065 0 80355 0 0 2748 12 0
36.85 34 SVINFO 5 14 0 3 33 -9 0
36.85 34 NAVIGATION 0 1 0 0 38 0. 6571.9
36.85 34 ATTITUDE 0 0 -81
36.85 34 NAVIGATION 0 1 0 0 38 0. 6571.9
36.85 34 ATTITUDE 0 0 -83
37.22 34 NAVIGATION 0 1 0 0 38 0. 6571.9
37.22 34 WP_MOVED 0 506408. 3566304. 800.
37.22 34 ESTIMATOR 0. 0. 0. 0. 0.
37.33 3 DOWNLINK_STATUS 36 2638 176 0 0. 0.
37.33 34 DOWNLINK_STATUS 36 436 31 0 144. 9.
37.41 34 GPS 0 50624961 356621065 0 80355 0 0 3248 12 0
37.41 34 SVINFO 7 18 0 3 21 -9 0
37.41 34 COMMANDS 176,0,-47,2565
37.41 34 NAVIGATION 0 1 0 0 38 0. 6571.9
37.41 34 ATTITUDE 0 0 -80
37.41 34 DL_VALUE 3 0.
37.41 34 FBW_STATUS 0 0 123
37.41 34 RAD_OF_IR 9 0 0.00211
37.74 34 IR_SENSORS -959 9 1
37.74 34 NAVIGATION 0 1 0 0 38 0. 6571.9
37.74 34 GPS 0 50624961 356621065 0 80355 0 0 3500 12 0
37.74 34 SVINFO 8 19 0 3 22 -9 0
37.74 34 WP_MOVED 1 506292.5 3566296.25 800.
37.74 34 GYRO_RATES -51 -24 -5 0.445059 -0.20944 -0.043633
38.15 34 ESTIMATOR 0. 0. 0. 0. 0.
38.15 34 BAT 188 123 0 0 4 0 0
38.15 34 NAVIGATION 0 1 0 0 38 0. 6571.9
38.15 34 GPS 0 50624961 356621065 0 80355 0 0 3748 12 0
38.15 34 ATTITUDE 0 0 -81
38.15 34 CALIBRATION 0. 0.023 0.067 0
38.15 34 SERVO 9600 -9600 178
38.33 3 DOWNLINK_STATUS 37 2638 176 0 0. 0.
38.33 34 DOWNLINK_STATUS 37 742 52 0 306. 21.
38.55 34 WP_MOVED 3 506366. 3566262. 0.
38.55 34 GYRO_RATES -43 -17 -19 0.375246 -0.148353 -0.165806
38.55 34 WP_MOVED 2 506379.59375 3566304.75 800.
38.55 34 ESTIMATOR 0. 0. 0. 0. 0.
38.62 34 COMMANDS 145,-37,-53,2575
38.66 34 NAVIGATION 0 1 0 0 38 0. 6571.9
38.66 34 ATTITUDE 0 0 -82
38.66 34 DL_VALUE 4 0.
38.66 34 GPS 0 50624961 356621065 0 80355 0 0 4248 12 0
38.66 34 FBW_STATUS 0 0 123
38.66 34 RAD_OF_IR 4 0 0.00211
38.66 34 ACTUATORS 1501,1503,0,1214,1632
38.66 34 IR_SENSORS -977 4 1
38.66 34 WP_MOVED 3 506366. 3566262. 0.
38.66 34 GYRO_RATES -43 -17 -19 0.375246 -0.148353 -0.165806
38.66 34 GPS 0 50624961 356621065 0 80355 0 0 4500 12 0
38.66 34 ESTIMATOR 0. 0. 0. 0. 0.
38.68 34 NAVIGATION 0 1 0 0 38 0. 6571.9
38.68 34 ATTITUDE 0 0 -85
39.33 3 DOWNLINK_STATUS 38 2638 176 0 0. 0.
39.33 34 DOWNLINK_STATUS 38 1031 71 0 289. 19.
40.33 3 DOWNLINK_STATUS 39 2638 176 0 0. 0.
40.33 34 DOWNLINK_STATUS 39 1031 71 0 0. 0.
41.33 3 DOWNLINK_STATUS 40 2638 176 0 0. 0.
41.33 34 DOWNLINK_STATUS 40 1031 71 0 0. 0.
41.34 34 SVINFO 6 16 0 3 31 -9 0
41.34 34 COMMANDS 170,7,-12,2532
41.34 34 NAVIGATION 0 1 0 0 38 0. 6571.9
41.34 34 ATTITUDE 0 0 -82
41.34 34 DL_VALUE 7 0.
41.34 34 FBW_STATUS 0 0 123
41.34 34 RAD_OF_IR 9 0 0.00211
41.76 34 IR_DEBUG 695 679 695 679
41.76 34 NAVIGATION 0 1 0 0 38 0. 6571.9
41.76 34 WP_MOVED 1 506292.5 3566296.25 800.
41.76 34 GYRO_RATES -46 -17 -8 0.401426 -0.148353 -0.069813
41.96 34 NAVIGATION 0 1 0 0 38 0. 6571.9
41.96 34 ATTITUDE 0 0 -81
41.96 34 CALIBRATION 0. 0.023 0.067 0
41.96 34 GPS 0 50624961 356621065 0 80355 0 0 7500 12 0
41.96 34 SVINFO 8 19 0 3 32 -9 0
41.96 34 SERVO 9600 -9600 180
42.03 34 IR_DEBUG 695 679 695 679
42.03 34 NAVIGATION 0 1 0 0 38 0. 6571.9
42.03 34 GPS 0 50624961 356621065 0 80355 0 0 7748 12 0
42.03 34 SVINFO 9 20 0 3 31 -9 0
42.03 34 WP_MOVED 2 506379.59375 3566304.75 800.
42.22 34 COMMANDS 173,0,-64,2557
42.26 34 NAVIGATION 0 1 0 0 38 0. 6571.9
42.26 34 ATTITUDE 0 0 -83
42.26 34 DL_VALUE 8 1.
42.26 34 GPS 0 50624961 356621065 0 80355 0 0 8000 12 0
42.26 34 FBW_STATUS 0 0 123
42.26 34 RAD_OF_IR 4 0 0.00211
42.26 34 IR_SENSORS -959 9 1
42.34 34 NAVIGATION 0 1 0 0 38 0. 6571.9
42.34 34 GPS 0 50624961 356621065 0 80355 0 0 8248 12 0
42.34 34 SVINFO 11 22 0 3 32 -9 0
42.34 34 WP_MOVED 3 506366. 3566262. 0.
42.34 34 GYRO_RATES -53 -20 0 0.462512 -0.174533 0.
42.34 3 DOWNLINK_STATUS 41 2638 176 0 0. 0.
42.34 34 DOWNLINK_STATUS 41 1513 106 0 482. 35.
42.96 34 ATTITUDE 0 0 -82
42.96 34 DL_VALUE 9 -61.099998
42.96 34 NAVIGATION 0 1 0 0 38 0. 6571.9
42.96 34 ATTITUDE 0 0 -82
42.96 34 GPS 0 50624961 356621065 0 80355 0 0 8500 12 0
42.96 34 SVINFO 12 24 0 3 31 -9 0
42.96 34 DESIRED 0. 0. 0. 0. 770. 0.
43.03 34 WP_MOVED 0 506408. 3566304. 800.
43.03 34 GPS 0 50624961 356621065 0 80355 0 0 8748 12 0
43.03 34 SVINFO 13 26 0 3 33 -9 0
43.03 34 ESTIMATOR 0. 0. 0. 0. 0.
43.03 34 COMMANDS 165,-4,-52,2523
43.05 34 ATTITUDE 0 0 -82
43.05 34 DL_VALUE 9 -61.099998
43.05 34 FBW_STATUS 0 0 123
43.05 34 RAD_OF_IR 8 0 0.00211
43.05 34 NAVIGATION_REF 506366 3566262 12
43.05 34 GPS 0 50624961 356621065 0 80355 0 0 9000 12 0
43.22 34 ACTUATORS 1498,1501,0,1214,1631
43.26 34 IR_SENSORS -954 7 1
43.26 34 NAVIGATION 0 1 0 0 38 0. 6571.9
43.33 3 DOWNLINK_STATUS 42 2638 176 0 0. 0.
43.33 34 DOWNLINK_STATUS 42 1809 127 0 296. 21.
43.43 34 WP_MOVED 1 506292.5 3566296.25 800.
43.43 34 GYRO_RATES -56 -19 28 0.488692 -0.165806 0.244346
43.43 34 GPS 0 50624961 356621065 0 80355 0 0 9248 12 0
43.51 34 ESTIMATOR 0. 0. 0. 0. 0.
43.51 34 BAT 177 123 0 0 10 0 0
43.52 34 NAVIGATION 0 1 0 0 38 0. 6571.9
43.52 34 ATTITUDE 0 0 -81
43.52 34 CALIBRATION 0. 0.023 0.067 0
43.52 34 SERVO 9600 -9600 181
43.93 34 GPS 0 50624961 356621065 0 80355 0 0 9500 12 0
43.93 34 SVINFO 0 2 0 3 29 -9 0
43.93 34 DESIRED 0. 0. 0. 0. 770. 0.
43.93 34 IR_DEBUG 689 678 689 678
43.93 34 NAVIGATION 0 1 0 0 38 0. 6571.9
43.93 34 WP_MOVED 2 506379.59375 3566304.75 800.
43.96 34 GPS 0 50624961 356621065 0 80355 0 0 9748 12 0
43.96 34 SVINFO 1 6 0 3 31 -9 0
43.96 34 ESTIMATOR 0. 0. 0. 0. 0.
43.97 34 COMMANDS 175,3,-39,2522
43.97 34 NAVIGATION 0 1 0 0 38 0. 6571.9
43.97 34 ATTITUDE 0 0 -81
43.97 34 DL_VALUE 10 0.
43.97 34 FBW_STATUS 0 0 123
44.33 3 DOWNLINK_STATUS 43 2638 176 0 0. 0.
44.33 34 DOWNLINK_STATUS 43 2170 150 0 361. 23.
44.35 34 GPS 0 50624961 356621065 0 80355 0 0 10000 12 0
44.35 34 SVINFO 2 9 0 3 30 -9 0
44.35 34 IR_SENSORS -961 9 1
44.35 34 NAVIGATION 0 1 0 0 38 0. 6571.9
44.35 34 WP_MOVED 3 506366. 3566262. 0.
44.35 34 GYRO_RATES -41 -21 -38 0.357792 -0.18326 -0.331613
44.42 34 ESTIMATOR 0. 0. 0. 0. 0.
44.42 34 GPS 0 50624961 356621065 0 80355 0 0 10248 12 0
44.42 34 SVINFO 3 11 0 3 29 -9 0
44.42 34 NAVIGATION 0 1 0 0 38 0. 6571.9
44.42 34 ATTITUDE 0 0 -82
44.62 34 DESIRED 0. 0. 0. 0. 770. 0.
44.62 34 GPS 0 50624961 356621065 0 80355 0 0 10500 12 0
44.62 34 SVINFO 4 13 0 3 31 -9 0
44.62 34 NAVIGATION 0 1 0 0 38 0. 6571.9
44.62 34 WP_MOVED 0 506408. 3566304. 800.
44.81 34 ESTIMATOR 0. 0. 0. 0. 0.
44.92 34 COMMANDS 176,34,13,2465
44.96 34 NAVIGATION 0 1 0 0 38 0. 6571.9
44.96 34 GPS 0 50624961 356621065 0 80355 0 0 10748 12 0
44.96 34 SVINFO 5 14 0 3 30 -9 0
44.96 34 ATTITUDE 0 0 -83
44.96 34 DL_VALUE 11 1.
44.96 34 FBW_STATUS 0 0 123
45.13 34 RAD_OF_IR 4 0 0.00211
45.13 34 IR_SENSORS -939 19 1
45.13 34 NAVIGATION 0 1 0 0 38 0. 6571.9
45.13 34 GPS 0 50624961 356621065 0 80355 0 0 11000 12 0
45.13 34 SVINFO 6 16 0 3 30 -9 0
45.13 34 WP_MOVED 1 506292.5 3566296.25 800.
45.13 34 GYRO_RATES -44 -28 -48 0.383972 -0.244346 -0.418879
45.33 3 DOWNLINK_STATUS 44 2638 176 0 0. 0.
45.33 34 DOWNLINK_STATUS 44 2665 181 0 495. 31.
45.43 34 ESTIMATOR 0. 0. 0. 0. 0.
45.43 34 BAT 176 123 0 0 12 0 0
45.43 34 NAVIGATION 0 1 0 0 38 0. 6571.9
45.43 34 GPS 0 50624961 356621065 0 80355 0 0 11248 12 0
45.43 34 ATTITUDE 0 0 -82
45.43 34 CALIBRATION 0. 0.023 0.067 0
45.43 34 SERVO 9600 -9600 186
45.75 34 DESIRED 0. 0. 0. 0. 770. 0.
45.75 34 IR_DEBUG 688 677 688 677
45.75 34 NAVIGATION 0 1 0 0 38 0. 6571.9
45.75 34 GPS 0 50624961 356621065 0 80355 0 0 11500 12 0
45.75 34 SVINFO 8 19 0 3 30 -9 0
45.75 34 WP_MOVED 2 506379.59375 3566304.75 800.
45.84 34 ESTIMATOR 0. 0. 0. 0. 0.
45.84 34 COMMANDS 176,-17,-42,2520
45.84 34 NAVIGATION 0 1 0 0 38 0. 6571.9
45.84 34 ATTITUDE 0 0 -82
45.84 34 DL_VALUE 12 0.
45.84 34 GPS 0 50624961 356621065 0 80355 0 0 11748 12 0
45.84 34 SVINFO 9 20 0 3 30 -9 0
45.84 34 FBW_STATUS 0 0 123
45.99 34 IR_SENSORS -956 11 1
45.99 34 NAVIGATION 0 1 0 0 38 0. 6571.9
46.01 34 WP_MOVED 3 506366. 3566262. 0.
46.01 34 GYRO_RATES -56 -25 43 0.488692 -0.218166 0.375246
46.22 34 GPS 0 50624961 356621065 0 80355 0 0 12000 12 0
46.23 34 ESTIMATOR 0. 0. 0. 0. 0.
46.31 34 NAVIGATION 0 1 0 0 38 0. 6571.9
46.31 34 ATTITUDE 0 0 -81
46.31 34 GPS 0 50624961 356621065 0 80355 0 0 12248 12 0
46.31 34 SVINFO 11 22 0 3 31 -9 0
46.34 3 DOWNLINK_STATUS 45 2638 176 0 0. 0.
46.37 34 DOWNLINK_STATUS 45 3164 212 0 499. 31.
46.40 34 DESIRED 0. 0. 0. 0. 770. 0.
46.40 34 NAVIGATION 0 1 0 0 38 0. 6571.9
47.06 34 GPS 0 50624961 356621065 0 80355 0 0 12500 12 0
47.06 34 ESTIMATOR 0. 0. 0. 0. 0.
47.06 34 COMMANDS 169,3,-37,2520
47.06 34 NAVIGATION 0 1 0 0 38 0. 6571.9
47.06 34 ATTITUDE 0 0 -81
47.06 34 DL_VALUE 13 517.
47.34 3 DOWNLINK_STATUS 46 2638 176 0 0. 0.
47.38 34 DOWNLINK_STATUS 46 3301 220 0 137. 8.
47.46 34 DESIRED 0. 0. 0. 0. 770. 0.
47.46 34 IR_DEBUG 693 677 693 677
47.46 34 NAVIGATION 0 1 0 0 38 0. 6571.9
47.46 34 WP_MOVED 2 506379.59375 3566304.75 800.
47.46 34 GYRO_RATES -50 -23 1 0.436332 -0.200713 0.008727
47.83 34 COMMANDS 185,-34,-40,2513
47.83 34 NAVIGATION 0 1 0 0 38 0. 6571.9
47.83 34 ATTITUDE 0 0 -82
47.83 34 DL_VALUE 14 482.
47.92 34 FBW_STATUS 0 0 123
47.92 34 RAD_OF_IR 8 0 0.00211
47.92 34 ACTUATORS 1499,1501,0,1214,1631
47.92 34 IR_SENSORS -952 7 1
47.92 34 GPS 0 50624961 356621065 0 80355 0 0 13748 12 0
47.92 34 NAVIGATION 0 1 0 0 38 0. 6571.9
47.93 34 WP_MOVED 3 506366. 3566262. 0.
47.93 34 GYRO_RATES -52 -17 0 0.453786 -0.148353 0.
48.11 34 ESTIMATOR 0. 0. 0. 0. 0.
48.11 34 GPS 0 50624961 356621065 0 80355 0 0 14000 12 0
48.11 34 NAVIGATION 0 1 0 0 38 0. 6571.9
48.12 34 ATTITUDE 0 0 -82
48.34 3 DOWNLINK_STATUS 47 2638 176 0 0. 0.
48.34 34 DOWNLINK_STATUS 47 3625 241 0 324. 21.
49.34 3 DOWNLINK_STATUS 48 2638 176 0 0. 0.
49.34 34 DOWNLINK_STATUS 48 3625 241 0 0. 0.
49.62 34 NAVIGATION 0 1 0 0 38 0. 6571.9
49.62 34 ATTITUDE 0 0 -82
49.62 34 DL_VALUE 16 7500.
49.70 34 GPS 0 50624961 356621065 0 80355 0 0 15500 12 0
49.71 34 FBW_STATUS 0 0 123
49.71 34 RAD_OF_IR 11 0 0.00211
49.71 34 IR_SENSORS -959 10 1
50.13 34 NAVIGATION 0 1 0 0 38 0. 6571.9
50.13 34 WP_MOVED 3 506366. 3566262. 0.
50.13 34 GYRO_RATES -51 -21 0 0.445059 -0.18326 0.
50.13 34 GPS 0 50624961 356621065 0 80355 0 0 15748 12 0
50.13 34 ESTIMATOR 0. 0. 0. 0. 0.
50.22 34 ATTITUDE 0 0 -83
50.22 34 GPS 0 50624961 356621065 0 80355 0 0 16000 12 0
50.22 34 DESIRED 0. 0. 0. 0. 770. 0.
50.22 34 NAVIGATION 0 1 0 0 38 0. 6571.9
50.22 34 WP_MOVED 0 506408. 3566304. 800.
50.34 3 DOWNLINK_STATUS 49 2638 176 0 0. 0.
50.34 34 DOWNLINK_STATUS 49 3904 258 0 279. 17.
50.43 34 GPS 0 50624961 356621065 0 80355 0 0 16248 12 0
50.43 34 ESTIMATOR 0. 0. 0. 0. 0.
50.50 34 COMMANDS 175,3,-31,2513
50.50 34 NAVIGATION 0 1 0 0 38 0. 6571.9
50.50 34 ATTITUDE 1 0 -81
50.50 34 DL_VALUE 17 11250.
50.60 34 FBW_STATUS 0 0 123
50.60 34 RAD_OF_IR 15 0 0.00211
50.60 34 GPS 0 50624961 356621065 0 80355 0 0 16500 12 0
50.61 34 IR_SENSORS -950 9 1
50.61 34 NAVIGATION 0 1 0 0 38 0. 6571.9
50.70 34 WP_MOVED 1 506292.5 3566296.25 800.
50.70 34 GYRO_RATES -50 -26 1 0.436332 -0.226893 0.008727
51.03 34 ESTIMATOR 0. 0. 0. 0. 0.
51.03 34 BAT 183 123 0 0 18 1 0
51.03 34 GPS 0 50624961 356621065 0 80355 0 0 16748 12 0
51.03 34 NAVIGATION 0 1 0 0 38 0. 6571.9
51.03 34 ATTITUDE 0 0 -81
51.03 34 CALIBRATION 0. 0.023 0.067 0
51.03 34 SERVO 9600 -9600 186
51.34 3 DOWNLINK_STATUS 50 2638 176 0 0. 0.
51.38 34 DOWNLINK_STATUS 50 4212 278 0 308. 20.
51.38 34 GPS 0 50624961 356621065 0 80355 0 0 17000 12 0
51.38 34 DESIRED 0. 0. 0. 0. 770. 0.
51.38 34 IR_DEBUG 689 681 689 681
51.38 34 NAVIGATION 0 1 0 0 38 0. 6571.9
51.38 34 WP_MOVED 2 506379.59375 3566304.75 800.
51.42 34 ESTIMATOR 0. 0. 0. 0. 0.
51.42 34 GPS 0 50624961 356621065 0 80355 0 0 17248 12 0
51.42 34 COMMANDS 176,-12,-55,2545
51.42 34 NAVIGATION 0 1 0 0 38 0. 6571.9
51.42 34 ATTITUDE 0 0 -80
51.42 34 DL_VALUE 18 10000.
51.52 34 FBW_STATUS 0 0 123
51.52 34 RAD_OF_IR 9 0 0.00211
51.52 34 NAVIGATION_REF 506366 3566262 12
51.95 34 IR_SENSORS -960 15 1
51.95 34 GPS 0 50624961 356621065 0 80355 0 0 17500 12 0
51.95 34 NAVIGATION 0 1 0 0 38 0. 6571.9
51.95 34 WP_MOVED 3 506366. 3566262. 0.
51.95 34 GYRO_RATES -31 -8 -1 0.270526 -0.069813 -0.008727
52.04 34 ESTIMATOR 0. 0. 0. 0. 0.
52.04 34 GPS 0 50624961 356621065 0 80355 0 0 17748 12 0
52.04 34 NAVIGATION 0 1 0 0 38 0. 6571.9
52.04 34 ATTITUDE 0 0 -81
52.11 34 DESIRED 0. 0. 0. 0. 770. 0.
52.15 34 NAVIGATION 0 1 0 0 38 0. 6571.9
52.15 34 GPS 0 50624961 356621065 0 80355 0 0 18000 12 0
52.15 34 WP_MOVED 0 506408. 3566304. 800.
52.19 34 ESTIMATOR 0. 0. 0. 0. 0.
52.33 34 COMMANDS 171,0,-34,2520
52.33 34 NAVIGATION 0 1 0 0 38 0. 6571.9
52.34 34 GPS 0 50624961 356621065 0 80355 0 0 18248 12 0
52.34 34 ATTITUDE 0 0 -81
52.34 34 DL_VALUE 19 3000.
52.34 3 DOWNLINK_STATUS 51 2638 176 0 0. 0.
52.34 34 DOWNLINK_STATUS 51 4769 311 0 557. 33.
52.41 34 FBW_STATUS 0 0 123
53.34 34 ATTITUDE 0 0 -81
53.34 34 DL_VALUE 20 20000.
53.34 34 GPS 0 50624961 356621065 0 80355 0 0 19248 12 0
53.34 34 FBW_STATUS 0 0 123
53.34 34 RAD_OF_IR 11 0 0.00211
53.34 3 DOWNLINK_STATUS 52 2638 176 0 0. 0.
53.34 34 DOWNLINK_STATUS 52 4831 317 0 62. 6.
53.50 34 IR_SENSORS -929 16 1
53.50 34 NAVIGATION 0 1 0 0 38 0. 6571.9
53.84 34 WP_MOVED 3 506366. 3566262. 0.
53.84 34 GYRO_RATES -54 -27 -1 0.471239 -0.235619 -0.008727
53.84 34 GPS 0 50624961 356621065 0 80355 0 0 19500 12 0
53.84 34 ESTIMATOR 0. 0. 0. 0. 0.
53.84 34 NAVIGATION 0 1 0 0 38 0. 6571.9
53.84 34 ATTITUDE 0 0 -80
53.84 34 GPS 0 50624961 356621065 0 80355 0 0 19748 12 0
53.90 34 DESIRED 0. 0. 0. 0. 770. 0.
53.90 34 NAVIGATION 0 1 0 0 38 0. 6571.9
54.24 34 WP_MOVED 0 506408. 3566304. 800.
54.24 34 GPS 0 50624961 356621065 0 80355 0 0 20000 12 0
54.24 34 ESTIMATOR 0. 0. 0. 0. 0.
54.24 34 COMMANDS 176,4,-31,2518
54.24 34 NAVIGATION 0 1 0 0 38 0. 6571.9
54.24 34 ATTITUDE 0 0 -81
54.24 34 DL_VALUE 21 17500.
54.24 34 RAD_OF_IR 9 0 0.00211
54.30 34 GPS 0 50624961 356621065 0 80355 0 0 20248 12 0
54.30 34 IR_SENSORS -961 9 1
54.34 3 DOWNLINK_STATUS 53 2638 176 0 0. 0.
54.38 34 DOWNLINK_STATUS 53 5191 338 0 360. 21.
54.63 34 NAVIGATION 0 1 0 0 38 0. 6571.9
54.63 34 WP_MOVED 1 506292.5 3566296.25 800.
54.63 34 GYRO_RATES -51 -22 5 0.445059 -0.191986 0.043633
55.06 34 BAT 174 123 0 0 22 1 0
55.06 34 GPS 0 50624961 356621065 0 80355 0 0 20500 12 0
55.06 34 NAVIGATION 0 1 0 0 38 0. 6571.9
55.06 34 ATTITUDE 0 0 -82
55.06 34 CALIBRATION 0. 0.023 0.067 0
55.06 34 SERVO 9600 -9600 169
55.14 34 DESIRED 0. 0. 0. 0. 770. 0.
55.17 34 IR_DEBUG 690 680 690 680
55.17 34 NAVIGATION 0 1 0 0 38 0. 6571.9
55.17 34 WP_MOVED 2 506379.59375 3566304.75 800.
55.17 34 ESTIMATOR 0. 0. 0. 0. 0.
55.34 34 GPS 0 50624961 356621065 0 80355 0 0 21000 12 0
55.34 34 COMMANDS 191,-3,-3,2523
55.34 34 NAVIGATION 0 1 0 0 38 0. 6571.9
55.34 34 ATTITUDE 0 0 -82
55.34 34 DL_VALUE 22 20000.
55.34 34 FBW_STATUS 0 0 123
55.34 34 RAD_OF_IR 7 0 0.00211
55.34 34 IR_SENSORS -952 7 1
55.34 34 NAVIGATION 0 1 0 0 38 0. 6571.9
55.34 3 DOWNLINK_STATUS 54 2638 176 0 0. 0.
55.34 34 DOWNLINK_STATUS 54 5537 361 0 346. 23.
55.63 34 WP_MOVED 3 506366. 3566262. 0.
55.63 34 GYRO_RATES -50 -21 -1 0.436332 -0.18326 -0.008727
55.63 34 ESTIMATOR 0. 0. 0. 0. 0.
55.63 34 GPS 0 50624961 356621065 0 80355 0 0 21500 12 0
55.63 34 NAVIGATION 0 1 0 0 38 0. 6571.9
55.63 34 ATTITUDE 0 0 -81
56.03 34 DESIRED 0. 0. 0. 0. 770. 0.
56.03 34 NAVIGATION 0 1 0 0 38 0. 6571.9
56.03 34 GPS 0 50624961 356621065 0 80355 0 0 21748 12 0
56.03 34 WP_MOVED 0 506408. 3566304. 800.
56.03 34 ESTIMATOR 0. 0. 0. 0. 0.
56.12 34 COMMANDS 167,17,-45,2523
56.16 34 NAVIGATION 0 1 0 0 38 0. 6571.9
56.16 34 ATTITUDE 0 0 -81
56.16 34 DL_VALUE 23 0.
56.16 34 GPS 0 50624961 356621065 0 80355 0 0 22000 12 0
56.16 34 FBW_STATUS 0 0 123
56.16 34 RAD_OF_IR 8 0 0.00211
56.31 34 IR_SENSORS -954 8 1
56.34 3 DOWNLINK_STATUS 55 2638 176 0 0. 0.
56.38 34 DOWNLINK_STATUS 55 5849 380 0 312. 19.
56.54 34 NAVIGATION 0 1 0 0 38 0. 6571.9
56.54 34 GPS 0 50624961 356621065 0 80355 0 0 22248 12 0
56.54 34 WP_MOVED 1 506292.5 3566296.25 800.
56.54 34 GYRO_RATES -49 -20 -1 0.427606 -0.174533 -0.008727
56.54 34 ESTIMATOR 0. 0. 0. 0. 0.
56.54 34 BAT 179 123 0 0 24 1 0
56.84 34 NAVIGATION 0 1 0 0 38 0. 6571.9
56.88 34 ATTITUDE 0 0 -81
56.88 34 CALIBRATION 0. 0.023 0.067 0
56.88 34 GPS 0 50624961 356621065 0 80355 0 0 22500 12 0
56.88 34 SERVO 9600 -9600 180
57.26 34 GPS 0 50624961 356621065 0 80355 0 0 22748 12 0
57.34 3 DOWNLINK_STATUS 56 2638 176 0 0. 0.
57.34 34 DOWNLINK_STATUS 56 6068 392 0 219. 12.
57.46 34 ATTITUDE 0 0 -83
57.46 34 NAVIGATION 0 1 0 0 38 0. 6571.9
57.46 34 ATTITUDE 0 0 -82
57.46 34 DL_VALUE 24 2150.
57.46 34 FBW_STATUS 0 0 123
57.46 34 GPS 0 50624961 356621065 0 80355 0 0 23000 12 0
57.46 34 RAD_OF_IR 9 0 0.00211
57.46 34 ACTUATORS 1498,1502,0,1214,1632
57.46 34 IR_SENSORS -963 11 1
57.54 34 GYRO_RATES -50 -24 0 0.436332 -0.20944 0.
57.54 34 GPS 0 50624961 356621065 0 80355 0 0 23248 12 0
57.54 34 ESTIMATOR 0. 0. 0. 0. 0.
57.72 34 ATTITUDE 0 0 -83
57.76 34 GPS 0 50624961 356621065 0 80355 0 0 23500 12 0
57.76 34 DESIRED 0. 0. 0. 0. 770. 0.
57.76 34 NAVIGATION 0 1 0 0 38 0. 6571.9
57.76 34 WP_MOVED 0 506408. 3566304. 800.
57.76 34 PPRZ_MODE 0 0 3 0 0 17 0
57.81 34 GPS 0 50624961 356621065 0 80355 0 0 23748 12 0
57.81 34 ESTIMATOR 0. 0. 0. 0. 0.
57.91 34 COMMANDS 173,1,-36,2515
57.95 34 NAVIGATION 0 1 0 0 38 0. 6571.9
57.95 34 ATTITUDE 0 0 -81
57.95 34 DL_VALUE 25 5300.
58.11 34 FBW_STATUS 0 0 123
58.11 34 RAD_OF_IR 4 0 0.00211
58.11 34 GPS 0 50624961 356621065 0 80355 0 0 24000 12 0
58.11 34 IR_SENSORS -951 9 1
58.11 34 NAVIGATION 0 1 0 0 38 0. 6571.9
58.34 3 DOWNLINK_STATUS 57 2638 176 0 0. 0.
58.34 34 DOWNLINK_STATUS 57 6505 421 0 437. 29.
58.56 34 WP_MOVED 1 506292.5 3566296.25 800.
58.56 34 GYRO_RATES -49 -15 -1 0.427606 -0.1309 -0.008727
58.56 34 GPS 0 50624961 356621065 0 80355 0 0 24248 12 0
58.56 34 ESTIMATOR 0. 0. 0. 0. 0.
58.56 34 BAT 177 123 0 0 25 0 0
58.56 34 NAVIGATION 0 1 0 0 38 0. 6571.9
58.96 34 SERVO 9600 -9600 175
59.00 34 GPS 0 50624961 356621065 0 80355 0 0 24500 12 0
59.00 34 DESIRED 0. 0. 0. 0. 770. 0.
59.00 34 IR_DEBUG 683 678 683 678
59.00 34 NAVIGATION 0 1 0 0 38 0. 6571.9
59.06 34 WP_MOVED 2 506379.59375 3566304.75 800.
59.06 34 ESTIMATOR 0. 0. 0. 0. 0.
59.06 34 GPS 0 50624961 356621065 0 80355 0 0 24748 12 0
59.06 34 COMMANDS 173,-9,-34,2529
59.06 34 NAVIGATION 0 1 0 0 38 0. 6571.9
59.06 34 ATTITUDE 0 0 -79
59.06 34 DL_VALUE 26 10000.
59.16 34 RAD_OF_IR 11 0 0.00211
59.19 34 IR_SENSORS -959 4 1
59.19 34 GPS 0 50624961 356621065 0 80355 0 0 25000 12 0
59.19 34 NAVIGATION 0 1 0 0 38 0. 6571.9
59.19 34 WP_MOVED 3 506366. 3566262. 0.
59.19 34 GYRO_RATES -48 -24 -5 0.418879 -0.20944 -0.043633
59.20 34 ESTIMATOR 0. 0. 0. 0. 0.
59.34 3 DOWNLINK_STATUS 58 2638 176 0 0. 0.
59.34 34 DOWNLINK_STATUS 58 6938 446 0 433. 25.
59.43 34 GPS 0 50624961 356621065 0 80355 0 0 25248 12 0
59.43 34 NAVIGATION 0 1 0 0 38 0. 6571.9
59.43 34 ATTITUDE 0 0 -83
59.61 34 DESIRED 0. 0. 0. 0. 770. 0.
59.61 34 NAVIGATION 0 1 0 0 38 0. 6571.9
59.61 34 GPS 0 50624961 356621065 0 80355 0 0 25500 12 0
59.62 34 WP_MOVED 0 506408. 3566304. 800.
59.69 34 ESTIMATOR 0. 0. 0. 0. 0.
60.26 34 FBW_STATUS 0 0 123
60.26 34 RAD_OF_IR 10 0 0.00211
60.26 34 NAVIGATION_REF 506366 3566262 12
60.26 34 IR_SENSORS -951 2 1
60.26 34 NAVIGATION 0 1 0 0 38 0. 6571.9
60.26 34 GPS 0 50624961 356621065 0 80355 0 0 26000 12 0
60.26 34 WP_MOVED 1 506292.5 3566296.25 800.
60.34 34 ATTITUDE 0 0 -81
60.34 34 CALIBRATION 0. 0.023 0.067 0
60.34 34 GPS 0 50624961 356621065 0 80355 0 0 26248 12 0
60.34 34 SERVO 9600 -9600 177
60.34 3 DOWNLINK_STATUS 59 2638 176 0 0. 0.
60.34 34 DOWNLINK_STATUS 59 7251 465 0 313. 19.
61.34 3 DOWNLINK_STATUS 60 2638 176 0 0. 0.
61.34 34 DOWNLINK_STATUS 60 7251 465 0 0. 0.
61.56 34 WP_MOVED 3 506366. 3566262. 0.
61.56 34 GYRO_RATES -49 -19 -6 0.427606 -0.165806 -0.05236
61.56 34 GPS 0 50624961 356621065 0 80355 0 0 27000 12 0
61.56 34 ESTIMATOR 0. 0. 0. 0. 0.
61.76 34 ATTITUDE 0 0 -81
61.80 34 GPS 0 50624961 356621065 0 80355 0 0 27248 12 0
61.80 34 DESIRED 0. 0. 0. 0. 770. 0.
61.80 34 NAVIGATION 0 1 0 0 38 0. 6571.9
61.80 34 WP_MOVED 0 506408. 3566304. 800.
61.84 34 ESTIMATOR 0. 0. 0. 0. 0.
61.88 34 COMMANDS 176,-3,-61,2539
61.88 34 NAVIGATION 0 1 0 0 38 0. 6571.9
61.88 34 ATTITUDE 0 0 -82
61.88 34 DL_VALUE 29 0.42
61.88 34 FBW_STATUS 0 0 123
61.88 34 RAD_OF_IR 2 0 0.00211
61.88 34 ACTUATORS 1499,1501,0,1215,1630
61.88 34 IR_SENSORS -963 11 1
62.01 34 NAVIGATION 0 1 0 0 38 0. 6571.9
62.01 34 WP_MOVED 1 506292.5 3566296.25 800.
62.01 34 GYRO_RATES -49 -24 2 0.427606 -0.20944 0.017453
62.26 34 ESTIMATOR 0. 0. 0. 0. 0.
62.26 34 BAT 166 123 0 0 29 0 0
62.26 34 GPS 0 50624961 356621065 0 80355 0 0 28000 12 0
62.26 34 NAVIGATION 0 1 0 0 38 0. 6571.9
62.26 34 ATTITUDE 0 0 -82
62.26 34 CALIBRATION 0. 0.023 0.067 0
62.34 3 DOWNLINK_STATUS 61 2638 176 0 0. 0.
62.34 34 DOWNLINK_STATUS 61 7688 492 0 437. 27.
62.43 34 SERVO 9600 -9600 172
62.43 34 GPS 0 50624961 356621065 0 80355 0 0 28248 12 0
62.43 34 DESIRED 0. 0. 0. 0. 770. 0.
62.43 34 IR_DEBUG 688 674 688 674
62.43 34 NAVIGATION 0 1 0 0 38 0. 6571.9
62.43 34 WP_MOVED 2 506379.59375 3566304.75 800.
62.43 34 PPRZ_MODE 0 0 3 0 0 17 0
62.54 34 ESTIMATOR 0. 0. 0. 0. 0.
62.54 34 GPS 0 50624961 356621065 0 80355 0 0 28500 12 0
62.73 34 COMMANDS 170,6,-26,2529
62.73 34 NAVIGATION 0 1 0 0 38 0. 6571.9
62.73 34 ATTITUDE 0 0 -82
62.73 34 DL_VALUE 30 0.
62.93 34 FBW_STATUS 0 0 123
62.94 34 RAD_OF_IR 7 0 0.00211
62.94 34 IR_SENSORS -952 8 1
62.94 34 GPS 0 50624961 356621065 0 80355 0 0 28748 12 0
62.94 34 NAVIGATION 0 1 0 0 38 0. 6571.9
62.94 34 WP_MOVED 3 506366. 3566262. 0.
62.94 34 GYRO_RATES -51 -18 -3 0.445059 -0.15708 -0.02618
63.00 34 ESTIMATOR 0. 0. 0. 0. 0.
63.24 34 NAVIGATION 0 1 0 0 38 0. 6571.9
63.24 34 GPS 0 50624961 356621065 0 80355 0 0 29000 12 0
63.24 34 ATTITUDE 0 0 -80
63.24 34 DESIRED 0. 0. 0. 0. 770. 0.
63.30 34 GPS 0 50624961 356621065 0 80355 0 0 29248 12 0
63.30 34 NAVIGATION 0 1 0 0 38 0. 6571.9
63.31 34 WP_MOVED 0 506408. 3566304. 800.
63.34 3 DOWNLINK_STATUS 62 2638 176 0 0. 0.
63.38 34 DOWNLINK_STATUS 62 8158 520 0 470. 28.
63.42 34 ESTIMATOR 0. 0. 0. 0. 0.
63.75 34 COMMANDS 167,10,-67,2546
63.75 34 NAVIGATION 0 1 0 0 38 0. 6571.9
63.75 34 ATTITUDE 0 0 -81
63.75 34 DL_VALUE 31 0.023
63.75 34 GPS 0 50624961 356621065 0 80355 0 0 29500 12 0
63.75 34 FBW_STATUS 0 0 123
63.75 34 RAD_OF_IR 9 0 0.00211
64.16 34 IR_SENSORS -956 9 1
64.16 34 NAVIGATION 0 1 0 0 38 0. 6571.9
64.16 34 GPS 0 50624961 356621065 0 80355 0 0 29748 12 0
64.16 34 WP_MOVED 1 506292.5 3566296.25 800.
64.16 34 GYRO_RATES -41 -69 8 0.357792 -0.602139 0.069813
64.16 34 ESTIMATOR 0. 0. 0. 0. 0.
64.34 3 DOWNLINK_STATUS 63 2638 176 0 0. 0.
64.34 34 DOWNLINK_STATUS 63 8376 534 0 218. 14.
64.56 34 ATTITUDE 0 0 -83
64.56 34 DL_VALUE 32 0.001
64.56 34 GPS 0 50624961 356621065 0 80355 0 0 30500 12 0
64.56 34 FBW_STATUS 0 0 123
64.56 34 SERVO 9600 -9600 176
64.56 34 DESIRED 0. 0. 0. 0. 770. 0.
64.64 34 NAVIGATION 0 1 0 0 38 0. 6571.9
64.68 34 GPS 0 50624961 356621065 0 80355 0 0 30248 12 0
64.68 34 WP_MOVED 2 506379.59375 3566304.75 800.
64.68 34 ESTIMATOR 0. 0. 0. 0. 0.
64.68 34 COMMANDS 155,23,-6,2558
64.68 34 ATTITUDE 0 0 -83
64.68 34 DL_VALUE 32 0.001
64.68 34 GPS 0 50624961 356621065 0 80355 0 0 30500 12 0
64.68 34 FBW_STATUS 0 0 123
64.68 34 RAD_OF_IR 15 0 0.00211
64.68 34 IR_SENSORS -948 13 1
64.92 34 NAVIGATION 0 1 0 0 38 0. 6571.9
65.04 34 WP_MOVED 3 506366. 3566262. 0.
65.04 34 GYRO_RATES -88 -28 3 0.767945 -0.244346 0.02618
65.04 34 GPS 0 50624961 356621065 0 80355 0 0 30748 12 0
65.04 34 ESTIMATOR 0. 0. 0. 0. 0.
65.04 34 NAVIGATION 0 1 0 0 38 0. 6571.9
65.04 34 ATTITUDE 0 0 -83
65.04 34 GPS 0 50624961 356621065 0 80355 0 0 31000 12 0
65.11 34 DESIRED 0. 0. 0. 0. 770. 0.
65.34 3 DOWNLINK_STATUS 64 2638 176 0 0. 0.
65.34 34 DOWNLINK_STATUS 64 8796 560 0 420. 26.
65.45 34 NAVIGATION 0 1 0 0 38 0. 6571.9
65.45 34 WP_MOVED 0 506408. 3566304. 800.
65.45 34 GPS 0 50624961 356621065 0 80355 0 0 31248 12 0
65.45 34 ESTIMATOR 0. 0. 0. 0. 0.
65.55 34 COMMANDS 174,6,-26,2518
65.55 34 NAVIGATION 0 1 0 0 38 0. 6571.9
65.55 34 ATTITUDE 0 0 -80
65.56 34 DL_VALUE 33 0.01
65.56 34 FBW_STATUS 0 0 123
65.56 34 RAD_OF_IR 9 0 0.00211
65.56 34 GPS 0 50624961 356621065 0 80355 0 0 31500 12 0
65.61 34 IR_SENSORS -963 11 1
65.64 34 NAVIGATION 0 1 0 0 38 0. 6571.9
65.70 34 WP_MOVED 1 506292.5 3566296.25 800.
65.70 34 GYRO_RATES -47 -18 7 0.410152 -0.15708 0.061087
65.94 34 ESTIMATOR 0. 0. 0. 0. 0.
65.94 34 BAT 173 123 0 0 33 0 0
65.94 34 GPS 0 50624961 356621065 0 80355 0 0 31748 12 0
66.01 34 NAVIGATION 0 1 0 0 38 0. 6571.9
66.01 34 ATTITUDE 0 0 -81
66.01 34 CALIBRATION 0. 0.023 0.067 0
66.01 34 SERVO 9600 -9600 174
66.23 34 GPS 0 50624961 356621065 0 80355 0 0 32000 12 0
66.23 34 DESIRED 0. 0. 0. 0. 770. 0.
66.23 34 IR_DEBUG 695 680 695 680
66.23 34 NAVIGATION 0 1 0 0 38 0. 6571.9
66.23 34 WP_MOVED 2 506379.59375 3566304.75 800.
66.23 34 ESTIMATOR 0. 0. 0. 0. 0.
66.34 3 DOWNLINK_STATUS 65 2638 176 0 0. 0.
66.34 34 DOWNLINK_STATUS 65 9255 588 0 459. 28.
66.54 34 GPS 0 50624961 356621065 0 80355 0 0 32248 12 0
66.54 34 COMMANDS 174,-1,-36,2523
66.54 34 NAVIGATION 0 1 0 0 38 0. 6571.9
66.54 34 ATTITUDE 0 0 -81
66.54 34 DL_VALUE 34 1.
66.66 34 FBW_STATUS 0 0 123
66.69 34 RAD_OF_IR 6 0 0.00211
66.69 34 ACTUATORS 1499,1501,0,1214,1631
66.69 34 IR_SENSORS -959 12 1
66.69 34 GPS 0 50624961 356621065 0 80355 0 0 32500 12 0
66.69 34 NAVIGATION 0 1 0 0 38 0. 6571.9
66.69 34 WP_MOVED 3 506366. 3566262. 0.
66.84 34 ESTIMATOR 0. 0. 0. 0. 0.
66.84 34 GPS 0 50624961 356621065 0 80355 0 0 32748 12 0
66.84 34 NAVIGATION 0 1 0 0 38 0. 6571.9
66.84 34 ATTITUDE 0 0 -82
67.24 34 DESIRED 0. 0. 0. 0. 770. 0.
67.24 34 NAVIGATION 0 1 0 0 38 0. 6571.9
67.24 34 GPS 0 50624961 356621065 0 80355 0 0 33000 12 0
67.34 34 WP_MOVED 0 506408. 3566304. 800.
67.34 34 PPRZ_MODE 0 0 3 0 0 1 0
67.34 34 ESTIMATOR 0. 0. 0. 0. 0.
67.34 34 COMMANDS 174,10,-23,2520
67.34 34 NAVIGATION 0 1 0 0 38 0. 6571.9
67.34 34 GPS 0 50624961 356621065 0 80355 0 0 33248 12 0
67.34 34 ATTITUDE 0 0 -80
67.34 34 FBW_STATUS 0 0 123
67.34 3 DOWNLINK_STATUS 66 2638 176 0 0. 0.
67.34 34 DOWNLINK_STATUS 66 9683 615 0 428. 27.
67.43 34 RAD_OF_IR 10 0 0.00211
67.43 34 IR_SENSORS -954 10 1
67.75 34 NAVIGATION 0 1 0 0 38 0. 6571.9
67.75 34 GPS 0 50624961 356621065 0 80355 0 0 33500 12 0
67.75 34 WP_MOVED 1 506292.5 3566296.25 800.
67.75 34 GYRO_RATES -38 -15 4 0.331613 -0.1309 0.034907
67.84 34 ESTIMATOR 0. 0. 0. 0. 0.
67.84 34 BAT 175 123 0 0 35 0 0
67.84 34 NAVIGATION 0 1 0 0 38 0. 6571.9
67.84 34 ATTITUDE 1 0 -79
67.84 34 CALIBRATION 0. 0.023 0.067 0
67.84 34 GPS 0 50624961 356621065 0 80355 0 0 33748 12 0
67.84 34 SERVO 9600 -8160 175
68.25 34 DESIRED 0. 0. 0. 0. 770. 0.
68.25 34 IR_DEBUG 695 675 695 675
68.25 34 NAVIGATION 0 1 0 0 38 0. 6571.9
68.25 34 WP_MOVED 2 506379.59375 3566304.75 800.
68.25 34 GPS 0 50624961 356621065 0 80355 0 0 34000 12 0
68.34 34 ESTIMATOR 0. 0. 0. 0. 0.
68.34 34 COMMANDS 172,-4,-36,2494
68.34 34 NAVIGATION 0 1 0 0 38 0. 6571.9
68.34 34 ATTITUDE 0 0 -81
68.34 34 DL_VALUE 36 0.
68.34 34 GPS 0 50624961 356621065 0 80355 0 0 34248 12 0
68.34 34 FBW_STATUS 0 0 123
68.34 34 RAD_OF_IR 7 0 0.00211
68.34 3 DOWNLINK_STATUS 67 2638 176 0 0. 0.
68.34 34 DOWNLINK_STATUS 67 10097 641 0 414. 26.
68.41 34 IR_SENSORS -962 11 1
68.41 34 NAVIGATION 0 1 0 0 38 0. 6571.9
68.64 34 WP_MOVED 3 506366. 3566262. 0.
68.64 34 GYRO_RATES -44 -15 -2 0.383972 -0.1309 -0.017453
68.64 34 GPS 0 50624961 356621065 0 80355 0 0 34500 12 0
68.71 34 ESTIMATOR 0. 0. 0. 0. 0.
68.71 34 NAVIGATION 0 1 0 0 38 0. 6571.9
68.71 34 ATTITUDE 0 0 -83
68.80 34 GPS 0 50624961 356621065 0 80355 0 0 34748 12 0
68.91 34 DESIRED 0. 0. 0. 0. 770. 0.
68.94 34 NAVIGATION 0 1 0 0 38 0. 6571.9
69.24 34 WP_MOVED 0 506408. 3566304. 800.
69.24 34 GPS 0 50624961 356621065 0 80355 0 0 35000 12 0
69.24 34 ESTIMATOR 0. 0. 0. 0. 0.
69.24 34 COMMANDS 175,1,-55,2541
69.24 34 NAVIGATION 0 1 0 0 38 0. 6571.9
69.24 34 ATTITUDE 1 0 -82
69.24 34 DL_VALUE 37 0.1
69.24 34 RAD_OF_IR 10 0 0.00211
69.30 34 GPS 0 50624961 356621065 0 80355 0 0 35248 12 0
69.34 3 DOWNLINK_STATUS 68 2638 176 0 0. 0.
69.38 34 DOWNLINK_STATUS 68 10449 661 0 352. 20.
69.64 34 IR_SENSORS -946 7 1
69.64 34 NAVIGATION 0 1 0 0 38 0. 6571.9
69.64 34 WP_MOVED 1 506292.5 3566296.25 800.
69.64 34 GYRO_RATES -61 -23 8 0.532325 -0.200713 0.069813
69.74 34 ESTIMATOR 0. 0. 0. 0. 0.
69.74 34 BAT 156 123 0 0 37 0 0
69.74 34 GPS 0 50624961 356621065 0 80355 0 0 35500 12 0
69.74 34 NAVIGATION 0 1 0 0 38 0. 6571.9
69.74 34 ATTITUDE 0 0 -81
69.74 34 CALIBRATION 0. 0.023 0.067 0
69.74 34 SERVO 9600 -9600 159
70.25 34 GPS 0 50624961 356621065 0 80355 0 0 35748 12 0
70.25 34 DESIRED 0. 0. 0. 0. 770. 0.
70.25 34 IR_DEBUG 682 673 682 673
70.25 34 NAVIGATION 0 1 0 0 38 0. 6571.9
70.34 34 WP_MOVED 2 506379.59375 3566304.75 800.
70.34 34 ESTIMATOR 0. 0. 0. 0. 0.
70.34 34 GPS 0 50624961 356621065 0 80355 0 0 36000 12 0
70.34 34 COMMANDS 173,3,-31,2526
70.34 34 NAVIGATION 0 1 0 0 38 0. 6571.9
70.34 34 ATTITUDE 0 0 -80
70.34 34 DL_VALUE 38 0.
70.35 3 DOWNLINK_STATUS 69 2638 176 0 0. 0.
70.35 34 DOWNLINK_STATUS 69 10811 683 0 362. 22.
70.37 34 RAD_OF_IR 9 0 0.00211
70.37 34 IR_SENSORS -960 9 1
70.37 34 GPS 0 50624961 356621065 0 80355 0 0 36248 12 0
70.37 34 NAVIGATION 0 1 0 0 38 0. 6571.9
70.40 34 WP_MOVED 3 506366. 3566262. 0.
70.40 34 GYRO_RATES -51 -10 -5 0.445059 -0.087266 -0.043633
70.74 34 ESTIMATOR 0. 0. 0. 0. 0.
70.75 34 GPS 0 50624961 356621065 0 80355 0 0 36500 12 0
70.75 34 NAVIGATION 0 1 0 0 38 0. 6571.9
70.75 34 ATTITUDE 0 0 -82
71.14 34 DESIRED 0. 0. 0. 0. 770. 0.
71.14 34 NAVIGATION 0 1 0 0 38 0. 6571.9
71.14 34 GPS 0 50624961 356621065 0 80355 0 0 36748 12 0
71.24 34 WP_MOVED 0 506408. 3566304. 800.
71.24 34 ESTIMATOR 0. 0. 0. 0. 0.
71.24 34 COMMANDS 174,-4,-37,2522
71.24 34 NAVIGATION 0 1 0 0 38 0. 6571.9
71.24 34 ATTITUDE 0 0 -83
71.24 34 DL_VALUE 39 0.067
71.24 34 GPS 0 50624961 356621065 0 80355 0 0 37000 12 0
71.25 34 RAD_OF_IR 10 0 0.00211
71.25 34 ACTUATORS 1498,1500,0,1214,1631
71.25 34 IR_SENSORS -955 17 1
71.25 34 NAVIGATION 0 1 0 0 38 0. 6571.9
71.33 34 GPS 0 50624961 356621065 0 80355 0 0 37248 12 0
71.33 34 WP_MOVED 1 506292.5 3566296.25 800.
71.33 34 GYRO_RATES -67 -26 1 0.584685 -0.226893 0.008727
71.35 3 DOWNLINK_STATUS 70 2638 176 0 0. 0.
71.35 34 DOWNLINK_STATUS 70 11274 710 0 463. 27.
71.63 34 ESTIMATOR 0. 0. 0. 0. 0.
71.63 34 BAT 176 123 0 0 39 0 0
71.72 34 NAVIGATION 0 1 0 0 38 0. 6571.9
71.72 34 ATTITUDE 0 0 -83
71.72 34 CALIBRATION 0. 0.023 0.067 0
71.72 34 GPS 0 50624961 356621065 0 80355 0 0 37500 12 0
71.72 34 SERVO 9600 -9600 175
71.74 34 DESIRED 0. 0. 0. 0. 770. 0.
71.74 34 IR_DEBUG 683 674 683 674
71.74 34 NAVIGATION 0 1 0 0 38 0. 6571.9
71.81 34 WP_MOVED 2 506379.59375 3566304.75 800.
71.81 34 PPRZ_MODE 0 0 3 0 0 1 0
71.81 34 GPS 0 50624961 356621065 0 80355 0 0 37748 12 0
71.90 34 ESTIMATOR 0. 0. 0. 0. 0.
72.13 34 COMMANDS 174,-1,-33,2522
72.13 34 NAVIGATION 0 1 0 0 38 0. 6571.9
72.13 34 ATTITUDE -1 0 -80
72.13 34 DL_VALUE 40 1.
72.21 34 FBW_STATUS 0 0 123
72.21 34 GPS 0 50624961 356621065 0 80355 0 0 38000 12 0
72.21 34 RAD_OF_IR 11 0 0.00211
72.21 34 IR_SENSORS -956 9 1
72.35 3 DOWNLINK_STATUS 71 2638 176 0 0. 0.
72.35 34 DOWNLINK_STATUS 71 11607 732 0 333. 22.
72.37 34 NAVIGATION 0 1 0 0 38 0. 6571.9
72.37 34 WP_MOVED 3 506366. 3566262. 0.
72.37 34 GYRO_RATES -52 -19 1 0.453786 -0.165806 0.008727
72.37 34 GPS 0 50624961 356621065 0 80355 0 0 38248 12 0
72.37 34 ESTIMATOR 0. 0. 0. 0. 0.
72.62 34 NAVIGATION 0 1 0 0 38 0. 6571.9
72.62 34 ATTITUDE 0 0 -81
72.72 34 GPS 0 50624961 356621065 0 80355 0 0 38500 12 0
72.72 34 DESIRED 0. 0. 0. 0. 770. 0.
72.72 34 NAVIGATION 0 1 0 0 38 0. 6571.9
72.72 34 WP_MOVED 0 506408. 3566304. 800.
72.81 34 GPS 0 50624961 356621065 0 80355 0 0 38748 12 0
72.81 34 ESTIMATOR 0. 0. 0. 0. 0.
72.91 34 COMMANDS 173,0,-33,2522
72.95 34 NAVIGATION 0 1 0 0 38 0. 6571.9
72.95 34 ATTITUDE 0 0 -83
72.95 34 DL_VALUE 41 0.
73.12 34 FBW_STATUS 0 0 123
73.35 3 DOWNLINK_STATUS 72 2638 176 0 0. 0.
73.35 34 DOWNLINK_STATUS 72 11919 750 0 312. 18.
73.56 34 SVINFO 8 10 0 3 31 -9 0
73.56 34 NAVIGATION 0 1 0 0 38 0. 6571.9
73.56 34 WP_MOVED 1 506292.5 3566296.25 800.
73.56 34 GYRO_RATES -53 -14 2 0.462512 -0.122173 0.017453
73.95 34 GPS 0 50624961 356621065 0 80355 0 0 39748 12 0
73.99 34 SVINFO 9 31 0 3 33 -9 0
73.99 34 COMMANDS 173,1,-29,2522
73.99 34 NAVIGATION 0 1 0 0 38 0. 6571.9
73.99 34 ATTITUDE 0 0 -82
73.99 34 DL_VALUE 0 770.
73.99 34 FBW_STATUS 0 0 123
74.00 34 RAD_OF_IR 9 0 0.00211
74.12 34 IR_SENSORS -954 8 1
74.12 34 GPS 0 50624961 356621065 0 80355 0 0 40000 12 0
74.12 34 NAVIGATION 0 1 0 0 38 0. 6571.9
74.35 3 DOWNLINK_STATUS 73 2638 176 0 0. 0.
74.35 34 DOWNLINK_STATUS 73 12131 765 0 212. 15.
74.46 34 WP_MOVED 3 506366. 3566262. 0.
74.46 34 GYRO_RATES 44 -34 -25 -0.383972 -0.296706 -0.218166
74.46 34 ESTIMATOR 0. 0. 0. 0. 0.
74.46 34 GPS 0 50624961 356621065 0 80355 0 0 40248 12 0
74.46 34 SVINFO 11 23 0 3 31 -9 0
74.46 34 NAVIGATION 0 1 0 0 38 0. 6571.9
74.63 34 DESIRED 0. 0. 0. 0. 770. 0.
74.63 34 GPS 0 50624961 356621065 0 80355 0 0 40500 12 0
74.63 34 SVINFO 12 3 0 3 31 -9 0
74.63 34 NAVIGATION 0 1 0 0 38 0. 6571.9
74.63 34 WP_MOVED 0 506408. 3566304. 800.
74.70 34 ESTIMATOR 0. 0. 0. 0. 0.
74.95 34 COMMANDS 176,-6,-33,2518
74.95 34 NAVIGATION 0 1 0 0 38 0. 6571.9
74.95 34 GPS 0 50624961 356621065 0 80355 0 0 40748 12 0
74.95 34 SVINFO 13 29 0 3 29 -9 0
74.95 34 ATTITUDE 0 0 -82
74.95 34 DL_VALUE 1 1.
74.95 34 FBW_STATUS 0 0 123
75.00 34 RAD_OF_IR 4 0 0.00211
75.00 34 IR_SENSORS -954 12 1
75.13 34 NAVIGATION 0 1 0 0 38 0. 6571.9
75.13 34 GPS 0 50624961 356621065 0 80355 0 0 41000 12 0
75.13 34 WP_MOVED 1 506292.5 3566296.25 800.
75.13 34 GYRO_RATES -77 -18 11 0.671952 -0.15708 0.095993
75.35 3 DOWNLINK_STATUS 74 2638 176 0 0. 0.
75.35 34 DOWNLINK_STATUS 74 12545 790 0 414. 25.
75.46 34 ESTIMATOR 0. 0. 0. 0. 0.
75.46 34 BAT 170 123 0 0 43 0 0
75.46 34 NAVIGATION 0 1 0 0 38 0. 6571.9
75.46 34 ATTITUDE 0 0 -83
75.46 34 CALIBRATION 0. 0.023 0.067 0
75.46 34 GPS 0 50624961 356621065 0 80355 0 0 41248 12 0
75.46 34 SERVO 9600 -9600 164
75.63 34 DESIRED 0. 0. 0. 0. 770. 0.
75.63 34 IR_DEBUG 692 680 692 680
75.63 34 NAVIGATION 0 1 0 0 38 0. 6571.9
75.63 34 GPS 0 50624961 356621065 0 80355 0 0 41500 12 0
75.63 34 WP_MOVED 2 506379.59375 3566304.75 800.
75.63 34 ESTIMATOR 0. 0. 0. 0. 0.
75.72 34 COMMANDS 174,-3,-33,2519
75.72 34 NAVIGATION 0 1 0 0 38 0. 6571.9
75.72 34 ATTITUDE 0 0 -82
75.72 34 DL_VALUE 2 0.
75.93 34 GPS 0 50624961 356621065 0 80355 0 0 41748 12 0
75.93 34 FBW_STATUS 0 0 123
75.93 34 RAD_OF_IR 7 0 0.00211
76.01 34 ACTUATORS 1499,1501,0,1214,1631
76.01 34 IR_SENSORS -951 7 1
76.01 34 NAVIGATION 0 1 0 0 38 0. 6571.9
76.12 34 WP_MOVED 3 506366. 3566262. 0.
76.12 34 GYRO_RATES -80 -16 14 0.698132 -0.139626 0.122173
76.12 34 GPS 0 50624961 356621065 0 80355 0 0 42000 12 0
76.12 34 SVINFO 2 17 0 3 29 -9 0
76.13 34 ESTIMATOR 0. 0. 0. 0. 0.
76.20 34 NAVIGATION 0 1 0 0 38 0. 6571.9
76.20 34 ATTITUDE 0 0 -80
76.35 3 DOWNLINK_STATUS 75 2638 176 0 0. 0.
76.35 34 DOWNLINK_STATUS 75 13020 820 0 475. 30.
76.42 34 GPS 0 50624961 356621065 0 80355 0 0 42248 12 0
76.64 34 DESIRED 0. 0. 0. 0. 770. 0.
76.64 34 NAVIGATION 0 1 0 0 38 0. 6571.9
76.64 34 WP_MOVED 0 506408. 3566304. 800.
76.64 34 PPRZ_MODE 0 0 3 0 0 1 0
76.64 34 GPS 0 50624961 356621065 0 80355 0 0 42500 12 0
76.64 34 SVINFO 4 27 0 3 28 -9 0
76.72 34 COMMANDS 175,0,-28,2528
76.72 34 NAVIGATION 0 1 0 0 38 0. 6571.9
76.72 34 ATTITUDE 0 0 -80
76.72 34 DL_VALUE 3 0.
76.72 34 FBW_STATUS 0 0 123
76.94 34 RAD_OF_IR 9 0 0.00211
76.94 34 NAVIGATION_REF 506366 3566262 12
76.94 34 GPS 0 50624961 356621065 0 80355 0 0 42748 12 0
76.94 34 IR_SENSORS -961 7 1
77.01 34 NAVIGATION 0 1 0 0 38 0. 6571.9
77.01 34 WP_MOVED 1 506292.5 3566296.25 800.
77.01 34 GYRO_RATES -58 -15 12 0.506145 -0.1309 0.10472
77.16 34 ESTIMATOR 0. 0. 0. 0. 0.
77.16 34 BAT 175 123 0 0 45 0 0
77.16 34 GPS 0 50624961 356621065 0 80355 0 0 43000 12 0
77.16 34 SVINFO 6 30 0 3 30 -9 0
77.16 34 NAVIGATION 0 1 0 0 38 0. 6571.9
77.16 34 ATTITUDE 0 0 -81
77.16 34 CALIBRATION 0. 0.023 0.067 0
77.19 34 SERVO 9600 -9600 174
77.35 3 DOWNLINK_STATUS 76 2638 176 0 0. 0.
77.35 34 DOWNLINK_STATUS 76 13432 847 0 412. 27.
77.45 34 GPS 0 50624961 356621065 0 80355 0 0 43248 12 0
77.45 34 SVINFO 7 8 0 3 24 -9 0
77.45 34 DESIRED 0. 0. 0. 0. 770. 0.
77.45 34 IR_DEBUG 690 667 690 667
77.45 34 NAVIGATION 0 1 0 0 38 0. 6571.9
77.49 34 WP_MOVED 2 506379.59375 3566304.75 800.
77.54 34 ESTIMATOR 0. 0. 0. 0. 0.
77.54 34 GPS 0 50624961 356621065 0 80355 0 0 43500 12 0
77.54 34 SVINFO 8 10 0 3 28 -9 0
77.61 34 COMMANDS 175,-1,-31,2520
77.61 34 NAVIGATION 0 1 0 0 38 0. 6571.9
77.61 34 ATTITUDE 0 0 -83
77.61 34 DL_VALUE 4 0.
77.95 34 FBW_STATUS 0 0 123
77.95 34 RAD_OF_IR 9 0 0.00211
77.95 34 GPS 0 50624961 356621065 0 80355 0 0 43748 12 0
77.95 34 SVINFO 9 31 0 3 29 -9 0
77.95 34 IR_SENSORS -961 9 1
77.95 34 NAVIGATION 0 1 0 0 38 0. 6571.9
78.14 34 WP_MOVED 3 506366. 3566262. 0.
78.14 34 GYRO_RATES -74 -20 4 0.645772 -0.174533 0.034907
78.14 34 ESTIMATOR 0. 0. 0. 0. 0.
78.14 34 GPS 0 50624961 356621065 0 80355 0 0 44000 12 0
78.14 34 NAVIGATION 0 1 0 0 38 0. 6571.9
78.14 34 ATTITUDE 1 0 -79
78.35 3 DOWNLINK_STATUS 77 2638 176 0 0. 0.
78.35 34 DOWNLINK_STATUS 77 13829 872 0 397. 25.
78.77 34 ESTIMATOR 0. 0. 0. 0. 0.
78.77 34 COMMANDS 174,-1,-33,2531
78.77 34 NAVIGATION 0 1 0 0 38 0. 6571.9
78.77 34 ATTITUDE 1 0 -80
78.77 34 DL_VALUE 5 0.
78.77 34 GPS 0 50624961 356621065 0 80355 0 0 44500 12 0
78.77 34 SVINFO 12 3 0 3 27 -9 0
78.77 34 FBW_STATUS 0 0 123
78.84 34 IR_SENSORS -947 16 1
78.84 34 NAVIGATION 0 1 0 0 38 0. 6571.9
78.84 34 GPS 0 50624961 356621065 0 80355 0 0 44748 12 0
78.84 34 WP_MOVED 1 506292.5 3566296.25 800.
78.84 34 GYRO_RATES -67 -21 5 0.584685 -0.18326 0.043633
79.02 34 ESTIMATOR 0. 0. 0. 0. 0.
79.03 34 BAT 197 123 0 0 47 0 0
79.03 34 NAVIGATION 0 1 0 0 38 0. 6571.9
79.03 34 ATTITUDE -1 0 -82
79.03 34 CALIBRATION 0. 0.023 0.067 0
79.35 3 DOWNLINK_STATUS 78 2638 176 0 0. 0.
79.35 34 DOWNLINK_STATUS 78 14102 890 0 273. 18.
79.67 34 RAD_OF_IR 8 0 0.00211
79.67 34 IR_SENSORS -959 10 1
79.67 34 SERVO 9600 -9600 198
79.67 34 DESIRED 0. 0. 0. 0. 770. 0.
79.67 34 IR_DEBUG 672 645 672 645
79.67 34 NAVIGATION 0 1 0 0 38 0. 6571.9
79.67 34 WP_MOVED 2 506379.59375 3566304.75 800.
79.74 34 ESTIMATOR 0. 0. 0. 0. 0.
79.74 34 COMMANDS 173,-3,-40,2520
79.74 34 NAVIGATION 0 1 0 0 38 0. 6571.9
79.74 34 ATTITUDE 0 0 -83
79.74 34 DL_VALUE 6 0.
79.74 34 GPS 0 50624961 356621065 0 80355 0 0 45500 12 0
79.86 34 RAD_OF_IR 8 0 0.00211
79.86 34 IR_SENSORS -959 10 1
79.86 34 NAVIGATION 0 1 0 0 38 0. 6571.9
79.86 34 WP_MOVED 3 506366. 3566262. 0.
79.86 34 GYRO_RATES -52 -30 1 0.453786 -0.261799 0.008727
79.86 34 GPS 0 50624961 356621065 0 80355 0 0 45748 12 0
80.13 34 NAVIGATION 0 1 0 0 38 0. 6571.9
80.13 34 ATTITUDE 0 0 -81
80.22 34 GPS 0 50624961 356621065 0 80355 0 0 46000 12 0
80.22 34 DESIRED 0. 0. 0. 0. 770. 0.
80.22 34 NAVIGATION 0 1 0 0 38 0. 6571.9
80.35 3 DOWNLINK_STATUS 79 2638 176 0 0. 0.
80.35 34 DOWNLINK_STATUS 79 14485 914 0 383. 24.
80.54 34 WP_MOVED 0 506408. 3566304. 800.
80.54 34 GPS 0 50624961 356621065 0 80355 0 0 46248 12 0
80.54 34 ESTIMATOR 0. 0. 0. 0. 0.
80.64 34 COMMANDS 173,7,-58,2544
80.64 34 NAVIGATION 0 1 0 0 38 0. 6571.9
80.64 34 ATTITUDE 1 0 -80
80.64 34 DL_VALUE 7 0.
80.64 34 FBW_STATUS 0 0 123
80.64 34 RAD_OF_IR 9 0 0.00211
80.64 34 GPS 0 50624961 356621065 0 80355 0 0 46500 12 0
80.64 34 ACTUATORS 1498,1502,0,1214,1632
80.64 34 IR_SENSORS -961 9 1
80.70 34 WP_MOVED 1 506292.5 3566296.25 800.
80.70 34 GYRO_RATES -49 -24 2 0.427606 -0.20944 0.017453
80.83 34 GPS 0 50624961 356621065 0 80355 0 0 46748 12 0
80.84 34 ESTIMATOR 0. 0. 0. 0. 0.
80.84 34 BAT 181 123 0 0 49 0 0
81.03 34 NAVIGATION 0 1 0 0 38 0. 6571.9
81.03 34 ATTITUDE 0 0 -81
81.03 34 CALIBRATION 0. 0.023 0.067 0
81.35 3 DOWNLINK_STATUS 80 2638 176 0 0. 0.
81.35 34 DOWNLINK_STATUS 80 14795 934 0 310. 20.
81.45 34 SERVO 9600 -9600 186
81.45 34 GPS 0 50624961 356621065 0 80355 0 0 47000 12 0
81.45 34 DESIRED 0. 0. 0. 0. 770. 0.
81.45 34 IR_DEBUG 693 679 693 679
81.45 34 NAVIGATION 0 1 0 0 38 0. 6571.9
81.54 34 WP_MOVED 2 506379.59375 3566304.75 800.
81.54 34 PPRZ_MODE 0 0 3 0 0 1 0
81.54 34 ESTIMATOR 0. 0. 0. 0. 0.
81.54 34 GPS 0 50624961 356621065 0 80355 0 0 47248 12 0
81.54 34 COMMANDS 168,-1,-42,2523
81.54 34 NAVIGATION 0 1 0 0 38 0. 6571.9
81.54 34 ATTITUDE 0 0 -82
81.62 34 FBW_STATUS 0 0 123
81.62 34 RAD_OF_IR 7 0 0.00211
81.62 34 IR_SENSORS -959 7 1
81.62 34 GPS 0 50624961 356621065 0 80355 0 0 47500 12 0
81.62 34 NAVIGATION 0 1 0 0 38 0. 6571.9
81.96 34 WP_MOVED 3 506366. 3566262. 0.
81.96 34 GYRO_RATES -49 -18 0 0.427606 -0.15708 0.
81.96 34 ESTIMATOR 0. 0. 0. 0. 0.
81.96 34 GPS 0 50624961 356621065 0 80355 0 0 47748 12 0
81.96 34 NAVIGATION 0 1 0 0 38 0. 6571.9
81.96 34 ATTITUDE 1 0 -83
82.24 34 DESIRED 0. 0. 0. 0. 770. 0.
82.24 34 NAVIGATION 0 1 0 0 38 0. 6571.9
82.24 34 GPS 0 50624961 356621065 0 80355 0 0 48000 12 0
82.35 3 DOWNLINK_STATUS 81 2638 176 0 0. 0.
82.35 34 DOWNLINK_STATUS 81 15243 960 0 448. 26.
82.57 34 WP_MOVED 0 506408. 3566304. 800.
82.57 34 ESTIMATOR 0. 0. 0. 0. 0.
82.57 34 COMMANDS 166,-10,-52,2418
82.57 34 NAVIGATION 0 1 0 0 38 0. 6571.9
82.57 34 GPS 0 50624961 356621065 0 80355 0 0 48248 12 0
82.57 34 ATTITUDE 0 0 -81
82.57 34 DL_VALUE 9 -61.099998
82.84 34 RAD_OF_IR 5 0 0.00211
82.88 34 IR_SENSORS -952 6 1
82.88 34 NAVIGATION 0 1 0 0 38 0. 6571.9
82.88 34 GPS 0 50624961 356621065 0 80355 0 0 48500 12 0
82.88 34 WP_MOVED 1 506292.5 3566296.25 800.
82.88 34 GYRO_RATES -47 -18 1 0.410152 -0.15708 0.008727
83.17 34 BAT 176 123 0 0 51 0 0
83.17 34 NAVIGATION 0 1 0 0 38 0. 6571.9
83.17 34 ATTITUDE 0 0 -81
83.17 34 CALIBRATION 0. 0.023 0.067 0
83.17 34 GPS 0 50624961 356621065 0 80355 0 0 48748 12 0
83.17 34 SERVO 9600 -9600 176
83.34 3 DOWNLINK_STATUS 82 2638 176 0 0. 0.
83.35 34 DOWNLINK_STATUS 82 15539 979 0 296. 19.
83.37 34 IR_DEBUG 693 677 693 677
83.37 34 NAVIGATION 0 1 0 0 38 0. 6571.9
83.37 34 WP_MOVED 2 506379.59375 3566304.75 800.
83.37 34 GPS 0 50624961 356621065 0 80355 0 0 49000 12 0
83.37 34 ESTIMATOR 0. 0. 0. 0. 0.
83.43 34 COMMANDS 166,-1,-47,2518
83.43 34 NAVIGATION 0 1 0 0 38 0. 6571.9
83.43 34 ATTITUDE 0 0 -81
83.43 34 DL_VALUE 10 0.
83.43 34 GPS 0 50624961 356621065 0 80355 0 0 49248 12 0
83.43 34 FBW_STATUS 0 0 123
83.43 34 RAD_OF_IR 7 0 0.00211
83.43 34 IR_SENSORS -958 9 1
83.43 34 NAVIGATION 0 1 0 0 38 0. 6571.9
83.64 34 WP_MOVED 3 506366. 3566262. 0.
83.64 34 GYRO_RATES -47 -17 3 0.410152 -0.148353 0.02618
83.64 34 GPS 0 50624961 356621065 0 80355 0 0 49500 12 0
83.83 34 ESTIMATOR 0. 0. 0. 0. 0.
83.84 34 NAVIGATION 0 1 0 0 38 0. 6571.9
83.84 34 ATTITUDE 0 0 -83
83.84 34 GPS 0 50624961 356621065 0 80355 0 0 49748 12 0
84.14 34 DESIRED 0. 0. 0. 0. 770. 0.
84.14 34 NAVIGATION 0 1 0 0 38 0. 6571.9
84.14 34 WP_MOVED 0 506408. 3566304. 800.
84.23 34 GPS 0 50624961 356621065 0 80355 0 0 50000 12 0
84.23 34 ESTIMATOR 0. 0. 0. 0. 0.
84.23 34 COMMANDS 172,-14,-37,2477
84.23 34 NAVIGATION 0 1 0 0 38 0. 6571.9
84.23 34 ATTITUDE 0 0 -80
84.23 34 DL_VALUE 11 1.
84.23 34 FBW_STATUS 0 0 123
84.23 34 RAD_OF_IR 7 0 0.00211
84.31 34 GPS 0 50624961 356621065 0 80355 0 0 50248 12 0
84.31 34 IR_SENSORS -942 4 1
84.34 3 DOWNLINK_STATUS 83 2638 176 0 0. 0.
84.38 34 DOWNLINK_STATUS 83 16082 1013 0 543. 34.
84.77 34 NAVIGATION 0 1 0 0 38 0. 6571.9
84.77 34 WP_MOVED 1 506292.5 3566296.25 800.
84.77 34 GYRO_RATES -40 -8 11 0.349066 -0.069813 0.095993
84.77 34 GPS 0 50624961 356621065 0 80355 0 0 50500 12 0
84.77 34 ESTIMATOR 0. 0. 0. 0. 0.
84.77 34 BAT 174 123 0 0 53 0 0
85.07 34 NAVIGATION 0 1 0 0 38 0. 6571.9
85.07 34 ATTITUDE 0 0 -81
85.07 34 CALIBRATION 0. 0.023 0.067 0
85.07 34 SERVO 9600 -9600 175
85.07 34 GPS 0 50624961 356621065 0 80355 0 0 50748 12 0
85.07 34 DESIRED 0. 0. 0. 0. 770. 0.
85.07 34 IR_DEBUG 702 685 702 685
85.24 34 WP_MOVED 2 506379.59375 3566304.75 800.
85.28 34 ESTIMATOR 0. 0. 0. 0. 0.
85.28 34 GPS 0 50624961 356621065 0 80355 0 0 51000 12 0
85.28 34 COMMANDS 158,-10,-67,2518
85.28 34 NAVIGATION 0 1 0 0 38 0. 6571.9
85.34 3 DOWNLINK_STATUS 84 2638 176 0 0. 0.
85.38 34 DOWNLINK_STATUS 84 16403 1031 0 321. 18.
85.57 34 DL_VALUE 12 0.
85.57 34 FBW_STATUS 0 0 123
85.57 34 RAD_OF_IR 7 0 0.00211
85.57 34 NAVIGATION_REF 506366 3566262 12
85.57 34 GPS 0 50624961 356621065 0 80355 0 0 51248 12 0
85.57 34 SVINFO 7 8 0 3 32 -9 0
85.57 34 ACTUATORS 1498,1502,0,1214,1632
85.57 34 IR_SENSORS -963 6 1
85.64 34 WP_MOVED 3 506366. 3566262. 0.
85.68 34 GYRO_RATES -52 12 -17 0.453786 0.10472 -0.148353
85.68 34 ESTIMATOR 0. 0. 0. 0. 0.
85.68 34 GPS 0 50624961 356621065 0 80355 0 0 51500 12 0
85.68 34 NAVIGATION 0 1 0 0 38 0. 6571.9
85.68 34 ATTITUDE 0 0 -84
85.87 34 DESIRED 0. 0. 0. 0. 770. 0.
85.87 34 GPS 0 50624961 356621065 0 80355 0 0 51748 12 0
85.87 34 SVINFO 9 31 0 3 33 -9 0
85.87 34 NAVIGATION 0 1 0 0 38 0. 6571.9
85.87 34 WP_MOVED 0 506408. 3566304. 800.
85.87 34 PPRZ_MODE 0 0 3 0 0 1 0
86.02 34 ESTIMATOR 0. 0. 0. 0. 0.
86.13 34 COMMANDS 176,-14,-33,2506
86.13 34 NAVIGATION 0 1 0 0 38 0. 6571.9
86.13 34 GPS 0 50624961 356621065 0 80355 0 0 52000 12 0
86.14 34 SVINFO 10 32 0 3 34 -9 0
86.14 34 ATTITUDE 0 0 -82
86.14 34 DL_VALUE 13 517.
86.14 34 FBW_STATUS 0 0 123
86.14 34 RAD_OF_IR 6 0 0.00211
86.19 34 IR_SENSORS -949 10 1
86.34 34 NAVIGATION 0 1 0 0 38 0. 6571.9
86.34 34 GPS 0 50624961 356621065 0 80355 0 0 52248 12 0
86.34 34 SVINFO 11 23 0 3 34 -9 0
86.34 34 WP_MOVED 1 506292.5 3566296.25 800.
86.34 34 GYRO_RATES -49 -20 -2 0.427606 -0.174533 -0.017453
86.35 3 DOWNLINK_STATUS 85 2638 176 0 0. 0.
86.35 34 DOWNLINK_STATUS 85 16925 1066 0 522. 35.
86.53 34 ESTIMATOR 0. 0. 0. 0. 0.
86.53 34 BAT 173 123 0 0 55 0 0
86.97 34 NAVIGATION 0 1 0 0 38 0. 6571.9
86.97 34 ATTITUDE 0 0 -81
86.97 34 CALIBRATION 0. 0.023 0.067 0
86.97 34 GPS 0 50624961 356621065 0 80355 0 0 52500 12 0
86.97 34 SVINFO 12 6 0 3 33 -9 0
86.97 34 SERVO 9600 -7597 174
86.97 34 DESIRED 0. 0. 0. 0. 770. 0.
87.04 34 NAVIGATION 0 1 0 0 38 0. 6571.9
87.04 34 GPS 0 50624961 356621065 0 80355 0 0 52748 12 0
87.04 34 WP_MOVED 2 506379.59375 3566304.75 800.
87.04 34 ESTIMATOR 0. 0. 0. 0. 0.
87.04 34 COMMANDS 177,-4,-34,2513
87.23 34 ATTITUDE 0 0 -82
87.23 34 DL_VALUE 14 482.
87.23 34 GPS 0 50624961 356621065 0 80355 0 0 53000 12 0
87.23 34 FBW_STATUS 0 0 123
87.23 34 RAD_OF_IR 9 0 0.00211
87.23 34 IR_SENSORS -966 4 1
87.23 34 NAVIGATION 0 1 0 0 38 0. 6571.9
87.35 3 DOWNLINK_STATUS 86 2638 176 0 0. 0.
87.35 34 DOWNLINK_STATUS 86 17249 1087 0 324. 21.
87.45 34 WP_MOVED 3 506366. 3566262. 0.
87.45 34 GYRO_RATES -23 -15 -24 0.200713 -0.1309 -0.20944
87.45 34 GPS 0 50624961 356621065 0 80355 0 0 53248 12 0
87.45 34 ESTIMATOR 0. 0. 0. 0. 0.
87.62 34 NAVIGATION 0 1 0 0 38 0. 6571.9
87.62 34 ATTITUDE 1 0 -79
87.62 34 GPS 0 50624961 356621065 0 80355 0 0 53500 12 0
87.62 34 SVINFO 0 1 16 3 23 -9 0
87.64 34 DESIRED 0. 0. 0. 0. 770. 0.
87.64 34 NAVIGATION 0 1 0 0 38 0. 6571.9
87.70 34 WP_MOVED 0 506408. 3566304. 800.
87.93 34 GPS 0 50624961 356621065 0 80355 0 0 53748 12 0
87.94 34 ESTIMATOR 0. 0. 0. 0. 0.
88.02 34 COMMANDS 191,35,-33,2490
88.02 34 NAVIGATION 0 1 0 0 38 0. 6571.9
88.02 34 ATTITUDE -1 0 -83
88.02 34 DL_VALUE 15 455.
88.02 34 FBW_STATUS 0 0 123
88.04 34 RAD_OF_IR 8 0 0.00211
88.04 34 GPS 0 50624961 356621065 0 80355 0 0 54000 12 0
88.11 34 IR_SENSORS -963 7 1
88.11 34 NAVIGATION 0 1 0 0 38 0. 6571.9
88.21 34 WP_MOVED 1 506292.5 3566296.25 800.
88.21 34 GYRO_RATES 10 -5 -27 -0.087266 -0.043633 -0.235619
88.34 3 DOWNLINK_STATUS 87 2638 176 0 0. 0.
88.34 34 DOWNLINK_STATUS 87 17651 1111 0 402. 24.
89.34 3 DOWNLINK_STATUS 88 2638 176 0 0. 0.
89.35 34 DOWNLINK_STATUS 88 17651 1111 0 0. 0.
89.82 34 WP_MOVED 0 506408. 3566304. 800.
89.82 34 ESTIMATOR 0. 0. 0. 0. 0.
89.82 34 COMMANDS 176,32,-31,2515
89.82 34 NAVIGATION 0 1 0 0 38 0. 6571.9
89.82 34 GPS 0 50624961 356621065 0 80355 0 0 55748 12 0
89.82 34 ATTITUDE 0 0 -82
90.34 3 DOWNLINK_STATUS 89 2638 176 0 0. 0.
90.38 34 DOWNLINK_STATUS 89 17752 1117 0 101. 6.
90.52 34 IR_DEBUG 689 679 689 679
90.52 34 NAVIGATION 0 1 0 0 38 0. 6571.9
90.52 34 WP_MOVED 1 506292.5 3566296.25 800.
90.52 34 GYRO_RATES -52 -3 -5 0.453786 -0.02618 -0.043633
91.00 34 NAVIGATION 0 1 0 0 38 0. 6571.9
91.00 34 ATTITUDE 0 0 -81
91.00 34 DL_VALUE 18 10000.
91.00 34 GPS 0 50624961 356621065 0 80355 0 0 56748 12 0
91.00 34 FBW_STATUS 0 0 123
91.35 3 DOWNLINK_STATUS 90 2638 176 0 0. 0.
91.35 34 DOWNLINK_STATUS 90 17880 1126 0 128. 9.
91.72 34 NAVIGATION 0 1 0 0 38 0. 6571.9
91.72 34 ATTITUDE 0 0 -82
91.72 34 GPS 0 50624961 356621065 0 80355 0 0 57248 12 0
91.72 34 DESIRED 0. 0. 0. 0. 770. 0.
91.72 34 NAVIGATION 0 1 0 0 38 0. 6571.9
91.79 34 GPS 0 50624961 356621065 0 80355 0 0 57500 12 0
91.79 34 ESTIMATOR 0. 0. 0. 0. 0.
91.79 34 COMMANDS 176,7,-23,2516
91.79 34 NAVIGATION 0 1 0 0 38 0. 6571.9
91.79 34 ATTITUDE 0 0 -81
91.79 34 DL_VALUE 19 3000.
91.79 34 FBW_STATUS 0 0 123
92.19 34 RAD_OF_IR 8 0 0.00211
92.23 34 GPS 0 50624961 356621065 0 80355 0 0 57748 12 0
92.23 34 IR_SENSORS -955 7 1
92.23 34 NAVIGATION 0 1 0 0 38 0. 6571.9
92.23 34 WP_MOVED 1 506292.5 3566296.25 800.
92.23 34 GYRO_RATES -31 -2 13 0.270526 -0.017453 0.113446
92.23 34 BAT 170 123 0 0 61 0 0
92.23 34 GPS 0 50624961 356621065 0 80355 0 0 58000 12 0
92.23 34 NAVIGATION 0 1 0 0 38 0. 6571.9
92.23 34 ATTITUDE 0 0 -81
92.23 34 CALIBRATION 0. 0.023 0.067 0
92.23 34 SERVO 9600 -8160 172
92.34 3 DOWNLINK_STATUS 91 2638 176 0 0. 0.
92.34 34 DOWNLINK_STATUS 91 18263 1150 0 383. 24.
92.39 34 GPS 0 50624961 356621065 0 80355 0 0 58248 12 0
92.39 34 SVINFO 3 12 0 3 24 -9 0
92.39 34 DESIRED 0. 0. 0. 0. 770. 0.
92.39 34 IR_DEBUG 688 677 688 677
92.39 34 NAVIGATION 0 1 0 0 38 0. 6571.9
92.39 34 WP_MOVED 2 506379.59375 3566304.75 800.
92.58 34 ESTIMATOR 0. 0. 0. 0. 0.
92.68 34 GPS 0 50624961 356621065 0 80355 0 0 58500 12 0
92.71 34 COMMANDS 164,10,-20,2538
92.71 34 NAVIGATION 0 1 0 0 38 0. 6571.9
92.71 34 ATTITUDE 0 0 -81
92.71 34 DL_VALUE 20 20000.
92.88 34 FBW_STATUS 0 0 123
92.88 34 RAD_OF_IR 9 0 0.00211
92.88 34 IR_SENSORS -961 7 1
92.88 34 GPS 0 50624961 356621065 0 80355 0 0 58748 12 0
92.88 34 NAVIGATION 0 1 0 0 38 0. 6571.9
92.89 34 WP_MOVED 3 506366. 3566262. 0.
92.89 34 GYRO_RATES -54 -4 21 0.471239 -0.034907 0.18326
93.08 34 ESTIMATOR 0. 0. 0. 0. 0.
93.08 34 GPS 0 50624961 356621065 0 80355 0 0 59000 12 0
93.08 34 NAVIGATION 0 1 0 0 38 0. 6571.9
93.08 34 ATTITUDE -1 0 -84
93.30 34 DESIRED 0. 0. 0. 0. 770. 0.
93.33 34 GPS 0 50624961 356621065 0 80355 0 0 59248 12 0
93.33 34 NAVIGATION 0 1 0 0 38 0. 6571.9
93.38 3 DOWNLINK_STATUS 92 2638 176 0 0. 0.
93.38 34 DOWNLINK_STATUS 92 18711 1176 0 448. 26.
93.47 34 WP_MOVED 0 506408. 3566304. 800.
93.59 34 ESTIMATOR 0. 0. 0. 0. 0.
93.59 34 COMMANDS 162,44,12,2555
93.59 34 NAVIGATION 0 1 0 0 38 0. 6571.9
93.59 34 ATTITUDE 0 0 -83
93.59 34 DL_VALUE 21 17500.
93.59 34 GPS 0 50624961 356621065 0 80355 0 0 59500 12 0
94.13 34 FBW_STATUS 0 0 123
94.17 34 RAD_OF_IR 7 0 0.00211
94.17 34 NAVIGATION_REF 506366 3566262 12
94.17 34 IR_SENSORS -958 6 1
94.17 34 NAVIGATION 0 1 0 0 38 0. 6571.9
94.17 34 GPS 0 50624961 356621065 0 80355 0 0 59748 12 0
94.17 34 WP_MOVED 1 506292.5 3566296.25 800.
94.20 34 ESTIMATOR 0. 0. 0. 0. 0.
94.20 34 BAT 172 123 0 0 63 0 0
94.20 34 NAVIGATION 0 1 0 0 38 0. 6571.9
94.20 34 ATTITUDE 0 0 -82
94.20 34 CALIBRATION 0. 0.023 0.067 0
94.20 34 GPS 0 50624961 356621065 0 80355 0 0 60000 12 0
94.20 34 SERVO 9600 -9600 180
94.27 34 DESIRED 0. 0. 0. 0. 770. 0.
94.27 34 IR_DEBUG 689 679 689 679
94.27 34 NAVIGATION 0 1 0 0 38 0. 6571.9
94.29 34 WP_MOVED 2 506379.59375 3566304.75 800.
94.29 34 GPS 0 50624961 356621065 0 80355 0 0 60248 12 0
94.35 3 DOWNLINK_STATUS 93 2638 176 0 0. 0.
94.35 34 DOWNLINK_STATUS 93 19121 1202 0 410. 26.
94.36 34 ESTIMATOR 0. 0. 0. 0. 0.
94.69 34 COMMANDS 169,9,-47,2528
94.69 34 NAVIGATION 0 1 0 0 38 0. 6571.9
94.69 34 ATTITUDE 0 0 -81
94.69 34 DL_VALUE 22 20000.
94.70 34 GPS 0 50624961 356621065 0 80355 0 0 60500 12 0
94.70 34 SVINFO 12 6 0 3 27 -9 0
94.70 34 FBW_STATUS 0 0 123
94.70 34 RAD_OF_IR 7 0 0.00211
94.79 34 ACTUATORS 1500,1501,0,1214,1631
94.79 34 IR_SENSORS -958 7 1
94.79 34 NAVIGATION 0 1 0 0 38 0. 6571.9
94.87 34 WP_MOVED 3 506366. 3566262. 0.
94.87 34 GYRO_RATES -33 -32 7 0.287979 -0.279253 0.061087
94.87 34 GPS 0 50624961 356621065 0 80355 0 0 60748 12 0
94.98 34 ESTIMATOR 0. 0. 0. 0. 0.
95.07 34 NAVIGATION 0 1 0 0 38 0. 6571.9
95.07 34 ATTITUDE 0 0 -81
95.07 34 GPS 0 50624961 356621065 0 80355 0 0 61000 12 0
95.16 34 DESIRED 0. 0. 0. 0. 770. 0.
95.20 34 NAVIGATION 0 1 0 0 38 0. 6571.9
95.26 34 WP_MOVED 0 506408. 3566304. 800.
95.26 34 PPRZ_MODE 0 0 3 0 0 1 0
95.31 34 GPS 0 50624961 356621065 0 80355 0 0 61248 12 0
95.31 34 ESTIMATOR 0. 0. 0. 0. 0.
95.35 3 DOWNLINK_STATUS 94 2638 176 0 0. 0.
95.40 34 DOWNLINK_STATUS 94 19532 1227 0 411. 25.
95.59 34 COMMANDS 170,-4,-33,2528
95.59 34 NAVIGATION 0 1 0 0 38 0. 6571.9
95.60 34 ATTITUDE 0 0 -82
95.60 34 DL_VALUE 23 0.
95.68 34 FBW_STATUS 0 0 123
95.72 34 RAD_OF_IR 5 0 0.00211
95.72 34 GPS 0 50624961 356621065 0 80355 0 0 61500 12 0
95.72 34 IR_SENSORS -958 6 1
95.72 34 NAVIGATION 0 1 0 0 38 0. 6571.9
95.72 34 WP_MOVED 1 506292.5 3566296.25 800.
95.72 34 GYRO_RATES -47 -19 -3 0.410152 -0.165806 -0.02618
95.80 34 GPS 0 50624961 356621065 0 80355 0 0 61748 12 0
95.80 34 ESTIMATOR 0. 0. 0. 0. 0.
95.80 34 BAT 176 123 0 0 65 0 1
95.87 34 NAVIGATION 0 1 0 0 38 0. 6571.9
95.87 34 ATTITUDE 0 0 -81
95.87 34 CALIBRATION 0. 0.023 0.067 0
96.07 34 SERVO 9600 -9600 176
96.29 34 GPS 0 50624961 356621065 0 80355 0 0 62000 12 0
96.34 34 DESIRED 0. 0. 0. 0. 770. 0.
96.34 34 IR_DEBUG 692 680 692 680
96.34 34 NAVIGATION 0 1 0 0 38 0. 6571.9
96.34 34 WP_MOVED 2 506379.59375 3566304.75 800.
96.34 34 ESTIMATOR 0. 0. 0. 0. 0.
96.34 34 GPS 0 50624961 356621065 0 80355 0 0 62248 12 0
96.34 34 SVINFO 3 12 0 3 32 -9 0
96.37 34 COMMANDS 175,-7,-39,2454
96.40 34 NAVIGATION 0 1 0 0 38 0. 6571.9
96.40 34 ATTITUDE 0 0 -82
96.40 34 DL_VALUE 24 2150.
96.40 3 DOWNLINK_STATUS 95 2638 176 0 0. 0.
96.40 34 DOWNLINK_STATUS 95 19990 1257 0 458. 30.
96.40 34 FBW_STATUS 0 0 123
96.57 34 RAD_OF_IR 7 0 0.00211
96.68 34 IR_SENSORS -972 0 1
96.73 34 GPS 0 50624961 356621065 0 80355 0 0 62500 12 0
96.73 34 NAVIGATION 0 1 0 0 38 0. 6571.9
96.73 34 WP_MOVED 3 506366. 3566262. 0.
96.73 34 GYRO_RATES -45 -35 -5 0.392699 -0.305433 -0.043633
96.76 34 ESTIMATOR 0. 0. 0. 0. 0.
96.87 34 GPS 0 50624961 356621065 0 80355 0 0 62748 12 0
96.87 34 NAVIGATION 0 1 0 0 38 0. 6571.9
96.87 34 ATTITUDE 0 0 -82
97.08 34 DESIRED 0. 0. 0. 0. 770. 0.
97.18 34 NAVIGATION 0 1 0 0 38 0. 6571.9
97.22 34 GPS 0 50624961 356621065 0 80355 0 0 63000 12 0
97.22 34 SVINFO 6 18 0 3 28 -9 0
97.22 34 WP_MOVED 0 506408. 3566304. 800.
97.22 34 ESTIMATOR 0. 0. 0. 0. 0.
97.37 3 DOWNLINK_STATUS 96 2638 176 0 0. 0.
97.37 34 DOWNLINK_STATUS 96 20286 1274 0 296. 17.
97.38 34 COMMANDS 166,-3,-34,2533
97.38 34 NAVIGATION 0 1 0 0 38 0. 6571.9
97.38 34 GPS 0 50624961 356621065 0 80355 0 0 63248 12 0
97.38 34 ATTITUDE 0 0 -82
97.38 34 DL_VALUE 25 5300.
97.60 34 FBW_STATUS 0 0 123
97.60 34 RAD_OF_IR 7 0 0.00211
97.60 34 IR_SENSORS -960 7 1
97.60 34 NAVIGATION 0 1 0 0 38 0. 6571.9
97.60 34 GPS 0 50624961 356621065 0 80355 0 0 63500 12 0
97.60 34 WP_MOVED 1 506292.5 3566296.25 800.
97.60 34 GYRO_RATES -52 -21 3 0.453786 -0.18326 0.02618
97.66 34 ESTIMATOR 0. 0. 0. 0. 0.
97.70 34 BAT 160 123 0 0 67 0 1
97.79 34 NAVIGATION 0 1 0 0 38 0. 6571.9
97.79 34 ATTITUDE 0 0 -82
97.79 34 CALIBRATION 0. 0.023 0.067 0
97.79 34 GPS 0 50624961 356621065 0 80355 0 0 63748 12 0
98.37 3 DOWNLINK_STATUS 97 2638 176 0 0. 0.
98.37 34 DOWNLINK_STATUS 97 20564 1292 0 278. 18.
99.37 3 DOWNLINK_STATUS 98 2638 176 0 0. 0.
99.37 34 DOWNLINK_STATUS 98 20564 1292 0 0. 0.
100.38 3 DOWNLINK_STATUS 99 2638 176 0 0. 0.
100.38 34 DOWNLINK_STATUS 99 20564 1292 0 0. 0.
101.39 3 DOWNLINK_STATUS 100 2638 176 0 0. 0.
101.39 34 DOWNLINK_STATUS 100 20564 1292 0 0. 0.
101.44 34 RAD_OF_IR 6 0 0.00211
101.44 34 IR_SENSORS -958 6 1
101.44 34 NAVIGATION 0 1 0 0 38 0. 6571.9
101.44 34 GPS 0 50624961 356621065 0 80355 0 0 67248 12 0
101.44 34 SVINFO 7 20 0 3 30 -9 0
101.44 34 WP_MOVED 1 506292.5 3566296.25 800.
101.44 34 GYRO_RATES -44 -29 -1 0.383972 -0.253073 -0.008727
101.46 34 BAT 179 123 0 0 71 0 1
101.59 34 NAVIGATION 0 1 0 0 38 0. 6571.9
101.59 34 ATTITUDE 0 0 -82
101.59 34 CALIBRATION 0. 0.023 0.067 0
101.59 34 GPS 0 50624961 356621065 0 80355 0 0 67500 12 0
101.59 34 SVINFO 8 9 0 3 31 -9 0
101.59 34 SERVO 9600 -9600 177
102.39 3 DOWNLINK_STATUS 101 2638 176 0 0. 0.
102.39 34 DOWNLINK_STATUS 101 20772 1306 0 208. 14.
102.83 34 WP_MOVED 0 506408. 3566304. 800.
102.83 34 GPS 0 50624961 356621065 0 80355 0 0 68748 12 0
102.83 34 SVINFO 13 19 0 3 31 -9 0
102.83 34 ESTIMATOR 0. 0. 0. 0. 0.
102.90 34 ESTIMATOR 0. 0. 0. 0. 0.
102.90 34 NAVIGATION 0 1 0 0 38 0. 6571.9
102.90 34 ATTITUDE 0 0 -82
102.91 34 GPS 0 50624961 356621065 0 80355 0 0 68500 12 0
102.91 34 SVINFO 12 6 0 3 30 -9 0
102.91 34 DESIRED 0. 0. 0. 0. 770. 0.
102.94 34 WP_MOVED 0 506408. 3566304. 800.
102.94 34 GPS 0 50624961 356621065 0 80355 0 0 68748 12 0
102.94 34 SVINFO 13 19 0 3 31 -9 0
102.94 34 ESTIMATOR 0. 0. 0. 0. 0.
102.94 34 COMMANDS 175,-93,-124,2575
102.96 34 ATTITUDE 0 0 -82
102.96 34 DL_VALUE 31 0.023
102.96 34 FBW_STATUS 0 0 123
102.97 34 RAD_OF_IR 7 0 0.00211
103.07 34 GPS 0 50624961 356621065 0 80355 0 0 69000 12 0
103.07 34 IR_SENSORS -958 7 1
103.10 34 NAVIGATION 0 1 0 0 38 0. 6571.9
103.29 34 WP_MOVED 1 506292.5 3566296.25 800.
103.33 34 GYRO_RATES -52 -20 -6 0.453786 -0.174533 -0.05236
103.38 34 GPS 0 50624961 356621065 0 80355 0 0 69248 12 0
103.38 34 ESTIMATOR 0. 0. 0. 0. 0.
103.38 34 BAT 179 123 0 0 73 0 1
103.39 3 DOWNLINK_STATUS 102 2638 176 0 0. 0.
103.43 34 DOWNLINK_STATUS 102 21223 1333 0 451. 27.
103.43 34 NAVIGATION 0 1 0 0 38 0. 6571.9
103.43 34 ATTITUDE 0 0 -82
103.43 34 CALIBRATION 0. 0.023 0.067 0
103.45 34 SERVO 9600 -9600 184
103.57 34 GPS 0 50624961 356621065 0 80355 0 0 69500 12 0
103.59 34 DESIRED 0. 0. 0. 0. 770. 0.
103.60 34 IR_DEBUG 691 681 691 681
103.60 34 NAVIGATION 0 1 0 0 38 0. 6571.9
103.69 34 WP_MOVED 2 506379.59375 3566304.75 800.
103.90 34 ESTIMATOR 0. 0. 0. 0. 0.
103.90 34 GPS 0 50624961 356621065 0 80355 0 0 69748 12 0
103.90 34 COMMANDS 169,-9,-47,2526
103.90 34 NAVIGATION 0 1 0 0 38 0. 6571.9
103.90 34 ATTITUDE 0 0 -82
103.90 34 DL_VALUE 32 0.001
103.90 34 FBW_STATUS 0 0 123
103.95 34 RAD_OF_IR 7 0 0.00211
104.20 34 ACTUATORS 1502,1501,0,1214,1631
104.20 34 GPS 0 50624961 356621065 0 80355 0 0 70000 12 0
104.20 34 IR_SENSORS -963 6 1
104.20 34 NAVIGATION 0 1 0 0 38 0. 6571.9
104.28 34 WP_MOVED 3 506366. 3566262. 0.
104.28 34 GYRO_RATES -49 -18 -1 0.427606 -0.15708 -0.008727
104.28 34 ESTIMATOR 0. 0. 0. 0. 0.
104.38 34 GPS 0 50624961 356621065 0 80355 0 0 70248 12 0
104.38 34 SVINFO 3 26 0 3 32 -9 0
104.38 34 NAVIGATION 0 1 0 0 38 0. 6571.9
104.38 34 ATTITUDE 0 0 -82
104.39 3 DOWNLINK_STATUS 103 2638 176 0 0. 0.
104.39 34 DOWNLINK_STATUS 103 21662 1361 0 439. 28.
104.73 34 DESIRED 0. 0. 0. 0. 770. 0.
104.77 34 GPS 0 50624961 356621065 0 80355 0 0 70500 12 0
104.77 34 SVINFO 4 13 0 3 33 -9 0
104.77 34 NAVIGATION 0 1 0 0 38 0. 6571.9
104.77 34 WP_MOVED 0 506408. 3566304. 800.
104.77 34 PPRZ_MODE 0 0 3 0 0 1 0
104.77 34 ESTIMATOR 0. 0. 0. 0. 0.
104.89 34 GPS 0 50624961 356621065 0 80355 0 0 70748 12 0
104.89 34 SVINFO 5 21 0 3 32 -9 0
104.89 34 COMMANDS 173,-60,-36,2519
104.89 34 NAVIGATION 0 1 0 0 38 0. 6571.9
104.89 34 ATTITUDE 0 0 -82
104.89 34 DL_VALUE 33 0.01
104.89 34 FBW_STATUS 0 0 123
104.89 34 RAD_OF_IR 5 0 0.00211
105.19 34 IR_SENSORS -956 7 1
105.24 34 NAVIGATION 0 1 0 0 38 0. 6571.9
105.24 34 GPS 0 50624961 356621065 0 80355 0 0 71000 12 0
105.24 34 SVINFO 6 18 0 3 33 -9 0
105.24 34 WP_MOVED 1 506292.5 3566296.25 800.
105.24 34 GYRO_RATES -54 -13 2 0.471239 -0.113446 0.017453
105.24 34 ESTIMATOR 0. 0. 0. 0. 0.
105.24 34 BAT 188 123 0 0 75 0 1
105.29 34 NAVIGATION 0 1 0 0 38 0. 6571.9
105.29 34 ATTITUDE 0 0 -82
105.29 34 CALIBRATION 0. 0.023 0.067 0
105.29 34 GPS 0 50624961 356621065 0 80355 0 0 71248 12 0
105.39 3 DOWNLINK_STATUS 104 2638 176 0 0. 0.
105.39 34 DOWNLINK_STATUS 104 22087 1388 0 425. 27.
105.60 34 SERVO 9600 -9600 166
105.64 34 DESIRED 0. 0. 0. 0. 770. 0.
105.64 34 IR_DEBUG 690 680 690 680
105.64 34 NAVIGATION 0 1 0 0 38 0. 6571.9
105.69 34 GPS 0 50624961 356621065 0 80355 0 0 71500 12 0
105.72 34 WP_MOVED 2 506379.59375 3566304.75 800.
105.72 34 ESTIMATOR 0. 0. 0. 0. 0.
105.81 34 COMMANDS 178,-9,-31,2513
105.81 34 NAVIGATION 0 1 0 0 38 0. 6571.9
105.81 34 ATTITUDE 0 0 -81
105.81 34 DL_VALUE 34 1.
105.81 34 GPS 0 50624961 356621065 0 80355 0 0 71748 12 0
105.81 34 FBW_STATUS 0 0 123
105.81 34 RAD_OF_IR 7 0 0.00211
105.86 34 IR_SENSORS -960 7 1
106.10 34 NAVIGATION 0 1 0 0 38 0. 6571.9
106.14 34 WP_MOVED 3 506366. 3566262. 0.
106.14 34 GYRO_RATES -54 -14 -2 0.471239 -0.122173 -0.017453
106.19 34 GPS 0 50624961 356621065 0 80355 0 0 72000 12 0
106.22 34 ESTIMATOR 0. 0. 0. 0. 0.
106.22 34 NAVIGATION 0 1 0 0 38 0. 6571.9
106.22 34 ATTITUDE 0 0 -82
106.27 34 GPS 0 50624961 356621065 0 80355 0 0 72248 12 0
106.39 34 DESIRED 0. 0. 0. 0. 770. 0.
106.39 34 NAVIGATION 0 1 0 0 38 0. 6571.9
106.40 3 DOWNLINK_STATUS 105 2638 176 0 0. 0.
106.40 34 DOWNLINK_STATUS 105 22506 1413 0 419. 25.
106.58 34 WP_MOVED 0 506408. 3566304. 800.
106.69 34 GPS 0 50624961 356621065 0 80355 0 0 72500 12 0
106.69 34 ESTIMATOR 0. 0. 0. 0. 0.
106.69 34 COMMANDS 208,3,32,2500
106.69 34 NAVIGATION 0 1 0 0 38 0. 6571.9
106.69 34 ATTITUDE 0 0 -82
106.69 34 DL_VALUE 35 0.
106.70 34 FBW_STATUS 0 0 123
106.77 34 RAD_OF_IR 4 0 0.00211
106.77 34 GPS 0 50624961 356621065 0 80355 0 0 72748 12 0
106.85 34 IR_SENSORS -957 7 1
106.86 34 NAVIGATION 0 1 0 0 38 0. 6571.9
107.19 34 WP_MOVED 1 506292.5 3566296.25 800.
107.24 34 GYRO_RATES -59 -1 -6 0.514872 -0.008727 -0.05236
107.30 34 ESTIMATOR 0. 0. 0. 0. 0.
107.30 34 BAT 176 123 0 0 77 1 1
107.30 34 GPS 0 50624961 356621065 0 80355 0 0 73000 12 0
107.30 34 NAVIGATION 0 1 0 0 38 0. 6571.9
107.30 34 ATTITUDE 0 0 -82
107.30 34 CALIBRATION 0. 0.023 0.067 0
107.30 34 SERVO 9600 -9600 175
107.40 3 DOWNLINK_STATUS 106 2638 176 0 0. 0.
107.40 34 DOWNLINK_STATUS 106 22829 1434 0 323. 21.
107.50 34 GPS 0 50624961 356621065 0 80355 0 0 73248 12 0
107.54 34 DESIRED 0. 0. 0. 0. 770. 0.
107.54 34 IR_DEBUG 690 679 690 679
107.54 34 NAVIGATION 0 1 0 0 38 0. 6571.9
107.54 34 WP_MOVED 2 506379.59375 3566304.75 800.
107.54 34 ESTIMATOR 0. 0. 0. 0. 0.
107.69 34 GPS 0 50624961 356621065 0 80355 0 0 73500 12 0
107.69 34 COMMANDS 183,10,-39,2541
107.69 34 NAVIGATION 0 1 0 0 38 0. 6571.9
107.69 34 ATTITUDE 0 0 -82
107.69 34 DL_VALUE 36 0.
107.69 34 FBW_STATUS 0 0 123
107.69 34 RAD_OF_IR 7 0 0.00211
107.88 34 GPS 0 50624961 356621065 0 80355 0 0 73748 12 0
107.88 34 SVINFO 1 2 0 3 29 -9 0
107.88 34 IR_SENSORS -961 7 1
107.88 34 NAVIGATION 0 1 0 0 38 0. 6571.9
107.89 34 WP_MOVED 3 506366. 3566262. 0.
107.89 34 GYRO_RATES -48 -23 1 0.418879 -0.200713 0.008727
108.40 3 DOWNLINK_STATUS 107 2638 176 0 0. 0.
108.41 34 DOWNLINK_STATUS 107 23131 1453 0 302. 19.
109.03 34 GYRO_RATES -53 -16 1 0.462512 -0.139626 0.008727
109.03 34 ESTIMATOR 0. 0. 0. 0. 0.
109.03 34 BAT 167 123 0 0 79 1 1
109.03 34 NAVIGATION 0 1 0 0 38 0. 6571.9
109.03 34 ATTITUDE 0 0 -82
109.03 34 CALIBRATION 0. 0.023 0.067 0
109.07 34 SVINFO 6 18 0 3 31 -9 0
109.07 34 SERVO 9600 -9600 163
109.28 34 DESIRED 0. 0. 0. 0. 770. 0.
109.28 34 IR_DEBUG 690 680 690 680
109.28 34 NAVIGATION 0 1 0 0 38 0. 6571.9
109.29 34 GPS 0 50624961 356621065 0 80355 0 0 75248 12 0
109.29 34 WP_MOVED 2 506379.59375 3566304.75 800.
109.30 34 PPRZ_MODE 0 0 3 0 0 1 0
109.40 3 DOWNLINK_STATUS 108 2638 176 0 0. 0.
109.40 34 DOWNLINK_STATUS 108 23351 1467 0 220. 14.
110.40 3 DOWNLINK_STATUS 109 2638 176 0 0. 0.
110.43 34 DOWNLINK_STATUS 109 23351 1467 0 0. 0.
111.23 34 WP_MOVED 2 506379.59375 3566304.75 800.
111.23 34 GYRO_RATES -52 -16 4 0.453786 -0.139626 0.034907
111.23 34 GPS 0 50624961 356621065 0 80355 0 0 76748 12 0
111.23 34 ESTIMATOR 0. 0. 0. 0. 0.
111.23 34 BAT 182 123 0 0 81 1 1
111.31 34 NAVIGATION 0 1 0 0 38 0. 6571.9
111.31 34 ATTITUDE 0 0 -81
111.31 34 CALIBRATION 0. 0.023 0.067 0
111.31 34 SERVO 9600 -9600 172
111.31 34 GPS 0 50624961 356621065 0 80355 0 0 77000 12 0
111.31 34 DESIRED 0. 0. 0. 0. 770. 0.
111.31 34 IR_DEBUG 690 680 690 680
111.41 34 WP_MOVED 2 506379.59375 3566304.75 800.
111.41 34 ESTIMATOR 0. 0. 0. 0. 0.
111.41 34 GPS 0 50624961 356621065 0 80355 0 0 77248 12 0
111.41 34 COMMANDS 173,-56,-77,2545
111.41 34 NAVIGATION 0 1 0 0 38 0. 6571.9
111.41 3 DOWNLINK_STATUS 110 2638 176 0 0. 0.
111.41 34 DOWNLINK_STATUS 110 23654 1484 0 303. 17.
111.41 34 DL_VALUE 40 1.
111.41 34 FBW_STATUS 0 0 123
111.41 34 RAD_OF_IR 6 0 0.00211
111.71 34 IR_SENSORS -959 6 1
111.75 34 GPS 0 50624961 356621065 0 80355 0 0 77500 12 0
111.75 34 NAVIGATION 0 1 0 0 38 0. 6571.9
111.78 34 WP_MOVED 3 506366. 3566262. 0.
111.78 34 GYRO_RATES -45 -35 2 0.392699 -0.305433 0.017453
111.78 34 ESTIMATOR 0. 0. 0. 0. 0.
111.97 34 GPS 0 50624961 356621065 0 80355 0 0 77748 12 0
111.98 34 NAVIGATION 0 1 0 0 38 0. 6571.9
111.98 34 ATTITUDE 0 0 -82
111.99 34 DESIRED 0. 0. 0. 0. 770. 0.
112.40 3 DOWNLINK_STATUS 111 2638 176 0 0. 0.
112.40 34 DOWNLINK_STATUS 111 23865 1497 0 211. 13.
113.13 34 IR_DEBUG 690 681 690 681
113.17 34 NAVIGATION 0 1 0 0 38 0. 6571.9
113.17 34 WP_MOVED 2 506379.59375 3566304.75 800.
113.17 34 GPS 0 50624961 356621065 0 80355 0 0 79000 12 0
113.17 34 ESTIMATOR 0. 0. 0. 0. 0.
113.21 34 BAT 184 123 0 0 83 1 1
113.25 34 NAVIGATION 0 1 0 0 38 0. 6571.9
113.25 34 ATTITUDE 0 0 -82
113.25 34 CALIBRATION 0. 0.023 0.067 0
113.25 34 GPS 0 50624961 356621065 0 80355 0 0 78748 12 0
113.25 34 SERVO 9600 -9600 190
113.25 34 IR_DEBUG 690 681 690 681
113.25 34 NAVIGATION 0 1 0 0 38 0. 6571.9
113.25 34 WP_MOVED 2 506379.59375 3566304.75 800.
113.25 34 GPS 0 50624961 356621065 0 80355 0 0 79000 12 0
113.25 34 ESTIMATOR 0. 0. 0. 0. 0.
113.25 34 COMMANDS 166,-6,-44,2512
113.39 34 ATTITUDE 0 0 -82
113.39 34 DL_VALUE 0 770.
113.39 34 GPS 0 50624961 356621065 0 80355 0 0 79248 12 0
113.39 34 FBW_STATUS 0 0 123
113.39 34 RAD_OF_IR 6 0 0.00211
113.39 34 ACTUATORS 1500,1501,0,1214,1632
113.39 34 IR_SENSORS -959 6 1
113.40 3 DOWNLINK_STATUS 112 2638 176 0 0. 0.
113.40 34 DOWNLINK_STATUS 112 24228 1521 0 363. 24.
113.59 34 NAVIGATION 0 1 0 0 38 0. 6571.9
113.70 34 WP_MOVED 3 506366. 3566262. 0.
113.71 34 GYRO_RATES -56 -1 -4 0.488692 -0.008727 -0.034907
113.71 34 GPS 0 50624961 356621065 0 80355 0 0 79500 12 0
113.71 34 ESTIMATOR 0. 0. 0. 0. 0.
113.71 34 NAVIGATION 0 1 0 0 38 0. 6571.9
113.71 34 ATTITUDE 0 0 -82
113.77 34 GPS 0 50624961 356621065 0 80355 0 0 79748 12 0
113.89 34 DESIRED 0. 0. 0. 0. 770. 0.
113.89 34 NAVIGATION 0 1 0 0 38 0. 6571.9
114.09 34 WP_MOVED 0 506408. 3566304. 800.
114.09 34 PPRZ_MODE 0 0 3 0 0 1 0
114.21 34 GPS 0 50624961 356621065 0 80355 0 0 80000 12 0
114.21 34 ESTIMATOR 0. 0. 0. 0. 0.
114.21 34 COMMANDS 179,-6,-33,2516
114.21 34 NAVIGATION 0 1 0 0 38 0. 6571.9
114.21 34 ATTITUDE 0 0 -81
114.21 34 DL_VALUE 1 1.
114.21 34 FBW_STATUS 0 0 123
114.27 34 RAD_OF_IR 7 0 0.00211
114.27 34 GPS 0 50624961 356621065 0 80355 0 0 80248 12 0
114.36 34 IR_SENSORS -960 7 1
114.37 34 NAVIGATION 0 1 0 0 38 0. 6571.9
114.41 3 DOWNLINK_STATUS 113 2638 176 0 0. 0.
114.41 34 DOWNLINK_STATUS 113 24612 1544 0 384. 23.
114.59 34 WP_MOVED 1 506292.5 3566296.25 800.
114.64 34 GYRO_RATES -45 -26 3 0.392699 -0.226893 0.02618
114.72 34 GPS 0 50624961 356621065 0 80355 0 0 80500 12 0
114.72 34 ESTIMATOR 0. 0. 0. 0. 0.
114.72 34 BAT 164 123 0 0 84 0 1
114.72 34 NAVIGATION 0 1 0 0 38 0. 6571.9
114.72 34 ATTITUDE 0 0 -82
114.72 34 CALIBRATION 0. 0.023 0.067 0
114.72 34 SERVO 9600 -9600 173
114.76 34 GPS 0 50624961 356621065 0 80355 0 0 80748 12 0
115.01 34 DESIRED 0. 0. 0. 0. 770. 0.
115.01 34 IR_DEBUG 690 680 690 680
115.01 34 NAVIGATION 0 1 0 0 38 0. 6571.9
115.01 34 WP_MOVED 2 506379.59375 3566304.75 800.
115.12 34 ESTIMATOR 0. 0. 0. 0. 0.
115.12 34 GPS 0 50624961 356621065 0 80355 0 0 81000 12 0
115.12 34 COMMANDS 172,-6,-33,2523
115.12 34 NAVIGATION 0 1 0 0 38 0. 6571.9
115.12 34 ATTITUDE 0 0 -82
115.12 34 DL_VALUE 2 0.
115.16 34 FBW_STATUS 0 0 123
115.16 34 RAD_OF_IR 7 0 0.00211
115.31 34 IR_SENSORS -958 7 1
115.35 34 GPS 0 50624961 356621065 0 80355 0 0 81248 12 0
115.35 34 NAVIGATION 0 1 0 0 38 0. 6571.9
115.41 3 DOWNLINK_STATUS 114 2638 176 0 0. 0.
115.41 34 DOWNLINK_STATUS 114 25016 1569 0 404. 25.
115.47 34 WP_MOVED 3 506366. 3566262. 0.
115.47 34 GYRO_RATES -52 -15 -2 0.453786 -0.1309 -0.017453
115.48 34 ESTIMATOR 0. 0. 0. 0. 0.
115.58 34 GPS 0 50624961 356621065 0 80355 0 0 81500 12 0
115.58 34 NAVIGATION 0 1 0 0 38 0. 6571.9
115.58 34 ATTITUDE 0 0 -82
115.91 34 DESIRED 0. 0. 0. 0. 770. 0.
115.91 34 GPS 0 50624961 356621065 0 80355 0 0 81748 12 0
115.91 34 NAVIGATION 0 1 0 0 38 0. 6571.9
115.98 34 WP_MOVED 0 506408. 3566304. 800.
115.98 34 ESTIMATOR 0. 0. 0. 0. 0.
116.09 34 COMMANDS 176,-10,-39,2518
116.09 34 NAVIGATION 0 1 0 0 38 0. 6571.9
116.09 34 ATTITUDE 0 0 -82
116.09 34 DL_VALUE 3 0.
116.09 34 GPS 0 50624961 356621065 0 80355 0 0 82000 12 0
116.09 34 FBW_STATUS 0 0 123
116.09 34 RAD_OF_IR 7 0 0.00211
116.17 34 IR_SENSORS -960 7 1
116.39 34 NAVIGATION 0 1 0 0 38 0. 6571.9
116.44 34 GPS 0 50624961 356621065 0 80355 0 0 82248 12 0
116.44 3 DOWNLINK_STATUS 115 2638 176 0 0. 0.
116.44 34 DOWNLINK_STATUS 115 25373 1590 0 357. 21.
116.49 34 WP_MOVED 1 506292.5 3566296.25 800.
116.53 34 GYRO_RATES -52 -11 -3 0.453786 -0.095993 -0.02618
116.53 34 ESTIMATOR 0. 0. 0. 0. 0.
116.53 34 BAT 175 123 0 0 86 0 1
116.53 34 NAVIGATION 0 1 0 0 38 0. 6571.9
116.53 34 ATTITUDE 0 0 -82
116.53 34 CALIBRATION 0. 0.023 0.067 0
116.69 34 GPS 0 50624961 356621065 0 80355 0 0 82500 12 0
116.69 34 SERVO 9600 -9600 173
116.90 34 DESIRED 0. 0. 0. 0. 770. 0.
116.94 34 IR_DEBUG 689 680 689 680
116.94 34 NAVIGATION 0 1 0 0 38 0. 6571.9
116.99 34 GPS 0 50624961 356621065 0 80355 0 0 82748 12 0
117.03 34 WP_MOVED 2 506379.59375 3566304.75 800.
117.03 34 ESTIMATOR 0. 0. 0. 0. 0.
117.03 34 COMMANDS 171,1,-31,2520
117.03 34 NAVIGATION 0 1 0 0 38 0. 6571.9
117.03 34 ATTITUDE 0 0 -82
117.03 34 DL_VALUE 4 0.
117.17 34 GPS 0 50624961 356621065 0 80355 0 0 83000 12 0
117.17 34 FBW_STATUS 0 0 123
117.17 34 RAD_OF_IR 7 0 0.00211
117.18 34 IR_SENSORS -956 6 1
117.18 34 NAVIGATION 0 1 0 0 38 0. 6571.9
117.41 34 WP_MOVED 3 506366. 3566262. 0.
117.45 34 GYRO_RATES -47 -25 6 0.410152 -0.218166 0.05236
117.45 34 GPS 0 50624961 356621065 0 80355 0 0 83248 12 0
117.45 3 DOWNLINK_STATUS 116 2638 176 0 0. 0.
117.45 34 DOWNLINK_STATUS 116 25812 1617 0 439. 27.
117.49 34 ESTIMATOR 0. 0. 0. 0. 0.
117.53 34 NAVIGATION 0 1 0 0 38 0. 6571.9
117.53 34 ATTITUDE 0 0 -81
117.56 34 GPS 0 50624961 356621065 0 80355 0 0 83500 12 0
117.67 34 DESIRED 0. 0. 0. 0. 770. 0.
117.69 34 NAVIGATION 0 1 0 0 38 0. 6571.9
117.69 34 WP_MOVED 0 506408. 3566304. 800.
117.89 34 GPS 0 50624961 356621065 0 80355 0 0 83748 12 0
117.99 34 ESTIMATOR 0. 0. 0. 0. 0.
117.99 34 COMMANDS 173,60,15,2523
117.99 34 NAVIGATION 0 1 0 0 38 0. 6571.9
117.99 34 ATTITUDE 0 0 -82
117.99 34 DL_VALUE 5 0.
117.99 34 FBW_STATUS 0 0 123
117.99 34 RAD_OF_IR 8 0 0.00211
118.07 34 GPS 0 50624961 356621065 0 80355 0 0 84000 12 0
118.07 34 ACTUATORS 1500,1503,0,1216,1628
118.07 34 IR_SENSORS -957 8 1
118.40 34 NAVIGATION 0 1 0 0 38 0. 6571.9
118.40 34 WP_MOVED 1 506292.5 3566296.25 800.
118.40 34 GYRO_RATES -46 -23 -5 0.401426 -0.200713 -0.043633
118.41 3 DOWNLINK_STATUS 117 2638 176 0 0. 0.
118.41 34 DOWNLINK_STATUS 117 26155 1638 0 343. 21.
118.50 34 GPS 0 50624961 356621065 0 80355 0 0 84248 12 0
118.50 34 SVINFO 11 4 0 3 29 -9 0
118.50 34 ESTIMATOR 0. 0. 0. 0. 0.
118.50 34 BAT 166 123 0 0 88 0 1
118.50 34 NAVIGATION 0 1 0 0 38 0. 6571.9
118.50 34 ATTITUDE 0 0 -82
118.50 34 CALIBRATION 0. 0.023 0.067 0
118.51 34 SERVO 9600 -9600 172
118.60 34 GPS 0 50624961 356621065 0 80355 0 0 84500 12 0
118.60 34 DESIRED 0. 0. 0. 0. 770. 0.
118.60 34 IR_DEBUG 689 680 689 680
118.61 34 NAVIGATION 0 1 0 0 38 0. 6571.9
119.41 3 DOWNLINK_STATUS 118 2638 176 0 0. 0.
119.41 34 DOWNLINK_STATUS 118 26358 1650 0 203. 12.
120.33 34 GPS 0 50624961 356621065 0 80355 0 0 86000 12 0
120.33 34 SVINFO 2 10 0 3 26 -9 0
120.33 34 WP_MOVED 1 506292.5 3566296.25 800.
120.34 34 GYRO_RATES -32 -11 -4 0.279253 -0.095993 -0.034907
120.34 34 ESTIMATOR 0. 0. 0. 0. 0.
120.41 3 DOWNLINK_STATUS 119 2638 176 0 0. 0.
120.41 34 DOWNLINK_STATUS 119 26452 1655 0 94. 5.
120.42 34 NAVIGATION 0 1 0 0 38 0. 6571.9
120.42 34 ATTITUDE 0 0 -82
120.42 34 CALIBRATION 0. 0.023 0.067 0
120.42 34 GPS 0 50624961 356621065 0 80355 0 0 86248 12 0
120.43 34 SVINFO 3 26 0 3 28 -9 0
120.43 34 SERVO 9600 -9380 200
120.48 34 DESIRED 0. 0. 0. 0. 770. 0.
120.48 34 IR_DEBUG 684 658 684 658
120.48 34 NAVIGATION 0 1 0 0 38 0. 6571.9
120.57 34 WP_MOVED 2 506379.59375 3566304.75 800.
120.61 34 GPS 0 50624961 356621065 0 80355 0 0 86500 12 0
120.78 34 ESTIMATOR 0. 0. 0. 0. 0.
120.78 34 COMMANDS 175,-42,-66,2548
120.78 34 NAVIGATION 0 1 0 0 38 0. 6571.9
120.78 34 ATTITUDE 0 0 -81
120.78 34 DL_VALUE 8 1.
120.98 34 GPS 0 50624961 356621065 0 80355 0 0 86748 12 0
120.98 34 FBW_STATUS 0 0 123
120.98 34 RAD_OF_IR 9 0 0.00211
120.98 34 IR_SENSORS -956 7 1
120.98 34 NAVIGATION 0 1 0 0 38 0. 6571.9
121.01 34 WP_MOVED 3 506366. 3566262. 0.
121.05 34 GYRO_RATES -19 -44 2 0.165806 -0.383972 0.017453
121.20 34 GPS 0 50624961 356621065 0 80355 0 0 87000 12 0
121.20 34 ESTIMATOR 0. 0. 0. 0. 0.
121.22 34 NAVIGATION 0 1 0 0 38 0. 6571.9
121.26 34 ATTITUDE 0 0 -82
121.27 34 GPS 0 50624961 356621065 0 80355 0 0 87248 12 0
121.39 34 DESIRED 0. 0. 0. 0. 770. 0.
121.39 34 NAVIGATION 0 1 0 0 38 0. 6571.9
121.42 3 DOWNLINK_STATUS 120 2638 176 0 0. 0.
121.42 34 DOWNLINK_STATUS 120 26949 1685 0 497. 30.
121.46 34 WP_MOVED 0 506408. 3566304. 800.
121.70 34 GPS 0 50624961 356621065 0 80355 0 0 87500 12 0
121.72 34 ESTIMATOR 0. 0. 0. 0. 0.
121.78 34 COMMANDS 131,-23,-137,2578
121.78 34 NAVIGATION 0 1 0 0 38 0. 6571.9
121.78 34 ATTITUDE 0 0 -82
121.78 34 DL_VALUE 9 -61.099998
121.78 34 FBW_STATUS 0 0 123
121.78 34 RAD_OF_IR 6 0 0.00211
121.79 34 GPS 0 50624961 356621065 0 80355 0 0 87748 12 0
122.25 34 IR_SENSORS -957 8 1
122.25 34 NAVIGATION 0 1 0 0 38 0. 6571.9
122.25 34 WP_MOVED 1 506292.5 3566296.25 800.
122.25 34 GYRO_RATES -40 11 8 0.349066 0.095993 0.069813
122.25 34 ESTIMATOR 0. 0. 0. 0. 0.
122.25 34 BAT 186 123 0 0 92 0 1
122.28 34 NAVIGATION 0 1 0 0 38 0. 6571.9
122.28 34 ATTITUDE 0 0 -81
122.28 34 CALIBRATION 0. 0.023 0.067 0
122.28 34 SERVO 9600 -9600 176
122.42 3 DOWNLINK_STATUS 121 2638 176 0 0. 0.
122.42 34 DOWNLINK_STATUS 121 27245 1705 0 296. 20.
122.50 34 GPS 0 50624961 356621065 0 80355 0 0 88248 12 0
122.50 34 DESIRED 0. 0. 0. 0. 770. 0.
122.50 34 IR_DEBUG 688 677 688 677
122.50 34 NAVIGATION 0 1 0 0 38 0. 6571.9
122.50 34 WP_MOVED 2 506379.59375 3566304.75 800.
122.70 34 ESTIMATOR 0. 0. 0. 0. 0.
122.72 34 GPS 0 50624961 356621065 0 80355 0 0 88500 12 0
122.79 34 COMMANDS 170,-32,-70,2538
122.79 34 NAVIGATION 0 1 0 0 38 0. 6571.9
122.79 34 ATTITUDE 0 0 -81
122.79 34 DL_VALUE 10 0.
122.79 34 FBW_STATUS 0 0 123
122.79 34 RAD_OF_IR 7 0 0.00211
122.81 34 ACTUATORS 1500,1502,0,1214,1632
122.81 34 GPS 0 50624961 356621065 0 80355 0 0 88748 12 0
122.81 34 IR_SENSORS -963 6 1
122.81 34 NAVIGATION 0 1 0 0 38 0. 6571.9
122.87 34 WP_MOVED 3 506366. 3566262. 0.
122.87 34 GYRO_RATES -104 -63 -21 0.907571 -0.549779 -0.18326
122.96 34 ESTIMATOR 0. 0. 0. 0. 0.
123.21 34 GPS 0 50624961 356621065 0 80355 0 0 89000 12 0
123.21 34 NAVIGATION 0 1 0 0 38 0. 6571.9
123.21 34 ATTITUDE 0 0 -82
123.30 34 DESIRED 0. 0. 0. 0. 770. 0.
123.34 34 GPS 0 50624961 356621065 0 80355 0 0 89248 12 0
123.34 34 NAVIGATION 0 1 0 0 38 0. 6571.9
123.37 34 WP_MOVED 0 506408. 3566304. 800.
123.37 34 PPRZ_MODE 0 0 3 0 0 1 0
123.42 3 DOWNLINK_STATUS 122 2638 176 0 0. 0.
123.42 34 DOWNLINK_STATUS 122 27720 1733 0 475. 28.
123.46 34 ESTIMATOR 0. 0. 0. 0. 0.
123.73 34 COMMANDS 179,-9,-53,2541
123.73 34 NAVIGATION 0 1 0 0 38 0. 6571.9
123.73 34 ATTITUDE 0 0 -82
123.73 34 DL_VALUE 11 1.
123.73 34 GPS 0 50624961 356621065 0 80355 0 0 89500 12 0
123.73 34 FBW_STATUS 0 0 123
123.90 34 RAD_OF_IR 7 0 0.00211
123.90 34 IR_SENSORS -958 7 1
123.90 34 NAVIGATION 0 1 0 0 38 0. 6571.9
123.90 34 GPS 0 50624961 356621065 0 80355 0 0 89748 12 0
123.90 34 WP_MOVED 1 506292.5 3566296.25 800.
123.90 34 GYRO_RATES -59 5 -8 0.514872 0.043633 -0.069813
123.91 34 ESTIMATOR 0. 0. 0. 0. 0.
123.91 34 BAT 170 123 0 0 94 0 1
123.99 34 NAVIGATION 0 1 0 0 38 0. 6571.9
123.99 34 ATTITUDE 0 0 -82
123.99 34 CALIBRATION 0. 0.023 0.067 0
124.20 34 GPS 0 50624961 356621065 0 80355 0 0 90000 12 0
124.22 34 SVINFO 2 10 0 3 26 -9 0
124.22 34 SERVO 9600 -9600 173
124.28 34 DESIRED 0. 0. 0. 0. 770. 0.
124.28 34 IR_DEBUG 688 679 688 679
124.28 34 NAVIGATION 0 1 0 0 38 0. 6571.9
124.42 3 DOWNLINK_STATUS 123 2638 176 0 0. 0.
124.42 34 DOWNLINK_STATUS 123 28092 1757 0 372. 24.
124.51 34 GPS 0 50624961 356621065 0 80355 0 0 90248 12 0
124.51 34 SVINFO 3 26 0 3 28 -9 0
124.51 34 WP_MOVED 2 506379.59375 3566304.75 800.
124.51 34 ESTIMATOR 0. 0. 0. 0. 0.
124.51 34 COMMANDS 181,4,-15,2516
124.51 34 NAVIGATION 0 1 0 0 38 0. 6571.9
124.51 34 ATTITUDE 0 0 -84
124.93 34 GPS 0 50624961 356621065 0 80355 0 0 90500 12 0
124.97 34 FBW_STATUS 0 0 123
124.97 34 RAD_OF_IR 4 0 0.00211
124.97 34 IR_SENSORS -948 0 1
124.97 34 NAVIGATION 0 1 0 0 38 0. 6571.9
124.97 34 WP_MOVED 3 506366. 3566262. 0.
124.97 34 GYRO_RATES -82 -19 1 0.715585 -0.165806 0.008727
125.20 34 ESTIMATOR 0. 0. 0. 0. 0.
125.21 34 NAVIGATION 0 1 0 0 38 0. 6571.9
125.21 34 ATTITUDE 0 0 -82
125.21 34 GPS 0 50624961 356621065 0 80355 0 0 91000 12 0
125.23 34 NAVIGATION 0 1 0 0 38 0. 6571.9
125.26 34 WP_MOVED 0 506408. 3566304. 800.
125.30 34 GPS 0 50624961 356621065 0 80355 0 0 91248 12 0
125.30 34 ESTIMATOR 0. 0. 0. 0. 0.
125.41 34 COMMANDS 169,-12,-64,2562
125.41 34 NAVIGATION 0 1 0 0 38 0. 6571.9
125.41 34 ATTITUDE 0 0 -81
125.41 34 DL_VALUE 13 517.
125.42 3 DOWNLINK_STATUS 124 2638 176 0 0. 0.
125.42 34 DOWNLINK_STATUS 124 28507 1783 0 415. 26.
125.58 34 FBW_STATUS 0 0 123
125.58 34 RAD_OF_IR 11 0 0.00211
126.04 34 GPS 0 50624961 356621065 0 80355 0 0 91500 12 0
126.04 34 IR_SENSORS -959 9 1
126.04 34 NAVIGATION 0 1 0 0 38 0. 6571.9
126.04 34 WP_MOVED 1 506292.5 3566296.25 800.
126.04 34 GYRO_RATES -36 -52 26 0.314159 -0.453786 0.226893
126.04 34 GPS 0 50624961 356621065 0 80355 0 0 91748 12 0
126.21 34 BAT 166 123 0 0 96 0 1
126.21 34 NAVIGATION 0 1 0 0 38 0. 6571.9
126.21 34 ATTITUDE 0 0 -94
126.21 34 CALIBRATION 0. 0.023 0.067 0
126.21 34 SERVO 9600 -9600 169
126.21 34 GPS 0 50624961 356621065 0 80355 0 0 92000 12 0
126.24 34 IR_DEBUG 695 684 695 684
126.27 34 NAVIGATION 0 1 0 0 38 0. 6571.9
126.27 34 WP_MOVED 2 506379.59375 3566304.75 800.
126.27 34 ESTIMATOR 0. 0. 0. 0. 0.
126.27 34 GPS 0 50624961 356621065 0 80355 0 0 92248 12 0
126.42 3 DOWNLINK_STATUS 125 2638 176 0 0. 0.
126.42 34 DOWNLINK_STATUS 125 28819 1802 0 312. 19.
126.50 34 COMMANDS 166,-65,-93,2506
126.50 34 NAVIGATION 0 1 0 0 38 0. 6571.9
126.50 34 ATTITUDE 0 0 -81
126.50 34 DL_VALUE 14 482.
126.71 34 FBW_STATUS 0 0 123
126.72 34 RAD_OF_IR 7 0 0.00211
126.72 34 IR_SENSORS -959 10 1
126.72 34 GPS 0 50624961 356621065 0 80355 0 0 92500 12 0
126.72 34 SVINFO 12 3 0 3 26 -9 0
126.72 34 NAVIGATION 0 1 0 0 38 0. 6571.9
126.72 34 WP_MOVED 3 506366. 3566262. 0.
126.72 34 ESTIMATOR 0. 0. 0. 0. 0.
127.01 34 GPS 0 50624961 356621065 0 80355 0 0 92748 12 0
127.01 34 SVINFO 13 8 0 3 24 -9 0
127.01 34 NAVIGATION 0 1 0 0 38 0. 6571.9
127.01 34 ATTITUDE 0 0 -82
127.10 34 DESIRED 0. 0. 0. 0. 770. 0.
127.13 34 NAVIGATION 0 1 0 0 38 0. 6571.9
127.14 34 GPS 0 50624961 356621065 0 80355 0 0 93001 12 0
127.14 34 WP_MOVED 0 506408. 3566304. 800.
127.17 34 ESTIMATOR 0. 0. 0. 0. 0.
127.42 3 DOWNLINK_STATUS 126 2638 176 0 0. 0.
127.46 34 DOWNLINK_STATUS 126 29149 1823 0 330. 21.
127.51 34 COMMANDS 172,-6,-37,2522
127.51 34 NAVIGATION 0 1 0 0 38 0. 6571.9
127.52 34 GPS 0 50624961 356621065 0 80355 0 0 93249 12 0
127.52 34 ATTITUDE 0 0 -83
127.52 34 DL_VALUE 15 455.
127.61 34 FBW_STATUS 0 0 123
127.65 34 RAD_OF_IR 9 0 0.00211
127.65 34 NAVIGATION_REF 506366 3566262 12
127.65 34 ACTUATORS 1496,1501,0,1214,1631
127.65 34 IR_SENSORS -959 9 1
127.65 34 NAVIGATION 0 1 0 0 38 0. 6571.9
127.65 34 GPS 0 50624961 356621065 0 80355 0 0 93501 12 0
127.65 34 SVINFO 0 27 0 3 25 -9 0
127.81 34 GYRO_RATES -48 -15 -11 0.418879 -0.1309 -0.095993
127.81 34 ESTIMATOR 0. 0. 0. 0. 0.
127.81 34 BAT 184 123 0 0 98 0 1
127.81 34 NAVIGATION 0 1 0 0 38 0. 6571.9
127.81 34 ATTITUDE 0 0 -83
127.81 34 CALIBRATION 0. 0.023 0.067 0
127.99 34 SERVO 9600 -9600 169
127.99 34 DESIRED 0. 0. 0. 0. 770. 0.
127.99 34 IR_DEBUG 684 678 684 678
127.99 34 NAVIGATION 0 1 0 0 38 0. 6571.9
128.07 34 WP_MOVED 2 506379.59375 3566304.75 800.
128.08 34 PPRZ_MODE 0 0 3 0 0 1 0
128.08 34 GPS 0 50624961 356621065 0 80355 0 0 94001 12 0
128.41 34 ESTIMATOR 0. 0. 0. 0. 0.
128.41 34 COMMANDS 175,-10,-34,2515
128.41 34 NAVIGATION 0 1 0 0 38 0. 6571.9
128.41 34 ATTITUDE 0 0 -82
128.41 34 DL_VALUE 16 7500.
128.42 3 DOWNLINK_STATUS 127 2638 176 0 0. 0.
128.42 34 DOWNLINK_STATUS 127 29598 1854 0 449. 31.
128.49 34 GPS 0 50624961 356621065 0 80355 0 0 94249 12 0
128.49 34 FBW_STATUS 0 0 123
128.49 34 RAD_OF_IR 9 0 0.00211
128.49 34 IR_SENSORS -951 7 1
128.49 34 NAVIGATION 0 1 0 0 38 0. 6571.9
128.50 34 WP_MOVED 3 506366. 3566262. 0.
128.50 34 GYRO_RATES -52 -18 6 0.453786 -0.15708 0.05236
128.58 34 GPS 0 50624961 356621065 0 80355 0 0 94501 12 0
128.62 34 ESTIMATOR 0. 0. 0. 0. 0.
129.42 3 DOWNLINK_STATUS 128 2638 176 0 0. 0.
129.42 34 DOWNLINK_STATUS 128 29750 1863 0 152. 9.
130.42 3 DOWNLINK_STATUS 129 2638 176 0 0. 0.
130.42 34 DOWNLINK_STATUS 129 29750 1863 0 0. 0.
131.42 3 DOWNLINK_STATUS 130 2638 176 0 0. 0.
131.42 34 DOWNLINK_STATUS 130 29750 1863 0 0. 0.
132.42 3 DOWNLINK_STATUS 131 2638 176 0 0. 0.
132.42 34 DOWNLINK_STATUS 131 29750 1863 0 0. 0.
133.42 3 DOWNLINK_STATUS 132 2638 176 0 0. 0.
133.42 34 DOWNLINK_STATUS 132 29750 1863 0 0. 0.
134.42 3 DOWNLINK_STATUS 133 2638 176 0 0. 0.
134.42 34 DOWNLINK_STATUS 133 29750 1863 0 0. 0.
135.42 3 DOWNLINK_STATUS 134 2638 176 0 0. 0.
135.42 34 DOWNLINK_STATUS 134 29750 1863 0 0. 0.
136.42 3 DOWNLINK_STATUS 135 2638 176 0 0. 0.
136.42 34 DOWNLINK_STATUS 135 29750 1863 0 0. 0.
137.42 3 DOWNLINK_STATUS 136 2638 176 0 0. 0.
137.42 34 DOWNLINK_STATUS 136 29750 1863 0 0. 0.
138.42 3 DOWNLINK_STATUS 137 2638 176 0 0. 0.
138.42 34 DOWNLINK_STATUS 137 29750 1863 0 0. 0.
139.42 3 DOWNLINK_STATUS 138 2638 176 0 0. 0.
139.42 34 DOWNLINK_STATUS 138 29750 1863 0 0. 0.
140.42 3 DOWNLINK_STATUS 139 2638 176 0 0. 0.
140.42 34 DOWNLINK_STATUS 139 29750 1863 0 0. 0.
141.42 3 DOWNLINK_STATUS 140 2638 176 0 0. 0.
141.42 34 DOWNLINK_STATUS 140 29750 1863 0 0. 0.
142.42 3 DOWNLINK_STATUS 141 2638 176 0 0. 0.
142.42 34 DOWNLINK_STATUS 141 29750 1863 0 0. 0.
143.42 3 DOWNLINK_STATUS 142 2638 176 0 0. 0.
143.42 34 DOWNLINK_STATUS 142 29750 1863 0 0. 0.
144.42 3 DOWNLINK_STATUS 143 2638 176 0 0. 0.
144.42 34 DOWNLINK_STATUS 143 29750 1863 0 0. 0.
145.42 3 DOWNLINK_STATUS 144 2638 176 0 0. 0.
145.42 34 DOWNLINK_STATUS 144 29750 1863 0 0. 0.
146.42 3 DOWNLINK_STATUS 145 2638 176 0 0. 0.
146.42 34 DOWNLINK_STATUS 145 29750 1863 0 0. 0.
147.42 3 DOWNLINK_STATUS 146 2638 176 0 0. 0.
147.42 34 DOWNLINK_STATUS 146 29750 1863 0 0. 0.
148.42 3 DOWNLINK_STATUS 147 2638 176 0 0. 0.
148.42 34 DOWNLINK_STATUS 147 29750 1863 0 0. 0.
149.42 3 DOWNLINK_STATUS 148 2638 176 0 0. 0.
149.42 34 DOWNLINK_STATUS 148 29750 1863 0 0. 0.
150.42 3 DOWNLINK_STATUS 149 2638 176 0 0. 0.
150.42 34 DOWNLINK_STATUS 149 29750 1863 0 0. 0.
151.42 3 DOWNLINK_STATUS 150 2638 176 0 0. 0.
151.42 34 DOWNLINK_STATUS 150 29750 1863 0 0. 0.
152.42 3 DOWNLINK_STATUS 151 2638 176 0 0. 0.
152.42 34 DOWNLINK_STATUS 151 29750 1863 0 0. 0.
153.42 3 DOWNLINK_STATUS 152 2638 176 0 0. 0.
153.42 34 DOWNLINK_STATUS 152 29750 1863 0 0. 0.
154.42 3 DOWNLINK_STATUS 153 2638 176 0 0. 0.
154.42 34 DOWNLINK_STATUS 153 29750 1863 0 0. 0.
155.42 3 DOWNLINK_STATUS 154 2638 176 0 0. 0.
155.42 34 DOWNLINK_STATUS 154 29750 1863 0 0. 0.
156.42 3 DOWNLINK_STATUS 155 2638 176 0 0. 0.
156.42 34 DOWNLINK_STATUS 155 29750 1863 0 0. 0.
157.42 3 DOWNLINK_STATUS 156 2638 176 0 0. 0.
157.42 34 DOWNLINK_STATUS 156 29750 1863 0 0. 0.
158.42 3 DOWNLINK_STATUS 157 2638 176 0 0. 0.
158.42 34 DOWNLINK_STATUS 157 29750 1863 0 0. 0.
159.42 3 DOWNLINK_STATUS 158 2638 176 0 0. 0.
159.42 34 DOWNLINK_STATUS 158 29750 1863 0 0. 0.
160.42 3 DOWNLINK_STATUS 159 2638 176 0 0. 0.
160.42 34 DOWNLINK_STATUS 159 29750 1863 0 0. 0.
161.42 3 DOWNLINK_STATUS 160 2638 176 0 0. 0.
161.42 34 DOWNLINK_STATUS 160 29750 1863 0 0. 0.
162.42 3 DOWNLINK_STATUS 161 2638 176 0 0. 0.
162.42 34 DOWNLINK_STATUS 161 29750 1863 0 0. 0.
163.42 3 DOWNLINK_STATUS 162 2638 176 0 0. 0.
163.42 34 DOWNLINK_STATUS 162 29750 1863 0 0. 0.
164.42 3 DOWNLINK_STATUS 163 2638 176 0 0. 0.
164.42 34 DOWNLINK_STATUS 163 29750 1863 0 0. 0.
165.42 3 DOWNLINK_STATUS 164 2638 176 0 0. 0.
165.42 34 DOWNLINK_STATUS 164 29750 1863 0 0. 0.
166.42 3 DOWNLINK_STATUS 165 2638 176 0 0. 0.
166.42 34 DOWNLINK_STATUS 165 29750 1863 0 0. 0.
167.42 3 DOWNLINK_STATUS 166 2638 176 0 0. 0.
167.42 34 DOWNLINK_STATUS 166 29750 1863 0 0. 0.
168.43 3 DOWNLINK_STATUS 167 2638 176 0 0. 0.
168.43 34 DOWNLINK_STATUS 167 29750 1863 0 0. 0.
169.43 3 DOWNLINK_STATUS 168 2638 176 0 0. 0.
169.43 34 DOWNLINK_STATUS 168 29750 1863 0 0. 0.
170.43 3 DOWNLINK_STATUS 169 2638 176 0 0. 0.
170.43 34 DOWNLINK_STATUS 169 29750 1863 0 0. 0.
171.43 3 DOWNLINK_STATUS 170 2638 176 0 0. 0.
171.43 34 DOWNLINK_STATUS 170 29750 1863 0 0. 0.
172.44 3 DOWNLINK_STATUS 171 2638 176 0 0. 0.
172.44 34 DOWNLINK_STATUS 171 29750 1863 0 0. 0.
173.44 3 DOWNLINK_STATUS 172 2638 176 0 0. 0.
173.44 34 DOWNLINK_STATUS 172 29750 1863 0 0. 0.
174.45 3 DOWNLINK_STATUS 173 2638 176 0 0. 0.
174.45 34 DOWNLINK_STATUS 173 29750 1863 0 0. 0.
175.45 3 DOWNLINK_STATUS 174 2638 176 0 0. 0.
175.45 34 DOWNLINK_STATUS 174 29750 1863 0 0. 0.
176.45 3 DOWNLINK_STATUS 175 2638 176 0 0. 0.
176.45 34 DOWNLINK_STATUS 175 29750 1863 0 0. 0.
177.45 3 DOWNLINK_STATUS 176 2638 176 0 0. 0.
177.45 34 DOWNLINK_STATUS 176 29750 1863 0 0. 0.
178.45 3 DOWNLINK_STATUS 177 2638 176 0 0. 0.
178.45 34 DOWNLINK_STATUS 177 29750 1863 0 0. 0.
179.45 3 DOWNLINK_STATUS 178 2638 176 0 0. 0.
179.45 34 DOWNLINK_STATUS 178 29750 1863 0 0. 0.
180.45 3 DOWNLINK_STATUS 179 2638 176 0 0. 0.
180.45 34 DOWNLINK_STATUS 179 29750 1863 0 0. 0.
181.45 3 DOWNLINK_STATUS 180 2638 176 0 0. 0.
181.45 34 DOWNLINK_STATUS 180 29750 1863 0 0. 0.
182.45 3 DOWNLINK_STATUS 181 2638 176 0 0. 0.
182.45 34 DOWNLINK_STATUS 181 29750 1863 0 0. 0.
183.45 3 DOWNLINK_STATUS 182 2638 176 0 0. 0.
183.45 34 DOWNLINK_STATUS 182 29750 1863 0 0. 0.
184.45 3 DOWNLINK_STATUS 183 2638 176 0 0. 0.
184.45 34 DOWNLINK_STATUS 183 29750 1863 0 0. 0.
185.45 3 DOWNLINK_STATUS 184 2638 176 0 0. 0.
185.45 34 DOWNLINK_STATUS 184 29750 1863 0 0. 0.
186.45 3 DOWNLINK_STATUS 185 2638 176 0 0. 0.
186.45 34 DOWNLINK_STATUS 185 29750 1863 0 0. 0.
187.45 3 DOWNLINK_STATUS 186 2638 176 0 0. 0.
187.45 34 DOWNLINK_STATUS 186 29750 1863 0 0. 0.
188.45 3 DOWNLINK_STATUS 187 2638 176 0 0. 0.
188.45 34 DOWNLINK_STATUS 187 29750 1863 0 0. 0.
189.45 3 DOWNLINK_STATUS 188 2638 176 0 0. 0.
189.45 34 DOWNLINK_STATUS 188 29750 1863 0 0. 0.
190.46 3 DOWNLINK_STATUS 189 2638 176 0 0. 0.
190.46 34 DOWNLINK_STATUS 189 29750 1863 0 0. 0.
191.46 3 DOWNLINK_STATUS 190 2638 176 0 0. 0.
191.46 34 DOWNLINK_STATUS 190 29750 1863 0 0. 0.
192.47 3 DOWNLINK_STATUS 191 2638 176 0 0. 0.
192.47 34 DOWNLINK_STATUS 191 29750 1863 0 0. 0.
193.47 3 DOWNLINK_STATUS 192 2638 176 0 0. 0.
193.47 34 DOWNLINK_STATUS 192 29750 1863 0 0. 0.
194.47 3 DOWNLINK_STATUS 193 2638 176 0 0. 0.
194.47 34 DOWNLINK_STATUS 193 29750 1863 0 0. 0.
195.48 3 DOWNLINK_STATUS 194 2638 176 0 0. 0.
195.48 34 DOWNLINK_STATUS 194 29750 1863 0 0. 0.
196.48 3 DOWNLINK_STATUS 195 2638 176 0 0. 0.
196.48 34 DOWNLINK_STATUS 195 29750 1863 0 0. 0.
197.48 3 DOWNLINK_STATUS 196 2638 176 0 0. 0.
197.49 34 DOWNLINK_STATUS 196 29750 1863 0 0. 0.
198.49 3 DOWNLINK_STATUS 197 2638 176 0 0. 0.
198.49 34 DOWNLINK_STATUS 197 29750 1863 0 0. 0.
199.49 3 DOWNLINK_STATUS 198 2638 176 0 0. 0.
199.49 34 DOWNLINK_STATUS 198 29750 1863 0 0. 0.
200.50 3 DOWNLINK_STATUS 199 2638 176 0 0. 0.
200.50 34 DOWNLINK_STATUS 199 29750 1863 0 0. 0.
201.50 3 DOWNLINK_STATUS 200 2638 176 0 0. 0.
201.50 34 DOWNLINK_STATUS 200 29750 1863 0 0. 0.
202.50 3 DOWNLINK_STATUS 201 2638 176 0 0. 0.
202.50 34 DOWNLINK_STATUS 201 29750 1863 0 0. 0.
203.50 3 DOWNLINK_STATUS 202 2638 176 0 0. 0.
203.50 34 DOWNLINK_STATUS 202 29750 1863 0 0. 0.
204.50 3 DOWNLINK_STATUS 203 2638 176 0 0. 0.
204.50 34 DOWNLINK_STATUS 203 29750 1863 0 0. 0.
205.50 3 DOWNLINK_STATUS 204 2638 176 0 0. 0.
205.50 34 DOWNLINK_STATUS 204 29750 1863 0 0. 0.
206.50 3 DOWNLINK_STATUS 205 2638 176 0 0. 0.
206.50 34 DOWNLINK_STATUS 205 29750 1863 0 0. 0.
207.50 3 DOWNLINK_STATUS 206 2638 176 0 0. 0.
207.50 34 DOWNLINK_STATUS 206 29750 1863 0 0. 0.
208.50 3 DOWNLINK_STATUS 207 2638 176 0 0. 0.
208.50 34 DOWNLINK_STATUS 207 29750 1863 0 0. 0.
209.50 3 DOWNLINK_STATUS 208 2638 176 0 0. 0.
209.50 34 DOWNLINK_STATUS 208 29750 1863 0 0. 0.
210.50 3 DOWNLINK_STATUS 209 2638 176 0 0. 0.
210.50 34 DOWNLINK_STATUS 209 29750 1863 0 0. 0.
211.50 3 DOWNLINK_STATUS 210 2638 176 0 0. 0.
211.50 34 DOWNLINK_STATUS 210 29750 1863 0 0. 0.
212.50 3 DOWNLINK_STATUS 211 2638 176 0 0. 0.
212.50 34 DOWNLINK_STATUS 211 29750 1863 0 0. 0.
213.50 3 DOWNLINK_STATUS 212 2638 176 0 0. 0.
213.50 34 DOWNLINK_STATUS 212 29750 1863 0 0. 0.
214.50 3 DOWNLINK_STATUS 213 2638 176 0 0. 0.
214.50 34 DOWNLINK_STATUS 213 29750 1863 0 0. 0.
215.50 3 DOWNLINK_STATUS 214 2638 176 0 0. 0.
215.50 34 DOWNLINK_STATUS 214 29750 1863 0 0. 0.
216.51 3 DOWNLINK_STATUS 215 2638 176 0 0. 0.
216.51 34 DOWNLINK_STATUS 215 29750 1863 0 0. 0.
217.52 3 DOWNLINK_STATUS 216 2638 176 0 0. 0.
217.52 34 DOWNLINK_STATUS 216 29750 1863 0 0. 0.
218.52 3 DOWNLINK_STATUS 217 2638 176 0 0. 0.
218.52 34 DOWNLINK_STATUS 217 29750 1863 0 0. 0.
219.52 3 DOWNLINK_STATUS 218 2638 176 0 0. 0.
219.52 34 DOWNLINK_STATUS 218 29750 1863 0 0. 0.
220.52 3 DOWNLINK_STATUS 219 2638 176 0 0. 0.
220.52 34 DOWNLINK_STATUS 219 29750 1863 0 0. 0.
221.53 3 DOWNLINK_STATUS 220 2638 176 0 0. 0.
221.53 34 DOWNLINK_STATUS 220 29750 1863 0 0. 0.
222.53 3 DOWNLINK_STATUS 221 2638 176 0 0. 0.
222.53 34 DOWNLINK_STATUS 221 29750 1863 0 0. 0.
223.54 3 DOWNLINK_STATUS 222 2638 176 0 0. 0.
223.54 34 DOWNLINK_STATUS 222 29750 1863 0 0. 0.
224.54 3 DOWNLINK_STATUS 223 2638 176 0 0. 0.
224.54 34 DOWNLINK_STATUS 223 29750 1863 0 0. 0.
225.54 3 DOWNLINK_STATUS 224 2638 176 0 0. 0.
225.54 34 DOWNLINK_STATUS 224 29750 1863 0 0. 0.
226.54 3 DOWNLINK_STATUS 225 2638 176 0 0. 0.
226.54 34 DOWNLINK_STATUS 225 29750 1863 0 0. 0.
227.54 3 DOWNLINK_STATUS 226 2638 176 0 0. 0.
227.54 34 DOWNLINK_STATUS 226 29750 1863 0 0. 0.
228.54 3 DOWNLINK_STATUS 227 2638 176 0 0. 0.
228.54 34 DOWNLINK_STATUS 227 29750 1863 0 0. 0.
229.54 3 DOWNLINK_STATUS 228 2638 176 0 0. 0.
229.54 34 DOWNLINK_STATUS 228 29750 1863 0 0. 0.
230.54 3 DOWNLINK_STATUS 229 2638 176 0 0. 0.
230.54 34 DOWNLINK_STATUS 229 29750 1863 0 0. 0.
231.54 3 DOWNLINK_STATUS 230 2638 176 0 0. 0.
231.54 34 DOWNLINK_STATUS 230 29750 1863 0 0. 0.
232.54 3 DOWNLINK_STATUS 231 2638 176 0 0. 0.
232.54 34 DOWNLINK_STATUS 231 29750 1863 0 0. 0.
233.54 3 DOWNLINK_STATUS 232 2638 176 0 0. 0.
233.54 34 DOWNLINK_STATUS 232 29750 1863 0 0. 0.
234.54 3 DOWNLINK_STATUS 233 2638 176 0 0. 0.
234.54 34 DOWNLINK_STATUS 233 29750 1863 0 0. 0.
235.54 3 DOWNLINK_STATUS 234 2638 176 0 0. 0.
235.54 34 DOWNLINK_STATUS 234 29750 1863 0 0. 0.
236.54 3 DOWNLINK_STATUS 235 2638 176 0 0. 0.
236.54 34 DOWNLINK_STATUS 235 29750 1863 0 0. 0.
237.54 3 DOWNLINK_STATUS 236 2638 176 0 0. 0.
237.54 34 DOWNLINK_STATUS 236 29750 1863 0 0. 0.
238.54 3 DOWNLINK_STATUS 237 2638 176 0 0. 0.
238.54 34 DOWNLINK_STATUS 237 29750 1863 0 0. 0.
239.54 3 DOWNLINK_STATUS 238 2638 176 0 0. 0.
239.54 34 DOWNLINK_STATUS 238 29750 1863 0 0. 0.
240.54 3 DOWNLINK_STATUS 239 2638 176 0 0. 0.
240.54 34 DOWNLINK_STATUS 239 29750 1863 0 0. 0.
241.54 3 DOWNLINK_STATUS 240 2638 176 0 0. 0.
241.54 34 DOWNLINK_STATUS 240 29750 1863 0 0. 0.
242.55 3 DOWNLINK_STATUS 241 2638 176 0 0. 0.
242.55 34 DOWNLINK_STATUS 241 29750 1863 0 0. 0.
243.54 3 DOWNLINK_STATUS 242 2638 176 0 0. 0.
243.54 34 DOWNLINK_STATUS 242 29750 1863 0 0. 0.
244.54 3 DOWNLINK_STATUS 243 2638 176 0 0. 0.
244.54 34 DOWNLINK_STATUS 243 29750 1863 0 0. 0.
245.54 3 DOWNLINK_STATUS 244 2638 176 0 0. 0.
245.54 34 DOWNLINK_STATUS 244 29750 1863 0 0. 0.
246.54 3 DOWNLINK_STATUS 245 2638 176 0 0. 0.
246.54 34 DOWNLINK_STATUS 245 29750 1863 0 0. 0.
247.54 3 DOWNLINK_STATUS 246 2638 176 0 0. 0.
247.54 34 DOWNLINK_STATUS 246 29750 1863 0 0. 0.
