5.57 34 ESTIMATOR 0. 0. 0. 0. 0.
5.65 34 BAT 176 122 0 0 537 0 8
5.74 34 GPS 0 50624961 356621065 0 80355 0 0 511751 12 0
5.74 34 NAVIGATION 0 1 0 0 38 0. 6571.9
5.82 34 ATTITUDE 4 0 -43
5.82 34 CALIBRATION 0. 0.023 0.067 0
5.83 34 SERVO 9600 -9600 186
5.83 34 GPS 0 50624961 356621065 0 80355 0 0 511999 12 0
5.84 34 DESIRED 0. 0. 0. 0. 770. 0.
5.92 34 IR_DEBUG 556 510 556 510
5.92 34 NAVIGATION 0 1 0 0 38 0. 6571.9
6.09 34 WP_MOVED 2 506379.59375 3566304.75 800.
6.10 34 ESTIMATOR 0. 0. 0. 0. 0.
6.18 34 GPS 0 50624961 356621065 0 80355 0 0 512251 12 0
6.27 34 COMMANDS 126,-29,-1254,2651
6.27 34 NAVIGATION 0 1 0 0 38 0. 6571.9
6.36 34 ATTITUDE 3 0 -43
6.44 34 DL_VALUE 0 770.
6.54 34 FBW_STATUS 0 0 122
6.62 34 RAD_OF_IR 30 0 0.00211
6.71 34 IR_SENSORS -748 31 1
6.79 34 GPS 0 50624961 356621065 0 80355 0 0 512499 12 0
6.79 34 NAVIGATION 0 1 0 0 38 0. 6571.9
6.88 34 WP_MOVED 3 506366. 3566262. 0.
6.97 34 GYRO_RATES -48 -20 0 0.418879 -0.174533 0.
7.14 34 DOWNLINK_STATUS 6 1124 70 0 404. 25.
7.14 34 ESTIMATOR 0. 0. 0. 0. 0.
7.23 34 GPS 0 50624961 356621065 0 80355 0 0 512751 12 0
7.23 34 NAVIGATION 0 1 0 0 38 0. 6571.9
7.31 34 ATTITUDE 4 0 -44
7.32 34 DESIRED 0. 0. 0. 0. 770. 0.
7.32 34 NAVIGATION 0 1 0 0 38 0. 6571.9
7.32 34 GPS 0 50624961 356621065 0 80355 0 0 512999 12 0
7.41 34 WP_MOVED 0 506408. 3566304. 800.
7.41 34 ESTIMATOR 0. 0. 0. 0. 0.
7.59 34 DOWNLINK_STATUS 6 1307 79 0 183. 9.
7.68 34 COMMANDS 173,-14,-1251,2607
7.68 34 NAVIGATION 0 1 0 0 38 0. 6571.9
7.77 34 ATTITUDE 3 0 -44
7.85 34 DL_VALUE 1 1.
7.93 34 GPS 0 50624961 356621065 0 80355 0 0 513251 12 0
7.94 34 FBW_STATUS 0 0 122
7.94 34 RAD_OF_IR 30 0 0.00211
8.11 34 IR_SENSORS -749 30 1
8.11 34 NAVIGATION 0 1 0 0 38 0. 6571.9
8.20 34 GPS 0 50624961 356621065 0 80355 0 0 513499 12 0
8.28 34 WP_MOVED 1 506292.5 3566296.25 800.
8.29 34 GYRO_RATES -48 -20 0 0.418879 -0.174533 0.
8.29 34 ESTIMATOR 0. 0. 0. 0. 0.
8.38 34 BAT 183 122 0 0 539 0 8
8.38 34 NAVIGATION 0 1 0 0 38 0. 6571.9
8.47 34 ATTITUDE 3 0 -43
8.47 34 CALIBRATION 0. 0.023 0.067 0
8.64 34 GPS 0 50624961 356621065 0 80355 0 0 513751 12 0
8.73 34 SERVO 9600 -9600 134
8.73 34 DESIRED 0. 0. 0. 0. 770. 0.
8.82 34 IR_DEBUG 553 509 553 509
8.83 34 NAVIGATION 0 1 0 0 38 0. 6571.9
8.91 34 DOWNLINK_STATUS 8 1647 101 0 340. 22.
9.00 34 WP_MOVED 2 506379.59375 3566304.75 800.
9.17 34 GPS 0 50624961 356621065 0 80355 0 0 513999 12 0
9.17 34 ESTIMATOR 0. 0. 0. 0. 0.
9.26 34 COMMANDS 186,-18,-1236,2541
9.26 34 NAVIGATION 0 1 0 0 38 0. 6571.9
9.27 34 ATTITUDE 3 0 -43
9.35 34 DL_VALUE 2 0.
9.44 34 GPS 0 50624961 356621065 0 80355 0 0 514251 12 0
9.44 34 FBW_STATUS 0 0 122
9.44 34 RAD_OF_IR 30 0 0.00211
9.53 34 IR_SENSORS -746 30 1
9.53 34 NAVIGATION 0 1 0 0 38 0. 6571.9
9.71 34 WP_MOVED 3 506366. 3566262. 0.
9.80 34 GYRO_RATES -48 -21 0 0.418879 -0.18326 0.
9.88 34 GPS 0 50624961 356621065 0 80355 0 0 514499 12 0
9.89 34 ESTIMATOR 0. 0. 0. 0. 0.
9.89 34 NAVIGATION 0 1 0 0 38 0. 6571.9
9.98 34 ATTITUDE 4 0 -43
9.98 34 GPS 0 50624961 356621065 0 80355 0 0 514751 12 0
9.98 34 DESIRED 0. 0. 0. 0. 770. 0.
9.98 34 NAVIGATION 0 1 0 0 38 0. 6571.9
10.07 34 WP_MOVED 0 506408. 3566304. 800.
10.24 34 DOWNLINK_STATUS 9 2019 123 0 372. 22.
10.33 34 GPS 0 50624961 356621065 0 80355 0 0 514999 12 0
10.33 34 ESTIMATOR 0. 0. 0. 0. 0.
10.42 34 COMMANDS 183,-12,-1236,2533
10.50 34 NAVIGATION 0 1 0 0 38 0. 6571.9
10.50 34 ATTITUDE 4 0 -43
10.58 34 DL_VALUE 3 0.
10.59 34 FBW_STATUS 0 0 122
10.59 34 RAD_OF_IR 30 0 0.00211
10.60 34 NAVIGATION_REF 506366 3566262 12
10.77 34 GPS 0 50624961 356621065 0 80355 0 0 515251 12 0
10.85 34 ACTUATORS 1433,1562,0,1214,1632
10.94 34 IR_SENSORS -742 31 1
10.94 34 NAVIGATION 0 1 0 0 38 0. 6571.9
11.03 34 WP_MOVED 1 506292.5 3566296.25 800.
11.12 34 GYRO_RATES -48 -19 0 0.418879 -0.165806 0.
11.16 34 ESTIMATOR 0. 0. 0. 0. 0.
11.29 34 BAT 159 122 0 0 541 0 8
11.38 34 GPS 0 50624961 356621065 0 80355 0 0 515499 12 0
11.38 34 NAVIGATION 0 1 0 0 38 0. 6571.9
11.47 34 ATTITUDE 4 0 -42
11.47 34 CALIBRATION 0. 0.023 0.067 0
11.55 34 DOWNLINK_STATUS 10 2343 144 0 324. 21.
11.65 34 SERVO 9600 -9600 172
11.82 34 GPS 0 50624961 356621065 0 80355 0 0 515751 12 0
11.82 34 DESIRED 0. 0. 0. 0. 770. 0.
11.91 34 IR_DEBUG 553 507 553 507
11.91 34 NAVIGATION 0 1 0 0 38 0. 6571.9
12.00 34 WP_MOVED 2 506379.59375 3566304.75 800.
12.00 34 PPRZ_MODE 0 0 3 0 0 1 0
12.01 34 ESTIMATOR 0. 0. 0. 0. 0.
12.10 34 GPS 0 50624961 356621065 0 80355 0 0 515999 12 0
12.18 34 COMMANDS 169,-6,-1240,2538
12.19 34 NAVIGATION 0 1 0 0 38 0. 6571.9
12.19 34 ATTITUDE 4 0 -42
12.35 34 DL_VALUE 4 0.
12.36 34 FBW_STATUS 0 0 122
12.45 34 RAD_OF_IR 33 0 0.00211
12.53 34 IR_SENSORS -743 33 1
12.62 34 GPS 0 50624961 356621065 0 80355 0 0 516251 12 0
12.66 34 NAVIGATION 0 1 0 0 38 0. 6571.9
12.71 34 WP_MOVED 3 506366. 3566262. 0.
12.72 34 GYRO_RATES -48 -19 0 0.418879 -0.165806 0.
12.89 34 DOWNLINK_STATUS 11 2652 164 0 309. 20.
12.89 34 ESTIMATOR 0. 0. 0. 0. 0.
12.98 34 GPS 0 50624961 356621065 0 80355 0 0 516499 12 0
12.99 34 NAVIGATION 0 1 0 0 38 0. 6571.9
12.99 34 ATTITUDE 4 0 -42
12.99 34 DESIRED 0. 0. 0. 0. 770. 0.
13.00 34 NAVIGATION 0 1 0 0 38 0. 6571.9
13.00 34 GPS 0 50624961 356621065 0 80355 0 0 516751 12 0
13.09 34 WP_MOVED 0 506408. 3566304. 800.
13.09 34 ESTIMATOR 0. 0. 0. 0. 0.
13.18 34 COMMANDS 178,40,-1218,2525
13.18 34 NAVIGATION 0 1 0 0 38 0. 6571.9
13.18 34 ATTITUDE 4 0 -44
13.27 34 DL_VALUE 5 0.
13.43 34 GPS 0 50624961 356621065 0 80355 0 0 516999 12 0
13.44 34 FBW_STATUS 0 0 122
13.52 34 RAD_OF_IR 31 0 0.00211
13.62 34 IR_SENSORS -755 31 1
13.62 34 NAVIGATION 0 1 0 0 38 0. 6571.9
13.71 34 GPS 0 50624961 356621065 0 80355 0 0 517251 12 0
13.79 34 WP_MOVED 1 506292.5 3566296.25 800.
13.96 34 GYRO_RATES -48 -18 0 0.418879 -0.15708 0.
13.97 34 ESTIMATOR 0. 0. 0. 0. 0.
14.05 34 DOWNLINK_STATUS 13 3031 186 0 379. 22.
14.06 34 NAVIGATION 0 1 0 0 38 0. 6571.9
14.15 34 ATTITUDE 4 0 -45
14.19 34 CALIBRATION 0. 0.023 0.067 0
14.23 34 GPS 0 50624961 356621065 0 80355 0 0 517499 12 0
14.32 34 SERVO 9600 -9600 163
14.32 34 DESIRED 0. 0. 0. 0. 770. 0.
14.49 34 IR_DEBUG 563 517 563 517
14.50 34 NAVIGATION 0 1 0 0 38 0. 6571.9
14.59 34 WP_MOVED 2 506379.59375 3566304.75 800.
14.68 34 GPS 0 50624961 356621065 0 80355 0 0 517751 12 0
14.68 34 ESTIMATOR 0. 0. 0. 0. 0.
14.80 34 COMMANDS 182,18,-1187,2481
14.80 34 NAVIGATION 0 1 0 0 38 0. 6571.9
14.80 34 ATTITUDE 4 0 -45
14.97 34 DL_VALUE 6 0.
14.97 34 FBW_STATUS 0 0 122
15.06 34 GPS 0 50624961 356621065 0 80355 0 0 517999 12 0
15.15 34 RAD_OF_IR 32 0 0.00211
15.19 34 IR_SENSORS -755 31 1
15.19 34 NAVIGATION 0 1 0 0 38 0. 6571.9
15.25 34 WP_MOVED 3 506366. 3566262. 0.
15.33 34 GYRO_RATES -48 -20 0 0.418879 -0.174533 0.
15.50 34 DOWNLINK_STATUS 14 3372 208 0 341. 22.
15.59 34 GPS 0 50624961 356621065 0 80355 0 0 518251 12 0
15.60 34 ESTIMATOR 0. 0. 0. 0. 0.
15.60 34 NAVIGATION 0 1 0 0 38 0. 6571.9
15.69 34 ATTITUDE 3 0 -45
15.69 34 GPS 0 50624961 356621065 0 80355 0 0 518499 12 0
15.69 34 DESIRED 0. 0. 0. 0. 770. 0.
15.69 34 NAVIGATION 0 1 0 0 38 0. 6571.9
15.78 34 WP_MOVED 0 506408. 3566304. 800.
15.87 34 GPS 0 50624961 356621065 0 80355 0 0 518751 12 0
15.87 34 ESTIMATOR 0. 0. 0. 0. 0.
16.04 34 COMMANDS 170,17,-1229,2573
16.04 34 NAVIGATION 0 1 0 0 38 0. 6571.9
16.17 34 ATTITUDE 4 0 -45
16.25 34 DL_VALUE 7 0.
16.26 34 FBW_STATUS 0 0 122
16.26 34 RAD_OF_IR 32 0 0.00211
16.35 34 GPS 0 50624961 356621065 0 80355 0 0 518999 12 0
16.51 34 IR_SENSORS -754 32 1
16.52 34 NAVIGATION 0 1 0 0 38 0. 6571.9
16.61 34 DOWNLINK_STATUS 15 3694 227 0 322. 19.
16.64 34 WP_MOVED 1 506292.5 3566296.25 800.
16.64 34 GYRO_RATES -48 -21 0 0.418879 -0.18326 0.
16.65 34 ESTIMATOR 0. 0. 0. 0. 0.
16.65 34 BAT 159 122 0 0 545 0 8
16.65 34 GPS 0 50624961 356621065 0 80355 0 0 519251 12 0
16.65 34 NAVIGATION 0 1 0 0 38 0. 6571.9
16.65 34 ATTITUDE 3 0 -44
16.65 34 CALIBRATION 0. 0.023 0.067 0
16.66 34 SERVO 9600 -9600 181
16.66 34 GPS 0 50624961 356621065 0 80355 0 0 519499 12 0
16.66 34 DESIRED 0. 0. 0. 0. 770. 0.
16.66 34 IR_DEBUG 564 522 564 522
16.66 34 NAVIGATION 0 1 0 0 38 0. 6571.9
16.66 34 WP_MOVED 2 506379.59375 3566304.75 800.
16.67 34 ESTIMATOR 0. 0. 0. 0. 0.
16.67 34 GPS 0 50624961 356621065 0 80355 0 0 519751 12 0
16.67 34 COMMANDS 167,10,-1236,2571
16.67 34 NAVIGATION 0 1 0 0 38 0. 6571.9
16.67 34 ATTITUDE 3 0 -49
16.67 34 DL_VALUE 8 1.
16.68 34 FBW_STATUS 0 0 122
16.68 34 RAD_OF_IR 28 0 0.00211
16.72 34 ACTUATORS 1441,1564,0,1214,1632
16.72 34 IR_SENSORS -783 27 1
16.72 34 GPS 0 50624961 356621065 0 80355 0 0 519999 12 0
16.72 34 NAVIGATION 0 1 0 0 38 0. 6571.9
16.72 34 WP_MOVED 3 506366. 3566262. 0.
16.72 34 GYRO_RATES -48 -20 0 0.418879 -0.174533 0.
16.72 34 ESTIMATOR 0. 0. 0. 0. 0.
16.73 34 GPS 0 50624961 356621065 0 80355 0 0 520251 12 0
16.73 34 NAVIGATION 0 1 0 0 38 0. 6571.9
16.73 34 ATTITUDE 3 0 -49
16.73 34 DESIRED 0. 0. 0. 0. 770. 0.
16.73 34 NAVIGATION 0 1 0 0 38 0. 6571.9
16.74 34 GPS 0 50624961 356621065 0 80355 0 0 520499 12 0
16.74 34 WP_MOVED 0 506408. 3566304. 800.
16.74 34 PPRZ_MODE 0 0 3 0 0 1 0
16.74 34 ESTIMATOR 0. 0. 0. 0. 0.
16.75 34 COMMANDS 158,-4,-1253,2574
16.75 34 NAVIGATION 0 1 0 0 38 0. 6571.9
16.75 34 ATTITUDE 3 0 -50
16.75 34 DL_VALUE 9 -61.099998
16.75 34 GPS 0 50624961 356621065 0 80355 0 0 520751 12 0
16.75 34 FBW_STATUS 0 0 122
16.75 34 RAD_OF_IR 28 0 0.00211
16.75 34 IR_SENSORS -777 28 1
16.75 34 NAVIGATION 0 1 0 0 38 0. 6571.9
16.76 34 GPS 0 50624961 356621065 0 80355 0 0 520999 12 0
16.76 34 WP_MOVED 1 506292.5 3566296.25 800.
16.76 34 GYRO_RATES -49 -18 0 0.427606 -0.15708 0.
16.76 34 ESTIMATOR 0. 0. 0. 0. 0.
16.76 34 BAT 165 122 0 0 547 0 8
17.11 34 NAVIGATION 0 1 0 0 38 0. 6571.9
17.19 34 ATTITUDE 3 0 -48
17.20 34 CALIBRATION 0. 0.023 0.067 0
17.28 34 GPS 0 50624961 356621065 0 80355 0 0 521251 12 0
17.37 34 SERVO 9600 -9600 172
17.37 34 DESIRED 0. 0. 0. 0. 770. 0.
17.54 34 IR_DEBUG 572 531 572 531
17.54 34 NAVIGATION 0 1 0 0 38 0. 6571.9
17.63 34 WP_MOVED 2 506379.59375 3566304.75 800.
17.72 34 GPS 0 50624961 356621065 0 80355 0 0 521499 12 0
17.72 34 ESTIMATOR 0. 0. 0. 0. 0.
17.81 34 DOWNLINK_STATUS 16 4742 290 0 1048. 63.
17.90 34 COMMANDS 160,-20,-1251,2565
17.90 34 NAVIGATION 0 1 0 0 38 0. 6571.9
18.10 34 ATTITUDE 3 0 -47
18.26 34 DL_VALUE 10 0.
18.36 34 GPS 0 50624961 356621065 0 80355 0 0 521751 12 0
18.36 34 FBW_STATUS 0 0 122
18.54 34 RAD_OF_IR 27 0 0.00211
18.86 34 IR_SENSORS -766 27 1
18.87 34 NAVIGATION 0 1 0 0 38 0. 6571.9
18.96 34 WP_MOVED 3 506366. 3566262. 0.
18.96 34 GYRO_RATES -48 -21 0 0.418879 -0.18326 0.
19.16 34 GPS 0 50624961 356621065 0 80355 0 0 521999 12 0
19.17 34 ESTIMATOR 0. 0. 0. 0. 0.
19.21 34 NAVIGATION 0 1 0 0 38 0. 6571.9
19.30 34 ATTITUDE 3 0 -45
19.42 34 GPS 0 50624961 356621065 0 80355 0 0 522251 12 0
19.42 34 DESIRED 0. 0. 0. 0. 770. 0.
19.42 34 NAVIGATION 0 1 0 0 38 0. 6571.9
19.65 34 WP_MOVED 0 506408. 3566304. 800.
19.74 34 GPS 0 50624961 356621065 0 80355 0 0 522499 12 0
19.74 34 ESTIMATOR 0. 0. 0. 0. 0.
19.83 34 DOWNLINK_STATUS 18 5099 311 0 357. 21.
19.93 34 COMMANDS 162,-28,-1281,2539
19.93 34 NAVIGATION 0 1 0 0 38 0. 6571.9
20.02 34 ATTITUDE 5 0 -38
20.24 34 DL_VALUE 11 1.
20.24 34 FBW_STATUS 0 0 122
20.33 34 RAD_OF_IR 38 0 0.00211
20.43 34 GPS 0 50624961 356621065 0 80355 0 0 522751 12 0
20.61 34 IR_SENSORS -721 39 1
20.61 34 NAVIGATION 0 1 0 0 38 0. 6571.9
20.71 34 WP_MOVED 1 506292.5 3566296.25 800.
20.81 34 GYRO_RATES -47 -40 1 0.410152 -0.349066 0.008727
20.81 34 ESTIMATOR 0. 0. 0. 0. 0.
20.90 34 BAT 169 122 0 0 549 0 8
20.99 34 GPS 0 50624961 356621065 0 80355 0 0 522999 12 0
21.03 34 NAVIGATION 0 1 0 0 38 0. 6571.9
21.23 34 ATTITUDE 5 0 -39
21.24 34 CALIBRATION 0. 0.023 0.067 0
21.34 34 SERVO 9600 -9600 173
21.44 34 GPS 0 50624961 356621065 0 80355 0 0 523251 12 0
21.44 34 DESIRED 0. 0. 0. 0. 770. 0.
21.63 34 IR_DEBUG 542 484 542 484
21.64 34 NAVIGATION 0 1 0 0 38 0. 6571.9
21.73 34 DOWNLINK_STATUS 20 5439 333 0 340. 22.
21.82 34 WP_MOVED 2 506379.59375 3566304.75 800.
21.82 34 ESTIMATOR 0. 0. 0. 0. 0.
21.91 34 GPS 0 50624961 356621065 0 80355 0 0 523499 12 0
22.01 34 COMMANDS 173,-40,-1281,2487
22.01 34 NAVIGATION 0 1 0 0 38 0. 6571.9
22.09 34 ATTITUDE 6 0 -38
22.28 34 DL_VALUE 12 0.
22.32 34 FBW_STATUS 0 0 122
22.37 34 RAD_OF_IR 41 0 0.00211
22.38 34 NAVIGATION_REF 506366 3566262 12
22.47 34 IR_SENSORS -693 34 1
22.65 34 GPS 0 50624961 356621065 0 80355 0 0 523751 12 0
22.65 34 NAVIGATION 0 1 0 0 38 0. 6571.9
22.74 34 WP_MOVED 3 506366. 3566262. 0.
22.84 34 GYRO_RATES -49 -17 0 0.427606 -0.148353 0.
22.85 34 ESTIMATOR 0. 0. 0. 0. 0.
22.85 34 NAVIGATION 0 1 0 0 38 0. 6571.9
22.95 34 GPS 0 50624961 356621065 0 80355 0 0 523999 12 0
23.04 34 ATTITUDE 2 0 -31
23.14 34 DOWNLINK_STATUS 22 5736 352 0 297. 19.
23.17 34 DESIRED 0. 0. 0. 0. 770. 0.
23.18 34 NAVIGATION 0 1 0 0 38 0. 6571.9
23.36 34 GPS 0 50624961 356621065 0 80355 0 0 524251 12 0
23.45 34 WP_MOVED 0 506408. 3566304. 800.
23.45 34 ESTIMATOR 0. 0. 0. 0. 0.
23.63 34 COMMANDS 180,10,-1184,2541
23.63 34 NAVIGATION 0 1 0 0 38 0. 6571.9
23.73 34 ATTITUDE 1 0 -28
23.82 34 DL_VALUE 13 517.
23.92 34 GPS 0 50624961 356621065 0 80355 0 0 524499 12 0
23.93 34 FBW_STATUS 0 0 122
24.02 34 RAD_OF_IR 15 0 0.00211
24.11 34 ACTUATORS 1436,1563,0,1213,1634
24.21 34 IR_SENSORS -657 14 1
24.25 34 NAVIGATION 0 1 0 0 38 0. 6571.9
24.39 34 GPS 0 50624961 356621065 0 80355 0 0 524751 12 0
24.49 34 WP_MOVED 1 506292.5 3566296.25 800.
24.67 34 GYRO_RATES -48 -32 0 0.418879 -0.279253 0.
24.71 34 ESTIMATOR 0. 0. 0. 0. 0.
27.01 34 BAT 150 122 0 0 551 0 8
27.01 34 DOWNLINK_STATUS 23 6067 372 0 331. 20.
27.01 34 NAVIGATION 0 1 0 0 38 0. 6571.9
27.01 34 ATTITUDE 1 0 -27
27.01 34 CALIBRATION 0. 0.023 0.067 0
27.01 34 GPS 0 50624961 356621065 0 80355 0 0 524999 12 0
27.01 34 SERVO 9600 -9600 163
27.01 34 DESIRED 0. 0. 0. 0. 770. 0.
27.01 34 IR_DEBUG 479 459 479 459
27.01 34 NAVIGATION 0 1 0 0 38 0. 6571.9
27.01 34 WP_MOVED 2 506379.59375 3566304.75 800.
27.01 34 PPRZ_MODE 0 0 3 0 0 1 0
27.01 34 GPS 0 50624961 356621065 0 80355 0 0 525251 12 0
27.01 34 ESTIMATOR 0. 0. 0. 0. 0.
27.01 34 COMMANDS 139,-12,-1292,2541
27.01 34 NAVIGATION 0 1 0 0 38 0. 6571.9
27.01 34 ATTITUDE 1 0 -27
27.01 34 DL_VALUE 14 482.
27.01 34 GPS 0 50624961 356621065 0 80355 0 0 525499 12 0
27.01 34 FBW_STATUS 0 0 122
27.01 34 RAD_OF_IR 14 0 0.00211
27.01 34 IR_SENSORS -656 14 1
27.01 34 NAVIGATION 0 1 0 0 38 0. 6571.9
27.01 34 WP_MOVED 3 506366. 3566262. 0.
27.01 34 GYRO_RATES -48 -20 0 0.418879 -0.174533 0.
27.01 34 DOWNLINK_STATUS 25 6417 395 0 350. 23.
27.01 34 GPS 0 50624961 356621065 0 80355 0 0 525751 12 0
27.01 34 ESTIMATOR 0. 0. 0. 0. 0.
27.01 34 NAVIGATION 0 1 0 0 38 0. 6571.9
27.01 34 ATTITUDE 0 0 -27
27.01 34 GPS 0 50624961 356621065 0 80355 0 0 525999 12 0
27.01 34 DESIRED 0. 0. 0. 0. 770. 0.
27.01 34 NAVIGATION 0 1 0 0 38 0. 6571.9
27.01 34 WP_MOVED 0 506408. 3566304. 800.
27.01 34 GPS 0 50624961 356621065 0 80355 0 0 526251 12 0
27.01 34 ESTIMATOR 0. 0. 0. 0. 0.
27.01 34 COMMANDS 178,-7,-1223,2535
27.01 34 NAVIGATION 0 1 0 0 38 0. 6571.9
27.01 34 ATTITUDE 0 0 -27
27.01 34 DL_VALUE 15 455.
27.02 34 FBW_STATUS 0 0 122
27.02 34 RAD_OF_IR 12 0 0.00211
27.02 34 GPS 0 50624961 356621065 0 80355 0 0 526499 12 0
27.02 34 DOWNLINK_STATUS 26 6713 412 0 296. 17.
27.02 34 IR_SENSORS -656 12 1
27.02 34 NAVIGATION 0 1 0 0 38 0. 6571.9
27.02 34 WP_MOVED 1 506292.5 3566296.25 800.
27.02 34 GYRO_RATES -48 -20 0 0.418879 -0.174533 0.
27.02 34 ESTIMATOR 0. 0. 0. 0. 0.
27.02 34 BAT 169 122 0 0 553 0 8
27.02 34 GPS 0 50624961 356621065 0 80355 0 0 526751 12 0
27.02 34 NAVIGATION 0 1 0 0 38 0. 6571.9
27.02 34 ATTITUDE 0 0 -27
27.02 34 CALIBRATION 0. 0.023 0.067 0
27.02 34 SERVO 9600 -9600 165
27.02 34 GPS 0 50624961 356621065 0 80355 0 0 526999 12 0
27.02 34 DESIRED 0. 0. 0. 0. 770. 0.
27.02 34 IR_DEBUG 477 460 477 460
27.02 34 NAVIGATION 0 1 0 0 38 0. 6571.9
27.02 34 WP_MOVED 2 506379.59375 3566304.75 800.
27.02 34 ESTIMATOR 0. 0. 0. 0. 0.
27.02 34 GPS 0 50624961 356621065 0 80355 0 0 527251 12 0
27.02 34 COMMANDS 201,4,-1221,2519
27.02 34 NAVIGATION 0 1 0 0 38 0. 6571.9
27.02 34 ATTITUDE 0 0 -27
27.02 34 DL_VALUE 16 7500.
27.02 34 FBW_STATUS 0 0 122
27.02 34 RAD_OF_IR 12 0 0.00211
27.02 34 IR_SENSORS -655 11 1
27.02 34 GPS 0 50624961 356621065 0 80355 0 0 527499 12 0
27.02 34 NAVIGATION 0 1 0 0 38 0. 6571.9
27.02 34 WP_MOVED 3 506366. 3566262. 0.
27.02 34 GYRO_RATES -48 -20 0 0.418879 -0.174533 0.
27.02 34 ESTIMATOR 0. 0. 0. 0. 0.
27.02 34 GPS 0 50624961 356621065 0 80355 0 0 527751 12 0
27.02 34 NAVIGATION 0 1 0 0 38 0. 6571.9
27.02 34 ATTITUDE 0 0 -27
27.02 34 DESIRED 0. 0. 0. 0. 770. 0.
27.02 34 NAVIGATION 0 1 0 0 38 0. 6571.9
27.02 34 GPS 0 50624961 356621065 0 80355 0 0 527999 12 0
27.02 34 WP_MOVED 0 506408. 3566304. 800.
27.02 34 ESTIMATOR 0. 0. 0. 0. 0.
27.30 34 COMMANDS 257,-10,-1078,2554
27.34 34 NAVIGATION 0 1 0 0 38 0. 6571.9
27.34 34 ATTITUDE 1 0 -27
27.34 34 DL_VALUE 17 11250.
27.34 34 GPS 0 50624961 356621065 0 80355 0 0 528251 12 0
27.34 34 FBW_STATUS 0 0 122
27.35 34 RAD_OF_IR 15 0 0.00211
27.35 34 IR_SENSORS -658 15 1
27.35 34 NAVIGATION 0 1 0 0 38 0. 6571.9
27.35 34 GPS 0 50624961 356621065 0 80355 0 0 528499 12 0
27.41 34 WP_MOVED 1 506292.5 3566296.25 800.
27.41 34 GYRO_RATES -48 -20 0 0.418879 -0.174533 0.
27.52 34 ESTIMATOR 0. 0. 0. 0. 0.
27.61 34 BAT 151 122 0 0 555 0 8
27.61 34 NAVIGATION 0 1 0 0 38 0. 6571.9
27.79 34 ATTITUDE 1 0 -27
27.79 34 CALIBRATION 0. 0.023 0.067 0
27.88 34 GPS 0 50624961 356621065 0 80355 0 0 528751 12 0
27.97 34 SERVO 9600 -9600 156
27.97 34 DESIRED 0. 0. 0. 0. 770. 0.
28.07 34 IR_DEBUG 479 458 479 458
28.07 34 NAVIGATION 0 1 0 0 38 0. 6571.9
28.18 34 WP_MOVED 2 506379.59375 3566304.75 800.
28.30 34 GPS 0 50624961 356621065 0 80355 0 0 528999 12 0
28.31 34 ESTIMATOR 0. 0. 0. 0. 0.
28.56 34 DOWNLINK_STATUS 27 7765 475 0 1052. 63.
28.68 34 COMMANDS 170,0,-1242,2558
28.68 34 NAVIGATION 0 1 0 0 38 0. 6571.9
28.96 34 ATTITUDE 1 0 -26
29.05 34 DL_VALUE 18 10000.
29.14 34 GPS 0 50624961 356621065 0 80355 0 0 529251 12 0
29.14 34 FBW_STATUS 0 0 122
29.25 34 RAD_OF_IR 14 0 0.00211
29.34 34 ACTUATORS 1438,1560,0,1217,1633
29.51 34 IR_SENSORS -653 14 1
29.52 34 NAVIGATION 0 1 0 0 38 0. 6571.9
29.63 34 WP_MOVED 3 506366. 3566262. 0.
29.67 34 GYRO_RATES -48 -20 0 0.418879 -0.174533 0.
29.72 34 GPS 0 50624961 356621065 0 80355 0 0 529499 12 0
29.73 34 ESTIMATOR 0. 0. 0. 0. 0.
29.73 34 NAVIGATION 0 1 0 0 38 0. 6571.9
29.73 34 ATTITUDE 1 0 -26
29.73 34 GPS 0 50624961 356621065 0 80355 0 0 529751 12 0
29.74 34 DESIRED 0. 0. 0. 0. 770. 0.
29.74 34 NAVIGATION 0 1 0 0 38 0. 6571.9
29.74 34 WP_MOVED 0 506408. 3566304. 800.
29.74 34 PPRZ_MODE 0 0 3 0 0 1 0
29.75 34 GPS 0 50624961 356621065 0 80355 0 0 529999 12 0
29.75 34 ESTIMATOR 0. 0. 0. 0. 0.
29.93 34 DOWNLINK_STATUS 28 8144 498 0 379. 23.
30.07 34 COMMANDS 144,21,-1223,2610
30.07 34 NAVIGATION 0 1 0 0 38 0. 6571.9
30.16 34 ATTITUDE 0 0 -26
30.26 34 DL_VALUE 19 3000.
30.26 34 FBW_STATUS 0 0 122
30.27 34 RAD_OF_IR 14 0 0.00211
30.36 34 GPS 0 50624961 356621065 0 80355 0 0 530251 12 0
30.54 34 IR_SENSORS -652 14 1
30.55 34 NAVIGATION 0 1 0 0 38 0. 6571.9
30.64 34 WP_MOVED 1 506292.5 3566296.25 800.
30.64 34 GYRO_RATES -48 -20 0 0.418879 -0.174533 0.
30.65 34 ESTIMATOR 0. 0. 0. 0. 0.
30.74 34 BAT 173 122 0 0 557 1 8
30.83 34 GPS 0 50624961 356621065 0 80355 0 0 530499 12 0
30.84 34 NAVIGATION 0 1 0 0 38 0. 6571.9
30.93 34 ATTITUDE 1 0 -26
30.93 34 CALIBRATION 0. 0.023 0.067 0
31.03 34 SERVO 9600 -9600 185
31.13 34 GPS 0 50624961 356621065 0 80355 0 0 530751 12 0
31.13 34 DESIRED 0. 0. 0. 0. 770. 0.
31.22 34 IR_DEBUG 477 454 477 454
31.23 34 NAVIGATION 0 1 0 0 38 0. 6571.9
31.32 34 WP_MOVED 2 506379.59375 3566304.75 800.
31.42 34 ESTIMATOR 0. 0. 0. 0. 0.
31.61 34 GPS 0 50624961 356621065 0 80355 0 0 530999 12 0
31.70 34 COMMANDS 172,-6,-1247,2539
31.70 34 NAVIGATION 0 1 0 0 38 0. 6571.9
31.70 34 ATTITUDE 1 0 -26
31.79 34 DL_VALUE 20 20000.
31.80 34 FBW_STATUS 0 0 122
31.97 34 DOWNLINK_STATUS 30 8597 528 0 453. 30.
32.07 34 RAD_OF_IR 16 0 0.00211
32.16 34 IR_SENSORS -653 16 1
32.25 34 GPS 0 50624961 356621065 0 80355 0 0 531251 12 0
32.25 34 NAVIGATION 0 1 0 0 38 0. 6571.9
32.34 34 WP_MOVED 3 506366. 3566262. 0.
32.35 34 GYRO_RATES -48 -20 0 0.418879 -0.174533 0.
32.35 34 ESTIMATOR 0. 0. 0. 0. 0.
32.35 34 GPS 0 50624961 356621065 0 80355 0 0 531499 12 0
32.36 34 NAVIGATION 0 1 0 0 38 0. 6571.9
32.36 34 ATTITUDE 1 0 -26
32.36 34 DESIRED 0. 0. 0. 0. 770. 0.
32.37 34 NAVIGATION 0 1 0 0 38 0. 6571.9
32.37 34 GPS 0 50624961 356621065 0 80355 0 0 531751 12 0
32.37 34 WP_MOVED 0 506408. 3566304. 800.
32.37 34 ESTIMATOR 0. 0. 0. 0. 0.
32.46 34 COMMANDS 183,9,-1191,2528
32.47 34 NAVIGATION 0 1 0 0 38 0. 6571.9
32.47 34 ATTITUDE 1 0 -27
32.71 34 DL_VALUE 21 17500.
32.85 34 GPS 0 50624961 356621065 0 80355 0 0 531999 12 0
32.94 34 FBW_STATUS 0 0 122
32.94 34 RAD_OF_IR 16 0 0.00211
32.95 34 NAVIGATION_REF 506366 3566262 12
33.03 34 DOWNLINK_STATUS 32 8975 551 0 378. 23.
33.13 34 IR_SENSORS -654 16 1
33.18 34 NAVIGATION 0 1 0 0 38 0. 6571.9
33.25 34 GPS 0 50624961 356621065 0 80355 0 0 532251 12 0
33.34 34 WP_MOVED 1 506292.5 3566296.25 800.
33.34 34 GYRO_RATES -48 -20 0 0.418879 -0.174533 0.
33.35 34 ESTIMATOR 0. 0. 0. 0. 0.
33.44 34 BAT 184 122 0 0 559 1 8
33.45 34 NAVIGATION 0 1 0 0 38 0. 6571.9
33.45 34 ATTITUDE 1 0 -26
33.45 34 CALIBRATION 0. 0.023 0.067 0
33.54 34 GPS 0 50624961 356621065 0 80355 0 0 532499 12 0
33.73 34 SERVO 9600 -9600 177
33.78 34 DESIRED 0. 0. 0. 0. 770. 0.
33.82 34 IR_DEBUG 478 456 478 456
33.83 34 NAVIGATION 0 1 0 0 38 0. 6571.9
34.19 34 WP_MOVED 2 506379.59375 3566304.75 800.
34.19 34 GPS 0 50624961 356621065 0 80355 0 0 532751 12 0
34.19 34 ESTIMATOR 0. 0. 0. 0. 0.
34.23 34 COMMANDS 196,-6,-1212,2562
34.23 34 NAVIGATION 0 1 0 0 38 0. 6571.9
34.23 34 ATTITUDE 1 0 -26
34.24 34 DL_VALUE 22 20000.
34.24 34 DOWNLINK_STATUS 33 9337 573 0 362. 22.
34.24 34 FBW_STATUS 0 0 122
34.24 34 GPS 0 50624961 356621065 0 80355 0 0 532999 12 0
34.24 34 RAD_OF_IR 15 0 0.00211
34.24 34 IR_SENSORS -652 15 1
34.24 34 NAVIGATION 0 1 0 0 38 0. 6571.9
34.25 34 WP_MOVED 3 506366. 3566262. 0.
34.25 34 GYRO_RATES -48 -21 0 0.418879 -0.18326 0.
34.25 34 GPS 0 50624961 356621065 0 80355 0 0 533251 12 0
34.25 34 ESTIMATOR 0. 0. 0. 0. 0.
34.26 34 NAVIGATION 0 1 0 0 38 0. 6571.9
34.26 34 ATTITUDE 1 0 -27
34.26 34 GPS 0 50624961 356621065 0 80355 0 0 533499 12 0
34.26 34 DESIRED 0. 0. 0. 0. 770. 0.
34.26 34 NAVIGATION 0 1 0 0 38 0. 6571.9
34.26 34 WP_MOVED 0 506408. 3566304. 800.
34.27 34 GPS 0 50624961 356621065 0 80355 0 0 533751 12 0
34.27 34 ESTIMATOR 0. 0. 0. 0. 0.
34.27 34 COMMANDS 171,-4,-1228,2567
34.27 34 NAVIGATION 0 1 0 0 38 0. 6571.9
34.31 34 ATTITUDE 1 0 -26
34.31 34 DL_VALUE 23 0.
34.31 34 FBW_STATUS 0 0 122
34.31 34 RAD_OF_IR 14 0 0.00211
34.32 34 GPS 0 50624961 356621065 0 80355 0 0 533999 12 0
34.32 34 ACTUATORS 1435,1563,0,1214,1631
34.32 34 IR_SENSORS -651 14 1
34.32 34 NAVIGATION 0 1 0 0 38 0. 6571.9
34.32 34 WP_MOVED 1 506292.5 3566296.25 800.
34.32 34 GYRO_RATES -48 -20 0 0.418879 -0.174533 0.
34.33 34 ESTIMATOR 0. 0. 0. 0. 0.
34.33 34 BAT 166 122 0 0 561 1 8
34.33 34 GPS 0 50624961 356621065 0 80355 0 0 534251 12 0
34.33 34 NAVIGATION 0 1 0 0 38 0. 6571.9
34.33 34 ATTITUDE 1 0 -26
34.33 34 CALIBRATION 0. 0.023 0.067 0
34.34 34 SERVO 9600 -9600 173
34.34 34 GPS 0 50624961 356621065 0 80355 0 0 534499 12 0
34.35 34 DESIRED 0. 0. 0. 0. 770. 0.
34.35 34 IR_DEBUG 475 454 475 454
34.35 34 NAVIGATION 0 1 0 0 38 0. 6571.9
34.35 34 WP_MOVED 2 506379.59375 3566304.75 800.
34.35 34 PPRZ_MODE 0 0 3 0 0 1 0
34.35 34 ESTIMATOR 0. 0. 0. 0. 0.
34.40 34 GPS 0 50624961 356621065 0 80355 0 0 534751 12 0
34.40 34 COMMANDS 180,89,-1217,2519
34.40 34 NAVIGATION 0 1 0 0 38 0. 6571.9
34.40 34 ATTITUDE 1 0 -26
34.40 34 DL_VALUE 24 2150.
34.40 34 FBW_STATUS 0 0 122
34.40 34 RAD_OF_IR 16 0 0.00211
34.41 34 IR_SENSORS -651 17 1
34.41 34 GPS 0 50624961 356621065 0 80355 0 0 534999 12 0
34.41 34 NAVIGATION 0 1 0 0 38 0. 6571.9
34.41 34 WP_MOVED 3 506366. 3566262. 0.
34.41 34 GYRO_RATES -48 -25 0 0.418879 -0.218166 0.
34.42 34 ESTIMATOR 0. 0. 0. 0. 0.
34.42 34 GPS 0 50624961 356621065 0 80355 0 0 535251 12 0
34.43 34 NAVIGATION 0 1 0 0 38 0. 6571.9
34.43 34 ATTITUDE 2 0 -27
34.43 34 DESIRED 0. 0. 0. 0. 770. 0.
34.43 34 NAVIGATION 0 1 0 0 38 0. 6571.9
34.43 34 GPS 0 50624961 356621065 0 80355 0 0 535499 12 0
34.44 34 WP_MOVED 0 506408. 3566304. 800.
34.44 34 ESTIMATOR 0. 0. 0. 0. 0.
34.44 34 COMMANDS 134,20,-1212,2617
34.51 34 NAVIGATION 0 1 0 0 38 0. 6571.9
34.51 34 ATTITUDE -2 0 -31
34.51 34 DL_VALUE 25 5300.
34.51 34 GPS 0 50624961 356621065 0 80355 0 0 535751 12 0
34.51 34 FBW_STATUS 0 0 122
34.52 34 RAD_OF_IR -3 0 0.00211
34.52 34 IR_SENSORS -683 -3 1
34.52 34 NAVIGATION 0 1 0 0 38 0. 6571.9
34.52 34 GPS 0 50624961 356621065 0 80355 0 0 535999 12 0
34.53 34 WP_MOVED 1 506292.5 3566296.25 800.
34.53 34 GYRO_RATES -48 -20 0 0.418879 -0.174533 0.
34.53 34 ESTIMATOR 0. 0. 0. 0. 0.
34.53 34 BAT 169 122 0 0 563 1 8
34.53 34 NAVIGATION 0 1 0 0 38 0. 6571.9
34.53 34 ATTITUDE -1 0 -31
34.53 34 CALIBRATION 0. 0.023 0.067 0
34.54 34 GPS 0 50624961 356621065 0 80355 0 0 536251 12 0
34.54 34 SERVO 9600 -9600 195
34.54 34 DESIRED 0. 0. 0. 0. 770. 0.
34.54 34 IR_DEBUG 490 478 490 478
34.54 34 NAVIGATION 0 1 0 0 38 0. 6571.9
34.54 34 WP_MOVED 2 506379.59375 3566304.75 800.
34.55 34 GPS 0 50624961 356621065 0 80355 0 0 536499 12 0
34.55 34 ESTIMATOR 0. 0. 0. 0. 0.
34.55 34 COMMANDS 159,-26,-1280,2528
34.55 34 NAVIGATION 0 1 0 0 38 0. 6571.9
34.55 34 ATTITUDE 0 0 -31
34.55 34 DL_VALUE 26 10000.
34.56 34 GPS 0 50624961 356621065 0 80355 0 0 536751 12 0
34.56 34 FBW_STATUS 0 0 122
34.56 34 RAD_OF_IR 5 0 0.00211
34.56 34 IR_SENSORS -674 3 1
34.57 34 NAVIGATION 0 1 0 0 38 0. 6571.9
34.61 34 WP_MOVED 3 506366. 3566262. 0.
34.61 34 GYRO_RATES -48 -23 0 0.418879 -0.200713 0.
34.61 34 GPS 0 50624961 356621065 0 80355 0 0 536999 12 0
34.61 34 ESTIMATOR 0. 0. 0. 0. 0.
34.61 34 NAVIGATION 0 1 0 0 38 0. 6571.9
34.61 34 ATTITUDE -1 0 -30
34.61 34 GPS 0 50624961 356621065 0 80355 0 0 537251 12 0
34.61 34 DESIRED 0. 0. 0. 0. 770. 0.
34.61 34 NAVIGATION 0 1 0 0 38 0. 6571.9
34.61 34 WP_MOVED 0 506408. 3566304. 800.
34.61 34 GPS 0 50624961 356621065 0 80355 0 0 537499 12 0
34.61 34 ESTIMATOR 0. 0. 0. 0. 0.
34.61 34 COMMANDS 175,-29,-1218,2506
34.62 34 NAVIGATION 0 1 0 0 38 0. 6571.9
34.62 34 ATTITUDE -2 0 -29
34.62 34 DL_VALUE 27 4000.
34.62 34 FBW_STATUS 0 0 122
34.62 34 RAD_OF_IR -5 0 0.00211
34.62 34 GPS 0 50624961 356621065 0 80355 0 0 537751 12 0
34.62 34 IR_SENSORS -668 -6 1
34.62 34 NAVIGATION 0 1 0 0 38 0. 6571.9
34.62 34 WP_MOVED 1 506292.5 3566296.25 800.
34.62 34 GYRO_RATES -48 -18 0 0.418879 -0.15708 0.
34.62 34 ESTIMATOR 0. 0. 0. 0. 0.
34.62 34 BAT 169 122 0 0 564 0 8
34.62 34 GPS 0 50624961 356621065 0 80355 0 0 537999 12 0
34.62 34 NAVIGATION 0 1 0 0 38 0. 6571.9
34.62 34 ATTITUDE -2 0 -29
34.62 34 CALIBRATION 0. 0.023 0.067 0
34.62 34 SERVO 9600 -9600 169
34.62 34 GPS 0 50624961 356621065 0 80355 0 0 538251 12 0
34.62 34 DESIRED 0. 0. 0. 0. 770. 0.
34.62 34 IR_DEBUG 471 482 471 482
34.62 34 NAVIGATION 0 1 0 0 38 0. 6571.9
34.62 34 WP_MOVED 2 506379.59375 3566304.75 800.
34.62 34 ESTIMATOR 0. 0. 0. 0. 0.
34.62 34 GPS 0 50624961 356621065 0 80355 0 0 538499 12 0
34.62 34 COMMANDS 192,12,-1220,2546
34.62 34 NAVIGATION 0 1 0 0 38 0. 6571.9
34.62 34 ATTITUDE -2 0 -29
34.62 34 DL_VALUE 28 0.228
34.62 34 FBW_STATUS 0 0 122
34.62 34 RAD_OF_IR -7 0 0.00211
34.62 34 ACTUATORS 1436,1565,0,1214,1631
34.63 34 IR_SENSORS -668 -7 1
34.63 34 GPS 0 50624961 356621065 0 80355 0 0 538751 12 0
34.63 34 NAVIGATION 0 1 0 0 38 0. 6571.9
34.63 34 WP_MOVED 3 506366. 3566262. 0.
34.63 34 GYRO_RATES -48 -19 0 0.418879 -0.165806 0.
34.64 34 ESTIMATOR 0. 0. 0. 0. 0.
34.64 34 NAVIGATION 0 1 0 0 38 0. 6571.9
34.64 34 GPS 0 50624961 356621065 0 80355 0 0 538999 12 0
34.64 34 ATTITUDE -2 0 -29
34.64 34 DESIRED 0. 0. 0. 0. 770. 0.
34.65 34 NAVIGATION 0 1 0 0 38 0. 6571.9
34.65 34 GPS 0 50624961 356621065 0 80355 0 0 539251 12 0
34.65 34 WP_MOVED 0 506408. 3566304. 800.
34.65 34 PPRZ_MODE 0 0 3 0 0 1 0
34.65 34 ESTIMATOR 0. 0. 0. 0. 0.
34.66 34 COMMANDS 225,-17,-1133,2578
34.66 34 NAVIGATION 0 1 0 0 38 0. 6571.9
34.66 34 ATTITUDE -2 0 -29
34.66 34 DL_VALUE 29 0.42
34.66 34 GPS 0 50624961 356621065 0 80355 0 0 539499 12 0
34.66 34 FBW_STATUS 0 0 122
34.66 34 RAD_OF_IR -9 0 0.00211
34.66 34 IR_SENSORS -672 -11 1
34.67 34 NAVIGATION 0 1 0 0 38 0. 6571.9
34.67 34 GPS 0 50624961 356621065 0 80355 0 0 539751 12 0
34.67 34 WP_MOVED 1 506292.5 3566296.25 800.
34.67 34 GYRO_RATES -48 -20 0 0.418879 -0.174533 0.
34.67 34 ESTIMATOR 0. 0. 0. 0. 0.
34.67 34 BAT 165 122 0 0 566 0 8
34.68 34 NAVIGATION 0 1 0 0 38 0. 6571.9
34.68 34 ATTITUDE -4 0 -30
34.68 34 CALIBRATION 0. 0.023 0.067 0
34.68 34 GPS 0 50624961 356621065 0 80355 0 0 539999 12 0
34.68 34 SERVO 9600 -9600 148
34.69 34 DESIRED 0. 0. 0. 0. 770. 0.
34.69 34 IR_DEBUG 470 491 470 491
34.69 34 NAVIGATION 0 1 0 0 38 0. 6571.9
34.69 34 WP_MOVED 2 506379.59375 3566304.75 800.
34.69 34 GPS 0 50624961 356621065 0 80355 0 0 540251 12 0
34.69 34 ESTIMATOR 0. 0. 0. 0. 0.
34.70 34 COMMANDS 158,-21,-1262,2539
34.70 34 NAVIGATION 0 1 0 0 38 0. 6571.9
34.70 34 ATTITUDE -4 0 -30
34.70 34 DL_VALUE 30 0.
34.81 34 GPS 0 50624961 356621065 0 80355 0 0 540499 12 0
34.82 34 FBW_STATUS 0 0 122
34.82 34 RAD_OF_IR -16 0 0.00211
34.82 34 NAVIGATION_REF 506366 3566262 12
34.82 34 IR_SENSORS -681 -19 1
34.83 34 NAVIGATION 0 1 0 0 38 0. 6571.9
34.83 34 WP_MOVED 3 506366. 3566262. 0.
34.83 34 GYRO_RATES -48 -22 0 0.418879 -0.191986 0.
34.83 34 GPS 0 50624961 356621065 0 80355 0 0 540751 12 0
34.83 34 ESTIMATOR 0. 0. 0. 0. 0.
34.84 34 NAVIGATION 0 1 0 0 38 0. 6571.9
34.84 34 ATTITUDE -5 0 -34
34.84 34 GPS 0 50624961 356621065 0 80355 0 0 540999 12 0
34.84 34 DESIRED 0. 0. 0. 0. 770. 0.
34.85 34 NAVIGATION 0 1 0 0 38 0. 6571.9
34.85 34 WP_MOVED 0 506408. 3566304. 800.
34.85 34 GPS 0 50624961 356621065 0 80355 0 0 541251 12 0
34.85 34 ESTIMATOR 0. 0. 0. 0. 0.
34.85 34 DOWNLINK_STATUS 34 12695 777 0 3358. 204.
34.86 34 COMMANDS 179,-17,-1231,2548
34.86 34 NAVIGATION 0 1 0 0 38 0. 6571.9
34.86 34 ATTITUDE -3 0 -34
34.86 34 DL_VALUE 31 0.023
34.86 34 FBW_STATUS 0 0 122
34.86 34 RAD_OF_IR -8 0 0.00211
34.86 34 GPS 0 50624961 356621065 0 80355 0 0 541499 12 0
34.86 34 IR_SENSORS -688 -5 1
34.87 34 NAVIGATION 0 1 0 0 38 0. 6571.9
34.87 34 WP_MOVED 1 506292.5 3566296.25 800.
34.87 34 GYRO_RATES -48 -20 0 0.418879 -0.174533 0.
34.88 34 ESTIMATOR 0. 0. 0. 0. 0.
34.88 34 BAT 152 122 0 0 568 0 8
34.88 34 GPS 0 50624961 356621065 0 80355 0 0 541751 12 0
34.88 34 NAVIGATION 0 1 0 0 38 0. 6571.9
34.88 34 ATTITUDE -2 0 -32
34.88 34 CALIBRATION 0. 0.023 0.067 0
34.89 34 SERVO 9600 -9600 170
34.89 34 GPS 0 50624961 356621065 0 80355 0 0 541999 12 0
34.89 34 DESIRED 0. 0. 0. 0. 770. 0.
34.89 34 IR_DEBUG 483 494 483 494
34.89 34 NAVIGATION 0 1 0 0 38 0. 6571.9
34.89 34 WP_MOVED 2 506379.59375 3566304.75 800.
34.89 34 ESTIMATOR 0. 0. 0. 0. 0.
34.90 34 GPS 0 50624961 356621065 0 80355 0 0 542251 12 0
34.90 34 COMMANDS 142,-1,-1288,2535
34.90 34 NAVIGATION 0 1 0 0 38 0. 6571.9
34.90 34 ATTITUDE -3 0 -33
34.90 34 DL_VALUE 32 0.001
34.90 34 FBW_STATUS 0 0 122
34.90 34 RAD_OF_IR -10 0 0.00211
34.91 34 IR_SENSORS -686 -7 1
34.91 34 GPS 0 50624961 356621065 0 80355 0 0 542499 12 0
34.91 34 NAVIGATION 0 1 0 0 38 0. 6571.9
34.91 34 WP_MOVED 3 506366. 3566262. 0.
34.91 34 GYRO_RATES -48 -21 0 0.418879 -0.18326 0.
34.99 34 ESTIMATOR 0. 0. 0. 0. 0.
35.11 34 GPS 0 50624961 356621065 0 80355 0 0 542751 12 0
35.11 34 NAVIGATION 0 1 0 0 38 0. 6571.9
35.11 34 ATTITUDE -2 0 -32
35.43 34 DESIRED 0. 0. 0. 0. 770. 0.
35.43 34 NAVIGATION 0 1 0 0 38 0. 6571.9
35.43 34 GPS 0 50624961 356621065 0 80355 0 0 542999 12 0
35.50 34 WP_MOVED 0 506408. 3566304. 800.
35.50 34 ESTIMATOR 0. 0. 0. 0. 0.
35.63 34 COMMANDS 181,-9,-1229,2539
35.63 34 NAVIGATION 0 1 0 0 38 0. 6571.9
35.63 34 ATTITUDE -4 0 -35
35.63 34 DL_VALUE 33 0.01
35.63 34 GPS 0 50624961 356621065 0 80355 0 0 543251 12 0
35.64 34 FBW_STATUS 0 0 122
35.64 34 RAD_OF_IR -17 0 0.00211
35.69 34 ACTUATORS 1434,1564,0,1213,1631
35.69 34 IR_SENSORS -707 -19 1
35.83 34 DOWNLINK_STATUS 35 13536 831 0 841. 54.
35.91 34 NAVIGATION 0 1 0 0 38 0. 6571.9
36.03 34 GPS 0 50624961 356621065 0 80355 0 0 543499 12 0
36.03 34 WP_MOVED 1 506292.5 3566296.25 800.
36.03 34 GYRO_RATES -48 -22 0 0.418879 -0.191986 0.
36.03 34 ESTIMATOR 0. 0. 0. 0. 0.
36.03 34 BAT 193 122 0 0 570 0 8
36.04 34 NAVIGATION 0 1 0 0 38 0. 6571.9
36.04 34 ATTITUDE -5 0 -38
36.04 34 CALIBRATION 0. 0.023 0.067 0
36.09 34 GPS 0 50624961 356621065 0 80355 0 0 543751 12 0
36.14 34 SERVO 9600 -9600 184
36.23 34 DESIRED 0. 0. 0. 0. 770. 0.
36.23 34 IR_DEBUG 500 531 500 531
36.23 34 NAVIGATION 0 1 0 0 38 0. 6571.9
36.42 34 WP_MOVED 2 506379.59375 3566304.75 800.
36.42 34 PPRZ_MODE 0 0 3 0 0 1 0
36.42 34 GPS 0 50624961 356621065 0 80355 0 0 543999 12 0
36.51 34 ESTIMATOR 0. 0. 0. 0. 0.
36.51 34 COMMANDS 173,89,-1231,2542
36.51 34 NAVIGATION 0 1 0 0 38 0. 6571.9
36.51 34 ATTITUDE -5 0 -39
36.51 34 DL_VALUE 34 1.
36.60 34 GPS 0 50624961 356621065 0 80355 0 0 544251 12 0
36.60 34 FBW_STATUS 0 0 122
36.60 34 RAD_OF_IR -20 0 0.00211
36.68 34 IR_SENSORS -721 -21 1
36.69 34 NAVIGATION 0 1 0 0 38 0. 6571.9
36.84 34 DOWNLINK_STATUS 36 13967 858 0 431. 27.
36.93 34 WP_MOVED 3 506366. 3566262. 0.
36.93 34 GYRO_RATES -48 -19 0 0.418879 -0.165806 0.
36.93 34 GPS 0 50624961 356621065 0 80355 0 0 544499 12 0
37.00 34 ESTIMATOR 0. 0. 0. 0. 0.
37.00 34 NAVIGATION 0 1 0 0 38 0. 6571.9
37.00 34 ATTITUDE -6 0 -37
37.13 34 GPS 0 50624961 356621065 0 80355 0 0 544751 12 0
37.13 34 DESIRED 0. 0. 0. 0. 770. 0.
37.21 34 NAVIGATION 0 1 0 0 38 0. 6571.9
37.21 34 WP_MOVED 0 506408. 3566304. 800.
37.42 34 GPS 0 50624961 356621065 0 80355 0 0 544999 12 0
37.42 34 ESTIMATOR 0. 0. 0. 0. 0.
37.50 34 COMMANDS 159,-38,-1262,2587
37.50 34 NAVIGATION 0 1 0 0 38 0. 6571.9
37.50 34 ATTITUDE -6 0 -36
37.50 34 DL_VALUE 35 0.
37.51 34 FBW_STATUS 0 0 122
37.51 34 RAD_OF_IR -25 0 0.00211
37.63 34 GPS 0 50624961 356621065 0 80355 0 0 545251 12 0
37.63 34 IR_SENSORS -704 -24 1
37.63 34 NAVIGATION 0 1 0 0 38 0. 6571.9
37.70 34 WP_MOVED 1 506292.5 3566296.25 800.
37.70 34 GYRO_RATES -48 -21 0 0.418879 -0.18326 0.
37.84 34 DOWNLINK_STATUS 37 14359 881 0 392. 23.
37.94 34 ESTIMATOR 0. 0. 0. 0. 0.
37.94 34 BAT 166 122 0 0 572 0 8
37.94 34 GPS 0 50624961 356621065 0 80355 0 0 545499 12 0
