31.14 34 WP_MOVED 3 506366. 3566262. 0.
33.43 34 GYRO_RATES 33 -33 -2 -0.287979 -0.287979 -0.017453
34.20 34 GPS 3 50632654 356626354 2574 75970 27 230 327047500 12 0
34.30 34 ESTIMATOR 759.700012 2.3 2.3 2.3 759.700012
34.40 34 NAVIGATION 1 1 -39 1 26 4517.8 2225.4
34.50 34 ATTITUDE 1 0 -16
34.51 34 GPS 3 50632659 356626346 2496 75971 17 183 327047748 12 0
34.61 34 DESIRED 0. -0.01 14. 43. 800. 2.
34.61 34 NAVIGATION 1 1 -39 1 26 4519.1 2234.
34.61 34 WP_MOVED 0 506408. 3566304. 800.
34.72 34 GPS 3 50632670 356626338 2446 75976 36 171 327048000 12 0
34.77 34 ESTIMATOR 759.76001 1.71 1.71 1.71 759.76001
34.83 34 COMMANDS 6,-28,-33,-1895
34.94 34 NAVIGATION 1 1 -39 1 26 4514. 2246.8
35.14 34 ATTITUDE 1 0 -16
35.14 34 DL_VALUE 33 0.01
35.24 34 FBW_STATUS 0 0 117
35.24 34 RAD_OF_IR -13 -141 0.0012
35.29 34 NAVIGATION_REF 506366 3566262 12
35.29 34 GPS 3 50632672 356626335 2428 75972 43 188 327048248 12 0
35.29 34 IR_SENSORS -872 -14 1
35.29 34 DOWNLINK_STATUS 35 8665 548 0 1219. 77.
35.30 34 NAVIGATION 1 1 -39 1 26 4514.4 2250.1
35.30 34 WP_MOVED 1 506292.5 3566296.25 800.
35.30 34 GYRO_RATES 34 -33 -3 -0.296706 -0.287979 -0.02618
35.30 34 GPS 3 50632673 356626332 2393 75972 24 184 327048500 12 0
35.30 34 ESTIMATOR 759.719971 1.84 1.84 1.84 759.719971
35.30 34 BAT 6 117 372 0 351 350 4
35.30 34 NAVIGATION 1 1 -39 1 26 4515.8 2252.8
35.30 34 ATTITUDE 1 0 -16
35.31 34 CALIBRATION 40.618 0.02 0.046 0
35.31 34 SERVO 9600 7875 6
35.31 34 GPS 3 50632679 356626332 2385 75974 32 198 327048748 12 0
35.31 34 DESIRED 0. -0.01 14. 43. 800. 2.
35.31 34 IR_DEBUG 618 635 618 635
35.31 34 NAVIGATION 1 1 -39 1 26 4509.5 2256.9
35.31 34 WP_MOVED 2 506379.59375 3566304.75 800.
35.32 34 ESTIMATOR 759.73999 1.98 1.98 1.98 759.73999
35.32 34 GPS 3 50632693 356626337 2295 75991 11 195 327049000 12 0
35.32 34 SVINFO 0 14 13 4 26 56 23
35.32 34 COMMANDS 6,-28,-34,-1893
35.32 34 NAVIGATION 1 1 -39 1 26 4490.6 2263.2
35.32 34 ATTITUDE 1 0 -17
35.32 34 DL_VALUE 34 1.
35.33 34 FBW_STATUS 0 0 117
35.33 34 RAD_OF_IR -11 -254 0.00121
35.33 34 GPS 3 50632712 356626348 2394 76010 41 191 327049248 12 0
35.33 34 SVINFO 1 19 13 4 26 18 249
35.33 34 IR_SENSORS -877 -10 1
35.33 34 NAVIGATION 1 1 -38 1 26 4461.5 2269.1
35.33 34 WP_MOVED 3 506366. 3566262. 0.
35.33 34 GYRO_RATES 35 -34 -3 -0.305433 -0.296706 -0.02618
35.34 34 ESTIMATOR 760.099976 1.91 1.91 1.91 760.099976
35.34 34 GPS 3 50632726 356626359 2484 76023 33 135 327049500 12 0
35.34 34 SVINFO 2 31 13 7 33 53 167
35.34 34 NAVIGATION 1 1 -38 1 26 4437.7 2271.7
35.34 34 ATTITUDE 1 0 -17
35.35 34 DESIRED 0. -0.01 14. 43. 800. 2.
35.35 34 GPS 3 50632735 356626360 2536 76023 8 136 327049748 12 0
35.35 34 SVINFO 3 11 13 4 26 24 307
35.35 34 NAVIGATION 1 1 -38 1 26 4427.5 2277.3
35.35 34 WP_MOVED 0 506408. 3566304. 800.
35.35 34 ESTIMATOR 760.22998 1.36 1.36 1.36 760.22998
35.36 34 GPS 3 50632748 356626363 2600 76024 31 130 327050000 12 0
35.36 34 SVINFO 4 18 13 4 28 17 100
35.36 34 COMMANDS 7,-29,-33,-1893
35.36 34 NAVIGATION 1 1 -38 1 26 4411.5 2284.4
35.36 34 ATTITUDE 1 0 -17
35.36 34 DL_VALUE 35 0.
35.36 34 FBW_STATUS 0 0 117
35.36 34 RAD_OF_IR -10 181 0.0012
35.37 34 IR_SENSORS -875 -9 1
35.37 34 NAVIGATION 1 1 -38 1 26 4411.5 2284.4
35.37 34 GPS 3 50632761 356626364 2659 76028 24 130 327050248 12 0
35.37 34 SVINFO 5 32 13 4 26 22 304
35.56 34 WP_MOVED 1 506292.5 3566296.25 800.
35.56 34 GYRO_RATES 36 -35 -3 -0.314159 -0.305433 -0.02618
35.56 34 ESTIMATOR 760.280029 1.3 1.3 1.3 760.280029
35.56 34 BAT 7 117 374 0 353 352 4
35.57 34 NAVIGATION 1 1 -38 1 26 4397.1 2292.9
35.57 34 ATTITUDE 1 0 -16
35.57 34 CALIBRATION 40.173 0.02 0.046 0
35.57 34 GPS 3 50632768 356626358 2643 76030 41 105 327050500 12 0
35.57 34 SVINFO 6 3 13 4 26 7 223
35.58 34 SERVO 9600 8123 7
35.58 34 DESIRED 0. -0.01 14. 43. 800. 2.
35.58 34 IR_DEBUG 618 634 618 634
35.58 34 NAVIGATION 1 1 -38 1 26 4394.8 2301.7
35.58 34 GPS 3 50632764 356626355 2624 76027 44 131 327050748 12 0
35.58 34 SVINFO 7 22 13 4 30 45 83
35.58 34 WP_MOVED 2 506379.59375 3566304.75 800.
35.58 34 ESTIMATOR 760.27002 1.31 1.31 1.31 760.27002
35.59 34 COMMANDS 7,-29,-34,-1895
35.59 34 NAVIGATION 1 1 -38 1 26 4401.4 2300.8
35.59 34 ATTITUDE 1 0 -16
35.59 34 DL_VALUE 36 0.
35.59 34 GPS 3 50632768 356626353 2661 76010 15 87 327051000 12 0
35.59 34 FBW_STATUS 0 0 117
35.59 34 RAD_OF_IR -9 104 0.0012
35.70 34 ACTUATORS 1497,1500,0,1200,1402
35.75 34 IR_SENSORS -874 -10 1
35.81 34 NAVIGATION 1 1 -38 1 26 4398.9 2305.
35.92 34 WP_MOVED 3 506366. 3566262. 0.
36.12 34 GYRO_RATES 35 -35 -3 -0.305433 -0.305433 -0.02618
36.23 34 GPS 3 50632776 356626352 2747 76005 13 107 327051248 12 0
36.33 34 SVINFO 9 30 13 4 29 10 93
36.43 34 ESTIMATOR 760.049988 1.07 1.07 1.07 760.049988
36.53 34 NAVIGATION 1 1 -38 1 26 4391.4 2311.2
36.63 34 ATTITUDE 1 0 -16
36.64 34 GPS 3 50632784 356626354 2791 76002 47 150 327051500 12 0
36.75 34 DESIRED 0. -0.01 14. 43. 800. 2.
36.76 34 NAVIGATION 1 1 -38 1 26 4381.5 2315.6
36.76 34 WP_MOVED 0 506408. 3566304. 800.
36.86 34 PPRZ_MODE 0 3 3 0 0 17 0
36.96 34 GPS 3 50632795 356626351 2829 76005 40 153 327051748 12 0
37.17 34 ESTIMATOR 760.049988 1.53 1.53 1.53 760.049988
37.27 34 COMMANDS 7,-28,-33,-1895
37.37 34 NAVIGATION 1 1 -38 1 26 4372.6 2325.3
37.47 34 ATTITUDE 1 0 -16
37.47 34 DL_VALUE 37 0.1
37.57 34 DOWNLINK_STATUS 37 10222 646 0 1557. 98.
37.68 34 FBW_STATUS 0 0 117
37.68 34 RAD_OF_IR -11 109 0.00119
37.78 34 GPS 3 50632808 356626346 2873 75997 19 91 327052000 12 0
37.89 34 IR_SENSORS -875 -11 1
37.99 34 NAVIGATION 1 1 -37 1 26 4363.3 2337.8
38.21 34 WP_MOVED 1 506292.5 3566296.25 800.
38.31 34 GYRO_RATES 35 -35 -3 -0.305433 -0.305433 -0.02618
38.31 34 GPS 3 50632818 356626344 2925 75981 33 100 327052248 12 0
38.41 34 ESTIMATOR 759.809998 1. 1. 1. 759.809998
38.52 34 BAT 7 117 376 0 355 354 4
38.62 34 DOWNLINK_STATUS 38 10388 656 0 166. 10.
38.73 34 NAVIGATION 1 1 -37 1 26 4354.7 2346.3
38.83 34 ATTITUDE 1 0 -16
38.83 34 CALIBRATION 39.977 0.02 0.046 0
38.93 34 SERVO 9600 8123 6
39.03 34 GPS 3 50632829 356626348 2970 75987 64 124 327052500 12 0
39.25 34 DESIRED 0. -0.01 14. 43. 800. 2.
39.25 34 IR_DEBUG 614 633 614 633
39.35 34 NAVIGATION 1 1 -37 1 26 4340.1 2351.5
39.45 34 DOWNLINK_STATUS 39 10518 664 0 130. 8.
39.56 34 WP_MOVED 2 506379.59375 3566304.75 800.
39.67 34 ESTIMATOR 759.869995 1.24 1.24 1.24 759.869995
39.77 34 GPS 3 50632838 356626346 3004 75985 19 118 327052748 12 0
39.88 34 COMMANDS 6,-31,-34,-1893
39.98 34 NAVIGATION 1 1 -37 1 26 4332.5 2359.3
40.08 34 ATTITUDE 1 0 -16
40.08 34 DL_VALUE 38 0.
40.29 34 FBW_STATUS 0 0 117
40.29 34 RAD_OF_IR -11 97 0.00118
40.39 34 GPS 3 50632843 356626330 2952 75975 42 130 327053000 12 0
40.50 34 SVINFO 0 14 13 4 26 56 23
40.60 34 IR_SENSORS -872 -10 1
40.70 34 NAVIGATION 1 1 -37 1 26 4340.6 2373.4
40.81 34 WP_MOVED 3 506366. 3566262. 0.
40.92 34 GYRO_RATES 35 -36 -3 -0.305433 -0.314159 -0.02618
41.02 34 ESTIMATOR 759.75 1.3 1.3 1.3 759.75
41.13 34 GPS 3 50632850 356626315 2893 75972 28 91 327053248 12 0
41.34 34 SVINFO 1 19 13 4 28 18 249
41.44 34 NAVIGATION 1 1 -37 1 26 4345.9 2388.3
41.54 34 DOWNLINK_STATUS 41 10816 683 0 298. 19.
41.65 34 DESIRED 0. -0.01 14. 43. 800. 2.
41.66 34 GPS 3 50632866 356626305 2794 75948 37 58 327053500 12 0
41.77 34 SVINFO 2 31 13 7 34 53 167
41.87 34 NAVIGATION 1 1 -37 1 26 4337.9 2406.5
41.97 34 WP_MOVED 0 506408. 3566304. 800.
42.08 34 ESTIMATOR 759.47998 0.58 0.58 0.58 759.47998
42.19 34 COMMANDS 6,-28,-34,-1895
42.56 34 NAVIGATION 1 1 -37 1 26 4337.9 2406.5
42.60 34 GPS 3 50632879 356626295 2715 75929 28 73 327053748 12 0
42.67 34 SVINFO 3 11 13 4 26 24 307
42.78 34 ATTITUDE 1 0 -16
42.82 34 DL_VALUE 39 0.046
42.88 34 FBW_STATUS 0 0 117
42.89 34 RAD_OF_IR -11 -227 0.00119
42.99 34 IR_SENSORS -871 -11 1
43.10 34 NAVIGATION 1 1 -37 0 26 4333.1 2422.5
43.21 34 GPS 3 50632893 356626283 2654 75909 43 91 327054000 12 0
43.42 34 SVINFO 4 18 13 4 29 17 100
43.52 34 WP_MOVED 1 506292.5 3566296.25 800.
43.63 34 GYRO_RATES 35 -34 -4 -0.305433 -0.296706 -0.034907
43.74 34 DOWNLINK_STATUS 43 11128 703 0 312. 20.
43.85 34 ESTIMATOR 759.090027 0.91 0.91 0.91 759.090027
43.96 34 BAT 7 117 378 0 357 356 4
44.06 34 NAVIGATION 1 1 -37 0 26 4328.9 2440.7
44.16 34 ATTITUDE 1 0 -16
44.16 34 CALIBRATION 40.095 0.02 0.046 0
44.27 34 GPS 3 50632901 356626270 2592 75902 60 97 327054248 12 0
44.48 34 SVINFO 5 32 13 4 26 22 304
44.58 34 DOWNLINK_STATUS 44 11242 710 0 114. 7.
44.69 34 SERVO 9600 7875 6
44.80 34 DESIRED 0. -0.01 14. 43. 800. 2.
44.85 34 IR_DEBUG 615 632 615 632
44.91 34 NAVIGATION 1 1 -36 0 26 4331.8 2455.2
45.02 34 GPS 3 50632906 356626255 2526 75897 45 132 327054500 12 0
45.09 34 SVINFO 6 3 13 4 26 7 223
45.09 34 WP_MOVED 2 506379.59375 3566304.75 800.
45.09 34 ESTIMATOR 758.969971 1.32 1.32 1.32 758.969971
45.09 34 COMMANDS 6,-29,-34,-1895
45.10 34 NAVIGATION 1 1 -36 0 26 4339.4 2469.
45.10 34 ATTITUDE 1 0 -16
45.10 34 DL_VALUE 40 1.
45.10 34 GPS 3 50632917 356626250 2454 75874 20 154 327054748 12 0
45.10 34 SVINFO 7 22 13 4 30 45 83
45.10 34 FBW_STATUS 0 0 117
45.10 34 RAD_OF_IR -11 -207 0.0012
45.10 34 IR_SENSORS -873 -11 1
45.10 34 NAVIGATION 1 1 -36 0 26 4332.5 2480.4
45.11 34 WP_MOVED 3 506366. 3566262. 0.
45.11 34 GYRO_RATES 35 -34 -3 -0.305433 -0.296706 -0.02618
45.11 34 GPS 3 50632926 356626241 2399 75869 59 151 327055000 12 0
45.11 34 ESTIMATOR 758.690002 1.51 1.51 1.51 758.690002
45.11 34 NAVIGATION 1 1 -36 0 26 4331. 2493.1
45.11 34 ATTITUDE 1 0 -16
45.11 34 DOWNLINK_STATUS 45 11610 734 0 368. 24.
45.12 34 GPS 3 50632935 356626231 2340 75871 23 155 327055248 12 0
45.12 34 SVINFO 9 30 13 4 27 10 93
45.27 34 DESIRED 0. -0.01 14. 43. 800. 2.
45.27 34 NAVIGATION 1 1 -36 0 26 4330.5 2506.5
45.48 34 WP_MOVED 0 506408. 3566304. 800.
45.58 34 GPS 3 50632937 356626227 2442 75864 18 147 327055500 12 0
45.69 34 ESTIMATOR 758.640015 1.47 1.47 1.47 758.640015
45.81 34 COMMANDS 6,-28,-33,-1893
45.91 34 NAVIGATION 1 1 -36 0 26 4331.9 2510.6
46.01 34 ATTITUDE 1 0 -16
46.01 34 DL_VALUE 41 0.
46.12 34 FBW_STATUS 0 0 117
46.12 34 RAD_OF_IR -11 288 0.0012
46.23 34 GPS 3 50632940 356626224 2336 75868 16 167 327055748 12 0
46.34 34 ACTUATORS 1497,1500,0,1200,1402
46.34 34 IR_SENSORS -872 -13 1
46.55 34 NAVIGATION 1 1 -36 0 26 4331.4 2514.9
48.38 34 WP_MOVED 1 506292.5 3566296.25 800.
48.38 34 GYRO_RATES 34 -33 -4 -0.296706 -0.287979 -0.034907
48.38 34 GPS 3 50632938 356626218 2345 75869 19 185 327056000 12 0
48.38 34 ESTIMATOR 758.690002 1.85 1.85 1.85 758.690002
48.38 34 BAT 6 117 380 0 359 358 4
48.38 34 DOWNLINK_STATUS 47 11978 756 0 368. 22.
48.38 34 NAVIGATION 1 1 -36 0 26 4338.5 2517.5
48.38 34 ATTITUDE 1 0 -16
48.38 34 CALIBRATION 40.674 0.02 0.046 0
48.38 34 SERVO 9600 7875 6
48.38 34 GPS 3 50632935 356626213 2388 75866 20 163 327056248 12 0
48.38 34 DESIRED 0. -0.01 14. 43. 800. 2.
48.38 34 IR_DEBUG 615 633 615 633
48.38 34 NAVIGATION 1 1 -36 0 26 4345.8 2518.7
48.38 34 DOWNLINK_STATUS 47 12108 764 0 130. 8.
48.38 34 WP_MOVED 2 506379.59375 3566304.75 800.
48.38 34 PPRZ_MODE 0 3 3 0 0 17 0
48.38 34 ESTIMATOR 758.659973 1.63 1.63 1.63 758.659973
48.38 34 GPS 3 50632936 356626214 2476 75865 21 190 327056500 12 0
48.39 34 COMMANDS 6,-29,-34,-1895
48.39 34 NAVIGATION 1 1 -36 0 26 4343.9 2518.7
48.39 34 ATTITUDE 1 0 -16
48.39 34 FBW_STATUS 0 0 117
48.39 34 RAD_OF_IR -12 249 0.0012
48.39 34 NAVIGATION_REF 506366 3566262 12
48.39 34 GPS 3 50632940 356626215 2556 75856 26 103 327056748 12 0
48.39 34 IR_SENSORS -875 -12 1
48.39 34 NAVIGATION 1 1 -36 0 26 4339.1 2521.
48.39 34 WP_MOVED 3 506366. 3566262. 0.
48.39 34 GYRO_RATES 34 -35 -2 -0.296706 -0.305433 -0.017453
48.39 34 ESTIMATOR 758.559998 1.03 1.03 1.03 758.559998
48.39 34 GPS 3 50632933 356626201 2525 75843 37 118 327057000 12 0
48.39 34 SVINFO 0 14 13 4 27 56 23
48.39 34 NAVIGATION 1 1 -36 0 26 4358.1 2525.4
48.39 34 ATTITUDE 1 0 -16
48.39 34 DOWNLINK_STATUS 48 12417 784 0 309. 20.
48.39 34 DESIRED 0. -0.01 14. 43. 800. 2.
48.39 34 GPS 3 50632924 356626185 2492 75836 40 138 327057248 12 0
48.39 34 SVINFO 1 19 13 4 28 18 249
48.39 34 NAVIGATION 1 1 -36 0 26 4380.8 2529.8
48.39 34 WP_MOVED 0 506408. 3566304. 800.
48.39 34 ESTIMATOR 758.359985 1.38 1.38 1.38 758.359985
48.39 34 COMMANDS 6,-28,-34,-1895
48.39 34 NAVIGATION 1 1 -36 0 26 4380.8 2529.8
48.39 34 GPS 3 50632909 356626172 2455 75837 29 197 327057500 12 0
48.39 34 SVINFO 2 31 13 6 33 53 167
48.39 34 ATTITUDE 1 0 -16
48.39 34 DL_VALUE 1 1.
48.39 34 FBW_STATUS 0 0 117
48.39 34 RAD_OF_IR -12 -104 0.0012
48.39 34 IR_SENSORS -875 -11 1
48.39 34 NAVIGATION 1 1 -36 0 26 4407.1 2527.7
48.39 34 GPS 3 50632911 356626161 2380 75834 76 169 327057748 12 0
48.39 34 SVINFO 3 11 13 4 26 24 307
48.39 34 WP_MOVED 1 506292.5 3566296.25 800.
48.39 34 GYRO_RATES 34 -35 -3 -0.296706 -0.305433 -0.02618
48.39 34 ESTIMATOR 758.340027 1.69 1.69 1.69 758.340027
48.39 34 BAT 6 117 382 0 361 360 4
48.39 34 NAVIGATION 1 1 -36 0 26 4414.6 2536.8
48.39 34 ATTITUDE 1 0 -16
48.39 34 CALIBRATION 41.239 0.02 0.046 0
48.39 34 GPS 3 50632918 356626150 2311 75835 58 181 327058000 12 0
48.39 34 SVINFO 4 18 13 4 28 17 100
48.39 34 SERVO 9600 8772 6
48.39 34 DESIRED 0. -0.01 14. 43. 800. 2.
48.39 34 IR_DEBUG 616 634 616 634
48.39 34 NAVIGATION 1 1 -36 0 26 4417.1 2549.5
48.39 34 GPS 3 50632920 356626137 2266 75842 78 202 327058248 12 0
48.39 34 SVINFO 5 32 13 4 25 22 304
48.39 34 WP_MOVED 2 506379.59375 3566304.75 800.
48.39 34 ESTIMATOR 758.419983 2.02 2.02 2.02 758.419983
48.39 34 COMMANDS 7,-28,-33,-1895
48.39 34 NAVIGATION 1 1 -36 0 26 4426.3 2560.
48.39 34 ATTITUDE 1 0 -16
48.39 34 DL_VALUE 2 2.7
48.40 34 GPS 3 50632913 356626127 2230 75842 53 165 327058500 12 0
48.40 34 SVINFO 6 3 13 4 26 6 223
48.40 34 FBW_STATUS 0 0 117
48.40 34 RAD_OF_IR -10 -101 0.00121
48.40 34 IR_SENSORS -872 -12 1
48.40 34 NAVIGATION 1 1 -36 0 26 4442.1 2561.9
48.65 34 WP_MOVED 3 506366. 3566262. 0.
48.70 34 GYRO_RATES 34 -33 -4 -0.296706 -0.287979 -0.034907
48.70 34 GPS 3 50632897 356626122 2229 75857 65 230 327058748 12 0
48.70 34 SVINFO 7 22 13 4 30 45 83
48.70 34 ESTIMATOR 758.570007 2.3 2.3 2.3 758.570007
48.70 34 NAVIGATION 1 1 -37 0 26 4462.6 2553.7
48.70 34 ATTITUDE 1 0 -16
48.70 34 GPS 3 50632873 356626121 2259 75853 53 176 327059000 12 0
48.70 34 DESIRED 0. -0.01 14. 43. 800. 2.
48.70 34 NAVIGATION 1 1 -37 0 26 4487.8 2536.9
48.70 34 WP_MOVED 0 506408. 3566304. 800.
48.70 34 GPS 3 50632849 356626122 2302 75856 50 175 327059248 12 0
48.70 34 SVINFO 9 30 13 4 25 10 93
48.70 34 ESTIMATOR 758.559998 1.75 1.75 1.75 758.559998
48.70 34 COMMANDS 6,-29,-34,-1891
48.78 34 NAVIGATION 1 1 -37 0 26 4511.4 2518.9
48.89 34 ATTITUDE 1 0 -16
48.89 34 DL_VALUE 3 5.5
49.00 34 FBW_STATUS 0 0 117
49.00 34 RAD_OF_IR -14 123 0.00121
49.10 34 GPS 3 50632826 356626128 2351 75854 43 185 327059500 12 0
49.22 34 IR_SENSORS -875 -14 1
49.32 34 NAVIGATION 1 1 -37 0 26 4529.8 2498.2
49.43 34 WP_MOVED 1 506292.5 3566296.25 800.
49.64 34 GYRO_RATES 35 -35 -3 -0.305433 -0.305433 -0.02618
49.75 34 GPS 3 50632808 356626126 2356 75836 24 175 327059748 12 0
49.87 34 ESTIMATOR 758.359985 1.75 1.75 1.75 758.359985
49.99 34 NAVIGATION 1 1 -37 0 26 4550. 2486.7
50.09 34 ATTITUDE 1 0 -17
50.20 34 CALIBRATION 41.49 0.02 0.046 0
50.32 34 SERVO 9600 7926 6
50.45 34 GPS 3 50632796 356626116 2327 75833 56 229 327060000 12 0
50.66 34 DESIRED 0. -0.01 14. 43. 800. 2.
50.66 34 IR_DEBUG 617 635 617 635
50.77 34 NAVIGATION 1 1 -38 0 26 4571.1 2485.2
50.87 34 WP_MOVED 2 506379.59375 3566304.75 800.
50.99 34 ESTIMATOR 758.330017 2.29 2.29 2.29 758.330017
51.10 34 GPS 3 50632792 356626114 2270 75823 38 206 327060248 12 0
51.20 34 COMMANDS 7,-28,-33,-1895
51.31 34 NAVIGATION 1 1 -38 0 26 4577. 2483.8
51.42 34 ATTITUDE 1 0 -17
51.42 34 DL_VALUE 4 0.
51.52 34 DOWNLINK_STATUS 51 13800 871 0 1383. 87.
51.74 34 FBW_STATUS 0 0 117
51.74 34 RAD_OF_IR -11 -164 0.00121
51.84 34 ACTUATORS 1497,1500,0,1200,1402
51.84 34 GPS 3 50632790 356626114 2227 75795 59 201 327060500 12 0
51.96 34 IR_SENSORS -875 -10 1
52.06 34 NAVIGATION 1 1 -38 0 26 4579.1 2482.4
52.16 34 WP_MOVED 3 506366. 3566262. 0.
52.27 34 ESTIMATOR 757.950012 2.01 2.01 2.01 757.950012
52.38 34 GPS 3 50632784 356626116 2204 75763 56 179 327060748 12 0
52.49 34 NAVIGATION 1 1 -38 0 26 4583.5 2476.7
52.59 34 ATTITUDE 1 0 -16
52.80 34 DOWNLINK_STATUS 52 13971 882 0 171. 11.
52.92 34 DESIRED 0. -0.01 14. 43. 800. 2.
52.93 34 GPS 3 50632772 356626116 2185 75738 79 137 327061000 12 0
53.03 34 SVINFO 0 14 13 4 26 56 23
53.16 34 NAVIGATION 1 1 -38 0 26 4596. 2468.2
53.31 34 WP_MOVED 0 506408. 3566304. 800.
53.43 34 PPRZ_MODE 0 3 3 0 0 17 0
53.43 34 ESTIMATOR 757.380005 1.37 1.37 1.37 757.380005
53.54 34 GPS 3 50632762 356626117 2169 75696 26 130 327061248 12 0
53.78 34 SVINFO 1 19 13 4 28 18 248
53.97 34 COMMANDS 6,-31,-34,-1893
53.97 34 NAVIGATION 1 1 -38 0 26 4605.5 2460.5
53.97 34 ATTITUDE 1 0 -16
53.97 34 DL_VALUE 5 385.
53.97 34 FBW_STATUS 0 0 117
53.98 34 DOWNLINK_STATUS 53 14184 896 0 213. 14.
54.06 34 RAD_OF_IR -11 -46 0.00121
54.06 34 IR_SENSORS -877 -9 1
54.07 34 NAVIGATION 1 1 -38 0 26 4605.5 2460.5
54.07 34 GPS 3 50632744 356626113 2165 75668 64 108 327061500 12 0
54.07 34 SVINFO 2 31 13 6 33 53 167
54.07 34 WP_MOVED 1 506292.5 3566296.25 800.
54.07 34 GYRO_RATES 34 -35 -2 -0.296706 -0.305433 -0.017453
54.07 34 DOWNLINK_STATUS 54 14292 903 0 108. 7.
54.08 34 ESTIMATOR 756.679993 1.08 1.08 1.08 756.679993
54.08 34 BAT 6 117 385 0 364 363 4
54.08 34 NAVIGATION 1 1 -38 0 26 4627.7 2450.7
54.08 34 ATTITUDE 1 0 -16
54.08 34 CALIBRATION 41.935 0.02 0.046 0
54.08 34 GPS 3 50632729 356626112 2168 75636 49 120 327061748 12 0
54.09 34 SVINFO 3 11 13 4 25 24 307
54.09 34 SERVO 9600 8370 6
54.10 34 DESIRED 0. -0.01 14. 43. 800. 2.
54.10 34 IR_DEBUG 617 634 617 634
54.10 34 NAVIGATION 1 1 -38 0 26 4644.3 2441.
54.10 34 GPS 3 50632716 356626120 2244 75606 20 118 327062000 12 0
54.10 34 SVINFO 4 18 13 4 29 17 100
54.10 34 WP_MOVED 2 506379.59375 3566304.75 800.
54.12 34 ESTIMATOR 756.059998 1.18 1.18 1.18 756.059998
54.12 34 COMMANDS 6,-28,-33,-1893
54.12 34 NAVIGATION 1 1 -38 0 26 4650.9 2426.3
54.12 34 ATTITUDE 1 0 -16
54.12 34 DL_VALUE 6 1.
54.12 34 GPS 3 50632714 356626125 2156 75570 29 80 327062248 12 0
54.12 34 SVINFO 5 32 13 4 25 22 304
54.12 34 FBW_STATUS 0 0 117
54.12 34 IR_SENSORS -876 -9 1
54.12 34 NAVIGATION 1 1 -38 0 26 4648.7 2421.4
54.13 34 WP_MOVED 3 506366. 3566262. 0.
54.13 34 GYRO_RATES 34 -33 -3 -0.296706 -0.287979 -0.02618
54.13 34 GPS 3 50632717 356626124 2118 75548 34 76 327062500 12 0
54.13 34 SVINFO 6 3 13 4 25 6 223
54.14 34 ESTIMATOR 755.47998 0.76 0.76 0.76 755.47998
54.14 34 NAVIGATION 1 1 -38 0 26 4646.4 2424.2
54.14 34 ATTITUDE 1 0 -16
54.14 34 GPS 3 50632721 356626113 2089 75512 88 58 327062748 12 0
54.14 34 SVINFO 7 22 13 4 30 45 83
54.14 34 DESIRED 0. -0.01 14. 43. 800. 2.
54.15 34 WP_MOVED 0 506408. 3566304. 800.
54.15 34 GPS 3 50632721 356626101 2071 75483 73 72 327063000 12 0
54.15 34 ESTIMATOR 754.830017 0.72 0.72 0.72 754.830017
54.16 34 COMMANDS 6,-28,-33,-1891
54.16 34 NAVIGATION 1 1 -38 0 26 4662.3 2443.1
54.16 34 ATTITUDE 2 0 -16
54.16 34 DL_VALUE 7 0.
54.16 34 FBW_STATUS 0 0 117
54.17 34 RAD_OF_IR -9 -50 0.00121
54.17 34 GPS 3 50632722 356626096 2047 75465 39 76 327063248 12 0
54.17 34 SVINFO 9 30 13 4 26 10 93
54.17 34 IR_SENSORS -877 -9 1
54.17 34 NAVIGATION 1 1 -38 -1 26 4665.6 2447.3
54.17 34 WP_MOVED 1 506292.5 3566296.25 800.
54.17 34 GYRO_RATES 34 -35 -3 -0.296706 -0.305433 -0.02618
54.18 34 GPS 3 50632725 356626096 2051 75451 9 68 327063500 12 0
54.18 34 ESTIMATOR 754.51001 0.68 0.68 0.68 754.51001
54.18 34 BAT 6 117 387 0 366 365 4
54.18 34 NAVIGATION 1 1 -38 -1 26 4662.5 2449.4
54.18 34 ATTITUDE 1 0 -16
54.18 34 CALIBRATION 43.159 0.02 0.046 0
54.23 34 SERVO 9600 8422 6
54.23 34 GPS 3 50632722 356626098 2086 75445 22 42 327063748 12 0
54.23 34 DESIRED 0. -0.01 14. 43. 800. 2.
54.23 34 IR_DEBUG 615 633 615 633
54.24 34 NAVIGATION 1 1 -38 -1 26 4663.9 2445.9
54.24 34 WP_MOVED 2 506379.59375 3566304.75 800.
54.24 34 ESTIMATOR 754.450012 0.42 0.42 0.42 754.450012
54.24 34 GPS 3 50632718 356626109 2195 75429 33 31 327064000 12 0
54.24 34 COMMANDS 6,-28,-34,-1895
54.25 34 NAVIGATION 1 1 -38 0 26 4658.4 2435.4
54.25 34 ATTITUDE 1 0 -16
54.25 34 DL_VALUE 8 -2.
54.25 34 FBW_STATUS 0 0 117
54.25 34 RAD_OF_IR -13 308 0.00121
54.25 34 GPS 3 50632718 356626128 2282 75414 45 28 327064248 12 0
54.25 34 IR_SENSORS -869 -15 1
54.26 34 NAVIGATION 1 1 -38 0 26 4641.8 2422.1
54.30 34 WP_MOVED 3 506366. 3566262. 0.
54.30 34 GYRO_RATES 34 -33 -3 -0.296706 -0.287979 -0.02618
54.30 34 ESTIMATOR 754.140015 0.28 0.28 0.28 754.140015
54.30 34 GPS 3 50632715 356626149 2377 75412 35 15 327064500 12 0
54.30 34 NAVIGATION 1 1 -38 0 26 4626.8 2405.4
54.30 34 ATTITUDE 1 0 -16
54.30 34 DESIRED 0. -0.01 14. 43. 800. 2.
54.30 34 GPS 3 50632717 356626155 2293 75403 15 21 327064748 12 0
54.31 34 NAVIGATION 1 1 -38 0 26 4619.5 2402.6
54.31 34 WP_MOVED 0 506408. 3566304. 800.
54.31 34 ESTIMATOR 754.030029 0.21 0.21 0.21 754.030029
54.31 34 GPS 3 50632719 356626161 2212 75398 26 17 327065000 12 0
54.32 34 SVINFO 0 14 13 4 27 56 23
54.32 34 COMMANDS 6,-29,-34,-1893
54.32 34 NAVIGATION 1 1 -38 0 26 4612.2 2399.9
54.32 34 ATTITUDE 1 0 -16
54.32 34 DL_VALUE 9 -69.199997
54.32 34 FBW_STATUS 0 0 117
54.32 34 RAD_OF_IR -8 -229 0.0012
54.32 34 NAVIGATION_REF 506366 3566262 12
54.32 34 ACTUATORS 1497,1500,0,1200,1402
54.32 34 IR_SENSORS -875 -8 1
54.32 34 NAVIGATION 1 1 -38 0 26 4612.2 2399.9
54.33 34 GPS 3 50632727 356626160 2134 75399 19 33 327065248 12 0
54.33 34 SVINFO 1 19 13 4 28 18 248
54.33 34 WP_MOVED 1 506292.5 3566296.25 800.
54.33 34 GYRO_RATES 36 -34 -4 -0.314159 -0.296706 -0.034907
54.33 34 ESTIMATOR 753.98999 0.33 0.33 0.33 753.98999
54.33 34 BAT 6 117 389 0 368 367 4
54.34 34 NAVIGATION 1 1 -38 0 26 4604.7 2406.1
54.34 34 ATTITUDE 2 0 -17
54.34 34 CALIBRATION 44.816 0.02 0.046 0
54.34 34 GPS 3 50632734 356626159 2048 75392 28 68 327065500 12 0
54.34 34 SVINFO 2 31 13 6 33 53 167
54.34 34 SERVO 9600 7969 6
54.34 34 DESIRED 0. -0.01 14. 43. 800. 2.
54.34 34 IR_DEBUG 621 631 621 631
54.34 34 NAVIGATION 1 1 -38 0 26 4598.2 2411.7
54.35 34 GPS 3 50632740 356626164 2156 75383 43 49 327065748 12 0
54.35 34 SVINFO 3 11 13 4 25 24 307
54.35 34 WP_MOVED 2 506379.59375 3566304.75 800.
54.35 34 PPRZ_MODE 0 3 3 0 0 17 0
54.36 34 ESTIMATOR 753.830017 0.49 0.49 0.49 753.830017
54.36 34 COMMANDS 6,-28,-33,-1895
54.36 34 NAVIGATION 1 1 -38 0 26 4587.6 2412.4
54.36 34 ATTITUDE 2 0 -17
54.36 34 DL_VALUE 10 0.
54.36 34 GPS 3 50632741 356626170 2209 75380 31 97 327066000 12 0
54.36 34 SVINFO 4 18 13 4 29 17 100
54.36 34 FBW_STATUS 0 0 117
54.36 34 IR_SENSORS -877 -4 1
54.36 34 NAVIGATION 1 1 -38 0 26 4581.4 2409.
54.37 34 WP_MOVED 3 506366. 3566262. 0.
54.37 34 GYRO_RATES 35 -34 -3 -0.305433 -0.296706 -0.02618
54.37 34 GPS 3 50632738 356626181 2283 75378 73 64 327066248 12 0
54.37 34 SVINFO 5 32 13 4 24 22 304
54.37 34 ESTIMATOR 753.780029 0.64 0.64 0.64 753.780029
54.37 34 NAVIGATION 1 1 -38 0 26 4575.1 2399.3
54.37 34 ATTITUDE 2 0 -17
54.38 34 GPS 3 50632733 356626186 2330 75364 44 12 327066500 12 0
54.38 34 SVINFO 6 3 13 4 24 6 223
54.38 34 DESIRED 0. -0.01 14. 43. 800. 2.
54.38 34 NAVIGATION 1 1 -38 0 26 4576. 2392.4
54.38 34 WP_MOVED 0 506408. 3566304. 800.
54.39 34 GPS 3 50632734 356626168 2300 75326 75 25 327066748 12 0
54.39 34 SVINFO 7 22 13 4 30 45 83
54.39 34 ESTIMATOR 753.26001 0.25 0.25 0.25 753.26001
54.39 34 COMMANDS 6,-29,-34,-1893
54.39 34 NAVIGATION 1 1 -38 0 26 4590.4 2405.5
54.39 34 ATTITUDE 2 0 -17
54.39 34 DL_VALUE 11 1.
54.40 34 FBW_STATUS 0 0 117
54.40 34 RAD_OF_IR -4 -86 0.0012
54.40 34 GPS 3 50632743 356626141 2253 75313 88 25 327067000 12 0
54.40 34 IR_SENSORS -879 -3 1
54.40 34 NAVIGATION 1 1 -38 0 26 4604.4 2430.4
54.40 34 WP_MOVED 1 506292.5 3566296.25 800.
54.40 34 GYRO_RATES 35 -35 -4 -0.305433 -0.305433 -0.034907
54.41 34 GPS 3 50632751 356626116 2227 75308 75 43 327067248 12 0
54.42 34 SVINFO 9 30 13 4 27 10 93
54.45 34 ESTIMATOR 753.080017 0.43 0.43 0.43 753.080017
54.45 34 BAT 6 117 391 0 370 369 4
54.45 34 NAVIGATION 1 1 -38 0 26 4617.8 2453.5
54.45 34 ATTITUDE 2 0 -17
54.45 34 CALIBRATION 45.973 0.02 0.046 0
54.45 34 SERVO 9600 7815 6
54.45 34 GPS 3 50632754 356626089 2204 75299 91 65 327067500 12 0
54.45 34 DESIRED 0. -0.01 14. 43. 800. 2.
54.45 34 IR_DEBUG 624 632 624 632
54.45 34 NAVIGATION 1 1 -38 -1 26 4638.3 2474.6
54.46 34 WP_MOVED 2 506379.59375 3566304.75 800.
54.46 34 ESTIMATOR 752.98999 0.65 0.65 0.65 752.98999
54.46 34 GPS 3 50632757 356626069 2173 75293 52 38 327067748 12 0
54.46 34 COMMANDS 6,-31,-34,-1891
54.46 34 NAVIGATION 1 1 -38 -1 26 4652.8 2490.9
54.46 34 ATTITUDE 1 0 -17
54.46 34 DL_VALUE 12 0.
54.46 34 FBW_STATUS 0 0 117
54.46 34 RAD_OF_IR -8 -89 0.00121
54.46 34 GPS 3 50632759 356626059 2142 75302 25 101 327068000 12 0
54.46 34 IR_SENSORS -880 -7 1
54.46 34 NAVIGATION 1 1 -38 -1 26 4659.6 2499.4
54.46 34 WP_MOVED 3 506366. 3566262. 0.
54.46 34 GYRO_RATES 34 -35 -2 -0.296706 -0.305433 -0.017453
54.46 34 ESTIMATOR 753.02002 1.01 1.01 1.01 753.02002
54.46 34 GPS 3 50632764 356626055 2237 75316 38 89 327068248 12 0
54.46 34 NAVIGATION 1 1 -38 -1 26 4657.9 2505.7
54.46 34 ATTITUDE 2 0 -17
54.46 34 DESIRED 0. -0.01 14. 43. 800. 2.
54.46 34 GPS 3 50632768 356626058 2314 75337 30 104 327068500 12 0
54.46 34 NAVIGATION 1 1 -38 -1 26 4651.1 2506.4
54.47 34 WP_MOVED 0 506408. 3566304. 800.
54.47 34 ESTIMATOR 753.369995 1.04 1.04 1.04 753.369995
54.47 34 COMMANDS 7,-28,-31,-1895
54.47 34 NAVIGATION 1 1 -38 -1 26 4651.1 2506.4
54.47 34 GPS 3 50632769 356626059 2396 75348 22 88 327068748 12 0
54.47 34 ATTITUDE 2 0 -17
54.47 34 DL_VALUE 13 517.
54.48 34 FBW_STATUS 0 0 117
54.48 34 RAD_OF_IR -4 235 0.0012
54.48 34 IR_SENSORS -880 -4 1
54.48 34 NAVIGATION 1 1 -38 -1 26 4649.2 2506.4
54.48 34 GPS 3 50632773 356626063 2479 75347 43 118 327069000 12 0
54.48 34 SVINFO 0 14 13 4 27 56 23
54.48 34 WP_MOVED 1 506292.5 3566296.25 800.
54.48 34 GYRO_RATES 36 -34 -4 -0.314159 -0.296706 -0.034907
54.49 34 ESTIMATOR 753.469971 1.18 1.18 1.18 753.469971
54.49 34 BAT 6 117 393 0 372 371 4
54.49 34 NAVIGATION 1 1 -38 -1 26 4641.5 2506.4
54.49 34 ATTITUDE 2 0 -17
54.49 34 CALIBRATION 46.489 0.02 0.046 0
54.49 34 GPS 3 50632775 356626056 2452 75342 19 166 327069248 12 0
54.50 34 SVINFO 1 19 13 4 27 18 248
54.50 34 SERVO 9600 7866 6
54.50 34 DESIRED 0. -0.01 14. 43. 800. 2.
54.50 34 IR_DEBUG 627 631 627 631
54.51 34 NAVIGATION 1 1 -38 -1 26 4645.6 2512.8
54.51 34 GPS 3 50632783 356626045 2398 75337 33 118 327069500 12 0
54.51 34 SVINFO 2 31 13 6 33 53 167
54.51 34 WP_MOVED 2 506379.59375 3566304.75 800.
54.51 34 ESTIMATOR 753.369995 1.18 1.18 1.18 753.369995
54.51 34 COMMANDS 6,-29,-33,-1893
54.51 34 NAVIGATION 1 1 -38 -1 26 4647.1 2526.3
54.51 34 ATTITUDE 2 0 -17
54.51 34 DL_VALUE 14 482.
54.52 34 GPS 3 50632785 356626035 2379 75314 31 109 327069748 12 0
54.52 34 SVINFO 3 11 13 4 27 24 307
54.52 34 FBW_STATUS 0 0 117
54.52 34 ACTUATORS 1497,1500,0,1200,1402
54.52 34 IR_SENSORS -882 -5 1
54.52 34 NAVIGATION 1 1 -38 -1 26 4653.9 2534.8
54.53 34 WP_MOVED 3 506366. 3566262. 0.
54.53 34 GYRO_RATES 35 -35 -3 -0.305433 -0.305433 -0.02618
54.53 34 GPS 3 50632784 356626040 2400 75292 14 140 327070000 12 0
54.53 34 SVINFO 4 18 13 4 29 17 100
54.53 34 ESTIMATOR 752.919983 1.4 1.4 1.4 752.919983
54.53 34 NAVIGATION 1 1 -38 -1 26 4650.5 2530.6
54.53 34 ATTITUDE 2 0 -17
54.53 34 GPS 3 50632783 356626047 2456 75282 22 125 327070248 12 0
54.54 34 SVINFO 5 32 13 4 23 22 304
54.54 34 DESIRED 0. -0.01 14. 43. 800. 2.
54.54 34 NAVIGATION 1 1 -38 -1 26 4645.3 2524.8
54.54 34 WP_MOVED 0 506408. 3566304. 800.
54.54 34 PPRZ_MODE 0 3 3 0 0 17 0
54.54 34 GPS 3 50632782 356626048 2455 75259 20 105 327070500 12 0
54.55 34 SVINFO 6 3 13 4 24 6 223
54.55 34 ESTIMATOR 752.590027 1.05 1.05 1.05 752.590027
54.55 34 COMMANDS 6,-29,-34,-1895
54.55 34 NAVIGATION 1 1 -38 -1 26 4645.4 2523.4
54.56 34 ATTITUDE 2 0 -17
54.56 34 DL_VALUE 15 455.
54.56 34 FBW_STATUS 0 0 117
54.56 34 RAD_OF_IR -4 -2 0.0012
54.56 34 GPS 3 50632785 356626040 2438 75238 23 123 327070748 12 0
54.56 34 SVINFO 7 22 13 4 29 45 83
54.56 34 IR_SENSORS -880 -5 1
54.56 34 NAVIGATION 1 1 -38 -1 26 4649.4 2531.3
54.56 34 WP_MOVED 1 506292.5 3566296.25 800.
54.57 34 GYRO_RATES 35 -32 -4 -0.305433 -0.279253 -0.034907
54.57 34 GPS 3 50632787 356626025 2406 75215 36 105 327071000 12 0
54.57 34 ESTIMATOR 752.150024 1.05 1.05 1.05 752.150024
54.57 34 BAT 6 117 395 0 374 373 4
54.60 34 NAVIGATION 1 1 -38 -1 26 4660.7 2543.4
54.60 34 ATTITUDE 2 0 -17
54.60 34 CALIBRATION 46.915 0.02 0.046 0
54.60 34 SERVO 9600 7815 6
54.60 34 GPS 3 50632792 356626023 2479 75201 34 101 327071248 12 0
54.60 34 SVINFO 9 30 13 4 28 10 93
54.60 34 DESIRED 0. -0.01 14. 43. 800. 2.
54.60 34 NAVIGATION 1 1 -38 -1 26 4657.3 2548.4
54.60 34 WP_MOVED 2 506379.59375 3566304.75 800.
54.61 34 ESTIMATOR 752.01001 1.01 1.01 1.01 752.01001
54.61 34 GPS 3 50632801 356626021 2568 75194 32 97 327071500 12 0
54.61 34 COMMANDS 6,-28,-31,-1893
54.61 34 NAVIGATION 1 1 -37 -1 26 4649.8 2556.2
54.61 34 ATTITUDE 2 0 -17
54.61 34 DL_VALUE 16 7500.
54.62 34 FBW_STATUS 0 0 117
54.62 34 RAD_OF_IR -8 252 0.0012
54.62 34 GPS 3 50632815 356626017 2663 75192 46 89 327071748 12 0
54.62 34 IR_SENSORS -881 -9 1
54.62 34 NAVIGATION 1 1 -37 -1 26 4638.9 2569.1
54.62 34 WP_MOVED 3 506366. 3566262. 0.
54.62 34 GYRO_RATES 34 -34 -3 -0.296706 -0.296706 -0.02618
54.63 34 ESTIMATOR 751.919983 0.89 0.89 0.89 751.919983
54.63 34 GPS 3 50632832 356626011 2564 75191 39 86 327072000 12 0
54.63 34 NAVIGATION 1 1 -37 -1 26 4626.8 2585.6
54.63 34 ATTITUDE 1 0 -17
54.64 34 DESIRED 0. -0.01 14. 43. 800. 2.
54.64 34 GPS 3 50632846 356625996 2496 75186 17 99 327072248 12 0
54.64 34 NAVIGATION 1 1 -37 -2 26 4625.9 2606.5
54.64 34 WP_MOVED 0 506408. 3566304. 800.
54.64 34 ESTIMATOR 751.859985 0.99 0.99 0.99 751.859985
54.65 34 COMMANDS 6,-29,-34,-1893
54.65 34 NAVIGATION 1 1 -37 -2 26 4625.9 2606.5
54.65 34 GPS 3 50632856 356625978 2465 75174 36 98 327072501 12 0
54.65 34 ATTITUDE 1 0 -17
54.65 34 DL_VALUE 17 11250.
54.65 34 FBW_STATUS 0 0 117
54.65 34 RAD_OF_IR -10 -87 0.0012
54.65 34 IR_SENSORS -880 -12 1
54.66 34 NAVIGATION 1 1 -37 -2 26 4631.9 2626.7
54.66 34 GPS 3 50632859 356625964 2449 75175 30 152 327072749 12 0
54.66 34 WP_MOVED 1 506292.5 3566296.25 800.
54.66 34 GYRO_RATES 34 -33 -3 -0.296706 -0.287979 -0.02618
54.67 34 ESTIMATOR 751.75 1.52 1.52 1.52 751.75
54.67 34 BAT 6 117 397 0 376 375 4
54.67 34 NAVIGATION 1 1 -37 -2 26 4641.4 2639.1
54.67 34 ATTITUDE 1 0 -17
54.67 34 CALIBRATION 47.426 0.02 0.046 0
54.67 34 GPS 3 50632860 356625959 2504 75177 29 167 327073001 12 0
54.67 34 SVINFO 0 14 13 4 27 56 23
54.68 34 SERVO 9600 7772 6
54.68 34 DESIRED 0. -0.01 14. 43. 800. 2.
54.68 34 IR_DEBUG 621 636 621 636
54.68 34 NAVIGATION 1 1 -37 -2 26 4644.9 2643.5
54.68 34 GPS 3 50632859 356625960 2529 75164 46 165 327073249 12 0
54.68 34 SVINFO 1 19 13 4 27 18 248
54.68 34 WP_MOVED 2 506379.59375 3566304.75 800.
54.69 34 ESTIMATOR 751.640015 1.65 1.65 1.65 751.640015
54.69 34 COMMANDS 8,-29,-31,-1895
54.69 34 NAVIGATION 1 1 -37 -2 26 4645.1 2642.
54.69 34 ATTITUDE 1 0 -17
54.69 34 DL_VALUE 18 12000.
54.69 34 GPS 3 50632858 356625952 2542 75148 19 158 327073501 12 0
54.69 34 SVINFO 2 31 13 6 33 53 167
54.69 34 FBW_STATUS 0 0 117
54.69 34 NAVIGATION_REF 506366 3566262 12
54.69 34 IR_SENSORS -881 -9 1
54.69 34 NAVIGATION 1 1 -37 -2 26 4653.3 2647.2
54.70 34 WP_MOVED 3 506366. 3566262. 0.
54.70 34 GYRO_RATES 36 -36 -3 -0.314159 -0.314159 -0.02618
54.70 34 GPS 3 50632859 356625954 2572 75141 36 187 327073749 12 0
54.70 34 SVINFO 3 11 13 4 27 24 307
54.70 34 ESTIMATOR 751.409973 1.87 1.87 1.87 751.409973
54.70 34 NAVIGATION 1 1 -37 -2 26 4650.5 2646.4
54.70 34 ATTITUDE 2 0 -17
54.71 34 GPS 3 50632860 356625947 2577 75132 29 155 327074001 12 0
54.71 34 SVINFO 4 18 13 4 29 17 100
54.71 34 DESIRED 0. -0.01 14. 43. 800. 2.
54.71 34 NAVIGATION 1 1 -37 -2 26 4655.8 2652.3
54.71 34 WP_MOVED 0 506408. 3566304. 800.
54.72 34 GPS 3 50632861 356625934 2555 75127 48 175 327074249 12 0
54.72 34 SVINFO 5 32 13 4 23 22 304
54.72 34 ESTIMATOR 751.27002 1.75 1.75 1.75 751.27002
54.72 34 COMMANDS 6,-29,-33,-1893
54.72 34 NAVIGATION 1 1 -37 -2 26 4666.6 2662.6
54.72 34 ATTITUDE 1 0 -17
54.72 34 DL_VALUE 19 0.
54.72 34 FBW_STATUS 0 0 117
54.73 34 RAD_OF_IR -7 -63 0.0012
54.73 34 GPS 3 50632857 356625915 2531 75129 61 194 327074501 12 0
54.73 34 SVINFO 6 3 13 4 24 6 223
54.73 34 ACTUATORS 1497,1500,0,1200,1402
54.73 34 IR_SENSORS -880 -8 1
54.73 34 NAVIGATION 1 1 -37 -2 26 4688. 2673.7
54.73 34 WP_MOVED 1 506292.5 3566296.25 800.
54.73 34 GYRO_RATES 35 -34 -3 -0.305433 -0.296706 -0.02618
54.74 34 GPS 3 50632861 356625895 2477 75123 50 217 327074749 12 0
54.74 34 SVINFO 7 22 13 4 29 45 83
54.74 34 ESTIMATOR 751.22998 2.17 2.17 2.17 751.22998
54.74 34 BAT 6 117 399 0 378 377 4
54.74 34 NAVIGATION 1 1 -37 -3 26 4702.2 2691.5
54.74 34 ATTITUDE 1 0 -17
54.74 34 CALIBRATION 48.183 0.02 0.046 0
54.75 34 SERVO 9600 7772 6
54.75 34 GPS 3 50632866 356625879 2430 75139 57 211 327075001 12 0
54.75 34 SVINFO 8 6 12 3 23 6 209
54.75 34 DESIRED 0. -0.01 14. 43. 800. 2.
54.75 34 IR_DEBUG 622 635 622 635
54.75 34 NAVIGATION 1 1 -37 -3 26 4711.8 2707.1
54.76 34 WP_MOVED 2 506379.59375 3566304.75 800.
54.76 34 PPRZ_MODE 0 3 3 0 0 17 0
54.76 34 ESTIMATOR 751.390015 2.11 2.11 2.11 751.390015
54.76 34 GPS 3 50632875 356625869 2384 75158 36 177 327075249 12 0
54.76 34 SVINFO 9 30 13 4 27 10 93
54.76 34 COMMANDS 6,-28,-33,-1893
54.76 34 NAVIGATION 1 1 -37 -3 26 4711.9 2721.1
54.77 34 ATTITUDE 1 0 -17
54.77 34 DL_VALUE 20 20000.
54.77 34 FBW_STATUS 0 0 117
54.77 34 RAD_OF_IR -9 -132 0.0012
54.77 34 GPS 3 50632880 356625871 2428 75179 32 211 327075501 12 0
54.77 34 IR_SENSORS -877 -7 1
54.77 34 NAVIGATION 1 1 -37 -3 26 4704.9 2723.2
54.77 34 WP_MOVED 3 506366. 3566262. 0.
54.78 34 GYRO_RATES 35 -35 -2 -0.305433 -0.305433 -0.017453
54.78 34 ESTIMATOR 751.789978 2.11 2.11 2.11 751.789978
54.78 34 GPS 3 50632882 356625886 2491 75215 75 277 327075749 12 0
54.78 34 NAVIGATION 1 1 -37 -3 26 4689.1 2713.4
54.78 34 ATTITUDE 2 0 -16
54.79 34 DESIRED 0. -0.01 14. 43. 800. 2.
54.79 34 GPS 3 50632885 356625899 2555 75238 36 285 327076001 12 0
54.79 34 NAVIGATION 1 1 -37 -3 26 4674.1 2705.9
54.80 34 WP_MOVED 0 506408. 3566304. 800.
54.80 34 ESTIMATOR 752.380005 2.85 2.85 2.85 752.380005
54.80 34 COMMANDS 7,-29,-33,-1893
54.80 34 NAVIGATION 1 1 -37 -3 26 4674.1 2705.9
54.80 34 GPS 3 50632886 356625909 2563 75259 5 267 327076249 12 0
54.80 34 ATTITUDE 2 0 -17
54.80 34 DL_VALUE 21 17500.
54.80 34 FBW_STATUS 0 0 117
54.80 34 RAD_OF_IR -6 23 0.0012
54.80 34 IR_SENSORS -877 -7 1
54.80 34 NAVIGATION 1 1 -37 -2 26 4664. 2699.2
54.81 34 GPS 3 50632887 356625920 2548 75284 50 215 327076501 12 0
54.81 34 WP_MOVED 1 506292.5 3566296.25 800.
54.81 34 GYRO_RATES 35 -33 -4 -0.305433 -0.287979 -0.034907
54.82 34 ESTIMATOR 752.840027 2.15 2.15 2.15 752.840027
54.82 34 BAT 6 117 401 0 380 379 4
54.82 34 NAVIGATION 1 1 -37 -2 26 4652.9 2691.8
54.82 34 ATTITUDE 2 0 -17
54.82 34 CALIBRATION 48.214 0.02 0.046 0
54.82 34 GPS 3 50632883 356625924 2530 75294 47 252 327076749 12 0
54.82 34 SERVO 9600 7917 6
54.83 34 DESIRED 0. -0.01 14. 43. 800. 2.
54.83 34 IR_DEBUG 622 634 622 634
54.83 34 NAVIGATION 1 1 -37 -2 26 4653.3 2685.9
54.83 34 GPS 3 50632877 356625924 2501 75312 49 248 327077001 12 0
54.83 34 SVINFO 0 14 13 4 27 56 23
54.83 34 WP_MOVED 2 506379.59375 3566304.75 800.
54.83 34 ESTIMATOR 753.119995 2.48 2.48 2.48 753.119995
54.83 34 COMMANDS 7,-28,-29,-1893
54.83 34 NAVIGATION 1 1 -37 -2 26 4659.4 2681.6
54.83 34 ATTITUDE 1 0 -17
54.83 34 DL_VALUE 22 20000.
54.84 34 GPS 3 50632875 356625914 2468 75322 79 257 327077249 12 0
54.84 34 SVINFO 1 19 13 4 27 18 248
54.84 34 FBW_STATUS 0 0 117
54.84 34 RAD_OF_IR -10 -94 0.0012
54.85 34 IR_SENSORS -876 -9 1
54.85 34 NAVIGATION 1 1 -37 -2 26 4670.6 2687.5
54.85 34 WP_MOVED 3 506366. 3566262. 0.
54.85 34 GYRO_RATES 35 -34 -3 -0.305433 -0.296706 -0.02618
54.85 34 GPS 3 50632870 356625906 2441 75314 74 241 327077501 12 0
54.85 34 SVINFO 2 31 13 6 33 54 167
54.85 34 ESTIMATOR 753.140015 2.41 2.41 2.41 753.140015
54.85 34 NAVIGATION 1 1 -37 -2 26 4683. 2689.8
54.85 34 ATTITUDE 1 0 -17
54.86 34 GPS 3 50632865 356625909 2426 75304 50 261 327077749 12 0
54.86 34 SVINFO 3 11 13 4 27 24 307
54.86 34 DESIRED 0. -0.01 14. 43. 800. 2.
54.86 34 NAVIGATION 1 1 -37 -2 26 4685.3 2684.
54.86 34 WP_MOVED 0 506408. 3566304. 800.
54.86 34 GPS 3 50632866 356625913 2426 75289 0 245 327078001 12 0
54.87 34 SVINFO 4 18 13 4 29 17 100
54.87 34 ESTIMATOR 752.890015 2.45 2.45 2.45 752.890015
54.87 34 COMMANDS 6,-29,-34,-1893
54.87 34 NAVIGATION 1 1 -37 -2 26 4680.6 2681.7
54.87 34 ATTITUDE 1 0 -16
54.87 34 DL_VALUE 23 0.
54.87 34 FBW_STATUS 0 0 117
54.88 34 RAD_OF_IR -7 0 0.0012
54.88 34 GPS 3 50632871 356625919 2406 75287 20 210 327078249 12 0
54.88 34 SVINFO 5 32 13 4 24 22 304
54.88 34 IR_SENSORS -874 -6 1
54.88 34 NAVIGATION 1 1 -37 -2 26 4670.1 2680.9
54.88 34 WP_MOVED 1 506292.5 3566296.25 800.
54.88 34 GYRO_RATES 36 -35 -4 -0.314159 -0.305433 -0.034907
54.89 34 GPS 3 50632876 356625929 2426 75295 28 204 327078501 12 0
54.89 34 SVINFO 6 3 13 4 24 6 223
54.89 34 ESTIMATOR 752.950012 2.04 2.04 2.04 752.950012
54.89 34 BAT 7 117 403 0 382 381 4
54.89 34 NAVIGATION 1 1 -37 -2 26 4655.9 2677.1
54.89 34 ATTITUDE 1 0 -17
54.89 34 CALIBRATION 47.681 0.02 0.046 0
54.89 34 SERVO 9600 7969 6
54.90 34 GPS 3 50632877 356625928 2411 75300 43 215 327078749 12 0
54.90 34 SVINFO 7 22 13 4 30 45 83
54.90 34 DESIRED 0. -0.01 14. 43. 800. 2.
54.90 34 IR_DEBUG 621 631 621 631
54.90 34 NAVIGATION 1 1 -37 -2 26 4655.8 2678.6
54.91 34 WP_MOVED 2 506379.59375 3566304.75 800.
54.91 34 ESTIMATOR 753. 2.15 2.15 2.15 753.
54.91 34 GPS 3 50632879 356625916 1941 75322 121 312 327079001 12 0
54.95 34 COMMANDS 6,-28,-33,-1895
54.95 34 NAVIGATION 1 1 -37 -2 26 4664.7 2688.9
54.95 34 ATTITUDE 1 0 -16
54.95 34 DL_VALUE 24 2150.
54.95 34 FBW_STATUS 0 0 117
54.95 34 RAD_OF_IR -9 -1330 0.0012
54.95 34 ACTUATORS 1497,1500,0,1200,1402
54.95 34 GPS 3 50632883 356625911 1938 75330 65 238 327079249 12 0
54.95 34 SVINFO 9 30 13 4 27 10 93
54.95 34 IR_SENSORS -875 -9 1
54.95 34 NAVIGATION 1 1 -37 -2 26 4665.2 2695.5
54.96 34 WP_MOVED 3 506366. 3566262. 0.
54.96 34 GYRO_RATES 33 -35 -2 -0.287979 -0.305433 -0.017453
54.96 34 ESTIMATOR 753.299988 2.38 2.38 2.38 753.299988
54.96 34 GPS 3 50632894 356625916 1920 75329 31 270 327079501 12 0
54.96 34 NAVIGATION 1 1 -37 -2 26 4649.4 2699.8
54.96 34 ATTITUDE 1 0 -16
54.96 34 DESIRED 0. -0.01 14. 43. 800. 2.
54.96 34 GPS 3 50632900 356625930 1957 75329 24 298 327079749 12 0
54.96 34 NAVIGATION 1 1 -37 -2 26 4630.6 2693.9
54.96 34 WP_MOVED 0 506408. 3566304. 800.
54.96 34 PPRZ_MODE 0 3 3 0 0 1 0
54.96 34 ESTIMATOR 753.289978 2.98 2.98 2.98 753.289978
54.96 34 GPS 3 50632904 356625956 2047 75317 51 235 327080001 12 0
54.96 34 COMMANDS 6,-29,-34,-1895
54.96 34 NAVIGATION 1 1 -36 -2 26 4603. 2677.7
54.96 34 ATTITUDE 1 0 -16
54.96 34 DL_VALUE 25 7400.
54.96 34 FBW_STATUS 0 0 117
54.96 34 RAD_OF_IR -9 254 0.0012
54.96 34 IR_SENSORS -874 -9 1
54.96 34 NAVIGATION 1 1 -36 -2 26 4603. 2677.7
54.96 34 GPS 3 50632910 356625978 2101 75309 27 243 327080249 12 0
54.96 34 WP_MOVED 1 506292.5 3566296.25 800.
54.96 34 GYRO_RATES 35 -34 -3 -0.305433 -0.296706 -0.02618
54.96 34 ESTIMATOR 753.090027 2.43 2.43 2.43 753.090027
54.96 34 BAT 6 117 405 0 384 383 4
54.97 34 NAVIGATION 1 1 -36 -2 26 4577.1 2666.
54.97 34 ATTITUDE 2 0 -16
54.97 34 CALIBRATION 47.005 0.02 0.046 0
54.97 34 GPS 3 50632915 356625990 2134 75294 19 172 327080501 12 0
54.97 34 SERVO 9600 8319 7
54.98 34 DESIRED 0. -0.01 14. 43. 800. 2.
54.98 34 IR_DEBUG 619 632 619 632
54.98 34 NAVIGATION 1 1 -36 -2 26 4561.2 2660.9
54.98 34 GPS 3 50632914 356625996 2158 75267 35 117 327080749 12 0
54.98 34 WP_MOVED 2 506379.59375 3566304.75 800.
54.99 34 ESTIMATOR 752.669983 1.17 1.17 1.17 752.669983
55.00 34 COMMANDS 6,-28,-33,-1895
55.00 34 NAVIGATION 1 1 -36 -2 26 4556.8 2655.8
55.00 34 ATTITUDE 1 0 -16
55.00 34 DL_VALUE 26 10000.
55.00 34 GPS 3 50632912 356626001 2166 75242 29 123 327081001 12 0
55.00 34 SVINFO 0 14 13 4 26 56 23
55.00 34 FBW_STATUS 0 0 117
55.00 34 RAD_OF_IR -9 22 0.00119
55.00 34 IR_SENSORS -873 -11 1
55.00 34 NAVIGATION 1 1 -36 -1 26 4554.4 2650.7
55.01 34 WP_MOVED 3 506366. 3566262. 0.
55.01 34 GYRO_RATES 34 -34 -3 -0.296706 -0.296706 -0.02618
55.01 34 GPS 3 50632912 356625999 2148 75218 49 89 327081249 12 0
55.01 34 SVINFO 1 19 13 4 28 18 248
55.01 34 DOWNLINK_STATUS 54 22663 1432 0 8371. 529.
55.03 34 NAVIGATION 1 1 -36 -2 26 4556.2 2652.2
55.03 34 ATTITUDE 1 0 -16
55.21 34 GPS 3 50632911 356625981 2048 75189 124 51 327081501 12 0
55.21 34 SVINFO 2 31 13 6 33 54 167
55.39 34 DESIRED 0. -0.01 14. 43. 800. 2.
55.53 34 NAVIGATION 1 1 -36 -2 26 4573.3 2664.5
55.57 34 WP_MOVED 0 506408. 3566304. 800.
55.57 34 GPS 3 50632914 356625960 1725 75171 101 84 327081749 12 0
55.57 34 SVINFO 3 11 13 4 29 24 307
55.57 34 ESTIMATOR 751.710022 0.84 0.84 0.84 751.710022
55.57 34 COMMANDS 6,-29,-33,-1893
55.57 34 NAVIGATION 1 1 -36 -2 26 4589.3 2682.
55.57 34 ATTITUDE 1 0 -17
55.57 34 DL_VALUE 27 4000.
55.61 34 FBW_STATUS 0 0 117
55.66 34 RAD_OF_IR -11 -929 0.0012
55.66 34 NAVIGATION_REF 506366 3566262 12
55.66 34 GPS 3 50632923 356625944 1711 75144 52 45 327082001 12 0
55.66 34 SVINFO 4 18 13 4 30 17 100
55.84 34 IR_SENSORS -877 -10 1
55.84 34 NAVIGATION 1 1 -36 -2 26 4594.7 2700.4
55.96 34 WP_MOVED 1 506292.5 3566296.25 800.
55.96 34 GYRO_RATES 35 -36 -3 -0.305433 -0.314159 -0.02618
55.96 34 GPS 3 50632930 356625938 1716 75127 28 103 327082249 12 0
55.97 34 SVINFO 5 32 13 4 25 22 304
55.97 34 ESTIMATOR 751.27002 1.03 1.03 1.03 751.27002
55.97 34 BAT 7 117 407 0 386 385 4
55.99 34 DOWNLINK_STATUS 55 23085 1459 0 422. 27.
56.02 34 NAVIGATION 1 1 -36 -2 26 4593.1 2710.
56.02 34 ATTITUDE 1 0 -16
56.02 34 CALIBRATION 47.31 0.02 0.046 0
56.04 34 SERVO 9600 8123 7
56.37 34 GPS 3 50632943 356625933 1678 75144 30 155 327082501 12 0
56.37 34 SVINFO 6 3 13 4 25 6 223
56.37 34 DESIRED 0. -0.01 14. 43. 800. 2.
56.37 34 IR_DEBUG 617 634 617 634
56.37 34 NAVIGATION 1 1 -36 -2 26 4584.5 2723.2
56.56 34 WP_MOVED 2 506379.59375 3566304.75 800.
56.56 34 ESTIMATOR 751.440002 1.55 1.55 1.55 751.440002
56.56 34 GPS 3 50632955 356625939 1577 75173 68 182 327082749 12 0
56.56 34 SVINFO 7 22 13 4 30 45 83
56.56 34 COMMANDS 6,-31,-34,-1895
56.56 34 NAVIGATION 1 1 -36 -2 26 4567.1 2727.7
56.56 34 ATTITUDE 1 0 -17
56.56 34 FBW_STATUS 0 0 117
56.56 34 RAD_OF_IR -10 -290 0.00121
56.63 34 GPS 3 50632964 356625949 1486 75193 56 216 327083001 12 0
56.63 34 IR_SENSORS -875 -11 1
56.84 34 NAVIGATION 1 1 -36 -2 26 4549. 2727.
56.96 34 WP_MOVED 3 506366. 3566262. 0.
56.96 34 GYRO_RATES 35 -34 -3 -0.305433 -0.296706 -0.02618
56.96 34 ESTIMATOR 751.929993 2.16 2.16 2.16 751.929993
56.96 34 GPS 3 50632978 356625967 1402 75202 72 173 327083249 12 0
56.96 34 SVINFO 9 30 13 4 27 10 93
56.96 34 NAVIGATION 1 1 -36 -2 26 4518.7 2724.2
56.99 34 DOWNLINK_STATUS 56 23516 1486 0 431. 27.
57.36 34 DESIRED 0. -0.01 14. 43. 800. 2.
57.36 34 GPS 3 50632989 356625976 1404 75211 6 200 327083501 12 0
57.36 34 NAVIGATION 1 1 -36 -2 26 4499.7 2725.9
57.46 34 WP_MOVED 0 506408. 3566304. 800.
57.46 34 ESTIMATOR 752.109985 2. 2. 2. 752.109985
57.46 34 COMMANDS 7,-29,-33,-1895
57.46 34 NAVIGATION 1 1 -36 -2 26 4499.7 2725.9
57.46 34 GPS 3 50633000 356625977 1353 75204 6 168 327083749 12 0
57.46 34 ATTITUDE 1 0 -16
57.46 34 DL_VALUE 29 3.865953
57.46 34 FBW_STATUS 0 0 117
57.51 34 RAD_OF_IR -7 -146 0.00122
57.55 34 ACTUATORS 1497,1500,0,1200,1402
57.55 34 IR_SENSORS -872 -7 1
57.63 34 NAVIGATION 1 1 -36 -2 26 4487.9 2733.4
57.63 34 GPS 3 50633007 356625976 1429 75196 23 148 327084001 12 0
57.84 34 WP_MOVED 1 506292.5 3566296.25 800.
57.84 34 GYRO_RATES 36 -36 -3 -0.314159 -0.314159 -0.02618
57.97 34 ESTIMATOR 751.960022 1.48 1.48 1.48 751.960022
57.97 34 BAT 6 117 409 0 388 387 4
57.97 34 NAVIGATION 1 1 -35 -2 26 4481.8 2739.4
57.97 34 ATTITUDE 1 0 -16
57.97 34 CALIBRATION 47.771 0.02 0.046 0
57.97 34 GPS 3 50633010 356625981 1520 75182 36 142 327084249 12 0
57.97 34 SERVO 9600 7823 6
57.99 34 DOWNLINK_STATUS 57 23923 1511 0 407. 25.
58.38 34 DESIRED 0. -0.01 14. 43. 800. 2.
58.38 34 IR_DEBUG 620 631 620 631
58.38 34 NAVIGATION 1 1 -35 -2 26 4474.3 2738.
58.38 34 GPS 3 50633022 356625983 1436 75182 42 142 327084501 12 0
58.38 34 WP_MOVED 2 506379.59375 3566304.75 800.
58.38 34 PPRZ_MODE 0 3 3 0 0 1 0
58.46 34 ESTIMATOR 751.820007 1.42 1.42 1.42 751.820007
58.49 34 COMMANDS 6,-29,-34,-1895
58.49 34 NAVIGATION 1 1 -35 -2 26 4460.7 2745.6
58.49 34 ATTITUDE 1 0 -16
58.49 34 DL_VALUE 30 0.001
58.49 34 GPS 3 50633039 356625980 1410 75183 3 165 327084749 12 0
58.49 34 FBW_STATUS 0 0 117
58.49 34 RAD_OF_IR -9 -74 0.00122
58.53 34 IR_SENSORS -875 -8 1
58.53 34 NAVIGATION 1 1 -35 -2 26 4446.6 2760.6
58.86 34 WP_MOVED 3 506366. 3566262. 0.
58.86 34 GYRO_RATES 34 -36 -2 -0.296706 -0.314159 -0.017453
58.86 34 GPS 3 50633054 356625974 1443 75172 18 133 327085001 12 0
58.86 34 SVINFO 0 14 13 4 26 56 23
58.94 34 ESTIMATOR 751.719971 1.33 1.33 1.33 751.719971
58.94 34 NAVIGATION 1 1 -35 -2 26 4437.3 2776.4
58.94 34 ATTITUDE 1 0 -16
58.94 34 GPS 3 50633062 356625969 1535 75163 15 146 327085249 12 0
58.94 34 SVINFO 1 19 13 4 28 18 248
58.99 34 DOWNLINK_STATUS 58 24319 1536 0 396. 25.
59.02 34 DESIRED 0. -0.01 14. 43. 800. 2.
59.02 34 NAVIGATION 1 1 -35 -2 26 4434. 2786.1
59.11 34 WP_MOVED 0 506408. 3566304. 800.
59.35 34 GPS 3 50633071 356625965 1629 75163 24 114 327085501 12 0
59.35 34 SVINFO 2 31 13 6 33 54 167
59.35 34 ESTIMATOR 751.630005 1.14 1.14 1.14 751.630005
59.47 34 COMMANDS 6,-29,-33,-1893
59.47 34 NAVIGATION 1 1 -35 -2 26 4428.8 2795.9
59.47 34 ATTITUDE 1 0 -16
59.47 34 DL_VALUE 31 0.02
59.47 34 FBW_STATUS 0 0 117
59.47 34 RAD_OF_IR -9 266 0.0012
59.47 34 GPS 3 50633077 356625966 1519 75155 13 105 327085749 12 0
59.47 34 SVINFO 3 11 13 4 29 24 307
59.47 34 IR_SENSORS -871 -10 1
59.56 34 NAVIGATION 1 1 -35 -2 26 4422. 2799.8
59.56 34 WP_MOVED 1 506292.5 3566296.25 800.
59.56 34 GYRO_RATES 36 -35 -3 -0.314159 -0.305433 -0.02618
59.88 34 GPS 3 50633083 356625961 1576 75174 17 125 327086001 12 0
59.88 34 SVINFO 4 18 13 4 30 17 100
59.88 34 ESTIMATOR 751.73999 1.25 1.25 1.25 751.73999
59.88 34 BAT 6 117 411 0 390 389 4
59.88 34 NAVIGATION 1 1 -35 -2 26 4420.6 2808.
59.88 34 ATTITUDE 1 0 -16
59.88 34 CALIBRATION 48.23 0.02 0.046 0
59.99 34 DOWNLINK_STATUS 59 24708 1561 0 389. 25.
60.05 34 SERVO 9600 7422 6
60.05 34 GPS 3 50633087 356625951 1593 75178 73 84 327086249 12 0
60.05 34 SVINFO 5 32 13 4 25 22 304
60.05 34 DESIRED 0. -0.01 14. 43. 800. 2.
60.05 34 IR_DEBUG 617 626 617 626
60.05 34 NAVIGATION 1 1 -35 -2 26 4425.8 2818.4
60.05 34 WP_MOVED 2 506379.59375 3566304.75 800.
60.15 34 ESTIMATOR 751.780029 0.84 0.84 0.84 751.780029
60.15 34 GPS 3 50633092 356625940 1599 75177 53 92 327086501 12 0
60.15 34 SVINFO 6 3 13 4 25 6 223
60.35 34 COMMANDS 6,-31,-34,-1895
60.35 34 NAVIGATION 1 1 -35 -2 26 4430.9 2830.3
60.35 34 ATTITUDE 1 0 -16
60.35 34 DL_VALUE 32 0.
60.44 34 FBW_STATUS 0 0 117
60.44 34 RAD_OF_IR -8 16 0.00121
60.44 34 GPS 3 50633099 356625932 1616 75168 35 112 327086749 12 0
60.44 34 SVINFO 7 22 13 4 30 45 84
60.44 34 IR_SENSORS -872 -7 1
60.44 34 NAVIGATION 1 1 -35 -2 26 4431.4 2841.6
60.52 34 WP_MOVED 3 506366. 3566262. 0.
60.52 34 GYRO_RATES 36 -35 -3 -0.314159 -0.305433 -0.02618
60.62 34 ESTIMATOR 751.679993 1.12 1.12 1.12 751.679993
60.66 34 GPS 3 50633103 356625927 1639 75169 22 126 327087001 12 0
60.67 34 NAVIGATION 1 1 -34 -2 26 4432. 2848.4
60.67 34 ATTITUDE 1 0 -16
60.99 34 DOWNLINK_STATUS 60 25113 1587 0 405. 26.
61.07 34 DESIRED 0. -0.01 14. 43. 800. 2.
61.07 34 GPS 3 50633113 356625926 1558 75169 39 132 327087249 12 0
61.07 34 SVINFO 9 30 13 4 29 10 93
61.07 34 NAVIGATION 1 1 -34 -2 26 4423.2 2856.8
61.07 34 WP_MOVED 0 506408. 3566304. 800.
61.12 34 ESTIMATOR 751.690002 1.32 1.32 1.32 751.690002
61.25 34 COMMANDS 6,-31,-33,-1893
61.25 34 NAVIGATION 1 1 -34 -2 26 4423.2 2856.8
61.25 34 GPS 3 50633127 356625933 1451 75160 45 133 327087501 12 0
61.25 34 ATTITUDE 1 0 -16
61.25 34 DL_VALUE 33 0.01
61.25 34 FBW_STATUS 0 0 117
61.25 34 RAD_OF_IR -11 -302 0.00121
61.31 34 IR_SENSORS -875 -11 1
