9.40 3 COMMANDS 13,669,-1761,-472
9.40 3 NAVIGATION 0 0 0 0 286 0. 570986.7
9.40 3 ATTITUDE 0 0 0
9.40 3 GYRO_RATES -56 -17 -1 0.488692 -0.148353 0.008727
9.40 3 FBW_STATUS 0 0 109
9.40 3 ESTIMATOR 701.1745 0.057807 117.450005 5.780692 120.689827
9.40 3 NAVIGATION 0 0 0 0 286 0. 570986.7
9.40 3 WP_MOVED 0 358113. 4822203. 702.
9.40 3 DESIRED 0.04 -0.14 0. 0. 700. -0.347
9.40 3 NAVIGATION 0 0 0 0 286 0. 570986.7
9.40 3 ATTITUDE 0 0 0
9.40 3 ESTIMATOR 701.255493 -0.052056 125.550003 -5.205607 120.689835
9.40 3 DL_VALUE 1 1.
9.40 3 NAVIGATION 0 0 0 0 286 0. 570986.7
9.40 3 DOWNLINK_STATUS 6 1309 88 0 216. 14.
9.40 3 WP_MOVED 1 358824.90625 4822110. 702.
9.40 3 COMMANDS 14,678,-1757,-474
9.40 3 NAVIGATION 0 0 0 0 286 0. 570986.7
9.40 3 ATTITUDE 0 0 0
9.40 3 GYRO_RATES -53 -13 0 0.462512 -0.113446 -0.
9.40 3 FBW_STATUS 0 0 109
9.40 3 ESTIMATOR 701.161011 0.027216 116.099998 2.721596 120.779823
9.40 3 BAT 2 109 0 0 90 90 0
9.40 3 CALIBRATION -1.213 0.037 0.5 0
9.40 3 NAVIGATION 0 0 0 0 286 0. 570986.7
9.40 3 WP_MOVED 2 358071. 4822161. 0.
9.40 3 SERVO -329 -9600 13
9.40 3 DESIRED 0.04 -0.14 0. 0. 700.004 -0.347
9.40 3 NAVIGATION 0 0 0 0 286 0. 570986.7
9.40 3 ATTITUDE 0 0 0
9.40 3 ESTIMATOR 701.215027 -0.069444 121.5 -6.944413 119.789818
9.40 3 DL_VALUE 2 0.
9.40 3 NAVIGATION 0 0 0 0 286 0. 570986.7
9.40 3 WP_MOVED 0 358113. 4822203. 702.
9.40 3 DOWNLINK_STATUS 7 1592 107 0 283. 19.
9.40 3 COMMANDS 0,674,-1778,-481
9.40 3 NAVIGATION 0 0 0 0 286 0. 570986.7
9.40 3 ATTITUDE 0 0 0
9.40 3 GYRO_RATES -53 -14 0 0.462512 -0.122173 -0.
9.40 3 FBW_STATUS 0 0 109
9.40 3 ESTIMATOR 701.242004 0.010557 124.200005 1.055689 119.879822
9.40 3 NAVIGATION 0 0 0 0 286 0. 570986.7
9.40 3 WP_MOVED 1 358824.90625 4822110. 702.
9.40 3 DESIRED 0.04 -0.14 0. 0. 700.004 -0.351
9.40 3 NAVIGATION 0 0 0 0 286 0. 570986.7
9.40 3 ATTITUDE 0 0 0
9.40 3 ESTIMATOR 701.187988 0.027972 118.800003 2.797208 120.959831
9.40 3 DL_VALUE 3 0.
9.40 3 NAVIGATION 0 0 0 0 286 0. 570986.7
9.40 3 WP_MOVED 2 358071. 4822161. 0.
9.48 3 DOWNLINK_STATUS 8 1823 122 0 231. 15.
9.52 3 COMMANDS 12,657,-1776,-469
9.52 3 NAVIGATION 0 0 0 0 286 0. 570986.7
9.52 3 ATTITUDE 0 0 0
9.52 3 GYRO_RATES -55 -17 0 0.479966 -0.148353 -0.
9.57 3 FBW_STATUS 0 0 109
9.57 3 ESTIMATOR 701.215027 -0.00594 121.5 -0.593987 121.049828
9.57 3 BAT 11 109 0 0 92 92 0
9.79 3 CALIBRATION -1.201 0.037 0.5 0
9.79 3 NAVIGATION 0 0 0 0 286 0. 570986.7
9.79 3 WP_MOVED 0 358113. 4822203. 702.
9.79 3 SERVO 159 -9600 16
9.86 3 DESIRED 0.04 -0.14 0. 0. 700.005 -0.352
9.96 3 NAVIGATION 0 0 0 0 286 0. 570986.7
9.96 3 ATTITUDE 0 0 0
10.06 3 ESTIMATOR 701.242004 -0.047304 124.200005 -4.730392 119.969826
10.08 3 DL_VALUE 4 0.
10.28 3 NAVIGATION 0 0 0 0 286 0. 570986.7
10.31 3 WP_MOVED 1 358824.90625 4822110. 702.
10.48 3 DOWNLINK_STATUS 9 2091 140 0 268. 18.
10.53 3 COMMANDS 13,683,-1754,-486
10.53 3 NAVIGATION 0 0 0 0 286 0. 570986.7
10.53 3 ATTITUDE 0 0 0
10.53 3 GYRO_RATES -55 -14 1 0.479966 -0.122173 -0.008727
10.53 3 FBW_STATUS 0 0 109
10.53 3 ESTIMATOR 701.187988 0.003051 118.800003 0.305109 121.139832
10.58 3 ACTUATORS 1373,1555,0,1201,1525
10.78 3 NAVIGATION 0 0 0 0 286 0. 570986.7
10.79 3 WP_MOVED 2 358071. 4822161. 0.
10.79 3 DESIRED 0.04 -0.14 0. 0. 700.009 -0.362
10.86 3 NAVIGATION 0 0 0 0 286 0. 570986.7
10.86 3 ATTITUDE 0 0 0
10.86 3 PPRZ_MODE 0 3 0 0 0 17 0
10.96 3 ESTIMATOR 701.187988 0.011556 118.800003 1.15561 120.41983
11.07 3 DL_VALUE 5 0.
11.08 3 NAVIGATION 0 0 0 0 286 0. 570986.7
11.27 3 WP_MOVED 0 358113. 4822203. 702.
11.37 3 COMMANDS 17,670,-1745,-454
11.37 3 NAVIGATION 0 0 0 0 286 0. 570986.7
11.37 3 ATTITUDE 0 0 0
11.37 3 GYRO_RATES -50 -11 3 0.436332 -0.095993 -0.02618
11.38 3 FBW_STATUS 0 0 109
11.46 3 ESTIMATOR 701.242004 -0.01539 124.200005 -1.539025 121.049828
11.46 3 BAT 10 109 0 0 94 94 0
11.48 3 DOWNLINK_STATUS 10 2442 164 0 351. 24.
11.55 3 CALIBRATION -1.202 0.037 0.5 0
11.56 3 NAVIGATION 0 0 0 0 286 0. 570986.7
11.78 3 WP_MOVED 1 358824.90625 4822110. 702.
11.78 3 SERVO -84 -9600 9
11.81 3 DESIRED 0.04 -0.14 0. 0. 700.004 -0.347
11.81 3 NAVIGATION 0 0 0 0 286 0. 570986.7
11.81 3 ATTITUDE 0 0 0
11.89 3 ESTIMATOR 701.161011 0.048303 116.099998 4.830289 120.689835
11.96 3 DL_VALUE 6 0.
12.07 3 NAVIGATION 0 0 0 0 286 0. 570986.7
12.07 3 WP_MOVED 2 358071. 4822161. 0.
12.39 3 COMMANDS 13,677,-1765,-481
12.39 3 NAVIGATION 0 0 0 0 286 0. 570986.7
12.39 3 ATTITUDE 0 0 0
12.39 3 GYRO_RATES -55 -18 -1 0.479966 -0.15708 0.008727
12.46 3 FBW_STATUS 0 0 109
12.51 3 ESTIMATOR 701.201477 -0.043389 120.150002 -4.338889 120.869843
12.51 3 NAVIGATION 0 0 0 0 286 0. 570986.7
12.51 3 DOWNLINK_STATUS 11 2714 182 0 272. 18.
12.56 3 WP_MOVED 0 358113. 4822203. 702.
12.66 3 DESIRED 0.04 -0.14 0. 0. 700.004 -0.372
12.88 3 NAVIGATION 0 0 0 0 286 0. 570986.7
12.88 3 ATTITUDE 0 0 0
12.89 3 ESTIMATOR 701.255493 -0.006777 125.550003 -0.677705 120.599838
12.98 3 DL_VALUE 7 0.
12.98 3 NAVIGATION 0 0 0 0 286 0. 570986.7
13.05 3 WP_MOVED 1 358824.90625 4822110. 702.
13.40 3 COMMANDS 13,674,-1756,-466
13.40 3 NAVIGATION 0 0 0 0 286 0. 570986.7
13.40 3 ATTITUDE 0 0 0
13.40 3 GYRO_RATES -56 -19 -1 0.488692 -0.165806 0.008727
13.40 3 FBW_STATUS 0 0 109
13.48 3 DOWNLINK_STATUS 12 2905 195 0 191. 13.
13.52 3 ESTIMATOR 701.215027 0.00108 121.5 0.10798 119.699829
13.52 3 BAT 13 109 0 0 96 96 0
13.52 3 CALIBRATION -1.2 0.037 0.5 0
13.52 3 NAVIGATION 0 0 0 0 286 0. 570986.7
13.52 3 WP_MOVED 2 358071. 4822161. 0.
13.52 3 SERVO 159 -9600 10
13.58 3 DESIRED 0.04 -0.14 0. 0. 700. -0.368
13.69 3 NAVIGATION 0 0 0 0 286 0. 570986.7
13.69 3 ATTITUDE 0 0 0
13.88 3 ESTIMATOR 701.1745 -0.034641 117.450005 -3.464136 119.519836
13.89 3 DL_VALUE 8 0.
13.89 3 NAVIGATION 0 0 0 0 286 0. 570986.7
13.97 3 WP_MOVED 0 358113. 4822203. 702.
14.18 3 COMMANDS 12,718,-1764,-469
14.22 3 NAVIGATION 0 0 0 0 286 0. 570986.7
14.22 3 ATTITUDE 0 0 0
14.22 3 GYRO_RATES -54 -14 -1 0.471239 -0.122173 0.008727
14.38 3 FBW_STATUS 0 0 109
14.40 3 ESTIMATOR 701.228516 -0.016497 122.849998 -1.64968 119.429848
14.40 3 NAVIGATION 0 0 0 0 286 0. 570986.7
14.45 3 WP_MOVED 1 358824.90625 4822110. 702.
14.48 3 DOWNLINK_STATUS 13 3228 216 0 323. 21.
14.57 3 DESIRED 0.04 -0.14 0. 0. 700.003 -0.355
14.66 3 NAVIGATION 0 0 0 0 286 0. 570986.7
14.66 3 ATTITUDE 0 0 0
14.88 3 ESTIMATOR 701.228516 -0.012474 122.849998 -1.24742 120.329834
15.01 3 DL_VALUE 9 515.
15.01 3 NAVIGATION 0 0 0 0 286 0. 570986.7
15.01 3 WP_MOVED 2 358071. 4822161. 0.
15.01 3 NAVIGATION_REF 358071 4822161 31
15.17 3 COMMANDS 17,670,-1762,-479
15.17 3 NAVIGATION 0 0 0 0 286 0. 570986.7
15.17 3 ATTITUDE 0 0 0
15.17 3 GYRO_RATES -51 -12 1 0.445059 -0.10472 -0.008727
15.40 3 FBW_STATUS 0 0 109
15.40 3 ESTIMATOR 701.1745 0.03861 117.450005 3.861008 120.059845
15.40 3 BAT 13 109 0 0 98 98 0
15.40 3 ACTUATORS 1374,1557,0,1200,1524
15.40 3 CALIBRATION -1.201 0.037 0.5 0
15.40 3 NAVIGATION 0 0 0 0 286 0. 570986.7
15.40 3 WP_MOVED 0 358113. 4822203. 702.
15.40 3 SERVO -206 -9600 11
15.47 3 DESIRED 0.04 -0.14 0. 0. 700.003 -0.38
15.49 3 DOWNLINK_STATUS 14 3546 237 0 318. 21.
15.56 3 NAVIGATION 0 0 0 0 286 0. 570986.7
15.56 3 ATTITUDE 0 0 0
15.56 3 PPRZ_MODE 0 3 0 0 0 17 0
15.78 3 ESTIMATOR 701.187988 -0.027135 118.800003 -2.713504 122.219826
15.80 3 DL_VALUE 10 480.
15.80 3 NAVIGATION 0 0 0 0 286 0. 570986.7
15.87 3 WP_MOVED 1 358824.90625 4822110. 702.
16.07 3 COMMANDS 13,680,-1750,-472
16.07 3 NAVIGATION 0 0 0 0 286 0. 570986.7
16.07 3 ATTITUDE 0 0 0
16.07 3 GYRO_RATES -54 -15 0 0.471239 -0.1309 -0.
16.07 3 FBW_STATUS 0 0 109
16.19 3 ESTIMATOR 701.201477 0.00189 120.150002 0.189009 119.699814
16.26 3 NAVIGATION 0 0 0 0 286 0. 570986.7
16.28 3 WP_MOVED 2 358071. 4822161. 0.
16.39 3 DESIRED 0.04 -0.14 0. 0. 700.004 -0.347
16.48 3 NAVIGATION 0 0 0 0 286 0. 570986.7
16.48 3 ATTITUDE 0 0 0
16.50 3 DOWNLINK_STATUS 15 3812 255 0 266. 18.
16.69 3 ESTIMATOR 701.242004 -0.056781 124.200005 -5.67812 118.889832
16.76 3 DL_VALUE 11 470.
16.77 3 NAVIGATION 0 0 0 0 286 0. 570986.7
16.77 3 WP_MOVED 0 358113. 4822203. 702.
16.99 3 COMMANDS 16,666,-1756,-466
16.99 3 NAVIGATION 0 0 0 0 286 0. 570986.7
16.99 3 ATTITUDE 0 0 0
17.00 3 GYRO_RATES -55 -16 1 0.479966 -0.139626 -0.008727
17.19 3 FBW_STATUS 0 0 109
17.19 3 ESTIMATOR 701.215027 0.041634 121.5 4.163413 120.239845
17.19 3 BAT 17 109 0 0 100 100 0
17.21 3 CALIBRATION -1.197 0.037 0.5 0
17.21 3 NAVIGATION 0 0 0 0 286 0. 570986.7
17.27 3 WP_MOVED 1 358824.90625 4822110. 702.
17.27 3 SERVO 37 -9600 26
17.37 3 DESIRED 0.04 -0.14 0. 0. 700.005 -0.376
17.46 3 NAVIGATION 0 0 0 0 286 0. 570986.7
17.46 3 ATTITUDE 0 0 0
17.50 3 DOWNLINK_STATUS 16 4080 273 0 268. 18.
17.69 3 ESTIMATOR 701.161011 -0.00675 116.099998 -0.674987 120.419823
17.80 3 DL_VALUE 12 1.35
17.80 3 NAVIGATION 0 0 0 0 286 0. 570986.7
17.80 3 WP_MOVED 2 358071. 4822161. 0.
18.01 3 COMMANDS 10,672,-1765,-472
18.01 3 NAVIGATION 0 0 0 0 286 0. 570986.7
18.01 3 ATTITUDE 0 0 0
18.01 3 GYRO_RATES -53 -14 1 0.462512 -0.122173 -0.008727
18.01 3 FBW_STATUS 0 0 109
18.01 3 ESTIMATOR 701.242004 -5.4e-05 124.200005 -0.005398 121.22982
18.28 3 NAVIGATION 0 0 0 0 286 0. 570986.7
18.29 3 WP_MOVED 0 358113. 4822203. 702.
18.29 3 DESIRED 0.04 -0.14 0. 0. 700.004 -0.36
18.36 3 NAVIGATION 0 0 0 0 286 0. 570986.7
18.36 3 ATTITUDE 0 0 0
18.46 3 ESTIMATOR 701.228516 -0.061695 122.849998 -6.169496 120.959839
18.58 3 DOWNLINK_STATUS 17 4333 289 0 253. 16.
18.58 3 DL_VALUE 13 0.
18.58 3 NAVIGATION 0 0 0 0 286 0. 570986.7
18.77 3 WP_MOVED 1 358824.90625 4822110. 702.
18.87 3 COMMANDS 24,670,-1737,-467
18.87 3 NAVIGATION 0 0 0 0 286 0. 570986.7
18.87 3 ATTITUDE 0 0 0
18.88 3 GYRO_RATES -53 -14 -1 0.462512 -0.122173 0.008727
18.88 3 FBW_STATUS 0 0 109
18.96 3 ESTIMATOR 701.187988 0.028971 118.800003 2.89711 120.509827
18.96 3 BAT 13 109 0 0 102 102 0
19.05 3 CALIBRATION -1.206 0.037 0.5 0
19.07 3 NAVIGATION 0 0 0 0 286 0. 570986.7
19.28 3 WP_MOVED 2 358071. 4822161. 0.
19.28 3 SERVO -451 -9600 13
19.31 3 DESIRED 0.04 -0.14 0. 0. 700.003 -0.368
19.31 3 NAVIGATION 0 0 0 0 286 0. 570986.7
19.31 3 ATTITUDE 0 0 0
19.39 3 ESTIMATOR 701.228516 -0.005832 122.849998 -0.58322 120.959839
19.46 3 DL_VALUE 14 0.
19.52 3 DOWNLINK_STATUS 18 4608 308 0 275. 19.
19.58 3 NAVIGATION 0 0 0 0 286 0. 570986.7
19.58 3 WP_MOVED 0 358113. 4822203. 702.
19.89 3 COMMANDS 13,680,-1753,-471
19.89 3 NAVIGATION 0 0 0 0 286 0. 570986.7
19.89 3 ATTITUDE 0 0 0
19.89 3 GYRO_RATES -55 -18 0 0.479966 -0.15708 -0.
19.96 3 FBW_STATUS 0 0 109
19.96 3 ESTIMATOR 701.215027 0.00972 121.5 0.972023 121.229836
20.01 3 ACTUATORS 1372,1555,0,1201,1524
20.01 3 NAVIGATION 0 0 0 0 286 0. 570986.7
20.07 3 WP_MOVED 1 358824.90625 4822110. 702.
20.16 3 DESIRED 0.04 -0.14 0. 0. 700.004 -0.372
20.38 3 NAVIGATION 0 0 0 0 286 0. 570986.7
20.39 3 ATTITUDE 0 0 0
20.39 3 PPRZ_MODE 0 3 0 0 0 17 0
20.46 3 ESTIMATOR 701.242004 -0.007776 124.200005 -0.777636 122.939842
20.46 3 DL_VALUE 15 0.75
20.47 3 NAVIGATION 0 0 0 0 286 0. 570986.7
20.53 3 DOWNLINK_STATUS 19 4879 326 0 271. 18.
20.58 3 WP_MOVED 2 358071. 4822161. 0.
20.90 3 COMMANDS 12,669,-1776,-462
20.90 3 NAVIGATION 0 0 0 0 286 0. 570986.7
20.90 3 ATTITUDE 0 0 0
20.90 3 GYRO_RATES -55 -16 0 0.479966 -0.139626 -0.
20.90 3 FBW_STATUS 0 0 109
21.01 3 ESTIMATOR 701.255493 -0.029835 125.550003 -2.983456 121.949837
21.01 3 BAT 0 109 0 0 104 104 0
21.01 3 CALIBRATION -1.22 0.037 0.5 0
21.01 3 NAVIGATION 0 0 0 0 286 0. 570986.7
21.01 3 WP_MOVED 0 358113. 4822203. 702.
21.01 3 SERVO 403 -9600 7
21.08 3 DESIRED 0.04 -0.14 0. 0. 700.003 -0.381
21.16 3 NAVIGATION 0 0 0 0 286 0. 570986.7
21.16 3 ATTITUDE 0 0 0
21.38 3 ESTIMATOR 701.268982 -0.019332 126.900002 -1.933203 123.299835
21.41 3 DL_VALUE 16 25000.
21.41 3 NAVIGATION 0 0 0 0 286 0. 570986.7
21.48 3 WP_MOVED 1 358824.90625 4822110. 702.
21.52 3 DOWNLINK_STATUS 20 5162 345 0 283. 19.
21.68 3 COMMANDS 6,657,-1764,-489
21.68 3 NAVIGATION 0 0 0 0 286 0. 570986.7
21.68 3 ATTITUDE 0 0 0
21.68 3 GYRO_RATES -52 -12 1 0.453786 -0.10472 -0.008727
21.87 3 FBW_STATUS 0 0 109
21.89 3 ESTIMATOR 701.201477 -0.01539 120.150002 -1.539011 121.67984
21.89 3 NAVIGATION 0 0 0 0 286 0. 570986.7
21.95 3 WP_MOVED 2 358071. 4822161. 0.
22.07 3 DESIRED 0.04 -0.14 0. 0. 700.003 -0.363
22.16 3 NAVIGATION 0 0 0 0 286 0. 570986.7
22.16 3 ATTITUDE 0 0 0
22.38 3 ESTIMATOR 701.255493 0.06075 125.550003 6.074982 122.48983
22.41 3 DL_VALUE 17 25000.
22.41 3 NAVIGATION 0 0 0 0 286 0. 570986.7
22.41 3 WP_MOVED 0 358113. 4822203. 702.
22.53 3 DOWNLINK_STATUS 21 5393 360 0 231. 15.
22.67 3 COMMANDS 28,666,-1751,-489
22.67 3 NAVIGATION 0 0 0 0 286 0. 570986.7
22.67 3 ATTITUDE 0 0 0
22.67 3 GYRO_RATES -54 -15 -1 0.471239 -0.1309 0.008727
22.69 3 FBW_STATUS 0 0 109
22.69 3 ESTIMATOR 701.215027 -0.013473 121.5 -1.347275 123.569839
22.69 3 BAT 13 109 0 0 106 106 0
23.31 3 NAVIGATION 0 0 0 0 286 0. 570986.7
23.31 3 WP_MOVED 1 358824.90625 4822110. 702.
23.31 3 SERVO -206 -9600 13
23.31 3 DESIRED 0.04 -0.14 0. 0. 700.003 -0.355
23.31 3 NAVIGATION 0 0 0 0 286 0. 570986.7
23.32 3 ATTITUDE 0 0 0
23.37 3 ESTIMATOR 701.215027 0.037503 121.5 3.750305 122.849838
23.37 3 DL_VALUE 18 0.75
23.38 3 NAVIGATION 0 0 0 0 286 0. 570986.7
23.38 3 WP_MOVED 2 358071. 4822161. 0.
23.38 3 NAVIGATION_REF 358071 4822161 31
23.53 3 DOWNLINK_STATUS 22 5657 378 0 264. 18.
23.59 3 COMMANDS 9,686,-1751,-459
23.59 3 NAVIGATION 0 0 0 0 286 0. 570986.7
23.59 3 ATTITUDE 0 0 0
23.59 3 GYRO_RATES -54 -15 0 0.471239 -0.1309 -0.
23.60 3 FBW_STATUS 0 0 109
23.78 3 ESTIMATOR 701.255493 -0.033723 125.550003 -3.372269 122.759842
23.81 3 NAVIGATION 0 0 0 0 286 0. 570986.7
23.81 3 WP_MOVED 0 358113. 4822203. 702.
23.89 3 DESIRED 0.04 -0.14 0. 0. 700.009 -0.359
23.99 3 NAVIGATION 0 0 0 0 286 0. 570986.7
23.99 3 ATTITUDE 0 0 0
24.08 3 ESTIMATOR 701.187988 0.108054 118.800003 10.805402 123.389839
24.29 3 DL_VALUE 19 14000.
24.31 3 NAVIGATION 0 0 0 0 286 0. 570986.7
24.31 3 WP_MOVED 1 358824.90625 4822110. 702.
24.49 3 COMMANDS 11,644,-1803,-461
24.49 3 NAVIGATION 0 0 0 0 286 0. 570986.7
24.49 3 ATTITUDE 0 0 0
24.49 3 GYRO_RATES -52 -12 3 0.453786 -0.10472 -0.02618
24.54 3 DOWNLINK_STATUS 23 5945 397 0 288. 19.
24.57 3 FBW_STATUS 0 0 109
24.57 3 ESTIMATOR 701.255493 -0.003942 125.550003 -0.394201 124.559837
24.57 3 BAT 0 109 0 0 108 108 0
24.80 3 ACTUATORS 1373,1556,0,1200,1523
24.80 3 CALIBRATION -1.222 0.037 0.5 0
24.80 3 NAVIGATION 0 0 0 0 286 0. 570986.7
24.81 3 WP_MOVED 2 358071. 4822161. 0.
24.81 3 SERVO 37 -9600 4
24.86 3 DESIRED 0.04 -0.14 0. 0. 700. -0.368
24.96 3 NAVIGATION 0 0 0 0 286 0. 570986.7
24.96 3 ATTITUDE 0 0 0
24.96 3 PPRZ_MODE 0 3 0 0 0 1 0
25.06 3 ESTIMATOR 701.242004 -0.019197 124.200005 -1.919684 123.74984
25.08 3 DL_VALUE 20 14000.
25.28 3 NAVIGATION 0 0 0 0 286 0. 570986.7
25.28 3 WP_MOVED 0 358113. 4822203. 702.
25.51 3 COMMANDS 0,674,-1778,-479
25.51 3 NAVIGATION 0 0 0 0 286 0. 570986.7
25.51 3 ATTITUDE 0 0 0
25.51 3 GYRO_RATES -52 -13 1 0.453786 -0.113446 -0.008727
25.51 3 FBW_STATUS 0 0 109
25.51 3 ESTIMATOR 701.268982 -0.014499 126.900002 -1.449881 124.019836
25.54 3 DOWNLINK_STATUS 24 6262 419 0 317. 22.
25.79 3 NAVIGATION 0 0 0 0 286 0. 570986.7
25.79 3 WP_MOVED 1 358824.90625 4822110. 702.
25.79 3 DESIRED 0.04 -0.14 0. 0. 700.004 -0.372
25.86 3 NAVIGATION 0 0 0 0 286 0. 570986.7
25.86 3 ATTITUDE 0 0 0
25.96 3 ESTIMATOR 701.255493 -0.008694 125.550003 -0.869384 124.919838
26.08 3 DL_VALUE 21 0.75
26.08 3 NAVIGATION 0 0 0 0 286 0. 570986.7
26.27 3 WP_MOVED 2 358071. 4822161. 0.
26.37 3 COMMANDS 7,669,-1772,-466
26.37 3 NAVIGATION 0 0 0 0 286 0. 570986.7
26.37 3 ATTITUDE 0 0 0
26.37 3 GYRO_RATES -54 -16 -1 0.471239 -0.139626 0.008727
26.37 3 FBW_STATUS 0 0 109
26.46 3 ESTIMATOR 701.255493 0.005778 125.550003 0.577841 124.91983
26.46 3 BAT 11 109 0 0 110 110 0
26.54 3 DOWNLINK_STATUS 25 6507 435 0 245. 16.
26.57 3 CALIBRATION -1.231 0.037 0.5 0
26.57 3 NAVIGATION 0 0 0 0 286 0. 570986.7
26.78 3 WP_MOVED 0 358113. 4822203. 702.
26.78 3 SERVO -329 -9600 14
26.80 3 DESIRED 0.04 -0.14 0. 0. 700.003 -0.363
26.80 3 NAVIGATION 0 0 0 0 286 0. 570986.7
26.80 3 ATTITUDE 0 0 0
26.88 3 ESTIMATOR 701.161011 0.013527 116.099998 1.352706 123.839844
26.95 3 DL_VALUE 22 17000.
27.08 3 NAVIGATION 0 0 0 0 286 0. 570986.7
27.08 3 WP_MOVED 1 358824.90625 4822110. 702.
27.40 3 COMMANDS 10,686,-1750,-464
27.40 3 NAVIGATION 0 0 0 0 286 0. 570986.7
27.40 3 ATTITUDE 0 0 0
27.40 3 GYRO_RATES -56 -18 -1 0.488692 -0.15708 0.008727
27.56 3 DOWNLINK_STATUS 26 6734 450 0 227. 15.
27.79 3 FBW_STATUS 0 0 109
27.79 3 ESTIMATOR 701.242004 0.019197 124.200005 1.91968 122.309837
27.79 3 NAVIGATION 0 0 0 0 286 0. 570986.7
27.79 3 WP_MOVED 2 358071. 4822161. 0.
27.87 3 DESIRED 0.04 -0.14 0. 0. 700.003 -0.356
27.88 3 NAVIGATION 0 0 0 0 286 0. 570986.7
27.88 3 ATTITUDE 0 0 0
27.89 3 ESTIMATOR 701.187988 0.010692 118.800003 1.069207 122.219826
27.95 3 DL_VALUE 23 17000.
27.99 3 NAVIGATION 0 0 0 0 286 0. 570986.7
28.09 3 WP_MOVED 0 358113. 4822203. 702.
28.40 3 COMMANDS 637,672,-1765,-459
28.40 3 NAVIGATION 0 0 0 0 286 0. 570986.7
28.40 3 ATTITUDE 0 0 0
28.41 3 GYRO_RATES -55 -16 0 0.479966 -0.139626 -0.
28.41 3 FBW_STATUS 0 0 109
28.52 3 ESTIMATOR 701.187988 -0.037665 118.800003 -3.766508 120.959824
28.52 3 BAT 643 109 0 0 112 112 0
28.52 3 CALIBRATION -1.22 0.037 0.5 0
28.52 3 NAVIGATION 0 0 0 0 286 0. 570986.7
28.52 3 WP_MOVED 1 358824.90625 4822110. 702.
28.52 3 SERVO 159 -9600 622
28.55 3 DOWNLINK_STATUS 27 7062 472 0 328. 22.
28.58 3 DESIRED 0.04 -0.14 0. 0. 700.199 -0.3
28.69 3 NAVIGATION 0 0 0 0 286 0. 570986.7
28.69 3 ATTITUDE 0 0 0
28.88 3 ESTIMATOR 701.187988 0.053028 118.800003 5.302815 119.609825
28.90 3 DL_VALUE 24 0.3
28.90 3 NAVIGATION 0 0 0 0 286 0. 570986.7
28.95 3 WP_MOVED 2 358071. 4822161. 0.
29.17 3 COMMANDS 418,677,-1759,-464
29.17 3 NAVIGATION 0 0 0 0 286 0. 570986.7
29.17 3 ATTITUDE 0 0 0
29.17 3 GYRO_RATES -50 -10 2 0.436332 -0.087266 -0.017453
29.19 3 FBW_STATUS 0 0 109
29.38 3 ESTIMATOR 701.242004 0.022221 124.200005 2.22209 121.409828
29.42 3 ACTUATORS 1374,1556,0,1236,1525
29.42 3 NAVIGATION 0 0 0 0 286 0. 570986.7
29.46 3 WP_MOVED 0 358113. 4822203. 702.
29.56 3 DESIRED 0.04 -0.14 0. 0. 700.142 -0.326
29.56 3 DOWNLINK_STATUS 28 7332 489 0 270. 17.
29.66 3 NAVIGATION 0 0 0 0 286 0. 570986.7
29.70 3 ATTITUDE 0 0 0
29.70 3 PPRZ_MODE 0 3 0 0 0 1 0
29.88 3 ESTIMATOR 701.268982 -0.066609 126.900002 -6.6609 121.859833
29.93 3 DL_VALUE 25 0.189698
29.93 3 NAVIGATION 0 0 0 0 286 0. 570986.7
29.93 3 WP_MOVED 1 358824.90625 4822110. 702.
30.17 3 COMMANDS 696,677,-1759,-467
30.17 3 NAVIGATION 0 0 0 0 286 0. 570986.7
30.17 3 ATTITUDE 0 0 0
30.17 3 GYRO_RATES -55 -18 -1 0.479966 -0.15708 0.008727
30.19 3 FBW_STATUS 0 0 109
30.19 3 ESTIMATOR 701.268982 0.050166 126.900002 5.016594 123.389824
30.19 3 BAT 695 109 0 0 114 114 0
30.37 3 CALIBRATION -1.14 0.037 0.5 0
30.41 3 NAVIGATION 0 0 0 0 286 0. 570986.7
30.41 3 WP_MOVED 2 358071. 4822161. 0.
30.41 3 SERVO -206 -9600 336
30.46 3 DESIRED 0.04 -0.14 0. 0. 700.218 -0.307
30.56 3 NAVIGATION 0 0 0 0 286 0. 570986.7
30.56 3 ATTITUDE 0 0 0
30.56 3 DOWNLINK_STATUS 29 7635 510 0 303. 21.
30.66 3 ESTIMATOR 701.242004 0.005913 124.200005 0.591307 124.55983
30.88 3 DL_VALUE 26 0.007
30.88 3 NAVIGATION 0 0 0 0 286 0. 570986.7
30.91 3 WP_MOVED 0 358113. 4822203. 702.
31.09 3 COMMANDS 707,672,-1764,-466
31.09 3 NAVIGATION 0 0 0 0 286 0. 570986.7
31.09 3 ATTITUDE 0 0 0
31.09 3 GYRO_RATES -55 -15 1 0.479966 -0.1309 -0.008727
31.11 3 FBW_STATUS 0 0 109
31.16 3 ESTIMATOR 701.201477 -0.029835 120.150002 -2.983499 123.839836
31.38 3 NAVIGATION 0 0 0 0 286 0. 570986.7
31.40 3 WP_MOVED 1 358824.90625 4822110. 702.
31.40 3 DESIRED 0.04 -0.14 0. 0. 700.217 -0.286
31.47 3 NAVIGATION 0 0 0 0 286 0. 570986.7
31.47 3 ATTITUDE 0 0 0
31.56 3 DOWNLINK_STATUS 30 7866 525 0 231. 15.
31.57 3 ESTIMATOR 701.268982 -0.010476 126.900002 -1.047592 122.399834
31.67 3 DL_VALUE 27 0.037
31.70 3 NAVIGATION 0 0 0 0 286 0. 570986.7
31.88 3 WP_MOVED 2 358071. 4822161. 0.
31.89 3 NAVIGATION_REF 358071 4822161 31
32.09 3 COMMANDS 209,675,-1761,-524
32.09 3 NAVIGATION 0 0 0 0 286 0. 570986.7
32.09 3 ATTITUDE 0 0 0
32.09 3 GYRO_RATES -54 -13 1 0.471239 -0.113446 -0.008727
32.10 3 FBW_STATUS 0 0 109
32.10 3 ESTIMATOR 701.255493 -0.077031 125.550003 -7.703104 123.839836
32.10 3 BAT 16 109 0 0 116 116 0
32.19 3 CALIBRATION -1.069 0.037 0.5 0
32.21 3 NAVIGATION 0 0 0 0 286 0. 570986.7
32.38 3 WP_MOVED 0 358113. 4822203. 702.
32.38 3 SERVO -206 -9600 296
32.46 3 DESIRED 0.04 -0.14 0. 0. 700.017 -0.322
32.47 3 NAVIGATION 0 0 0 0 286 0. 570986.7
32.47 3 ATTITUDE 0 0 0
32.56 3 ESTIMATOR 701.255493 -0.022167 125.550003 -2.216711 121.859848
32.57 3 DOWNLINK_STATUS 31 8167 545 0 301. 20.
32.61 3 DL_VALUE 28 0.
32.70 3 NAVIGATION 0 0 0 0 286 0. 570986.7
32.74 3 WP_MOVED 1 358824.90625 4822110. 702.
33.31 3 COMMANDS 676,677,-1756,-496
33.31 3 NAVIGATION 0 0 0 0 286 0. 570986.7
33.31 3 ATTITUDE 0 0 0
33.31 3 GYRO_RATES -55 -15 0 0.479966 -0.1309 -0.
33.31 3 FBW_STATUS 0 0 109
33.31 3 ESTIMATOR 701.201477 0.032643 120.150002 3.264289 123.659843
33.38 3 NAVIGATION 0 0 0 0 286 0. 570986.7
33.38 3 WP_MOVED 2 358071. 4822161. 0.
33.38 3 DESIRED 0.04 -0.14 0. 0. 700.211 -0.313
33.38 3 NAVIGATION 0 0 0 0 286 0. 570986.7
33.38 3 ATTITUDE 0 0 0
33.46 3 ESTIMATOR 701.255493 0.022248 125.550003 2.224789 123.209846
33.57 3 DOWNLINK_STATUS 32 8398 560 0 231. 15.
33.58 3 DL_VALUE 29 0.045
33.58 3 NAVIGATION 0 0 0 0 286 0. 570986.7
33.77 3 WP_MOVED 0 358113. 4822203. 702.
33.87 3 COMMANDS 703,674,-1770,-466
33.87 3 NAVIGATION 0 0 0 0 286 0. 570986.7
33.87 3 ATTITUDE 0 0 0
33.87 3 GYRO_RATES -54 -17 0 0.471239 -0.148353 -0.
33.87 3 FBW_STATUS 0 0 109
33.96 3 ESTIMATOR 701.282471 -5.4e-05 128.25 -0.005388 125.819855
33.96 3 BAT 719 109 0 0 118 118 0
34.06 3 ACTUATORS 1373,1553,0,1260,1524
34.06 3 CALIBRATION -1.054 0.037 0.5 0
34.07 3 NAVIGATION 0 0 0 0 286 0. 570986.7
34.28 3 WP_MOVED 1 358824.90625 4822110. 702.
34.28 3 SERVO -84 -9600 707
34.37 3 DESIRED 0.04 -0.14 0. 0. 700.225 -0.31
34.37 3 NAVIGATION 0 0 0 0 286 0. 570986.7
34.37 3 ATTITUDE 0 0 0
34.39 3 PPRZ_MODE 0 3 0 0 0 1 0
34.40 3 ESTIMATOR 701.268982 -0.053946 126.900002 -5.394616 125.279854
34.46 3 DL_VALUE 30 1.
34.57 3 NAVIGATION 0 0 0 0 286 0. 570986.7
34.57 3 WP_MOVED 2 358071. 4822161. 0.
34.57 3 DOWNLINK_STATUS 33 8728 583 0 330. 23.
34.90 3 COMMANDS 36,658,-1795,-491
34.90 3 NAVIGATION 0 0 0 0 286 0. 570986.7
34.90 3 ATTITUDE 0 0 0
34.90 3 GYRO_RATES -53 -14 1 0.462512 -0.122173 -0.008727
34.96 3 FBW_STATUS 0 0 109
34.96 3 ESTIMATOR 701.201477 -0.001944 120.150002 -0.194383 124.019836
34.99 3 NAVIGATION 0 0 0 0 286 0. 570986.7
35.05 3 WP_MOVED 0 358113. 4822203. 702.
35.17 3 DESIRED 0.04 -0.14 0. 0. 700.127 -0.38
35.38 3 NAVIGATION 0 0 0 0 286 0. 570986.7
35.38 3 ATTITUDE 0 0 0
35.57 3 ESTIMATOR 701.201477 0.022275 120.150002 2.227502 122.30983
35.57 3 DL_VALUE 31 0.
35.57 3 NAVIGATION 0 0 0 0 286 0. 570986.7
35.57 3 WP_MOVED 1 358824.90625 4822110. 702.
35.57 3 DOWNLINK_STATUS 34 8959 598 0 231. 15.
35.90 3 COMMANDS 453,670,-1764,-486
35.90 3 NAVIGATION 0 0 0 0 286 0. 570986.7
35.90 3 ATTITUDE 0 0 0
35.92 3 GYRO_RATES -53 -14 1 0.462512 -0.122173 -0.008727
35.92 3 FBW_STATUS 0 0 109
36.02 3 ESTIMATOR 701.268982 -0.06561 126.900002 -6.560979 122.219833
36.02 3 BAT 453 109 0 0 120 120 0
36.02 3 CALIBRATION -1.062 0.037 0.5 0
36.02 3 NAVIGATION 0 0 0 0 286 0. 570986.7
36.02 3 WP_MOVED 2 358071. 4822161. 0.
36.02 3 SERVO -84 -9600 447
36.08 3 DESIRED 0.04 -0.14 0. 0. 700.139 -0.323
36.17 3 NAVIGATION 0 0 0 0 286 0. 570986.7
36.17 3 ATTITUDE 0 0 0
36.38 3 ESTIMATOR 701.255493 0.061776 125.550003 6.177607 124.199844
36.40 3 DL_VALUE 32 0.
36.40 3 NAVIGATION 0 0 0 0 286 0. 570986.7
36.45 3 WP_MOVED 0 358113. 4822203. 702.
36.57 3 DOWNLINK_STATUS 35 9227 616 0 268. 18.
36.69 3 COMMANDS 553,677,-1748,-474
36.69 3 NAVIGATION 0 0 0 0 286 0. 570986.7
36.69 3 ATTITUDE 0 0 0
36.69 3 GYRO_RATES -54 -15 -1 0.471239 -0.1309 0.008727
36.87 3 FBW_STATUS 0 0 109
36.87 3 ESTIMATOR 701.201477 -0.024111 120.150002 -2.411084 124.379829
36.87 3 NAVIGATION 0 0 0 0 286 0. 570986.7
36.95 3 WP_MOVED 1 358824.90625 4822110. 702.
37.06 3 DESIRED 0.04 -0.14 0. 0. 700.214 -0.305
37.28 3 NAVIGATION 0 0 0 0 286 0. 570986.7
37.28 3 ATTITUDE 0 0 0
37.29 3 ESTIMATOR 701.242004 0.00756 124.200005 0.755973 122.939827
37.29 3 DL_VALUE 33 0.037
37.35 3 NAVIGATION 0 0 0 0 286 0. 570986.7
37.37 3 WP_MOVED 2 358071. 4822161. 0.
37.58 3 DOWNLINK_STATUS 36 9458 631 0 231. 15.
37.82 3 COMMANDS 655,678,-1756,-503
37.82 3 NAVIGATION 0 0 0 0 286 0. 570986.7
37.82 3 ATTITUDE 0 0 0
37.82 3 GYRO_RATES -53 -14 1 0.462512 -0.122173 -0.008727
37.88 3 FBW_STATUS 0 0 109
37.88 3 ESTIMATOR 701.201477 0.033669 120.150002 3.366914 123.569832
37.88 3 BAT 640 109 0 0 122 122 0
37.88 3 CALIBRATION -1.06 0.037 0.5 0
37.88 3 NAVIGATION 0 0 0 0 286 0. 570986.7
38.06 3 WP_MOVED 0 358113. 4822203. 702.
38.06 3 SERVO -206 -9600 357
38.07 3 DESIRED 0.04 -0.14 0. 0. 700.024 -0.301
38.08 3 NAVIGATION 0 0 0 0 286 0. 570986.7
38.08 3 ATTITUDE 0 0 0
38.28 3 ESTIMATOR 701.268982 0.005724 126.900002 0.572405 122.759834
38.31 3 DL_VALUE 34 0.037
38.31 3 NAVIGATION 0 0 0 0 286 0. 570986.7
38.36 3 WP_MOVED 1 358824.90625 4822110. 702.
38.58 3 COMMANDS 592,694,-1746,-488
38.58 3 NAVIGATION 0 0 0 0 286 0. 570986.7
38.58 3 ATTITUDE 0 0 0
38.58 3 GYRO_RATES -55 -15 0 0.479966 -0.1309 -0.
38.59 3 FBW_STATUS 0 0 109
38.59 3 DOWNLINK_STATUS 37 9788 654 0 330. 23.
38.78 3 ESTIMATOR 701.255493 -0.082836 125.550003 -8.283587 122.039841
38.81 3 ACTUATORS 1374,1556,0,1248,1525
38.81 3 NAVIGATION 0 0 0 0 286 0. 570986.7
38.81 3 WP_MOVED 2 358071. 4822161. 0.
38.89 3 DESIRED 0.04 -0.14 0. 0. 700.18 -0.324
38.99 3 NAVIGATION 0 0 0 0 286 0. 570986.7
38.99 3 ATTITUDE 0 0 0
38.99 3 PPRZ_MODE 0 3 0 0 0 1 0
39.07 3 ESTIMATOR 701.187988 -0.000918 118.800003 -0.091801 121.139832
39.27 3 DL_VALUE 35 0.
39.32 3 NAVIGATION 0 0 0 0 286 0. 570986.7
39.32 3 WP_MOVED 0 358113. 4822203. 702.
39.48 3 COMMANDS 1175,661,-1768,-476
39.49 3 NAVIGATION 0 0 0 0 286 0. 570986.7
39.49 3 ATTITUDE 0 0 0
39.49 3 GYRO_RATES -54 -13 -1 0.471239 -0.113446 0.008727
39.57 3 FBW_STATUS 0 0 109
39.57 3 ESTIMATOR 701.201477 0.041445 120.150002 4.144468 122.039833
39.57 3 BAT 1346 108 0 0 124 124 0
39.60 3 DOWNLINK_STATUS 38 10077 673 0 289. 19.
39.79 3 CALIBRATION -1.069 0.037 0.5 0
39.79 3 NAVIGATION 0 0 0 0 286 0. 570986.7
39.81 3 WP_MOVED 1 358824.90625 4822110. 702.
39.81 3 SERVO -84 -9600 1508
39.86 3 DESIRED 0.04 -0.14 0. 0. 700.468 -0.256
39.96 3 NAVIGATION 0 0 0 0 286 0. 570986.7
39.96 3 ATTITUDE 0 0 0
40.05 3 ESTIMATOR 701.187988 0.05211 118.800003 5.21101 122.759842
40.11 3 DL_VALUE 36 0.
40.28 3 NAVIGATION 0 0 0 0 286 0. 570986.7
40.29 3 WP_MOVED 2 358071. 4822161. 0.
40.29 3 NAVIGATION_REF 358071 4822161 31
40.50 3 COMMANDS 1511,669,-1765,-474
40.50 3 NAVIGATION 0 0 0 0 286 0. 570986.7
40.50 3 ATTITUDE 0 0 0
40.50 3 GYRO_RATES -55 -16 -2 0.479966 -0.139626 0.017453
40.50 3 FBW_STATUS 0 0 109
40.50 3 ESTIMATOR 701.187988 0.040527 118.800003 4.052658 123.119843
40.59 3 DOWNLINK_STATUS 39 10342 691 0 265. 18.
40.78 3 NAVIGATION 0 0 0 0 286 0. 570986.7
40.80 3 WP_MOVED 0 358113. 4822203. 702.
40.80 3 DESIRED 0.04 -0.14 0. 0. 700.475 -0.215
40.86 3 NAVIGATION 0 0 0 0 286 0. 570986.7
40.86 3 ATTITUDE 0 0 0
40.95 3 ESTIMATOR 701.187988 0.008613 118.800003 0.861306 123.389824
41.07 3 DL_VALUE 37 0.
41.07 3 NAVIGATION 0 0 0 0 286 0. 570986.7
41.28 3 WP_MOVED 1 358824.90625 4822110. 702.
41.37 3 COMMANDS 2522,674,-1761,-493
41.37 3 NAVIGATION 0 0 0 0 286 0. 570986.7
41.37 3 ATTITUDE 0 0 0
41.37 3 GYRO_RATES -56 -19 -1 0.488692 -0.165806 0.008727
41.39 3 FBW_STATUS 0 0 106
41.46 3 ESTIMATOR 701.255493 -0.020358 125.550003 -2.035804 122.849838
41.46 3 BAT 2519 106 0 0 126 126 1
41.55 3 CALIBRATION -0.922 0.037 0.5 0
41.57 3 NAVIGATION 0 0 0 0 286 0. 570986.7
41.60 3 DOWNLINK_STATUS 40 10620 709 0 278. 18.
41.78 3 WP_MOVED 2 358071. 4822161. 0.
41.78 3 SERVO -206 -9600 2516
41.82 3 DESIRED 0.04 -0.14 0. 0. 700.786 -0.145
41.82 3 NAVIGATION 0 0 0 0 286 0. 570986.7
41.82 3 ATTITUDE 0 0 0
41.88 3 ESTIMATOR 701.296021 0.051165 129.600006 5.116491 124.649834
41.95 3 DL_VALUE 38 0.045
42.07 3 NAVIGATION 0 0 0 0 286 0. 570986.7
42.07 3 WP_MOVED 0 358113. 4822203. 702.
42.40 3 COMMANDS 2489,675,-1756,-476
42.40 3 NAVIGATION 0 0 0 0 286 0. 570986.7
42.40 3 ATTITUDE 0 0 0
42.40 3 GYRO_RATES -57 -20 -3 0.497419 -0.174533 0.02618
42.46 3 FBW_STATUS 0 0 107
42.46 3 ESTIMATOR 701.242004 -0.081945 124.200005 -8.194532 124.649834
42.50 3 NAVIGATION 0 0 0 0 286 0. 570986.7
42.55 3 WP_MOVED 1 358824.90625 4822110. 702.
42.61 3 DOWNLINK_STATUS 41 10874 726 0 254. 17.
42.66 3 DESIRED 0.04 -0.14 0. 0. 700.781 -0.118
43.61 3 DOWNLINK_STATUS 42 10900 727 0 26. 1.
43.73 3 NAVIGATION 0 0 0 0 286 0. 570986.7
43.73 3 ATTITUDE 0 0 0
43.73 3 GYRO_RATES -55 -14 -2 0.479966 -0.122173 0.017453
43.73 3 FBW_STATUS 0 0 105
43.73 3 ESTIMATOR 701.296021 0.049113 129.600006 4.911299 124.559822
43.73 3 BAT 2906 105 0 0 127 127 1
43.73 3 ACTUATORS 1374,1557,0,1441,1526
43.84 3 NAVIGATION 0 0 0 0 286 0. 570986.7
43.84 3 WP_MOVED 0 358113. 4822203. 702.
43.84 3 SERVO 1014 -9600 2864
43.84 3 DESIRED 0.04 -0.14 0. 0. 700.907 -0.1
43.84 3 NAVIGATION 0 0 0 0 286 0. 570986.7
43.84 3 ATTITUDE 0 0 0
43.84 3 ESTIMATOR 701.282471 0.038475 128.25 3.847475 128.159836
43.87 3 DL_VALUE 40 0.1
43.89 3 NAVIGATION 0 0 0 0 286 0. 570986.7
43.95 3 WP_MOVED 1 358824.90625 4822110. 702.
44.32 3 COMMANDS 2906,697,-1751,-499
44.32 3 NAVIGATION 0 0 0 0 286 0. 570986.7
44.32 3 ATTITUDE 0 0 0
44.32 3 GYRO_RATES -55 -15 -2 0.479966 -0.1309 0.017453
44.38 3 FBW_STATUS 0 0 105
44.38 3 ESTIMATOR 701.228516 -0.013419 122.849998 -1.341896 126.809837
44.38 3 NAVIGATION 0 0 0 0 286 0. 570986.7
44.45 3 WP_MOVED 2 358071. 4822161. 0.
44.55 3 DESIRED 0.04 -0.14 0. 0. 700.909 -0.117
44.61 3 NAVIGATION 0 0 0 0 286 0. 570986.7
44.61 3 ATTITUDE 0 0 0
44.61 3 DOWNLINK_STATUS 43 11324 755 0 424. 28.
44.88 3 ESTIMATOR 701.268982 0.03078 126.900002 3.077993 126.17984
44.92 3 DL_VALUE 41 0.
44.92 3 NAVIGATION 0 0 0 0 286 0. 570986.7
44.92 3 WP_MOVED 0 358113. 4822203. 702.
45.17 3 COMMANDS 3156,680,-1761,-467
45.17 3 NAVIGATION 0 0 0 0 286 0. 570986.7
45.17 3 ATTITUDE 0 0 0
45.17 3 GYRO_RATES -55 -15 0 0.479966 -0.1309 -0.
45.20 3 FBW_STATUS 0 0 105
45.20 3 ESTIMATOR 701.377014 0.061722 137.699997 6.172194 130.409821
45.20 3 BAT 3159 104 0 0 129 129 2
45.37 3 CALIBRATION -0.459 0.037 0.5 0
45.42 3 NAVIGATION 0 0 0 0 286 0. 570986.7
45.42 3 WP_MOVED 1 358824.90625 4822110. 702.
45.42 3 SERVO -2039 -7174 3147
45.47 3 DESIRED 0.04 -0.14 0. 0. 700.988 -0.1
45.56 3 NAVIGATION 0 0 0 0 286 0. 570986.7
45.56 3 ATTITUDE 0 0 0
45.63 3 DOWNLINK_STATUS 44 11592 773 0 268. 18.
45.68 3 ESTIMATOR 701.336487 -0.042309 133.650009 -4.230895 132.659836
45.88 3 DL_VALUE 42 0.5
45.94 3 NAVIGATION 0 0 0 0 286 0. 570986.7
45.94 3 WP_MOVED 2 358071. 4822161. 0.
46.07 3 COMMANDS 3148,653,-1781,-496
46.07 3 NAVIGATION 0 0 0 0 286 0. 570986.7
46.07 3 ATTITUDE 0 0 0
46.09 3 GYRO_RATES -54 -15 1 0.471239 -0.1309 -0.008727
46.09 3 FBW_STATUS 0 0 104
46.15 3 ESTIMATOR 701.336487 -0. 133.650009 -1.9e-05 131.489883
46.37 3 NAVIGATION 0 0 0 0 286 0. 570986.7
46.40 3 WP_MOVED 0 358113. 4822203. 702.
46.40 3 DESIRED 0.04 -0.14 0. 0. 701.01 -0.106
46.47 3 NAVIGATION 0 0 0 0 286 0. 570986.7
46.47 3 ATTITUDE 0 0 0
46.57 3 ESTIMATOR 701.296021 -0.020142 129.600006 -2.014203 132.029892
46.63 3 DOWNLINK_STATUS 45 11845 789 0 253. 16.
46.67 3 DL_VALUE 43 1.
46.69 3 NAVIGATION 0 0 0 0 286 0. 570986.7
46.87 3 WP_MOVED 1 358824.90625 4822110. 702.
46.99 3 COMMANDS 3310,675,-1764,-461
46.99 3 NAVIGATION 0 0 0 0 286 0. 570986.7
46.99 3 ATTITUDE 0 0 0
46.99 3 GYRO_RATES -54 -15 2 0.471239 -0.1309 -0.017453
47.07 3 FBW_STATUS 0 0 104
47.07 3 ESTIMATOR 701.349976 0.026973 135. 2.697306 132.659882
47.07 3 BAT 3294 104 0 0 131 131 2
47.16 3 CALIBRATION -0.357 0.037 0.5 0
47.16 3 NAVIGATION 0 0 0 0 286 0. 570986.7
47.38 3 WP_MOVED 2 358071. 4822161. 0.
47.38 3 SERVO -695 -9574 3319
47.46 3 DESIRED 0.04 -0.14 0. 0. 701.037 -0.1
47.47 3 NAVIGATION 0 0 0 0 286 0. 570986.7
47.47 3 ATTITUDE 0 0 0
47.55 3 ESTIMATOR 701.322998 -0.037503 132.300003 -3.750281 134.189911
47.59 3 DL_VALUE 44 0.
47.63 3 DOWNLINK_STATUS 46 12120 808 0 275. 19.
47.65 3 NAVIGATION 0 0 0 0 286 0. 570986.7
47.69 3 WP_MOVED 0 358113. 4822203. 702.
48.11 3 COMMANDS 3317,675,-1767,-441
48.16 3 NAVIGATION 0 0 0 0 286 0. 570986.7
48.16 3 ATTITUDE 0 0 0
48.16 3 GYRO_RATES -54 -13 1 0.471239 -0.113446 -0.008727
48.16 3 FBW_STATUS 0 0 103
48.16 3 ESTIMATOR 701.309509 -0.006777 130.949997 -0.677714 131.849915
48.18 3 ACTUATORS 1375,1558,0,1476,1524
48.18 3 NAVIGATION 0 0 0 0 286 0. 570986.7
48.18 3 WP_MOVED 1 358824.90625 4822110. 702.
48.27 3 DESIRED 0.04 -0.14 0. 0. 701.039 -0.077
48.36 3 NAVIGATION 0 0 0 0 286 0. 570986.7
48.36 3 ATTITUDE 0 0 0
48.36 3 PPRZ_MODE 0 3 0 0 0 1 0
48.58 3 ESTIMATOR 701.309509 -0.027 130.949997 -2.7 131.759888
48.61 3 DL_VALUE 0 701.039368
48.61 3 NAVIGATION 0 0 0 0 286 0. 570986.7
48.63 3 DOWNLINK_STATUS 47 12391 826 0 271. 18.
48.66 3 WP_MOVED 2 358071. 4822161. 0.
48.66 3 NAVIGATION_REF 358071 4822161 31
48.90 3 COMMANDS 3567,678,-1757,-488
48.90 3 NAVIGATION 0 0 0 0 286 0. 570986.7
48.90 3 ATTITUDE 0 0 0
48.90 3 GYRO_RATES -52 -12 0 0.453786 -0.10472 -0.
48.90 3 FBW_STATUS 0 0 102
49.09 3 ESTIMATOR 701.296021 -0.061722 129.600006 -6.17219 128.789886
49.09 3 BAT 3559 102 0 0 133 133 3
49.18 3 CALIBRATION -0.309 0.037 0.5 0
49.18 3 NAVIGATION 0 0 0 0 286 0. 570986.7
49.18 3 WP_MOVED 0 358113. 4822203. 702.
49.18 3 SERVO 281 -9600 3561
49.26 3 DESIRED 0.04 -0.14 0. 0. 701.106 -0.067
49.28 3 NAVIGATION 0 0 0 0 286 0. 570986.7
49.29 3 ATTITUDE 0 0 0
49.40 3 ESTIMATOR 701.309509 -0.002889 130.949997 -0.288901 128.879898
49.57 3 DL_VALUE 1 1.
49.60 3 NAVIGATION 0 0 0 0 286 0. 570986.7
49.60 3 WP_MOVED 1 358824.90625 4822110. 702.
49.64 3 DOWNLINK_STATUS 48 12685 846 0 294. 20.
49.80 3 COMMANDS 3571,674,-1750,-467
49.80 3 NAVIGATION 0 0 0 0 286 0. 570986.7
49.80 3 ATTITUDE 0 0 0
49.80 3 GYRO_RATES -55 -15 3 0.479966 -0.1309 -0.02618
49.87 3 FBW_STATUS 0 0 102
49.87 3 ESTIMATOR 701.296021 0.043443 129.600006 4.344325 129.509888
50.08 3 NAVIGATION 0 0 0 0 286 0. 570986.7
50.09 3 WP_MOVED 2 358071. 4822161. 0.
50.15 3 DESIRED 0.04 -0.14 0. 0. 701.112 -0.075
50.27 3 NAVIGATION 0 0 0 0 286 0. 570986.7
50.27 3 ATTITUDE 0 0 0
50.36 3 ESTIMATOR 701.363525 -0.029943 136.350006 -2.994299 130.769882
50.57 3 DL_VALUE 2 0.
50.60 3 NAVIGATION 0 0 0 0 286 0. 570986.7
50.60 3 WP_MOVED 0 358113. 4822203. 702.
50.64 3 DOWNLINK_STATUS 49 12916 861 0 231. 15.
50.78 3 COMMANDS 3564,669,-1776,-476
50.78 3 NAVIGATION 0 0 0 0 286 0. 570986.7
50.78 3 ATTITUDE 0 0 0
50.78 3 GYRO_RATES -53 -15 -1 0.462512 -0.1309 0.008727
50.78 3 FBW_STATUS 0 0 102
50.86 3 ESTIMATOR 701.336487 0.079137 133.650009 7.913661 134.549881
50.86 3 BAT 3557 102 0 0 135 135 3
50.88 3 CALIBRATION -0.261 0.037 0.5 0
51.09 3 NAVIGATION 0 0 0 0 286 0. 570986.7
51.09 3 WP_MOVED 1 358824.90625 4822110. 702.
51.09 3 SERVO -84 -9600 3564
51.10 3 DESIRED 0.04 -0.14 0. 0. 701.11 -0.07
51.16 3 NAVIGATION 0 0 0 0 286 0. 570986.7
51.16 3 ATTITUDE 0 0 0
51.27 3 ESTIMATOR 701.309509 -0.041472 130.949997 -4.14722 133.199921
51.35 3 DL_VALUE 3 0.
51.40 3 NAVIGATION 0 0 0 0 286 0. 570986.7
51.57 3 WP_MOVED 2 358071. 4822161. 0.
51.64 3 DOWNLINK_STATUS 50 13184 879 0 268. 18.
51.79 3 COMMANDS 3639,701,-1720,-494
51.79 3 NAVIGATION 0 0 0 0 286 0. 570986.7
51.79 3 ATTITUDE 0 0 0
51.81 3 GYRO_RATES -54 -17 -4 0.471239 -0.148353 0.034907
51.81 3 FBW_STATUS 0 0 102
51.81 3 ESTIMATOR 701.349976 -0.061749 135. -6.174855 132.299927
51.88 3 NAVIGATION 0 0 0 0 286 0. 570986.7
52.06 3 WP_MOVED 0 358113. 4822203. 702.
52.06 3 DESIRED 0.04 -0.14 0. 0. 701.137 -0.072
52.11 3 NAVIGATION 0 0 0 0 286 0. 570986.7
52.11 3 ATTITUDE 0 0 0
52.26 3 ESTIMATOR 701.349976 0.067608 135. 6.760821 134.099945
52.30 3 DL_VALUE 4 0.
52.47 3 NAVIGATION 0 0 0 0 286 0. 570986.7
52.48 3 WP_MOVED 1 358824.90625 4822110. 702.
52.65 3 DOWNLINK_STATUS 51 13415 894 0 231. 15.
52.67 3 COMMANDS 3630,700,-1753,-469
52.67 3 NAVIGATION 0 0 0 0 286 0. 570986.7
52.67 3 ATTITUDE 0 0 0
52.67 3 GYRO_RATES -46 -5 8 0.401426 -0.043633 -0.069813
52.70 3 FBW_STATUS 0 0 101
52.70 3 ESTIMATOR 701.377014 -0.160002 137.699997 -16.000172 132.119934
52.70 3 BAT 3634 102 0 0 137 137 4
52.77 3 ACTUATORS 1373,1554,0,1503,1525
52.77 3 CALIBRATION -0.214 0.037 0.5 0
52.78 3 NAVIGATION 0 0 0 0 286 0. 570986.7
52.98 3 WP_MOVED 2 358071. 4822161. 0.
52.98 3 SERVO -573 -9574 3657
52.99 3 DESIRED 0.04 -0.14 0. 0. 701.139 -0.046
53.06 3 NAVIGATION 0 0 0 0 286 0. 570986.7
53.06 3 ATTITUDE 0 0 0
53.06 3 PPRZ_MODE 0 3 0 0 0 1 0
53.15 3 ESTIMATOR 701.363525 0.058887 136.350006 5.888696 132.749939
53.30 3 DL_VALUE 5 0.
53.30 3 NAVIGATION 0 0 0 0 286 0. 570986.7
53.49 3 WP_MOVED 0 358113. 4822203. 702.
53.57 3 COMMANDS 3682,663,-1764,-496
53.57 3 NAVIGATION 0 0 0 0 286 0. 570986.7
53.57 3 ATTITUDE 0 0 0
53.57 3 GYRO_RATES -54 -14 -1 0.471239 -0.122173 0.008727
53.59 3 FBW_STATUS 0 0 101
53.65 3 DOWNLINK_STATUS 52 13767 919 0 352. 25.
53.66 3 ESTIMATOR 701.377014 -0.004779 137.699997 -0.477905 134.819946
53.77 3 NAVIGATION 0 0 0 0 286 0. 570986.7
53.79 3 WP_MOVED 1 358824.90625 4822110. 702.
53.98 3 DESIRED 0.04 -0.14 0. 0. 701.15 -0.076
54.01 3 NAVIGATION 0 0 0 0 286 0. 570986.7
54.01 3 ATTITUDE 0 0 0
54.07 3 ESTIMATOR 701.444519 -0.073224 144.449997 -7.322383 135.989944
54.15 3 DL_VALUE 6 0.
54.19 3 NAVIGATION 0 0 0 0 286 0. 570986.7
54.25 3 WP_MOVED 2 358071. 4822161. 0.
54.60 3 COMMANDS 3697,728,-1767,-471
54.64 3 NAVIGATION 0 0 0 0 286 0. 570986.7
54.64 3 ATTITUDE 0 0 0
54.64 3 GYRO_RATES -51 -10 5 0.445059 -0.087266 -0.043633
54.65 3 DOWNLINK_STATUS 53 13993 933 0 226. 14.
54.66 3 FBW_STATUS 0 0 101
54.66 3 ESTIMATOR 701.377014 -0.036612 137.699997 -3.66118 135.179947
54.66 3 BAT 3710 102 0 0 139 139 5
54.68 3 CALIBRATION -0.211 0.037 0.5 0
54.68 3 NAVIGATION 0 0 0 0 286 0. 570986.7
54.76 3 WP_MOVED 0 358113. 4822203. 702.
54.76 3 SERVO 403 -9600 3802
54.85 3 DESIRED 0.04 -0.14 0. 0. 701.157 -0.07
55.08 3 NAVIGATION 0 0 0 0 286 0. 570986.7
55.08 3 ATTITUDE 0 0 0
55.09 3 ESTIMATOR 701.41748 0.027972 141.75 2.797222 136.529968
55.10 3 DL_VALUE 7 0.
55.15 3 NAVIGATION 0 0 0 0 286 0. 570986.7
55.18 3 WP_MOVED 1 358824.90625 4822110. 702.
55.61 3 COMMANDS 3705,672,-1776,-474
55.61 3 NAVIGATION 0 0 0 0 286 0. 570986.7
55.61 3 ATTITUDE 0 0 0
55.61 3 GYRO_RATES -53 -12 5 0.462512 -0.10472 -0.043633
55.61 3 FBW_STATUS 0 0 101
55.61 3 ESTIMATOR 701.363525 8.1e-05 136.350006 0.008106 138.23996
55.65 3 DOWNLINK_STATUS 54 14288 953 0 295. 20.
55.65 3 NAVIGATION 0 0 0 0 286 0. 570986.7
55.66 3 WP_MOVED 2 358071. 4822161. 0.
55.76 3 DESIRED 0.04 -0.14 0. 0. 701.157 -0.066
55.86 3 NAVIGATION 0 0 0 0 286 0. 570986.7
55.90 3 ATTITUDE 0 0 0
56.08 3 ESTIMATOR 701.336487 0.011664 133.650009 1.166401 136.169968
56.10 3 DL_VALUE 8 0.
56.10 3 NAVIGATION 0 0 0 0 286 0. 570986.7
56.15 3 WP_MOVED 0 358113. 4822203. 702.
56.37 3 COMMANDS 3722,726,-1753,-477
56.37 3 NAVIGATION 0 0 0 0 286 0. 570986.7
56.37 3 ATTITUDE 0 0 0
56.37 3 GYRO_RATES -53 -15 1 0.462512 -0.1309 -0.008727
56.37 3 FBW_STATUS 0 0 101
56.59 3 ESTIMATOR 701.363525 0.032778 136.350006 3.277812 136.349976
56.59 3 BAT 3731 101 0 0 141 141 5
56.65 3 DOWNLINK_STATUS 55 14533 969 0 245. 16.
56.70 3 CALIBRATION -0.208 0.037 0.5 0
56.70 3 NAVIGATION 0 0 0 0 286 0. 570986.7
56.70 3 WP_MOVED 1 358824.90625 4822110. 702.
56.71 3 SERVO -573 -9600 3740
56.76 3 DESIRED 0.04 -0.14 0. 0. 701.157 -0.058
56.78 3 NAVIGATION 0 0 0 0 286 0. 570986.7
56.78 3 ATTITUDE 0 0 0
56.89 3 ESTIMATOR 701.322998 0.042471 132.300003 4.247103 136.619949
57.07 3 DL_VALUE 9 515.
57.10 3 NAVIGATION 0 0 0 0 286 0. 570986.7
57.10 3 WP_MOVED 2 358071. 4822161. 0.
57.10 3 NAVIGATION_REF 358071 4822161 31
57.30 3 COMMANDS 3717,677,-1753,-477
57.30 3 NAVIGATION 0 0 0 0 286 0. 570986.7
57.30 3 ATTITUDE 0 0 0
57.30 3 GYRO_RATES -50 -13 7 0.436332 -0.113446 -0.061087
57.36 3 FBW_STATUS 0 0 101
57.36 3 ESTIMATOR 701.444519 0.113805 144.449997 11.380506 141.029938
57.58 3 ACTUATORS 1374,1555,0,1510,1526
57.58 3 NAVIGATION 0 0 0 0 286 0. 570986.7
57.60 3 WP_MOVED 0 358113. 4822203. 702.
57.65 3 DOWNLINK_STATUS 56 14844 990 0 311. 21.
57.65 3 DESIRED 0.04 -0.14 0. 0. 701.162 -0.068
57.76 3 NAVIGATION 0 0 0 0 286 0. 570986.7
57.76 3 ATTITUDE 0 0 0
57.76 3 PPRZ_MODE 0 3 0 0 0 1 0
57.85 3 ESTIMATOR 701.444519 -0.031779 144.449997 -3.177857 143.999954
58.07 3 DL_VALUE 10 480.
58.10 3 NAVIGATION 0 0 0 0 286 0. 570986.7
58.10 3 WP_MOVED 1 358824.90625 4822110. 702.
58.28 3 COMMANDS 3710,677,-1776,-474
58.28 3 NAVIGATION 0 0 0 0 286 0. 570986.7
58.28 3 ATTITUDE 0 0 0
58.29 3 GYRO_RATES -53 -14 6 0.462512 -0.122173 -0.05236
58.29 3 FBW_STATUS 0 0 101
58.37 3 ESTIMATOR 701.458008 0.001944 145.800003 0.194421 144.269958
58.41 3 BAT 3708 101 0 0 143 143 6
58.41 3 CALIBRATION -0.229 0.037 0.5 0
58.59 3 NAVIGATION 0 0 0 0 286 0. 570986.7
58.59 3 WP_MOVED 2 358071. 4822161. 0.
58.59 3 SERVO -573 -9574 3718
58.59 3 DESIRED 0.04 -0.14 0. 0. 701.164 -0.099
58.65 3 DOWNLINK_STATUS 57 15147 1010 0 303. 20.
58.66 3 NAVIGATION 0 0 0 0 286 0. 570986.7
58.66 3 ATTITUDE 0 0 0
58.76 3 ESTIMATOR 701.444519 -0.029808 144.449997 -2.980804 144.629929
58.86 3 DL_VALUE 11 470.
58.90 3 NAVIGATION 0 0 0 0 286 0. 570986.7
59.08 3 WP_MOVED 0 358113. 4822203. 702.
59.17 3 COMMANDS 3707,672,-1765,-472
59.17 3 NAVIGATION 0 0 0 0 286 0. 570986.7
59.17 3 ATTITUDE 0 0 0
59.17 3 GYRO_RATES -53 -15 6 0.462512 -0.1309 -0.05236
59.20 3 FBW_STATUS 0 0 101
59.26 3 ESTIMATOR 701.390503 0.020196 139.050003 2.019625 143.819977
59.35 3 NAVIGATION 0 0 0 0 286 0. 570986.7
59.59 3 WP_MOVED 1 358824.90625 4822110. 702.
59.65 3 DOWNLINK_STATUS 58 15352 1024 0 205. 14.
59.67 3 DESIRED 0.04 -0.14 0. 0. 701.162 -0.073
59.67 3 NAVIGATION 0 0 0 0 286 0. 570986.7
59.67 3 ATTITUDE 0 0 0
59.75 3 ESTIMATOR 701.296021 -0.133974 129.600006 -13.397408 137.159943
59.76 3 DL_VALUE 12 1.35
59.86 3 NAVIGATION 0 0 0 0 286 0. 570986.7
59.87 3 WP_MOVED 2 358071. 4822161. 0.
60.23 3 COMMANDS 3715,680,-1768,-474
60.23 3 NAVIGATION 0 0 0 0 286 0. 570986.7
60.23 3 DL_VALUE 25 0.389
60.23 3 ATTITUDE 0 0 0
60.23 3 GYRO_RATES -63 -25 -7 0.549779 -0.218166 0.061087
60.23 3 FBW_STATUS 0 0 101
60.23 3 DL_VALUE 25 0.389
60.23 3 ESTIMATOR 701.187988 -0.175527 118.800003 -17.55271 124.46994
60.29 3 CALIBRATION -0.232 0.037 0.5 0
60.29 3 NAVIGATION 0 0 0 0 286 0. 570986.7
60.48 3 WP_MOVED 0 358113. 4822203. 702.
60.48 3 SERVO -1795 -7392 3719
60.48 3 DL_VALUE 25 0.389
60.49 3 DESIRED 0.04 -0.14 0. 0. 701.159 -0.016
60.56 3 NAVIGATION 0 0 0 0 286 0. 570986.7
60.56 3 ATTITUDE 0 0 0
60.56 3 DL_VALUE 25 0.389
60.65 3 ESTIMATOR 701.403992 0.150471 140.400009 15.047121 127.079941
60.66 3 DOWNLINK_STATUS 59 15708 1049 0 356. 25.
60.77 3 DL_VALUE 13 0.
60.77 3 NAVIGATION 0 0 0 0 286 0. 570986.7
60.77 3 DL_VALUE 25 0.389
60.97 3 WP_MOVED 1 358824.90625 4822110. 702.
61.08 3 COMMANDS 3717,678,-1753,-474
61.08 3 NAVIGATION 0 0 0 0 286 0. 570986.7
61.09 3 ATTITUDE 0 0 0
61.09 3 GYRO_RATES -56 -17 -3 0.488692 -0.148353 0.02618
61.09 3 FBW_STATUS 0 0 101
61.15 3 ESTIMATOR 701.43103 0.129249 143.100006 12.924871 139.949951
61.25 3 NAVIGATION 0 0 0 0 286 0. 570986.7
61.27 3 WP_MOVED 2 358071. 4822161. 0.
61.48 3 DESIRED 0.04 -0.14 0. 0. 701.162 -0.069
61.50 3 NAVIGATION 0 0 0 0 286 0. 570986.7
61.50 3 ATTITUDE 0 0 0
61.59 3 ESTIMATOR 701.41748 -0.022113 141.75 -2.211299 142.019943
61.65 3 DL_VALUE 14 0.
61.68 3 DOWNLINK_STATUS 60 15953 1066 0 245. 17.
61.71 3 NAVIGATION 0 0 0 0 286 0. 570986.7
61.75 3 WP_MOVED 0 358113. 4822203. 702.
62.09 3 COMMANDS 3716,658,-1767,-466
62.09 3 NAVIGATION 0 0 0 0 286 0. 570986.7
62.09 3 ATTITUDE 0 0 0
62.09 3 GYRO_RATES -51 -12 3 0.445059 -0.10472 -0.02618
62.19 3 FBW_STATUS 0 0 101
62.19 3 ESTIMATOR 701.363525 -0.033804 136.350006 -3.380394 140.129929
62.19 3 BAT 3718 101 0 0 147 147 7
62.19 3 ACTUATORS 1374,1559,0,1510,1524
62.19 3 CALIBRATION -0.225 0.037 0.5 0
62.19 3 NAVIGATION 0 0 0 0 286 0. 570986.7
62.25 3 WP_MOVED 1 358824.90625 4822110. 702.
62.25 3 SERVO -573 -9600 3717
62.37 3 DESIRED 0.04 -0.14 0. 0. 701.161 -0.085
62.59 3 NAVIGATION 0 0 0 0 286 0. 570986.7
62.59 3 ATTITUDE 0 0 0
62.59 3 PPRZ_MODE 0 3 0 0 0 1 0
62.60 3 ESTIMATOR 701.471497 -0.017469 147.150009 -1.746912 140.84996
62.60 3 DL_VALUE 15 0.75
62.65 3 NAVIGATION 0 0 0 0 286 0. 570986.7
62.67 3 DOWNLINK_STATUS 61 16261 1087 0 308. 21.
62.69 3 WP_MOVED 2 358071. 4822161. 0.
63.13 3 COMMANDS 3703,674,-1767,-444
63.13 3 NAVIGATION 0 0 0 0 286 0. 570986.7
63.13 3 ATTITUDE 0 0 0
63.13 3 GYRO_RATES -48 -7 7 0.418879 -0.061087 -0.061087
63.13 3 FBW_STATUS 0 0 100
63.13 3 ESTIMATOR 701.41748 -0.082836 141.75 -8.28362 137.429977
63.16 3 NAVIGATION 0 0 0 0 286 0. 570986.7
63.30 3 WP_MOVED 0 358113. 4822203. 702.
63.30 3 DESIRED 0.04 -0.14 0. 0. 701.165 -0.057
63.37 3 NAVIGATION 0 0 0 0 286 0. 570986.7
63.37 3 ATTITUDE 0 0 0
63.60 3 ESTIMATOR 701.282471 0.007776 128.25 0.777602 135.809982
63.60 3 DL_VALUE 16 25000.
63.60 3 NAVIGATION 0 0 0 0 286 0. 570986.7
63.66 3 WP_MOVED 1 358824.90625 4822110. 702.
63.69 3 DOWNLINK_STATUS 62 16507 1103 0 246. 16.
63.88 3 COMMANDS 3720,680,-1787,-392
63.88 3 NAVIGATION 0 0 0 0 286 0. 570986.7
63.88 3 ATTITUDE 0 0 0
63.88 3 GYRO_RATES -60 -18 2 0.523599 -0.15708 -0.017453
63.88 3 FBW_STATUS 0 0 101
64.09 3 ESTIMATOR 701.215027 -0.170613 121.5 -17.06131 127.34996
64.09 3 BAT 3724 100 0 0 149 149 8
64.17 3 CALIBRATION -0.184 0.037 0.5 0
64.17 3 NAVIGATION 0 0 0 0 286 0. 570986.7
64.17 3 WP_MOVED 2 358071. 4822161. 0.
64.17 3 SERVO -84 -9600 3710
64.25 3 DESIRED 0.04 -0.14 0. 0. 701.16 0.
64.28 3 NAVIGATION 0 0 0 0 286 0. 570986.7
64.28 3 ATTITUDE 0 0 0
64.38 3 ESTIMATOR 701.147522 -0.105165 114.75 -10.516496 118.529961
64.58 3 DL_VALUE 17 25000.
64.58 3 NAVIGATION 0 0 0 0 286 0. 570986.7
64.58 3 WP_MOVED 0 358113. 4822203. 702.
64.69 3 DOWNLINK_STATUS 63 16775 1121 0 268. 18.
64.80 3 COMMANDS 3736,670,-1761,-511
64.80 3 NAVIGATION 0 0 0 0 286 0. 570986.7
64.80 3 ATTITUDE 0 0 0
64.80 3 GYRO_RATES -46 -7 5 0.401426 -0.061087 -0.043633
64.98 3 FBW_STATUS 0 0 101
64.98 3 ESTIMATOR 701.133972 -0.026973 113.400002 -2.69732 113.669945
64.99 3 NAVIGATION 0 0 0 0 286 0. 570986.7
65.06 3 WP_MOVED 1 358824.90625 4822110. 702.
65.15 3 DESIRED 0.04 -0.14 0. 0. 701.163 0.025
65.26 3 NAVIGATION 0 0 0 0 286 0. 570986.7
65.26 3 ATTITUDE 0 0 0
65.48 3 ESTIMATOR 701.120483 -0.021249 112.050003 -2.124915 111.779938
65.58 3 DL_VALUE 18 0.75
65.58 3 NAVIGATION 0 0 0 0 286 0. 570986.7
65.58 3 WP_MOVED 2 358071. 4822161. 0.
65.58 3 NAVIGATION_REF 358071 4822161 31
65.69 3 DOWNLINK_STATUS 64 17017 1137 0 242. 16.
65.78 3 COMMANDS 3720,680,-1757,-476
65.78 3 NAVIGATION 0 0 0 0 286 0. 570986.7
65.78 3 ATTITUDE 0 0 0
65.78 3 GYRO_RATES -55 -18 0 0.479966 -0.15708 -0.
65.78 3 FBW_STATUS 0 0 100
65.99 3 ESTIMATOR 701.106995 0.016416 110.700005 1.641612 110.879929
65.99 3 BAT 3716 101 0 0 151 151 9
66.07 3 CALIBRATION -0.106 0.037 0.5 0
66.07 3 NAVIGATION 0 0 0 0 286 0. 570986.7
66.07 3 WP_MOVED 0 358113. 4822203. 702.
66.07 3 SERVO -329 -9600 3706
66.07 3 DESIRED 0.04 -0.14 0. 0. 701.163 0.029
66.19 3 NAVIGATION 0 0 0 0 286 0. 570986.7
66.19 3 ATTITUDE 0 0 0
66.26 3 ESTIMATOR 701.120483 0.010557 112.050003 1.055698 109.619919
66.47 3 DL_VALUE 19 14000.
66.50 3 NAVIGATION 0 0 0 0 286 0. 570986.7
66.50 3 WP_MOVED 1 358824.90625 4822110. 702.
66.68 3 COMMANDS 3703,657,-1765,-479
66.68 3 NAVIGATION 0 0 0 0 286 0. 570986.7
66.68 3 ATTITUDE 0 0 0
66.68 3 GYRO_RATES -52 -12 1 0.453786 -0.10472 -0.008727
66.69 3 FBW_STATUS 0 0 100
66.72 3 DOWNLINK_STATUS 65 17347 1160 0 330. 23.
66.76 3 ESTIMATOR 701.106995 -0.038556 110.700005 -3.855596 110.609932
66.99 3 ACTUATORS 1373,1555,0,1510,1525
66.99 3 PPRZ_MODE 1 3 0 0 0 21 0
66.99 3 NAVIGATION 0 0 0 0 286 0. 570986.7
67.07 3 WP_MOVED 2 358071. 4822161. 0.
67.07 3 PPRZ_MODE 2 3 0 0 0 21 0
67.07 3 DESIRED 0.04 -0.14 0. 0. 701.16 0.016
67.16 3 NAVIGATION 0 0 0 0 286 0. 570986.7
67.16 3 ATTITUDE 0 0 0
67.16 3 PPRZ_MODE 2 3 1 0 0 5 0
67.25 3 ESTIMATOR 701.106995 0.048276 110.700005 4.827609 110.519943
67.28 3 DL_VALUE 20 14000.
67.47 3 NAVIGATION 0 0 0 0 286 0. 570986.7
67.48 3 WP_MOVED 0 358113. 4822203. 702.
67.67 3 COMMANDS 3718,-9600,-447,-1236
67.67 3 NAVIGATION 0 0 0 0 286 0. 570986.7
67.67 3 ATTITUDE 0 0 0
67.67 3 GYRO_RATES -55 -17 -2 0.479966 -0.148353 0.017453
67.69 3 FBW_STATUS 0 1 100
67.69 3 ESTIMATOR 701.133972 0.052056 113.400002 5.205612 112.949944
67.69 3 BAT 3701 100 0 0 153 153 9
67.71 3 DOWNLINK_STATUS 66 17654 1181 0 307. 21.
67.75 3 CALIBRATION 0.008 0.037 0.5 2
67.78 3 NAVIGATION 0 0 0 0 286 0. 570986.7
67.98 3 WP_MOVED 1 358824.90625 4822110. 702.
67.98 3 SERVO -583 -9600 3717
68.00 3 DESIRED 0.04 -0.14 0. 0. 701.157 0.003
68.07 3 NAVIGATION 0 0 0 0 286 0. 570986.7
68.07 3 ATTITUDE 0 0 0
68.15 3 ESTIMATOR 701.133972 -0.005778 113.400002 -0.57776 113.489937
68.29 3 DL_VALUE 21 0.75
68.29 3 NAVIGATION 0 0 0 0 286 0. 570986.7
68.47 3 WP_MOVED 2 358071. 4822161. 0.
68.59 3 COMMANDS 3720,-9600,-504,-180
68.59 3 NAVIGATION 0 0 0 0 286 0. 570986.7
68.59 3 ATTITUDE 0 0 0
68.59 3 GYRO_RATES -55 -19 3 0.479966 -0.165806 -0.02618
68.59 3 FBW_STATUS 0 1 100
68.65 3 ESTIMATOR 701.147522 0.009693 114.75 0.969315 114.299942
68.72 3 DOWNLINK_STATUS 67 17908 1198 0 254. 17.
68.79 3 NAVIGATION 0 0 0 0 286 0. 570986.7
68.79 3 WP_MOVED 0 358113. 4822203. 702.
68.98 3 DESIRED 0.04 -0.14 0. 0. 701.158 0.016
69.00 3 NAVIGATION 0 0 0 0 286 0. 570986.7
69.00 3 ATTITUDE 0 0 0
69.07 3 ESTIMATOR 701.106995 -0.013608 110.700005 -1.360793 113.129936
69.15 3 DL_VALUE 22 17000.
69.19 3 NAVIGATION 0 0 0 0 286 0. 570986.7
69.25 3 WP_MOVED 1 358824.90625 4822110. 702.
69.60 3 COMMANDS 3707,-9600,-94,-922
69.60 3 NAVIGATION 0 0 0 0 286 0. 570986.7
69.60 3 ATTITUDE 0 0 0
69.60 3 GYRO_RATES -50 -10 -1 0.436332 -0.087266 0.008727
69.67 3 FBW_STATUS 0 1 100
69.67 3 ESTIMATOR 701.133972 0.022167 113.400002 2.216692 113.489929
69.67 3 BAT 3718 101 0 0 155 155 10
69.71 3 CALIBRATION 0.044 0.037 0.5 2
69.71 3 NAVIGATION 0 0 0 0 286 0. 570986.7
69.72 3 DOWNLINK_STATUS 68 18186 1216 0 278. 18.
69.75 3 WP_MOVED 2 358071. 4822161. 0.
69.75 3 SERVO -314 -9600 3718
69.85 3 DESIRED 0.03 -0.14 0. 0. 701.159 0.002
70.08 3 NAVIGATION 0 0 0 0 286 0. 570986.7
70.13 3 ATTITUDE 0 0 0
70.13 3 ESTIMATOR 701.147522 -0.007641 114.75 -0.764127 114.389938
70.13 3 DL_VALUE 23 17000.
70.15 3 NAVIGATION 0 0 0 0 286 0. 570986.7
70.18 3 WP_MOVED 0 358113. 4822203. 702.
70.61 3 COMMANDS 3723,-9600,-407,139
70.61 3 NAVIGATION 0 0 0 0 286 0. 570986.7
70.61 3 ATTITUDE 0 0 0
70.61 3 GYRO_RATES -50 -12 4 0.436332 -0.10472 -0.034907
70.61 3 FBW_STATUS 0 1 100
70.61 3 ESTIMATOR 701.133972 0.014445 113.400002 1.444483 114.569939
70.72 3 DOWNLINK_STATUS 69 18407 1231 0 221. 15.
70.77 3 NAVIGATION 0 0 0 0 286 0. 570986.7
70.77 3 WP_MOVED 1 358824.90625 4822110. 702.
70.77 3 DESIRED 0.04 -0.14 0. 0. 701.153 0.003
70.86 3 NAVIGATION 0 0 0 0 286 0. 570986.7
70.86 3 ATTITUDE 0 0 0
71.08 3 ESTIMATOR 701.147522 0.005751 114.75 0.575066 114.569939
71.13 3 DL_VALUE 24 0.3
71.13 3 NAVIGATION 0 0 0 0 286 0. 570986.7
71.15 3 WP_MOVED 2 358071. 4822161. 0.
71.37 3 COMMANDS 3722,-9600,608,-1344
71.37 3 NAVIGATION 0 0 0 0 286 0. 570986.7
71.37 3 ATTITUDE 0 0 0
71.38 3 GYRO_RATES -61 -26 -3 0.532325 -0.226893 0.02618
71.38 3 FBW_STATUS 0 1 100
71.60 3 ESTIMATOR 701.161011 -0.0135 116.099998 -1.349983 114.839943
71.64 3 BAT 3722 100 0 0 157 157 11
71.67 3 ACTUATORS 1944,2000,0,1510,1553
71.67 3 CALIBRATION 0.022 0.037 0.5 2
71.67 3 NAVIGATION 0 0 0 0 286 0. 570986.7
71.67 3 WP_MOVED 0 358113. 4822203. 702.
71.67 3 SERVO 402 -9600 3719
71.73 3 DOWNLINK_STATUS 70 18721 1252 0 314. 21.
71.76 3 DESIRED 0.04 -0.15 0. 0. 701.161 0.005
71.80 3 NAVIGATION 0 0 0 0 286 0. 570986.7
71.80 3 ATTITUDE 0 0 0
71.80 3 PPRZ_MODE 2 3 1 0 0 5 0
71.88 3 ESTIMATOR 701.147522 -0.004806 114.75 -0.48059 114.749947
72.07 3 DL_VALUE 25 0.387291
72.12 3 NAVIGATION 0 0 0 0 286 0. 570986.7
72.12 3 WP_MOVED 1 358824.90625 4822110. 702.
72.30 3 COMMANDS 3728,-9426,-838,-1539
72.30 3 NAVIGATION 0 0 0 0 286 0. 570986.7
72.30 3 ATTITUDE 0 0 0
72.30 3 GYRO_RATES -52 -12 -2 0.453786 -0.10472 0.017453
72.36 3 FBW_STATUS 0 1 99
72.36 3 ESTIMATOR 701.147522 -0. 114.75 -1.4e-05 114.479942
72.58 3 NAVIGATION 0 0 0 0 286 0. 570986.7
72.58 3 WP_MOVED 2 358071. 4822161. 0.
72.66 3 DESIRED 0.04 -0.14 0. 0. 701.166 0.009
72.74 3 DOWNLINK_STATUS 71 18987 1269 0 266. 17.
72.79 3 NAVIGATION 0 0 0 0 286 0. 570986.7
72.79 3 ATTITUDE 0 0 0
72.85 3 ESTIMATOR 700.458984 -0.283149 45.900002 -28.314922 101.069931
73.07 3 DL_VALUE 26 0.007
73.12 3 NAVIGATION 0 0 0 0 286 0. 570986.7
73.12 3 WP_MOVED 0 358113. 4822203. 702.
73.27 3 COMMANDS 2397,-9600,-574,-1233
73.27 3 NAVIGATION 0 0 0 0 286 0. 570986.7
73.27 3 ATTITUDE 0 0 0
73.28 3 GYRO_RATES -56 -16 -6 0.488692 -0.139626 0.05236
73.28 3 FBW_STATUS 0 1 105
73.36 3 ESTIMATOR 700.445496 -0.59319 44.549999 -59.318996 53.549927
73.36 3 BAT 2510 104 0 0 159 159 11
73.37 3 CALIBRATION -69.953 0.037 0.5 2
73.59 3 NAVIGATION 0 0 0 0 286 0. 570986.7
73.59 3 WP_MOVED 1 358824.90625 4822110. 702.
73.59 3 SERVO -344 -9600 2153
73.59 3 DESIRED 0.04 -0.14 0. 0. 701.144 -2.
73.66 3 NAVIGATION 0 0 0 0 286 0. 570986.7
73.66 3 ATTITUDE 0 0 0
73.74 3 DOWNLINK_STATUS 72 19281 1289 0 294. 20.
73.76 3 ESTIMATOR 700.432007 0.359667 43.200001 35.96669 48.419926
73.86 3 DL_VALUE 27 0.037
73.89 3 NAVIGATION 0 0 0 0 286 0. 570986.7
74.08 3 WP_MOVED 2 358071. 4822161. 0.
74.08 3 NAVIGATION_REF 358071 4822161 31
74.17 3 COMMANDS 2143,-9600,1011,-336
74.17 3 NAVIGATION 0 0 0 0 286 0. 570986.7
74.17 3 ATTITUDE 0 0 0
74.17 3 GYRO_RATES -52 -16 0 0.453786 -0.139626 -0.
74.20 3 FBW_STATUS 0 1 105
74.25 3 ESTIMATOR 701.106995 0.87183 110.700005 87.183006 76.58992
74.35 3 NAVIGATION 0 0 0 0 286 0. 570986.7
74.59 3 WP_MOVED 0 358113. 4822203. 702.
74.67 3 DESIRED 0.04 -0.15 0. 0. 701.157 0.007
74.67 3 NAVIGATION 0 0 0 0 286 0. 570986.7
74.67 3 ATTITUDE 0 0 0
74.74 3 DOWNLINK_STATUS 73 19523 1305 0 242. 16.
74.76 3 ESTIMATOR 701.161011 0.083835 116.099998 8.383508 113.849922
74.78 3 DL_VALUE 28 0.
74.86 3 NAVIGATION 0 0 0 0 286 0. 570986.7
74.87 3 WP_MOVED 1 358824.90625 4822110. 702.
75.29 3 COMMANDS 3690,-9600,141,-764
75.29 3 NAVIGATION 0 0 0 0 286 0. 570986.7
75.29 3 ATTITUDE 0 0 0
75.29 3 GYRO_RATES -61 -24 -3 0.532325 -0.20944 0.02618
75.38 3 FBW_STATUS 0 1 100
75.38 3 ESTIMATOR 701.187988 0.000945 118.800003 0.094485 116.909935
75.38 3 BAT 3706 100 0 0 161 161 12
75.38 3 CALIBRATION -174.926 0.037 0.5 2
75.38 3 NAVIGATION 0 0 0 0 286 0. 570986.7
75.39 3 WP_MOVED 2 358071. 4822161. 0.
75.39 3 SERVO -228 -9600 3714
75.47 3 DESIRED 0.04 -0.14 0. 0. 701.157 -0.005
75.55 3 NAVIGATION 0 0 0 0 286 0. 570986.7
75.55 3 ATTITUDE 0 0 0
75.75 3 DOWNLINK_STATUS 74 19791 1323 0 268. 18.
75.80 3 ESTIMATOR 701.187988 0.009639 118.800003 0.963898 117.629936
75.82 3 DL_VALUE 29 0.045
75.82 3 NAVIGATION 0 0 0 0 286 0. 570986.7
75.87 3 WP_MOVED 0 358113. 4822203. 702.
76.07 3 COMMANDS 3720,-9600,116,-648
76.07 3 NAVIGATION 0 0 0 0 286 0. 570986.7
76.07 3 ATTITUDE 0 0 0
76.07 3 GYRO_RATES -51 -8 -2 0.445059 -0.069813 0.017453
76.08 3 FBW_STATUS 0 1 100
76.28 3 ESTIMATOR 701.1745 -0.012555 117.450005 -1.255507 117.359932
76.30 3 ACTUATORS 1795,2000,0,1200,1545
76.30 3 NAVIGATION 0 0 0 0 286 0. 570986.7
76.30 3 WP_MOVED 1 358824.90625 4822110. 702.
76.39 3 DESIRED 0.04 -0.14 0. 0. 701.158 -0.008
76.48 3 NAVIGATION 0 0 0 0 286 0. 570986.7
76.48 3 ATTITUDE 0 0 0
76.48 3 PPRZ_MODE 2 3 1 0 0 5 0
76.59 3 ESTIMATOR 701.133972 -0.044334 113.400002 -4.433427 115.289917
76.75 3 DOWNLINK_STATUS 75 20066 1341 0 275. 18.
76.78 3 DL_VALUE 30 1.
76.79 3 NAVIGATION 0 0 0 0 286 0. 570986.7
76.79 3 WP_MOVED 2 358071. 4822161. 0.
77.00 3 COMMANDS 0,-9350,-702,-626
77.00 3 NAVIGATION 0 0 0 0 286 0. 570986.7
77.00 3 ATTITUDE 0 0 0
77.00 3 GYRO_RATES -43 -1 3 0.375246 -0.008727 -0.02618
77.06 3 FBW_STATUS 0 1 107
77.07 3 ESTIMATOR 701.133972 -0.041445 113.400002 -4.144487 112.859917
77.07 3 BAT 0 107 0 0 163 163 12
77.28 3 CALIBRATION -174.933 0.037 0.5 2
77.28 3 NAVIGATION 0 0 0 0 286 0. 570986.7
77.29 3 WP_MOVED 0 358113. 4822203. 702.
77.30 3 SERVO -1208 -9600 0
77.37 3 DESIRED 0.04 -0.14 0. 0. 701.165 0.011
77.47 3 NAVIGATION 0 0 0 0 286 0. 570986.7
77.47 3 ATTITUDE 0 0 0
77.55 3 ESTIMATOR 701.120483 -0.002916 112.050003 -0.29161 111.959923
77.60 3 DL_VALUE 31 0.
77.75 3 DOWNLINK_STATUS 76 20341 1360 0 275. 19.
77.80 3 NAVIGATION 0 0 0 0 286 0. 570986.7
77.80 3 WP_MOVED 1 358824.90625 4822110. 702.
78.01 3 COMMANDS 0,-9600,28,-483
78.01 3 NAVIGATION 0 0 0 0 286 0. 570986.7
78.01 3 ATTITUDE 0 0 0
78.01 3 GYRO_RATES -49 -14 1 0.427606 -0.122173 -0.008727
78.01 3 FBW_STATUS 0 1 107
78.01 3 ESTIMATOR 701.133972 0.003861 113.400002 0.386066 112.139923
78.28 3 NAVIGATION 0 0 0 0 286 0. 570986.7
78.29 3 WP_MOVED 2 358071. 4822161. 0.
78.29 3 DESIRED 0.04 -0.15 0. 0. 701.159 0.012
78.36 3 NAVIGATION 0 0 0 0 286 0. 570986.7
78.36 3 ATTITUDE 0 0 0
78.46 3 ESTIMATOR 701.147522 0.036639 114.75 3.663926 113.669937
78.56 3 DL_VALUE 32 0.
78.56 3 NAVIGATION 0 0 0 0 286 0. 570986.7
78.75 3 DOWNLINK_STATUS 77 20590 1376 0 249. 16.
78.80 3 WP_MOVED 0 358113. 4822203. 702.
78.87 3 COMMANDS 0,-9600,2000,-4150
78.87 3 NAVIGATION 0 0 0 0 286 0. 570986.7
78.87 3 ATTITUDE 0 0 0
78.88 3 GYRO_RATES -70 -33 -14 0.610865 -0.287979 0.122173
79.08 3 FBW_STATUS 0 1 107
79.08 3 ESTIMATOR 700.216003 -0.430488 21.6 -43.048813 95.669952
79.08 3 BAT 0 107 0 0 165 165 12
79.08 3 CALIBRATION 0.014 0.037 0.5 2
79.12 3 NAVIGATION 0 0 0 0 286 0. 570986.7
79.38 3 WP_MOVED 1 358824.90625 4822110. 702.
79.38 3 SERVO 36 -9600 0
79.48 3 DESIRED 0.04 -0.15 0. 0. 701.158 -2.
79.50 3 NAVIGATION 0 0 0 0 286 0. 570986.7
79.50 3 ATTITUDE 0 0 0
79.50 3 ESTIMATOR 700.161987 -1.016928 16.200001 -101.69281 37.979942
79.50 3 DL_VALUE 33 0.037
79.57 3 NAVIGATION 0 0 0 0 286 0. 570986.7
79.57 3 WP_MOVED 2 358071. 4822161. 0.
79.76 3 DOWNLINK_STATUS 78 20873 1395 0 283. 19.
79.90 3 COMMANDS 0,-9586,-601,-633
79.90 3 NAVIGATION 0 0 0 0 286 0. 570986.7
79.90 3 ATTITUDE 0 0 0
79.90 3 GYRO_RATES -55 -14 -1 0.479966 -0.122173 0.008727
80.30 3 FBW_STATUS 0 1 107
80.30 3 ESTIMATOR 700.175476 -0.03564 17.550001 -3.564 17.999943
80.30 3 NAVIGATION 0 0 0 0 286 0. 570986.7
80.30 3 WP_MOVED 0 358113. 4822203. 702.
80.38 3 DESIRED 0.04 -0.14 0. 0. 701.194 -2.
80.39 3 NAVIGATION 0 0 0 0 286 0. 570986.7
80.39 3 ATTITUDE 0 0 0
80.39 3 ESTIMATOR 700.229492 0.093528 22.950001 9.352798 19.799944
80.44 3 DL_VALUE 34 0.037
80.47 3 NAVIGATION 0 0 0 0 286 0. 570986.7
80.56 3 WP_MOVED 1 358824.90625 4822110. 702.
80.76 3 DOWNLINK_STATUS 79 21104 1410 0 231. 15.
80.90 3 COMMANDS 0,-9600,297,-2254
80.90 3 NAVIGATION 0 0 0 0 286 0. 570986.7
80.90 3 PPRZ_MODE 1 3 0 0 0 21 0
80.90 3 ATTITUDE 0 0 0
80.90 3 GYRO_RATES -65 -29 -10 0.567232 -0.253073 0.087266
80.90 3 FBW_STATUS 0 1 107
81.03 3 ESTIMATOR 700.216003 -0.031806 21.6 -3.180605 21.779947
81.03 3 BAT 3709 106 0 0 167 167 12
81.03 3 ACTUATORS 1374,1558,0,1509,1524
81.03 3 PPRZ_MODE 0 3 0 0 0 17 0
81.03 3 CALIBRATION -279.679 0.037 0.5 0
81.03 3 NAVIGATION 0 0 0 0 286 0. 570986.7
81.03 3 WP_MOVED 2 358071. 4822161. 0.
81.09 3 DESIRED 0.06 -0.1 0. 0. 701.159 -2.
81.17 3 NAVIGATION 0 0 0 0 286 0. 570986.7
81.17 3 ATTITUDE 0 0 0
81.17 3 PPRZ_MODE 0 3 0 0 0 1 0
81.38 3 ESTIMATOR 700.202515 0.020223 20.25 2.022297 21.419949
81.51 3 DL_VALUE 35 0.
81.51 3 NAVIGATION 0 0 0 0 286 0. 570986.7
81.51 3 WP_MOVED 0 358113. 4822203. 702.
81.67 3 COMMANDS 3711,516,-1768,-477
81.67 3 NAVIGATION 0 0 0 0 286 0. 570986.7
81.67 3 ATTITUDE 0 0 0
81.67 3 GYRO_RATES -72 -34 -16 0.628319 -0.296706 0.139626
81.69 3 FBW_STATUS 0 0 96
81.76 3 DOWNLINK_STATUS 80 21466 1436 0 362. 26.
81.88 3 ESTIMATOR 700.296997 0.119556 29.700001 11.955597 26.72994
81.96 3 NAVIGATION 0 0 0 0 286 0. 570986.7
81.96 3 WP_MOVED 1 358824.90625 4822110. 702.
82.06 3 DESIRED 0.06 -0.1 0. 0. 701.155 -2.
82.11 3 NAVIGATION 0 0 0 0 286 0. 570986.7
82.11 3 ATTITUDE 0 0 0
82.19 3 ESTIMATOR 700.432007 0.135027 43.200001 13.502699 34.019939
82.37 3 DL_VALUE 36 0.
82.47 3 NAVIGATION 0 0 0 0 286 0. 570986.7
82.47 3 WP_MOVED 2 358071. 4822161. 0.
82.47 3 NAVIGATION_REF 358071 4822161 31
82.68 3 COMMANDS 9,680,-1767,-476
82.71 3 NAVIGATION 0 0 0 0 286 0. 570986.7
82.71 3 ATTITUDE 0 0 0
82.71 3 GYRO_RATES -39 -2 14 0.340339 -0.017453 -0.122173
82.71 3 FBW_STATUS 0 0 107
82.71 3 ESTIMATOR 700.661499 0.000972 66.150002 0.097198 47.069958
82.72 3 BAT 8 107 0 0 169 169 13
82.79 3 DOWNLINK_STATUS 81 21744 1454 0 278. 18.
83.41 3 NAVIGATION 0 0 0 0 286 0. 570986.7
83.41 3 WP_MOVED 0 358113. 4822203. 702.
83.41 3 SERVO 315 -9558 13
83.41 3 DESIRED 0.06 -0.1 0. 0. 700.005 -0.21
83.41 3 NAVIGATION 0 0 0 0 286 0. 570986.7
83.41 3 ATTITUDE 0 0 0
83.47 3 ESTIMATOR 700.580505 -0.173529 58.049999 -17.352884 51.209949
83.47 3 DL_VALUE 37 0.
83.47 3 NAVIGATION 0 0 0 0 286 0. 570986.7
83.49 3 WP_MOVED 1 358824.90625 4822110. 702.
83.57 3 COMMANDS 7,683,-1764,-457
83.61 3 NAVIGATION 0 0 0 0 286 0. 570986.7
83.61 3 ATTITUDE 0 0 0
83.61 3 GYRO_RATES -48 -7 0 0.418879 -0.061087 -0.
83.61 3 FBW_STATUS 0 0 107
83.65 3 ESTIMATOR 700.391479 0.142776 39.150002 14.277597 50.399929
83.77 3 DOWNLINK_STATUS 82 21983 1470 0 239. 16.
83.87 3 NAVIGATION 0 0 0 0 286 0. 570986.7
83.89 3 WP_MOVED 2 358071. 4822161. 0.
83.89 3 DESIRED 0.06 -0.1 0. 0. 700.004 -0.113
84.00 3 NAVIGATION 0 0 0 0 286 0. 570986.7
84.00 3 ATTITUDE 0 0 0
84.07 3 ESTIMATOR 700.445496 -0.1863 44.549999 -18.62998 41.939941
84.14 3 DL_VALUE 38 0.045
84.19 3 NAVIGATION 0 0 0 0 286 0. 570986.7
84.37 3 WP_MOVED 0 358113. 4822203. 702.
84.49 3 COMMANDS 0,657,-1792,-456
84.49 3 NAVIGATION 0 0 0 0 286 0. 570986.7
84.49 3 ATTITUDE 0 0 0
84.49 3 GYRO_RATES 45 84 91 -0.392699 0.733038 -0.794125
84.58 3 FBW_STATUS 0 0 107
84.62 3 ESTIMATOR 700.458984 0.081 45.900002 8.100008 40.22995
84.62 3 BAT 13 107 0 0 171 171 13
84.66 3 CALIBRATION -349.887 0.037 0.5 0
84.66 3 NAVIGATION 0 0 0 0 286 0. 570986.7
84.78 3 DOWNLINK_STATUS 83 22261 1488 0 278. 18.
84.88 3 WP_MOVED 1 358824.90625 4822110. 702.
84.88 3 SERVO -2860 -4759 13
84.97 3 DESIRED 0.06 -0.1 0. 0. 700.001 -0.162
84.98 3 NAVIGATION 0 0 0 0 286 0. 570986.7
84.98 3 ATTITUDE 0 0 0
85.06 3 ESTIMATOR 700.620972 0.310554 62.100002 31.055397 54.269936
85.08 3 DL_VALUE 39 0.045
85.30 3 NAVIGATION 0 0 0 0 286 0. 570986.7
85.30 3 WP_MOVED 2 358071. 4822161. 0.
85.51 3 COMMANDS 15,667,-1775,-483
85.51 3 NAVIGATION 0 0 0 0 286 0. 570986.7
85.51 3 ATTITUDE 0 0 0
85.51 3 GYRO_RATES -38 -8 2 0.331613 -0.069813 -0.017453
85.51 3 FBW_STATUS 0 0 107
85.51 3 ESTIMATOR 700.445496 -0.253638 44.549999 -25.363798 54.539936
85.59 3 ACTUATORS 1372,1559,0,1200,1523
85.77 3 NAVIGATION 0 0 0 0 286 0. 570986.7
85.78 3 DOWNLINK_STATUS 84 22513 1505 0 252. 17.
85.80 3 WP_MOVED 0 358113. 4822203. 702.
85.80 3 DESIRED 0.06 -0.1 0. 0. 700. -0.202
85.86 3 NAVIGATION 0 0 0 0 286 0. 570986.7
85.86 3 ATTITUDE 0 0 0
85.86 3 PPRZ_MODE 0 3 0 0 0 1 0
85.95 3 ESTIMATOR 700.553528 0.129168 55.350002 12.916808 52.919933
86.08 3 DL_VALUE 40 0.1
86.08 3 NAVIGATION 0 0 0 0 286 0. 570986.7
86.30 3 WP_MOVED 1 358824.90625 4822110. 702.
86.37 3 COMMANDS 12,694,-1746,-472
86.37 3 NAVIGATION 0 0 0 0 286 0. 570986.7
86.37 3 ATTITUDE 0 0 0
86.37 3 GYRO_RATES -77 -46 0 0.671952 -0.401426 -0.
86.37 3 FBW_STATUS 0 0 107
86.46 3 ESTIMATOR 700.553528 0. 55.350002 5e-06 55.349918
86.46 3 BAT 25 107 0 0 173 173 13
86.56 3 CALIBRATION -70.395 0.037 0.5 0
86.56 3 NAVIGATION 0 0 0 0 286 0. 570986.7
86.78 3 WP_MOVED 2 358071. 4822161. 0.
86.78 3 SERVO 4714 -9600 0
86.78 3 DOWNLINK_STATUS 85 22805 1525 0 292. 20.
86.82 3 DESIRED 0.06 -0.1 0. 0. 700.004 -0.165
86.82 3 NAVIGATION 0 0 0 0 286 0. 570986.7
86.82 3 ATTITUDE 0 0 0
86.89 3 ESTIMATOR 700.553528 0. 55.350002 5e-06 55.349918
86.95 3 DL_VALUE 41 0.
87.06 3 NAVIGATION 0 0 0 0 286 0. 570986.7
87.06 3 WP_MOVED 0 358113. 4822203. 702.
87.39 3 COMMANDS 17,678,-1748,-441
87.39 3 NAVIGATION 0 0 0 0 286 0. 570986.7
87.39 3 ATTITUDE 0 0 0
87.39 3 GYRO_RATES -61 -2 -3 0.532325 -0.017453 0.02618
87.46 3 FBW_STATUS 0 0 107
87.46 3 ESTIMATOR 700.553528 0. 55.350002 5e-06 55.349918
87.48 3 NAVIGATION 0 0 0 0 286 0. 570986.7
87.57 3 WP_MOVED 1 358824.90625 4822110. 702.
87.65 3 DESIRED 0.06 -0.1 0. 0. 700.003 -0.165
87.78 3 DOWNLINK_STATUS 86 23062 1541 0 257. 16.
87.88 3 NAVIGATION 0 0 0 0 286 0. 570986.7
87.88 3 ATTITUDE 0 0 0
87.95 3 ESTIMATOR 700.553528 0. 55.350002 5e-06 55.349918
87.95 3 DL_VALUE 42 0.5
87.97 3 NAVIGATION 0 0 0 0 286 0. 570986.7
88.05 3 WP_MOVED 2 358071. 4822161. 0.
88.40 3 COMMANDS 0,694,-1735,-406
88.40 3 NAVIGATION 0 0 0 0 286 0. 570986.7
88.40 3 ATTITUDE 0 0 0
88.41 3 GYRO_RATES -34 6 -1 0.296706 0.05236 0.008727
88.41 3 FBW_STATUS 0 0 107
88.51 3 ESTIMATOR 701.052979 0.676998 105.300003 67.699799 76.499908
88.51 3 BAT 13 107 0 0 175 175 13
88.51 3 CALIBRATION -0.545 0.037 0.5 0
88.51 3 NAVIGATION 0 0 0 0 286 0. 570986.7
88.51 3 WP_MOVED 0 358113. 4822203. 702.
88.51 3 SERVO -3715 -4541 10
88.57 3 DESIRED 0.06 -0.1 0. 0. 700.002 -0.314
88.65 3 NAVIGATION 0 0 0 0 286 0. 570986.7
88.65 3 ATTITUDE 0 0 0
88.78 3 DOWNLINK_STATUS 87 23356 1561 0 294. 20.
88.88 3 ESTIMATOR 701.052979 0.017334 105.300003 1.733384 105.029854
88.91 3 DL_VALUE 43 1.
88.91 3 NAVIGATION 0 0 0 0 286 0. 570986.7
88.96 3 WP_MOVED 1 358824.90625 4822110. 702.
89.18 3 COMMANDS 11,755,-1683,-472
89.18 3 NAVIGATION 0 0 0 0 286 0. 570986.7
89.18 3 ATTITUDE 0 0 0
89.18 3 GYRO_RATES -48 -32 12 0.418879 -0.279253 -0.10472
89.35 3 FBW_STATUS 0 0 107
89.35 3 ESTIMATOR 701.052979 -0. 105.300003 -1.4e-05 105.29985
89.37 3 NAVIGATION 0 0 0 0 286 0. 570986.7
89.45 3 WP_MOVED 2 358071. 4822161. 0.
89.58 3 DESIRED 0.06 -0.1 0. 0. 700.026 -0.314
89.61 3 NAVIGATION 0 0 0 0 286 0. 570986.7
89.61 3 ATTITUDE 0 0 0
89.78 3 ESTIMATOR 701.052979 -0. 105.300003 -1.4e-05 105.29985
89.78 3 DL_VALUE 44 0.
89.79 3 DOWNLINK_STATUS 88 23616 1578 0 260. 17.
89.87 3 NAVIGATION 0 0 0 0 286 0. 570986.7
89.87 3 WP_MOVED 0 358113. 4822203. 702.
90.31 3 COMMANDS 12,704,-1753,-377
90.31 3 NAVIGATION 0 0 0 0 286 0. 570986.7
90.31 3 ATTITUDE 0 0 0
90.31 3 GYRO_RATES -63 -23 0 0.549779 -0.200713 -0.
90.39 3 FBW_STATUS 0 0 107
90.39 3 ESTIMATOR 701.052979 -0. 105.300003 -1.4e-05 105.29985
90.39 3 BAT 0 107 0 0 177 177 13
90.39 3 ACTUATORS 1374,1556,0,1202,1525
90.39 3 CALIBRATION -0.778 0.037 0.5 0
90.39 3 NAVIGATION 0 0 0 0 286 0. 570986.7
90.40 3 WP_MOVED 1 358824.90625 4822110. 702.
90.40 3 SERVO 3614 -9600 0
90.50 3 DESIRED 0.06 -0.1 0. 0. 700.004 -0.315
90.57 3 NAVIGATION 0 0 0 0 286 0. 570986.7
90.57 3 ATTITUDE 0 0 0
90.57 3 PPRZ_MODE 0 3 0 0 0 1 0
90.78 3 ESTIMATOR 701.052979 -0. 105.300003 -1.4e-05 105.29985
90.79 3 DL_VALUE 0 700.004395
90.79 3 NAVIGATION 0 0 0 0 286 0. 570986.7
90.79 3 DOWNLINK_STATUS 89 23924 1599 0 308. 21.
90.85 3 WP_MOVED 2 358071. 4822161. 0.
90.85 3 NAVIGATION_REF 358071 4822161 31
91.08 3 COMMANDS 0,689,-1764,-392
91.08 3 NAVIGATION 0 0 0 0 286 0. 570986.7
91.11 3 ATTITUDE 0 0 0
91.11 3 GYRO_RATES 382 489 10 -3.333579 4.26733 -0.087266
91.11 3 FBW_STATUS 0 0 107
91.20 3 ESTIMATOR 701.052979 -0. 105.300003 -1.4e-05 105.29985
91.25 3 NAVIGATION 0 0 0 0 286 0. 570986.7
91.30 3 WP_MOVED 0 358113. 4822203. 702.
91.38 3 DESIRED 0.06 -0.1 0. 0. 700.004 -0.315
91.49 3 NAVIGATION 0 0 0 0 286 0. 570986.7
91.49 3 ATTITUDE 0 0 0
91.68 3 ESTIMATOR 701.052979 -0. 105.300003 -1.4e-05 105.29985
91.69 3 DL_VALUE 1 1.
91.69 3 NAVIGATION 0 0 0 0 286 0. 570986.7
91.76 3 WP_MOVED 1 358824.90625 4822110. 702.
91.80 3 DOWNLINK_STATUS 90 24181 1616 0 257. 17.
91.98 3 COMMANDS 0,414,-2155,-559
91.98 3 NAVIGATION 0 0 0 0 286 0. 570986.7
91.98 3 ATTITUDE 0 0 0
91.98 3 GYRO_RATES -31 4 -6 0.270526 0.034907 0.05236
92.17 3 FBW_STATUS 0 0 107
92.21 3 ESTIMATOR 701.1745 0.188973 117.450005 18.897285 113.669891
92.21 3 BAT 7 107 0 0 179 179 13
92.21 3 CALIBRATION -0.99 0.037 0.5 0
92.21 3 NAVIGATION 0 0 0 0 286 0. 570986.7
92.28 3 WP_MOVED 2 358071. 4822161. 0.
92.28 3 SERVO -2249 -6286 20
92.37 3 DESIRED 0.06 -0.1 0. 0. 700. -0.352
92.45 3 NAVIGATION 0 0 0 0 286 0. 570986.7
92.45 3 ATTITUDE 0 0 0
92.68 3 ESTIMATOR 701.1745 0. 117.450005 0. 117.449928
92.80 3 DOWNLINK_STATUS 91 24409 1631 0 228. 15.
93.12 3 DL_VALUE 2 0.
93.12 3 NAVIGATION 0 0 0 0 286 0. 570986.7
93.13 3 WP_MOVED 0 358113. 4822203. 702.
93.13 3 COMMANDS 11,1153,-1300,-690
93.13 3 NAVIGATION 0 0 0 0 286 0. 570986.7
93.13 3 ATTITUDE 0 0 0
93.13 3 GYRO_RATES -35 -4 40 0.305433 -0.034907 -0.349066
93.13 3 FBW_STATUS 0 0 107
93.16 3 NAVIGATION 0 0 0 0 286 0. 570986.7
93.16 3 WP_MOVED 1 358824.90625 4822110. 702.
93.28 3 DESIRED 0.06 -0.1 0. 0. 700.055 -0.35
93.36 3 NAVIGATION 0 0 0 0 286 0. 570986.7
93.36 3 ATTITUDE 0 0 0
93.59 3 ESTIMATOR 701.1745 0. 117.450005 0. 117.449928
93.60 3 DL_VALUE 3 0.
93.60 3 NAVIGATION 0 0 0 0 286 0. 570986.7
93.65 3 WP_MOVED 2 358071. 4822161. 0.
93.80 3 DOWNLINK_STATUS 92 24658 1648 0 249. 17.
93.87 3 COMMANDS 15,677,-1759,-474
93.87 3 NAVIGATION 0 0 0 0 286 0. 570986.7
93.87 3 ATTITUDE 0 0 0
93.87 3 GYRO_RATES -82 -43 -21 0.715585 -0.375246 0.18326
93.88 3 FBW_STATUS 0 0 107
94.09 3 ESTIMATOR 701.1745 0. 117.450005 0. 117.449928
94.09 3 BAT 11 107 0 0 181 181 13
94.17 3 CALIBRATION -1.112 0.037 0.5 0
94.17 3 NAVIGATION 0 0 0 0 286 0. 570986.7
94.17 3 WP_MOVED 0 358113. 4822203. 702.
94.18 3 SERVO 7524 -9600 10
94.26 3 DESIRED 0.06 -0.1 0. 0. 700.004 -0.351
94.28 3 NAVIGATION 0 0 0 0 286 0. 570986.7
94.28 3 ATTITUDE 0 0 0
94.38 3 ESTIMATOR 700.161987 0.23625 16.200001 23.625015 107.09993
94.59 3 DL_VALUE 4 0.
94.62 3 NAVIGATION 0 0 0 0 286 0. 570986.7
94.62 3 WP_MOVED 1 358824.90625 4822110. 702.
94.80 3 COMMANDS 24,672,-1737,-467
94.80 3 NAVIGATION 0 0 0 0 286 0. 570986.7
94.80 3 ATTITUDE 0 0 0
94.80 3 GYRO_RATES -78 -41 -22 0.680678 -0.357792 0.191986
94.81 3 DOWNLINK_STATUS 93 24983 1670 0 325. 22.
94.85 3 FBW_STATUS 0 0 107
94.85 3 ESTIMATOR 701.1745 -1.405647 117.450005 -140.564682 82.439911
95.09 3 ACTUATORS 1373,1556,0,1201,1525
95.09 3 NAVIGATION 0 0 0 0 286 0. 570986.7
95.11 3 WP_MOVED 2 358071. 4822161. 0.
95.15 3 DESIRED 0.06 -0.1 0. 0. 700.004 -0.101
95.26 3 NAVIGATION 0 0 0 0 286 0. 570986.7
95.26 3 ATTITUDE 0 0 0
95.26 3 PPRZ_MODE 0 3 0 0 0 17 0
95.36 3 ESTIMATOR 700.499512 -0.454329 49.950001 -45.432907 29.609901
95.58 3 DL_VALUE 5 0.
95.58 3 NAVIGATION 0 0 0 0 286 0. 570986.7
95.58 3 WP_MOVED 0 358113. 4822203. 702.
95.78 3 COMMANDS 12,681,-1765,-462
95.78 3 NAVIGATION 0 0 0 0 286 0. 570986.7
95.79 3 ATTITUDE 0 0 0
95.79 3 GYRO_RATES -53 -15 7 0.462512 -0.1309 -0.061087
95.79 3 FBW_STATUS 0 0 107
95.82 3 DOWNLINK_STATUS 94 25241 1688 0 258. 18.
95.98 3 ESTIMATOR 700.78302 -0.65691 78.300003 -65.691002 21.779902
95.98 3 BAT 5 107 0 0 183 183 13
96.07 3 CALIBRATION -0.877 0.037 0.5 0
96.07 3 NAVIGATION 0 0 0 0 286 0. 570986.7
96.07 3 WP_MOVED 1 358824.90625 4822110. 702.
96.07 3 SERVO 1659 -9600 4
96.10 3 DESIRED 0.06 -0.1 0. 0. 700.004 0.002
96.15 3 NAVIGATION 0 0 0 0 286 0. 570986.7
96.15 3 ATTITUDE 0 0 0
96.29 3 ESTIMATOR 700.229492 0.196317 22.950001 19.631702 16.469902
96.48 3 DL_VALUE 6 0.
96.48 3 NAVIGATION 0 0 0 0 286 0. 570986.7
96.50 3 WP_MOVED 2 358071. 4822161. 0.
96.67 3 COMMANDS 17,643,-1750,-484
96.67 3 NAVIGATION 0 0 0 0 286 0. 570986.7
96.67 3 ATTITUDE 0 0 0
96.67 3 GYRO_RATES -48 -1 -4 0.418879 -0.008727 0.034907
96.81 3 DOWNLINK_STATUS 95 25504 1705 0 263. 17.
96.98 3 FBW_STATUS 0 0 107
96.98 3 ESTIMATOR 700.323975 -0.025623 32.400002 -2.562301 22.949903
97.07 3 NAVIGATION 0 0 0 0 286 0. 570986.7
97.07 3 WP_MOVED 0 358113. 4822203. 702.
97.07 3 DESIRED 0.06 -0.1 0. 0. 700.004 -0.095
97.13 3 NAVIGATION 0 0 0 0 286 0. 570986.7
97.13 3 ATTITUDE 0 0 0
97.19 3 ESTIMATOR 700.175476 -0.154197 17.550001 -15.419695 20.429903
97.26 3 DL_VALUE 7 1.
97.48 3 NAVIGATION 0 0 0 0 286 0. 570986.7
97.48 3 WP_MOVED 1 358824.90625 4822110. 702.
97.67 3 COMMANDS 36,674,-1727,-481
97.67 3 NAVIGATION 0 0 0 0 286 0. 570986.7
97.67 3 ATTITUDE 0 0 0
97.67 3 GYRO_RATES -63 -23 2 0.549779 -0.200713 -0.017453
97.81 3 DOWNLINK_STATUS 96 25735 1720 0 231. 15.
98.00 3 FBW_STATUS 0 0 107
98.00 3 ESTIMATOR 700.094482 0.010827 9.45 1.082698 18.269897
98.00 3 BAT 14 107 0 0 185 185 13
98.00 3 CALIBRATION -0.5 0.037 0.5 0
98.00 3 NAVIGATION 0 0 0 0 286 0. 570986.7
98.09 3 WP_MOVED 2 358071. 4822161. 0.
98.10 3 SERVO 3248 -9600 10
98.10 3 DESIRED 0.06 -0.1 0. 0. 700.004 -0.007
98.10 3 NAVIGATION 0 0 0 0 286 0. 570986.7
98.10 3 ATTITUDE 0 0 0
98.25 3 ESTIMATOR 700. 0.413883 0. 41.388298 21.239897
98.28 3 DL_VALUE 8 0.
98.28 3 NAVIGATION 0 0 0 0 286 0. 570986.7
98.81 3 DOWNLINK_STATUS 97 25931 1733 0 196. 13.
99.81 3 DOWNLINK_STATUS 98 25931 1733 0 0. 0.
100.81 3 DOWNLINK_STATUS 99 25931 1733 0 0. 0.
101.81 3 DOWNLINK_STATUS 100 25931 1733 0 0. 0.
102.81 3 DOWNLINK_STATUS 101 25931 1733 0 0. 0.
103.81 3 DOWNLINK_STATUS 102 25931 1733 0 0. 0.
104.81 3 DOWNLINK_STATUS 103 25931 1733 0 0. 0.
105.81 3 DOWNLINK_STATUS 104 25931 1733 0 0. 0.
106.81 3 DOWNLINK_STATUS 105 25931 1733 0 0. 0.
107.81 3 DOWNLINK_STATUS 106 25931 1733 0 0. 0.
108.81 3 DOWNLINK_STATUS 107 25931 1733 0 0. 0.
109.81 3 DOWNLINK_STATUS 108 25931 1733 0 0. 0.
110.81 3 DOWNLINK_STATUS 109 25931 1733 0 0. 0.
111.81 3 DOWNLINK_STATUS 110 25931 1733 0 0. 0.
112.82 3 DOWNLINK_STATUS 111 25931 1733 0 0. 0.
113.82 3 DOWNLINK_STATUS 112 25931 1733 0 0. 0.
114.82 3 DOWNLINK_STATUS 113 25931 1733 0 0. 0.
115.82 3 DOWNLINK_STATUS 114 25931 1733 0 0. 0.
116.82 3 DOWNLINK_STATUS 115 25931 1733 0 0. 0.
117.82 3 DOWNLINK_STATUS 116 25931 1733 0 0. 0.
118.82 3 DOWNLINK_STATUS 117 25931 1733 0 0. 0.
119.82 3 DOWNLINK_STATUS 118 25931 1733 0 0. 0.
120.83 3 DOWNLINK_STATUS 119 25931 1733 0 0. 0.
121.84 3 DOWNLINK_STATUS 121 25931 1733 0 0. 0.
122.83 3 DOWNLINK_STATUS 122 25931 1733 0 0. 0.
123.83 3 DOWNLINK_STATUS 123 25931 1733 0 0. 0.
124.83 3 DOWNLINK_STATUS 124 25931 1733 0 0. 0.
125.84 3 DOWNLINK_STATUS 125 25931 1733 0 0. 0.
126.83 3 DOWNLINK_STATUS 126 25931 1733 0 0. 0.
127.83 3 DOWNLINK_STATUS 127 25931 1733 0 0. 0.
128.83 3 DOWNLINK_STATUS 128 25931 1733 0 0. 0.
129.85 3 DOWNLINK_STATUS 129 25931 1733 0 0. 0.
130.84 3 DOWNLINK_STATUS 130 25931 1733 0 0. 0.
131.84 3 DOWNLINK_STATUS 131 25931 1733 0 0. 0.
132.84 3 DOWNLINK_STATUS 132 25931 1733 0 0. 0.
133.84 3 DOWNLINK_STATUS 133 25931 1733 0 0. 0.
134.84 3 DOWNLINK_STATUS 134 25931 1733 0 0. 0.
135.84 3 DOWNLINK_STATUS 135 25931 1733 0 0. 0.
136.84 3 DOWNLINK_STATUS 136 25931 1733 0 0. 0.
137.84 3 DOWNLINK_STATUS 137 25931 1733 0 0. 0.
138.85 3 DOWNLINK_STATUS 138 25931 1733 0 0. 0.
139.85 3 DOWNLINK_STATUS 139 25931 1733 0 0. 0.
140.86 3 DOWNLINK_STATUS 140 25931 1733 0 0. 0.
141.85 3 DOWNLINK_STATUS 141 25931 1733 0 0. 0.
142.87 3 DOWNLINK_STATUS 142 25931 1733 0 0. 0.
143.87 3 DOWNLINK_STATUS 143 25931 1733 0 0. 0.
144.87 3 DOWNLINK_STATUS 144 25931 1733 0 0. 0.
145.87 3 DOWNLINK_STATUS 145 25931 1733 0 0. 0.
146.87 3 DOWNLINK_STATUS 146 25931 1733 0 0. 0.
147.87 3 DOWNLINK_STATUS 147 25931 1733 0 0. 0.
148.87 3 DOWNLINK_STATUS 148 25931 1733 0 0. 0.
149.87 3 DOWNLINK_STATUS 149 25931 1733 0 0. 0.
150.87 3 DOWNLINK_STATUS 150 25931 1733 0 0. 0.
151.87 3 DOWNLINK_STATUS 151 25931 1733 0 0. 0.
152.87 3 DOWNLINK_STATUS 152 25931 1733 0 0. 0.
153.87 3 DOWNLINK_STATUS 153 25931 1733 0 0. 0.
154.87 3 DOWNLINK_STATUS 154 25931 1733 0 0. 0.
155.87 3 DOWNLINK_STATUS 155 25931 1733 0 0. 0.
156.87 3 DOWNLINK_STATUS 156 25931 1733 0 0. 0.
157.87 3 DOWNLINK_STATUS 157 25931 1733 0 0. 0.
158.87 3 DOWNLINK_STATUS 158 25931 1733 0 0. 0.
159.87 3 DOWNLINK_STATUS 159 25931 1733 0 0. 0.
160.87 3 DOWNLINK_STATUS 160 25931 1733 0 0. 0.
161.88 3 DOWNLINK_STATUS 161 25931 1733 0 0. 0.
162.90 3 DOWNLINK_STATUS 162 25931 1733 0 0. 0.
163.89 3 DOWNLINK_STATUS 163 25931 1733 0 0. 0.
164.90 3 DOWNLINK_STATUS 164 25931 1733 0 0. 0.
165.91 3 DOWNLINK_STATUS 165 25931 1733 0 0. 0.
166.91 3 DOWNLINK_STATUS 166 25931 1733 0 0. 0.
167.91 3 DOWNLINK_STATUS 167 25931 1733 0 0. 0.
168.92 3 DOWNLINK_STATUS 168 25931 1733 0 0. 0.
169.94 3 DOWNLINK_STATUS 169 25931 1733 0 0. 0.
170.94 3 DOWNLINK_STATUS 170 25931 1733 0 0. 0.
171.94 3 DOWNLINK_STATUS 171 25931 1733 0 0. 0.
172.95 3 DOWNLINK_STATUS 172 25931 1733 0 0. 0.
173.96 3 DOWNLINK_STATUS 173 25931 1733 0 0. 0.
174.96 3 DOWNLINK_STATUS 174 25931 1733 0 0. 0.
175.96 3 DOWNLINK_STATUS 175 25931 1733 0 0. 0.
176.96 3 DOWNLINK_STATUS 176 25931 1733 0 0. 0.
177.96 3 DOWNLINK_STATUS 177 25931 1733 0 0. 0.
178.96 3 DOWNLINK_STATUS 178 25931 1733 0 0. 0.
179.96 3 DOWNLINK_STATUS 179 25931 1733 0 0. 0.
180.96 3 DOWNLINK_STATUS 180 25931 1733 0 0. 0.
181.96 3 DOWNLINK_STATUS 181 25931 1733 0 0. 0.
182.96 3 DOWNLINK_STATUS 182 25931 1733 0 0. 0.
183.96 3 DOWNLINK_STATUS 183 25931 1733 0 0. 0.
184.96 3 DOWNLINK_STATUS 184 25931 1733 0 0. 0.
185.96 3 DOWNLINK_STATUS 185 25931 1733 0 0. 0.
186.96 3 DOWNLINK_STATUS 186 25931 1733 0 0. 0.
187.96 3 DOWNLINK_STATUS 187 25931 1733 0 0. 0.
188.96 3 DOWNLINK_STATUS 188 25931 1733 0 0. 0.
189.96 3 DOWNLINK_STATUS 189 25931 1733 0 0. 0.
190.96 3 DOWNLINK_STATUS 190 25931 1733 0 0. 0.
191.96 3 DOWNLINK_STATUS 191 25931 1733 0 0. 0.
192.97 3 DOWNLINK_STATUS 192 25931 1733 0 0. 0.
193.97 3 DOWNLINK_STATUS 193 25931 1733 0 0. 0.
194.98 3 DOWNLINK_STATUS 194 25931 1733 0 0. 0.
195.99 3 DOWNLINK_STATUS 195 25931 1733 0 0. 0.
196.99 3 DOWNLINK_STATUS 196 25931 1733 0 0. 0.
197.99 3 DOWNLINK_STATUS 197 25931 1733 0 0. 0.
199.00 3 DOWNLINK_STATUS 198 25931 1733 0 0. 0.
200.01 3 DOWNLINK_STATUS 199 25931 1733 0 0. 0.
201.02 3 DOWNLINK_STATUS 200 25931 1733 0 0. 0.
202.02 3 DOWNLINK_STATUS 201 25931 1733 0 0. 0.
203.03 3 DOWNLINK_STATUS 202 25931 1733 0 0. 0.
204.03 3 DOWNLINK_STATUS 203 25931 1733 0 0. 0.
205.04 3 DOWNLINK_STATUS 204 25931 1733 0 0. 0.
206.05 3 DOWNLINK_STATUS 205 25931 1733 0 0. 0.
207.06 3 DOWNLINK_STATUS 206 25931 1733 0 0. 0.
208.06 3 DOWNLINK_STATUS 207 25931 1733 0 0. 0.
209.07 3 DOWNLINK_STATUS 208 25931 1733 0 0. 0.
210.09 3 DOWNLINK_STATUS 209 25931 1733 0 0. 0.
211.09 3 DOWNLINK_STATUS 210 25931 1733 0 0. 0.
212.10 3 DOWNLINK_STATUS 211 25931 1733 0 0. 0.
213.10 3 DOWNLINK_STATUS 212 25931 1733 0 0. 0.
214.11 3 DOWNLINK_STATUS 213 25931 1733 0 0. 0.
215.12 3 DOWNLINK_STATUS 214 25931 1733 0 0. 0.
216.12 3 DOWNLINK_STATUS 215 25931 1733 0 0. 0.
217.12 3 DOWNLINK_STATUS 216 25931 1733 0 0. 0.
218.13 3 DOWNLINK_STATUS 217 25931 1733 0 0. 0.
219.13 3 DOWNLINK_STATUS 218 25931 1733 0 0. 0.
220.14 3 DOWNLINK_STATUS 219 25931 1733 0 0. 0.
221.15 3 DOWNLINK_STATUS 220 25931 1733 0 0. 0.
222.16 3 DOWNLINK_STATUS 221 25931 1733 0 0. 0.
223.16 3 DOWNLINK_STATUS 222 25931 1733 0 0. 0.
224.17 3 DOWNLINK_STATUS 223 25931 1733 0 0. 0.
225.18 3 DOWNLINK_STATUS 224 25931 1733 0 0. 0.
226.18 3 DOWNLINK_STATUS 225 25931 1733 0 0. 0.
227.18 3 DOWNLINK_STATUS 226 25931 1733 0 0. 0.
228.18 3 DOWNLINK_STATUS 227 25931 1733 0 0. 0.
229.18 3 DOWNLINK_STATUS 228 25931 1733 0 0. 0.
230.19 3 DOWNLINK_STATUS 229 25931 1733 0 0. 0.
231.19 3 DOWNLINK_STATUS 230 25931 1733 0 0. 0.
232.20 3 DOWNLINK_STATUS 231 25931 1733 0 0. 0.
233.21 3 DOWNLINK_STATUS 232 25931 1733 0 0. 0.
234.21 3 DOWNLINK_STATUS 233 25931 1733 0 0. 0.
235.22 3 DOWNLINK_STATUS 234 25931 1733 0 0. 0.
236.23 3 DOWNLINK_STATUS 235 25931 1733 0 0. 0.
237.22 3 DOWNLINK_STATUS 236 25931 1733 0 0. 0.
238.23 3 DOWNLINK_STATUS 237 25931 1733 0 0. 0.
239.23 3 DOWNLINK_STATUS 238 25931 1733 0 0. 0.
240.23 3 DOWNLINK_STATUS 239 25931 1733 0 0. 0.
241.24 3 DOWNLINK_STATUS 240 25931 1733 0 0. 0.
242.24 3 DOWNLINK_STATUS 241 25931 1733 0 0. 0.
243.24 3 DOWNLINK_STATUS 242 25931 1733 0 0. 0.
244.24 3 DOWNLINK_STATUS 243 25931 1733 0 0. 0.
245.25 3 DOWNLINK_STATUS 244 25931 1733 0 0. 0.
246.25 3 DOWNLINK_STATUS 245 25931 1733 0 0. 0.
247.27 3 DOWNLINK_STATUS 246 25931 1733 0 0. 0.
248.26 3 DOWNLINK_STATUS 247 25931 1733 0 0. 0.
249.28 3 DOWNLINK_STATUS 248 25931 1733 0 0. 0.
250.29 3 DOWNLINK_STATUS 249 25931 1733 0 0. 0.
251.29 3 DOWNLINK_STATUS 250 25931 1733 0 0. 0.
252.28 3 DOWNLINK_STATUS 251 25931 1733 0 0. 0.
253.29 3 DOWNLINK_STATUS 252 25931 1733 0 0. 0.
254.30 3 DOWNLINK_STATUS 253 25931 1733 0 0. 0.
255.30 3 DOWNLINK_STATUS 254 25931 1733 0 0. 0.
256.31 3 DOWNLINK_STATUS 255 25931 1733 0 0. 0.
257.32 3 DOWNLINK_STATUS 256 25931 1733 0 0. 0.
258.31 3 DOWNLINK_STATUS 257 25931 1733 0 0. 0.
259.31 3 DOWNLINK_STATUS 258 25931 1733 0 0. 0.
260.32 3 DOWNLINK_STATUS 259 25931 1733 0 0. 0.
261.32 3 DOWNLINK_STATUS 260 25931 1733 0 0. 0.
262.32 3 DOWNLINK_STATUS 261 25931 1733 0 0. 0.
263.33 3 DOWNLINK_STATUS 262 25931 1733 0 0. 0.
264.33 3 DOWNLINK_STATUS 263 25931 1733 0 0. 0.
265.33 3 DOWNLINK_STATUS 264 25931 1733 0 0. 0.
266.34 3 DOWNLINK_STATUS 265 25931 1733 0 0. 0.
267.34 3 DOWNLINK_STATUS 266 25931 1733 0 0. 0.
268.35 3 DOWNLINK_STATUS 267 25931 1733 0 0. 0.
269.35 3 DOWNLINK_STATUS 268 25931 1733 0 0. 0.
270.35 3 DOWNLINK_STATUS 269 25931 1733 0 0. 0.
271.35 3 DOWNLINK_STATUS 270 25931 1733 0 0. 0.
272.35 3 DOWNLINK_STATUS 271 25931 1733 0 0. 0.
273.35 3 DOWNLINK_STATUS 272 25931 1733 0 0. 0.
274.35 3 DOWNLINK_STATUS 273 25931 1733 0 0. 0.
275.35 3 DOWNLINK_STATUS 274 25931 1733 0 0. 0.
276.35 3 DOWNLINK_STATUS 275 25931 1733 0 0. 0.
277.35 3 DOWNLINK_STATUS 276 25931 1733 0 0. 0.
278.35 3 DOWNLINK_STATUS 277 25931 1733 0 0. 0.
279.35 3 DOWNLINK_STATUS 278 25931 1733 0 0. 0.
280.35 3 DOWNLINK_STATUS 279 25931 1733 0 0. 0.
281.35 3 DOWNLINK_STATUS 280 25931 1733 0 0. 0.
282.35 3 DOWNLINK_STATUS 281 25931 1733 0 0. 0.
283.35 3 DOWNLINK_STATUS 282 25931 1733 0 0. 0.
284.35 3 DOWNLINK_STATUS 283 25931 1733 0 0. 0.
285.35 3 DOWNLINK_STATUS 284 25931 1733 0 0. 0.
286.35 3 DOWNLINK_STATUS 285 25931 1733 0 0. 0.
287.35 3 DOWNLINK_STATUS 286 25931 1733 0 0. 0.
288.35 3 DOWNLINK_STATUS 287 25931 1733 0 0. 0.
289.35 3 DOWNLINK_STATUS 288 25931 1733 0 0. 0.
290.35 3 DOWNLINK_STATUS 289 25931 1733 0 0. 0.
291.35 3 DOWNLINK_STATUS 290 25931 1733 0 0. 0.
292.35 3 DOWNLINK_STATUS 291 25931 1733 0 0. 0.
293.35 3 DOWNLINK_STATUS 292 25931 1733 0 0. 0.
294.35 3 DOWNLINK_STATUS 293 25931 1733 0 0. 0.
295.35 3 DOWNLINK_STATUS 294 25931 1733 0 0. 0.
296.35 3 DOWNLINK_STATUS 295 25931 1733 0 0. 0.
297.35 3 DOWNLINK_STATUS 296 25931 1733 0 0. 0.
298.35 3 DOWNLINK_STATUS 297 25931 1733 0 0. 0.
299.35 3 DOWNLINK_STATUS 298 25931 1733 0 0. 0.
300.35 3 DOWNLINK_STATUS 299 25931 1733 0 0. 0.
301.35 3 DOWNLINK_STATUS 300 25931 1733 0 0. 0.
302.35 3 DOWNLINK_STATUS 301 25931 1733 0 0. 0.
303.35 3 DOWNLINK_STATUS 302 25931 1733 0 0. 0.
304.35 3 DOWNLINK_STATUS 303 25931 1733 0 0. 0.
305.35 3 DOWNLINK_STATUS 304 25931 1733 0 0. 0.
306.35 3 DOWNLINK_STATUS 305 25931 1733 0 0. 0.
307.35 3 DOWNLINK_STATUS 306 25931 1733 0 0. 0.
308.35 3 DOWNLINK_STATUS 307 25931 1733 0 0. 0.
309.35 3 DOWNLINK_STATUS 308 25931 1733 0 0. 0.
310.35 3 DOWNLINK_STATUS 309 25931 1733 0 0. 0.
311.34 3 DOWNLINK_STATUS 310 25931 1733 0 0. 0.
312.34 3 DOWNLINK_STATUS 311 25931 1733 0 0. 0.
313.34 3 DOWNLINK_STATUS 312 25931 1733 0 0. 0.
314.34 3 DOWNLINK_STATUS 313 25931 1733 0 0. 0.
315.35 3 DOWNLINK_STATUS 314 25931 1733 0 0. 0.
316.34 3 DOWNLINK_STATUS 315 25931 1733 0 0. 0.
317.34 3 DOWNLINK_STATUS 316 25931 1733 0 0. 0.
318.34 3 DOWNLINK_STATUS 317 25931 1733 0 0. 0.
319.35 3 DOWNLINK_STATUS 318 25931 1733 0 0. 0.
320.35 3 DOWNLINK_STATUS 319 25931 1733 0 0. 0.
321.36 3 DOWNLINK_STATUS 320 25931 1733 0 0. 0.
322.36 3 DOWNLINK_STATUS 321 25931 1733 0 0. 0.
323.36 3 DOWNLINK_STATUS 322 25931 1733 0 0. 0.
324.36 3 DOWNLINK_STATUS 323 25931 1733 0 0. 0.
325.36 3 DOWNLINK_STATUS 324 25931 1733 0 0. 0.
326.39 3 DOWNLINK_STATUS 325 25931 1733 0 0. 0.
327.37 3 DOWNLINK_STATUS 326 25931 1733 0 0. 0.
328.37 3 DOWNLINK_STATUS 327 25931 1733 0 0. 0.
329.37 3 DOWNLINK_STATUS 328 25931 1733 0 0. 0.
330.37 3 DOWNLINK_STATUS 329 25931 1733 0 0. 0.
