3.00 34 ESTIMATOR 751.619995 1.55 1.55 1.55 751.619995
3.03 34 GPS 3 50633102 356625844 1253 75164 38 125 327094001 12 0
3.03 34 SVINFO 4 18 13 4 30 17 100
3.20 34 COMMANDS 7,-28,-31,-1895
3.20 34 NAVIGATION 1 1 -34 -3 26 4509.3 2909.6
3.20 34 ATTITUDE 0 0 -16
3.20 34 DL_VALUE 40 1.
3.29 34 FBW_STATUS 0 0 117
3.29 34 RAD_OF_IR -18 195 0.00122
3.29 34 GPS 3 50633102 356625848 1262 75166 5 92 327094249 12 0
3.29 34 SVINFO 5 32 13 4 25 22 304
3.29 34 IR_SENSORS -876 -18 1
3.29 34 NAVIGATION 1 1 -34 -3 26 4505.6 2906.6
3.29 34 DOWNLINK_STATUS 3 947 62 0 580. 40.
3.37 34 WP_MOVED 3 506366. 3566262. 0.
3.37 34 GYRO_RATES 34 -34 -3 -0.296706 -0.296706 -0.02618
3.46 34 ESTIMATOR 751.659973 0.92 0.92 0.92 751.659973
3.70 34 GPS 3 50633102 356625850 1293 75181 9 143 327094501 12 0
3.70 34 SVINFO 6 3 13 4 25 6 223
3.70 34 NAVIGATION 1 1 -34 -3 26 4503.7 2905.1
3.70 34 ATTITUDE 0 0 -16
3.81 34 DESIRED 0. -0.01 14. 43. 800. 2.
3.81 34 GPS 3 50633097 356625852 1347 75189 10 122 327094749 12 0
3.81 34 SVINFO 7 22 13 4 30 45 84
3.81 34 NAVIGATION 1 1 -35 -3 26 4506.7 2899.7
3.81 34 WP_MOVED 0 506408. 3566304. 800.
3.88 34 ESTIMATOR 751.890015 1.22 1.22 1.22 751.890015
4.22 34 GPS 3 50633092 356625856 1395 75195 10 133 327095001 12 0
4.22 34 COMMANDS 6,-31,-34,-1896
4.22 34 NAVIGATION 1 1 -35 -3 26 4507.9 2892.9
4.22 34 ATTITUDE 0 0 -16
4.22 34 DL_VALUE 41 0.
4.22 34 FBW_STATUS 0 0 117
4.22 34 RAD_OF_IR -19 135 0.0012
4.28 34 DOWNLINK_STATUS 4 1271 82 0 324. 20.
4.30 34 IR_SENSORS -877 -18 1
4.31 34 NAVIGATION 1 1 -35 -3 26 4507.9 2892.9
4.31 34 GPS 3 50633087 356625862 1286 75197 11 114 327095249 12 0
4.31 34 SVINFO 9 30 13 4 29 10 93
4.31 34 WP_MOVED 1 506292.5 3566296.25 800.
4.31 34 GYRO_RATES 34 -35 -3 -0.296706 -0.305433 -0.02618
4.37 34 ESTIMATOR 751.969971 1.14 1.14 1.14 751.969971
4.37 34 BAT 6 117 421 0 400 399 4
4.50 34 NAVIGATION 1 1 -35 -3 26 4507.2 2884.5
4.50 34 ATTITUDE 0 0 -17
4.50 34 CALIBRATION 48.398 0.02 0.046 0
4.50 34 GPS 3 50633079 356625870 1356 75202 21 141 327095501 12 0
4.68 34 SERVO 9600 8533 6
4.79 34 DESIRED 0. -0.01 14. 43. 800. 2.
4.79 34 IR_DEBUG 614 641 614 641
4.79 34 NAVIGATION 1 1 -35 -3 26 4507.6 2872.4
4.79 34 GPS 3 50633073 356625878 1442 75202 18 135 327095749 12 0
4.79 34 WP_MOVED 2 506379.59375 3566304.75 800.
4.86 34 ESTIMATOR 752.02002 1.35 1.35 1.35 752.02002
5.00 34 COMMANDS 6,-29,-33,-1893
5.03 34 NAVIGATION 1 1 -35 -3 26 4506.1 2861.8
5.03 34 ATTITUDE 0 0 -17
5.03 34 DL_VALUE 0 800.
5.03 34 GPS 3 50633062 356625879 1496 75193 77 130 327096001 12 0
5.04 34 FBW_STATUS 0 0 117
5.04 34 RAD_OF_IR -18 152 0.00119
5.18 34 IR_SENSORS -877 -18 1
5.28 34 DOWNLINK_STATUS 5 1693 109 0 422. 27.
5.32 34 NAVIGATION 1 1 -35 -3 26 4516. 2852.6
5.32 34 WP_MOVED 3 506366. 3566262. 0.
5.32 34 GYRO_RATES 33 -34 -2 -0.287979 -0.296706 -0.017453
5.32 34 GPS 3 50633054 356625874 1518 75187 33 125 327096249 12 0
5.32 34 ESTIMATOR 751.869995 1.25 1.25 1.25 751.869995
5.37 34 NAVIGATION 1 1 -35 -3 26 4528.4 2850.3
5.41 34 ATTITUDE 0 0 -16
5.46 34 GPS 3 50633058 356625871 1518 75174 33 91 327096501 12 0
5.68 34 DESIRED 0. -0.01 14. 43. 800. 2.
5.79 34 NAVIGATION 1 1 -35 -3 26 4527.2 2855.6
5.79 34 WP_MOVED 0 506408. 3566304. 800.
5.79 34 GPS 3 50633053 356625871 1557 75166 25 111 327096749 12 0
5.79 34 ESTIMATOR 751.659973 1.11 1.11 1.11 751.659973
5.87 34 COMMANDS 6,-29,-33,-1893
5.87 34 NAVIGATION 1 1 -35 -3 26 4532.2 2851.8
5.87 34 ATTITUDE 0 0 -17
5.87 34 DL_VALUE 1 1.
5.95 34 FBW_STATUS 0 0 117
5.98 34 RAD_OF_IR -18 112 0.00118
5.98 34 GPS 3 50633044 356625885 1655 75167 45 117 327097001 12 0
5.98 34 SVINFO 0 14 13 4 26 56 23
6.19 34 IR_SENSORS -875 -18 1
6.19 34 NAVIGATION 1 1 -35 -3 26 4528.1 2834.5
6.28 34 DOWNLINK_STATUS 6 2078 132 0 385. 23.
6.31 34 WP_MOVED 1 506292.5 3566296.25 800.
6.31 34 GYRO_RATES 35 -35 -3 -0.305433 -0.305433 -0.02618
6.31 34 GPS 3 50633033 356625901 1765 75174 33 139 327097249 12 0
6.31 34 SVINFO 1 19 13 4 28 18 248
6.31 34 ESTIMATOR 751.73999 1.39 1.39 1.39 751.73999
6.31 34 BAT 6 117 423 0 402 401 4
6.37 34 NAVIGATION 1 1 -35 -2 26 4524.3 2814.2
6.37 34 ATTITUDE 0 0 -17
6.37 34 CALIBRATION 48.24 0.02 0.046 0
6.39 34 SERVO 9600 7986 6
6.72 34 GPS 3 50633029 356625908 1763 75184 42 111 327097501 12 0
6.72 34 SVINFO 2 31 13 7 33 54 167
6.72 34 DESIRED 0. -0.01 14. 43. 800. 2.
6.72 34 IR_DEBUG 609 639 609 639
6.72 34 NAVIGATION 1 1 -35 -2 26 4521.8 2806.
6.83 34 WP_MOVED 2 506379.59375 3566304.75 800.
6.83 34 ESTIMATOR 751.840027 1.11 1.11 1.11 751.840027
6.83 34 GPS 3 50633028 356625919 1743 75177 13 80 327097749 12 0
6.83 34 SVINFO 3 11 13 4 26 24 307
6.83 34 COMMANDS 6,-29,-34,-1895
6.83 34 NAVIGATION 1 1 -35 -2 26 4512.7 2797.1
6.83 34 ATTITUDE 0 0 -16
6.87 34 FBW_STATUS 0 0 117
6.91 34 RAD_OF_IR -14 -57 0.00116
7.23 34 GPS 3 50633027 356625929 1743 75192 48 128 327098001 12 0
7.23 34 SVINFO 4 18 13 4 30 17 100
7.23 34 ACTUATORS 1497,1500,0,1200,1402
7.23 34 IR_SENSORS -871 -13 1
7.23 34 NAVIGATION 1 1 -35 -2 26 4504.6 2788.9
7.23 34 WP_MOVED 3 506366. 3566262. 0.
7.23 34 GYRO_RATES 35 -35 -4 -0.305433 -0.305433 -0.034907
7.29 34 ESTIMATOR 751.919983 1.28 1.28 1.28 751.919983
7.29 34 GPS 3 50633029 356625945 1731 75187 10 112 327098249 12 0
7.29 34 SVINFO 5 32 13 4 27 22 304
7.29 34 NAVIGATION 1 1 -35 -2 26 4488.1 2778.6
7.29 34 ATTITUDE 1 0 -16
7.29 34 DOWNLINK_STATUS 7 2648 168 0 570. 36.
7.73 34 DESIRED 0. -0.01 14. 43. 800. 2.
7.73 34 GPS 3 50633023 356625961 1750 75190 30 100 327098501 12 0
7.73 34 SVINFO 6 3 13 4 25 6 223
7.73 34 NAVIGATION 1 1 -35 -2 26 4479.5 2762.4
7.73 34 WP_MOVED 0 506408. 3566304. 800.
7.73 34 PPRZ_MODE 0 3 3 0 0 1 0
7.83 34 ESTIMATOR 751.900024 1. 1. 1. 751.900024
7.83 34 COMMANDS 7,-29,-33,-1895
7.83 34 NAVIGATION 1 1 -35 -2 26 4479.5 2762.4
7.83 34 GPS 3 50633016 356625972 1754 75189 56 104 327098749 12 0
7.83 34 SVINFO 7 22 13 4 31 45 84
7.83 34 ATTITUDE 1 0 -16
7.83 34 DL_VALUE 3 0.
7.83 34 FBW_STATUS 0 0 117
7.86 34 RAD_OF_IR -10 11 0.00116
7.86 34 NAVIGATION_REF 506366 3566262 12
7.93 34 IR_SENSORS -869 -8 1
7.98 34 NAVIGATION 1 1 -35 -2 26 4476.5 2749.1
7.98 34 GPS 3 50633010 356625992 1778 75202 17 117 327099001 12 0
8.19 34 WP_MOVED 1 506292.5 3566296.25 800.
8.19 34 GYRO_RATES 35 -35 -3 -0.305433 -0.305433 -0.02618
8.28 34 DOWNLINK_STATUS 8 2970 189 0 322. 21.
8.43 34 ESTIMATOR 752.02002 1.17 1.17 1.17 752.02002
8.43 34 BAT 6 117 425 0 404 403 4
8.44 34 NAVIGATION 1 1 -35 -2 26 4464.5 2730.
8.44 34 ATTITUDE 2 0 -16
8.44 34 CALIBRATION 48.124 0.02 0.046 0
8.44 34 GPS 3 50633005 356626023 1668 75210 48 120 327099249 12 0
8.44 34 SVINFO 9 30 13 4 29 10 93
8.52 34 SERVO 9600 7917 6
8.52 34 DESIRED 0. -0.01 14. 43. 800. 2.
8.52 34 IR_DEBUG 615 628 615 628
8.52 34 NAVIGATION 1 1 -35 -1 26 4441.7 2703.8
8.52 34 GPS 3 50633007 356626058 1588 75227 31 123 327099501 12 0
8.52 34 WP_MOVED 2 506379.59375 3566304.75 800.
8.68 34 ESTIMATOR 752.27002 1.23 1.23 1.23 752.27002
8.79 34 COMMANDS 6,-29,-33,-1895
8.79 34 NAVIGATION 1 1 -35 -1 26 4408.6 2680.3
8.79 34 ATTITUDE 1 0 -15
8.79 34 DL_VALUE 4 0.
8.79 34 GPS 3 50633007 356626092 1501 75256 65 153 327099749 12 0
8.79 34 FBW_STATUS 0 0 117
8.79 34 RAD_OF_IR -11 -250 0.00117
8.89 34 IR_SENSORS -867 -10 1
8.89 34 NAVIGATION 1 1 -35 -1 26 4378.7 2656.2
9.01 34 WP_MOVED 3 506366. 3566262. 0.
9.01 34 GYRO_RATES 35 -35 -3 -0.305433 -0.305433 -0.02618
9.01 34 GPS 3 50633007 356626127 1418 75285 73 124 327100001 12 0
9.18 34 ESTIMATOR 752.849976 1.24 1.24 1.24 752.849976
9.27 34 NAVIGATION 1 1 -35 0 26 4348.1 2631.6
9.27 34 ATTITUDE 2 0 -15
9.27 34 GPS 3 50633009 356626168 1328 75329 95 176 327100249 12 0
9.28 34 DOWNLINK_STATUS 9 3459 219 0 489. 30.
9.38 34 DESIRED 0. -0.01 14. 43. 800. 2.
9.38 34 NAVIGATION 1 1 -35 0 26 4310.6 2604.6
9.40 34 WP_MOVED 0 506408. 3566304. 800.
9.46 34 GPS 3 50633006 356626205 1245 75368 76 173 327100501 12 0
9.68 34 ESTIMATOR 753.679993 1.73 1.73 1.73 753.679993
9.79 34 COMMANDS 6,-29,-34,-1893
9.79 34 NAVIGATION 1 1 -35 0 26 4281.8 2577.
9.79 34 ATTITUDE 3 0 -16
9.79 34 DL_VALUE 5 426.
9.79 34 FBW_STATUS 0 0 117
9.79 34 RAD_OF_IR 1 -235 0.00118
9.79 34 GPS 3 50633004 356626231 1164 75406 58 127 327100749 12 0
9.79 34 IR_SENSORS -875 0 1
9.86 34 NAVIGATION 1 1 -35 0 26 4261.6 2557.8
9.92 34 WP_MOVED 1 506292.5 3566296.25 800.
9.94 34 GYRO_RATES 33 -34 -2 -0.287979 -0.296706 -0.017453
10.21 34 GPS 3 50632993 356626249 1215 75437 19 111 327101001 12 0
10.21 34 SVINFO 0 14 13 4 26 56 23
10.21 34 ESTIMATOR 754.369995 1.11 1.11 1.11 754.369995
10.21 34 BAT 6 117 427 0 406 405 4
10.28 34 DOWNLINK_STATUS 10 3787 239 0 328. 20.
10.30 34 NAVIGATION 1 1 -36 0 26 4257.2 2537.4
10.30 34 ATTITUDE 2 0 -16
10.30 34 CALIBRATION 47.645 0.02 0.046 0
10.30 34 SERVO 9600 8157 6
10.30 34 GPS 3 50632988 356626267 1160 75467 19 128 327101249 12 0
10.30 34 SVINFO 1 19 13 4 27 18 248
10.30 34 DESIRED 0. -0.01 14. 43. 800. 2.
10.31 34 NAVIGATION 1 1 -36 0 26 4247. 2521.5
10.36 34 WP_MOVED 2 506379.59375 3566304.75 800.
10.50 34 ESTIMATOR 754.669983 1.28 1.28 1.28 754.669983
10.53 34 GPS 3 50632984 356626276 1165 75490 18 128 327101501 12 0
10.54 34 SVINFO 2 31 13 6 33 54 167
10.70 34 COMMANDS 6,-29,-34,-1893
10.70 34 NAVIGATION 1 1 -36 0 26 4243.4 2512.5
10.70 34 ATTITUDE 2 0 -19
10.70 34 DL_VALUE 6 1.
10.79 34 FBW_STATUS 0 0 117
10.79 34 RAD_OF_IR -4 14 0.00118
10.79 34 GPS 3 50632977 356626287 1089 75509 16 136 327101749 12 0
10.79 34 SVINFO 3 11 13 4 25 24 307
10.79 34 IR_SENSORS -896 -4 1
10.79 34 NAVIGATION 1 1 -36 0 26 4241.2 2499.9
10.88 34 WP_MOVED 3 506366. 3566262. 0.
10.88 34 GYRO_RATES 35 -35 -3 -0.305433 -0.305433 -0.02618
10.96 34 ESTIMATOR 755.090027 1.36 1.36 1.36 755.090027
11.21 34 GPS 3 50632966 356626294 1019 75524 14 133 327102001 12 0
11.21 34 SVINFO 4 18 13 4 30 17 100
11.21 34 NAVIGATION 1 1 -36 0 26 4246.3 2487.1
11.21 34 ATTITUDE 1 0 -19
11.28 34 DOWNLINK_STATUS 11 4233 268 0 446. 29.
11.31 34 DESIRED 0. -0.01 14. 43. 800. 2.
11.31 34 GPS 3 50632958 356626305 973 75530 31 120 327102249 12 0
11.31 34 SVINFO 5 32 13 4 27 22 304
11.31 34 NAVIGATION 1 1 -36 1 26 4245.1 2473.8
11.31 34 WP_MOVED 0 506408. 3566304. 800.
11.39 34 ESTIMATOR 755.299988 1.2 1.2 1.2 755.299988
11.72 34 GPS 3 50632955 356626318 936 75553 47 149 327102501 12 0
11.72 34 COMMANDS 6,-29,-33,-1893
11.72 34 NAVIGATION 1 1 -36 1 26 4237.2 2463.
11.72 34 ATTITUDE 0 0 -18
11.72 34 DL_VALUE 7 0.
11.72 34 FBW_STATUS 0 0 117
11.72 34 RAD_OF_IR -9 -104 0.00119
11.81 34 ACTUATORS 1497,1500,0,1200,1402
11.81 34 IR_SENSORS -894 -16 1
11.81 34 NAVIGATION 1 1 -36 1 26 4237.2 2463.
11.81 34 GPS 3 50632977 356626365 194 75607 105 225 327102749 12 0
11.81 34 SVINFO 7 22 13 4 32 45 84
11.81 34 WP_MOVED 1 506292.5 3566296.25 800.
11.81 34 GYRO_RATES 39 -32 -3 -0.340339 -0.279253 -0.02618
12.02 34 ESTIMATOR 756.070007 2.25 2.25 2.25 756.070007
12.02 34 BAT 6 117 429 0 408 407 4
12.02 34 NAVIGATION 1 1 -36 1 26 4176.4 2448.6
12.02 34 ATTITUDE 1 0 -20
12.02 34 CALIBRATION 46.239 0.02 0.046 0
12.02 34 GPS 3 50632983 356626394 202 75647 83 225 327103001 12 0
12.18 34 SERVO 9600 8268 6
12.28 34 DOWNLINK_STATUS 12 4660 295 0 427. 27.
12.30 34 DESIRED 0. -0.01 14. 43. 800. 2.
12.30 34 IR_DEBUG 628 651 628 651
12.30 34 NAVIGATION 1 1 -36 1 26 4146.6 2434.2
12.30 34 GPS 3 50632988 356626418 205 75698 87 217 327103249 12 0
12.30 34 SVINFO 9 30 13 4 29 10 93
12.30 34 WP_MOVED 2 506379.59375 3566304.75 800.
12.36 34 ESTIMATOR 756.97998 2.17 2.17 2.17 756.97998
12.49 34 COMMANDS 6,-28,-33,-1893
12.53 34 NAVIGATION 1 1 -36 2 26 4122.1 2422.5
12.53 34 ATTITUDE 0 0 -19
12.53 34 DL_VALUE 8 -2.
12.53 34 GPS 3 50632986 356626433 214 75728 61 189 327103501 12 0
12.53 34 FBW_STATUS 0 0 117
12.53 34 RAD_OF_IR -17 25 0.00119
12.68 34 IR_SENSORS -896 -9 1
12.82 34 NAVIGATION 1 1 -36 2 26 4111.9 2411.5
12.82 34 WP_MOVED 3 506366. 3566262. 0.
12.82 34 GYRO_RATES 33 -34 -4 -0.287979 -0.296706 -0.034907
12.82 34 GPS 3 50632981 356626436 203 75747 42 114 327103749 12 0
12.82 34 ESTIMATOR 757.469971 1.14 1.14 1.14 757.469971
12.92 34 NAVIGATION 1 1 -36 2 26 4114.4 2405.8
12.92 34 ATTITUDE 2 0 -20
12.96 34 GPS 3 50632970 356626436 195 75764 27 121 327104001 12 0
13.18 34 DESIRED 0. -0.01 14. 43. 800. 2.
13.29 34 NAVIGATION 1 1 -36 2 26 4125.4 2397.6
13.29 34 WP_MOVED 0 506408. 3566304. 800.
13.29 34 GPS 3 50632960 356626441 188 75775 36 111 327104249 12 0
13.29 34 ESTIMATOR 757.75 1.11 1.11 1.11 757.75
13.30 34 DOWNLINK_STATUS 13 5145 323 0 485. 28.
13.37 34 COMMANDS 6,-29,-34,-1893
13.37 34 NAVIGATION 1 1 -36 2 26 4131.4 2387.
13.37 34 ATTITUDE 4 0 -20
13.37 34 DL_VALUE 9 -69.199997
13.45 34 FBW_STATUS 0 0 117
13.49 34 RAD_OF_IR -5 -20 0.00119
13.49 34 GPS 3 50632952 356626445 187 75794 72 154 327104501 12 0
13.69 34 IR_SENSORS -951 0 1
13.69 34 NAVIGATION 1 1 -36 2 26 4136.1 2378.5
13.92 34 WP_MOVED 1 506292.5 3566296.25 800.
13.92 34 GYRO_RATES 0 3 -2 -0. 0.02618 -0.017453
13.92 34 GPS 3 50632953 356626447 225 75818 24 337 327104749 12 0
13.92 34 ESTIMATOR 758.179993 3.37 3.37 3.37 758.179993
13.92 34 BAT 6 117 431 0 410 409 4
13.97 34 NAVIGATION 1 1 -36 2 26 4133.5 2378.
13.97 34 ATTITUDE 14 0 -24
13.98 34 CALIBRATION 44.128 0.02 0.046 0
13.98 34 SERVO 9600 756 6
13.99 34 GPS 3 50632964 356626446 204 75847 63 426 327105001 12 0
13.99 34 SVINFO 0 14 13 4 29 56 23
14.20 34 DESIRED 0. -0.01 14. 43. 800. 2.
14.20 34 IR_DEBUG 738 591 738 591
14.20 34 NAVIGATION 1 1 -36 2 26 4123.3 2386.8
14.30 34 DOWNLINK_STATUS 14 5495 346 0 350. 23.
14.33 34 WP_MOVED 2 506379.59375 3566304.75 800.
14.33 34 ESTIMATOR 758.469971 4.26 4.26 4.26 758.469971
14.33 34 GPS 3 50632950 356626421 176 75852 29 402 327105249 12 0
14.33 34 SVINFO 1 19 13 4 27 18 248
14.33 34 COMMANDS 6,-31,-34,-1895
14.33 34 NAVIGATION 1 1 -36 2 26 4157.6 2392.4
14.33 34 ATTITUDE 23 0 -25
14.37 34 FBW_STATUS 0 0 117
14.37 34 RAD_OF_IR 160 -80 0.00112
14.70 34 GPS 3 50632947 356626392 101 75878 21 404 327105501 12 0
14.74 34 SVINFO 2 31 13 5 34 54 167
14.74 34 IR_SENSORS -933 165 1
14.74 34 NAVIGATION 1 1 -36 1 26 4184.2 2408.8
14.80 34 WP_MOVED 3 506366. 3566262. 0.
14.80 34 GYRO_RATES 36 -37 -12 -0.314159 -0.322886 -0.10472
14.80 34 ESTIMATOR 758.780029 4.04 4.04 4.04 758.780029
14.80 34 GPS 3 50632941 356626364 9 75901 57 390 327105749 12 0
14.80 34 SVINFO 3 11 13 4 29 24 307
14.80 34 NAVIGATION 1 1 -36 1 26 4213.2 2422.5
15.30 34 DOWNLINK_STATUS 15 5796 365 0 301. 19.
16.30 34 DOWNLINK_STATUS 16 5796 365 0 0. 0.
16.83 34 ACTUATORS 1497,1500,0,1200,1402
16.83 34 IR_SENSORS -918 149 1
16.83 34 NAVIGATION 1 1 -36 1 26 4199.8 2487.1
16.83 34 WP_MOVED 3 506366. 3566262. 0.
16.83 34 GYRO_RATES 36 -33 -1 -0.314159 -0.287979 -0.008727
16.83 34 GPS 3 50632984 356626322 245 75932 60 174 327107501 12 0
16.83 34 SVINFO 10 12 4 4 28 3 61
16.92 34 NAVIGATION 1 1 -36 1 26 4205. 2482.
16.92 34 ATTITUDE 22 0 -23
16.92 34 GPS 3 50632975 356626325 241 75937 67 152 327107749 12 0
16.92 34 DESIRED 0. -0.01 14. 43. 800. 2.
16.92 34 NAVIGATION 1 1 -36 1 26 4211.4 2473.3
16.97 34 WP_MOVED 0 506408. 3566304. 800.
16.97 34 PPRZ_MODE 0 3 3 0 0 1 0
16.98 34 GPS 3 50632972 356626335 240 75941 78 89 327108001 12 0
17.00 34 ESTIMATOR 759.409973 0.89 0.89 0.89 759.409973
17.30 34 COMMANDS 6,-28,-33,-1895
17.30 34 NAVIGATION 1 1 -36 1 26 4206.1 2464.5
17.30 34 ATTITUDE 20 0 -24
17.30 34 DL_VALUE 13 517.
17.30 34 DOWNLINK_STATUS 17 6121 385 0 325. 20.
17.51 34 FBW_STATUS 0 0 117
17.51 34 RAD_OF_IR 126 -2 0.00094
17.51 34 GPS 3 50632965 356626341 246 75934 96 92 327108249 12 0
17.51 34 IR_SENSORS -928 122 1
17.51 34 NAVIGATION 1 1 -36 1 26 4208.1 2455.3
17.60 34 WP_MOVED 1 506292.5 3566296.25 800.
17.60 34 GYRO_RATES 33 -29 0 -0.287979 -0.253073 0.
17.60 34 GPS 3 50632955 356626337 286 75920 28 73 327108501 12 0
17.60 34 ESTIMATOR 759.200012 0.73 0.73 0.73 759.200012
17.60 34 BAT 7 117 435 0 414 413 4
17.61 34 NAVIGATION 1 1 -36 1 26 4221.4 2450.5
17.61 34 ATTITUDE 20 0 -23
17.61 34 CALIBRATION 41.086 0.02 0.046 0
17.78 34 SERVO 9600 1141 6
17.90 34 GPS 3 50632953 356626328 340 75900 41 38 327108749 12 0
17.90 34 DESIRED 0. -0.01 14. 43. 800. 2.
17.90 34 IR_DEBUG 748 561 748 561
17.90 34 NAVIGATION 1 1 -36 1 26 4230.9 2454.9
17.90 34 WP_MOVED 2 506379.59375 3566304.75 800.
18.00 34 GPS 3 50632952 356626327 405 75888 18 57 327109001 12 0
18.00 34 SVINFO 0 14 13 4 25 56 23
18.00 34 ESTIMATOR 758.880005 0.57 0.57 0.57 758.880005
18.07 34 COMMANDS 7,-29,-33,-1895
18.07 34 NAVIGATION 1 1 -36 1 26 4232.7 2454.9
18.07 34 ATTITUDE 19 0 -23
18.07 34 DL_VALUE 14 482.
18.08 34 FBW_STATUS 0 0 117
18.28 34 RAD_OF_IR 125 184 0.001
18.30 34 DOWNLINK_STATUS 18 6550 413 0 429. 28.
18.40 34 GPS 3 50632941 356626327 471 75868 23 86 327109249 12 0
18.40 34 IR_SENSORS -918 134 1
18.40 34 NAVIGATION 1 1 -36 1 26 4243.8 2446.7
18.40 34 WP_MOVED 3 506366. 3566262. 0.
18.40 34 GYRO_RATES 36 -38 -10 -0.314159 -0.331613 -0.087266
18.46 34 ESTIMATOR 758.679993 0.86 0.86 0.86 758.679993
18.51 34 GPS 3 50632935 356626334 474 75859 46 84 327109501 12 0
18.51 34 SVINFO 2 31 13 6 33 54 167
18.51 34 NAVIGATION 1 1 -36 1 26 4244. 2437.7
18.51 34 ATTITUDE 21 0 -22
18.94 34 DESIRED 0. -0.01 14. 43. 800. 2.
18.94 34 GPS 3 50632937 356626328 502 75835 36 55 327109749 12 0
18.94 34 SVINFO 3 11 13 4 30 24 307
18.94 34 NAVIGATION 1 1 -36 1 26 4247. 2443.1
18.94 34 WP_MOVED 0 506408. 3566304. 800.
18.96 34 ESTIMATOR 758.349976 0.55 0.55 0.55 758.349976
19.09 34 GPS 3 50632925 356626326 539 75803 10 21 327110001 12 0
19.09 34 SVINFO 4 18 13 6 35 17 100
19.09 34 COMMANDS 6,-29,-34,-1893
19.09 34 NAVIGATION 1 1 -36 1 26 4260.7 2435.6
19.10 34 ATTITUDE 23 0 -22
19.10 34 DL_VALUE 15 455.
19.10 34 FBW_STATUS 0 0 117
19.10 34 RAD_OF_IR 156 104 0.00103
19.30 34 DOWNLINK_STATUS 19 6937 437 0 387. 24.
19.42 34 IR_SENSORS -916 160 1
19.43 34 NAVIGATION 1 1 -36 1 26 4260.7 2435.6
19.43 34 GPS 3 50632912 356626322 599 75781 48 72 327110249 12 0
19.43 34 WP_MOVED 1 506292.5 3566296.25 800.
19.43 34 GYRO_RATES 36 -46 -18 -0.314159 -0.401426 -0.15708
19.51 34 ESTIMATOR 757.809998 0.72 0.72 0.72 757.809998
19.51 34 BAT 6 117 437 0 416 415 4
19.51 34 NAVIGATION 1 1 -36 1 26 4277.1 2428.7
19.51 34 ATTITUDE 22 0 -25
19.51 34 CALIBRATION 41.032 0.02 0.046 0
19.51 34 GPS 3 50632906 356626318 656 75766 40 74 327110501 12 0
19.56 34 SERVO 9600 -9600 6
19.68 34 DESIRED 0. -0.01 14. 43. 800. 2.
19.68 34 IR_DEBUG 811 458 811 458
19.68 34 NAVIGATION 1 1 -36 1 26 4286.5 2427.
19.91 34 GPS 3 50632902 356626309 698 75752 52 38 327110749 12 0
19.91 34 SVINFO 7 22 13 4 31 45 84
19.91 34 WP_MOVED 2 506379.59375 3566304.75 800.
20.00 34 ESTIMATOR 757.52002 0.38 0.38 0.38 757.52002
20.00 34 COMMANDS 6,-29,-33,-1893
20.00 34 NAVIGATION 1 1 -36 1 26 4298.1 2430.
20.00 34 ATTITUDE 38 0 -12
20.00 34 DL_VALUE 16 7500.
20.00 34 GPS 3 50632903 356626307 740 75754 20 41 327111001 12 0
20.00 34 FBW_STATUS 0 0 117
20.00 34 RAD_OF_IR 232 118 0.00104
20.07 34 IR_SENSORS -784 178 1
20.30 34 DOWNLINK_STATUS 20 7359 464 0 422. 27.
20.45 34 NAVIGATION 1 1 -36 1 26 4298.7 2432.
20.45 34 WP_MOVED 3 506366. 3566262. 0.
20.45 34 GYRO_RATES 89 -32 -53 -0.776672 -0.279253 -0.462512
20.45 34 GPS 3 50632906 356626315 714 75762 38 44 327111249 12 0
20.45 34 SVINFO 9 30 13 4 30 10 93
20.45 34 ESTIMATOR 757.619995 0.44 0.44 0.44 757.619995
20.47 34 NAVIGATION 1 1 -36 1 26 4289. 2428.9
20.47 34 ATTITUDE -12 0 -5
20.48 34 GPS 3 50632907 356626318 722 75769 13 33 327111501 12 0
20.57 34 DESIRED 0. -0.01 14. 43. 800. 2.
20.59 34 NAVIGATION 1 1 -36 1 26 4285.5 2427.7
20.66 34 WP_MOVED 0 506408. 3566304. 800.
20.70 34 GPS 3 50632899 356626331 680 75779 31 59 327111749 12 0
20.90 34 ESTIMATOR 757.789978 0.59 0.59 0.59 757.789978
20.98 34 COMMANDS 6,-29,-33,-1893
20.98 34 NAVIGATION 1 1 -37 1 26 4282.8 2413.3
20.98 34 ATTITUDE -22 0 21
20.98 34 DL_VALUE 17 11250.
20.98 34 FBW_STATUS 0 0 117
20.99 34 GPS 3 50632895 356626341 652 75787 36 17 327112001 12 0
20.99 34 RAD_OF_IR -157 -79 0.00102
21.07 34 ACTUATORS 1497,1500,0,1200,1402
21.07 34 IR_SENSORS -445 -116 1
21.07 34 NAVIGATION 1 1 -37 1 26 4278.6 2403.8
21.21 34 WP_MOVED 1 506292.5 3566296.25 800.
21.21 34 GYRO_RATES 57 -27 -22 -0.497419 -0.235619 -0.191986
21.21 34 GPS 3 50632890 356626337 722 75778 25 -106 327112249 12 0
21.30 34 DOWNLINK_STATUS 21 7819 491 0 460. 27.
21.40 34 ESTIMATOR 757.780029 -1.06 -1.06 -1.06 757.780029
21.40 34 BAT 6 117 439 0 418 417 4
21.47 34 NAVIGATION 1 1 -37 1 26 4286.9 2402.8
21.48 34 ATTITUDE -21 0 38
21.48 34 CALIBRATION 41.692 0.02 0.046 0
21.48 34 SERVO -3054 9600 6
21.59 34 GPS 3 50632885 356626327 802 75766 44 -121 327112501 12 0
21.59 34 DESIRED 0. -0.01 14. 43. 800. 2.
21.59 34 IR_DEBUG 155 558 155 558
21.59 34 NAVIGATION 1 1 -37 1 26 4300.3 2405.7
21.60 34 WP_MOVED 2 506379.59375 3566304.75 800.
21.60 34 PPRZ_MODE 0 3 3 0 0 1 0
22.02 34 ESTIMATOR 757.659973 -1.21 -1.21 -1.21 757.659973
22.02 34 GPS 3 50632868 356626309 896 75760 87 -108 327112749 12 0
22.02 34 COMMANDS 6,-28,-31,-1891
22.02 34 NAVIGATION 1 1 -37 1 26 4332.6 2405.3
22.02 34 ATTITUDE -58 0 27
22.02 34 DL_VALUE 18 12000.
22.09 34 FBW_STATUS 0 0 117
22.09 34 RAD_OF_IR -446 270 0.00075
22.09 34 GPS 3 50632833 356626296 989 75745 81 -49 327113001 12 0
22.09 34 SVINFO 0 14 13 4 30 56 23
22.09 34 IR_SENSORS -567 -426 1
22.09 34 NAVIGATION 1 1 -37 0 26 4379.2 2388.7
22.10 34 WP_MOVED 3 506366. 3566262. 0.
22.10 34 GYRO_RATES 50 -13 -24 -0.436332 -0.113446 -0.20944
22.20 34 ESTIMATOR 757.450012 -0.49 -0.49 -0.49 757.450012
22.20 34 GPS 3 50632830 356626255 1066 75752 66 44 327113249 12 0
22.27 34 NAVIGATION 1 1 -37 0 26 4416.8 2414.
22.27 34 ATTITUDE -58 0 22
22.30 34 DOWNLINK_STATUS 22 8290 521 0 471. 30.
22.61 34 GPS 3 50632817 356626240 1139 75763 67 35 327113501 12 0
22.61 34 SVINFO 2 31 13 4 24 54 167
22.61 34 DESIRED 0. -0.01 14. 43. 800. 2.
22.61 34 NAVIGATION 1 1 -37 0 26 4442.8 2414.8
22.80 34 WP_MOVED 0 506408. 3566304. 800.
22.80 34 ESTIMATOR 757.630005 0.35 0.35 0.35 757.630005
22.80 34 GPS 0 50632806 356626228 1208 75772 67 35 327113749 12 0
22.80 34 COMMANDS 6,-29,-34,-1893
22.80 34 NAVIGATION 1 1 -37 0 26 4442.8 2414.8
22.80 34 ATTITUDE -60 0 17
22.80 34 DL_VALUE 19 0.
23.11 34 FBW_STATUS 0 0 117
23.11 34 RAD_OF_IR -445 206 0.00075
23.11 34 IR_SENSORS -630 -431 1
23.11 34 GPS 0 50632794 356626215 1272 75781 67 35 327114001 12 0
23.11 34 NAVIGATION 1 1 -37 0 26 4442.8 2414.8
23.19 34 WP_MOVED 1 506292.5 3566296.25 800.
23.19 34 GYRO_RATES 40 -21 -3 -0.349066 -0.18326 -0.02618
23.19 34 ESTIMATOR 757.630005 0.35 0.35 0.35 757.630005
23.19 34 BAT 6 117 441 0 420 419 4
23.30 34 NAVIGATION 1 1 -37 0 26 4442.8 2414.8
23.30 34 GPS 0 50632783 356626203 1332 75790 67 35 327114249 12 0
23.30 34 SVINFO 5 32 13 4 31 22 304
23.30 34 ATTITUDE -58 0 21
23.30 34 CALIBRATION 42.278 0.02 0.046 0
23.30 34 SERVO -4692 9600 6
23.30 34 DOWNLINK_STATUS 23 8704 547 0 414. 26.
23.62 34 DESIRED 0. -0.01 14. 43. 800. 2.
23.62 34 IR_DEBUG 96 734 96 734
23.62 34 NAVIGATION 1 1 -37 0 26 4442.8 2414.8
23.62 34 GPS 0 50632771 356626191 1389 75798 67 35 327114501 12 0
23.62 34 WP_MOVED 2 506379.59375 3566304.75 800.
23.67 34 ESTIMATOR 757.630005 0.35 0.35 0.35 757.630005
23.80 34 COMMANDS 6,-29,-33,-1893
23.80 34 NAVIGATION 1 1 -37 0 26 4442.8 2414.8
23.80 34 ATTITUDE -56 0 25
23.80 34 DL_VALUE 20 20000.
23.80 34 GPS 0 50632760 356626179 1442 75807 67 35 327114749 12 0
23.80 34 SVINFO 7 22 13 4 30 45 84
23.80 34 FBW_STATUS 0 0 117
23.80 34 RAD_OF_IR -426 206 0.00075
23.89 34 IR_SENSORS -554 -422 1
23.89 34 NAVIGATION 1 1 -37 0 26 4442.8 2414.8
24.31 34 DOWNLINK_STATUS 24 8944 563 0 240. 16.
25.30 34 DOWNLINK_STATUS 25 8944 563 0 0. 0.
26.30 34 DOWNLINK_STATUS 26 8944 563 0 0. 0.
27.30 34 DOWNLINK_STATUS 27 8944 563 0 0. 0.
28.30 34 DOWNLINK_STATUS 28 8944 563 0 0. 0.
29.30 34 DOWNLINK_STATUS 29 8944 563 0 0. 0.
30.30 34 DOWNLINK_STATUS 30 8944 563 0 0. 0.
31.30 34 DOWNLINK_STATUS 31 8944 563 0 0. 0.
32.30 34 DOWNLINK_STATUS 32 8944 563 0 0. 0.
33.30 34 DOWNLINK_STATUS 33 8944 563 0 0. 0.
34.30 34 DOWNLINK_STATUS 34 8944 563 0 0. 0.
35.30 34 DOWNLINK_STATUS 35 8944 563 0 0. 0.
36.31 34 DOWNLINK_STATUS 36 8944 563 0 0. 0.
37.30 34 DOWNLINK_STATUS 37 8944 563 0 0. 0.
38.30 34 DOWNLINK_STATUS 38 8944 563 0 0. 0.
39.31 34 DOWNLINK_STATUS 39 8944 563 0 0. 0.
40.31 34 DOWNLINK_STATUS 40 8944 563 0 0. 0.
41.31 34 DOWNLINK_STATUS 41 8944 563 0 0. 0.
42.31 34 DOWNLINK_STATUS 42 8944 563 0 0. 0.
43.31 34 DOWNLINK_STATUS 43 8944 563 0 0. 0.
44.31 34 DOWNLINK_STATUS 44 8944 563 0 0. 0.
45.31 34 DOWNLINK_STATUS 45 8944 563 0 0. 0.
46.31 34 DOWNLINK_STATUS 46 8944 563 0 0. 0.
47.31 34 DOWNLINK_STATUS 47 8944 563 0 0. 0.
48.31 34 DOWNLINK_STATUS 48 8944 563 0 0. 0.
49.31 34 DOWNLINK_STATUS 49 8944 563 0 0. 0.
49.67 34 BOOT 1
49.67 34 PPRZ_MODE 2 0 0 0 0 1 0
49.67 34 GPS 0 50632950 356626473 0 75718 0 0 327139195 12 0
49.67 34 FBW_STATUS 0 0 0
49.67 34 RAD_OF_IR 7 0 0.00211
49.67 34 ACTUATORS 1497,1500,0,1200,1402
49.67 34 IR_SENSORS -911 7 1
49.67 34 NAVIGATION 0 1 0 0 26 0. 6571.9
49.67 34 WP_MOVED 1 506292.5 3566296.25 800.
49.85 34 ATTITUDE 4 0 -61
49.85 34 PPRZ_MODE 2 0 3 0 0 5 0
49.85 34 FBW_STATUS 0 1 117
49.85 34 RAD_OF_IR 7 0 0.00211
49.85 34 PPRZ_MODE 0 0 3 0 0 17 0
49.85 34 IR_SENSORS -907 6 1
49.95 34 NAVIGATION 0 1 0 0 26 0. 6571.9
49.95 34 WP_MOVED 1 506292.5 3566296.25 800.
49.95 34 GYRO_RATES -197 -162 -136 1.719149 -1.413717 -1.186824
49.95 34 ESTIMATOR 0. 0. 0. 0. 0.
49.95 34 BAT 7 117 0 0 2 0 0
50.15 34 GPS 0 50632950 356626473 0 75718 0 0 327140999 12 0
50.15 34 NAVIGATION 0 1 0 0 26 0. 6571.9
50.15 34 ATTITUDE 4 0 -61
50.15 34 CALIBRATION 0. 0.02 0.046 0
50.31 34 DOWNLINK_STATUS 50 9259 587 0 315. 24.
50.34 34 SERVO 9600 -9600 7
50.34 34 DESIRED 0. 0. 0. 0. 770. 0.
50.34 34 IR_DEBUG 656 646 656 646
50.34 34 NAVIGATION 0 1 0 0 26 0. 6571.9
50.34 34 GPS 0 50632950 356626473 0 75718 0 0 327141251 12 0
50.34 34 WP_MOVED 2 506379.59375 3566304.75 800.
50.41 34 ESTIMATOR 0. 0. 0. 0. 0.
50.65 34 COMMANDS 6,-26,-36,-1893
50.65 34 NAVIGATION 0 1 0 0 26 0. 6571.9
50.66 34 ATTITUDE 4 0 -61
50.66 34 DL_VALUE 2 0.
50.66 34 GPS 0 50632950 356626473 0 75718 0 0 327141499 12 0
50.66 34 FBW_STATUS 0 0 117
50.85 34 RAD_OF_IR 7 0 0.00211
50.85 34 IR_SENSORS -905 7 1
50.85 34 NAVIGATION 0 1 0 0 26 0. 6571.9
50.85 34 GPS 0 50632950 356626473 0 75718 0 0 327141751 12 0
50.85 34 WP_MOVED 3 506366. 3566262. 0.
50.85 34 GYRO_RATES -197 -162 -135 1.719149 -1.413717 -1.178097
50.85 34 ESTIMATOR 0. 0. 0. 0. 0.
50.91 34 NAVIGATION 0 1 0 0 26 0. 6571.9
50.91 34 ATTITUDE 4 0 -59
51.13 34 GPS 0 50632950 356626473 0 75718 0 0 327141999 12 0
51.15 34 DESIRED 0. 0. 0. 0. 770. 0.
51.15 34 NAVIGATION 0 1 0 0 26 0. 6571.9
51.24 34 WP_MOVED 0 506408. 3566304. 800.
51.24 34 GPS 0 50632950 356626473 0 75718 0 0 327142251 12 0
51.31 34 DOWNLINK_STATUS 51 9720 614 0 461. 27.
51.34 34 ESTIMATOR 0. 0. 0. 0. 0.
51.43 34 COMMANDS 6,-28,-36,-1893
51.45 34 NAVIGATION 0 1 0 0 26 0. 6571.9
51.45 34 ATTITUDE 4 0 -61
51.45 34 DL_VALUE 3 0.
51.64 34 GPS 0 50632950 356626473 0 75718 0 0 327142499 12 0
51.64 34 FBW_STATUS 0 0 117
51.64 34 RAD_OF_IR 7 0 0.00211
51.64 34 IR_SENSORS -911 7 1
51.64 34 NAVIGATION 0 1 0 0 26 0. 6571.9
51.85 34 WP_MOVED 1 506292.5 3566296.25 800.
51.85 34 GYRO_RATES -197 -162 -135 1.719149 -1.413717 -1.178097
51.85 34 GPS 0 50632950 356626473 0 75718 0 0 327142751 12 0
51.95 34 ESTIMATOR 0. 0. 0. 0. 0.
51.95 34 BAT 6 117 0 0 4 0 0
51.95 34 NAVIGATION 0 1 0 0 26 0. 6571.9
51.95 34 ATTITUDE 4 0 -61
51.95 34 CALIBRATION 0. 0.02 0.046 0
51.95 34 SERVO 9600 -9600 6
52.13 34 GPS 0 50632950 356626473 0 75718 0 0 327142999 12 0
52.22 34 DESIRED 0. 0. 0. 0. 770. 0.
52.22 34 IR_DEBUG 656 646 656 646
52.22 34 NAVIGATION 0 1 0 0 26 0. 6571.9
52.22 34 WP_MOVED 2 506379.59375 3566304.75 800.
52.25 34 GPS 0 50632950 356626473 0 75718 0 0 327143251 12 0
52.25 34 ESTIMATOR 0. 0. 0. 0. 0.
52.31 34 DOWNLINK_STATUS 52 10146 640 0 426. 26.
52.35 34 COMMANDS 6,-26,-34,-1891
52.35 34 NAVIGATION 0 1 0 0 26 0. 6571.9
52.35 34 ATTITUDE 4 0 -61
52.35 34 DL_VALUE 4 0.
52.41 34 FBW_STATUS 0 0 117
52.41 34 RAD_OF_IR 7 0 0.00211
52.64 34 GPS 0 50632950 356626473 0 75718 0 0 327143499 12 0
52.64 34 ACTUATORS 1497,1500,0,1200,1402
52.64 34 IR_SENSORS -910 7 1
52.72 34 NAVIGATION 0 1 0 0 26 0. 6571.9
52.72 34 WP_MOVED 3 506366. 3566262. 0.
52.72 34 GYRO_RATES -198 -162 -135 1.727876 -1.413717 -1.178097
52.74 34 ESTIMATOR 0. 0. 0. 0. 0.
52.74 34 GPS 0 50632950 356626473 0 75718 0 0 327143751 12 0
52.80 34 NAVIGATION 0 1 0 0 26 0. 6571.9
52.80 34 ATTITUDE 4 0 -61
53.15 34 GPS 0 50632950 356626473 0 75718 0 0 327143999 12 0
53.15 34 DESIRED 0. 0. 0. 0. 770. 0.
53.15 34 NAVIGATION 0 1 0 0 26 0. 6571.9
53.23 34 WP_MOVED 0 506408. 3566304. 800.
53.23 34 PPRZ_MODE 0 0 3 0 0 1 0
53.23 34 ESTIMATOR 0. 0. 0. 0. 0.
53.23 34 GPS 0 50632950 356626473 0 75718 0 0 327144251 12 0
53.31 34 DOWNLINK_STATUS 53 10525 663 0 379. 23.
53.31 34 COMMANDS 6,-26,-34,-1891
53.31 34 NAVIGATION 0 1 0 0 26 0. 6571.9
53.31 34 ATTITUDE 4 0 -61
53.31 34 DL_VALUE 5 0.
53.31 34 FBW_STATUS 0 0 117
53.33 34 RAD_OF_IR 7 0 0.00211
53.45 34 IR_SENSORS -910 7 1
53.64 34 GPS 0 50632950 356626473 0 75718 0 0 327144499 12 0
53.64 34 NAVIGATION 0 1 0 0 26 0. 6571.9
53.77 34 WP_MOVED 1 506292.5 3566296.25 800.
53.77 34 GYRO_RATES -198 -163 -136 1.727876 -1.422443 -1.186824
53.77 34 ESTIMATOR 0. 0. 0. 0. 0.
53.77 34 BAT 6 117 0 0 6 0 0
53.77 34 GPS 0 50632950 356626473 0 75718 0 0 327144751 12 0
53.77 34 NAVIGATION 0 1 0 0 26 0. 6571.9
53.81 34 ATTITUDE 4 0 -61
53.81 34 CALIBRATION 0. 0.02 0.046 0
53.81 34 SERVO 9600 -9600 7
54.16 34 DESIRED 0. 0. 0. 0. 770. 0.
54.16 34 IR_DEBUG 656 645 656 645
54.16 34 NAVIGATION 0 1 0 0 26 0. 6571.9
54.16 34 GPS 0 50632950 356626473 0 75718 0 0 327144999 12 0
54.16 34 WP_MOVED 2 506379.59375 3566304.75 800.
54.20 34 ESTIMATOR 0. 0. 0. 0. 0.
54.31 34 DOWNLINK_STATUS 54 10902 687 0 377. 24.
54.33 34 COMMANDS 6,-26,-36,-1893
54.33 34 NAVIGATION 0 1 0 0 26 0. 6571.9
54.33 34 ATTITUDE 4 0 -61
54.33 34 DL_VALUE 6 0.
54.33 34 GPS 0 50632950 356626473 0 75718 0 0 327145251 12 0
54.33 34 FBW_STATUS 0 0 117
54.33 34 RAD_OF_IR 7 0 0.00211
54.44 34 IR_SENSORS -911 7 1
54.44 34 NAVIGATION 0 1 0 0 26 0. 6571.9
54.65 34 GPS 0 50632950 356626473 0 75718 0 0 327145499 12 0
54.65 34 WP_MOVED 3 506366. 3566262. 0.
54.65 34 GYRO_RATES -198 -163 -135 1.727876 -1.422443 -1.178097
54.73 34 ESTIMATOR 0. 0. 0. 0. 0.
54.73 34 NAVIGATION 0 1 0 0 26 0. 6571.9
54.73 34 ATTITUDE 4 0 -61
54.73 34 GPS 0 50632950 356626473 0 75718 0 0 327145751 12 0
54.92 34 DESIRED 0. 0. 0. 0. 770. 0.
54.92 34 NAVIGATION 0 1 0 0 26 0. 6571.9
54.94 34 WP_MOVED 0 506408. 3566304. 800.
55.14 34 GPS 0 50632950 356626473 0 75718 0 0 327145999 12 0
55.22 34 ESTIMATOR 0. 0. 0. 0. 0.
55.22 34 COMMANDS 7,-26,-34,-1895
55.22 34 NAVIGATION 0 1 0 0 26 0. 6571.9
55.22 34 ATTITUDE 4 0 -61
55.22 34 DL_VALUE 7 0.
55.24 34 GPS 0 50632950 356626473 0 75718 0 0 327146251 12 0
55.24 34 FBW_STATUS 0 0 117
55.24 34 RAD_OF_IR 7 0 0.00211
55.30 34 IR_SENSORS -911 7 1
55.31 34 DOWNLINK_STATUS 55 11353 716 0 451. 29.
55.41 34 NAVIGATION 0 1 0 0 26 0. 6571.9
55.66 34 WP_MOVED 1 506292.5 3566296.25 800.
55.66 34 GYRO_RATES -198 -163 -136 1.727876 -1.422443 -1.186824
55.66 34 GPS 0 50632950 356626473 0 75718 0 0 327146499 12 0
55.66 34 ESTIMATOR 0. 0. 0. 0. 0.
55.66 34 BAT 6 117 0 0 8 0 0
55.71 34 NAVIGATION 0 1 0 0 26 0. 6571.9
55.71 34 ATTITUDE 4 0 -61
55.71 34 CALIBRATION 0. 0.02 0.046 0
55.72 34 GPS 0 50632950 356626473 0 75718 0 0 327146751 12 0
55.72 34 SERVO 9600 -9600 6
55.85 34 DESIRED 0. 0. 0. 0. 770. 0.
55.85 34 IR_DEBUG 656 645 656 645
55.85 34 NAVIGATION 0 1 0 0 26 0. 6571.9
55.91 34 WP_MOVED 2 506379.59375 3566304.75 800.
56.14 34 GPS 0 50632950 356626473 0 75718 0 0 327146999 12 0
56.14 34 ESTIMATOR 0. 0. 0. 0. 0.
56.24 34 COMMANDS 7,-28,-36,-1895
56.24 34 NAVIGATION 0 1 0 0 26 0. 6571.9
56.24 34 ATTITUDE 4 0 -61
56.24 34 DL_VALUE 8 -2.
56.24 34 FBW_STATUS 0 0 117
56.24 34 RAD_OF_IR 7 0 0.00211
56.24 34 GPS 0 50632950 356626473 0 75718 0 0 327147251 12 0
56.29 34 IR_SENSORS -910 7 1
56.31 34 NAVIGATION 0 1 0 0 26 0. 6571.9
56.31 34 DOWNLINK_STATUS 56 11775 742 0 422. 26.
56.42 34 WP_MOVED 3 506366. 3566262. 0.
56.42 34 GYRO_RATES -198 -163 -136 1.727876 -1.422443 -1.186824
56.65 34 ESTIMATOR 0. 0. 0. 0. 0.
56.65 34 GPS 0 50632950 356626473 0 75718 0 0 327147499 12 0
56.65 34 NAVIGATION 0 1 0 0 26 0. 6571.9
56.65 34 ATTITUDE 4 0 -61
56.74 34 GPS 0 50632950 356626473 0 75718 0 0 327147751 12 0
56.75 34 DESIRED 0. 0. 0. 0. 770. 0.
56.82 34 NAVIGATION 0 1 0 0 26 0. 6571.9
56.82 34 WP_MOVED 0 506408. 3566304. 800.
57.14 34 ESTIMATOR 0. 0. 0. 0. 0.
57.14 34 GPS 0 50632950 356626473 0 75718 0 0 327147999 12 0
57.23 34 COMMANDS 7,-26,-34,-1893
57.23 34 NAVIGATION 0 1 0 0 26 0. 6571.9
57.23 34 ATTITUDE 4 0 -61
57.23 34 DL_VALUE 9 -69.199997
57.23 34 FBW_STATUS 0 0 117
57.23 34 RAD_OF_IR 7 0 0.00211
57.23 34 NAVIGATION_REF 506366 3566262 12
57.31 34 DOWNLINK_STATUS 57 12090 761 0 315. 19.
57.32 34 ACTUATORS 1497,1500,0,1200,1402
57.32 34 IR_SENSORS -910 7 1
57.32 34 GPS 0 50632950 356626473 0 75718 0 0 327148251 12 0
57.32 34 NAVIGATION 0 1 0 0 26 0. 6571.9
57.33 34 WP_MOVED 1 506292.5 3566296.25 800.
57.33 34 GYRO_RATES -197 -162 -136 1.719149 -1.413717 -1.186824
57.41 34 ESTIMATOR 0. 0. 0. 0. 0.
57.41 34 BAT 6 117 0 0 10 0 0
57.65 34 GPS 0 50632950 356626473 0 75718 0 0 327148499 12 0
57.65 34 NAVIGATION 0 1 0 0 26 0. 6571.9
57.65 34 ATTITUDE 4 0 -61
57.65 34 CALIBRATION 0. 0.02 0.046 0
57.84 34 SERVO 9600 -9600 6
57.85 34 DESIRED 0. 0. 0. 0. 770. 0.
57.85 34 IR_DEBUG 656 645 656 645
57.85 34 GPS 0 50632950 356626473 0 75718 0 0 327148751 12 0
57.85 34 NAVIGATION 0 1 0 0 26 0. 6571.9
57.85 34 WP_MOVED 2 506379.59375 3566304.75 800.
57.85 34 PPRZ_MODE 0 0 3 0 0 17 0
57.90 34 ESTIMATOR 0. 0. 0. 0. 0.
58.15 34 COMMANDS 6,-26,-36,-1893
58.15 34 NAVIGATION 0 1 0 0 26 0. 6571.9
58.15 34 ATTITUDE 4 0 -61
58.15 34 DL_VALUE 10 0.
58.15 34 GPS 0 50632950 356626473 0 75718 0 0 327148999 12 0
58.15 34 FBW_STATUS 0 0 117
58.31 34 DOWNLINK_STATUS 58 12506 787 0 416. 26.
58.34 34 RAD_OF_IR 7 0 0.00211
58.34 34 IR_SENSORS -910 7 1
58.34 34 NAVIGATION 0 1 0 0 26 0. 6571.9
58.34 34 GPS 0 50632950 356626473 0 75718 0 0 327149251 12 0
58.34 34 WP_MOVED 3 506366. 3566262. 0.
58.34 34 GYRO_RATES -197 -162 -136 1.719149 -1.413717 -1.186824
58.34 34 ESTIMATOR 0. 0. 0. 0. 0.
58.46 34 NAVIGATION 0 1 0 0 26 0. 6571.9
58.46 34 ATTITUDE 4 0 -61
58.46 34 GPS 0 50632950 356626473 0 75718 0 0 327149499 12 0
58.73 34 DESIRED 0. 0. 0. 0. 770. 0.
58.82 34 NAVIGATION 0 1 0 0 26 0. 6571.9
58.82 34 WP_MOVED 0 506408. 3566304. 800.
58.82 34 GPS 0 50632950 356626473 0 75718 0 0 327149751 12 0
58.82 34 ESTIMATOR 0. 0. 0. 0. 0.
58.92 34 COMMANDS 6,-26,-34,-1893
58.92 34 NAVIGATION 0 1 0 0 26 0. 6571.9
58.92 34 ATTITUDE 4 0 -61
58.92 34 DL_VALUE 11 1.
59.01 34 GPS 0 50632950 356626473 0 75718 0 0 327149999 12 0
59.01 34 FBW_STATUS 0 0 117
59.01 34 RAD_OF_IR 7 0 0.00211
59.14 34 IR_SENSORS -909 7 1
59.14 34 NAVIGATION 0 1 0 0 26 0. 6571.9
59.23 34 WP_MOVED 1 506292.5 3566296.25 800.
59.23 34 GYRO_RATES -198 -162 -135 1.727876 -1.413717 -1.178097
59.23 34 GPS 0 50632950 356626473 0 75718 0 0 327150251 12 0
59.31 34 ESTIMATOR 0. 0. 0. 0. 0.
59.31 34 BAT 6 117 0 0 12 0 0
59.31 34 DOWNLINK_STATUS 59 12997 816 0 491. 29.
59.42 34 NAVIGATION 0 1 0 0 26 0. 6571.9
59.42 34 ATTITUDE 4 0 -61
59.43 34 CALIBRATION 0. 0.02 0.046 0
59.45 34 SERVO 9600 -9600 7
59.63 34 GPS 0 50632950 356626473 0 75718 0 0 327150499 12 0
59.72 34 DESIRED 0. 0. 0. 0. 770. 0.
59.72 34 IR_DEBUG 656 645 656 645
59.72 34 NAVIGATION 0 1 0 0 26 0. 6571.9
59.72 34 WP_MOVED 2 506379.59375 3566304.75 800.
59.74 34 GPS 0 50632950 356626473 0 75718 0 0 327150751 12 0
59.74 34 ESTIMATOR 0. 0. 0. 0. 0.
59.85 34 COMMANDS 6,-26,-36,-1893
59.85 34 NAVIGATION 0 1 0 0 26 0. 6571.9
59.85 34 ATTITUDE 4 0 -61
59.85 34 DL_VALUE 12 0.
60.02 34 FBW_STATUS 0 0 117
60.02 34 RAD_OF_IR 7 0 0.00211
60.05 34 GPS 0 50632950 356626473 0 75718 0 0 327150999 12 0
60.05 34 IR_SENSORS -910 7 1
60.05 34 NAVIGATION 0 1 0 0 26 0. 6571.9
60.12 34 WP_MOVED 3 506366. 3566262. 0.
60.12 34 GYRO_RATES -198 -162 -135 1.727876 -1.413717 -1.178097
60.24 34 ESTIMATOR 0. 0. 0. 0. 0.
60.24 34 GPS 0 50632950 356626473 0 75718 0 0 327151251 12 0
60.30 34 NAVIGATION 0 1 0 0 26 0. 6571.9
60.30 34 ATTITUDE 4 0 -61
60.31 34 DOWNLINK_STATUS 60 13413 842 0 416. 26.
60.65 34 GPS 0 50632950 356626473 0 75718 0 0 327151499 12 0
60.65 34 DESIRED 0. 0. 0. 0. 770. 0.
60.65 34 NAVIGATION 0 1 0 0 26 0. 6571.9
60.72 34 WP_MOVED 0 506408. 3566304. 800.
60.72 34 ESTIMATOR 0. 0. 0. 0. 0.
60.72 34 GPS 0 50632950 356626473 0 75718 0 0 327151751 12 0
60.81 34 COMMANDS 6,-28,-34,-1891
60.81 34 NAVIGATION 0 1 0 0 26 0. 6571.9
60.81 34 ATTITUDE 4 0 -61
60.81 34 DL_VALUE 13 517.
60.82 34 FBW_STATUS 0 0 117
60.83 34 RAD_OF_IR 7 0 0.00211
61.15 34 GPS 0 50632950 356626473 0 75718 0 0 327151999 12 0
61.16 34 IR_SENSORS -910 7 1
61.16 34 NAVIGATION 0 1 0 0 26 0. 6571.9
61.31 34 DOWNLINK_STATUS 61 13660 857 0 247. 15.
61.35 34 WP_MOVED 1 506292.5 3566296.25 800.
61.35 34 GYRO_RATES -198 -163 -136 1.727876 -1.422443 -1.186824
61.35 34 ESTIMATOR 0. 0. 0. 0. 0.
61.35 34 BAT 7 117 0 0 14 0 0
61.35 34 GPS 0 50632950 356626473 0 75718 0 0 327152251 12 0
61.35 34 NAVIGATION 0 1 0 0 26 0. 6571.9
61.35 34 ATTITUDE 4 0 -61
61.35 34 CALIBRATION 0. 0.02 0.046 0
61.35 34 SERVO 9600 -9600 6
61.66 34 DESIRED 0. 0. 0. 0. 770. 0.
61.70 34 IR_DEBUG 656 645 656 645
61.70 34 NAVIGATION 0 1 0 0 26 0. 6571.9
61.70 34 GPS 0 50632950 356626473 0 75718 0 0 327152499 12 0
61.70 34 WP_MOVED 2 506379.59375 3566304.75 800.
62.07 34 ESTIMATOR 0. 0. 0. 0. 0.
62.07 34 COMMANDS 7,-28,-34,-1891
62.07 34 NAVIGATION 0 1 0 0 26 0. 6571.9
62.07 34 ATTITUDE 4 0 -61
62.07 34 DL_VALUE 14 482.
62.07 34 GPS 0 50632950 356626473 0 75718 0 0 327152751 12 0
62.07 34 FBW_STATUS 0 0 117
62.07 34 RAD_OF_IR 7 0 0.00211
62.15 34 IR_SENSORS -910 7 1
62.15 34 NAVIGATION 0 1 0 0 26 0. 6571.9
62.15 34 GPS 0 50632950 356626473 0 75718 0 0 327152999 12 0
62.15 34 WP_MOVED 3 506366. 3566262. 0.
62.15 34 GYRO_RATES -198 -163 -136 1.727876 -1.422443 -1.186824
62.22 34 NAVIGATION 0 1 0 0 26 0. 6571.9
62.22 34 ATTITUDE 4 0 -61
62.22 34 GPS 0 50632950 356626473 0 75718 0 0 327153252 12 0
62.31 34 DOWNLINK_STATUS 62 14152 887 0 492. 30.
62.54 34 DESIRED 0. 0. 0. 0. 770. 0.
62.54 34 NAVIGATION 0 1 0 0 26 0. 6571.9
62.62 34 WP_MOVED 0 506408. 3566304. 800.
62.62 34 PPRZ_MODE 0 0 3 0 0 17 0
62.62 34 GPS 0 50632950 356626473 0 75718 0 0 327153500 12 0
62.62 34 ESTIMATOR 0. 0. 0. 0. 0.
62.71 34 COMMANDS 6,-28,-36,-1893
62.71 34 NAVIGATION 0 1 0 0 26 0. 6571.9
62.71 34 ATTITUDE 4 0 -61
62.71 34 DL_VALUE 15 455.
62.74 34 GPS 0 50632950 356626473 0 75718 0 0 327153748 12 0
62.74 34 FBW_STATUS 0 0 117
62.74 34 RAD_OF_IR 7 0 0.00211
62.80 34 IR_SENSORS -910 7 1
63.02 34 NAVIGATION 0 1 0 0 26 0. 6571.9
63.14 34 WP_MOVED 1 506292.5 3566296.25 800.
63.14 34 GYRO_RATES -198 -163 -136 1.727876 -1.422443 -1.186824
63.14 34 GPS 0 50632950 356626473 0 75718 0 0 327154000 12 0
63.14 34 ESTIMATOR 0. 0. 0. 0. 0.
63.14 34 BAT 7 117 0 0 16 1 0
63.15 34 NAVIGATION 0 1 0 0 26 0. 6571.9
63.15 34 ATTITUDE 4 0 -61
63.15 34 CALIBRATION 0. 0.02 0.046 0
63.23 34 SERVO 9600 -9600 6
63.23 34 GPS 0 50632950 356626473 0 75718 0 0 327154248 12 0
63.31 34 DOWNLINK_STATUS 63 14555 912 0 403. 25.
63.34 34 DESIRED 0. 0. 0. 0. 770. 0.
63.34 34 IR_DEBUG 656 645 656 645
63.34 34 NAVIGATION 0 1 0 0 26 0. 6571.9
63.52 34 WP_MOVED 2 506379.59375 3566304.75 800.
63.64 34 GPS 0 50632950 356626473 0 75718 0 0 327154500 12 0
63.64 34 ESTIMATOR 0. 0. 0. 0. 0.
63.64 34 COMMANDS 6,-26,-36,-1893
63.64 34 NAVIGATION 0 1 0 0 26 0. 6571.9
63.64 34 ATTITUDE 4 0 -61
63.64 34 DL_VALUE 16 7500.
63.64 34 FBW_STATUS 0 0 117
