9.64 3 DOWNLINK_STATUS 3694 29281 1804 0 206. 13.
9.90 3 NAVIGATION 0 1 0 0 286 0. 140.5
9.94 3 WP_MOVED 3 497546.40625 3565495.5 770.
9.94 3 GPS 0 0 0 0 0 0 0 94500 0 0
9.95 3 DOWNLINK_STATUS 9 621 37 0 203. 12.
10.00 3 DESIRED 0. 0. 0. 0. 761. 0.
10.10 3 NAVIGATION 0 1 0 0 286 0. 140.5
10.10 3 ATTITUDE 2 0 4
10.53 3 COMMANDS 34,15,-104,-625
10.53 3 NAVIGATION 0 1 0 0 286 0. 140.5
10.53 3 WP_MOVED 4 497575. 3565498. 0.
10.53 3 RAD_OF_IR 16 0 0.00211
10.53 3 GPS 0 0 0 0 0 0 0 95000 0 0
10.53 3 IR_SENSORS -685 16 1
10.61 3 COMMANDS 54,-7,-97,-625
10.61 3 NAVIGATION 0 1 0 0 286 0. 140.5
10.61 3 ATTITUDE 2 0 4
10.61 3 GYRO_RATES 46 80 -17 -0.401426 0.698132 0.148353
10.62 3 GPS 0 0 0 0 0 0 0 94748 0 0
10.64 3 DOWNLINK_STATUS 3695 29427 1814 0 146. 10.
10.92 3 CALIBRATION 0. 0.02 0.5 0
10.92 3 NAVIGATION 0 1 0 0 286 0. 140.5
10.92 3 WP_MOVED 0 497617. 3565540. 770.
10.92 3 SERVO -9600 7268 85
10.95 3 DOWNLINK_STATUS 10 756 45 0 135. 8.
11.04 3 GPS 0 0 0 0 0 0 0 95500 0 0
11.04 3 DESIRED 0. 0. 0. 0. 761. 0.
11.04 3 IR_DEBUG 501 478 501 478
11.04 3 NAVIGATION 0 1 0 0 286 0. 140.5
11.04 3 ATTITUDE 2 0 4
11.11 3 ESTIMATOR 0. 0. 0. 0. 0.
11.33 3 GPS 0 0 0 0 0 0 0 95748 0 0
11.33 3 DL_VALUE 16 470.
11.34 3 ESTIMATOR 0. 0. 0. 0. 0.
11.34 3 BAT 90 119 0 0 100 0 0
11.53 3 COMMANDS 0,0,-252,-738
11.56 3 NAVIGATION 0 1 0 0 286 0. 140.5
11.56 3 ATTITUDE 2 0 4
11.56 3 GYRO_RATES 46 80 -17 -0.401426 0.698132 0.148353
11.59 3 FBW_STATUS 0 0 119
11.61 3 ESTIMATOR 0. 0. 0. 0. 0.
11.64 3 DOWNLINK_STATUS 3696 29463 1816 0 36. 2.
11.84 3 GPS 0 0 0 0 0 0 0 96248 0 0
11.84 3 NAVIGATION 0 1 0 0 286 0. 140.5
11.96 3 DOWNLINK_STATUS 11 985 59 0 229. 14.
12.03 3 WP_MOVED 2 497622.6875 3565498.5 770.
12.03 3 DESIRED 0. 0. 0. 0. 761. 0.
12.03 3 GPS 0 0 0 0 0 0 0 96500 0 0
12.03 3 NAVIGATION 0 1 0 0 286 0. 140.5
12.03 3 ATTITUDE 2 0 4
12.10 3 ESTIMATOR 0. 0. 0. 0. 0.
12.12 3 DL_VALUE 17 405.
12.35 3 GPS 0 0 0 0 0 0 0 96748 0 0
12.35 3 NAVIGATION 0 1 0 0 286 0. 140.5
12.56 3 COMMANDS 88,-51,4,-638
12.56 3 NAVIGATION 0 1 0 0 286 0. 140.5
12.56 3 GPS 0 0 0 0 0 0 0 97000 0 0
12.56 3 ATTITUDE 2 0 4
12.56 3 GYRO_RATES 46 80 -17 -0.401426 0.698132 0.148353
12.56 3 FBW_STATUS 0 0 119
12.56 3 ESTIMATOR 0. 0. 0. 0. 0.
12.60 3 CALIBRATION 0. 0.02 0.5 0
12.64 3 DOWNLINK_STATUS 3697 29634 1826 0 171. 10.
12.85 3 NAVIGATION 0 1 0 0 286 0. 140.5
12.85 3 GPS 0 0 0 0 0 0 0 97248 0 0
12.85 3 WP_MOVED 4 497575. 3565498. 0.
12.86 3 SERVO -9600 7316 126
12.89 3 WP_MOVED 3 497546.40625 3565495.5 770.
12.93 3 NAVIGATION 0 1 0 0 286 0. 140.5
12.93 3 ATTITUDE 2 0 4
12.93 3 GPS 0 0 0 0 0 0 0 97500 0 0
12.96 3 DOWNLINK_STATUS 12 1221 72 0 236. 13.
13.00 3 ESTIMATOR 0. 0. 0. 0. 0.
13.11 3 DL_VALUE 18 473.
13.11 3 NAVIGATION 0 1 0 0 286 0. 140.5
13.34 3 GPS 0 0 0 0 0 0 0 97748 0 0
13.34 3 WP_MOVED 0 497617. 3565540. 770.
13.34 3 RAD_OF_IR 15 0 0.00211
13.54 3 IR_SENSORS -684 15 1
13.54 3 COMMANDS 99,57,-37,-680
13.54 3 NAVIGATION 0 1 0 0 286 0. 140.5
13.54 3 ATTITUDE 2 0 4
13.54 3 GYRO_RATES 46 80 -17 -0.401426 0.698132 0.148353
13.54 3 GPS 0 0 0 0 0 0 0 98000 0 0
13.54 3 FBW_STATUS 0 0 119
13.61 3 NAVIGATION 0 1 0 0 286 0. 140.5
13.64 3 DOWNLINK_STATUS 3698 29817 1838 0 183. 12.
13.83 3 WP_MOVED 1 497586.6875 3565500. 770.
13.83 3 GPS 0 0 0 0 0 0 0 98248 0 0
13.92 3 DESIRED 0. 0. 0. 0. 761. 0.
13.95 3 NAVIGATION 0 1 0 0 286 0. 140.5
13.95 3 ATTITUDE 2 0 4
13.95 3 PPRZ_MODE 0 0 3 0 0 17 0
13.96 3 DOWNLINK_STATUS 13 1320 78 0 99. 6.
14.01 3 GPS 0 0 0 0 0 0 0 98500 0 0
14.01 3 ESTIMATOR 0. 0. 0. 0. 0.
14.01 3 DL_VALUE 19 0.
14.10 3 NAVIGATION 0 1 0 0 286 0. 140.5
14.12 3 WP_MOVED 2 497622.6875 3565498.5 770.
14.12 3 RAD_OF_IR 15 0 0.00211
14.33 3 GPS 0 0 0 0 0 0 0 98748 0 0
14.33 3 IR_SENSORS -686 15 1
14.41 3 COMMANDS 80,89,18,-616
14.41 3 NAVIGATION 0 1 0 0 286 0. 140.5
14.41 3 ATTITUDE 2 0 4
14.41 3 GYRO_RATES 46 80 -17 -0.401426 0.698132 0.148353
14.52 3 FBW_STATUS 0 0 119
14.52 3 ESTIMATOR 0. 0. 0. 0. 0.
14.52 3 BAT 34 119 0 0 104 0 0
14.52 3 GPS 0 0 0 0 0 0 0 99000 0 0
14.53 3 CALIBRATION 0. 0.02 0.5 0
14.53 3 NAVIGATION 0 1 0 0 286 0. 140.5
14.60 3 WP_MOVED 3 497546.40625 3565495.5 770.
14.60 3 SERVO -9600 7363 53
14.65 3 DOWNLINK_STATUS 3699 30101 1856 0 284. 18.
14.84 3 GPS 0 0 0 0 0 0 0 99248 0 0
14.84 3 DESIRED 0. 0. 0. 0. 761. 0.
14.84 3 IR_DEBUG 500 479 500 479
14.94 3 NAVIGATION 0 1 0 0 286 0. 140.5
14.97 3 ATTITUDE 2 0 4
14.97 3 ESTIMATOR 0. 0. 0. 0. 0.
14.97 3 GPS 0 0 0 0 0 0 0 99500 0 0
14.97 3 DL_VALUE 20 0.75
14.97 3 DOWNLINK_STATUS 14 1536 91 0 216. 13.
15.00 3 NAVIGATION 0 1 0 0 286 0. 140.5
15.10 3 WP_MOVED 4 497575. 3565498. 0.
15.10 3 RAD_OF_IR 15 0 0.00211
15.13 3 IR_SENSORS -685 14 1
15.64 3 DOWNLINK_STATUS 3700 30164 1859 0 63. 3.
15.96 3 DOWNLINK_STATUS 15 1587 95 0 51. 4.
16.64 3 DOWNLINK_STATUS 3701 30164 1859 0 0. 0.
16.96 3 DOWNLINK_STATUS 16 1587 95 0 0. 0.
17.64 3 DOWNLINK_STATUS 3702 30164 1859 0 0. 0.
17.96 3 DOWNLINK_STATUS 17 1587 95 0 0. 0.
18.64 3 DOWNLINK_STATUS 3703 30164 1859 0 0. 0.
18.97 3 DOWNLINK_STATUS 18 1587 95 0 0. 0.
19.65 3 DOWNLINK_STATUS 3704 30164 1859 0 0. 0.
19.78 3 DESIRED 0. 0. 0. 0. 761. 0.
19.78 3 GPS 0 0 0 0 0 0 0 104000 0 0
19.78 3 NAVIGATION 0 1 0 0 286 0. 140.5
19.78 3 ATTITUDE 2 0 4
19.78 3 ESTIMATOR 0. 0. 0. 0. 0.
19.78 3 DL_VALUE 25 20000.
19.83 3 NAVIGATION 0 1 0 0 286 0. 140.5
19.83 3 WP_MOVED 4 497575. 3565498. 0.
19.83 3 RAD_OF_IR 14 0 0.00211
19.96 3 DOWNLINK_STATUS 19 1587 95 0 0. 0.
20.06 3 COMMANDS 70,-146,-39,-633
20.06 3 NAVIGATION 0 1 0 0 286 0. 140.5
20.06 3 GPS 0 0 0 0 0 0 0 104500 0 0
20.06 3 ATTITUDE 2 0 4
20.06 3 GYRO_RATES 46 80 -17 -0.401426 0.698132 0.148353
20.06 3 FBW_STATUS 0 0 119
20.06 3 ESTIMATOR 0. 0. 0. 0. 0.
20.23 3 CALIBRATION 0. 0.02 0.5 0
20.33 3 NAVIGATION 0 1 0 0 286 0. 140.5
20.33 3 GPS 0 0 0 0 0 0 0 104748 0 0
20.33 3 WP_MOVED 0 497617. 3565540. 770.
20.33 3 SERVO -9600 7363 51
20.34 3 DESIRED 0. 0. 0. 0. 761. 0.
20.34 3 IR_DEBUG 500 479 500 479
20.51 3 ESTIMATOR 0. 0. 0. 0. 0.
20.65 3 DOWNLINK_STATUS 3705 30337 1869 0 173. 10.
20.74 3 DL_VALUE 26 0.75
20.74 3 NAVIGATION 0 1 0 0 286 0. 140.5
20.83 3 GPS 0 0 0 0 0 0 0 105248 0 0
20.83 3 WP_MOVED 1 497586.6875 3565500. 770.
20.83 3 RAD_OF_IR 14 0 0.00211
20.83 3 IR_SENSORS -686 14 1
20.96 3 COMMANDS 141,132,-52,-803
20.96 3 DOWNLINK_STATUS 20 1817 109 0 230. 14.
21.00 3 NAVIGATION 0 1 0 0 286 0. 140.5
21.00 3 ATTITUDE 2 0 4
21.00 3 GYRO_RATES 46 80 -17 -0.401426 0.698132 0.148353
21.00 3 GPS 0 0 0 0 0 0 0 105500 0 0
21.00 3 FBW_STATUS 0 0 119
21.01 3 ESTIMATOR 0. 0. 0. 0. 0.
21.23 3 NAVIGATION 0 1 0 0 286 0. 140.5
21.33 3 WP_MOVED 2 497622.6875 3565498.5 770.
21.33 3 GPS 0 0 0 0 0 0 0 105748 0 0
21.33 3 DESIRED 0. 0. 0. 0. 761. 0.
21.52 3 GPS 0 0 0 0 0 0 0 106000 0 0
21.52 3 ESTIMATOR 0. 0. 0. 0. 0.
21.55 3 DL_VALUE 27 10000.
21.55 3 NAVIGATION 0 1 0 0 286 0. 140.5
21.65 3 DOWNLINK_STATUS 3706 30585 1885 0 248. 16.
21.96 3 DOWNLINK_STATUS 21 1925 114 0 108. 5.
22.66 3 DOWNLINK_STATUS 3707 30585 1885 0 0. 0.
22.96 3 DOWNLINK_STATUS 22 1925 114 0 0. 0.
23.48 3 GPS 0 0 0 0 0 0 0 107500 0 0
23.48 3 NAVIGATION 0 1 0 0 286 0. 140.5
23.48 3 WP_MOVED 1 497586.6875 3565500. 770.
23.55 3 GPS 0 0 0 0 0 0 0 107748 0 0
23.56 3 NAVIGATION 0 1 0 0 286 0. 140.5
23.56 3 ATTITUDE 2 0 4
23.56 3 PPRZ_MODE 0 0 3 0 0 1 0
23.56 3 ESTIMATOR 0. 0. 0. 0. 0.
23.56 3 DL_VALUE 29 0.3
23.57 3 NAVIGATION 0 1 0 0 286 0. 140.5
23.57 3 WP_MOVED 2 497622.6875 3565498.5 770.
23.57 3 RAD_OF_IR 14 0 0.00211
23.60 3 IR_SENSORS -685 14 1
23.66 3 DOWNLINK_STATUS 3708 30787 1898 0 202. 13.
23.77 3 COMMANDS 50,-18,-94,-583
23.77 3 NAVIGATION 0 1 0 0 286 0. 140.5
23.77 3 GPS 0 0 0 0 0 0 0 108248 0 0
23.77 3 ATTITUDE 2 0 4
23.77 3 GYRO_RATES 46 80 -17 -0.401426 0.698132 0.148353
23.77 3 FBW_STATUS 0 0 119
23.94 3 ESTIMATOR 0. 0. 0. 0. 0.
23.94 3 BAT 48 119 0 0 114 0 0
23.96 3 DOWNLINK_STATUS 23 1925 114 0 0. 0.
24.02 3 ATTITUDE 2 0 4
24.26 3 DESIRED 0. 0. 0. 0. 761. 0.
24.26 3 IR_DEBUG 500 480 500 480
24.26 3 NAVIGATION 0 1 0 0 286 0. 140.5
24.26 3 ATTITUDE 2 0 4
24.45 3 GPS 0 0 0 0 0 0 0 108748 0 0
24.45 3 ESTIMATOR 0. 0. 0. 0. 0.
24.54 3 DL_VALUE 30 0.36
24.54 3 NAVIGATION 0 1 0 0 286 0. 140.5
24.54 3 GPS 0 0 0 0 0 0 0 109000 0 0
24.54 3 WP_MOVED 4 497575. 3565498. 0.
24.54 3 RAD_OF_IR 14 0 0.00211
24.54 3 IR_SENSORS -686 14 1
24.66 3 DOWNLINK_STATUS 3709 31046 1914 0 259. 16.
24.76 3 COMMANDS 40,17,-96,-638
24.76 3 NAVIGATION 0 1 0 0 286 0. 140.5
24.76 3 ATTITUDE 2 0 4
24.76 3 GYRO_RATES 46 80 -17 -0.401426 0.698132 0.148353
24.76 3 GPS 0 0 0 0 0 0 0 109248 0 0
24.76 3 FBW_STATUS 0 0 119
24.76 3 ESTIMATOR 0. 0. 0. 0. 0.
24.94 3 NAVIGATION 0 1 0 0 286 0. 140.5
24.95 3 WP_MOVED 0 497617. 3565540. 770.
24.95 3 GPS 0 0 0 0 0 0 0 109500 0 0
24.97 3 DOWNLINK_STATUS 24 1995 119 0 70. 5.
25.02 3 DESIRED 0. 0. 0. 0. 761. 0.
25.12 3 NAVIGATION 0 1 0 0 286 0. 140.5
25.12 3 ATTITUDE 2 0 4
25.22 3 GPS 0 0 0 0 0 0 0 109748 0 0
25.22 3 ESTIMATOR 0. 0. 0. 0. 0.
25.24 3 DL_VALUE 31 0.01
25.66 3 DOWNLINK_STATUS 3710 31217 1924 0 171. 10.
25.88 3 WP_MOVED 2 497622.6875 3565498.5 770.
25.88 3 SERVO -9600 7316 42
25.88 3 GPS 0 0 0 0 0 0 0 110000 0 0
25.88 3 IR_SENSORS -686 14 1
25.88 3 COMMANDS 62,-160,-47,-628
25.88 3 NAVIGATION 0 1 0 0 286 0. 140.5
25.88 3 ATTITUDE 2 0 4
25.96 3 FBW_STATUS 0 0 119
25.97 3 DOWNLINK_STATUS 25 2103 125 0 108. 6.
26.00 3 ESTIMATOR 0. 0. 0. 0. 0.
26.00 3 BAT 141 119 0 0 116 0 0
26.00 3 GPS 0 0 0 0 0 0 0 110248 0 0
26.00 3 CALIBRATION 0. 0.02 0.5 0
26.04 3 WP_MOVED 2 497622.6875 3565498.5 770.
26.05 3 SERVO -9600 7316 42
26.05 3 GPS 0 0 0 0 0 0 0 110500 0 0
26.05 3 DESIRED 0. 0. 0. 0. 761. 0.
26.05 3 IR_DEBUG 501 479 501 479
26.05 3 NAVIGATION 0 1 0 0 286 0. 140.5
26.05 3 ATTITUDE 2 0 4
26.12 3 ESTIMATOR 0. 0. 0. 0. 0.
26.55 3 GPS 0 0 0 0 0 0 0 110748 0 0
26.56 3 DL_VALUE 32 0.02
26.56 3 NAVIGATION 0 1 0 0 286 0. 140.5
26.66 3 DOWNLINK_STATUS 3711 31447 1939 0 230. 15.
26.97 3 DOWNLINK_STATUS 26 2237 133 0 134. 8.
27.67 3 DOWNLINK_STATUS 3712 31447 1939 0 0. 0.
27.97 3 DOWNLINK_STATUS 27 2237 133 0 0. 0.
28.67 3 DOWNLINK_STATUS 3713 31447 1939 0 0. 0.
28.98 3 DOWNLINK_STATUS 28 2237 133 0 0. 0.
29.68 3 DOWNLINK_STATUS 3714 31447 1939 0 0. 0.
29.98 3 DOWNLINK_STATUS 29 2237 133 0 0. 0.
30.29 3 ESTIMATOR 0. 0. 0. 0. 0.
30.29 3 GPS 0 0 0 0 0 0 0 114500 0 0
30.29 3 DL_VALUE 36 0.44
30.29 3 NAVIGATION 0 1 0 0 286 0. 140.5
30.29 3 WP_MOVED 1 497586.6875 3565500. 770.
30.29 3 RAD_OF_IR 15 0 0.00211
30.29 3 IR_SENSORS -686 14 1
30.35 3 COMMANDS 36,9,-105,-706
30.35 3 NAVIGATION 0 1 0 0 286 0. 140.5
30.35 3 ATTITUDE 2 0 4
30.35 3 GYRO_RATES 46 80 -17 -0.401426 0.698132 0.148353
30.35 3 FBW_STATUS 0 0 119
30.35 3 ESTIMATOR 0. 0. 0. 0. 0.
30.46 3 GPS 0 0 0 0 0 0 0 115000 0 0
30.46 3 NAVIGATION 0 1 0 0 286 0. 140.5
30.51 3 WP_MOVED 2 497622.6875 3565498.5 770.
30.69 3 DOWNLINK_STATUS 3715 31507 1942 0 60. 3.
30.98 3 DOWNLINK_STATUS 30 2428 146 0 191. 13.
31.69 3 DOWNLINK_STATUS 3716 31507 1942 0 0. 0.
31.98 3 DOWNLINK_STATUS 31 2428 146 0 0. 0.
32.49 3 WP_MOVED 1 497586.6875 3565500. 770.
32.49 3 GPS 0 0 0 0 0 0 0 117000 0 0
32.49 3 WP_MOVED 0 497617. 3565540. 770.
32.49 3 RAD_OF_IR 14 0 0.00211
32.49 3 IR_SENSORS -686 15 1
32.49 3 COMMANDS 120,183,-48,-755
32.56 3 ATTITUDE 2 0 4
32.56 3 GYRO_RATES 46 80 -17 -0.401426 0.698132 0.148353
32.56 3 GPS 0 0 0 0 0 0 0 116748 0 0
32.57 3 FBW_STATUS 0 0 119
32.57 3 ESTIMATOR 0. 0. 0. 0. 0.
32.57 3 ACTUATORS 1499,1502,0,1204,1538
34.71 3 DOWNLINK_STATUS 3717 31688 1954 0 181. 12.
34.71 3 WP_MOVED 1 497586.6875 3565500. 770.
34.71 3 GPS 0 0 0 0 0 0 0 117000 0 0
34.71 3 DESIRED 0. 0. 0. 0. 761. 0.
34.71 3 NAVIGATION 0 1 0 0 286 0. 140.5
34.71 3 ATTITUDE 3 0 4
34.71 3 PPRZ_MODE 0 0 3 0 0 1 0
34.71 3 GPS 0 0 0 0 0 0 0 117248 0 0
34.71 3 ESTIMATOR 0. 0. 0. 0. 0.
34.71 3 DL_VALUE 39 0.
34.71 3 NAVIGATION 0 1 0 0 286 0. 140.5
34.71 3 WP_MOVED 2 497622.6875 3565498.5 770.
34.71 3 RAD_OF_IR 18 0 0.00211
34.71 3 GPS 0 0 0 0 0 0 0 117500 0 0
34.71 3 IR_SENSORS -683 18 1
34.71 3 COMMANDS 35,117,-6,-576
34.71 3 NAVIGATION 0 1 0 0 286 0. 140.5
34.71 3 ATTITUDE 3 0 4
34.71 3 GYRO_RATES 46 80 -17 -0.401426 0.698132 0.148353
34.71 3 FBW_STATUS 0 0 119
34.71 3 ESTIMATOR 0. 0. 0. 0. 0.
34.71 3 BAT 50 119 0 0 124 1 0
34.71 3 CALIBRATION 0. 0.02 0.5 0
34.71 3 NAVIGATION 0 1 0 0 286 0. 140.5
34.71 3 WP_MOVED 3 497546.40625 3565495.5 770.
34.71 3 SERVO -9600 7316 52
34.71 3 DESIRED 0. 0. 0. 0. 761. 0.
34.71 3 IR_DEBUG 500 478 500 478
34.71 3 GPS 0 0 0 0 0 0 0 118000 0 0
34.71 3 NAVIGATION 0 1 0 0 286 0. 140.5
34.71 3 ATTITUDE 2 0 4
34.71 3 ESTIMATOR 0. 0. 0. 0. 0.
34.71 3 DOWNLINK_STATUS 3718 32190 1985 0 502. 31.
34.71 3 GPS 0 0 0 0 0 0 0 118248 0 0
34.71 3 DL_VALUE 40 0.5
34.71 3 NAVIGATION 0 1 0 0 286 0. 140.5
34.71 3 WP_MOVED 4 497575. 3565498. 0.
34.71 3 RAD_OF_IR 15 0 0.00211
34.71 3 NAVIGATION_REF 497575 3565498 12
34.71 3 IR_SENSORS -683 16 1
34.72 3 GPS 0 0 0 0 0 0 0 118500 0 0
34.72 3 COMMANDS 36,-14,-96,-509
34.72 3 NAVIGATION 0 1 0 0 286 0. 140.5
34.72 3 ATTITUDE 2 0 4
34.72 3 GYRO_RATES 46 79 -17 -0.401426 0.689405 0.148353
34.72 3 FBW_STATUS 0 0 119
34.72 3 GPS 0 0 0 0 0 0 0 118748 0 0
34.72 3 NAVIGATION 0 1 0 0 286 0. 140.5
34.72 3 WP_MOVED 0 497617. 3565540. 770.
34.72 3 DESIRED 0. 0. 0. 0. 761. 0.
34.72 3 GPS 0 0 0 0 0 0 0 119000 0 0
34.72 3 NAVIGATION 0 1 0 0 286 0. 140.5
34.72 3 ATTITUDE 2 0 4
34.72 3 ESTIMATOR 0. 0. 0. 0. 0.
34.72 3 DOWNLINK_STATUS 3719 32536 2006 0 346. 21.
34.72 3 DOWNLINK_STATUS 33 2428 146 0 0. 0.
34.87 3 DL_VALUE 41 1.
34.91 3 GPS 0 0 0 0 0 0 0 119248 0 0
34.91 3 NAVIGATION 0 1 0 0 286 0. 140.5
34.91 3 WP_MOVED 1 497586.6875 3565500. 770.
34.91 3 RAD_OF_IR 16 0 0.00211
35.04 3 IR_SENSORS -685 16 1
35.17 3 COMMANDS 14,-79,-230,-666
35.17 3 NAVIGATION 0 1 0 0 286 0. 140.5
35.17 3 GPS 0 0 0 0 0 0 0 119500 0 0
35.17 3 ATTITUDE 2 0 4
35.17 3 GYRO_RATES 46 80 -17 -0.401426 0.698132 0.148353
35.17 3 FBW_STATUS 0 0 119
35.17 3 ESTIMATOR 0. 0. 0. 0. 0.
35.24 3 CALIBRATION 0. 0.02 0.5 0
35.24 3 NAVIGATION 0 1 0 0 286 0. 140.5
35.24 3 GPS 0 0 0 0 0 0 0 119748 0 0
35.25 3 WP_MOVED 2 497622.6875 3565498.5 770.
35.25 3 SERVO -9600 7316 69
35.33 3 DESIRED 0. 0. 0. 0. 761. 0.
35.33 3 IR_DEBUG 500 478 500 478
35.56 3 NAVIGATION 0 1 0 0 286 0. 140.5
35.56 3 ATTITUDE 2 0 4
35.56 3 GPS 0 0 0 0 0 0 0 120000 0 0
35.63 3 ESTIMATOR 0. 0. 0. 0. 0.
35.63 3 DL_VALUE 42 0.
35.70 3 DOWNLINK_STATUS 3720 32933 2031 0 397. 25.
35.71 3 DOWNLINK_STATUS 34 2428 146 0 0. 0.
35.76 3 NAVIGATION 0 1 0 0 286 0. 140.5
35.79 3 GPS 0 0 0 0 0 0 0 120248 0 0
35.79 3 WP_MOVED 3 497546.40625 3565495.5 770.
35.79 3 RAD_OF_IR 16 0 0.00211
35.79 3 IR_SENSORS -683 16 1
36.39 3 ESTIMATOR 0. 0. 0. 0. 0.
36.39 3 NAVIGATION 0 1 0 0 286 0. 140.5
36.39 3 WP_MOVED 4 497575. 3565498. 0.
36.39 3 GPS 0 0 0 0 0 0 0 120748 0 0
36.39 3 DESIRED 0. 0. 0. 0. 761. 0.
36.43 3 NAVIGATION 0 1 0 0 286 0. 140.5
36.43 3 ATTITUDE 2 0 4
36.47 3 GPS 0 0 0 0 0 0 0 121000 0 0
36.47 3 ESTIMATOR 0. 0. 0. 0. 0.
36.55 3 DL_VALUE 0 761.
36.55 3 NAVIGATION 0 1 0 0 286 0. 140.5
36.63 3 WP_MOVED 0 497617. 3565540. 770.
36.63 3 RAD_OF_IR 17 0 0.00211
36.70 3 DOWNLINK_STATUS 3721 33244 2049 0 311. 18.
36.71 3 DOWNLINK_STATUS 35 2428 146 0 0. 0.
37.36 3 ACTUATORS 1494,1506,0,1202,1538
37.40 3 CALIBRATION 0. 0.02 0.5 0
37.40 3 NAVIGATION 0 1 0 0 286 0. 140.5
37.40 3 WP_MOVED 1 497586.6875 3565500. 770.
37.40 3 SERVO -9600 7268 35
37.46 3 DESIRED 0. 0. 0. 0. 761. 0.
37.46 3 IR_DEBUG 500 476 500 476
37.46 3 NAVIGATION 0 1 0 0 286 0. 140.5
37.46 3 ATTITUDE 3 0 4
37.46 3 PPRZ_MODE 0 0 3 0 0 1 0
37.46 3 ESTIMATOR 0. 0. 0. 0. 0.
37.55 3 DL_VALUE 1 1.
37.62 3 IR_SENSORS -681 18 1
37.70 3 DOWNLINK_STATUS 3722 33244 2049 0 0. 0.
37.72 3 DOWNLINK_STATUS 36 2605 159 0 177. 13.
37.84 3 FBW_STATUS 0 0 119
37.89 3 ESTIMATOR 0. 0. 0. 0. 0.
37.92 3 GPS 0 0 0 0 0 0 0 122500 0 0
37.94 3 NAVIGATION 0 1 0 0 286 0. 140.5
38.35 3 DESIRED 0. 0. 0. 0. 761. 0.
38.39 3 IR_DEBUG 500 476 500 476
38.39 3 NAVIGATION 0 1 0 0 286 0. 140.5
38.39 3 ATTITUDE 3 0 4
38.71 3 DOWNLINK_STATUS 3723 33306 2053 0 62. 4.
38.72 3 DOWNLINK_STATUS 37 2677 163 0 72. 4.
38.79 3 ATTITUDE 2 0 5
38.83 3 GYRO_RATES 46 80 -17 -0.401426 0.698132 0.148353
38.83 3 FBW_STATUS 0 0 119
38.83 3 ESTIMATOR 0. 0. 0. 0. 0.
38.83 3 ESTIMATOR 0. 0. 0. 0. 0.
39.71 3 DOWNLINK_STATUS 3724 33383 2058 0 77. 5.
39.72 3 DOWNLINK_STATUS 38 2677 163 0 0. 0.
40.72 3 DOWNLINK_STATUS 3725 33383 2058 0 0. 0.
40.73 3 DOWNLINK_STATUS 39 2677 163 0 0. 0.
41.73 3 DOWNLINK_STATUS 3726 33383 2058 0 0. 0.
41.74 3 DOWNLINK_STATUS 40 2677 163 0 0. 0.
42.27 3 ATTITUDE 2 0 4
42.32 3 PPRZ_MODE 0 0 3 0 0 1 0
42.37 3 ESTIMATOR 0. 0. 0. 0. 0.
42.42 3 DL_VALUE 6 0.
42.42 3 GPS 0 0 0 0 0 0 0 126748 0 0
42.42 3 NAVIGATION 0 1 0 0 286 0. 140.5
42.42 3 WP_MOVED 2 497622.6875 3565498.5 770.
42.42 3 RAD_OF_IR 13 0 0.00211
42.42 3 NAVIGATION_REF 497575 3565498 12
42.42 3 IR_SENSORS -684 12 1
42.57 3 COMMANDS 63,-29,-61,-645
42.58 3 NAVIGATION 0 1 0 0 286 0. 140.5
42.58 3 ATTITUDE 2 0 4
42.58 3 GYRO_RATES 46 80 -17 -0.401426 0.698132 0.148353
42.58 3 GPS 0 0 0 0 0 0 0 127000 0 0
42.58 3 FBW_STATUS 0 0 119
42.58 3 ESTIMATOR 0. 0. 0. 0. 0.
42.72 3 DOWNLINK_STATUS 3727 33612 2073 0 229. 15.
42.74 3 DOWNLINK_STATUS 41 2694 165 0 17. 2.
42.85 3 WP_MOVED 3 497546.40625 3565495.5 770.
42.89 3 SERVO -9600 7458 123
42.89 3 DESIRED 0. 0. 0. 0. 761. 0.
42.89 3 IR_DEBUG 498 479 498 479
42.96 3 NAVIGATION 0 1 0 0 286 0. 140.5
42.96 3 ATTITUDE 2 0 4
42.96 3 GPS 0 0 0 0 0 0 0 127500 0 0
43.03 3 ESTIMATOR 0. 0. 0. 0. 0.
43.06 3 DL_VALUE 7 0.
43.25 3 NAVIGATION 0 1 0 0 286 0. 140.5
43.30 3 GPS 0 0 0 0 0 0 0 127748 0 0
43.34 3 WP_MOVED 4 497575. 3565498. 0.
43.34 3 RAD_OF_IR 13 0 0.00211
43.34 3 IR_SENSORS -683 13 1
43.51 3 COMMANDS 80,30,-40,-660
43.51 3 NAVIGATION 0 1 0 0 286 0. 140.5
43.51 3 ATTITUDE 2 0 4
43.51 3 GYRO_RATES 46 79 -17 -0.401426 0.689405 0.148353
43.51 3 GPS 0 0 0 0 0 0 0 128000 0 0
43.51 3 FBW_STATUS 0 0 119
43.51 3 ESTIMATOR 0. 0. 0. 0. 0.
43.73 3 DOWNLINK_STATUS 3728 33942 2094 0 330. 21.
43.77 3 CALIBRATION 0. 0.02 0.5 0
43.80 3 NAVIGATION 0 1 0 0 286 0. 140.5
43.82 3 DOWNLINK_STATUS 42 2727 167 0 33. 2.
43.88 3 WP_MOVED 0 497617. 3565540. 770.
43.88 3 GPS 0 0 0 0 0 0 0 128248 0 0
43.88 3 DESIRED 0. 0. 0. 0. 761. 0.
43.88 3 NAVIGATION 0 1 0 0 286 0. 140.5
43.88 3 ATTITUDE 2 0 4
43.96 3 GPS 0 0 0 0 0 0 0 128500 0 0
43.96 3 ESTIMATOR 0. 0. 0. 0. 0.
44.05 3 DL_VALUE 8 0.
44.06 3 NAVIGATION 0 1 0 0 286 0. 140.5
44.27 3 WP_MOVED 1 497586.6875 3565500. 770.
44.27 3 RAD_OF_IR 13 0 0.00211
44.39 3 GPS 0 0 0 0 0 0 0 128748 0 0
44.42 3 IR_SENSORS -685 13 1
44.42 3 COMMANDS 76,63,21,-626
44.42 3 NAVIGATION 0 1 0 0 286 0. 140.5
44.42 3 ATTITUDE 2 0 4
44.42 3 GYRO_RATES 46 79 -17 -0.401426 0.689405 0.148353
44.42 3 FBW_STATUS 0 0 119
44.46 3 ESTIMATOR 0. 0. 0. 0. 0.
44.46 3 BAT 37 119 0 0 135 0 0
44.46 3 GPS 0 0 0 0 0 0 0 129000 0 0
44.54 3 CALIBRATION 0. 0.02 0.5 0
44.54 3 NAVIGATION 0 1 0 0 286 0. 140.5
44.73 3 DOWNLINK_STATUS 3729 34328 2117 0 386. 23.
44.77 3 WP_MOVED 2 497622.6875 3565498.5 770.
44.78 3 DOWNLINK_STATUS 43 2727 167 0 0. 0.
44.78 3 SERVO -9600 7633 57
44.86 3 GPS 0 0 0 0 0 0 0 129248 0 0
44.91 3 DESIRED 0. 0. 0. 0. 761. 0.
44.91 3 IR_DEBUG 499 480 499 480
44.91 3 NAVIGATION 0 1 0 0 286 0. 140.5
44.91 3 ATTITUDE 2 0 4
44.91 3 ESTIMATOR 0. 0. 0. 0. 0.
44.94 3 GPS 0 0 0 0 0 0 0 129500 0 0
44.94 3 DL_VALUE 9 -1.5
45.03 3 NAVIGATION 0 1 0 0 286 0. 140.5
45.05 3 WP_MOVED 3 497546.40625 3565495.5 770.
45.05 3 RAD_OF_IR 13 0 0.00211
45.25 3 IR_SENSORS -685 13 1
45.37 3 GPS 0 0 0 0 0 0 0 129748 0 0
45.41 3 COMMANDS 62,72,-36,-620
45.41 3 NAVIGATION 0 1 0 0 286 0. 140.5
45.41 3 ATTITUDE 2 0 4
45.41 3 GYRO_RATES 46 79 -17 -0.401426 0.689405 0.148353
45.41 3 FBW_STATUS 0 0 119
45.41 3 ESTIMATOR 0. 0. 0. 0. 0.
45.45 3 GPS 0 0 0 0 0 0 0 130000 0 0
45.46 3 NAVIGATION 0 1 0 0 286 0. 140.5
45.53 3 WP_MOVED 4 497575. 3565498. 0.
45.73 3 DOWNLINK_STATUS 3730 34718 2141 0 390. 24.
45.78 3 DESIRED 0. 0. 0. 0. 761. 0.
45.78 3 DOWNLINK_STATUS 44 2727 167 0 0. 0.
45.83 3 GPS 0 0 0 0 0 0 0 130248 0 0
45.95 3 DL_VALUE 10 1.5
45.95 3 GPS 0 0 0 0 0 0 0 130500 0 0
45.95 3 NAVIGATION 0 1 0 0 286 0. 140.5
46.05 3 WP_MOVED 0 497617. 3565540. 770.
46.05 3 RAD_OF_IR 9 0 0.00211
46.06 3 IR_SENSORS -680 8 1
46.71 3 ESTIMATOR 0. 0. 0. 0. 0.
46.71 3 BAT 53 119 0 0 137 0 0
46.71 3 ACTUATORS 1504,1501,0,1207,1530
46.71 3 CALIBRATION 0. 0.02 0.5 0
46.71 3 NAVIGATION 0 1 0 0 286 0. 140.5
46.71 3 GPS 0 0 0 0 0 0 0 131000 0 0
46.75 3 DOWNLINK_STATUS 3731 34965 2155 0 247. 14.
46.79 3 SERVO -9600 7823 55
46.79 3 DESIRED 0. 0. 0. 0. 761. 0.
46.79 3 IR_DEBUG 492 480 492 480
46.79 3 NAVIGATION 0 1 0 0 286 0. 140.5
46.79 3 ATTITUDE 1 0 5
46.79 3 PPRZ_MODE 0 0 3 0 0 1 0
46.79 3 DOWNLINK_STATUS 45 2727 167 0 0. 0.
46.80 3 ESTIMATOR 0. 0. 0. 0. 0.
46.87 3 DL_VALUE 11 1.5
46.91 3 NAVIGATION 0 1 0 0 286 0. 140.5
46.96 3 GPS 0 0 0 0 0 0 0 131500 0 0
46.96 3 WP_MOVED 2 497622.6875 3565498.5 770.
46.96 3 RAD_OF_IR 8 0 0.00211
47.15 3 IR_SENSORS -682 9 1
47.27 3 COMMANDS 51,-101,-189,-457
47.27 3 NAVIGATION 0 1 0 0 286 0. 140.5
47.27 3 ATTITUDE 1 0 5
47.27 3 GYRO_RATES 46 80 -17 -0.401426 0.698132 0.148353
47.27 3 GPS 0 0 0 0 0 0 0 131748 0 0
47.27 3 FBW_STATUS 0 0 119
47.28 3 ESTIMATOR 0. 0. 0. 0. 0.
47.34 3 NAVIGATION 0 1 0 0 286 0. 140.5
47.44 3 WP_MOVED 3 497546.40625 3565495.5 770.
47.44 3 GPS 0 0 0 0 0 0 0 132000 0 0
47.66 3 DESIRED 0. 0. 0. 0. 761. 0.
47.74 3 DOWNLINK_STATUS 3732 35134 2165 0 169. 10.
47.76 3 NAVIGATION 0 1 0 0 286 0. 140.5
47.76 3 ATTITUDE 1 0 4
47.76 3 GPS 0 0 0 0 0 0 0 132248 0 0
47.76 3 ESTIMATOR 0. 0. 0. 0. 0.
47.76 3 DL_VALUE 12 1.5
47.79 3 DOWNLINK_STATUS 46 2941 181 0 214. 14.
47.87 3 NAVIGATION 0 1 0 0 286 0. 140.5
47.87 3 WP_MOVED 4 497575. 3565498. 0.
47.87 3 RAD_OF_IR 11 0 0.00211
47.94 3 GPS 0 0 0 0 0 0 0 132500 0 0
47.94 3 IR_SENSORS -683 11 1
48.74 3 DOWNLINK_STATUS 3733 35294 2175 0 160. 10.
48.79 3 DOWNLINK_STATUS 47 2941 181 0 0. 0.
49.75 3 DOWNLINK_STATUS 3734 35294 2175 0 0. 0.
49.81 3 DOWNLINK_STATUS 48 2941 181 0 0. 0.
50.75 3 DOWNLINK_STATUS 3735 35294 2175 0 0. 0.
50.80 3 DOWNLINK_STATUS 49 2941 181 0 0. 0.
51.75 3 DOWNLINK_STATUS 3736 35294 2175 0 0. 0.
51.79 3 IR_SENSORS -684 11 1
51.81 3 DOWNLINK_STATUS 50 2941 181 0 0. 0.
51.88 3 FBW_STATUS 0 0 119
51.96 3 ESTIMATOR 0. 0. 0. 0. 0.
51.96 3 BAT 56 119 0 0 143 0 0
51.97 3 GPS 0 0 0 0 0 0 0 136500 0 0
51.98 3 CALIBRATION 0. 0.02 0.5 0
52.04 3 NAVIGATION 0 1 0 0 286 0. 140.5
52.27 3 WP_MOVED 3 497546.40625 3565495.5 770.
52.27 3 SERVO -9600 7680 39
52.38 3 COMMANDS 64,63,1,0
52.41 3 DESIRED 0. 0. 0. 0. 761. 0.
52.41 3 IR_DEBUG 497 482 497 482
52.41 3 ESTIMATOR 0. 0. 0. 0. 0.
52.45 3 GPS 0 0 0 0 0 0 0 137000 0 0
52.45 3 DL_VALUE 17 405.
52.49 3 NAVIGATION 0 1 0 0 286 0. 140.5
52.55 3 WP_MOVED 4 497575. 3565498. 0.
52.55 3 RAD_OF_IR 11 0 0.00211
52.75 3 DOWNLINK_STATUS 3737 35426 2184 0 132. 9.
52.82 3 DOWNLINK_STATUS 51 3087 190 0 146. 9.
53.19 3 NAVIGATION 0 1 0 0 286 0. 140.5
53.19 3 ATTITUDE 1 0 4
53.19 3 GYRO_RATES 47 79 -17 -0.410152 0.689405 0.148353
53.29 3 WP_MOVED 0 497617. 3565540. 770.
53.29 3 DESIRED 0. 0. 0. 0. 761. 0.
53.29 3 GPS 0 0 0 0 0 0 0 137748 0 0
53.29 3 NAVIGATION 0 1 0 0 286 0. 140.5
53.29 3 ATTITUDE 1 0 4
53.35 3 ESTIMATOR 0. 0. 0. 0. 0.
53.69 3 DL_VALUE 18 473.
53.74 3 NAVIGATION 0 1 0 0 286 0. 140.5
53.74 3 GPS 0 0 0 0 0 0 0 138000 0 0
53.74 3 WP_MOVED 1 497586.6875 3565500. 770.
53.74 3 RAD_OF_IR 10 0 0.00211
53.76 3 DOWNLINK_STATUS 3738 35665 2198 0 239. 14.
53.81 3 IR_SENSORS -686 9 1
53.81 3 COMMANDS 0,207,122,-484
53.81 3 NAVIGATION 0 1 0 0 286 0. 140.5
53.81 3 GPS 0 0 0 0 0 0 0 138248 0 0
53.81 3 ATTITUDE 1 0 4
53.81 3 GYRO_RATES 46 79 -17 -0.401426 0.689405 0.148353
53.81 3 FBW_STATUS 0 0 119
53.82 3 DOWNLINK_STATUS 52 3087 190 0 0. 0.
53.85 3 BAT 53 119 0 0 145 0 0
53.85 3 CALIBRATION 0. 0.02 0.5 0
53.99 3 NAVIGATION 0 1 0 0 286 0. 140.5
53.99 3 GPS 0 0 0 0 0 0 0 138500 0 0
53.99 3 WP_MOVED 2 497622.6875 3565498.5 770.
53.99 3 SERVO -9600 7775 24
54.18 3 DESIRED 0. 0. 0. 0. 761. 0.
54.18 3 IR_DEBUG 496 484 496 484
54.25 3 NAVIGATION 0 1 0 0 286 0. 140.5
54.25 3 ATTITUDE 1 0 4
54.26 3 GPS 0 0 0 0 0 0 0 138748 0 0
54.27 3 ESTIMATOR 0. 0. 0. 0. 0.
54.38 3 DL_VALUE 19 0.
54.38 3 NAVIGATION 0 1 0 0 286 0. 140.5
54.47 3 WP_MOVED 3 497546.40625 3565495.5 770.
54.51 3 RAD_OF_IR 7 0 0.00211
54.51 3 GPS 0 0 0 0 0 0 0 139000 0 0
54.66 3 IR_SENSORS -685 7 1
54.76 3 DOWNLINK_STATUS 3739 35966 2217 0 301. 19.
54.82 3 DOWNLINK_STATUS 53 3176 196 0 89. 6.
54.89 3 NAVIGATION 0 1 0 0 286 0. 140.5
54.95 3 WP_MOVED 4 497575. 3565498. 0.
54.95 3 GPS 0 0 0 0 0 0 0 139500 0 0
55.18 3 DESIRED 0. 0. 0. 0. 761. 0.
55.29 3 NAVIGATION 0 1 0 0 286 0. 140.5
55.29 3 ATTITUDE 1 0 4
55.29 3 GPS 0 0 0 0 0 0 0 139748 0 0
55.29 3 ESTIMATOR 0. 0. 0. 0. 0.
55.29 3 DL_VALUE 20 0.75
55.37 3 NAVIGATION 0 1 0 0 286 0. 140.5
55.37 3 WP_MOVED 0 497617. 3565540. 770.
55.37 3 RAD_OF_IR 8 0 0.00211
55.45 3 GPS 0 0 0 0 0 0 0 140000 0 0
55.49 3 IR_SENSORS -683 7 1
55.68 3 COMMANDS 40,6,-96,-635
55.68 3 NAVIGATION 0 1 0 0 286 0. 140.5
55.69 3 ATTITUDE 1 0 4
55.69 3 GYRO_RATES 46 79 -17 -0.401426 0.689405 0.148353
55.77 3 FBW_STATUS 0 0 119
55.77 3 COMMANDS 51,-23,-104,-554
55.77 3 NAVIGATION 0 1 0 0 286 0. 140.5
55.77 3 ATTITUDE 1 0 4
55.78 3 GYRO_RATES 46 79 -17 -0.401426 0.689405 0.148353
55.78 3 GPS 0 0 0 0 0 0 0 139248 0 0
55.78 3 FBW_STATUS 0 0 119
55.78 3 CALIBRATION 0. 0.02 0.5 0
55.78 3 ESTIMATOR 0. 0. 0. 0. 0.
55.78 3 BAT 61 119 0 0 147 0 0
55.78 3 GPS 0 0 0 0 0 0 0 140248 0 0
55.78 3 DOWNLINK_STATUS 3740 36337 2239 0 371. 22.
55.83 3 DOWNLINK_STATUS 54 3280 203 0 104. 7.
55.85 3 WP_MOVED 1 497586.6875 3565500. 770.
55.85 3 SERVO -9600 7696 54
56.17 3 NAVIGATION 0 1 0 0 286 0. 140.5
56.17 3 ATTITUDE 1 0 4
56.17 3 PPRZ_MODE 0 0 3 0 0 1 0
56.28 3 ESTIMATOR 0. 0. 0. 0. 0.
56.28 3 GPS 0 0 0 0 0 0 0 140748 0 0
56.28 3 DL_VALUE 21 20000.
56.28 3 NAVIGATION 0 1 0 0 286 0. 140.5
56.34 3 WP_MOVED 2 497622.6875 3565498.5 770.
56.35 3 RAD_OF_IR 7 0 0.00211
56.37 3 IR_SENSORS -683 7 1
56.44 3 GPS 0 0 0 0 0 0 0 141000 0 0
56.68 3 COMMANDS 55,-49,-113,-633
56.68 3 NAVIGATION 0 1 0 0 286 0. 140.5
56.68 3 ATTITUDE 1 0 4
56.68 3 GYRO_RATES 47 79 -17 -0.410152 0.689405 0.148353
56.68 3 FBW_STATUS 0 0 119
56.76 3 DOWNLINK_STATUS 3741 36568 2255 0 231. 16.
56.78 3 ESTIMATOR 0. 0. 0. 0. 0.
56.78 3 GPS 0 0 0 0 0 0 0 141248 0 0
56.78 3 NAVIGATION 0 1 0 0 286 0. 140.5
56.78 3 WP_MOVED 3 497546.40625 3565495.5 770.
56.82 3 DOWNLINK_STATUS 55 3303 205 0 23. 2.
56.87 3 DESIRED 0. 0. 0. 0. 761. 0.
56.95 3 GPS 0 0 0 0 0 0 0 141500 0 0
56.96 3 NAVIGATION 0 1 0 0 286 0. 140.5
56.96 3 ATTITUDE 1 0 4
57.60 3 DL_VALUE 22 20000.
57.60 3 GPS 0 0 0 0 0 0 0 141748 0 0
57.60 3 NAVIGATION 0 1 0 0 286 0. 140.5
57.60 3 WP_MOVED 4 497575. 3565498. 0.
57.60 3 RAD_OF_IR 7 0 0.00211
57.60 3 IR_SENSORS -683 7 1
57.69 3 COMMANDS 0,-1,-189,-757
57.69 3 NAVIGATION 0 1 0 0 286 0. 140.5
57.69 3 ATTITUDE 1 0 4
57.69 3 GYRO_RATES 47 79 -17 -0.410152 0.689405 0.148353
57.69 3 GPS 0 0 0 0 0 0 0 142000 0 0
57.69 3 FBW_STATUS 0 0 119
57.69 3 ESTIMATOR 0. 0. 0. 0. 0.
57.75 3 WP_MOVED 0 497617. 3565540. 770.
57.77 3 DOWNLINK_STATUS 3742 36899 2275 0 331. 20.
57.80 3 SERVO -9600 7648 141
57.84 3 DOWNLINK_STATUS 56 3352 208 0 49. 3.
58.33 3 IR_DEBUG 495 483 495 483
58.34 3 RAD_OF_IR 8 0 0.00211
58.34 3 IR_SENSORS -684 8 1
58.48 3 COMMANDS 178,7,169,-648
58.48 3 NAVIGATION 0 1 0 0 286 0. 140.5
58.48 3 ATTITUDE 1 0 4
58.48 3 GYRO_RATES 47 79 -17 -0.410152 0.689405 0.148353
58.67 3 FBW_STATUS 0 0 119
58.67 3 ESTIMATOR 0. 0. 0. 0. 0.
58.77 3 DOWNLINK_STATUS 3743 37011 2284 0 112. 9.
58.83 3 DOWNLINK_STATUS 57 3352 208 0 0. 0.
59.11 3 DESIRED 0. 0. 0. 0. 761. 0.
59.11 3 NAVIGATION 0 1 0 0 286 0. 140.5
59.11 3 ATTITUDE 1 0 4
59.11 3 GPS 0 0 0 0 0 0 0 143500 0 0
59.11 3 ESTIMATOR 0. 0. 0. 0. 0.
59.77 3 DOWNLINK_STATUS 3744 37112 2289 0 101. 5.
59.84 3 DOWNLINK_STATUS 58 3352 208 0 0. 0.
60.57 3 FBW_STATUS 0 0 119
60.68 3 ESTIMATOR 0. 0. 0. 0. 0.
60.68 3 ACTUATORS 1500,1504,0,1208,1537
60.68 3 GPS 0 0 0 0 0 0 0 145000 0 0
60.68 3 NAVIGATION 0 1 0 0 286 0. 140.5
60.68 3 WP_MOVED 1 497586.6875 3565500. 770.
60.77 3 DOWNLINK_STATUS 3745 37212 2295 0 100. 6.
60.84 3 DOWNLINK_STATUS 59 3352 208 0 0. 0.
60.89 3 DL_VALUE 26 0.75
61.09 3 GPS 0 0 0 0 0 0 0 145500 0 0
61.09 3 NAVIGATION 0 1 0 0 286 0. 140.5
61.09 3 WP_MOVED 2 497622.6875 3565498.5 770.
61.09 3 RAD_OF_IR 7 0 0.00211
61.09 3 IR_SENSORS -684 8 1
61.31 3 COMMANDS 55,47,-39,-611
61.31 3 NAVIGATION 0 1 0 0 286 0. 140.5
61.31 3 GPS 0 0 0 0 0 0 0 145748 0 0
61.31 3 ATTITUDE 1 0 4
61.31 3 GYRO_RATES 47 79 -17 -0.410152 0.689405 0.148353
61.31 3 FBW_STATUS 0 0 119
61.31 3 ESTIMATOR 0. 0. 0. 0. 0.
61.35 3 CALIBRATION 0. 0.02 0.5 0
61.57 3 NAVIGATION 0 1 0 0 286 0. 140.5
61.68 3 GPS 0 0 0 0 0 0 0 146000 0 0
61.68 3 WP_MOVED 3 497546.40625 3565495.5 770.
61.68 3 SERVO -9600 7823 53
61.68 3 DESIRED 0. 0. 0. 0. 761. 0.
61.68 3 IR_DEBUG 495 483 495 483
61.70 3 NAVIGATION 0 1 0 0 286 0. 140.5
61.70 3 ATTITUDE 1 0 4
61.70 3 GPS 0 0 0 0 0 0 0 146248 0 0
61.75 3 ESTIMATOR 0. 0. 0. 0. 0.
61.78 3 DOWNLINK_STATUS 3746 37595 2318 0 383. 23.
61.84 3 DOWNLINK_STATUS 60 3359 209 0 7. 1.
61.85 3 DL_VALUE 27 10000.
61.85 3 NAVIGATION 0 1 0 0 286 0. 140.5
62.09 3 GPS 0 0 0 0 0 0 0 146500 0 0
62.09 3 WP_MOVED 4 497575. 3565498. 0.
62.09 3 RAD_OF_IR 9 0 0.00211
62.21 3 IR_SENSORS -685 9 1
62.21 3 COMMANDS 38,23,-78,-583
62.21 3 NAVIGATION 0 1 0 0 286 0. 140.5
62.21 3 ATTITUDE 1 0 4
62.21 3 GYRO_RATES 46 79 -17 -0.401426 0.689405 0.148353
62.21 3 GPS 0 0 0 0 0 0 0 146748 0 0
62.22 3 FBW_STATUS 0 0 119
62.58 3 NAVIGATION 0 1 0 0 286 0. 140.5
62.58 3 WP_MOVED 0 497617. 3565540. 770.
62.58 3 GPS 0 0 0 0 0 0 0 147000 0 0
62.58 3 DESIRED 0. 0. 0. 0. 761. 0.
62.59 3 NAVIGATION 0 1 0 0 286 0. 140.5
62.59 3 ATTITUDE 1 0 4
62.75 3 GPS 0 0 0 0 0 0 0 147248 0 0
62.75 3 ESTIMATOR 0. 0. 0. 0. 0.
62.76 3 DL_VALUE 28 10000.
62.78 3 DOWNLINK_STATUS 3747 37912 2337 0 317. 19.
62.84 3 DOWNLINK_STATUS 61 3384 211 0 25. 2.
62.98 3 NAVIGATION 0 1 0 0 286 0. 140.5
63.09 3 COMMANDS 41,-6,-86,-529
63.09 3 NAVIGATION 0 1 0 0 286 0. 140.5
63.09 3 ATTITUDE 1 0 4
63.09 3 GYRO_RATES 47 79 -17 -0.410152 0.689405 0.148353
63.26 3 FBW_STATUS 0 0 119
63.27 3 ESTIMATOR 0. 0. 0. 0. 0.
63.27 3 BAT 0 119 0 0 155 0 0
63.27 3 GPS 0 0 0 0 0 0 0 147748 0 0
63.29 3 CALIBRATION 0. 0.02 0.5 0
63.29 3 NAVIGATION 0 1 0 0 286 0. 140.5
63.58 3 DESIRED 0. 0. 0. 0. 761. 0.
63.58 3 IR_DEBUG 496 484 496 484
63.58 3 GPS 0 0 0 0 0 0 0 148000 0 0
63.58 3 NAVIGATION 0 1 0 0 286 0. 140.5
63.58 3 ATTITUDE 1 0 4
63.67 3 ESTIMATOR 0. 0. 0. 0. 0.
63.67 3 GPS 0 0 0 0 0 0 0 148248 0 0
63.74 3 DL_VALUE 29 0.3
63.77 3 NAVIGATION 0 1 0 0 286 0. 140.5
63.81 3 DOWNLINK_STATUS 3748 38251 2357 0 339. 20.
63.85 3 DOWNLINK_STATUS 62 3384 211 0 0. 0.
64.00 3 WP_MOVED 2 497622.6875 3565498.5 770.
64.08 3 IR_SENSORS -686 8 1
64.08 3 GPS 0 0 0 0 0 0 0 148500 0 0
64.08 3 COMMANDS 41,-52,-145,-656
64.08 3 NAVIGATION 0 1 0 0 286 0. 140.5
64.08 3 ATTITUDE 1 0 4
64.08 3 GYRO_RATES 47 79 -17 -0.410152 0.689405 0.148353
64.08 3 FBW_STATUS 0 0 119
64.09 3 ESTIMATOR 0. 0. 0. 0. 0.
64.17 3 GPS 0 0 0 0 0 0 0 148748 0 0
64.27 3 NAVIGATION 0 1 0 0 286 0. 140.5
64.27 3 WP_MOVED 4 497575. 3565498. 0.
64.51 3 GPS 0 0 0 0 0 0 0 149000 0 0
64.53 3 NAVIGATION 0 1 0 0 286 0. 140.5
64.53 3 ATTITUDE 1 0 4
64.57 3 ESTIMATOR 0. 0. 0. 0. 0.
64.76 3 DL_VALUE 30 0.36
64.76 3 GPS 0 0 0 0 0 0 0 149248 0 0
64.76 3 NAVIGATION 0 1 0 0 286 0. 140.5
64.77 3 WP_MOVED 0 497617. 3565540. 770.
64.77 3 RAD_OF_IR 9 0 0.00211
64.82 3 DOWNLINK_STATUS 3749 38582 2377 0 331. 20.
64.86 3 DOWNLINK_STATUS 63 3399 212 0 15. 1.
64.98 3 DESIRED 0. 0. 0. 0. 761. 0.
65.09 3 GPS 0 0 0 0 0 0 0 149500 0 0
65.09 3 COMMANDS 42,13,-88,-633
65.09 3 NAVIGATION 0 1 0 0 286 0. 140.5
65.09 3 ATTITUDE 1 0 4
65.09 3 GYRO_RATES 46 79 -17 -0.401426 0.689405 0.148353
65.09 3 FBW_STATUS 0 0 119
65.09 3 ESTIMATOR 0. 0. 0. 0. 0.
65.09 3 BAT 60 119 0 0 157 0 0
65.18 3 ACTUATORS 1497,1503,0,1204,1530
65.18 3 CALIBRATION 0. 0.02 0.5 0
65.18 3 NAVIGATION 0 1 0 0 286 0. 140.5
65.19 3 GPS 0 0 0 0 0 0 0 149748 0 0
65.24 3 WP_MOVED 1 497586.6875 3565500. 770.
65.24 3 SERVO -9600 7775 110
65.81 3 DOWNLINK_STATUS 3750 38803 2391 0 221. 14.
65.87 3 DOWNLINK_STATUS 64 3425 213 0 26. 1.
66.09 3 WP_MOVED 2 497622.6875 3565498.5 770.
66.09 3 RAD_OF_IR 9 0 0.00211
66.09 3 IR_SENSORS -686 9 1
66.09 3 COMMANDS 53,-59,-86,-636
66.09 3 NAVIGATION 0 1 0 0 286 0. 140.5
66.09 3 ATTITUDE 1 0 4
66.09 3 GYRO_RATES 47 79 -17 -0.410152 0.689405 0.148353
66.13 3 GPS 0 0 0 0 0 0 0 150500 0 0
66.13 3 FBW_STATUS 0 0 119
66.13 3 FBW_STATUS 0 0 119
66.13 3 ESTIMATOR 0. 0. 0. 0. 0.
66.18 3 WP_MOVED 3 497546.40625 3565495.5 770.
66.18 3 GPS 0 0 0 0 0 0 0 150748 0 0
66.29 3 DESIRED 0. 0. 0. 0. 761. 0.
66.49 3 NAVIGATION 0 1 0 0 286 0. 140.5
66.49 3 ATTITUDE 1 0 4
66.55 3 GPS 0 0 0 0 0 0 0 151000 0 0
66.67 3 WP_MOVED 4 497575. 3565498. 0.
66.67 3 RAD_OF_IR 8 0 0.00211
66.67 3 GPS 0 0 0 0 0 0 0 151248 0 0
66.82 3 DOWNLINK_STATUS 3751 38972 2402 0 169. 11.
66.88 3 DOWNLINK_STATUS 65 3578 222 0 153. 9.
67.33 3 FBW_STATUS 0 0 119
67.33 3 ESTIMATOR 0. 0. 0. 0. 0.
67.33 3 BAT 63 119 0 0 159 0 0
67.33 3 GPS 0 0 0 0 0 0 0 151500 0 0
67.33 3 CALIBRATION 0. 0.02 0.5 0
67.33 3 NAVIGATION 0 1 0 0 286 0. 140.5
67.38 3 SERVO -9600 7823 74
67.38 3 GPS 0 0 0 0 0 0 0 151748 0 0
67.38 3 DESIRED 0. 0. 0. 0. 761. 0.
67.38 3 IR_DEBUG 497 485 497 485
67.38 3 NAVIGATION 0 1 0 0 286 0. 140.5
67.38 3 ATTITUDE 1 0 4
67.48 3 NAVIGATION 0 1 0 0 286 0. 140.5
67.57 3 WP_MOVED 1 497586.6875 3565500. 770.
67.57 3 RAD_OF_IR 8 0 0.00211
67.57 3 NAVIGATION_REF 497575 3565498 12
67.82 3 DOWNLINK_STATUS 3752 39224 2418 0 252. 16.
67.88 3 DOWNLINK_STATUS 66 3578 222 0 0. 0.
68.21 3 COMMANDS 142,26,108,-643
68.21 3 NAVIGATION 0 1 0 0 286 0. 140.5
68.21 3 ATTITUDE 1 0 4
68.21 3 GYRO_RATES 47 79 -17 -0.410152 0.689405 0.148353
68.21 3 FBW_STATUS 0 0 119
68.21 3 ESTIMATOR 0. 0. 0. 0. 0.
68.21 3 GPS 0 0 0 0 0 0 0 152500 0 0
68.29 3 WP_MOVED 2 497622.6875 3565498.5 770.
68.29 3 DESIRED 0. 0. 0. 0. 761. 0.
68.29 3 GPS 0 0 0 0 0 0 0 152748 0 0
68.29 3 NAVIGATION 0 1 0 0 286 0. 140.5
68.29 3 ATTITUDE 1 0 4
68.35 3 ESTIMATOR 0. 0. 0. 0. 0.
68.37 3 DL_VALUE 34 0.01
68.47 3 NAVIGATION 0 1 0 0 286 0. 140.5
68.47 3 GPS 0 0 0 0 0 0 0 153000 0 0
68.82 3 DOWNLINK_STATUS 3753 39503 2434 0 279. 16.
68.88 3 WP_MOVED 3 497546.40625 3565495.5 770.
68.88 3 RAD_OF_IR 9 0 0.00211
68.89 3 DOWNLINK_STATUS 67 3578 222 0 0. 0.
69.11 3 IR_DEBUG 497 485 497 485
69.11 3 GPS 0 0 0 0 0 0 0 153248 0 0
69.11 3 ATTITUDE 1 0 4
69.11 3 GYRO_RATES 47 79 -17 -0.410152 0.689405 0.148353
69.11 3 FBW_STATUS 0 0 119
69.19 3 BAT 33 119 0 0 161 0 0
69.19 3 CALIBRATION 0. 0.02 0.5 0
69.19 3 NAVIGATION 0 1 0 0 286 0. 140.5
69.19 3 GPS 0 0 0 0 0 0 0 153500 0 0
69.19 3 WP_MOVED 4 497575. 3565498. 0.
69.19 3 SERVO -9600 7648 0
69.21 3 IR_DEBUG 497 485 497 485
69.21 3 NAVIGATION 0 1 0 0 286 0. 140.5
69.21 3 ATTITUDE 1 0 4
69.25 3 ESTIMATOR 0. 0. 0. 0. 0.
69.35 3 DL_VALUE 35 1.
69.35 3 NAVIGATION 0 1 0 0 286 0. 140.5
69.60 3 WP_MOVED 0 497617. 3565540. 770.
69.60 3 RAD_OF_IR 8 0 0.00211
69.60 3 GPS 0 0 0 0 0 0 0 154000 0 0
69.71 3 IR_SENSORS -687 8 1
69.71 3 COMMANDS 0,202,117,-481
69.71 3 NAVIGATION 0 1 0 0 286 0. 140.5
69.71 3 ATTITUDE 1 0 4
69.71 3 GYRO_RATES 47 79 -17 -0.410152 0.689405 0.148353
69.71 3 GPS 0 0 0 0 0 0 0 154248 0 0
69.71 3 FBW_STATUS 0 0 119
69.77 3 ESTIMATOR 0. 0. 0. 0. 0.
69.77 3 ACTUATORS 1503,1503,0,1208,1535
69.83 3 DOWNLINK_STATUS 3754 39962 2465 0 459. 31.
69.87 3 NAVIGATION 0 1 0 0 286 0. 140.5
69.89 3 DOWNLINK_STATUS 68 3578 222 0 0. 0.
70.08 3 WP_MOVED 1 497586.6875 3565500. 770.
70.08 3 GPS 0 0 0 0 0 0 0 154500 0 0
70.16 3 DESIRED 0. 0. 0. 0. 761. 0.
70.16 3 NAVIGATION 0 1 0 0 286 0. 140.5
70.16 3 ATTITUDE 1 0 4
70.16 3 PPRZ_MODE 0 0 3 0 0 1 0
70.26 3 GPS 0 0 0 0 0 0 0 154748 0 0
70.26 3 ESTIMATOR 0. 0. 0. 0. 0.
70.26 3 DL_VALUE 36 0.44
70.34 3 NAVIGATION 0 1 0 0 286 0. 140.5
70.37 3 WP_MOVED 2 497622.6875 3565498.5 770.
70.37 3 RAD_OF_IR 8 0 0.00211
70.82 3 DOWNLINK_STATUS 3755 40182 2478 0 220. 13.
70.89 3 DOWNLINK_STATUS 69 3578 222 0 0. 0.
71.57 3 WP_MOVED 4 497575. 3565498. 0.
71.57 3 RAD_OF_IR 9 0 0.00211
71.57 3 IR_SENSORS -688 9 1
71.57 3 GPS 0 0 0 0 0 0 0 156000 0 0
71.57 3 COMMANDS 64,-6,-77,-594
71.57 3 NAVIGATION 0 1 0 0 286 0. 140.5
71.57 3 ATTITUDE 1 0 4
71.60 3 FBW_STATUS 0 0 119
71.60 3 ESTIMATOR 0. 0. 0. 0. 140.5
71.60 3 ATTITUDE 1 0 4
71.60 3 ESTIMATOR 0. 0. 0. 0. 0.
71.60 3 GPS 0 0 0 0 0 0 0 155748 0 0
71.61 3 DL_VALUE 37 0.36
71.65 3 WP_MOVED 4 497575. 3565498. 0.
71.65 3 RAD_OF_IR 9 0 0.00211
71.65 3 IR_SENSORS -688 9 1
71.65 3 COMMANDS 64,-6,-77,-594
71.65 3 NAVIGATION 0 1 0 0 286 0. 140.5
71.65 3 ATTITUDE 1 0 4
71.65 3 FBW_STATUS 0 0 119
71.66 3 GPS 0 0 0 0 0 0 0 156248 0 0
71.76 3 NAVIGATION 0 1 0 0 286 0. 140.5
71.76 3 WP_MOVED 0 497617. 3565540. 770.
71.83 3 DOWNLINK_STATUS 3756 40445 2498 0 263. 20.
71.90 3 DOWNLINK_STATUS 71 3638 225 0 60. 3.
71.97 3 DESIRED 0. 0. 0. 0. 761. 0.
72.09 3 GPS 0 0 0 0 0 0 0 156500 0 0
72.09 3 NAVIGATION 0 1 0 0 286 0. 140.5
72.09 3 ATTITUDE 1 0 4
72.17 3 ESTIMATOR 0. 0. 0. 0. 0.
72.27 3 DL_VALUE 38 0.1
72.27 3 GPS 0 0 0 0 0 0 0 156748 0 0
72.27 3 NAVIGATION 0 1 0 0 286 0. 140.5
72.27 3 WP_MOVED 1 497586.6875 3565500. 770.
72.27 3 RAD_OF_IR 8 0 0.00211
72.67 3 IR_SENSORS -687 8 1
72.84 3 DOWNLINK_STATUS 3757 40605 2508 0 160. 10.
72.90 3 DOWNLINK_STATUS 72 3664 226 0 26. 1.
73.22 3 GPS 0 0 0 0 0 0 0 157748 0 0
73.22 3 WP_MOVED 3 497546.40625 3565495.5 770.
73.22 3 WP_MOVED 2 497622.6875 3565498.5 770.
73.22 3 SERVO -9600 7601 54
73.29 3 IR_DEBUG 497 485 497 485
73.29 3 NAVIGATION 0 1 0 0 286 0. 140.5
73.29 3 ATTITUDE 1 0 4
73.29 3 GPS 0 0 0 0 0 0 0 157500 0 0
73.29 3 ESTIMATOR 0. 0. 0. 0. 0.
73.30 3 DL_VALUE 39 0.
73.47 3 IR_SENSORS -687 8 1
73.47 3 NAVIGATION 0 1 0 0 286 0. 140.5
73.50 3 GPS 0 0 0 0 0 0 0 158000 0 0
73.50 3 FBW_STATUS 0 0 119
73.50 3 ESTIMATOR 0. 0. 0. 0. 0.
73.67 3 NAVIGATION 0 1 0 0 286 0. 140.5
73.69 3 WP_MOVED 4 497575. 3565498. 0.
73.69 3 GPS 0 0 0 0 0 0 0 158248 0 0
73.75 3 DESIRED 0. 0. 0. 0. 761. 0.
73.84 3 DOWNLINK_STATUS 3758 40928 2527 0 323. 19.
73.88 3 NAVIGATION 0 1 0 0 286 0. 140.5
73.88 3 ATTITUDE 1 0 4
73.91 3 DOWNLINK_STATUS 73 3664 226 0 0. 0.
73.96 3 GPS 0 0 0 0 0 0 0 158500 0 0
73.96 3 ESTIMATOR 0. 0. 0. 0. 0.
74.18 3 DL_VALUE 40 0.5
74.18 3 NAVIGATION 0 1 0 0 286 0. 140.5
74.27 3 WP_MOVED 0 497617. 3565540. 770.
74.27 3 RAD_OF_IR 8 0 0.00211
74.28 3 GPS 0 0 0 0 0 0 0 158748 0 0
74.28 3 IR_SENSORS -687 8 1
74.39 3 COMMANDS 92,3,-22,-705
74.39 3 NAVIGATION 0 1 0 0 286 0. 140.5
74.39 3 ATTITUDE 1 0 4
74.39 3 GYRO_RATES 47 79 -17 -0.410152 0.689405 0.148353
74.39 3 FBW_STATUS 0 0 119
74.51 3 ESTIMATOR 0. 0. 0. 0. 0.
74.51 3 BAT 112 119 0 0 167 0 0
74.51 3 GPS 0 0 0 0 0 0 0 159000 0 0
74.51 3 ACTUATORS 1485,1508,0,1200,1533
74.51 3 CALIBRATION 0. 0.02 0.5 0
74.67 3 NAVIGATION 0 1 0 0 286 0. 140.5
74.80 3 WP_MOVED 1 497586.6875 3565500. 770.
74.80 3 SERVO -9600 7680 89
74.80 3 GPS 0 0 0 0 0 0 0 159248 0 0
74.80 3 DESIRED 0. 0. 0. 0. 761. 0.
74.80 3 IR_DEBUG 498 482 498 482
74.80 3 NAVIGATION 0 1 0 0 286 0. 140.5
74.80 3 ATTITUDE 1 0 4
74.84 3 DOWNLINK_STATUS 3759 41322 2553 0 394. 26.
74.86 3 ESTIMATOR 0. 0. 0. 0. 0.
74.91 3 DOWNLINK_STATUS 74 3713 228 0 49. 2.
74.95 3 GPS 0 0 0 0 0 0 0 159500 0 0
74.95 3 DL_VALUE 41 1.
75.00 3 NAVIGATION 0 1 0 0 286 0. 140.5
75.18 3 WP_MOVED 2 497622.6875 3565498.5 770.
75.18 3 RAD_OF_IR 9 0 0.00211
75.20 3 IR_SENSORS -686 9 1
75.20 3 GPS 0 0 0 0 0 0 0 159748 0 0
75.28 3 COMMANDS 100,66,3,-676
75.28 3 NAVIGATION 0 1 0 0 286 0. 140.5
75.28 3 ATTITUDE 1 0 4
75.28 3 GYRO_RATES 47 79 -17 -0.410152 0.689405 0.148353
75.35 3 FBW_STATUS 0 0 119
75.37 3 ESTIMATOR 0. 0. 0. 0. 0.
75.46 3 GPS 0 0 0 0 0 0 0 160000 0 0
75.46 3 NAVIGATION 0 1 0 0 286 0. 140.5
75.67 3 WP_MOVED 3 497546.40625 3565495.5 770.
75.78 3 DESIRED 0. 0. 0. 0. 761. 0.
75.78 3 GPS 0 0 0 0 0 0 0 160248 0 0
75.78 3 NAVIGATION 0 1 0 0 286 0. 140.5
75.78 3 ATTITUDE 1 0 4
75.85 3 ESTIMATOR 0. 0. 0. 0. 0.
75.85 3 DOWNLINK_STATUS 3760 41649 2572 0 327. 19.
75.87 3 DL_VALUE 42 0.
75.91 3 DOWNLINK_STATUS 75 3765 231 0 52. 3.
75.96 3 GPS 0 0 0 0 0 0 0 160500 0 0
75.96 3 NAVIGATION 0 1 0 0 286 0. 140.5
76.39 3 WP_MOVED 4 497575. 3565498. 0.
76.39 3 RAD_OF_IR 10 0 0.00211
76.39 3 NAVIGATION_REF 497575 3565498 12
76.82 3 IR_DEBUG 498 483 498 483
76.82 3 NAVIGATION 0 1 0 0 286 0. 140.5
76.82 3 ATTITUDE 1 0 4
76.82 3 GPS 0 0 0 0 0 0 0 161248 0 0
76.82 3 ESTIMATOR 0. 0. 0. 0. 0.
76.88 3 DOWNLINK_STATUS 3761 41777 2581 0 128. 9.
76.92 3 CALIBRATION 0. 0.02 0.5 0
76.92 3 NAVIGATION 0 1 0 0 286 0. 140.5
76.92 3 GPS 0 0 0 0 0 0 0 161000 0 0
76.92 3 WP_MOVED 0 497617. 3565540. 770.
76.92 3 SERVO -9600 7728 12
76.93 3 DOWNLINK_STATUS 76 3810 233 0 45. 2.
76.98 3 GPS 0 0 0 0 0 0 0 161500 0 0
76.98 3 WP_MOVED 1 497586.6875 3565500. 770.
76.98 3 RAD_OF_IR 10 0 0.00211
77.06 3 IR_SENSORS -686 10 1
77.19 3 IR_DEBUG 498 483 498 483
77.19 3 NAVIGATION 0 1 0 0 286 0. 140.5
77.19 3 ATTITUDE 1 0 4
77.19 3 NAVIGATION 0 1 0 0 286 0. 140.5
77.19 3 ATTITUDE 1 0 4
77.26 3 ESTIMATOR 0. 0. 0. 0. 0.
77.34 3 NAVIGATION 0 1 0 0 286 0. 140.5
77.38 3 WP_MOVED 2 497622.6875 3565498.5 770.
77.87 3 DOWNLINK_STATUS 3762 41922 2591 0 145. 10.
77.95 3 DOWNLINK_STATUS 77 3925 240 0 115. 7.
78.87 3 DOWNLINK_STATUS 3763 41922 2591 0 0. 0.
78.94 3 DOWNLINK_STATUS 78 3925 240 0 0. 0.
79.43 3 DESIRED 0. 0. 0. 0. 761. 0.
79.43 3 RAD_OF_IR 10 0 0.00211
79.43 3 IR_SENSORS -686 10 1
79.43 3 GPS 0 0 0 0 0 0 0 163500 0 0
79.43 3 COMMANDS 44,9,-61,-589
79.43 3 NAVIGATION 0 1 0 0 286 0. 140.5
79.53 3 GYRO_RATES 47 79 -17 -0.410152 0.689405 0.148353
79.53 3 FBW_STATUS 0 0 119
79.53 3 ESTIMATOR 0. 0. 0. 0. 0.
79.53 3 ACTUATORS 1500,1503,0,1204,1531
79.53 3 GPS 0 0 0 0 0 0 0 163748 0 0
79.53 3 NAVIGATION 0 1 0 0 286 0. 140.5
79.57 3 ESTIMATOR 0. 0. 0. 0. 0.
79.68 3 DESIRED 0. 0. 0. 0. 761. 0.
79.68 3 GPS 0 0 0 0 0 0 0 164000 0 0
79.68 3 NAVIGATION 0 1 0 0 286 0. 140.5
79.68 3 ATTITUDE 1 0 4
79.87 3 DOWNLINK_STATUS 3764 42206 2607 0 284. 16.
79.95 3 DOWNLINK_STATUS 79 3947 241 0 22. 1.
80.82 3 GPS 0 0 0 0 0 0 0 165248 0 0
80.82 3 WP_MOVED 4 497575. 3565498. 0.
80.82 3 RAD_OF_IR 10 0 0.00211
80.82 3 IR_SENSORS -686 9 1
80.82 3 WP_MOVED 3 497546.40625 3565495.5 770.
80.82 3 SERVO -9600 7775 31
80.88 3 DOWNLINK_STATUS 3765 42289 2613 0 83. 6.
80.89 3 IR_DEBUG 498 483 498 483
80.90 3 NAVIGATION 0 1 0 0 286 0. 140.5
80.90 3 ATTITUDE 1 0 4
80.90 3 GPS 0 0 0 0 0 0 0 165000 0 0
80.90 3 ESTIMATOR 0. 0. 0. 0. 0.
80.90 3 DL_VALUE 4 0.
80.95 3 DOWNLINK_STATUS 80 3947 241 0 0. 0.
81.37 3 GPS 0 0 0 0 0 0 0 165748 0 0
81.37 3 NAVIGATION 0 1 0 0 286 0. 140.5
81.47 3 ESTIMATOR 0. 0. 0. 0. 0.
81.47 3 GPS 0 0 0 0 0 0 0 166000 0 0
81.54 3 DL_VALUE 5 0.
81.87 3 DOWNLINK_STATUS 3766 42482 2624 0 193. 11.
81.95 3 DOWNLINK_STATUS 81 3947 241 0 0. 0.
82.01 3 GPS 0 0 0 0 0 0 0 165500 0 0
82.03 3 FBW_STATUS 0 0 119
82.03 3 ESTIMATOR 0. 0. 0. 0. 0.
82.03 3 NAVIGATION 0 1 0 0 286 0. 140.5
82.23 3 FBW_STATUS 0 0 119
82.23 3 ESTIMATOR 0. 0. 0. 0. 0.
82.23 3 BAT 87 119 0 0 175 0 0
82.23 3 GPS 0 0 0 0 0 0 0 166500 0 0
82.23 3 CALIBRATION 0. 0.02 0.5 0
82.23 3 NAVIGATION 0 1 0 0 286 0. 140.5
82.30 3 SERVO -9600 7775 62
82.30 3 GPS 0 0 0 0 0 0 0 166748 0 0
82.30 3 DESIRED 0. 0. 0. 0. 761. 0.
82.30 3 IR_DEBUG 498 485 498 485
82.30 3 NAVIGATION 0 1 0 0 286 0. 140.5
82.30 3 ATTITUDE 1 0 4
82.35 3 ESTIMATOR 0. 0. 0. 0. 0.
82.46 3 GPS 0 0 0 0 0 0 0 167000 0 0
82.46 3 DL_VALUE 6 0.
82.47 3 NAVIGATION 0 1 0 0 286 0. 140.5
82.70 3 WP_MOVED 3 497546.40625 3565495.5 770.
82.70 3 RAD_OF_IR 9 0 0.00211
82.70 3 IR_SENSORS -688 9 1
82.70 3 GPS 0 0 0 0 0 0 0 167248 0 0
82.76 3 WP_MOVED 1 497586.6875 3565500. 770.
82.76 3 RAD_OF_IR 9 0 0.00211
82.76 3 GPS 0 0 0 0 0 0 0 166248 0 0
82.76 3 IR_SENSORS -687 8 1
82.76 3 COMMANDS 93,34,0,-693
82.78 3 FBW_STATUS 0 0 119
82.85 3 ESTIMATOR 0. 0. 0. 0. 0.
82.88 3 DOWNLINK_STATUS 3767 42814 2644 0 332. 20.
82.95 3 DOWNLINK_STATUS 82 4117 252 0 170. 11.
83.88 3 DOWNLINK_STATUS 3768 42814 2644 0 0. 0.
83.95 3 DOWNLINK_STATUS 83 4117 252 0 0. 0.
84.88 3 DOWNLINK_STATUS 3769 42814 2644 0 0. 0.
84.95 3 DOWNLINK_STATUS 84 4117 252 0 0. 0.
85.30 3 NAVIGATION 0 1 0 0 286 0. 140.5
85.30 3 WP_MOVED 3 497546.40625 3565495.5 770.
85.30 3 GPS 0 0 0 0 0 0 0 169500 0 0
85.30 3 DESIRED 0. 0. 0. 0. 761. 0.
85.30 3 NAVIGATION 0 1 0 0 286 0. 140.5
85.30 3 ATTITUDE 1 0 3
85.45 3 RAD_OF_IR 9 0 0.00211
85.70 3 COMMANDS 53,-144,-220,-486
85.70 3 NAVIGATION 0 1 0 0 286 0. 140.5
85.70 3 ATTITUDE 1 0 3
85.70 3 GYRO_RATES 47 79 -17 -0.410152 0.689405 0.148353
85.88 3 DOWNLINK_STATUS 3770 42993 2655 0 179. 11.
85.95 3 DOWNLINK_STATUS 85 4117 252 0 0. 0.
86.89 3 DOWNLINK_STATUS 3771 42993 2655 0 0. 0.
86.95 3 DOWNLINK_STATUS 86 4117 252 0 0. 0.
87.72 3 CALIBRATION 0. 0.02 0.5 0
87.72 3 NAVIGATION 0 1 0 0 286 0. 140.5
87.72 3 GPS 0 0 0 0 0 0 0 172248 0 0
87.72 3 WP_MOVED 4 497575. 3565498. 0.
87.72 3 SERVO -9600 -32625 17472
87.72 3 RAD_OF_IR 8 0 0.00211
87.80 3 IR_SENSORS -689 9 1
87.80 3 COMMANDS 79,-10,-36,-708
87.80 3 NAVIGATION 0 1 0 0 286 0. 140.5
87.80 3 GPS 0 0 0 0 0 0 0 172000 0 0
87.80 3 ATTITUDE 1 0 4
87.80 3 GYRO_RATES 47 79 -17 -0.410152 0.689405 0.148353
87.80 3 FBW_STATUS 0 0 119
87.88 3 DOWNLINK_STATUS 3772 43183 2668 0 190. 13.
87.95 3 DOWNLINK_STATUS 87 4117 252 0 0. 0.
88.18 3 DL_VALUE 12 1.5
88.28 3 NAVIGATION 0 1 0 0 286 0. 140.5
88.29 3 GPS 0 0 0 0 0 0 0 172748 0 0
88.29 3 WP_MOVED 0 497617. 3565540. 770.
88.29 3 RAD_OF_IR 8 0 0.00211
88.29 3 IR_SENSORS -689 9 1
88.41 3 COMMANDS 107,63,0,-696
88.41 3 NAVIGATION 0 1 0 0 286 0. 140.5
88.41 3 ATTITUDE 1 0 3
88.41 3 GYRO_RATES 47 79 -17 -0.410152 0.689405 0.148353
88.48 3 GPS 0 0 0 0 0 0 0 173000 0 0
88.48 3 FBW_STATUS 0 0 119
88.48 3 ESTIMATOR 0. 0. 0. 0. 0.
88.70 3 ACTUATORS 1497,1502,0,1204,1537
88.70 3 NAVIGATION 0 1 0 0 286 0. 140.5
88.71 3 WP_MOVED 1 497586.6875 3565500. 770.
88.71 3 GPS 0 0 0 0 0 0 0 173248 0 0
88.88 3 DOWNLINK_STATUS 3773 43452 2685 0 269. 17.
88.95 3 DOWNLINK_STATUS 88 4117 252 0 0. 0.
89.89 3 DOWNLINK_STATUS 3774 43452 2685 0 0. 0.
89.95 3 DOWNLINK_STATUS 89 4117 252 0 0. 0.
90.89 3 DOWNLINK_STATUS 3775 43452 2685 0 0. 0.
90.95 3 DOWNLINK_STATUS 90 4117 252 0 0. 0.
91.89 3 DOWNLINK_STATUS 3776 43452 2685 0 0. 0.
91.95 3 DOWNLINK_STATUS 91 4117 252 0 0. 0.
92.23 3 FBW_STATUS 0 0 119
92.23 3 ESTIMATOR 0. 0. 0. 0. 0.
92.23 3 DL_VALUE 16 470.
92.23 3 NAVIGATION 0 1 0 0 286 0. 140.5
92.31 3 WP_MOVED 3 497546.40625 3565495.5 770.
92.31 3 RAD_OF_IR 9 0 0.00211
92.31 3 IR_SENSORS -688 9 1
92.31 3 COMMANDS 34,0,-102,-608
92.31 3 NAVIGATION 0 1 0 0 286 0. 140.5
92.31 3 ATTITUDE 1 0 4
92.31 3 GYRO_RATES 47 79 -17 -0.410152 0.689405 0.148353
92.32 3 FBW_STATUS 0 0 119
92.32 3 ESTIMATOR 0. 0. 0. 0. 0.
92.38 3 NAVIGATION 0 1 0 0 286 0. 140.5
92.38 3 WP_MOVED 4 497575. 3565498. 0.
92.50 3 GPS 0 0 0 0 0 0 0 177000 0 0
92.50 3 DESIRED 0. 0. 0. 0. 761. 0.
92.70 3 NAVIGATION 0 1 0 0 286 0. 140.5
92.70 3 ATTITUDE 1 0 4
92.71 3 GPS 0 0 0 0 0 0 0 177248 0 0
92.71 3 ESTIMATOR 0. 0. 0. 0. 0.
92.76 3 DL_VALUE 17 405.
92.81 3 NAVIGATION 0 1 0 0 286 0. 140.5
92.89 3 WP_MOVED 0 497617. 3565540. 770.
92.89 3 RAD_OF_IR 9 0 0.00211
92.89 3 NAVIGATION_REF 497575 3565498 12
92.90 3 DOWNLINK_STATUS 3777 43843 2711 0 391. 26.
92.97 3 GPS 0 0 0 0 0 0 0 177500 0 0
92.99 3 IR_SENSORS -688 9 1
92.99 3 DOWNLINK_STATUS 92 4152 254 0 35. 2.
93.22 3 COMMANDS 54,-14,-97,-616
93.22 3 NAVIGATION 0 1 0 0 286 0. 140.5
93.22 3 ATTITUDE 1 0 4
93.22 3 GYRO_RATES 47 79 -17 -0.410152 0.689405 0.148353
93.31 3 FBW_STATUS 0 0 119
93.31 3 ESTIMATOR 0. 0. 0. 0. 0.
93.31 3 BAT 28 119 0 0 186 0 1
93.31 3 GPS 0 0 0 0 0 0 0 177748 0 0
93.31 3 ACTUATORS 1499,1504,0,1204,1530
93.31 3 CALIBRATION 0. 0.02 0.5 0
93.31 3 NAVIGATION 0 1 0 0 286 0. 140.5
93.36 3 WP_MOVED 1 497586.6875 3565500. 770.
93.36 3 SERVO -9600 7775 83
93.48 3 DESIRED 0. 0. 0. 0. 761. 0.
93.48 3 IR_DEBUG 498 485 498 485
93.48 3 GPS 0 0 0 0 0 0 0 178000 0 0
93.89 3 NAVIGATION 0 1 0 0 286 0. 140.5
93.89 3 ATTITUDE 1 0 4
93.89 3 PPRZ_MODE 0 0 3 0 0 1 0
93.91 3 DOWNLINK_STATUS 3778 44135 2730 0 292. 19.
93.97 3 DOWNLINK_STATUS 93 4152 254 0 0. 0.
94.09 3 COMMANDS 0,4,-230,-720
94.10 3 NAVIGATION 0 1 0 0 286 0. 140.5
94.10 3 ATTITUDE 1 0 4
94.10 3 GYRO_RATES 47 79 -17 -0.410152 0.689405 0.148353
94.90 3 DOWNLINK_STATUS 3779 44135 2730 0 0. 0.
94.97 3 DOWNLINK_STATUS 94 4209 258 0 57. 4.
95.91 3 DOWNLINK_STATUS 3780 44135 2730 0 0. 0.
95.97 3 DOWNLINK_STATUS 95 4209 258 0 0. 0.
96.73 3 GPS 0 0 0 0 0 0 0 180748 0 0
96.82 3 DL_VALUE 21 20000.
96.83 3 NAVIGATION 0 1 0 0 286 0. 140.5
96.83 3 WP_MOVED 3 497546.40625 3565495.5 770.
96.83 3 RAD_OF_IR 8 0 0.00211
96.83 3 GPS 0 0 0 0 0 0 0 181248 0 0
96.83 3 IR_SENSORS -686 9 1
96.90 3 COMMANDS 49,171,30,-579
96.91 3 NAVIGATION 0 1 0 0 286 0. 140.5
96.91 3 ATTITUDE 1 0 4
96.91 3 GYRO_RATES 47 79 -17 -0.410152 0.689405 0.148353
96.91 3 DOWNLINK_STATUS 3781 44304 2741 0 169. 11.
96.97 3 DOWNLINK_STATUS 96 4209 258 0 0. 0.
97.01 3 FBW_STATUS 0 0 119
97.01 3 ESTIMATOR 0. 0. 0. 0. 0.
97.01 3 BAT 13 119 0 0 190 0 1
97.01 3 GPS 0 0 0 0 0 0 0 181500 0 0
97.01 3 CALIBRATION 0. 0.02 0.5 0
97.02 3 NAVIGATION 0 1 0 0 286 0. 140.5
97.22 3 WP_MOVED 4 497575. 3565498. 0.
97.22 3 SERVO -9600 7823 31
97.30 3 GPS 0 0 0 0 0 0 0 181748 0 0
97.31 3 DESIRED 0. 0. 0. 0. 761. 0.
97.31 3 IR_DEBUG 497 485 497 485
97.31 3 NAVIGATION 0 1 0 0 286 0. 140.5
97.31 3 ATTITUDE 1 0 4
97.38 3 ESTIMATOR 0. 0. 0. 0. 0.
97.50 3 GPS 0 0 0 0 0 0 0 182000 0 0
97.50 3 DL_VALUE 22 20000.
97.50 3 NAVIGATION 0 1 0 0 286 0. 140.5
97.90 3 DOWNLINK_STATUS 3782 44490 2752 0 186. 11.
97.97 3 DOWNLINK_STATUS 97 4310 264 0 101. 6.
98.25 3 NAVIGATION 0 1 0 0 286 0. 140.5
98.25 3 ATTITUDE 1 0 4
98.25 3 PPRZ_MODE 0 0 3 0 0 1 0
98.25 3 ATTITUDE 1 0 4
98.25 3 GYRO_RATES 47 79 -17 -0.410152 0.689405 0.148353
98.25 3 FBW_STATUS 0 0 119
98.32 3 ACTUATORS 1501,1505,0,1207,1536
98.33 3 GPS 0 0 0 0 0 0 0 182500 0 0
98.33 3 NAVIGATION 0 1 0 0 286 0. 140.5
98.33 3 WP_MOVED 1 497586.6875 3565500. 770.
98.33 3 DESIRED 0. 0. 0. 0. 761. 0.
98.36 3 NAVIGATION 0 1 0 0 286 0. 140.5
98.36 3 ATTITUDE 1 0 4
98.36 3 PPRZ_MODE 0 0 3 0 0 1 0
98.36 3 ESTIMATOR 0. 0. 0. 0. 0.
98.38 3 DL_VALUE 23 0.75
98.51 3 GPS 0 0 0 0 0 0 0 183000 0 0
98.51 3 NAVIGATION 0 1 0 0 286 0. 140.5
98.51 3 WP_MOVED 2 497622.6875 3565498.5 770.
98.51 3 RAD_OF_IR 8 0 0.00211
98.72 3 IR_SENSORS -687 8 1
98.81 3 COMMANDS 57,30,-52,-584
98.81 3 NAVIGATION 0 1 0 0 286 0. 140.5
98.81 3 GPS 0 0 0 0 0 0 0 183248 0 0
98.81 3 ATTITUDE 1 0 4
98.81 3 GYRO_RATES 47 79 -17 -0.410152 0.689405 0.148353
98.81 3 FBW_STATUS 0 0 119
98.90 3 DOWNLINK_STATUS 3783 44888 2779 0 398. 27.
98.91 3 BAT 34 119 0 0 192 0 1
98.97 3 DOWNLINK_STATUS 98 4310 264 0 0. 0.
98.98 3 WP_MOVED 3 497546.40625 3565495.5 770.
98.98 3 SERVO -9600 7775 54
99.65 3 NAVIGATION 0 1 0 0 286 0. 140.5
99.65 3 ATTITUDE 1 0 4
99.65 3 GPS 0 0 0 0 0 0 0 183748 0 0
99.65 3 ESTIMATOR 0. 0. 0. 0. 0.
99.65 3 DL_VALUE 24 20000.
99.65 3 NAVIGATION 0 1 0 0 286 0. 140.5
99.76 3 RAD_OF_IR 8 0 0.00211
99.80 3 GPS 0 0 0 0 0 0 0 184000 0 0
99.80 3 IR_SENSORS -687 8 1
99.80 3 COMMANDS 40,-9,-94,-584
99.80 3 NAVIGATION 0 1 0 0 286 0. 140.5
99.80 3 ATTITUDE 1 0 4
99.80 3 GYRO_RATES 47 79 -17 -0.410152 0.689405 0.148353
99.82 3 FBW_STATUS 0 0 119
99.91 3 DOWNLINK_STATUS 3784 45109 2794 0 221. 15.
99.92 3 WP_MOVED 0 497617. 3565540. 770.
99.93 3 GPS 0 0 0 0 0 0 0 184500 0 0
99.97 3 DOWNLINK_STATUS 99 4333 266 0 23. 2.
100.11 3 DESIRED 0. 0. 0. 0. 761. 0.
100.12 3 NAVIGATION 0 1 0 0 286 0. 140.5
100.12 3 ATTITUDE 1 0 4
100.21 3 GPS 0 0 0 0 0 0 0 184748 0 0
100.21 3 ESTIMATOR 0. 0. 0. 0. 0.
100.29 3 DL_VALUE 25 20000.
100.29 3 NAVIGATION 0 1 0 0 286 0. 140.5
100.38 3 WP_MOVED 1 497586.6875 3565500. 770.
100.39 3 RAD_OF_IR 8 0 0.00211
100.63 3 GPS 0 0 0 0 0 0 0 185000 0 0
100.63 3 IR_SENSORS -687 8 1
100.63 3 COMMANDS 37,-49,-151,-678
100.63 3 NAVIGATION 0 1 0 0 286 0. 140.5
100.63 3 ATTITUDE 1 0 4
100.63 3 GYRO_RATES 47 79 -17 -0.410152 0.689405 0.148353
100.63 3 FBW_STATUS 0 0 119
100.72 3 CALIBRATION 0. 0.02 0.5 0
100.78 3 NAVIGATION 0 1 0 0 286 0. 140.5
100.91 3 DOWNLINK_STATUS 3785 45380 2811 0 271. 17.
100.97 3 DOWNLINK_STATUS 100 4385 269 0 52. 3.
101.09 3 ESTIMATOR 0. 0. 0. 0. 0.
101.09 3 SERVO -9600 7823 91
101.14 3 ESTIMATOR 0. 0. 0. 0. 0.
101.28 3 NAVIGATION 0 1 0 0 286 0. 140.5
101.32 3 WP_MOVED 3 497546.40625 3565495.5 770.
101.32 3 RAD_OF_IR 7 0 0.00211
101.32 3 NAVIGATION_REF 497575 3565498 12
101.50 3 IR_SENSORS -684 7 1
101.63 3 GPS 0 0 0 0 0 0 0 186000 0 0
101.64 3 COMMANDS 2,0,-176,-767
101.64 3 NAVIGATION 0 1 0 0 286 0. 140.5
101.64 3 ATTITUDE 1 0 4
101.64 3 GYRO_RATES 47 79 -17 -0.410152 0.689405 0.148353
101.71 3 FBW_STATUS 0 0 119
101.82 3 WP_MOVED 4 497575. 3565498. 0.
101.91 3 DOWNLINK_STATUS 3786 45568 2824 0 188. 13.
101.98 3 DOWNLINK_STATUS 101 4415 271 0 30. 2.
102.64 3 ACTUATORS 1496,1505,0,1203,1538
102.64 3 CALIBRATION 0. 0.02 0.5 0
102.65 3 NAVIGATION 0 1 0 0 286 0. 140.5
102.65 3 WP_MOVED 0 497617. 3565540. 770.
102.65 3 RAD_OF_IR 7 0 0.00211
102.65 3 IR_SENSORS -685 7 1
102.76 3 ACTUATORS 1496,1505,0,1203,1538
102.76 3 CALIBRATION 0. 0.02 0.5 0
102.76 3 NAVIGATION 0 1 0 0 286 0. 140.5
102.76 3 GPS 0 0 0 0 0 0 0 187248 0 0
102.76 3 WP_MOVED 1 497586.6875 3565500. 770.
102.76 3 SERVO -9600 7870 179
102.82 3 DESIRED 0. 0. 0. 0. 761. 0.
102.82 3 IR_DEBUG 494 484 494 484
102.90 3 DOWNLINK_STATUS 3787 45647 2830 0 79. 6.
102.92 3 COMMANDS 69,-141,-40,-631
102.92 3 NAVIGATION 0 1 0 0 286 0. 140.5
102.93 3 GPS 0 0 0 0 0 0 0 187000 0 0
102.93 3 ATTITUDE 1 0 4
102.93 3 GYRO_RATES 47 79 -17 -0.410152 0.689405 0.148353
102.93 3 FBW_STATUS 0 0 119
102.98 3 DOWNLINK_STATUS 102 4547 279 0 132. 8.
103.11 3 ESTIMATOR 0. 0. 0. 0. 0.
103.12 3 DL_VALUE 28 10000.
103.12 3 NAVIGATION 0 1 0 0 286 0. 140.5
103.28 3 GPS 0 0 0 0 0 0 0 187748 0 0
103.40 3 COMMANDS 123,114,-50,-767
103.40 3 NAVIGATION 0 1 0 0 286 0. 140.5
103.40 3 ATTITUDE 1 0 4
103.40 3 GYRO_RATES 47 79 -17 -0.410152 0.689405 0.148353
103.63 3 GPS 0 0 0 0 0 0 0 188000 0 0
103.63 3 FBW_STATUS 0 0 119
103.63 3 ESTIMATOR 0. 0. 0. 0. 0.
103.81 3 NAVIGATION 0 1 0 0 286 0. 140.5
103.81 3 WP_MOVED 3 497546.40625 3565495.5 770.
103.91 3 GPS 0 0 0 0 0 0 0 188248 0 0
103.91 3 DESIRED 0. 0. 0. 0. 761. 0.
103.91 3 NAVIGATION 0 1 0 0 286 0. 140.5
103.91 3 ATTITUDE 1 0 4
103.91 3 DOWNLINK_STATUS 3788 45848 2842 0 201. 12.
103.98 3 DOWNLINK_STATUS 103 4732 290 0 185. 11.
104.12 3 GPS 0 0 0 0 0 0 0 188500 0 0
104.12 3 ESTIMATOR 0. 0. 0. 0. 0.
104.21 3 DL_VALUE 29 0.3
104.21 3 NAVIGATION 0 1 0 0 286 0. 140.5
104.21 3 WP_MOVED 4 497575. 3565498. 0.
104.21 3 RAD_OF_IR 7 0 0.00211
104.21 3 GPS 0 0 0 0 0 0 0 188748 0 0
104.21 3 IR_SENSORS -686 7 1
104.34 3 COMMANDS 76,58,-31,-638
104.34 3 NAVIGATION 0 1 0 0 286 0. 140.5
104.34 3 ATTITUDE 1 0 4
104.34 3 GYRO_RATES 47 79 -17 -0.410152 0.689405 0.148353
104.64 3 FBW_STATUS 0 0 119
104.64 3 ESTIMATOR 0. 0. 0. 0. 0.
104.64 3 BAT 44 119 0 0 198 0 1
104.64 3 GPS 0 0 0 0 0 0 0 189000 0 0
104.72 3 CALIBRATION 0. 0.02 0.5 0
104.72 3 NAVIGATION 0 1 0 0 286 0. 140.5
104.78 3 NAVIGATION 0 1 0 0 286 0. 140.5
104.78 3 ATTITUDE 1 0 4
104.90 3 DOWNLINK_STATUS 3789 46032 2854 0 184. 12.
104.92 3 ESTIMATOR 0. 0. 0. 0. 0.
104.92 3 GPS 0 0 0 0 0 0 0 189500 0 0
104.99 3 DOWNLINK_STATUS 104 4866 298 0 134. 8.
105.32 3 ESTIMATOR 0. 0. 0. 0. 0.
105.63 3 GPS 0 0 0 0 0 0 0 190000 0 0
105.63 3 NAVIGATION 0 1 0 0 286 0. 140.5
105.70 3 WP_MOVED 2 497622.6875 3565498.5 770.
105.70 3 DESIRED 0. 0. 0. 0. 761. 0.
105.73 3 GPS 0 0 0 0 0 0 0 190248 0 0
105.78 3 NAVIGATION 0 1 0 0 286 0. 140.5
105.78 3 ATTITUDE 1 0 4
105.84 3 GPS 0 0 0 0 0 0 0 189748 0 0
105.84 3 COMMANDS 53,49,-37,-606
105.84 3 NAVIGATION 0 1 0 0 286 0. 140.5
105.84 3 ATTITUDE 1 0 4
105.84 3 GYRO_RATES 47 79 -17 -0.410152 0.689405 0.148353
105.92 3 DOWNLINK_STATUS 3790 46165 2861 0 133. 7.
105.99 3 DOWNLINK_STATUS 105 5027 306 0 161. 8.
106.92 3 DOWNLINK_STATUS 3791 46165 2861 0 0. 0.
106.99 3 DOWNLINK_STATUS 106 5027 306 0 0. 0.
107.92 3 DOWNLINK_STATUS 3792 46165 2861 0 0. 0.
107.95 3 ESTIMATOR 0. 0. 0. 0. 0.
107.95 3 DL_VALUE 33 0.
107.95 3 NAVIGATION 0 1 0 0 286 0. 140.5
107.95 3 WP_MOVED 2 497622.6875 3565498.5 770.
107.95 3 RAD_OF_IR 7 0 0.00211
107.95 3 GPS 0 0 0 0 0 0 0 192500 0 0
107.98 3 IR_SENSORS -685 7 1
107.99 3 DOWNLINK_STATUS 107 5027 306 0 0. 0.
108.10 3 COMMANDS 7,-76,-239,-666
108.10 3 NAVIGATION 0 1 0 0 286 0. 140.5
108.10 3 ATTITUDE 1 0 4
108.11 3 GYRO_RATES 47 79 -17 -0.410152 0.689405 0.148353
108.22 3 CALIBRATION 0. 0.02 0.5 0
108.41 3 NAVIGATION 0 1 0 0 286 0. 140.5
108.54 3 WP_MOVED 3 497546.40625 3565495.5 770.
108.54 3 SERVO -9600 7870 53
108.54 3 DESIRED 0. 0. 0. 0. 761. 0.
108.54 3 IR_DEBUG 494 484 494 484
108.54 3 GPS 0 0 0 0 0 0 0 193000 0 0
108.54 3 NAVIGATION 0 1 0 0 286 0. 140.5
108.54 3 ATTITUDE 1 0 4
108.60 3 ESTIMATOR 0. 0. 0. 0. 0.
108.69 3 GPS 0 0 0 0 0 0 0 193248 0 0
108.69 3 DL_VALUE 34 0.01
108.81 3 NAVIGATION 0 1 0 0 286 0. 140.5
108.85 3 WP_MOVED 4 497575. 3565498. 0.
108.85 3 RAD_OF_IR 7 0 0.00211
108.92 3 IR_SENSORS -684 7 1
108.92 3 GPS 0 0 0 0 0 0 0 193500 0 0
108.93 3 DOWNLINK_STATUS 3793 46536 2884 0 371. 23.
108.99 3 DOWNLINK_STATUS 108 5099 311 0 72. 5.
109.02 3 COMMANDS 47,-29,-78,-681
109.02 3 NAVIGATION 0 1 0 0 286 0. 140.5
109.02 3 ATTITUDE 1 0 4
109.03 3 GYRO_RATES 47 79 -18 -0.410152 0.689405 0.15708
109.09 3 FBW_STATUS 0 0 119
109.09 3 ESTIMATOR 0. 0. 0. 0. 0.
109.92 3 DOWNLINK_STATUS 3794 46536 2884 0 0. 0.
109.99 3 DOWNLINK_STATUS 109 5183 317 0 84. 6.
110.33 3 GPS 0 0 0 0 0 0 0 194500 0 0
110.33 3 ATTITUDE 1 0 4
110.33 3 GYRO_RATES 47 79 -17 -0.410152 0.689405 0.148353
110.33 3 FBW_STATUS 0 0 119
110.33 3 ESTIMATOR 0. 0. 0. 0. 0.
110.33 3 BAT 97 119 0 0 204 0 1
110.37 3 NAVIGATION 0 1 0 0 286 0. 140.5
110.37 3 GPS 0 0 0 0 0 0 0 194748 0 0
110.37 3 WP_MOVED 2 497622.6875 3565498.5 770.
110.37 3 SERVO -9600 7870 89
110.39 3 NAVIGATION 0 1 0 0 286 0. 140.5
110.39 3 ATTITUDE 1 0 4
110.42 3 GPS 0 0 0 0 0 0 0 195000 0 0
110.49 3 ESTIMATOR 0. 0. 0. 0. 0.
110.92 3 DOWNLINK_STATUS 3795 46632 2890 0 96. 6.
110.99 3 DOWNLINK_STATUS 110 5326 325 0 143. 8.
111.65 3 WP_MOVED 0 497617. 3565540. 770.
111.65 3 RAD_OF_IR 7 0 0.00211
111.65 3 NAVIGATION 0 1 0 0 286 0. 140.5
111.65 3 WP_MOVED 4 497575. 3565498. 0.
111.76 3 WP_MOVED 0 497617. 3565540. 770.
111.77 3 RAD_OF_IR 7 0 0.00211
111.77 3 GPS 0 0 0 0 0 0 0 196248 0 0
111.77 3 IR_SENSORS -685 6 1
111.83 3 COMMANDS 84,68,27,-606
111.83 3 NAVIGATION 0 1 0 0 286 0. 140.5
111.83 3 ATTITUDE 1 0 4
111.83 3 GYRO_RATES 47 79 -17 -0.410152 0.689405 0.148353
111.91 3 DOWNLINK_STATUS 3796 46690 2894 0 58. 4.
111.99 3 DOWNLINK_STATUS 111 5443 333 0 117. 8.
112.92 3 DOWNLINK_STATUS 3797 46690 2894 0 0. 0.
112.99 3 DOWNLINK_STATUS 112 5443 333 0 0. 0.
113.92 3 DOWNLINK_STATUS 3798 46690 2894 0 0. 0.
113.99 3 DOWNLINK_STATUS 113 5443 333 0 0. 0.
114.23 3 WP_MOVED 0 497617. 3565540. 770.
114.23 3 SERVO -9600 7918 15
114.35 3 DESIRED 0. 0. 0. 0. 761. 0.
114.35 3 NAVIGATION 0 1 0 0 286 0. 140.5
114.35 3 ATTITUDE 1 0 4
114.35 3 ESTIMATOR 0. 0. 0. 0. 0.
114.35 3 GPS 0 0 0 0 0 0 0 196000 0 0
114.35 3 DL_VALUE 40 0.5
114.52 3 NAVIGATION 0 1 0 0 286 0. 140.5
114.52 3 WP_MOVED 1 497586.6875 3565500. 770.
114.52 3 RAD_OF_IR 6 0 0.00211
114.52 3 GPS 0 0 0 0 0 0 0 199000 0 0
114.52 3 IR_SENSORS -685 6 1
114.86 3 COMMANDS 49,-35,-119,-541
114.86 3 NAVIGATION 0 1 0 0 286 0. 140.5
114.86 3 ATTITUDE 1 0 4
114.86 3 GYRO_RATES 47 79 -17 -0.410152 0.689405 0.148353
114.86 3 GPS 0 0 0 0 0 0 0 199248 0 0
114.86 3 FBW_STATUS 0 0 119
114.86 3 ESTIMATOR 0. 0. 0. 0. 0.
114.89 3 NAVIGATION 0 1 0 0 286 0. 140.5
114.92 3 WP_MOVED 2 497622.6875 3565498.5 770.
114.92 3 GPS 0 0 0 0 0 0 0 199500 0 0
114.92 3 DOWNLINK_STATUS 3799 47047 2915 0 357. 21.
114.99 3 DESIRED 0. 0. 0. 0. 761. 0.
115.00 3 DOWNLINK_STATUS 114 5466 335 0 23. 2.
115.10 3 NAVIGATION 0 1 0 0 286 0. 140.5
115.10 3 ATTITUDE 1 0 4
115.34 3 GPS 0 0 0 0 0 0 0 199748 0 0
115.34 3 ESTIMATOR 0. 0. 0. 0. 0.
115.53 3 DL_VALUE 41 1.
115.53 3 NAVIGATION 0 1 0 0 286 0. 140.5
115.53 3 WP_MOVED 3 497546.40625 3565495.5 770.
115.53 3 RAD_OF_IR 6 0 0.00211
115.53 3 GPS 0 0 0 0 0 0 0 200000 0 0
115.53 3 IR_SENSORS -685 6 1
115.62 3 COMMANDS 64,0,-70,-601
115.62 3 NAVIGATION 0 1 0 0 286 0. 140.5
115.62 3 ATTITUDE 1 0 4
115.63 3 GYRO_RATES 47 79 -17 -0.410152 0.689405 0.148353
115.63 3 FBW_STATUS 0 0 119
115.84 3 ESTIMATOR 0. 0. 0. 0. 0.
115.84 3 BAT 55 119 0 0 210 0 1
115.84 3 GPS 0 0 0 0 0 0 0 200248 0 0
115.92 3 CALIBRATION 0. 0.02 0.5 0
115.92 3 NAVIGATION 0 1 0 0 286 0. 140.5
115.92 3 WP_MOVED 4 497575. 3565498. 0.
115.92 3 SERVO -9600 7870 58
115.92 3 DOWNLINK_STATUS 3800 47388 2936 0 341. 21.
116.00 3 DOWNLINK_STATUS 115 5492 337 0 26. 2.
116.03 3 GPS 0 0 0 0 0 0 0 200500 0 0
116.03 3 DESIRED 0. 0. 0. 0. 761. 0.
116.03 3 IR_DEBUG 495 485 495 485
116.03 3 NAVIGATION 0 1 0 0 286 0. 140.5
116.03 3 ATTITUDE 1 0 4
116.10 3 ESTIMATOR 0. 0. 0. 0. 0.
116.86 3 WP_MOVED 0 497617. 3565540. 770.
116.86 3 RAD_OF_IR 7 0 0.00211
116.86 3 IR_SENSORS -686 6 1
116.86 3 GPS 0 0 0 0 0 0 0 201000 0 0
116.87 3 COMMANDS 55,-62,-130,-626
116.87 3 NAVIGATION 0 1 0 0 286 0. 140.5
116.92 3 DOWNLINK_STATUS 3801 47477 2942 0 89. 6.
116.94 3 GYRO_RATES 47 79 -17 -0.410152 0.689405 0.148353
116.94 3 FBW_STATUS 0 0 119
116.94 3 ESTIMATOR 0. 0. 0. 0. 0.
116.94 3 ACTUATORS 1499,1503,0,1203,1529
116.94 3 GPS 0 0 0 0 0 0 0 201248 0 0
116.94 3 NAVIGATION 0 1 0 0 286 0. 140.5
117.00 3 DOWNLINK_STATUS 116 5603 343 0 111. 6.
117.09 3 ESTIMATOR 0. 0. 0. 0. 0.
117.12 3 DL_VALUE 0 761.
117.92 3 DOWNLINK_STATUS 3802 47582 2948 0 105. 6.
118.00 3 DOWNLINK_STATUS 117 5632 345 0 29. 2.
118.92 3 DOWNLINK_STATUS 3803 47582 2948 0 0. 0.
119.00 3 DOWNLINK_STATUS 118 5632 345 0 0. 0.
119.92 3 DOWNLINK_STATUS 3804 47582 2948 0 0. 0.
120.00 3 DOWNLINK_STATUS 119 5632 345 0 0. 0.
120.92 3 DOWNLINK_STATUS 3805 47582 2948 0 0. 0.
121.00 3 DOWNLINK_STATUS 120 5632 345 0 0. 0.
121.92 3 DOWNLINK_STATUS 3806 47582 2948 0 0. 0.
122.00 3 DOWNLINK_STATUS 121 5632 345 0 0. 0.
122.82 3 NAVIGATION 0 1 0 0 286 0. 140.5
122.82 3 ATTITUDE 1 0 5
122.84 3 NAVIGATION 0 1 0 0 286 0. 140.5
122.91 3 WP_MOVED 4 497575. 3565498. 0.
122.91 3 RAD_OF_IR 10 0 0.00211
122.91 3 GPS 0 0 0 0 0 0 0 207500 0 0
122.92 3 DOWNLINK_STATUS 3807 47678 2954 0 96. 6.
122.92 3 IR_SENSORS -681 10 1
123.00 3 DOWNLINK_STATUS 122 5632 345 0 0. 0.
123.24 3 COMMANDS 27,-10,-93,-469
123.24 3 NAVIGATION 0 1 0 0 286 0. 140.5
123.24 3 ATTITUDE 1 0 5
123.24 3 GYRO_RATES 47 79 -17 -0.410152 0.689405 0.148353
123.24 3 FBW_STATUS 0 0 119
123.36 3 ESTIMATOR 0. 0. 0. 0. 0.
123.36 3 BAT 42 119 0 0 218 0 1
123.36 3 GPS 0 0 0 0 0 0 0 207748 0 0
123.36 3 CALIBRATION 0. 0.02 0.5 0
123.36 3 NAVIGATION 0 1 0 0 286 0. 140.5
123.36 3 WP_MOVED 0 497617. 3565540. 770.
123.53 3 DESIRED 0. 0. 0. 0. 761. 0.
123.53 3 IR_DEBUG 494 481 494 481
123.53 3 GPS 0 0 0 0 0 0 0 208000 0 0
123.53 3 NAVIGATION 0 1 0 0 286 0. 140.5
123.53 3 ATTITUDE 1 0 4
123.72 3 ESTIMATOR 0. 0. 0. 0. 0.
123.76 3 GPS 0 0 0 0 0 0 0 208248 0 0
123.80 3 DL_VALUE 7 0.
123.80 3 NAVIGATION 0 1 0 0 286 0. 140.5
123.80 3 WP_MOVED 1 497586.6875 3565500. 770.
123.84 3 RAD_OF_IR 7 0 0.00211
123.91 3 IR_SENSORS -686 7 1
123.91 3 GPS 0 0 0 0 0 0 0 208500 0 0
123.92 3 DOWNLINK_STATUS 3808 47960 2970 0 282. 16.
124.00 3 DOWNLINK_STATUS 123 5754 354 0 122. 9.
124.02 3 COMMANDS 57,6,-74,-583
124.02 3 NAVIGATION 0 1 0 0 286 0. 140.5
124.02 3 ATTITUDE 1 0 4
124.02 3 GYRO_RATES 47 79 -17 -0.410152 0.689405 0.148353
124.03 3 FBW_STATUS 0 0 119
124.22 3 ESTIMATOR 0. 0. 0. 0. 0.
124.32 3 GPS 0 0 0 0 0 0 0 208748 0 0
124.32 3 NAVIGATION 0 1 0 0 286 0. 140.5
124.32 3 WP_MOVED 2 497622.6875 3565498.5 770.
124.53 3 DESIRED 0. 0. 0. 0. 761. 0.
124.53 3 GPS 0 0 0 0 0 0 0 209000 0 0
124.53 3 NAVIGATION 0 1 0 0 286 0. 140.5
124.53 3 ATTITUDE 1 0 4
124.72 3 ESTIMATOR 0. 0. 0. 0. 0.
124.92 3 DOWNLINK_STATUS 3809 48121 2978 0 161. 8.
124.96 3 DL_VALUE 8 0.
124.96 3 GPS 0 0 0 0 0 0 0 209248 0 0
124.96 3 NAVIGATION 0 1 0 0 286 0. 140.5
124.96 3 WP_MOVED 3 497546.40625 3565495.5 770.
124.96 3 RAD_OF_IR 7 0 0.00211
124.96 3 IR_SENSORS -686 6 1
125.00 3 DOWNLINK_STATUS 124 5838 360 0 84. 6.
125.05 3 COMMANDS 34,7,-102,-616
125.05 3 NAVIGATION 0 1 0 0 286 0. 140.5
125.05 3 GPS 0 0 0 0 0 0 0 209500 0 0
125.05 3 ATTITUDE 1 0 4
125.05 3 GYRO_RATES 47 79 -17 -0.410152 0.689405 0.148353
125.05 3 FBW_STATUS 0 0 119
125.05 3 ESTIMATOR 0. 0. 0. 0. 0.
125.32 3 CALIBRATION 0. 0.02 0.5 0
125.45 3 NAVIGATION 0 1 0 0 286 0. 140.5
125.45 3 ATTITUDE 1 0 4
125.45 3 GPS 0 0 0 0 0 0 0 210000 0 0
125.50 3 ESTIMATOR 0. 0. 0. 0. 0.
125.60 3 DL_VALUE 9 -1.5
125.60 3 NAVIGATION 0 1 0 0 286 0. 140.5
125.92 3 DOWNLINK_STATUS 3810 48221 2985 0 100. 7.
126.00 3 DOWNLINK_STATUS 125 6049 373 0 211. 13.
126.92 3 DOWNLINK_STATUS 3811 48221 2985 0 0. 0.
127.00 3 DOWNLINK_STATUS 126 6049 373 0 0. 0.
127.92 3 DOWNLINK_STATUS 3812 48221 2985 0 0. 0.
128.00 3 DOWNLINK_STATUS 127 6049 373 0 0. 0.
128.92 3 DOWNLINK_STATUS 3813 48221 2985 0 0. 0.
128.97 3 GPS 0 0 0 0 0 0 0 213500 0 0
128.98 3 WP_MOVED 2 497622.6875 3565498.5 770.
128.98 3 SERVO -9600 7918 17472
128.98 3 RAD_OF_IR 7 0 0.00211
128.98 3 IR_SENSORS -686 6 1
128.98 3 COMMANDS 171,228,-45,-869
128.98 3 NAVIGATION 0 1 0 0 286 0. 140.5
129.00 3 DOWNLINK_STATUS 128 6049 373 0 0. 0.
129.05 3 ATTITUDE 1 0 4
129.05 3 GYRO_RATES 47 79 -17 -0.410152 0.689405 0.148353
129.05 3 FBW_STATUS 0 0 119
129.05 3 ESTIMATOR 0. 0. 0. 0. 0.
129.05 3 BAT 0 119 0 0 224 0 1
129.05 3 CALIBRATION 0. 0.02 0.5 0
129.14 3 GPS 0 0 0 0 0 0 0 213500 0 0
129.14 3 WP_MOVED 2 497622.6875 3565498.5 770.
129.14 3 SERVO -9600 7918 19
129.14 3 DESIRED 0. 0. 0. 0. 761. 0.
129.14 3 IR_DEBUG 495 485 495 485
129.25 3 NAVIGATION 0 1 0 0 286 0. 140.5
129.25 3 ATTITUDE 1 0 4
129.25 3 GPS 0 0 0 0 0 0 0 213748 0 0
129.25 3 ESTIMATOR 0. 0. 0. 0. 0.
129.93 3 DOWNLINK_STATUS 3814 48318 2992 0 97. 7.
130.00 3 DOWNLINK_STATUS 129 6294 388 0 245. 15.
130.38 3 DL_VALUE 14 0.
130.38 3 NAVIGATION 0 1 0 0 286 0. 140.5
130.38 3 WP_MOVED 0 497617. 3565540. 770.
130.38 3 ESTIMATOR 0. 0. 0. 0. 0.
130.38 3 NAVIGATION 0 1 0 0 286 0. 140.5
130.38 3 WP_MOVED 4 497575. 3565498. 0.
130.45 3 DESIRED 0. 0. 0. 0. 761. 0.
130.45 3 NAVIGATION 0 1 0 0 286 0. 140.5
130.45 3 ATTITUDE 1 0 4
130.45 3 GPS 0 0 0 0 0 0 0 214748 0 0
130.92 3 DOWNLINK_STATUS 3815 48492 3002 0 174. 10.
131.00 3 DOWNLINK_STATUS 130 6294 388 0 0. 0.
131.74 3 WP_MOVED 0 497617. 3565540. 770.
131.74 3 RAD_OF_IR 7 0 0.00211
131.74 3 GPS 0 0 0 0 0 0 0 215000 0 0
131.74 3 IR_SENSORS -684 7 1
131.91 3 DESIRED 0. 0. 0. 0. 761. 0.
131.92 3 DOWNLINK_STATUS 3816 48552 3006 0 60. 4.
131.96 3 GPS 0 0 0 0 0 0 0 216500 0 0
131.96 3 NAVIGATION 0 1 0 0 286 0. 140.5
131.96 3 ATTITUDE 1 0 5
132.00 3 DOWNLINK_STATUS 131 6320 389 0 26. 1.
132.04 3 ESTIMATOR 0. 0. 0. 0. 0.
132.22 3 DL_VALUE 16 470.
132.26 3 GPS 0 0 0 0 0 0 0 216748 0 0
132.26 3 NAVIGATION 0 1 0 0 286 0. 140.5
132.26 3 WP_MOVED 4 497575. 3565498. 0.
132.27 3 RAD_OF_IR 11 0 0.00211
132.30 3 IR_SENSORS -681 11 1
132.55 3 COMMANDS 40,-24,-99,-558
132.55 3 NAVIGATION 0 1 0 0 286 0. 140.5
132.55 3 ATTITUDE 1 0 5
132.55 3 GYRO_RATES 47 79 -17 -0.410152 0.689405 0.148353
132.55 3 GPS 0 0 0 0 0 0 0 217000 0 0
132.55 3 FBW_STATUS 0 0 119
132.55 3 ESTIMATOR 0. 0. 0. 0. 0.
132.92 3 DOWNLINK_STATUS 3817 48724 3017 0 172. 11.
133.00 3 DOWNLINK_STATUS 132 6419 395 0 99. 6.
133.18 3 WP_MOVED 0 497617. 3565540. 770.
133.18 3 SERVO -9600 7775 0
133.18 3 DESIRED 0. 0. 0. 0. 761. 0.
133.18 3 IR_DEBUG 495 483 495 483
133.18 3 NAVIGATION 0 1 0 0 286 0. 140.5
133.18 3 ATTITUDE 1 0 4
133.18 3 GPS 0 0 0 0 0 0 0 217500 0 0
133.25 3 DL_VALUE 17 405.
133.25 3 NAVIGATION 0 1 0 0 286 0. 140.5
133.25 3 GPS 0 0 0 0 0 0 0 217748 0 0
133.25 3 WP_MOVED 1 497586.6875 3565500. 770.
133.25 3 RAD_OF_IR 11 0 0.00211
133.25 3 IR_SENSORS -689 11 1
133.67 3 COMMANDS 27,-51,-200,-700
133.67 3 NAVIGATION 0 1 0 0 286 0. 140.5
133.67 3 ATTITUDE 1 0 3
133.67 3 GYRO_RATES 47 79 -17 -0.410152 0.689405 0.148353
133.68 3 GPS 0 0 0 0 0 0 0 218000 0 0
133.68 3 FBW_STATUS 0 0 119
133.68 3 ESTIMATOR 0. 0. 0. 0. 0.
133.73 3 NAVIGATION 0 1 0 0 286 0. 140.5
133.73 3 WP_MOVED 2 497622.6875 3565498.5 770.
133.73 3 GPS 0 0 0 0 0 0 0 218248 0 0
133.92 3 DOWNLINK_STATUS 3818 48895 3027 0 171. 10.
133.94 3 GPS 0 0 0 0 0 0 0 218500 0 0
133.94 3 ESTIMATOR 0. 0. 0. 0. 0.
134.00 3 DOWNLINK_STATUS 133 6616 408 0 197. 13.
134.14 3 DL_VALUE 18 473.
134.14 3 NAVIGATION 0 1 0 0 286 0. 140.5
134.22 3 WP_MOVED 3 497546.40625 3565495.5 770.
134.22 3 RAD_OF_IR 11 0 0.00211
134.22 3 GPS 0 0 0 0 0 0 0 218748 0 0
134.23 3 IR_SENSORS -690 11 1
134.33 3 COMMANDS 58,-34,-72,-688
134.33 3 NAVIGATION 0 1 0 0 286 0. 140.5
134.33 3 ATTITUDE 1 0 3
134.33 3 GYRO_RATES 47 79 -17 -0.410152 0.689405 0.148353
134.34 3 FBW_STATUS 0 0 119
134.44 3 ESTIMATOR 0. 0. 0. 0. 0.
134.44 3 BAT 100 119 0 0 230 0 1
134.44 3 GPS 0 0 0 0 0 0 0 219000 0 0
134.64 3 CALIBRATION 0. 0.02 0.5 0
134.64 3 NAVIGATION 0 1 0 0 286 0. 140.5
134.74 3 WP_MOVED 4 497575. 3565498. 0.
134.74 3 SERVO -9600 7680 96
134.74 3 GPS 0 0 0 0 0 0 0 219248 0 0
134.74 3 DESIRED 0. 0. 0. 0. 761. 0.
134.74 3 IR_DEBUG 501 484 501 484
134.75 3 NAVIGATION 0 1 0 0 286 0. 140.5
134.75 3 ATTITUDE 1 0 3
134.85 3 ESTIMATOR 0. 0. 0. 0. 0.
134.91 3 GPS 0 0 0 0 0 0 0 219500 0 0
134.92 3 DL_VALUE 19 0.
134.92 3 DOWNLINK_STATUS 3819 49270 3049 0 375. 22.
135.00 3 DOWNLINK_STATUS 134 6701 414 0 85. 6.
135.25 3 NAVIGATION 0 1 0 0 286 0. 140.5
135.25 3 WP_MOVED 0 497617. 3565540. 770.
135.25 3 RAD_OF_IR 11 0 0.00211
135.25 3 NAVIGATION_REF 497575 3565498 12
135.34 3 IR_SENSORS -688 9 1
135.34 3 GPS 0 0 0 0 0 0 0 219748 0 0
135.34 3 COMMANDS 70,-138,-44,-636
135.34 3 NAVIGATION 0 1 0 0 286 0. 140.5
135.34 3 ATTITUDE 1 0 4
135.34 3 GYRO_RATES 47 79 -18 -0.410152 0.689405 0.15708
135.46 3 ACTUATORS 1497,1506,0,1203,1539
135.46 3 GPS 0 0 0 0 0 0 0 220000 0 0
135.46 3 NAVIGATION 0 1 0 0 286 0. 140.5
135.51 3 WP_MOVED 1 497586.6875 3565500. 770.
135.74 3 DESIRED 0. 0. 0. 0. 761. 0.
135.83 3 GPS 0 0 0 0 0 0 0 220248 0 0
135.83 3 NAVIGATION 0 1 0 0 286 0. 140.5
135.83 3 ATTITUDE 1 0 3
135.83 3 PPRZ_MODE 0 0 3 0 0 1 0
135.83 3 ESTIMATOR 0. 0. 0. 0. 0.
135.92 3 DOWNLINK_STATUS 3820 49545 3065 0 275. 16.
135.94 3 DL_VALUE 20 0.75
135.94 3 GPS 0 0 0 0 0 0 0 220500 0 0
135.94 3 NAVIGATION 0 1 0 0 286 0. 140.5
136.00 3 DOWNLINK_STATUS 135 6755 418 0 54. 4.
136.04 3 WP_MOVED 2 497622.6875 3565498.5 770.
136.04 3 RAD_OF_IR 10 0 0.00211
136.23 3 IR_SENSORS -689 10 1
136.35 3 COMMANDS 147,146,-48,-812
136.35 3 NAVIGATION 0 1 0 0 286 0. 140.5
136.35 3 GPS 0 0 0 0 0 0 0 220748 0 0
136.35 3 ATTITUDE 1 0 4
136.35 3 GYRO_RATES 47 79 -17 -0.410152 0.689405 0.148353
136.35 3 FBW_STATUS 0 0 119
136.35 3 ESTIMATOR 0. 0. 0. 0. 0.
136.53 3 NAVIGATION 0 1 0 0 286 0. 140.5
136.53 3 GPS 0 0 0 0 0 0 0 221000 0 0
136.53 3 WP_MOVED 3 497546.40625 3565495.5 770.
136.53 3 SERVO -9600 7870 14
136.74 3 DESIRED 0. 0. 0. 0. 761. 0.
136.74 3 IR_DEBUG 497 486 497 486
136.83 3 NAVIGATION 0 1 0 0 286 0. 140.5
136.87 3 ATTITUDE 1 0 4
136.87 3 GPS 0 0 0 0 0 0 0 221248 0 0
136.87 3 ESTIMATOR 0. 0. 0. 0. 0.
136.87 3 DL_VALUE 21 20000.
136.87 3 NAVIGATION 0 1 0 0 286 0. 140.5
136.92 3 DOWNLINK_STATUS 3821 49912 3087 0 367. 22.
136.95 3 GPS 0 0 0 0 0 0 0 221500 0 0
136.95 3 WP_MOVED 4 497575. 3565498. 0.
136.95 3 RAD_OF_IR 8 0 0.00211
137.00 3 DOWNLINK_STATUS 136 6788 421 0 33. 3.
137.44 3 NAVIGATION 0 1 0 0 286 0. 140.5
137.44 3 WP_MOVED 0 497617. 3565540. 770.
137.44 3 GPS 0 0 0 0 0 0 0 222000 0 0
137.51 3 DESIRED 0. 0. 0. 0. 761. 0.
137.61 3 NAVIGATION 0 1 0 0 286 0. 140.5
137.61 3 ATTITUDE 1 0 4
137.85 3 GPS 0 0 0 0 0 0 0 222248 0 0
137.85 3 ESTIMATOR 0. 0. 0. 0. 0.
137.92 3 DL_VALUE 22 20000.
137.92 3 NAVIGATION 0 1 0 0 286 0. 140.5
137.92 3 WP_MOVED 1 497586.6875 3565500. 770.
137.92 3 RAD_OF_IR 9 0 0.00211
137.92 3 DOWNLINK_STATUS 3822 50175 3102 0 263. 15.
137.93 3 GPS 0 0 0 0 0 0 0 222500 0 0
137.93 3 IR_SENSORS -686 9 1
138.00 3 DOWNLINK_STATUS 137 6788 421 0 0. 0.
138.38 3 COMMANDS 29,6,-75,-489
138.38 3 NAVIGATION 0 1 0 0 286 0. 140.5
138.38 3 ATTITUDE 1 0 4
138.38 3 GYRO_RATES 47 79 -17 -0.410152 0.689405 0.148353
138.38 3 FBW_STATUS 0 0 119
138.38 3 ESTIMATOR 0. 0. 0. 0. 0.
138.38 3 BAT 45 119 0 0 234 0 1
138.43 3 CALIBRATION 0. 0.02 0.5 0
138.43 3 NAVIGATION 0 1 0 0 286 0. 140.5
138.43 3 WP_MOVED 2 497622.6875 3565498.5 770.
138.43 3 SERVO -9600 7775 40
138.53 3 GPS 0 0 0 0 0 0 0 223000 0 0
138.53 3 DESIRED 0. 0. 0. 0. 761. 0.
138.53 3 IR_DEBUG 497 483 497 483
138.61 3 ESTIMATOR 0. 0. 0. 0. 0.
138.86 3 DL_VALUE 23 0.75
138.86 3 NAVIGATION 0 1 0 0 286 0. 140.5
138.86 3 WP_MOVED 3 497546.40625 3565495.5 770.
138.86 3 RAD_OF_IR 9 0 0.00211
138.92 3 IR_SENSORS -686 9 1
138.92 3 GPS 0 0 0 0 0 0 0 223500 0 0
138.92 3 DOWNLINK_STATUS 3823 50512 3124 0 337. 22.
139.00 3 DOWNLINK_STATUS 138 6810 422 0 22. 1.
139.03 3 COMMANDS 43,-34,-119,-638
139.03 3 NAVIGATION 0 1 0 0 286 0. 140.5
139.03 3 ATTITUDE 1 0 4
139.03 3 GYRO_RATES 47 79 -17 -0.410152 0.689405 0.148353
139.11 3 ESTIMATOR 0. 0. 0. 0. 0.
139.34 3 GPS 0 0 0 0 0 0 0 223748 0 0
139.43 3 NAVIGATION 0 1 0 0 286 0. 140.5
139.43 3 WP_MOVED 4 497575. 3565498. 0.
139.43 3 DESIRED 0. 0. 0. 0. 761. 0.
139.65 3 GPS 0 0 0 0 0 0 0 224000 0 0
139.65 3 NAVIGATION 0 1 0 0 286 0. 140.5
139.65 3 ATTITUDE 1 0 4
139.87 3 ESTIMATOR 0. 0. 0. 0. 0.
139.87 3 DL_VALUE 24 20000.
139.87 3 GPS 0 0 0 0 0 0 0 224248 0 0
139.87 3 NAVIGATION 0 1 0 0 286 0. 140.5
139.87 3 WP_MOVED 0 497617. 3565540. 770.
139.87 3 RAD_OF_IR 9 0 0.00211
139.90 3 IR_SENSORS -686 9 1
139.92 3 DOWNLINK_STATUS 3824 50780 3139 0 268. 15.
140.00 3 DOWNLINK_STATUS 139 6867 426 0 57. 4.
140.36 3 ACTUATORS 1491,1504,0,1204,1527
140.36 3 CALIBRATION 0. 0.02 0.5 0
140.36 3 NAVIGATION 0 1 0 0 286 0. 140.5
140.36 3 GPS 0 0 0 0 0 0 0 224748 0 0
140.45 3 WP_MOVED 1 497586.6875 3565500. 770.
140.45 3 SERVO -9600 7775 106
140.45 3 DESIRED 0. 0. 0. 0. 761. 0.
140.45 3 IR_DEBUG 496 483 496 483
140.45 3 NAVIGATION 0 1 0 0 286 0. 140.5
140.45 3 ATTITUDE 1 0 4
140.45 3 PPRZ_MODE 0 0 3 0 0 1 0
140.51 3 ESTIMATOR 0. 0. 0. 0. 0.
140.60 3 DL_VALUE 25 20000.
140.62 3 NAVIGATION 0 1 0 0 286 0. 140.5
140.85 3 GPS 0 0 0 0 0 0 0 225248 0 0
140.85 3 WP_MOVED 2 497622.6875 3565498.5 770.
140.85 3 RAD_OF_IR 9 0 0.00211
140.92 3 DOWNLINK_STATUS 3825 51046 3156 0 266. 17.
140.95 3 IR_SENSORS -685 9 1
140.95 3 COMMANDS 66,-183,-36,-628
140.95 3 NAVIGATION 0 1 0 0 286 0. 140.5
140.95 3 ATTITUDE 1 0 4
140.95 3 GYRO_RATES 47 79 -17 -0.410152 0.689405 0.148353
140.95 3 GPS 0 0 0 0 0 0 0 225500 0 0
140.95 3 FBW_STATUS 0 0 119
141.00 3 DOWNLINK_STATUS 140 6867 426 0 0. 0.
141.13 3 NAVIGATION 0 1 0 0 286 0. 140.5
141.13 3 WP_MOVED 3 497546.40625 3565495.5 770.
141.36 3 DESIRED 0. 0. 0. 0. 761. 0.
141.36 3 NAVIGATION 0 1 0 0 286 0. 140.5
141.36 3 ATTITUDE 1 0 4
141.45 3 ESTIMATOR 0. 0. 0. 0. 0.
141.45 3 GPS 0 0 0 0 0 0 0 226000 0 0
141.53 3 DL_VALUE 26 0.75
141.53 3 NAVIGATION 0 1 0 0 286 0. 140.5
141.61 3 WP_MOVED 4 497575. 3565498. 0.
141.61 3 RAD_OF_IR 11 0 0.00211
141.84 3 GPS 0 0 0 0 0 0 0 226248 0 0
141.92 3 DOWNLINK_STATUS 3826 51321 3173 0 275. 17.
141.94 3 IR_SENSORS -686 12 1
141.94 3 COMMANDS 136,151,-48,-797
141.94 3 NAVIGATION 0 1 0 0 286 0. 140.5
141.94 3 ATTITUDE 2 0 4
141.94 3 GYRO_RATES 47 79 -17 -0.410152 0.689405 0.148353
141.94 3 FBW_STATUS 0 0 119
141.95 3 ESTIMATOR 0. 0. 0. 0. 0.
141.95 3 BAT 0 119 0 0 238 0 1
141.95 3 GPS 0 0 0 0 0 0 0 226500 0 0
142.00 3 DOWNLINK_STATUS 141 6900 428 0 33. 2.
142.01 3 CALIBRATION 0. 0.02 0.5 0
142.01 3 NAVIGATION 0 1 0 0 286 0. 140.5
142.11 3 WP_MOVED 0 497617. 3565540. 770.
142.11 3 SERVO -9600 8535 31
142.35 3 GPS 0 0 0 0 0 0 0 226748 0 0
142.35 3 DESIRED 0. 0. 0. 0. 761. 0.
142.35 3 IR_DEBUG 473 553 473 553
142.42 3 NAVIGATION 0 1 0 0 286 0. 140.5
142.42 3 ATTITUDE -7 0 0
142.42 3 ESTIMATOR 0. 0. 0. 0. 0.
142.43 3 GPS 0 0 0 0 0 0 0 227000 0 0
142.43 3 DL_VALUE 27 10000.
142.55 3 NAVIGATION 0 1 0 0 286 0. 140.5
142.55 3 WP_MOVED 1 497586.6875 3565500. 770.
142.55 3 RAD_OF_IR 11 0 0.00211
142.61 3 IR_SENSORS -716 9 1
142.84 3 GPS 0 0 0 0 0 0 0 227248 0 0
142.92 3 DOWNLINK_STATUS 3827 51677 3195 0 356. 22.
142.94 3 COMMANDS 5,202,114,-501
142.94 3 NAVIGATION 0 1 0 0 286 0. 140.5
142.94 3 ATTITUDE 1 0 0
142.94 3 GYRO_RATES 48 81 -18 -0.418879 0.706858 0.15708
142.94 3 FBW_STATUS 0 0 119
142.94 3 ESTIMATOR 0. 0. 0. 0. 0.
143.01 3 WP_MOVED 2 497622.6875 3565498.5 770.
143.01 3 DOWNLINK_STATUS 142 6971 433 0 71. 5.
143.11 3 DESIRED 0. 0. 0. 0. 761. 0.
143.35 3 GPS 0 0 0 0 0 0 0 227748 0 0
143.35 3 NAVIGATION 0 1 0 0 286 0. 140.5
143.35 3 ATTITUDE 2 0 1
143.45 3 DL_VALUE 28 10000.
143.45 3 NAVIGATION 0 1 0 0 286 0. 140.5
143.45 3 GPS 0 0 0 0 0 0 0 228000 0 0
143.52 3 WP_MOVED 3 497546.40625 3565495.5 770.
143.52 3 RAD_OF_IR 11 0 0.00211
143.52 3 NAVIGATION_REF 497575 3565498 12
143.60 3 IR_SENSORS -697 11 1
143.92 3 DOWNLINK_STATUS 3828 51814 3204 0 137. 9.
144.01 3 DOWNLINK_STATUS 143 7093 441 0 122. 8.
144.92 3 DOWNLINK_STATUS 3829 51814 3204 0 0. 0.
145.01 3 DOWNLINK_STATUS 144 7093 441 0 0. 0.
145.92 3 DOWNLINK_STATUS 3830 51814 3204 0 0. 0.
146.01 3 DOWNLINK_STATUS 145 7093 441 0 0. 0.
146.92 3 DOWNLINK_STATUS 3831 51814 3204 0 0. 0.
147.01 3 DOWNLINK_STATUS 146 7093 441 0 0. 0.
147.92 3 DOWNLINK_STATUS 3832 51814 3204 0 0. 0.
148.01 3 DOWNLINK_STATUS 147 7093 441 0 0. 0.
148.92 3 DOWNLINK_STATUS 3833 51814 3204 0 0. 0.
149.01 3 DOWNLINK_STATUS 148 7093 441 0 0. 0.
149.92 3 DOWNLINK_STATUS 3834 51814 3204 0 0. 0.
150.01 3 DOWNLINK_STATUS 149 7093 441 0 0. 0.
150.92 3 DOWNLINK_STATUS 3835 51814 3204 0 0. 0.
151.01 3 DOWNLINK_STATUS 150 7093 441 0 0. 0.
151.92 3 DOWNLINK_STATUS 3836 51814 3204 0 0. 0.
152.01 3 DOWNLINK_STATUS 151 7093 441 0 0. 0.
152.92 3 DOWNLINK_STATUS 3837 51814 3204 0 0. 0.
153.01 3 DOWNLINK_STATUS 152 7093 441 0 0. 0.
153.92 3 DOWNLINK_STATUS 3838 51814 3204 0 0. 0.
154.01 3 DOWNLINK_STATUS 153 7093 441 0 0. 0.
154.92 3 DOWNLINK_STATUS 3839 51814 3204 0 0. 0.
155.01 3 DOWNLINK_STATUS 154 7093 441 0 0. 0.
155.92 3 DOWNLINK_STATUS 3840 51814 3204 0 0. 0.
156.01 3 DOWNLINK_STATUS 155 7093 441 0 0. 0.
156.92 3 DOWNLINK_STATUS 3841 51814 3204 0 0. 0.
157.01 3 DOWNLINK_STATUS 156 7093 441 0 0. 0.
157.92 3 DOWNLINK_STATUS 3842 51814 3204 0 0. 0.
158.01 3 DOWNLINK_STATUS 157 7093 441 0 0. 0.
158.92 3 DOWNLINK_STATUS 3843 51814 3204 0 0. 0.
159.01 3 DOWNLINK_STATUS 158 7093 441 0 0. 0.
159.92 3 DOWNLINK_STATUS 3844 51814 3204 0 0. 0.
160.01 3 DOWNLINK_STATUS 159 7093 441 0 0. 0.
160.92 3 DOWNLINK_STATUS 3845 51814 3204 0 0. 0.
161.01 3 DOWNLINK_STATUS 160 7093 441 0 0. 0.
161.92 3 DOWNLINK_STATUS 3846 51814 3204 0 0. 0.
162.01 3 DOWNLINK_STATUS 161 7093 441 0 0. 0.
162.92 3 DOWNLINK_STATUS 3847 51814 3204 0 0. 0.
163.01 3 DOWNLINK_STATUS 162 7093 441 0 0. 0.
163.92 3 DOWNLINK_STATUS 3848 51814 3204 0 0. 0.
164.01 3 DOWNLINK_STATUS 163 7093 441 0 0. 0.
164.92 3 DOWNLINK_STATUS 3849 51814 3204 0 0. 0.
165.01 3 DOWNLINK_STATUS 164 7093 441 0 0. 0.
165.92 3 DOWNLINK_STATUS 3850 51814 3204 0 0. 0.
166.01 3 DOWNLINK_STATUS 165 7093 441 0 0. 0.
166.92 3 DOWNLINK_STATUS 3851 51814 3204 0 0. 0.
167.01 3 DOWNLINK_STATUS 166 7093 441 0 0. 0.
167.92 3 DOWNLINK_STATUS 3852 51814 3204 0 0. 0.
168.01 3 DOWNLINK_STATUS 167 7093 441 0 0. 0.
168.92 3 DOWNLINK_STATUS 3853 51814 3204 0 0. 0.
169.01 3 DOWNLINK_STATUS 168 7093 441 0 0. 0.
169.92 3 DOWNLINK_STATUS 3854 51814 3204 0 0. 0.
170.01 3 DOWNLINK_STATUS 169 7093 441 0 0. 0.
170.92 3 DOWNLINK_STATUS 3855 51814 3204 0 0. 0.
171.01 3 DOWNLINK_STATUS 170 7093 441 0 0. 0.
171.92 3 DOWNLINK_STATUS 3856 51814 3204 0 0. 0.
172.01 3 DOWNLINK_STATUS 171 7093 441 0 0. 0.
172.92 3 DOWNLINK_STATUS 3857 51814 3204 0 0. 0.
173.01 3 DOWNLINK_STATUS 172 7093 441 0 0. 0.
173.92 3 DOWNLINK_STATUS 3858 51814 3204 0 0. 0.
174.01 3 DOWNLINK_STATUS 173 7093 441 0 0. 0.
174.92 3 DOWNLINK_STATUS 3859 51814 3204 0 0. 0.
175.01 3 DOWNLINK_STATUS 174 7093 441 0 0. 0.
175.92 3 DOWNLINK_STATUS 3860 51814 3204 0 0. 0.
176.01 3 DOWNLINK_STATUS 175 7093 441 0 0. 0.
176.92 3 DOWNLINK_STATUS 3861 51814 3204 0 0. 0.
177.01 3 DOWNLINK_STATUS 176 7093 441 0 0. 0.
177.92 3 DOWNLINK_STATUS 3862 51814 3204 0 0. 0.
178.01 3 DOWNLINK_STATUS 177 7093 441 0 0. 0.
178.92 3 DOWNLINK_STATUS 3863 51814 3204 0 0. 0.
179.01 3 DOWNLINK_STATUS 178 7093 441 0 0. 0.
179.92 3 DOWNLINK_STATUS 3864 51814 3204 0 0. 0.
180.01 3 DOWNLINK_STATUS 179 7093 441 0 0. 0.
180.92 3 DOWNLINK_STATUS 3865 51814 3204 0 0. 0.
181.01 3 DOWNLINK_STATUS 180 7093 441 0 0. 0.
181.92 3 DOWNLINK_STATUS 3866 51814 3204 0 0. 0.
182.01 3 DOWNLINK_STATUS 181 7093 441 0 0. 0.
182.92 3 DOWNLINK_STATUS 3867 51814 3204 0 0. 0.
183.01 3 DOWNLINK_STATUS 182 7093 441 0 0. 0.
183.92 3 DOWNLINK_STATUS 3868 51814 3204 0 0. 0.
184.01 3 DOWNLINK_STATUS 183 7093 441 0 0. 0.
184.92 3 DOWNLINK_STATUS 3869 51814 3204 0 0. 0.
185.01 3 DOWNLINK_STATUS 184 7093 441 0 0. 0.
185.92 3 DOWNLINK_STATUS 3870 51814 3204 0 0. 0.
186.01 3 DOWNLINK_STATUS 185 7093 441 0 0. 0.
186.92 3 DOWNLINK_STATUS 3871 51814 3204 0 0. 0.
187.01 3 DOWNLINK_STATUS 186 7093 441 0 0. 0.
187.93 3 DOWNLINK_STATUS 3872 51814 3204 0 0. 0.
188.01 3 DOWNLINK_STATUS 187 7093 441 0 0. 0.
188.93 3 DOWNLINK_STATUS 3873 51814 3204 0 0. 0.
189.01 3 DOWNLINK_STATUS 188 7093 441 0 0. 0.
189.93 3 DOWNLINK_STATUS 3874 51814 3204 0 0. 0.
190.03 3 DOWNLINK_STATUS 189 7093 441 0 0. 0.
190.93 3 DOWNLINK_STATUS 3875 51814 3204 0 0. 0.
191.01 3 DOWNLINK_STATUS 190 7093 441 0 0. 0.
191.93 3 DOWNLINK_STATUS 3876 51814 3204 0 0. 0.
192.01 3 DOWNLINK_STATUS 191 7093 441 0 0. 0.
192.93 3 DOWNLINK_STATUS 3877 51814 3204 0 0. 0.
193.01 3 DOWNLINK_STATUS 192 7093 441 0 0. 0.
193.93 3 DOWNLINK_STATUS 3878 51814 3204 0 0. 0.
194.01 3 DOWNLINK_STATUS 193 7093 441 0 0. 0.
194.93 3 DOWNLINK_STATUS 3879 51814 3204 0 0. 0.
195.01 3 DOWNLINK_STATUS 194 7093 441 0 0. 0.
195.93 3 DOWNLINK_STATUS 3880 51814 3204 0 0. 0.
196.01 3 DOWNLINK_STATUS 195 7093 441 0 0. 0.
196.93 3 DOWNLINK_STATUS 3881 51814 3204 0 0. 0.
197.01 3 DOWNLINK_STATUS 196 7093 441 0 0. 0.
197.93 3 DOWNLINK_STATUS 3882 51814 3204 0 0. 0.
198.01 3 DOWNLINK_STATUS 197 7093 441 0 0. 0.
198.93 3 DOWNLINK_STATUS 3883 51814 3204 0 0. 0.
199.01 3 DOWNLINK_STATUS 198 7093 441 0 0. 0.
199.93 3 DOWNLINK_STATUS 3884 51814 3204 0 0. 0.
200.02 3 DOWNLINK_STATUS 199 7093 441 0 0. 0.
200.93 3 DOWNLINK_STATUS 3885 51814 3204 0 0. 0.
201.02 3 DOWNLINK_STATUS 200 7093 441 0 0. 0.
201.94 3 DOWNLINK_STATUS 3886 51814 3204 0 0. 0.
202.03 3 DOWNLINK_STATUS 201 7093 441 0 0. 0.
202.94 3 DOWNLINK_STATUS 3887 51814 3204 0 0. 0.
203.03 3 DOWNLINK_STATUS 202 7093 441 0 0. 0.
203.96 3 DOWNLINK_STATUS 3888 51814 3204 0 0. 0.
204.03 3 DOWNLINK_STATUS 203 7093 441 0 0. 0.
204.98 3 DOWNLINK_STATUS 3889 51814 3204 0 0. 0.
205.04 3 DOWNLINK_STATUS 204 7093 441 0 0. 0.
205.97 3 DOWNLINK_STATUS 3890 51814 3204 0 0. 0.
206.04 3 DOWNLINK_STATUS 205 7093 441 0 0. 0.
206.97 3 DOWNLINK_STATUS 3891 51814 3204 0 0. 0.
207.05 3 DOWNLINK_STATUS 206 7093 441 0 0. 0.
207.98 3 DOWNLINK_STATUS 3892 51814 3204 0 0. 0.
208.05 3 DOWNLINK_STATUS 207 7093 441 0 0. 0.
208.98 3 DOWNLINK_STATUS 3893 51814 3204 0 0. 0.
209.05 3 DOWNLINK_STATUS 208 7093 441 0 0. 0.
209.99 3 DOWNLINK_STATUS 3894 51814 3204 0 0. 0.
210.06 3 DOWNLINK_STATUS 209 7093 441 0 0. 0.
210.99 3 DOWNLINK_STATUS 3895 51814 3204 0 0. 0.
211.06 3 DOWNLINK_STATUS 210 7093 441 0 0. 0.
211.99 3 DOWNLINK_STATUS 3896 51814 3204 0 0. 0.
212.06 3 DOWNLINK_STATUS 211 7093 441 0 0. 0.
212.99 3 DOWNLINK_STATUS 3897 51814 3204 0 0. 0.
213.07 3 DOWNLINK_STATUS 212 7093 441 0 0. 0.
214.00 3 DOWNLINK_STATUS 3898 51814 3204 0 0. 0.
214.07 3 DOWNLINK_STATUS 213 7093 441 0 0. 0.
215.00 3 DOWNLINK_STATUS 3899 51814 3204 0 0. 0.
215.07 3 DOWNLINK_STATUS 214 7093 441 0 0. 0.
216.01 3 DOWNLINK_STATUS 3900 51814 3204 0 0. 0.
216.08 3 DOWNLINK_STATUS 215 7093 441 0 0. 0.
217.01 3 DOWNLINK_STATUS 3901 51814 3204 0 0. 0.
217.08 3 DOWNLINK_STATUS 216 7093 441 0 0. 0.
218.01 3 DOWNLINK_STATUS 3902 51814 3204 0 0. 0.
218.09 3 DOWNLINK_STATUS 217 7093 441 0 0. 0.
219.02 3 DOWNLINK_STATUS 3903 51814 3204 0 0. 0.
219.09 3 DOWNLINK_STATUS 218 7093 441 0 0. 0.
220.02 3 DOWNLINK_STATUS 3904 51814 3204 0 0. 0.
220.10 3 DOWNLINK_STATUS 219 7093 441 0 0. 0.
221.03 3 DOWNLINK_STATUS 3905 51814 3204 0 0. 0.
221.10 3 DOWNLINK_STATUS 220 7093 441 0 0. 0.
222.03 3 DOWNLINK_STATUS 3906 51814 3204 0 0. 0.
222.10 3 DOWNLINK_STATUS 221 7093 441 0 0. 0.
223.03 3 DOWNLINK_STATUS 3907 51814 3204 0 0. 0.
223.10 3 DOWNLINK_STATUS 222 7093 441 0 0. 0.
224.04 3 DOWNLINK_STATUS 3908 51814 3204 0 0. 0.
224.10 3 DOWNLINK_STATUS 223 7093 441 0 0. 0.
225.04 3 DOWNLINK_STATUS 3909 51814 3204 0 0. 0.
225.10 3 DOWNLINK_STATUS 224 7093 441 0 0. 0.
226.04 3 DOWNLINK_STATUS 3910 51814 3204 0 0. 0.
226.10 3 DOWNLINK_STATUS 225 7093 441 0 0. 0.
227.05 3 DOWNLINK_STATUS 3911 51814 3204 0 0. 0.
227.10 3 DOWNLINK_STATUS 226 7093 441 0 0. 0.
228.06 3 DOWNLINK_STATUS 3912 51814 3204 0 0. 0.
228.11 3 DOWNLINK_STATUS 227 7093 441 0 0. 0.
229.07 3 DOWNLINK_STATUS 3913 51814 3204 0 0. 0.
229.11 3 DOWNLINK_STATUS 228 7093 441 0 0. 0.
230.07 3 DOWNLINK_STATUS 3914 51814 3204 0 0. 0.
230.11 3 DOWNLINK_STATUS 229 7093 441 0 0. 0.
231.08 3 DOWNLINK_STATUS 3915 51814 3204 0 0. 0.
231.11 3 DOWNLINK_STATUS 230 7093 441 0 0. 0.
232.09 3 DOWNLINK_STATUS 3916 51814 3204 0 0. 0.
232.12 3 DOWNLINK_STATUS 231 7093 441 0 0. 0.
233.09 3 DOWNLINK_STATUS 3917 51814 3204 0 0. 0.
233.12 3 DOWNLINK_STATUS 232 7093 441 0 0. 0.
234.10 3 DOWNLINK_STATUS 3918 51814 3204 0 0. 0.
234.12 3 DOWNLINK_STATUS 233 7093 441 0 0. 0.
235.11 3 DOWNLINK_STATUS 3919 51814 3204 0 0. 0.
235.13 3 DOWNLINK_STATUS 234 7093 441 0 0. 0.
236.11 3 DOWNLINK_STATUS 3920 51814 3204 0 0. 0.
236.13 3 DOWNLINK_STATUS 235 7093 441 0 0. 0.
237.11 3 DOWNLINK_STATUS 3921 51814 3204 0 0. 0.
237.14 3 DOWNLINK_STATUS 236 7093 441 0 0. 0.
238.11 3 DOWNLINK_STATUS 3922 51814 3204 0 0. 0.
238.14 3 DOWNLINK_STATUS 237 7093 441 0 0. 0.
239.11 3 DOWNLINK_STATUS 3923 51814 3204 0 0. 0.
239.14 3 DOWNLINK_STATUS 238 7093 441 0 0. 0.
240.11 3 DOWNLINK_STATUS 3924 51814 3204 0 0. 0.
240.14 3 DOWNLINK_STATUS 239 7093 441 0 0. 0.
241.11 3 DOWNLINK_STATUS 3925 51814 3204 0 0. 0.
241.14 3 DOWNLINK_STATUS 240 7093 441 0 0. 0.
242.11 3 DOWNLINK_STATUS 3926 51814 3204 0 0. 0.
242.14 3 DOWNLINK_STATUS 241 7093 441 0 0. 0.
243.11 3 DOWNLINK_STATUS 3927 51814 3204 0 0. 0.
243.15 3 DOWNLINK_STATUS 242 7093 441 0 0. 0.
244.11 3 DOWNLINK_STATUS 3928 51814 3204 0 0. 0.
244.14 3 DOWNLINK_STATUS 243 7093 441 0 0. 0.
245.11 3 DOWNLINK_STATUS 3929 51814 3204 0 0. 0.
245.14 3 DOWNLINK_STATUS 244 7093 441 0 0. 0.
246.11 3 DOWNLINK_STATUS 3930 51814 3204 0 0. 0.
246.14 3 DOWNLINK_STATUS 245 7093 441 0 0. 0.
247.11 3 DOWNLINK_STATUS 3931 51814 3204 0 0. 0.
247.15 3 DOWNLINK_STATUS 246 7093 441 0 0. 0.
248.12 3 DOWNLINK_STATUS 3932 51814 3204 0 0. 0.
248.15 3 DOWNLINK_STATUS 247 7093 441 0 0. 0.
249.12 3 DOWNLINK_STATUS 3933 51814 3204 0 0. 0.
249.16 3 DOWNLINK_STATUS 248 7093 441 0 0. 0.
250.12 3 DOWNLINK_STATUS 3934 51814 3204 0 0. 0.
250.16 3 DOWNLINK_STATUS 249 7093 441 0 0. 0.
251.13 3 DOWNLINK_STATUS 3935 51814 3204 0 0. 0.
251.16 3 DOWNLINK_STATUS 250 7093 441 0 0. 0.
252.13 3 DOWNLINK_STATUS 3936 51814 3204 0 0. 0.
252.17 3 DOWNLINK_STATUS 251 7093 441 0 0. 0.
253.14 3 DOWNLINK_STATUS 3937 51814 3204 0 0. 0.
253.17 3 DOWNLINK_STATUS 252 7093 441 0 0. 0.
254.14 3 DOWNLINK_STATUS 3938 51814 3204 0 0. 0.
254.18 3 DOWNLINK_STATUS 253 7093 441 0 0. 0.
255.15 3 DOWNLINK_STATUS 3939 51814 3204 0 0. 0.
255.18 3 DOWNLINK_STATUS 254 7093 441 0 0. 0.
256.15 3 DOWNLINK_STATUS 3940 51814 3204 0 0. 0.
256.18 3 DOWNLINK_STATUS 255 7093 441 0 0. 0.
257.15 3 DOWNLINK_STATUS 3941 51814 3204 0 0. 0.
257.19 3 DOWNLINK_STATUS 256 7093 441 0 0. 0.
258.16 3 DOWNLINK_STATUS 3942 51814 3204 0 0. 0.
258.19 3 DOWNLINK_STATUS 257 7093 441 0 0. 0.
259.16 3 DOWNLINK_STATUS 3943 51814 3204 0 0. 0.
259.19 3 DOWNLINK_STATUS 258 7093 441 0 0. 0.
260.16 3 DOWNLINK_STATUS 3944 51814 3204 0 0. 0.
260.19 3 DOWNLINK_STATUS 259 7093 441 0 0. 0.
261.16 3 DOWNLINK_STATUS 3945 51814 3204 0 0. 0.
261.19 3 DOWNLINK_STATUS 260 7093 441 0 0. 0.
262.16 3 DOWNLINK_STATUS 3946 51814 3204 0 0. 0.
262.19 3 DOWNLINK_STATUS 261 7093 441 0 0. 0.
263.16 3 DOWNLINK_STATUS 3947 51814 3204 0 0. 0.
263.19 3 DOWNLINK_STATUS 262 7093 441 0 0. 0.
264.16 3 DOWNLINK_STATUS 3948 51814 3204 0 0. 0.
264.19 3 DOWNLINK_STATUS 263 7093 441 0 0. 0.
265.16 3 DOWNLINK_STATUS 3949 51814 3204 0 0. 0.
265.19 3 DOWNLINK_STATUS 264 7093 441 0 0. 0.
266.16 3 DOWNLINK_STATUS 3950 51814 3204 0 0. 0.
266.19 3 DOWNLINK_STATUS 265 7093 441 0 0. 0.
267.16 3 DOWNLINK_STATUS 3951 51814 3204 0 0. 0.
267.19 3 DOWNLINK_STATUS 266 7093 441 0 0. 0.
268.16 3 DOWNLINK_STATUS 3952 51814 3204 0 0. 0.
268.19 3 DOWNLINK_STATUS 267 7093 441 0 0. 0.
269.16 3 DOWNLINK_STATUS 3953 51814 3204 0 0. 0.
269.19 3 DOWNLINK_STATUS 268 7093 441 0 0. 0.
270.16 3 DOWNLINK_STATUS 3954 51814 3204 0 0. 0.
270.19 3 DOWNLINK_STATUS 269 7093 441 0 0. 0.
271.16 3 DOWNLINK_STATUS 3955 51814 3204 0 0. 0.
271.19 3 DOWNLINK_STATUS 270 7093 441 0 0. 0.
272.16 3 DOWNLINK_STATUS 3956 51814 3204 0 0. 0.
272.19 3 DOWNLINK_STATUS 271 7093 441 0 0. 0.
273.16 3 DOWNLINK_STATUS 3957 51814 3204 0 0. 0.
273.21 3 DOWNLINK_STATUS 272 7093 441 0 0. 0.
274.16 3 DOWNLINK_STATUS 3958 51814 3204 0 0. 0.
274.21 3 DOWNLINK_STATUS 273 7093 441 0 0. 0.
275.16 3 DOWNLINK_STATUS 3959 51814 3204 0 0. 0.
275.21 3 DOWNLINK_STATUS 274 7093 441 0 0. 0.
276.16 3 DOWNLINK_STATUS 3960 51814 3204 0 0. 0.
276.21 3 DOWNLINK_STATUS 275 7093 441 0 0. 0.
277.16 3 DOWNLINK_STATUS 3961 51814 3204 0 0. 0.
277.21 3 DOWNLINK_STATUS 276 7093 441 0 0. 0.
278.16 3 DOWNLINK_STATUS 3962 51814 3204 0 0. 0.
278.21 3 DOWNLINK_STATUS 277 7093 441 0 0. 0.
279.16 3 DOWNLINK_STATUS 3963 51814 3204 0 0. 0.
279.21 3 DOWNLINK_STATUS 278 7093 441 0 0. 0.
280.16 3 DOWNLINK_STATUS 3964 51814 3204 0 0. 0.
280.21 3 DOWNLINK_STATUS 279 7093 441 0 0. 0.
281.16 3 DOWNLINK_STATUS 3965 51814 3204 0 0. 0.
281.21 3 DOWNLINK_STATUS 280 7093 441 0 0. 0.
282.16 3 DOWNLINK_STATUS 3966 51814 3204 0 0. 0.
282.21 3 DOWNLINK_STATUS 281 7093 441 0 0. 0.
283.16 3 DOWNLINK_STATUS 3967 51814 3204 0 0. 0.
283.21 3 DOWNLINK_STATUS 282 7093 441 0 0. 0.
284.16 3 DOWNLINK_STATUS 3968 51814 3204 0 0. 0.
284.21 3 DOWNLINK_STATUS 283 7093 441 0 0. 0.
285.16 3 DOWNLINK_STATUS 3969 51814 3204 0 0. 0.
285.21 3 DOWNLINK_STATUS 284 7093 441 0 0. 0.
286.16 3 DOWNLINK_STATUS 3970 51814 3204 0 0. 0.
286.21 3 DOWNLINK_STATUS 285 7093 441 0 0. 0.
287.16 3 DOWNLINK_STATUS 3971 51814 3204 0 0. 0.
287.21 3 DOWNLINK_STATUS 286 7093 441 0 0. 0.
288.16 3 DOWNLINK_STATUS 3972 51814 3204 0 0. 0.
288.21 3 DOWNLINK_STATUS 287 7093 441 0 0. 0.
289.16 3 DOWNLINK_STATUS 3973 51814 3204 0 0. 0.
289.21 3 DOWNLINK_STATUS 288 7093 441 0 0. 0.
290.16 3 DOWNLINK_STATUS 3974 51814 3204 0 0. 0.
290.21 3 DOWNLINK_STATUS 289 7093 441 0 0. 0.
291.16 3 DOWNLINK_STATUS 3975 51814 3204 0 0. 0.
291.21 3 DOWNLINK_STATUS 290 7093 441 0 0. 0.
292.16 3 DOWNLINK_STATUS 3976 51814 3204 0 0. 0.
292.21 3 DOWNLINK_STATUS 291 7093 441 0 0. 0.
293.16 3 DOWNLINK_STATUS 3977 51814 3204 0 0. 0.
293.21 3 DOWNLINK_STATUS 292 7093 441 0 0. 0.
294.16 3 DOWNLINK_STATUS 3978 51814 3204 0 0. 0.
294.21 3 DOWNLINK_STATUS 293 7093 441 0 0. 0.
295.16 3 DOWNLINK_STATUS 3979 51814 3204 0 0. 0.
295.21 3 DOWNLINK_STATUS 294 7093 441 0 0. 0.
296.16 3 DOWNLINK_STATUS 3980 51814 3204 0 0. 0.
296.21 3 DOWNLINK_STATUS 295 7093 441 0 0. 0.
297.16 3 DOWNLINK_STATUS 3981 51814 3204 0 0. 0.
297.21 3 DOWNLINK_STATUS 296 7093 441 0 0. 0.
298.16 3 DOWNLINK_STATUS 3982 51814 3204 0 0. 0.
298.21 3 DOWNLINK_STATUS 297 7093 441 0 0. 0.
299.16 3 DOWNLINK_STATUS 3983 51814 3204 0 0. 0.
299.21 3 DOWNLINK_STATUS 298 7093 441 0 0. 0.
300.16 3 DOWNLINK_STATUS 3984 51814 3204 0 0. 0.
300.21 3 DOWNLINK_STATUS 299 7093 441 0 0. 0.
301.16 3 DOWNLINK_STATUS 3985 51814 3204 0 0. 0.
301.21 3 DOWNLINK_STATUS 300 7093 441 0 0. 0.
302.16 3 DOWNLINK_STATUS 3986 51814 3204 0 0. 0.
302.21 3 DOWNLINK_STATUS 301 7093 441 0 0. 0.
