4.42 34 DESIRED -0. -0.01 0. 0. 89. 0.
4.42 34 IR_DEBUG 768 717 768 717
4.42 34 NAVIGATION 0 1 0 0 36 0. 90098.8
4.42 34 WP_MOVED 10 557762.8125 3394859.5 139.
4.42 34 ESTIMATOR 0. 0. 0. 0. 0.
4.42 34 GPS 0 55815865 339507926 0 6030 0 0 237468498 16 0
4.49 34 COMMANDS 169,-12,-102,-747,-7724
4.49 34 NAVIGATION 0 1 0 0 36 0. 90098.8
4.49 34 ATTITUDE 2 0 -80
4.49 34 DL_VALUE 4 0.
4.49 34 FBW_STATUS 0 0 117
4.49 34 RAD_OF_IR 18 0 0.00192
4.49 34 DOWNLINK_STATUS 3 843 55 0 434. 29.
4.49 34 GPS 0 55815865 339507926 0 6030 0 0 237468750 16 0
4.49 34 ACTUATORS 1496,1504,0,1214,1462,1902
4.49 34 IR_SENSORS -968 14 1
4.49 34 NAVIGATION 0 1 0 0 36 0. 90098.8
4.49 34 WP_MOVED 11 557756.875 3394705.5 139.
4.49 34 GYRO_RATES -21 -5 2 0.18326 -0.043633 0.017453
4.49 34 ESTIMATOR 0. 0. 0. 0. 0.
4.49 34 GPS 0 55815865 339507926 0 6030 0 0 237468998 16 0
4.50 34 NAVIGATION 0 1 0 0 36 0. 90098.8
4.50 34 ATTITUDE 2 0 -62
4.50 34 CALIB_CONTRAST 988
4.50 34 GPS 0 55815865 339507926 0 6030 0 0 237469250 16 0
4.50 34 DESIRED -0. -0.01 0. 0. 89. 0.
4.50 34 NAVIGATION 0 1 0 0 36 0. 90098.8
4.51 34 WP_MOVED 12 558054.8125 3394705. 139.
4.55 34 PPRZ_MODE 0 0 3 0 0 17 0
4.62 34 ESTIMATOR 0. 0. 0. 0. 0.
4.62 34 GPS 0 55815865 339507926 0 6030 0 0 237469498 16 0
4.62 34 COMMANDS 171,-9,-96,-763,-7721
4.63 34 NAVIGATION 0 1 0 0 36 0. 90098.8
4.63 34 ATTITUDE 2 0 -52
4.63 34 DL_VALUE 5 0.
4.63 34 FBW_STATUS 0 0 117
4.63 34 RAD_OF_IR 2 0 0.00192
4.71 34 IR_SENSORS -786 -13 1
4.79 34 GPS 0 55815865 339507926 0 6030 0 0 237469750 16 0
4.80 34 NAVIGATION 0 1 0 0 36 0. 90098.8
4.83 34 DOWNLINK_STATUS 4 1283 82 0 440. 27.
5.01 34 WP_MOVED 13 558049.125 3394943.5 139.
5.01 34 GYRO_RATES -137 -123 -114 1.195551 -1.073377 -0.994838
5.14 34 ESTIMATOR 0. 0. 0. 0. 0.
5.14 34 BAT 173 117 0 0 6 0 0
5.14 34 NAVIGATION 0 1 0 0 36 0. 90098.8
5.14 34 ATTITUDE -7 0 -40
5.14 34 CALIBRATION 0. 0.023 0.064 0
5.14 34 GPS 0 55815865 339507926 0 6030 0 0 237469998 16 0
5.14 34 CALIB_CONTRAST 988
5.32 34 DESIRED -0. -0.01 0. 0. 89. 0.
5.32 34 IR_DEBUG 485 567 485 567
5.32 34 NAVIGATION 0 1 0 0 36 0. 90098.8
5.32 34 GPS 0 55815865 339507926 0 6030 0 0 237470250 16 0
5.32 34 WP_MOVED 14 558015.1875 3394985.75 119.
5.51 34 ESTIMATOR 0. 0. 0. 0. 0.
5.72 34 COMMANDS 173,-9,-94,-782,-7739
5.72 34 NAVIGATION 0 1 0 0 36 0. 90098.8
5.72 34 ATTITUDE -8 0 -38
5.72 34 DL_VALUE 6 0.
5.72 34 GPS 0 55815865 339507926 0 6030 0 0 237470498 16 0
5.72 34 FBW_STATUS 0 0 117
5.72 34 RAD_OF_IR -54 0 0.00192
5.72 34 IR_SENSORS -749 -51 1
5.72 34 NAVIGATION 0 1 0 0 36 0. 90098.8
5.83 34 WP_MOVED 15 557846.1875 3394764. 89.
5.83 34 GYRO_RATES -295 -280 -272 2.574361 -2.443461 -2.373648
5.83 34 GPS 0 55815865 339507926 0 6030 0 0 237470750 16 0
5.83 34 DOWNLINK_STATUS 5 1720 109 0 437. 27.
6.01 34 ESTIMATOR 0. 0. 0. 0. 0.
6.10 34 NAVIGATION 0 1 0 0 36 0. 90098.8
6.10 34 ATTITUDE -8 0 -38
6.10 34 GPS 0 55815865 339507926 0 6030 0 0 237470998 16 0
6.10 34 CALIB_CONTRAST 988
6.19 34 DESIRED -0. -0.01 0. 0. 89. 0.
6.20 34 NAVIGATION 0 1 0 0 36 0. 90098.8
6.22 34 WP_MOVED 16 557838.875 3394864.25 89.
6.29 34 GPS 0 55815865 339507926 0 6030 0 0 237471250 16 0
6.51 34 ESTIMATOR 0. 0. 0. 0. 0.
6.62 34 COMMANDS 172,-12,-93,-777,-7728
6.62 34 NAVIGATION 0 1 0 0 36 0. 90098.8
6.62 34 ATTITUDE -8 0 -41
6.62 34 DL_VALUE 7 0.
6.62 34 FBW_STATUS 0 0 117
6.62 34 RAD_OF_IR -55 0 0.00192
6.62 34 GPS 0 55815865 339507926 0 6030 0 0 237471498 16 0
6.62 34 IR_SENSORS -768 -54 1
6.68 34 NAVIGATION 0 1 0 0 36 0. 90098.8
6.72 34 WP_MOVED 17 558102. 3395038. 0.
6.72 34 GYRO_RATES -295 -279 -272 2.574361 -2.434734 -2.373648
6.84 34 GPS 0 55815865 339507926 0 6030 0 0 237471750 16 0
6.84 34 ESTIMATOR 0. 0. 0. 0. 0.
6.84 34 BAT 171 117 0 0 8 0 0
6.84 34 DOWNLINK_STATUS 6 2119 133 0 399. 24.
7.02 34 NAVIGATION 0 1 0 0 36 0. 90098.8
7.02 34 ATTITUDE -8 0 -40
7.02 34 CALIBRATION 0. 0.023 0.064 0
7.09 34 CALIB_CONTRAST 988
7.09 34 SERVO 9600 -9600 173
7.09 34 GPS 0 55815865 339507926 0 6030 0 0 237471998 16 0
7.13 34 DESIRED -0. -0.01 0. 0. 89. 0.
7.13 34 IR_DEBUG 506 580 506 580
7.13 34 NAVIGATION 0 1 0 0 36 0. 90098.8
7.18 34 WP_MOVED 0 558144. 3395080. 119.
7.30 34 GPS 0 55815865 339507926 0 6030 0 0 237472250 16 0
7.30 34 ESTIMATOR 0. 0. 0. 0. 0.
7.52 34 COMMANDS 170,-10,-96,-775,-7726
7.52 34 NAVIGATION 0 1 0 0 36 0. 90098.8
7.52 34 ATTITUDE -8 0 -40
7.52 34 DL_VALUE 8 0.
7.60 34 FBW_STATUS 0 0 117
7.60 34 RAD_OF_IR -50 0 0.00192
7.60 34 GPS 0 55815865 339507926 0 6030 0 0 237472498 16 0
7.60 34 IR_SENSORS -763 -50 1
7.60 34 NAVIGATION 0 1 0 0 36 0. 90098.8
7.81 34 WP_MOVED 1 558069.5 3394739.5 119.
7.81 34 GYRO_RATES -283 -268 -257 2.469641 -2.338741 -2.242748
7.83 34 DOWNLINK_STATUS 7 2466 156 0 347. 23.
8.03 34 ESTIMATOR 0. 0. 0. 0. 0.
8.03 34 GPS 0 55815865 339507926 0 6030 0 0 237472750 16 0
8.03 34 NAVIGATION 0 1 0 0 36 0. 90098.8
8.03 34 ATTITUDE -8 0 -41
8.13 34 CALIB_CONTRAST 988
8.13 34 GPS 0 55815865 339507926 0 6030 0 0 237472998 16 0
8.13 34 DESIRED -0. -0.01 0. 0. 89. 0.
8.13 34 NAVIGATION 0 1 0 0 36 0. 90098.8
8.13 34 WP_MOVED 2 558102. 3395038. 89.
8.20 34 ESTIMATOR 0. 0. 0. 0. 0.
8.34 34 GPS 0 55815865 339507926 0 6030 0 0 237473250 16 0
8.34 34 COMMANDS 174,-9,-89,-780,-7728
8.34 34 NAVIGATION 0 1 0 0 36 0. 90098.8
8.34 34 ATTITUDE -4 0 -41
8.34 34 DL_VALUE 9 -57.
8.51 34 FBW_STATUS 0 0 117
8.51 34 RAD_OF_IR -28 0 0.00192
8.51 34 NAVIGATION_REF 558102 3395038 16
8.61 34 ACTUATORS 1495,1504,0,1214,1460,1902
8.61 34 IR_SENSORS -770 -29 1
8.61 34 GPS 0 55815865 339507926 0 6030 0 0 237473498 16 0
8.61 34 NAVIGATION 0 1 0 0 36 0. 90098.8
8.62 34 WP_MOVED 3 558090.6875 3394976. 100.
8.62 34 GYRO_RATES -292 -277 -269 2.548181 -2.417281 -2.347468
8.69 34 ESTIMATOR 0. 0. 0. 0. 0.
8.69 34 BAT 173 117 0 0 10 0 0
8.83 34 GPS 0 55815865 339507926 0 6030 0 0 237473750 16 0
8.83 34 SVINFO 0 31 12 3 41 72 259
8.83 34 NAVIGATION 0 1 0 0 36 0. 90098.8
8.83 34 ATTITUDE -5 0 -41
8.83 34 CALIBRATION 0. 0.023 0.064 0
8.83 34 DOWNLINK_STATUS 8 2969 187 0 503. 31.
9.01 34 CALIB_CONTRAST 988
9.01 34 SERVO 9600 -9600 173
9.13 34 DESIRED -0. -0.01 0. 0. 89. 0.
9.13 34 IR_DEBUG 527 573 527 573
9.13 34 NAVIGATION 0 1 0 0 36 0. 90098.8
9.13 34 GPS 0 55815865 339507926 0 6030 0 0 237473998 16 0
9.13 34 SVINFO 1 14 12 3 42 51 36
9.13 34 WP_MOVED 4 557998.375 3395062.25 100.
9.19 34 ESTIMATOR 0. 0. 0. 0. 0.
9.31 34 COMMANDS 171,-10,-97,-775,-7729
9.31 34 NAVIGATION 0 1 0 0 36 0. 90098.8
9.31 34 ATTITUDE -5 0 -41
9.31 34 DL_VALUE 10 0.
9.31 34 FBW_STATUS 0 0 117
9.31 34 RAD_OF_IR -35 0 0.00192
9.50 34 IR_SENSORS -772 -35 1
9.62 34 GPS 0 55815549 339505724 3542 4938 83 -61 237474242 16 0
9.62 34 SVINFO 2 22 12 3 42 50 136
9.62 34 NAVIGATION 0 1 0 0 36 0. 90098.8
9.62 34 WP_MOVED 5 558077.8125 3395188.5 108.599998
9.62 34 GYRO_RATES -288 -273 -265 2.513274 -2.382375 -2.312561
9.62 34 ESTIMATOR 0. 0. 0. 0. 0.
9.69 34 NAVIGATION 0 1 0 0 36 0. 90098.8
9.69 34 ATTITUDE -5 0 -42
9.78 34 CALIB_CONTRAST 988
9.83 34 DOWNLINK_STATUS 9 3320 212 0 351. 25.
10.15 34 GPS 3 55815189 339505855 3582 4337 31 65 237474742 16 0
10.15 34 SVINFO 3 30 13 6 42 37 73
10.15 34 DESIRED -0. -0.01 0. 0. 89. 0.
10.15 34 NAVIGATION 0 1 49 20 36 0. 108517.2
10.15 34 TAKEOFF 24
10.15 34 WP_MOVED 6 558136.125 3394234.5 119.
10.22 34 GPS 3 55815222 339505855 15 4490 16 34 237474998 16 0
10.22 34 ESTIMATOR 44.900002 0.34 0.34 0.34 44.900002
10.22 34 COMMANDS 173,-9,-97,-785,-7721
10.22 34 NAVIGATION 0 2 50 20 36 0. 108571.7
10.22 34 ATTITUDE -5 0 -43
10.22 34 DL_VALUE 11 1.
10.28 34 FBW_STATUS 0 0 117
10.30 34 RAD_OF_IR -32 0 0.00192
10.30 34 GPS 3 55815249 339505836 36 4481 19 28 237475250 16 0
10.39 34 IR_SENSORS -783 -34 1
10.39 34 NAVIGATION 0 2 50 20 36 0. 108495.3
10.61 34 WP_MOVED 7 557683. 3394386. 89.
10.65 34 GYRO_RATES -290 -271 -264 2.530727 -2.364921 -2.303835
10.73 34 GPS 3 55815296 339505878 64 4580 8 11 237475498 16 0
10.73 34 SVINFO 6 12 13 6 40 15 45
10.73 34 ESTIMATOR 45.799999 0.11 0.11 0.11 45.799999
10.73 34 BAT 171 117 2 0 12 1 0
10.73 34 NAVIGATION 0 2 50 20 36 0. 108841.4
10.73 34 ATTITUDE -5 0 -44
10.73 34 CALIBRATION 0. 0.023 0.064 0
10.73 34 SERVO 9600 -9600 173
10.79 34 GPS 3 55815320 339505895 45 4627 10 8 237475750 16 0
10.83 34 DOWNLINK_STATUS 10 3767 240 0 447. 28.
10.91 34 DESIRED 0. -0.01 0. 0. 89. 0.
10.91 34 IR_DEBUG 538 585 538 585
10.91 34 NAVIGATION 0 2 51 20 36 0. 108990.1
10.91 34 WP_MOVED 8 557627.1875 3394878.25 89.
11.34 34 ESTIMATOR 46.27 0.08 0.08 0.08 46.27
11.38 34 GPS 3 55815328 339505911 18 4655 16 21 237475998 16 0
11.38 34 COMMANDS 173,-7,-94,-780,-7723
11.38 34 NAVIGATION 0 2 51 21 36 0. 109105.7
11.38 34 ATTITUDE -6 0 -44
11.38 34 DL_VALUE 12 0.
11.41 34 FBW_STATUS 0 0 117
11.41 34 RAD_OF_IR -38 -77 0.00192
11.41 34 GPS 3 55815327 339505915 54 4684 9 14 237476250 16 0
11.41 34 IR_SENSORS -786 -39 1
11.41 34 NAVIGATION 0 2 51 21 36 0. 109129.6
11.42 34 WP_MOVED 9 558256.875 3395029.25 108.599998
11.42 34 GYRO_RATES -291 -275 -266 2.539454 -2.399828 -2.321288
11.49 34 ESTIMATOR 46.84 0.14 0.14 0.14 46.84
11.61 34 GPS 3 55815314 339505909 0 4701 13 15 237476498 16 0
11.61 34 SVINFO 10 5 16 2 39 -9 0
11.61 34 NAVIGATION 0 2 51 21 36 0. 109069.5
11.61 34 ATTITUDE -6 0 -44
11.83 34 DOWNLINK_STATUS 11 4119 262 0 352. 22.
11.96 34 DESIRED 0. -0.01 0. 0. 89. 0.
11.96 34 GPS 3 55815303 339505900 3552 4712 18 22 237476750 16 0
11.96 34 NAVIGATION 0 2 51 21 36 0. 108993.6
12.36 34 WP_MOVED 10 557762.8125 3394859.5 139.
12.36 34 ESTIMATOR 47.119999 0.22 0.22 0.22 47.119999
12.36 34 COMMANDS 172,-12,-96,-782,-7728
12.36 34 NAVIGATION 0 2 51 21 36 0. 108993.6
12.36 34 GPS 3 55815281 339505894 3516 4701 23 -39 237476998 16 0
12.36 34 ATTITUDE -5 0 -44
12.36 34 DL_VALUE 13 477.
12.43 34 RAD_OF_IR -32 -103 0.00192
12.43 34 IR_SENSORS -786 -35 1
12.43 34 NAVIGATION 0 2 50 20 36 0. 108918.6
12.43 34 GPS 3 55815261 339505891 3477 4690 24 -11 237477250 16 0
12.43 34 SVINFO 13 11 12 3 35 12 292
12.43 34 WP_MOVED 11 557756.875 3394705.5 139.
12.43 34 GYRO_RATES -297 -281 -272 2.591814 -2.452188 -2.373648
12.49 34 ESTIMATOR 46.900002 -0.11 -0.11 -0.11 46.900002
12.53 34 BAT 176 117 4 0 14 3 0
12.62 34 NAVIGATION 0 2 50 20 36 0. 108866.1
12.62 34 ATTITUDE -5 0 -43
12.62 34 CALIBRATION 0. 0.023 0.064 0
12.62 34 GPS 3 55815251 339505898 3483 4695 21 17 237477498 16 0
12.62 34 SERVO 9600 -9600 171
12.83 34 DOWNLINK_STATUS 12 4520 286 0 401. 24.
12.98 34 DESIRED 0. -0.01 0. 0. 89. 0.
12.98 34 IR_DEBUG 536 580 536 580
12.98 34 NAVIGATION 0 2 50 20 36 0. 108894.2
12.98 34 GPS 3 55815241 339505897 3520 4692 16 11 237477750 16 0
12.98 34 WP_MOVED 12 558054.8125 3394705. 139.
12.99 34 ESTIMATOR 46.919998 0.11 0.11 0.11 46.919998
13.01 34 COMMANDS 173,-23,-105,-780,-7726
13.02 34 NAVIGATION 0 2 50 20 36 0. 108871.3
13.02 34 ATTITUDE -4 0 -43
13.02 34 DL_VALUE 14 462.
13.10 34 GPS 3 55815573 339505910 3454 5164 13 11 237477998 16 0
13.10 34 SVINFO 0 31 13 6 42 72 259
13.10 34 FBW_STATUS 0 0 117
13.10 34 RAD_OF_IR -31 -189 0.00192
13.21 34 ACTUATORS 1497,1504,0,1214,1460,1902
13.21 34 IR_SENSORS -780 -31 1
13.21 34 NAVIGATION 0 2 53 21 36 0. 109515.9
13.53 34 WP_MOVED 13 558049.125 3394943.5 139.
13.53 34 GYRO_RATES -293 -278 -269 2.556907 -2.426008 -2.347468
13.53 34 GPS 3 55815634 339505915 3478 5285 28 74 237478250 16 0
13.53 34 SVINFO 1 14 13 6 43 51 36
13.61 34 ESTIMATOR 52.849998 0.74 0.74 0.74 52.849998
13.62 34 NAVIGATION 0 2 54 21 36 0. 109653.4
13.62 34 ATTITUDE -4 0 -43
13.62 34 GPS 3 55815669 339505922 3504 5364 42 95 237478498 16 0
13.62 34 SVINFO 2 22 13 6 42 50 136
13.70 34 DESIRED 0. -0.01 0. 0. 89. 0.
13.70 34 NAVIGATION 0 2 54 21 36 0. 109759.
13.79 34 WP_MOVED 14 558015.1875 3394985.75 119.
13.79 34 PPRZ_MODE 0 1 2 0 0 17 0
13.80 34 GPS 3 55815694 339505926 3519 5420 44 97 237478750 16 0
13.80 34 SVINFO 3 30 13 6 43 37 73
13.83 34 ESTIMATOR 54.200001 0.97 0.97 0.97 54.200001
13.83 34 DOWNLINK_STATUS 13 5061 319 0 541. 33.
14.13 34 COMMANDS 174,-14,-97,-800,-7731
14.13 34 NAVIGATION 0 2 54 21 36 0. 109828.3
14.13 34 ATTITUDE -4 0 -43
14.13 34 DL_VALUE 15 453.
14.21 34 FBW_STATUS 0 0 117
14.21 34 RAD_OF_IR -30 42 0.00192
14.22 34 GPS 3 55815694 339505932 3510 5446 54 84 237478998 16 0
14.22 34 SVINFO 4 32 12 3 36 25 318
14.22 34 IR_SENSORS -785 -32 1
14.22 34 NAVIGATION 0 2 54 21 36 0. 109866.6
14.22 34 WP_MOVED 15 557846.1875 3394764. 89.
14.22 34 GYRO_RATES -293 -277 -269 2.556907 -2.417281 -2.347468
14.44 34 GPS 3 55815683 339505933 3499 5459 29 68 237479250 16 0
14.44 34 SVINFO 5 18 4 3 37 17 136
14.44 34 ESTIMATOR 54.59 0.68 0.68 0.68 54.59
14.44 34 BAT 159 117 6 0 16 5 0
14.44 34 NAVIGATION 0 2 54 21 36 0. 109853.8
14.44 34 ATTITUDE -5 0 -44
14.44 34 CALIBRATION 0. 0.023 0.064 0
14.60 34 SERVO 9600 -9600 189
14.72 34 GPS 3 55815674 339505933 3495 5469 37 72 237479498 16 0
14.72 34 SVINFO 6 12 13 6 40 15 45
14.72 34 DESIRED 0. -0.01 0. 0. 89. 0.
14.72 34 IR_DEBUG 540 585 540 585
14.72 34 NAVIGATION 0 2 54 21 36 0. 109838.1
14.72 34 WP_MOVED 16 557838.875 3394864.25 89.
14.80 34 ESTIMATOR 54.689999 0.72 0.72 0.72 54.689999
14.80 34 GPS 3 55815647 339505942 3495 5467 44 82 237479750 16 0
14.83 34 DOWNLINK_STATUS 14 5497 347 0 436. 28.
14.90 34 COMMANDS 171,-6,-94,-805,-7733
14.90 34 NAVIGATION 0 2 54 21 36 0. 109848.6
14.90 34 ATTITUDE -4 0 -44
14.90 34 DL_VALUE 16 15200.
14.91 34 FBW_STATUS 0 0 117
15.10 34 RAD_OF_IR -30 0 0.00192
15.22 34 GPS 3 55815626 339505947 3531 5461 35 59 237479998 16 0
15.22 34 IR_SENSORS -788 -32 1
15.22 34 NAVIGATION 0 2 54 21 36 0. 109844.1
15.22 34 WP_MOVED 17 558102. 3395038. 0.
15.22 34 GYRO_RATES -289 -272 -264 2.522001 -2.373648 -2.303835
15.29 34 ESTIMATOR 54.610001 0.59 0.59 0.59 54.610001
15.33 34 GPS 3 55815620 339505950 3547 5452 26 58 237480250 16 0
15.33 34 NAVIGATION 0 2 54 21 36 0. 109852.9
15.33 34 ATTITUDE -5 0 -45
15.75 34 DESIRED 0. -0.01 0. 0. 89. 0.
15.75 34 GPS 3 55815614 339505957 3551 5445 27 45 237480498 16 0
15.75 34 SVINFO 10 5 16 2 39 -9 0
15.75 34 NAVIGATION 0 2 54 21 36 0. 109887.3
15.75 34 WP_MOVED 0 558144. 3395080. 119.
15.79 34 ESTIMATOR 54.450001 0.45 0.45 0.45 54.450001
15.83 34 DOWNLINK_STATUS 15 5839 368 0 342. 21.
15.92 34 COMMANDS 158,-10,-113,-773,-7733
15.92 34 NAVIGATION 0 2 54 21 36 0. 109887.3
15.92 34 GPS 3 55815608 339505954 3524 5440 27 58 237480750 16 0
15.92 34 ATTITUDE -5 0 -45
15.92 34 DL_VALUE 17 12700.
15.92 34 FBW_STATUS 0 0 117
15.92 34 RAD_OF_IR -32 -76 0.00192
16.02 34 IR_SENSORS -790 -32 1
16.06 34 NAVIGATION 0 2 54 21 36 0. 109857.7
16.23 34 GPS 3 55815606 339505953 3518 5446 25 82 237480998 16 0
16.23 34 WP_MOVED 1 558069.5 3394739.5 119.
16.23 34 GYRO_RATES -292 -276 -267 2.548181 -2.408554 -2.330014
16.36 34 ESTIMATOR 54.459999 0.82 0.82 0.82 54.459999
16.36 34 BAT 172 117 8 0 18 7 0
16.36 34 NAVIGATION 0 2 54 21 36 0. 109847.8
16.36 34 ATTITUDE -5 0 -45
16.36 34 CALIBRATION 0. 0.023 0.064 0
16.36 34 GPS 3 55815601 339505969 3516 5460 52 98 237481250 16 0
16.36 34 SVINFO 13 11 13 6 35 12 292
16.38 34 SERVO 9600 -9600 173
16.75 34 DESIRED 0. -0.01 0. 0. 89. 0.
16.75 34 IR_DEBUG 528 584 528 584
16.75 34 NAVIGATION 0 2 54 21 36 0. 109941.6
16.75 34 GPS 3 55815602 339505970 3512 5460 28 53 237481498 16 0
16.75 34 WP_MOVED 2 558102. 3395038. 89.
16.83 34 ESTIMATOR 54.599998 0.53 0.53 0.53 54.599998
16.83 34 COMMANDS 170,-12,-96,-775,-7696
16.83 34 NAVIGATION 0 2 54 21 36 0. 109949.7
16.84 34 ATTITUDE -6 0 -39
16.84 34 DL_VALUE 18 9300.
16.84 34 GPS 3 55815605 339505971 3499 5452 24 32 237481750 16 0
16.84 34 FBW_STATUS 0 0 117
16.84 34 RAD_OF_IR -41 -36 0.00192
16.84 34 NAVIGATION_REF 558102 3395038 16
16.84 34 DOWNLINK_STATUS 16 6354 402 0 515. 34.
16.90 34 IR_SENSORS -749 -53 1
17.25 34 NAVIGATION 0 2 54 21 36 0. 109961.3
17.25 34 GPS 3 55815625 339505954 3466 5434 14 -3 237481998 16 0
17.25 34 SVINFO 0 31 13 7 42 72 259
17.25 34 WP_MOVED 3 558090.6875 3394976. 100.
17.25 34 GYRO_RATES -252 -237 -228 2.199115 -2.068215 -1.989675
17.25 34 ESTIMATOR 54.34 -0.03 -0.03 -0.03 54.34
17.31 34 NAVIGATION 0 2 54 21 36 0. 109887.2
17.31 34 ATTITUDE -12 0 -51
17.31 34 GPS 3 55815645 339505940 3446 5426 19 21 237482250 16 0
17.31 34 SVINFO 1 14 13 7 42 51 36
17.39 34 DESIRED 0. -0.01 0. 0. 89. 0.
17.41 34 NAVIGATION 0 2 54 21 36 0. 109832.3
17.55 34 WP_MOVED 4 557998.375 3395062.25 100.
17.58 34 GPS 3 55815669 339505924 3463 5415 49 26 237482498 16 0
17.58 34 SVINFO 2 22 13 7 43 50 136
17.71 34 ESTIMATOR 54.150002 0.26 0.26 0.26 54.150002
17.82 34 COMMANDS 172,17,-78,-778,-7741
17.82 34 NAVIGATION 0 2 54 21 36 0. 109771.8
17.82 34 ATTITUDE -2 0 -68
17.83 34 DL_VALUE 19 3200.
17.83 34 FBW_STATUS 0 0 117
17.83 34 GPS 3 55815676 339505942 3473 5422 61 50 237482750 16 0
17.83 34 SVINFO 3 30 13 7 44 37 73
17.83 34 RAD_OF_IR 21 28 0.00192
17.84 34 DOWNLINK_STATUS 17 6753 427 0 399. 25.
17.90 34 ACTUATORS 1494,1503,0,1214,1460,1902
17.90 34 IR_SENSORS -993 25 1
17.90 34 NAVIGATION 0 2 54 21 36 0. 109899.1
18.25 34 WP_MOVED 5 558077.8125 3395188.5 108.599998
18.25 34 GYRO_RATES -166 -151 -142 1.448623 -1.317724 -1.239184
18.25 34 GPS 3 55815678 339505947 3479 5437 37 107 237482998 16 0
18.25 34 SVINFO 4 32 12 4 29 25 318
18.25 34 ESTIMATOR 54.369999 1.07 1.07 1.07 54.369999
18.25 34 BAT 173 117 10 0 20 9 0
18.32 34 NAVIGATION 0 2 54 21 36 0. 109934.6
18.32 34 ATTITUDE 2 0 -82
18.32 34 CALIBRATION 0. 0.023 0.064 0
18.32 34 SERVO 9600 -9600 179
18.32 34 GPS 3 55815661 339505946 3510 5437 35 68 237483250 16 0
18.32 34 SVINFO 5 18 4 6 36 17 136
18.40 34 DESIRED 0. -0.01 0. 0. 89. 0.
18.40 34 IR_DEBUG 727 709 727 709
18.40 34 NAVIGATION 0 2 54 21 36 0. 109898.6
18.42 34 WP_MOVED 6 558136.125 3394234.5 119.
18.42 34 PPRZ_MODE 0 1 2 0 0 17 0
18.84 34 DOWNLINK_STATUS 18 7066 447 0 313. 20.
18.88 34 GPS 3 55815649 339505960 3565 5448 55 80 237483498 16 0
18.88 34 SVINFO 6 12 13 7 40 15 45
18.88 34 ESTIMATOR 54.48 0.8 0.8 0.8 54.48
18.88 34 COMMANDS 173,-10,-93,-787,-7729
18.88 34 NAVIGATION 0 2 54 21 36 0. 109967.3
18.88 34 ATTITUDE -1 0 -81
18.88 34 DL_VALUE 20 20500.
18.91 34 FBW_STATUS 0 0 117
18.91 34 RAD_OF_IR -14 158 0.00192
18.91 34 GPS 3 55815641 339505972 9 5458 68 103 237483750 16 0
18.91 34 IR_SENSORS -1005 -9 1
18.91 34 NAVIGATION 0 2 54 21 36 0. 110030.2
18.92 34 WP_MOVED 7 557683. 3394386. 89.
18.92 34 GYRO_RATES -219 -206 -196 1.911136 -1.797689 -1.710423
19.03 34 ESTIMATOR 54.580002 1.03 1.03 1.03 54.580002
19.07 34 GPS 3 55815629 339505983 34 5458 67 121 237483998 16 0
19.09 34 NAVIGATION 0 2 54 21 36 0. 110079.8
19.09 34 ATTITUDE -2 0 -75
19.43 34 GPS 3 55815613 339505986 36 5446 57 89 237484250 16 0
19.43 34 DESIRED 0. -0.01 0. 0. 89. 0.
19.43 34 NAVIGATION 0 2 54 21 36 0. 110071.2
19.63 34 WP_MOVED 8 557627.1875 3394878.25 89.
19.67 34 ESTIMATOR 54.459999 0.89 0.89 0.89 54.459999
19.67 34 GPS 3 55815603 339505985 50 5425 44 67 237484498 16 0
19.67 34 COMMANDS 173,-7,-91,-782,-7749
19.67 34 NAVIGATION 0 2 54 21 36 0. 110047.5
19.67 34 ATTITUDE 0 0 -72
19.67 34 DL_VALUE 21 16400.
19.67 34 FBW_STATUS 0 0 117
19.67 34 RAD_OF_IR 4 40 0.00192
19.71 34 IR_SENSORS -949 6 1
19.84 34 DOWNLINK_STATUS 19 7553 478 0 487. 31.
19.92 34 GPS 3 55815598 339505980 62 5403 35 68 237484750 16 0
19.92 34 NAVIGATION 0 2 53 21 36 0. 110006.8
20.01 34 WP_MOVED 9 558256.875 3395029.25 108.599998
20.05 34 GYRO_RATES -287 -274 -262 2.504547 -2.391101 -2.286381
20.05 34 ESTIMATOR 54.029999 0.68 0.68 0.68 54.029999
20.05 34 BAT 173 117 12 0 22 11 0
20.12 34 NAVIGATION 0 2 53 21 36 0. 110006.8
20.12 34 GPS 3 55815591 339505970 127 5370 19 45 237484998 16 0
20.12 34 ATTITUDE 1 0 -69
20.12 34 CALIBRATION 0. 0.023 0.064 0
20.12 34 SERVO 9600 -9600 173
20.48 34 DESIRED 0. -0.01 0. 0. 89. 0.
20.48 34 IR_DEBUG 661 634 661 634
20.48 34 NAVIGATION 0 2 53 21 36 0. 109930.7
20.48 34 GPS 3 55815584 339505957 154 5332 25 54 237485250 16 0
20.48 34 SVINFO 13 11 13 4 29 12 292
20.48 34 WP_MOVED 10 557762.8125 3394859.5 139.
20.49 34 ESTIMATOR 53.32 0.54 0.54 0.54 53.32
20.61 34 COMMANDS 173,-12,-99,-782,-7738
20.61 34 NAVIGATION 0 2 53 21 36 0. 109835.4
20.61 34 ATTITUDE 4 0 -63
20.61 34 DL_VALUE 22 17400.
20.61 34 GPS 3 55815568 339505967 151 5300 26 74 237485498 16 0
20.61 34 FBW_STATUS 0 0 117
20.61 34 RAD_OF_IR 32 -8 0.00192
20.70 34 IR_SENSORS -912 39 1
20.70 34 NAVIGATION 0 2 53 21 36 0. 109871.8
20.84 34 DOWNLINK_STATUS 20 7987 505 0 434. 27.
20.93 34 GPS 3 55815550 339505984 149 5269 41 77 237485750 16 0
20.93 34 WP_MOVED 11 557756.875 3394705.5 139.
20.93 34 GYRO_RATES -290 -276 -267 2.530727 -2.408554 -2.330014
21.12 34 ESTIMATOR 52.689999 0.77 0.77 0.77 52.689999
21.15 34 NAVIGATION 0 2 53 21 36 0. 109949.6
21.15 34 ATTITUDE 5 0 -66
21.15 34 GPS 3 55815530 339506007 138 5237 40 86 237485998 16 0
21.15 34 SVINFO 0 31 13 7 42 72 260
21.20 34 DESIRED 0. -0.01 0. 0. 89. 0.
21.20 34 NAVIGATION 0 2 53 22 36 0. 110062.7
21.42 34 WP_MOVED 12 558054.8125 3394705. 139.
21.42 34 GPS 3 55815514 339506027 154 5203 23 73 237486250 16 0
21.43 34 SVINFO 1 14 13 7 39 51 36
21.84 34 DOWNLINK_STATUS 21 8230 518 0 243. 13.
22.84 34 DOWNLINK_STATUS 22 8230 518 0 0. 0.
23.84 34 DOWNLINK_STATUS 23 8230 518 0 0. 0.
24.84 34 DOWNLINK_STATUS 24 8230 518 0 0. 0.
25.84 34 DOWNLINK_STATUS 25 8230 518 0 0. 0.
26.84 34 DOWNLINK_STATUS 26 8230 518 0 0. 0.
27.84 34 DOWNLINK_STATUS 27 8230 518 0 0. 0.
28.84 34 DOWNLINK_STATUS 28 8230 518 0 0. 0.
29.84 34 DOWNLINK_STATUS 29 8230 518 0 0. 0.
30.84 34 DOWNLINK_STATUS 30 8230 518 0 0. 0.
31.84 34 DOWNLINK_STATUS 31 8230 518 0 0. 0.
32.84 34 DOWNLINK_STATUS 32 8230 518 0 0. 0.
33.84 34 DOWNLINK_STATUS 33 8230 518 0 0. 0.
34.84 34 DOWNLINK_STATUS 34 8230 518 0 0. 0.
35.84 34 DOWNLINK_STATUS 35 8230 518 0 0. 0.
36.84 34 DOWNLINK_STATUS 36 8230 518 0 0. 0.
37.84 34 DOWNLINK_STATUS 37 8230 518 0 0. 0.
38.84 34 DOWNLINK_STATUS 38 8230 518 0 0. 0.
39.84 34 DOWNLINK_STATUS 39 8230 518 0 0. 0.
40.84 34 DOWNLINK_STATUS 40 8230 518 0 0. 0.
41.84 34 DOWNLINK_STATUS 41 8230 518 0 0. 0.
42.84 34 DOWNLINK_STATUS 42 8230 518 0 0. 0.
43.84 34 DOWNLINK_STATUS 43 8230 518 0 0. 0.
44.84 34 DOWNLINK_STATUS 44 8230 518 0 0. 0.
45.84 34 DOWNLINK_STATUS 45 8230 518 0 0. 0.
46.84 34 DOWNLINK_STATUS 46 8230 518 0 0. 0.
47.84 34 DOWNLINK_STATUS 47 8230 518 0 0. 0.
48.84 34 DOWNLINK_STATUS 48 8230 518 0 0. 0.
49.84 34 DOWNLINK_STATUS 49 8230 518 0 0. 0.
50.84 34 DOWNLINK_STATUS 50 8230 518 0 0. 0.
51.84 34 DOWNLINK_STATUS 51 8230 518 0 0. 0.
52.84 34 DOWNLINK_STATUS 52 8230 518 0 0. 0.
53.84 34 DOWNLINK_STATUS 53 8230 518 0 0. 0.
54.84 34 DOWNLINK_STATUS 54 8230 518 0 0. 0.
55.84 34 DOWNLINK_STATUS 55 8230 518 0 0. 0.
56.84 34 DOWNLINK_STATUS 56 8230 518 0 0. 0.
57.84 34 DOWNLINK_STATUS 57 8230 518 0 0. 0.
58.84 34 DOWNLINK_STATUS 58 8230 518 0 0. 0.
59.84 34 DOWNLINK_STATUS 59 8230 518 0 0. 0.
60.84 34 DOWNLINK_STATUS 60 8230 518 0 0. 0.
61.84 34 DOWNLINK_STATUS 61 8230 518 0 0. 0.
62.84 34 DOWNLINK_STATUS 62 8230 518 0 0. 0.
63.84 34 DOWNLINK_STATUS 63 8230 518 0 0. 0.
64.84 34 DOWNLINK_STATUS 64 8230 518 0 0. 0.
65.84 34 DOWNLINK_STATUS 65 8230 518 0 0. 0.
66.84 34 DOWNLINK_STATUS 66 8230 518 0 0. 0.
67.84 34 DOWNLINK_STATUS 67 8230 518 0 0. 0.
68.84 34 DOWNLINK_STATUS 68 8230 518 0 0. 0.
69.84 34 DOWNLINK_STATUS 69 8230 518 0 0. 0.
70.84 34 DOWNLINK_STATUS 70 8230 518 0 0. 0.
71.84 34 DOWNLINK_STATUS 71 8230 518 0 0. 0.
72.84 34 DOWNLINK_STATUS 72 8230 518 0 0. 0.
73.84 34 DOWNLINK_STATUS 73 8230 518 0 0. 0.
74.84 34 DOWNLINK_STATUS 74 8230 518 0 0. 0.
75.84 34 DOWNLINK_STATUS 75 8230 518 0 0. 0.
76.84 34 DOWNLINK_STATUS 76 8230 518 0 0. 0.
77.84 34 DOWNLINK_STATUS 77 8230 518 0 0. 0.
78.84 34 DOWNLINK_STATUS 78 8230 518 0 0. 0.
79.84 34 DOWNLINK_STATUS 79 8230 518 0 0. 0.
80.84 34 DOWNLINK_STATUS 80 8230 518 0 0. 0.
81.84 34 DOWNLINK_STATUS 81 8230 518 0 0. 0.
82.84 34 DOWNLINK_STATUS 82 8230 518 0 0. 0.
83.84 34 DOWNLINK_STATUS 83 8230 518 0 0. 0.
84.84 34 DOWNLINK_STATUS 84 8230 518 0 0. 0.
85.85 34 DOWNLINK_STATUS 85 8230 518 0 0. 0.
86.84 34 DOWNLINK_STATUS 86 8230 518 0 0. 0.
87.84 34 DOWNLINK_STATUS 87 8230 518 0 0. 0.
88.84 34 DOWNLINK_STATUS 88 8230 518 0 0. 0.
89.84 34 DOWNLINK_STATUS 89 8230 518 0 0. 0.
