11.02 34 GPS 3 49758701 356545821 3460 76030 84 352 237204248 12 0
11.13 34 ESTIMATOR 760.299988 3.52 3.52 3.52 760.299988
11.23 34 BAT 81 124 36 0 35 34 0
11.44 34 NAVIGATION 1 1 12 -39 38 2889. 1738.2
11.44 34 ATTITUDE -20 0 -18
11.55 34 CALIBRATION 74.469 0.023 0.067 0
11.65 34 SERVO 9600 -1942 200
11.76 34 GPS 3 49758697 356545813 3454 76039 69 362 237204500 12 0
11.81 34 DESIRED 0. -0. 48. 0. 833. 2.
11.87 34 IR_DEBUG 518 728 518 728
11.97 34 NAVIGATION 1 1 11 -39 38 2898.3 1744.8
12.08 34 WP_MOVED 4 497575. 3565498. 0.
12.18 34 DOWNLINK_STATUS 12 1733 109 0 208. 12.
12.29 34 ESTIMATOR 760.390015 3.62 3.62 3.62 760.390015
12.51 34 GPS 3 49758696 356545812 3299 76047 130 368 237204748 12 0
13.53 34 SVINFO 8 20 4 4 27 5 303
13.53 34 COMMANDS 166,-141,-175,-1387
13.53 34 NAVIGATION 1 1 11 -39 38 2899.8 1745.6
13.53 34 ATTITUDE -19 0 -18
13.53 34 DL_VALUE 4 0.
13.53 34 FBW_STATUS 0 0 124
13.53 34 RAD_OF_IR -140 -445 0.00145
13.53 34 GPS 3 49758690 356545807 3304 76051 95 356 237205000 12 0
13.53 34 IR_SENSORS -869 -140 1
13.53 34 NAVIGATION 1 1 11 -39 38 2908.1 1749.8
13.53 34 DOWNLINK_STATUS 13 1904 121 0 171. 12.
13.53 34 WP_MOVED 0 497617. 3565540. 833.
13.53 34 GYRO_RATES -38 -20 -3 0.331613 -0.174533 -0.02618
13.53 34 ESTIMATOR 760.51001 3.56 3.56 3.56 760.51001
13.53 34 GPS 3 49758689 356545800 3306 76034 78 350 237205248 12 0
13.54 34 NAVIGATION 1 1 11 -40 38 2914.5 1755.6
13.54 34 ATTITUDE -19 0 -18
13.54 34 DESIRED 0. -0. 48. 0. 833. 2.
13.54 34 NAVIGATION 1 1 11 -40 38 2914.5 1755.6
13.54 34 GPS 3 49758693 356545806 3317 76039 79 344 237205500 12 0
13.54 34 DOWNLINK_STATUS 13 2085 130 0 181. 9.
13.54 34 WP_MOVED 1 497586.6875 3565500. 833.
13.54 34 ESTIMATOR 760.390015 3.44 3.44 3.44 760.390015
13.54 34 COMMANDS 106,-99,-293,-1517
13.54 34 NAVIGATION 1 1 11 -39 38 2906.8 1750.6
13.54 34 GPS 3 49758690 356545806 3324 76035 71 329 237205748 12 0
13.54 34 ATTITUDE -17 0 -17
13.54 34 DL_VALUE 5 38.
13.54 34 FBW_STATUS 0 0 124
13.54 34 RAD_OF_IR -128 20 0.00145
13.54 34 IR_SENSORS -861 -130 1
13.54 34 NAVIGATION 1 1 11 -39 38 2909. 1750.6
13.54 34 GPS 3 49758698 356545820 3577 76029 128 313 237206000 12 0
13.54 34 WP_MOVED 2 497622.6875 3565498.5 833.
13.54 34 GYRO_RATES -37 -20 -3 0.322886 -0.174533 -0.02618
13.54 34 ESTIMATOR 760.289978 3.13 3.13 3.13 760.289978
13.54 34 BAT 96 124 38 0 37 36 0
13.54 34 NAVIGATION 1 1 11 -39 38 2892. 1739.
13.54 34 ATTITUDE -18 0 -17
13.54 34 CALIBRATION 73.155 0.023 0.067 0
13.54 34 GPS 3 49758714 356545830 3584 76022 87 289 237206248 12 0
13.54 34 SERVO 9600 -2165 118
13.71 34 DESIRED 0. -0. 48. 0. 833. 2.
13.81 34 IR_DEBUG 517 714 517 714
13.81 34 NAVIGATION 1 1 12 -39 38 2872.5 1730.8
13.82 34 WP_MOVED 3 497546.40625 3565495.5 833.
13.82 34 GPS 3 49758726 356545827 3569 76003 45 314 237206500 12 0
13.82 34 ESTIMATOR 760.030029 3.14 3.14 3.14 760.030029
13.82 34 COMMANDS 179,81,1,-1390
13.82 34 NAVIGATION 1 1 12 -39 38 2866.4 1733.4
13.82 34 ATTITUDE -18 0 -17
13.82 34 DL_VALUE 6 1.
13.83 34 GPS 3 49758735 356545816 3549 75973 53 323 237206748 12 0
13.93 34 SVINFO 0 31 13 7 34 65 159
13.93 34 FBW_STATUS 0 0 124
14.04 34 RAD_OF_IR -131 -57 0.00145
14.15 34 IR_SENSORS -862 -135 1
14.25 34 NAVIGATION 1 1 12 -39 38 2868.9 1742.7
14.36 34 WP_MOVED 4 497575. 3565498. 0.
14.36 34 GYRO_RATES -38 -20 -3 0.331613 -0.174533 -0.02618
14.58 34 GPS 3 49758739 356545808 3534 75943 75 297 237207000 12 0
14.68 34 SVINFO 1 14 13 7 35 47 34
14.79 34 ESTIMATOR 759.429993 2.97 2.97 2.97 759.429993
14.89 34 NAVIGATION 1 1 12 -39 38 2872.5 1749.4
14.99 34 ATTITUDE -19 0 -17
15.10 34 GPS 3 49758761 356545793 3528 75868 51 242 237207248 12 0
15.21 34 SVINFO 2 22 13 7 36 39 96
15.21 34 DESIRED 0. -0. 48. 0. 833. 2.
15.31 34 WP_MOVED 0 497617. 3565540. 833.
15.53 34 GPS 3 49758780 356545779 3530 75797 62 207 237207500 12 0
15.63 34 SVINFO 3 11 13 7 35 30 298
15.74 34 ESTIMATOR 757.969971 2.07 2.07 2.07 757.969971
15.84 34 DOWNLINK_STATUS 15 2905 181 0 820. 51.
15.95 34 COMMANDS 246,-15,-40,-1509
16.06 34 NAVIGATION 1 1 12 -40 38 2867.2 1774.5
16.16 34 ATTITUDE -20 0 -17
16.26 34 DL_VALUE 7 0.
16.26 34 FBW_STATUS 0 0 124
16.36 34 RAD_OF_IR -142 5 0.00145
16.58 34 GPS 3 49758787 356545770 3514 75736 29 191 237207748 12 0
16.68 34 SVINFO 4 32 13 7 35 30 311
16.79 34 ACTUATORS 1491,1503,0,1202,1435
16.89 34 IR_SENSORS -865 -140 1
16.99 34 NAVIGATION 1 1 12 -40 38 2869.6 1782.2
17.10 34 WP_MOVED 1 497586.6875 3565500. 833.
17.11 34 GYRO_RATES -38 -20 -3 0.331613 -0.174533 -0.02618
17.21 34 DOWNLINK_STATUS 17 3075 194 0 170. 13.
17.32 34 ESTIMATOR 757.359985 1.91 1.91 1.91 757.359985
17.42 34 BAT 249 124 40 0 39 38 0
17.62 34 GPS 3 49758793 356545774 3496 75702 26 153 237208000 12 0
17.62 34 NAVIGATION 1 1 12 -40 38 2862.2 1779.
17.62 34 ATTITUDE -18 0 -17
17.62 34 CALIBRATION 73.297 0.023 0.067 0
17.62 34 SERVO 9600 -2460 164
17.62 34 DOWNLINK_STATUS 17 3187 201 0 112. 7.
17.63 34 GPS 3 49758804 356545779 3499 75663 68 164 237208248 12 0
17.63 34 DESIRED 0. -0. 48. 0. 833. 2.
17.63 34 IR_DEBUG 518 712 518 712
17.63 34 NAVIGATION 1 1 13 -40 38 2850.5 1775.
17.63 34 WP_MOVED 2 497622.6875 3565498.5 833.
17.63 34 PPRZ_MODE 0 3 3 0 0 17 0
17.64 34 ESTIMATOR 756.630005 1.64 1.64 1.64 756.630005
17.64 34 GPS 3 49758811 356545773 3496 75622 58 151 237208500 12 0
17.64 34 SVINFO 7 18 13 4 26 9 109
17.64 34 COMMANDS 118,49,19,-1428
17.64 34 NAVIGATION 1 1 13 -40 38 2850.5 1780.3
17.64 34 ATTITUDE -19 0 -16
17.64 34 DL_VALUE 8 1.
17.64 34 FBW_STATUS 0 0 124
17.64 34 RAD_OF_IR -144 -8 0.00145
17.65 34 IR_SENSORS -858 -147 1
18.06 34 GPS 3 49758823 356545769 3505 75590 60 151 237208748 12 0
18.06 34 SVINFO 8 20 4 4 26 5 303
18.06 34 NAVIGATION 1 1 13 -40 38 2845.5 1784.
18.06 34 WP_MOVED 3 497546.40625 3565495.5 833.
18.16 34 GYRO_RATES -37 -20 -3 0.322886 -0.174533 -0.02618
18.17 34 ESTIMATOR 755.900024 1.51 1.51 1.51 755.900024
18.17 34 GPS 3 49758835 356545762 3503 75555 25 146 237209000 12 0
18.17 34 NAVIGATION 1 1 13 -40 38 2842.9 1790.3
18.17 34 ATTITUDE -19 0 -17
18.17 34 DESIRED 0. -0. 48. 0. 833. 2.
18.17 34 NAVIGATION 1 1 13 -40 38 2842.9 1790.3
18.17 34 GPS 3 49758848 356545761 3527 75521 73 104 237209248 12 0
18.18 34 WP_MOVED 4 497575. 3565498. 0.
18.18 34 ESTIMATOR 755.210022 1.04 1.04 1.04 755.210022
18.18 34 COMMANDS 136,27,-1,-1275
18.28 34 NAVIGATION 1 1 13 -40 38 2834.8 1791.6
18.38 34 ATTITUDE -20 0 -16
18.49 34 DL_VALUE 9 -61.099998
18.70 34 GPS 3 49758858 356545758 3530 75508 35 133 237209500 12 0
18.70 34 FBW_STATUS 0 0 124
18.81 34 RAD_OF_IR -151 8 0.00145
18.91 34 IR_SENSORS -858 -152 1
19.01 34 NAVIGATION 1 1 13 -40 38 2830.4 1794.5
19.12 34 GPS 3 49758854 356545736 3453 75481 21 117 237209748 12 0
19.23 34 WP_MOVED 0 497617. 3565540. 833.
19.23 34 GYRO_RATES -37 -20 -3 0.322886 -0.174533 -0.02618
19.34 34 ESTIMATOR 754.809998 1.17 1.17 1.17 754.809998
19.44 34 BAT 171 124 42 0 41 40 0
19.65 34 NAVIGATION 1 1 13 -40 38 2851.2 1813.
19.65 34 ATTITUDE -20 0 -16
19.75 34 CALIBRATION 75.162 0.023 0.067 0
19.86 34 GPS 3 49758848 356545710 3464 75427 43 68 237210000 12 0
19.96 34 SERVO 9600 -1613 173
19.97 34 DESIRED 0. -0. 48. 0. 833. 2.
20.07 34 IR_DEBUG 501 722 501 722
20.18 34 NAVIGATION 1 1 13 -40 38 2876.7 1835.
20.28 34 DOWNLINK_STATUS 20 4031 253 0 844. 52.
20.39 34 WP_MOVED 1 497586.6875 3565500. 833.
20.49 34 GPS 3 49758847 356545694 3514 75389 21 87 237210248 12 0
20.71 34 ESTIMATOR 753.890015 0.87 0.87 0.87 753.890015
20.81 34 COMMANDS 122,35,-119,-1504
20.91 34 NAVIGATION 1 1 13 -41 38 2890.6 1848.7
20.99 34 ATTITUDE -20 0 -17
21.00 34 DL_VALUE 10 0.
21.00 34 GPS 3 49758840 356545675 3523 75342 24 60 237210500 12 0
21.00 34 FBW_STATUS 0 0 124
21.00 34 RAD_OF_IR -146 25 0.00145
21.00 34 IR_SENSORS -860 -147 1
21.00 34 NAVIGATION 1 1 13 -41 38 2911.2 1864.8
21.00 34 DOWNLINK_STATUS 21 4207 265 0 176. 12.
21.01 34 WP_MOVED 2 497622.6875 3565498.5 833.
21.01 34 GYRO_RATES -37 -20 -3 0.322886 -0.174533 -0.02618
21.01 34 GPS 3 49758831 356545660 3486 75308 33 108 237210748 12 0
21.01 34 SVINFO 0 31 13 7 33 65 159
21.01 34 ESTIMATOR 753.080017 1.08 1.08 1.08 753.080017
21.01 34 NAVIGATION 1 1 13 -41 38 2929.9 1877.5
21.01 34 ATTITUDE -20 0 -17
21.02 34 GPS 3 49758815 356545637 3591 75283 18 91 237211000 12 0
21.02 34 SVINFO 1 14 13 7 36 47 34
21.02 34 DESIRED 0. -0. 48. 0. 833. 2.
21.02 34 NAVIGATION 1 1 13 -41 38 2960.2 1897.
21.02 34 WP_MOVED 3 497546.40625 3565495.5 833.
21.03 34 GPS 3 49758809 356545623 18 75251 33 69 237211248 12 0
21.03 34 SVINFO 2 22 13 7 36 39 96
21.03 34 ESTIMATOR 752.51001 0.69 0.69 0.69 752.51001
21.03 34 COMMANDS 231,-93,-85,-1547
21.03 34 NAVIGATION 1 1 13 -41 38 2976.2 1909.
21.03 34 ATTITUDE -20 0 -17
21.03 34 DL_VALUE 11 1.
21.04 34 FBW_STATUS 0 0 124
21.04 34 RAD_OF_IR -152 77 0.00145
21.04 34 GPS 3 49758803 356545603 28 75217 31 73 237211500 12 0
21.04 34 SVINFO 3 11 13 7 35 30 298
21.04 34 IR_SENSORS -856 -151 1
21.04 34 NAVIGATION 1 1 13 -41 38 2997.2 1926.3
21.04 34 WP_MOVED 4 497575. 3565498. 0.
21.04 34 GYRO_RATES -38 -20 -3 0.331613 -0.174533 -0.02618
21.05 34 ESTIMATOR 752.169983 0.73 0.73 0.73 752.169983
21.05 34 BAT 264 124 44 0 43 42 0
21.05 34 GPS 3 49758798 356545581 20 75182 23 64 237211748 12 0
21.05 34 SVINFO 4 32 13 7 35 30 311
21.05 34 NAVIGATION 1 1 12 -42 38 3019.4 1945.6
21.05 34 ATTITUDE -20 0 -16
21.05 34 CALIBRATION 78.001 0.023 0.067 0
21.43 34 SERVO 9600 -1754 308
21.53 34 GPS 3 49758800 356545569 26 75162 54 84 237212000 12 0
21.75 34 SVINFO 5 30 13 4 27 13 82
21.79 34 DESIRED 0. -0. 48. 0. 833. 2.
21.85 34 IR_DEBUG 504 720 504 720
21.96 34 NAVIGATION 1 1 13 -42 38 3028.2 1956.2
22.06 34 WP_MOVED 0 497617. 3565540. 833.
22.17 34 ESTIMATOR 751.619995 0.84 0.84 0.84 751.619995
22.28 34 GPS 3 49758801 356545559 24 75135 40 68 237212248 12 0
22.38 34 COMMANDS 252,43,-42,-1529
22.48 34 NAVIGATION 1 1 13 -42 38 3036.1 1965.1
22.59 34 ATTITUDE -20 0 -16
22.79 34 DL_VALUE 12 0.
22.80 34 FBW_STATUS 0 0 124
22.90 34 RAD_OF_IR -151 -5 0.00145
22.90 34 NAVIGATION_REF 497575 3565498 12
24.26 34 ACTUATORS 1505,1510,0,1210,1426
24.36 34 IR_SENSORS -855 -145 1
24.47 34 GPS 3 49758806 356545564 20 75110 70 73 237212500 12 0
24.58 34 SVINFO 7 18 13 4 26 9 109
24.78 34 NAVIGATION 1 1 13 -42 38 3028.3 1960.8
24.89 34 WP_MOVED 1 497586.6875 3565500. 833.
24.99 34 GYRO_RATES -38 -20 -3 0.331613 -0.174533 -0.02618
25.10 34 DOWNLINK_STATUS 25 5097 322 0 890. 57.
25.21 34 ESTIMATOR 751.099976 0.73 0.73 0.73 751.099976
25.32 34 GPS 3 49758807 356545561 3565 75102 33 107 237212748 12 0
25.42 34 SVINFO 8 20 4 4 28 5 303
25.42 34 NAVIGATION 1 1 13 -42 38 3030.2 1963.5
25.42 34 ATTITUDE -18 0 -17
25.43 34 DESIRED 0. -0. 48. 0. 833. 2.
25.43 34 NAVIGATION 1 1 13 -42 38 3030.2 1963.5
25.43 34 GPS 3 49758805 356545555 3472 75104 20 101 237213000 12 0
25.43 34 WP_MOVED 2 497622.6875 3565498.5 833.
25.43 34 PPRZ_MODE 0 3 3 0 0 17 0
25.43 34 ESTIMATOR 751.039978 1.01 1.01 1.01 751.039978
25.43 34 DOWNLINK_STATUS 25 5299 333 0 202. 11.
25.44 34 COMMANDS 204,-73,-167,-1423
25.44 34 NAVIGATION 1 1 13 -42 38 3036.7 1968.7
25.44 34 ATTITUDE -18 0 -16
25.44 34 DL_VALUE 13 517.
25.44 34 GPS 3 49758814 356545561 3508 75107 42 102 237213248 12 0
25.44 34 FBW_STATUS 0 0 124
25.44 34 RAD_OF_IR -138 103 0.00145
25.44 34 IR_SENSORS -858 -140 1
25.44 34 NAVIGATION 1 1 13 -42 38 3025.4 1963.7
25.45 34 GPS 3 49758825 356545561 3538 75092 29 134 237213500 12 0
25.45 34 WP_MOVED 3 497546.40625 3565495.5 833.
25.45 34 GYRO_RATES -37 -20 -3 0.322886 -0.174533 -0.02618
25.45 34 ESTIMATOR 750.919983 1.34 1.34 1.34 750.919983
25.45 34 BAT 121 124 46 0 45 44 0
25.46 34 NAVIGATION 1 1 13 -42 38 3017.8 1964.
25.46 34 ATTITUDE -18 0 -16
25.46 34 CALIBRATION 80.311 0.023 0.067 0
25.46 34 GPS 3 49758829 356545548 3557 75077 30 127 237213748 12 0
25.46 34 SERVO 9600 -2507 114
25.46 34 DESIRED 0. -0. 48. 0. 833. 2.
25.46 34 IR_DEBUG 518 710 518 710
25.46 34 NAVIGATION 1 1 13 -42 38 3026.2 1975.7
25.47 34 WP_MOVED 4 497575. 3565498. 0.
25.47 34 GPS 3 49758826 356545533 3560 75064 19 126 237214000 12 0
25.47 34 ESTIMATOR 750.640015 1.26 1.26 1.26 750.640015
25.47 34 COMMANDS 229,-70,-4,-1539
25.47 34 NAVIGATION 1 1 13 -42 38 3041.1 1988.9
25.47 34 ATTITUDE -18 0 -17
25.47 34 DL_VALUE 14 482.
25.48 34 GPS 3 49758817 356545518 3575 75040 34 118 237214248 12 0
25.48 34 FBW_STATUS 0 0 124
25.48 34 RAD_OF_IR -135 43 0.00145
25.48 34 IR_SENSORS -858 -137 1
25.48 34 NAVIGATION 1 1 13 -42 38 3060.3 2002.
25.48 34 WP_MOVED 0 497617. 3565540. 833.
25.48 34 GYRO_RATES -38 -20 -3 0.331613 -0.174533 -0.02618
25.49 34 GPS 3 49758808 356545519 3577 75037 21 115 237214500 12 0
25.49 34 ESTIMATOR 750.369995 1.15 1.15 1.15 750.369995
25.49 34 NAVIGATION 1 1 13 -42 38 3065.6 2000.9
25.49 34 ATTITUDE -18 0 -16
26.57 34 GPS 3 49758793 356545504 3540 75023 4 117 237214748 12 0
26.69 34 SVINFO 0 31 13 7 33 65 159
26.79 34 DESIRED 0. -0. 48. 0. 833. 2.
26.89 34 NAVIGATION 1 1 12 -42 38 3089. 2013.9
27.00 34 WP_MOVED 1 497586.6875 3565500. 833.
27.11 34 GPS 3 49758789 356545498 3546 75020 64 125 237215000 12 0
27.22 34 SVINFO 1 14 13 7 35 47 34
27.32 34 ESTIMATOR 750.200012 1.25 1.25 1.25 750.200012
27.43 34 COMMANDS 210,91,134,-1537
27.54 34 NAVIGATION 1 1 12 -43 38 3097. 2019.2
27.64 34 ATTITUDE -19 0 -16
27.85 34 DL_VALUE 15 455.
27.85 34 FBW_STATUS 0 0 124
27.95 34 RAD_OF_IR -138 16 0.00145
28.06 34 GPS 3 49758788 356545498 3561 75028 49 137 237215248 12 0
28.17 34 SVINFO 2 22 13 7 37 39 96
28.27 34 IR_SENSORS -854 -138 1
28.41 34 WP_MOVED 2 497622.6875 3565498.5 833.
28.51 34 GYRO_RATES -38 -20 -3 0.331613 -0.174533 -0.02618
28.61 34 DOWNLINK_STATUS 28 6219 392 0 920. 59.
28.84 34 ESTIMATOR 750.280029 1.37 1.37 1.37 750.280029
28.94 34 BAT 230 124 48 0 47 46 0
29.05 34 GPS 3 49758792 356545503 3585 75040 20 145 237215500 12 0
29.16 34 SVINFO 3 11 13 7 33 30 298
29.26 34 NAVIGATION 1 1 12 -42 38 3090.6 2014.8
29.36 34 ATTITUDE -18 0 -16
29.46 34 CALIBRATION 81.912 0.023 0.067 0
29.57 34 SERVO 9600 -2742 161
29.68 34 GPS 3 49758794 356545506 3 75048 11 133 237215748 12 0
29.89 34 SVINFO 4 32 13 7 36 30 311
29.89 34 DESIRED 0. -0. 48. 0. 833. 2.
29.99 34 IR_DEBUG 515 700 515 700
30.09 34 NAVIGATION 1 1 12 -42 38 3086.6 2012.2
30.24 34 DOWNLINK_STATUS 30 6432 405 0 213. 13.
30.34 34 WP_MOVED 3 497546.40625 3565495.5 833.
30.45 34 ESTIMATOR 750.47998 1.33 1.33 1.33 750.47998
30.56 34 GPS 3 49758797 356545518 3591 75062 27 174 237216000 12 0
30.67 34 SVINFO 5 30 13 4 26 13 82
30.88 34 COMMANDS 108,-140,-130,-1378
30.92 34 NAVIGATION 1 1 12 -42 38 3074.1 2001.5
30.92 34 ATTITUDE -17 0 -15
30.92 34 DL_VALUE 16 7500.
30.92 34 FBW_STATUS 0 0 124
30.93 34 DOWNLINK_STATUS 31 6555 414 0 123. 9.
30.93 34 RAD_OF_IR -119 -33 0.00145
30.93 34 IR_SENSORS -844 -116 1
30.93 34 GPS 3 49758804 356545537 3594 75080 69 168 237216248 12 0
30.93 34 NAVIGATION 1 1 13 -42 38 3052.9 1984.7
30.93 34 WP_MOVED 4 497575. 3565498. 0.
30.93 34 GYRO_RATES -38 -20 -3 0.331613 -0.174533 -0.02618
30.94 34 ESTIMATOR 750.799988 1.68 1.68 1.68 750.799988
30.94 34 NAVIGATION 1 1 13 -42 38 3052.9 1984.7
30.94 34 GPS 3 49758813 356545558 13 75096 56 176 237216500 12 0
30.94 34 SVINFO 7 18 13 4 25 9 109
30.94 34 ATTITUDE -17 0 -14
30.95 34 DESIRED 0. -0. 48. 0. 833. 2.
30.95 34 NAVIGATION 1 1 13 -42 38 3028.6 1966.3
30.95 34 GPS 3 49758816 356545580 17 75101 87 157 237216748 12 0
30.95 34 SVINFO 8 20 4 3 25 5 303
30.95 34 WP_MOVED 0 497617. 3565540. 833.
30.95 34 ESTIMATOR 751.01001 1.57 1.57 1.57 751.01001
31.30 34 COMMANDS 219,-527,-353,-1677
31.40 34 NAVIGATION 1 1 13 -42 38 3007.8 1946.9
31.50 34 ATTITUDE -18 0 -14
31.61 34 DL_VALUE 17 11250.
31.72 34 GPS 3 49758809 356545596 41 75127 52 216 237217000 12 0
31.77 34 FBW_STATUS 0 0 124
31.93 34 RAD_OF_IR -130 67 0.00145
32.04 34 ACTUATORS 1475,1507,0,1215,1420
32.15 34 IR_SENSORS -842 -130 1
32.25 34 NAVIGATION 1 1 13 -42 38 2999. 1932.7
32.35 34 GPS 3 49758807 356545601 53 75129 46 161 237217248 12 0
32.46 34 WP_MOVED 1 497586.6875 3565500. 833.
32.46 34 GYRO_RATES -38 -20 -3 0.331613 -0.174533 -0.02618
32.57 34 ESTIMATOR 751.289978 1.61 1.61 1.61 751.289978
32.68 34 BAT 349 124 50 0 49 48 0
32.78 34 DOWNLINK_STATUS 32 7079 446 0 524. 32.
32.99 34 NAVIGATION 1 1 13 -41 38 2996.1 1928.2
32.99 34 ATTITUDE -18 0 -14
33.09 34 CALIBRATION 82.271 0.023 0.067 0
33.21 34 GPS 3 49758805 356545620 65 75154 56 182 237217500 12 0
33.31 34 SERVO 9600 -2554 155
33.32 34 DESIRED 0. -0. 48. 0. 833. 2.
33.47 34 IR_DEBUG 506 699 506 699
33.57 34 NAVIGATION 1 1 13 -41 38 2981.5 1911.5
33.69 34 WP_MOVED 2 497622.6875 3565498.5 833.
33.69 34 PPRZ_MODE 0 3 3 0 0 17 0
33.80 34 GPS 3 49758800 356545631 232 75159 104 156 237217748 12 0
34.01 34 ESTIMATOR 751.590027 1.56 1.56 1.56 751.590027
34.12 34 DOWNLINK_STATUS 34 7282 458 0 203. 12.
34.23 34 COMMANDS 240,-188,25,-1524
34.34 34 NAVIGATION 1 1 13 -41 38 2975.7 1901.8
34.45 34 ATTITUDE -18 0 -15
34.56 34 DL_VALUE 18 10000.
34.68 34 GPS 3 49758800 356545644 229 75181 41 174 237218000 12 0
34.68 34 FBW_STATUS 0 0 124
34.79 34 RAD_OF_IR -130 -8 0.00144
35.00 34 IR_SENSORS -853 -129 1
35.11 34 NAVIGATION 1 1 13 -41 38 2964.7 1890.5
35.22 34 WP_MOVED 3 497546.40625 3565495.5 833.
35.22 34 GYRO_RATES -38 -20 -3 0.331613 -0.174533 -0.02618
35.33 34 DOWNLINK_STATUS 35 7429 469 0 147. 11.
35.44 34 GPS 3 49758798 356545645 221 75195 66 162 237218248 12 0
35.55 34 ESTIMATOR 751.950012 1.62 1.62 1.62 751.950012
35.65 34 NAVIGATION 1 1 12 -41 38 2965.3 1889.5
35.77 34 ATTITUDE -18 0 -16
35.88 34 GPS 3 49758792 356545645 213 75216 40 186 237218500 12 0
36.03 34 DESIRED 0. -0. 48. 0. 833. 2.
36.13 34 NAVIGATION 1 1 12 -41 38 2969.5 1889.4
36.25 34 WP_MOVED 4 497575. 3565498. 0.
36.36 34 DOWNLINK_STATUS 36 7590 477 0 161. 8.
36.47 34 GPS 3 49758795 356545645 210 75237 63 193 237218748 12 0
36.58 34 SVINFO 0 31 13 7 33 65 159
36.70 34 ESTIMATOR 752.369995 1.93 1.93 1.93 752.369995
36.80 34 COMMANDS 186,-175,-40,-1671
37.01 34 NAVIGATION 1 1 12 -41 38 2967.4 1889.5
37.06 34 ATTITUDE -18 0 -15
37.07 34 DL_VALUE 19 3000.
37.07 34 FBW_STATUS 0 0 124
37.08 34 RAD_OF_IR -136 -8 0.00144
37.08 34 GPS 3 49758795 356545642 223 75256 22 238 237219000 12 0
37.08 34 SVINFO 1 14 13 7 36 47 34
37.08 34 DOWNLINK_STATUS 37 7745 488 0 155. 11.
37.08 34 IR_SENSORS -844 -137 1
37.08 34 NAVIGATION 1 1 12 -41 38 2969.9 1892.1
37.08 34 WP_MOVED 0 497617. 3565540. 833.
37.09 34 GYRO_RATES -38 -20 -3 0.331613 -0.174533 -0.02618
37.09 34 ESTIMATOR 752.559998 2.38 2.38 2.38 752.559998
37.09 34 BAT 406 124 52 0 51 50 0
37.09 34 GPS 3 49758805 356545644 229 75272 80 204 237219248 12 0
37.09 34 SVINFO 2 22 13 7 36 38 96
37.09 34 NAVIGATION 1 1 13 -41 38 2961.3 1890.6
37.09 34 ATTITUDE -19 0 -15
37.10 34 CALIBRATION 81.748 0.023 0.067 0
37.10 34 SERVO 9600 -2224 0
37.10 34 GPS 3 49758807 356545647 218 75282 53 203 237219500 12 0
37.10 34 SVINFO 3 11 13 7 35 30 298
37.10 34 DESIRED 0. -0. 48. 0. 833. 2.
37.10 34 IR_DEBUG 502 704 502 704
37.10 34 NAVIGATION 1 1 13 -41 38 2957.4 1888.
37.11 34 WP_MOVED 1 497586.6875 3565500. 833.
37.11 34 ESTIMATOR 752.820007 2.03 2.03 2.03 752.820007
37.42 34 GPS 3 49758816 356545656 206 75283 62 207 237219748 12 0
37.42 34 SVINFO 4 32 13 7 35 30 311
37.57 34 COMMANDS 208,268,-20,-1597
37.68 34 NAVIGATION 1 1 13 -41 38 2943.6 1880.5
37.79 34 ATTITUDE -18 0 -15
38.01 34 DL_VALUE 20 20000.
38.01 34 FBW_STATUS 0 0 124
38.11 34 RAD_OF_IR -133 -34 0.00144
38.23 34 IR_SENSORS -849 -130 1
38.34 34 GPS 3 49758822 356545667 199 75273 64 183 237220000 12 0
38.44 34 SVINFO 5 30 13 4 26 13 82
38.55 34 NAVIGATION 1 1 13 -41 38 2930.3 1871.1
38.65 34 WP_MOVED 2 497622.6875 3565498.5 833.
38.65 34 GYRO_RATES -38 -20 -3 0.331613 -0.174533 -0.02618
38.77 34 ESTIMATOR 752.72998 1.83 1.83 1.83 752.72998
39.03 34 DOWNLINK_STATUS 38 8272 522 0 527. 34.
39.04 34 NAVIGATION 1 1 13 -41 38 2930.3 1871.1
39.14 34 GPS 3 49758829 356545677 162 75251 108 167 237220248 12 0
39.15 34 ATTITUDE -18 0 -15
39.15 34 DESIRED 0. -0. 48. 0. 833. 2.
39.15 34 NAVIGATION 1 1 13 -41 38 2917.1 1862.7
39.26 34 SVINFO 7 18 13 4 26 9 109
39.42 34 WP_MOVED 3 497546.40625 3565495.5 833.
39.67 34 ESTIMATOR 752.280029 1.67 1.67 1.67 752.280029
39.78 34 DOWNLINK_STATUS 39 8416 530 0 144. 8.
40.12 34 COMMANDS 0,-68,-405,-1094
40.24 34 NAVIGATION 1 1 13 -41 38 2914.1 1861.1
40.34 34 ATTITUDE -18 0 -16
40.47 34 DL_VALUE 21 17500.
40.58 34 GPS 3 49758826 356545674 132 75233 41 185 237220748 12 0
40.66 34 SVINFO 8 20 4 4 27 5 303
40.66 34 FBW_STATUS 0 0 124
40.66 34 RAD_OF_IR -136 -31 0.00144
40.67 34 NAVIGATION_REF 497575 3565498 12
40.67 34 IR_SENSORS -850 -136 1
40.67 34 NAVIGATION 1 1 13 -41 38 2921.7 1865.2
40.67 34 GPS 3 49758824 356545665 141 75226 49 170 237221000 12 0
40.67 34 WP_MOVED 4 497575. 3565498. 0.
40.67 34 GYRO_RATES -38 -20 -3 0.331613 -0.174533 -0.02618
40.68 34 ESTIMATOR 752.26001 1.7 1.7 1.7 752.26001
40.68 34 BAT 117 124 54 0 53 52 0
40.68 34 NAVIGATION 1 1 13 -41 38 2930.6 1872.9
40.68 34 ATTITUDE -18 0 -15
40.68 34 CALIBRATION 80.914 0.023 0.067 0
40.72 34 GPS 3 49758827 356545659 148 75215 47 159 237221248 12 0
40.76 34 DOWNLINK_STATUS 40 8715 550 0 299. 20.
40.76 34 SERVO 9600 -2272 43
40.76 34 DESIRED 0. -0. 48. 0. 833. 2.
40.76 34 IR_DEBUG 504 706 504 706
40.76 34 NAVIGATION 1 1 13 -41 38 2933.5 1878.2
40.76 34 WP_MOVED 0 497617. 3565540. 833.
40.76 34 GPS 3 49758827 356545663 138 75212 66 164 237221500 12 0
40.76 34 ESTIMATOR 752.119995 1.64 1.64 1.64 752.119995
40.76 34 COMMANDS 168,46,45,-1337
40.76 34 NAVIGATION 1 1 13 -41 38 2930.2 1874.8
40.76 34 ATTITUDE -19 0 -15
40.76 34 DL_VALUE 22 20000.
40.76 34 GPS 3 49758831 356545675 136 75212 49 176 237221748 12 0
40.76 34 FBW_STATUS 0 0 124
40.76 34 RAD_OF_IR -139 -5 0.00144
40.76 34 ACTUATORS 1515,1505,0,1216,1413
40.76 34 IR_SENSORS -852 -140 1
40.76 34 NAVIGATION 1 1 13 -41 38 2917.4 1864.5
40.76 34 WP_MOVED 1 497586.6875 3565500. 833.
40.76 34 GYRO_RATES -38 -20 -3 0.331613 -0.174533 -0.02618
40.76 34 GPS 3 49758839 356545689 141 75213 60 168 237222000 12 0
40.76 34 ESTIMATOR 752.130005 1.68 1.68 1.68 752.130005
40.76 34 NAVIGATION 1 1 13 -41 38 2900.3 1852.7
40.76 34 ATTITUDE -19 0 -15
40.76 34 GPS 3 49758841 356545690 160 75214 72 172 237222248 12 0
40.76 34 DESIRED 0. -0. 48. 0. 833. 2.
40.76 34 NAVIGATION 1 1 13 -41 38 2898.1 1851.9
40.80 34 WP_MOVED 2 497622.6875 3565498.5 833.
40.80 34 PPRZ_MODE 0 3 3 0 0 17 0
40.80 34 GPS 3 49758845 356545695 173 75209 55 154 237222500 12 0
40.80 34 ESTIMATOR 752.090027 1.54 1.54 1.54 752.090027
40.80 34 COMMANDS 213,69,-55,-1602
40.80 34 NAVIGATION 1 1 13 -41 38 2891.2 1847.8
40.81 34 ATTITUDE -19 0 -15
40.81 34 DL_VALUE 23 0.
40.81 34 FBW_STATUS 0 0 124
40.81 34 RAD_OF_IR -140 36 0.00144
40.81 34 GPS 3 49758847 356545700 177 75212 64 147 237222748 12 0
40.81 34 SVINFO 0 31 13 7 33 65 159
40.81 34 IR_SENSORS -849 -140 1
40.81 34 NAVIGATION 1 1 13 -41 38 2885.7 1843.5
40.82 34 WP_MOVED 3 497546.40625 3565495.5 833.
40.82 34 GYRO_RATES -37 -20 -3 0.322886 -0.174533 -0.02618
40.82 34 ESTIMATOR 752.119995 1.47 1.47 1.47 752.119995
40.83 34 BAT 218 124 56 0 55 54 0
40.83 34 GPS 3 49758843 356545689 128 75224 8 154 237223000 12 0
40.83 34 SVINFO 1 14 13 7 35 47 34
40.83 34 NAVIGATION 1 1 13 -41 38 2897.5 1852.9
40.83 34 ATTITUDE -19 0 -15
40.83 34 CALIBRATION 80.63 0.023 0.067 0
40.83 34 SERVO 9600 -2083 210
40.87 34 GPS 3 49758846 356545697 137 75249 40 165 237223248 12 0
40.87 34 SVINFO 2 22 13 7 37 38 96
40.87 34 DESIRED 0. -0. 48. 0. 833. 2.
40.87 34 IR_DEBUG 502 708 502 708
40.87 34 NAVIGATION 1 1 13 -41 38 2888.8 1846.1
40.87 34 WP_MOVED 4 497575. 3565498. 0.
40.87 34 ESTIMATOR 752.48999 1.65 1.65 1.65 752.48999
40.88 34 GPS 3 49758850 356545713 136 75265 71 159 237223500 12 0
40.88 34 SVINFO 3 11 13 7 35 30 298
40.88 34 COMMANDS 194,-15,-85,-1547
40.88 34 NAVIGATION 1 1 13 -40 38 2872.9 1832.5
40.88 34 ATTITUDE -19 0 -15
40.88 34 DL_VALUE 24 2150.
40.88 34 FBW_STATUS 0 0 124
40.88 34 RAD_OF_IR -140 -2 0.00144
40.89 34 IR_SENSORS -848 -140 1
40.89 34 GPS 3 49758849 356545722 130 75276 63 175 237223748 12 0
40.89 34 SVINFO 4 32 13 7 35 31 311
40.89 34 NAVIGATION 1 1 13 -40 38 2866.1 1824.8
40.89 34 WP_MOVED 0 497617. 3565540. 833.
40.89 34 GYRO_RATES -38 -20 -3 0.331613 -0.174533 -0.02618
40.90 34 ESTIMATOR 752.76001 1.75 1.75 1.75 752.76001
40.90 34 GPS 3 49758852 356545738 127 75307 57 168 237224000 12 0
40.90 34 SVINFO 5 30 13 4 27 13 82
40.90 34 NAVIGATION 1 1 13 -40 38 2850.9 1811.3
40.90 34 ATTITUDE -19 0 -14
40.94 34 DESIRED 0. -0. 48. 0. 833. 2.
40.94 34 NAVIGATION 1 1 13 -40 38 2850.9 1811.3
40.94 34 GPS 3 49758853 356545745 126 75312 54 154 237224248 12 0
40.94 34 WP_MOVED 1 497586.6875 3565500. 833.
40.94 34 ESTIMATOR 753.119995 1.54 1.54 1.54 753.119995
40.95 34 COMMANDS 242,49,58,-1748
40.95 34 NAVIGATION 1 1 13 -40 38 2844.5 1805.4
40.95 34 ATTITUDE -19 0 -14
40.95 34 DL_VALUE 25 5300.
40.95 34 GPS 3 49758856 356545748 129 75321 38 149 237224500 12 0
40.95 34 SVINFO 7 18 13 4 26 9 109
40.95 34 FBW_STATUS 0 0 124
40.95 34 RAD_OF_IR -143 8 0.00144
40.95 34 IR_SENSORS -841 -144 1
40.95 34 NAVIGATION 1 1 13 -40 38 2840. 1802.9
40.96 34 GPS 3 49758852 356545746 121 75323 55 159 237224748 12 0
40.96 34 SVINFO 8 20 4 4 26 5 303
40.96 34 WP_MOVED 2 497622.6875 3565498.5 833.
40.96 34 GYRO_RATES -38 -20 -3 0.331613 -0.174533 -0.02618
40.96 34 ESTIMATOR 753.22998 1.59 1.59 1.59 753.22998
40.96 34 BAT 114 124 58 0 57 56 1
40.97 34 NAVIGATION 1 1 13 -40 38 2844.4 1804.5
40.97 34 ATTITUDE -19 0 -15
40.97 34 CALIBRATION 80.495 0.023 0.067 0
40.97 34 GPS 3 49758851 356545740 120 75327 38 156 237225000 12 0
40.97 34 SERVO 9600 -2366 22
41.01 34 DESIRED 0. -0. 48. 0. 833. 2.
41.01 34 IR_DEBUG 507 701 507 701
41.01 34 NAVIGATION 1 1 13 -40 38 2850. 1809.5
41.01 34 WP_MOVED 3 497546.40625 3565495.5 833.
41.01 34 GPS 3 49758845 356545726 132 75332 10 198 237225248 12 0
41.02 34 ESTIMATOR 753.320007 1.98 1.98 1.98 753.320007
41.02 34 COMMANDS 215,-14,64,-1714
41.02 34 NAVIGATION 1 1 13 -40 38 2865.6 1821.2
41.02 34 ATTITUDE -18 0 -14
41.02 34 DL_VALUE 26 10000.
41.02 34 FBW_STATUS 0 0 124
41.02 34 GPS 3 49758841 356545710 135 75324 41 177 237225500 12 0
41.02 34 RAD_OF_IR -134 8 0.00144
41.02 34 IR_SENSORS -840 -132 1
41.03 34 NAVIGATION 1 1 13 -40 38 2881.5 1834.8
41.03 34 WP_MOVED 4 497575. 3565498. 0.
41.03 34 GYRO_RATES -38 -20 -3 0.331613 -0.174533 -0.02618
41.03 34 GPS 3 49758841 356545708 144 75310 92 172 237225748 12 0
41.04 34 ESTIMATOR 753.099976 1.72 1.72 1.72 753.099976
41.04 34 NAVIGATION 1 1 13 -40 38 2883.1 1836.5
41.04 34 ATTITUDE -18 0 -14
41.04 34 GPS 3 49758840 356545703 163 75300 30 171 237226000 12 0
41.04 34 DESIRED 0. -0. 48. 0. 833. 2.
41.04 34 NAVIGATION 1 1 13 -40 38 2888. 1840.7
41.04 34 WP_MOVED 0 497617. 3565540. 833.
41.05 34 GPS 3 49758842 356545704 166 75286 41 163 237226248 12 0
41.08 34 ESTIMATOR 752.859985 1.63 1.63 1.63 752.859985
41.09 34 COMMANDS 95,-218,-208,-1306
41.09 34 NAVIGATION 1 1 13 -40 38 2885.8 1839.9
41.09 34 ATTITUDE -17 0 -14
41.09 34 DL_VALUE 27 4000.
41.09 34 FBW_STATUS 0 0 124
41.09 34 RAD_OF_IR -124 8 0.00144
41.09 34 GPS 3 49758855 356545714 175 75287 49 152 237226500 12 0
41.09 34 ACTUATORS 1503,1518,0,1211,1418
41.09 34 IR_SENSORS -839 -128 1
41.09 34 NAVIGATION 1 1 13 -40 38 2868.6 1831.8
41.09 34 WP_MOVED 1 497586.6875 3565500. 833.
41.09 34 GYRO_RATES -38 -20 -3 0.331613 -0.174533 -0.02618
41.10 34 ESTIMATOR 752.869995 1.52 1.52 1.52 752.869995
41.10 34 BAT 209 124 60 0 59 58 1
41.10 34 GPS 3 49758862 356545719 173 75272 56 167 237226748 12 0
41.10 34 SVINFO 0 31 13 7 33 65 159
41.10 34 NAVIGATION 1 1 13 -40 38 2859.7 1827.8
41.10 34 ATTITUDE -18 0 -14
41.10 34 CALIBRATION 80.172 0.023 0.067 0
41.11 34 SERVO 9525 -2507 196
41.11 34 GPS 3 49758865 356545725 175 75267 45 176 237227000 12 0
41.11 34 SVINFO 1 14 13 7 36 47 34
41.11 34 DESIRED 0. -0. 48. 0. 833. 2.
41.11 34 IR_DEBUG 497 695 497 695
41.11 34 NAVIGATION 1 1 13 -40 38 2852.7 1822.8
41.11 34 WP_MOVED 2 497622.6875 3565498.5 833.
41.12 34 PPRZ_MODE 0 3 3 0 0 17 0
41.12 34 ESTIMATOR 752.669983 1.76 1.76 1.76 752.669983
41.12 34 GPS 3 49758867 356545713 193 75259 35 175 237227248 12 0
41.12 34 SVINFO 2 22 13 7 37 38 96
41.12 34 COMMANDS 0,185,-3,-797
41.12 34 NAVIGATION 1 1 13 -40 38 2861.3 1833.2
41.13 34 ATTITUDE -18 0 -14
41.13 34 DL_VALUE 28 0.228
41.13 34 FBW_STATUS 0 0 124
41.13 34 RAD_OF_IR -132 51 0.00144
41.13 34 IR_SENSORS -841 -133 1
41.13 34 GPS 3 49758865 356545709 205 75261 56 173 237227500 12 0
41.13 34 SVINFO 3 11 13 7 35 30 298
41.13 34 NAVIGATION 1 1 13 -40 38 2865.9 1836.5
41.14 34 WP_MOVED 3 497546.40625 3565495.5 833.
41.14 34 GYRO_RATES -38 -20 -3 0.331613 -0.174533 -0.02618
41.14 34 ESTIMATOR 752.609985 1.73 1.73 1.73 752.609985
41.14 34 GPS 3 49758860 356545709 215 75262 61 170 237227748 12 0
41.14 34 SVINFO 4 32 13 7 35 31 311
41.14 34 NAVIGATION 1 1 13 -40 38 2869.3 1836.3
41.14 34 ATTITUDE -18 0 -14
41.15 34 DESIRED 0. -0. 48. 0. 833. 2.
41.15 34 NAVIGATION 1 1 13 -40 38 2869.3 1836.3
41.15 34 GPS 3 49758858 356545718 217 75271 68 166 237228000 12 0
41.15 34 SVINFO 5 30 13 4 27 13 82
41.15 34 WP_MOVED 4 497575. 3565498. 0.
41.16 34 ESTIMATOR 752.710022 1.66 1.66 1.66 752.710022
41.16 34 COMMANDS 342,-350,-4,-1759
41.16 34 NAVIGATION 1 1 13 -40 38 2863.3 1828.5
41.16 34 ATTITUDE -17 0 -13
41.16 34 DL_VALUE 29 0.42
41.16 34 GPS 3 49758865 356545721 217 75283 71 160 237228248 12 0
41.16 34 FBW_STATUS 0 0 124
41.16 34 RAD_OF_IR -126 0 0.00144
41.16 34 IR_SENSORS -826 -126 1
41.16 34 NAVIGATION 1 1 13 -40 38 2856. 1826.2
41.75 34 GPS 3 49758867 356545734 200 75298 101 136 237228500 12 0
42.32 34 SVINFO 7 18 13 4 27 9 109
42.54 34 WP_MOVED 0 497617. 3565540. 833.
42.65 34 GYRO_RATES -37 -20 -3 0.322886 -0.174533 -0.02618
42.77 34 ESTIMATOR 752.97998 1.36 1.36 1.36 752.97998
42.88 34 BAT 228 124 62 0 61 60 1
43.00 34 NAVIGATION 1 1 13 -40 38 2844. 1815.2
43.12 34 ATTITUDE -16 0 -11
43.37 34 CALIBRATION 80.068 0.023 0.067 0
43.63 34 GPS 3 49758863 356545729 190 75300 60 166 237228748 12 0
43.75 34 SVINFO 8 20 4 4 26 5 303
43.86 34 SERVO 8503 -3260 557
43.87 34 DESIRED 0. -0. 48. 0. 833. 2.
43.99 34 IR_DEBUG 495 664 495 664
44.28 34 NAVIGATION 1 1 13 -40 38 2850.8 1819.3
44.59 34 WP_MOVED 1 497586.6875 3565500. 833.
44.69 34 GPS 3 49758856 356545715 191 75292 91 143 237229000 12 0
44.81 34 ESTIMATOR 752.919983 1.43 1.43 1.43 752.919983
44.92 34 DOWNLINK_STATUS 44 12035 759 0 3320. 209.
45.03 34 COMMANDS 79,-109,-162,-1870
45.04 34 FBW_STATUS 0 0 124
45.15 34 GPS 3 49758845 356545698 192 75287 62 170 237229248 12 0
45.27 34 RAD_OF_IR -114 2 0.00144
45.28 34 NAVIGATION_REF 497575 3565498 12
45.39 34 WP_MOVED 2 497622.6875 3565498.5 833.
45.60 34 GYRO_RATES -38 -20 -3 0.331613 -0.174533 -0.02618
45.71 34 GPS 3 49758831 356545679 196 75282 8 166 237229500 12 0
45.73 34 ESTIMATOR 752.820007 1.66 1.66 1.66 752.820007
45.77 34 DOWNLINK_STATUS 45 12183 768 0 148. 9.
45.77 34 NAVIGATION 1 1 13 -41 38 2914.1 1861.1
45.77 34 ATTITUDE -15 0 -11
45.77 34 GPS 3 49758817 356545672 178 75289 53 191 237229748 12 0
45.77 34 DESIRED 0. -0. 48. 0. 833. 2.
45.77 34 NAVIGATION 1 1 13 -41 38 2929.5 1866.7
45.77 34 WP_MOVED 3 497546.40625 3565495.5 833.
45.77 34 GPS 3 49758812 356545675 164 75305 40 180 237230000 12 0
45.77 34 ESTIMATOR 753.049988 1.8 1.8 1.8 753.049988
45.77 34 COMMANDS 169,151,-381,-1596
45.77 34 NAVIGATION 1 1 13 -41 38 2930.5 1863.9
45.77 34 ATTITUDE -15 0 -12
45.77 34 DL_VALUE 31 0.023
45.77 34 FBW_STATUS 0 0 124
45.77 34 RAD_OF_IR -115 -39 0.00144
45.77 34 GPS 3 49758806 356545673 160 75317 54 175 237230248 12 0
45.77 34 IR_SENSORS -819 -117 1
45.77 34 NAVIGATION 1 1 13 -41 38 2936.3 1865.5
45.77 34 WP_MOVED 4 497575. 3565498. 0.
45.77 34 GYRO_RATES -38 -20 -3 0.331613 -0.174533 -0.02618
45.77 34 ESTIMATOR 753.169983 1.75 1.75 1.75 753.169983
45.77 34 BAT 379 124 64 0 63 62 1
45.77 34 GPS 3 49758804 356545672 158 75339 72 196 237230500 12 0
45.77 34 NAVIGATION 1 1 13 -41 38 2938.5 1866.3
45.77 34 ATTITUDE -16 0 -11
45.77 34 CALIBRATION 80.14 0.023 0.067 0
45.77 34 SERVO 8592 -3012 311
45.77 34 GPS 3 49758797 356545664 150 75344 63 209 237230748 12 0
45.78 34 SVINFO 0 31 13 7 34 65 159
45.78 34 DESIRED 0. -0. 48. 0. 833. 2.
45.78 34 IR_DEBUG 498 666 498 666
45.78 34 NAVIGATION 1 1 12 -41 38 2950.1 1873.
45.78 34 WP_MOVED 0 497617. 3565540. 833.
45.78 34 ESTIMATOR 753.440002 2.09 2.09 2.09 753.440002
45.79 34 GPS 3 49758791 356545651 136 75339 56 188 237231000 12 0
45.79 34 SVINFO 1 14 13 7 36 47 34
45.79 34 COMMANDS 155,60,3,-1410
45.79 34 NAVIGATION 1 1 12 -41 38 2965.1 1884.2
45.79 34 ATTITUDE -16 0 -12
45.79 34 DL_VALUE 32 0.001
45.79 34 FBW_STATUS 0 0 124
45.79 34 RAD_OF_IR -117 -39 0.00144
45.79 34 ACTUATORS 1500,1511,0,1208,1430
45.79 34 IR_SENSORS -820 -116 1
45.80 34 GPS 3 49758786 356545650 151 75351 59 172 237231248 12 0
45.80 34 SVINFO 2 22 13 7 36 38 96
46.24 34 NAVIGATION 1 1 12 -41 38 2969.4 1884.9
46.35 34 WP_MOVED 1 497586.6875 3565500. 833.
46.63 34 GYRO_RATES -37 -20 -3 0.322886 -0.174533 -0.02618
46.75 34 ESTIMATOR 753.51001 1.72 1.72 1.72 753.51001
46.76 34 NAVIGATION 1 1 12 -41 38 2969.4 1884.9
46.87 34 GPS 3 49758781 356545642 158 75367 40 203 237231500 12 0
46.97 34 SVINFO 3 11 13 7 35 30 298
47.08 34 ATTITUDE -16 0 -12
47.08 34 DESIRED 0. -0. 48. 0. 833. 2.
47.20 34 NAVIGATION 1 1 12 -41 38 2979.6 1891.7
47.31 34 GPS 3 49758771 356545631 184 75381 50 187 237231748 12 0
47.44 34 SVINFO 4 32 13 7 35 31 311
47.91 34 WP_MOVED 2 497622.6875 3565498.5 833.
48.02 34 PPRZ_MODE 0 3 3 0 0 1 0
48.13 34 ESTIMATOR 753.809998 1.87 1.87 1.87 753.809998
48.23 34 COMMANDS 178,-85,-238,-1418
48.37 34 ATTITUDE -16 0 -11
48.48 34 DL_VALUE 33 0.01
48.69 34 GPS 3 49758774 356545628 211 75413 66 190 237232000 12 0
48.81 34 SVINFO 5 30 13 4 26 13 82
48.82 34 FBW_STATUS 0 0 124
48.92 34 RAD_OF_IR -118 76 0.00144
49.03 34 DOWNLINK_STATUS 49 13228 835 0 1045. 67.
49.14 34 IR_SENSORS -816 -118 1
49.27 34 NAVIGATION 1 1 12 -41 38 2996.3 1903.8
49.38 34 GPS 3 49758766 356545618 196 75415 70 202 237232248 12 0
49.49 34 WP_MOVED 3 497546.40625 3565495.5 833.
49.71 34 GYRO_RATES -38 -20 -3 0.331613 -0.174533 -0.02618
49.83 34 ESTIMATOR 754.150024 2.02 2.02 2.02 754.150024
49.93 34 BAT 86 124 66 0 65 64 1
50.04 34 DOWNLINK_STATUS 50 13352 842 0 124. 7.
50.15 34 NAVIGATION 1 1 12 -41 38 3010.3 1912.4
50.15 34 ATTITUDE -16 0 -11
50.27 34 CALIBRATION 79.757 0.023 0.067 0
50.39 34 GPS 3 49758753 356545611 189 75431 33 234 237232500 12 0
50.49 34 SVINFO 7 18 13 4 26 9 109
50.71 34 SERVO 8681 -3153 187
50.72 34 DESIRED 0. -0. 48. 0. 833. 2.
50.84 34 IR_DEBUG 501 668 501 668
50.95 34 NAVIGATION 1 1 12 -41 38 3025.4 1918.3
51.06 34 WP_MOVED 4 497575. 3565498. 0.
51.18 34 GPS 3 49758744 356545603 186 75440 50 204 237232748 12 0
51.29 34 SVINFO 8 20 4 4 26 5 303
51.41 34 DOWNLINK_STATUS 51 13544 854 0 192. 12.
51.70 34 GPS 3 49758745 356545603 185 75436 93 207 237233001 12 0
51.82 34 SVINFO 9 12 12 3 20 3 51
51.82 34 FBW_STATUS 0 0 124
51.92 34 RAD_OF_IR -119 -2 0.00144
52.03 34 IR_SENSORS -816 -119 1
52.14 34 NAVIGATION 1 1 12 -41 38 3037.8 1925.1
52.26 34 WP_MOVED 0 497617. 3565540. 833.
52.37 34 GYRO_RATES -37 -20 -3 0.322886 -0.174533 -0.02618
52.48 34 DOWNLINK_STATUS 52 13657 862 0 113. 8.
52.66 34 GPS 3 49758748 356545603 191 75426 59 216 237233249 12 0
52.66 34 ESTIMATOR 754.26001 2.16 2.16 2.16 754.26001
52.67 34 NAVIGATION 1 1 12 -41 38 3035.7 1925.2
52.67 34 ATTITUDE -15 0 -12
52.67 34 GPS 3 49758748 356545589 192 75411 44 215 237233501 12 0
52.67 34 DESIRED 0. -0. 48. 0. 833. 2.
52.67 34 NAVIGATION 1 1 12 -42 38 3047.5 1937.5
52.67 34 WP_MOVED 1 497586.6875 3565500. 833.
52.67 34 DOWNLINK_STATUS 52 13818 870 0 161. 8.
52.68 34 GPS 3 49758737 356545583 194 75405 66 200 237233749 12 0
52.68 34 ESTIMATOR 754.049988 2. 2. 2. 754.049988
52.68 34 COMMANDS 202,24,-53,-1437
52.68 34 NAVIGATION 1 1 12 -42 38 3060.4 1942.6
52.68 34 ATTITUDE -16 0 -12
52.68 34 DL_VALUE 35 0.
52.68 34 FBW_STATUS 0 0 124
52.68 34 RAD_OF_IR -118 5 0.00144
