9.99 34 ATTITUDE 0 0 -82
10.02 34 DL_VALUE 33 0.01
10.02 34 FBW_STATUS 0 0 123
10.02 34 RAD_OF_IR 6 0 0.00211
10.32 34 IR_SENSORS -961 6 1
10.32 34 NAVIGATION 0 1 0 0 38 0. 140.5
10.32 34 GPS 0 0 0 0 0 0 0 71000 0 0
10.41 34 DOWNLINK_STATUS 10 1790 114 0 367. 24.
10.75 34 ESTIMATOR 0. 0. 0. 0. 0.
10.75 34 ESTIMATOR 0. 0. 0. 0. 0.
10.75 34 BAT 127 123 0 0 75 0 1
10.75 34 NAVIGATION 0 1 0 0 38 0. 140.5
10.75 34 ATTITUDE 0 0 -82
10.75 34 CALIBRATION 0. 0.023 0.067 0
11.25 34 COMMANDS 156,7,-67,-501
11.25 34 NAVIGATION 0 1 0 0 38 0. 140.5
11.25 34 ATTITUDE 0 0 -82
11.25 34 DL_VALUE 34 1.
11.25 34 GPS 0 0 0 0 0 0 0 71748 0 0
11.25 34 FBW_STATUS 0 0 123
11.41 34 DOWNLINK_STATUS 11 1965 126 0 175. 12.
11.75 34 NAVIGATION 0 1 0 0 38 0. 140.5
11.75 34 ATTITUDE 0 0 -82
11.75 34 GPS 0 0 0 0 0 0 0 72248 0 0
11.75 34 DESIRED 0. 0. 0. 0. 778. 0.
11.75 34 NAVIGATION 0 1 0 0 38 0. 140.5
11.82 34 GPS 0 0 0 0 0 0 0 72500 0 0
11.82 34 ESTIMATOR 0. 0. 0. 0. 0.
11.82 34 COMMANDS 199,108,-48,-561
11.82 34 NAVIGATION 0 1 0 0 38 0. 140.5
11.82 34 ATTITUDE 0 0 -82
11.82 34 DL_VALUE 35 0.
12.00 34 FBW_STATUS 0 0 123
12.00 34 RAD_OF_IR 6 0 0.00211
12.01 34 GPS 0 0 0 0 0 0 0 72748 0 0
12.01 34 IR_SENSORS -961 7 1
12.01 34 NAVIGATION 0 1 0 0 38 0. 140.5
12.41 34 DOWNLINK_STATUS 12 2223 142 0 258. 16.
12.45 34 WP_MOVED 2 497622.6875 3565498.5 833.
12.45 34 GYRO_RATES -200 -164 -138 1.745329 -1.43117 -1.204277
12.45 34 GPS 0 0 0 0 0 0 0 73000 0 0
12.45 34 ESTIMATOR 0. 0. 0. 0. 0.
12.45 34 BAT 129 123 0 0 77 1 1
12.45 34 NAVIGATION 0 1 0 0 38 0. 140.5
12.55 34 ATTITUDE 0 0 -82
12.59 34 CALIBRATION 0. 0.023 0.067 0
12.59 34 SERVO 9600 -9600 124
12.59 34 GPS 0 0 0 0 0 0 0 73248 0 0
12.59 34 DESIRED 0. 0. 0. 0. 778. 0.
12.59 34 IR_DEBUG 691 681 691 681
12.59 34 NAVIGATION 0 1 0 0 38 0. 140.5
12.60 34 WP_MOVED 3 497546.40625 3565495.5 833.
12.60 34 ESTIMATOR 0. 0. 0. 0. 0.
12.60 34 GPS 0 0 0 0 0 0 0 73500 0 0
12.95 34 COMMANDS 143,47,-99,-488
12.95 34 NAVIGATION 0 1 0 0 38 0. 140.5
12.95 34 ATTITUDE 0 0 -82
12.95 34 DL_VALUE 36 0.
12.95 34 FBW_STATUS 0 0 123
12.95 34 RAD_OF_IR 6 0 0.00211
12.95 34 GPS 0 0 0 0 0 0 0 73748 0 0
12.95 34 IR_SENSORS -963 7 1
13.00 34 NAVIGATION 0 1 0 0 38 0. 140.5
13.04 34 WP_MOVED 4 497575. 3565498. 0.
13.04 34 GYRO_RATES -200 -165 -138 1.745329 -1.439897 -1.204277
13.41 34 DOWNLINK_STATUS 13 2662 169 0 439. 27.
13.43 34 ESTIMATOR 0. 0. 0. 0. 0.
13.43 34 GPS 0 0 0 0 0 0 0 74000 0 0
13.43 34 NAVIGATION 0 1 0 0 38 0. 140.5
13.43 34 ATTITUDE 0 0 -82
13.43 34 GPS 0 0 0 0 0 0 0 74248 0 0
13.44 34 NAVIGATION 0 1 0 0 38 0. 140.5
13.44 34 WP_MOVED 0 497617. 3565540. 833.
13.49 34 ESTIMATOR 0. 0. 0. 0. 0.
13.82 34 GPS 0 0 0 0 0 0 0 74500 0 0
13.82 34 COMMANDS 165,-7,-116,-513
13.82 34 NAVIGATION 0 1 0 0 38 0. 140.5
13.82 34 ATTITUDE 0 0 -82
13.82 34 DL_VALUE 37 0.1
13.82 34 FBW_STATUS 0 0 123
13.82 34 RAD_OF_IR 7 0 0.00211
14.02 34 ACTUATORS 1501,1503,0,1221,1465
14.02 34 IR_SENSORS -960 7 1
14.02 34 GPS 0 0 0 0 0 0 0 74748 0 0
14.02 34 NAVIGATION 0 1 0 0 38 0. 140.5
14.02 34 WP_MOVED 1 497586.6875 3565500. 833.
14.03 34 GYRO_RATES -201 -165 -139 1.754056 -1.439897 -1.213004
14.41 34 DOWNLINK_STATUS 14 3006 190 0 344. 21.
14.43 34 ESTIMATOR 0. 0. 0. 0. 0.
14.43 34 BAT 186 123 0 0 79 1 1
14.43 34 NAVIGATION 0 1 0 0 38 0. 140.5
14.43 34 ATTITUDE 0 0 -83
14.43 34 CALIBRATION 0. 0.023 0.067 0
14.43 34 GPS 0 0 0 0 0 0 0 75000 0 0
14.43 34 SERVO 9600 -9600 190
14.66 34 IR_DEBUG 690 680 690 680
14.66 34 NAVIGATION 0 1 0 0 38 0. 140.5
14.66 34 GPS 0 0 0 0 0 0 0 75248 0 0
14.66 34 WP_MOVED 2 497622.6875 3565498.5 833.
14.66 34 PPRZ_MODE 0 0 3 0 0 1 0
14.83 34 COMMANDS 151,12,-137,-449
14.84 34 NAVIGATION 0 1 0 0 38 0. 140.5
14.84 34 ATTITUDE 0 0 -82
14.84 34 DL_VALUE 38 0.
14.84 34 GPS 0 0 0 0 0 0 0 75500 0 0
14.84 34 FBW_STATUS 0 0 123
14.84 34 RAD_OF_IR 6 0 0.00211
14.84 34 IR_SENSORS -956 6 1
15.26 34 WP_MOVED 3 497546.40625 3565495.5 833.
15.26 34 GYRO_RATES -199 -164 -136 1.736603 -1.43117 -1.186824
15.26 34 GPS 0 0 0 0 0 0 0 75748 0 0
15.26 34 ESTIMATOR 0. 0. 0. 0. 0.
15.26 34 NAVIGATION 0 1 0 0 38 0. 140.5
15.41 34 DOWNLINK_STATUS 15 3393 215 0 387. 25.
15.63 34 DESIRED 0. 0. 0. 0. 778. 0.
15.63 34 NAVIGATION 0 1 0 0 38 0. 140.5
15.63 34 WP_MOVED 4 497575. 3565498. 0.
16.03 34 BAT 160 123 0 0 81 1 1
16.03 34 NAVIGATION 0 1 0 0 38 0. 140.5
16.03 34 ATTITUDE 0 0 -82
16.03 34 CALIBRATION 0. 0.023 0.067 0
16.03 34 SERVO 9600 -9600 148
16.32 34 GPS 0 0 0 0 0 0 0 77000 0 0
16.41 34 DOWNLINK_STATUS 16 3542 224 0 149. 9.
16.86 34 WP_MOVED 2 497622.6875 3565498.5 833.
16.86 34 GYRO_RATES -201 -165 -139 1.754056 -1.439897 -1.213004
16.86 34 ESTIMATOR 0. 0. 0. 0. 0.
16.86 34 GPS 0 0 0 0 0 0 0 77748 0 0
17.26 34 GPS 0 0 0 0 0 0 0 78000 0 0
17.26 34 NAVIGATION 0 1 0 0 38 0. 140.5
17.26 34 WP_MOVED 3 497546.40625 3565495.5 833.
17.41 34 DOWNLINK_STATUS 17 3686 231 0 144. 7.
17.66 34 NAVIGATION 0 1 0 0 38 0. 140.5
17.66 34 GPS 0 0 0 0 0 0 0 78248 0 0
17.66 34 ATTITUDE 0 0 -82
17.66 34 DL_VALUE 41 0.
17.66 34 FBW_STATUS 0 0 123
17.66 34 RAD_OF_IR 6 0 0.00211
17.66 34 IR_SENSORS -961 6 1
17.66 34 GPS 0 0 0 0 0 0 0 78500 0 0
18.04 34 GYRO_RATES -198 -163 -137 1.727876 -1.422443 -1.195551
18.41 34 DOWNLINK_STATUS 18 3816 240 0 130. 9.
18.56 34 IR_DEBUG 690 681 690 681
18.56 34 NAVIGATION 0 1 0 0 38 0. 140.5
18.56 34 GPS 0 0 0 0 0 0 0 79000 0 0
18.56 34 WP_MOVED 0 497617. 3565540. 833.
18.56 34 ESTIMATOR 0. 0. 0. 0. 0.
18.64 34 COMMANDS 156,66,-91,-528
18.64 34 NAVIGATION 0 1 0 0 38 0. 140.5
18.64 34 ATTITUDE 0 0 -82
18.64 34 DL_VALUE 0 778.
18.64 34 GPS 0 0 0 0 0 0 0 79248 0 0
18.64 34 FBW_STATUS 0 0 123
18.64 34 RAD_OF_IR 7 0 0.00211
18.64 34 ACTUATORS 1507,1499,0,1222,1473
18.64 34 IR_SENSORS -958 7 1
18.96 34 GPS 0 0 0 0 0 0 0 79500 0 0
18.96 34 WP_MOVED 1 497586.6875 3565500. 833.
18.96 34 GYRO_RATES -199 -162 -137 1.736603 -1.413717 -1.195551
18.96 34 ESTIMATOR 0. 0. 0. 0. 0.
19.15 34 ATTITUDE 0 0 -82
19.18 34 GPS 0 0 0 0 0 0 0 79748 0 0
19.18 34 DESIRED 0. 0. 0. 0. 778. 0.
19.18 34 NAVIGATION 0 1 0 0 38 0. 140.5
19.22 34 WP_MOVED 2 497622.6875 3565498.5 833.
19.22 34 PPRZ_MODE 0 0 3 0 0 1 0
19.22 34 GPS 0 0 0 0 0 0 0 80000 0 0
19.22 34 ESTIMATOR 0. 0. 0. 0. 0.
19.41 34 DOWNLINK_STATUS 19 4251 266 0 435. 26.
19.64 34 COMMANDS 159,18,-63,-489
19.64 34 NAVIGATION 0 1 0 0 38 0. 140.5
19.64 34 ATTITUDE 0 0 -82
19.64 34 DL_VALUE 1 1.
19.64 34 FBW_STATUS 0 0 123
19.64 34 RAD_OF_IR 7 0 0.00211
19.64 34 GPS 0 0 0 0 0 0 0 80248 0 0
19.64 34 IR_SENSORS -961 7 1
19.67 34 WP_MOVED 3 497546.40625 3565495.5 833.
19.67 34 GYRO_RATES -200 -164 -138 1.745329 -1.43117 -1.204277
19.67 34 GPS 0 0 0 0 0 0 0 80500 0 0
19.67 34 SVINFO 12 17 0 3 16 -9 0
19.67 34 ESTIMATOR 0. 0. 0. 0. 0.
19.67 34 BAT 164 123 0 0 84 0 1
19.83 34 NAVIGATION 0 1 0 0 38 0. 140.5
19.83 34 ATTITUDE 0 0 -82
19.83 34 CALIBRATION 0. 0.023 0.067 0
20.26 34 SERVO 9600 -9600 221
20.26 34 GPS 0 0 0 0 0 0 0 80748 0 0
20.27 34 DESIRED 0. 0. 0. 0. 778. 0.
20.27 34 IR_DEBUG 691 681 691 681
20.27 34 NAVIGATION 0 1 0 0 38 0. 140.5
20.27 34 WP_MOVED 4 497575. 3565498. 0.
20.41 34 DOWNLINK_STATUS 20 4598 289 0 347. 23.
20.68 34 NAVIGATION 0 1 0 0 38 0. 140.5
20.68 34 ATTITUDE 0 0 -82
20.68 34 COMMANDS 164,1,-113,-412
20.68 34 NAVIGATION 0 1 0 0 38 0. 140.5
20.68 34 ATTITUDE 0 0 -82
20.68 34 DL_VALUE 2 0.
20.68 34 FBW_STATUS 0 0 123
20.68 34 RAD_OF_IR 7 0 0.00211
20.76 34 IR_SENSORS -961 7 1
20.76 34 NAVIGATION 0 1 0 0 38 0. 140.5
20.76 34 WP_MOVED 0 497617. 3565540. 833.
20.76 34 GYRO_RATES -200 -165 -138 1.745329 -1.439897 -1.204277
20.76 34 ESTIMATOR 0. 0. 0. 0. 0.
20.76 34 NAVIGATION 0 1 0 0 38 0. 140.5
20.76 34 ATTITUDE 0 0 -82
21.06 34 DESIRED 0. 0. 0. 0. 778. 0.
21.06 34 GPS 0 0 0 0 0 0 0 81748 0 0
21.06 34 NAVIGATION 0 1 0 0 38 0. 140.5
21.06 34 WP_MOVED 1 497586.6875 3565500. 833.
21.41 34 DOWNLINK_STATUS 21 4878 308 0 280. 19.
21.47 34 ESTIMATOR 0. 0. 0. 0. 0.
21.47 34 COMMANDS 81,-65,-312,-546
21.47 34 NAVIGATION 0 1 0 0 38 0. 140.5
21.47 34 GPS 0 0 0 0 0 0 0 82000 0 0
21.47 34 SVINFO 2 14 0 3 17 -9 0
21.47 34 ATTITUDE 0 0 -82
21.47 34 DL_VALUE 3 0.
21.47 34 FBW_STATUS 0 0 123
21.96 34 IR_DEBUG 691 681 691 681
21.98 34 NAVIGATION 0 1 0 0 38 0. 140.5
21.98 34 GPS 0 0 0 0 0 0 0 82748 0 0
21.99 34 WP_MOVED 3 497546.40625 3565495.5 833.
21.99 34 ESTIMATOR 0. 0. 0. 0. 0.
22.04 34 BAT 152 123 0 0 86 0 1
22.04 34 NAVIGATION 0 1 0 0 38 0. 140.5
22.04 34 GPS 0 0 0 0 0 0 0 82500 0 0
22.04 34 ATTITUDE 0 0 -82
22.04 34 CALIBRATION 0. 0.023 0.067 0
22.04 34 SERVO 9600 -9600 164
22.08 34 IR_DEBUG 691 681 691 681
22.08 34 NAVIGATION 0 1 0 0 38 0. 140.5
22.08 34 GPS 0 0 0 0 0 0 0 82748 0 0
22.08 34 WP_MOVED 3 497546.40625 3565495.5 833.
22.08 34 ESTIMATOR 0. 0. 0. 0. 0.
22.08 34 COMMANDS 221,-34,-89,-703
22.41 34 DOWNLINK_STATUS 22 5271 333 0 393. 25.
22.46 34 ATTITUDE 0 0 -82
22.47 34 DL_VALUE 4 0.
22.47 34 GPS 0 0 0 0 0 0 0 83000 0 0
22.47 34 FBW_STATUS 0 0 123
22.47 34 RAD_OF_IR 7 0 0.00211
22.47 34 IR_SENSORS -959 6 1
22.47 34 NAVIGATION 0 1 0 0 38 0. 140.5
22.47 34 WP_MOVED 4 497575. 3565498. 0.
22.86 34 GPS 0 0 0 0 0 0 0 83248 0 0
22.90 34 ESTIMATOR 0. 0. 0. 0. 0.
22.90 34 NAVIGATION 0 1 0 0 38 0. 140.5
22.90 34 ATTITUDE 0 0 -82
23.41 34 DOWNLINK_STATUS 23 5444 345 0 173. 12.
24.41 34 DOWNLINK_STATUS 24 5444 345 0 0. 0.
25.41 34 DOWNLINK_STATUS 25 5444 345 0 0. 0.
25.58 34 IR_DEBUG 690 681 690 681
25.58 34 NAVIGATION 0 1 0 0 38 0. 140.5
25.58 34 WP_MOVED 0 497617. 3565540. 833.
25.59 34 GYRO_RATES -198 -163 -137 1.727876 -1.422443 -1.195551
25.67 34 BAT 168 123 0 0 90 0 1
25.67 34 NAVIGATION 0 1 0 0 38 0. 140.5
25.67 34 ATTITUDE 0 0 -82
25.67 34 CALIBRATION 0. 0.023 0.067 0
25.67 34 GPS 0 0 0 0 0 0 0 86248 0 0
25.67 34 SERVO 9600 -9600 217
26.06 34 IR_DEBUG 690 681 690 681
26.06 34 NAVIGATION 0 1 0 0 38 0. 140.5
26.06 34 GPS 0 0 0 0 0 0 0 86500 0 0
26.06 34 WP_MOVED 1 497586.6875 3565500. 833.
26.06 34 ESTIMATOR 0. 0. 0. 0. 0.
26.41 34 DOWNLINK_STATUS 26 5689 360 0 245. 15.
26.99 34 WP_MOVED 3 497546.40625 3565495.5 833.
26.99 34 GPS 0 0 0 0 0 0 0 87500 0 0
26.99 34 ESTIMATOR 0. 0. 0. 0. 0.
26.99 34 COMMANDS 31,-146,-439,-536
26.99 34 NAVIGATION 0 1 0 0 38 0. 140.5
26.99 34 ATTITUDE 0 0 -82
26.99 34 DL_VALUE 9 -61.099998
27.06 34 RAD_OF_IR 6 0 0.00211
27.10 34 GPS 0 0 0 0 0 0 0 87748 0 0
27.10 34 IR_SENSORS -959 7 1
27.10 34 NAVIGATION 0 1 0 0 38 0. 140.5
27.42 34 DOWNLINK_STATUS 27 5860 371 0 171. 11.
27.49 34 WP_MOVED 0 497617. 3565540. 833.
27.49 34 GPS 0 0 0 0 0 0 0 88000 0 0
27.49 34 ESTIMATOR 0. 0. 0. 0. 0.
27.49 34 BAT 175 123 0 0 92 0 1
27.49 34 NAVIGATION 0 1 0 0 38 0. 140.5
27.57 34 ATTITUDE 0 0 -82
27.60 34 CALIBRATION 0. 0.023 0.067 0
27.60 34 SERVO 9600 -9600 164
27.60 34 GPS 0 0 0 0 0 0 0 88248 0 0
27.60 34 SVINFO 11 18 0 3 24 -9 0
27.60 34 DESIRED 0. 0. 0. 0. 778. 0.
27.60 34 IR_DEBUG 691 681 691 681
27.89 34 WP_MOVED 0 497617. 3565540. 833.
27.89 34 GPS 0 0 0 0 0 0 0 88500 0 0
27.89 34 ESTIMATOR 0. 0. 0. 0. 0.
27.89 34 COMMANDS 189,-59,-141,-777
27.89 34 NAVIGATION 0 1 0 0 38 0. 140.5
27.89 34 ATTITUDE 0 0 -82
27.95 34 FBW_STATUS 0 0 123
27.95 34 RAD_OF_IR 7 0 0.00211
27.95 34 GPS 0 0 0 0 0 0 0 88748 0 0
27.95 34 ACTUATORS 1474,1505,0,1215,1473
27.95 34 IR_SENSORS -961 7 1
27.95 34 NAVIGATION 0 1 0 0 38 0. 140.5
28.39 34 WP_MOVED 1 497586.6875 3565500. 833.
28.39 34 GYRO_RATES -200 -164 -138 1.745329 -1.43117 -1.204277
28.39 34 ESTIMATOR 0. 0. 0. 0. 0.
28.39 34 GPS 0 0 0 0 0 0 0 89000 0 0
28.39 34 NAVIGATION 0 1 0 0 38 0. 140.5
28.39 34 ATTITUDE 0 0 -82
28.42 34 DOWNLINK_STATUS 28 6352 401 0 492. 30.
28.77 34 DESIRED 0. 0. 0. 0. 778. 0.
28.77 34 GPS 0 0 0 0 0 0 0 89248 0 0
28.77 34 NAVIGATION 0 1 0 0 38 0. 140.5
28.77 34 WP_MOVED 2 497622.6875 3565498.5 833.
28.77 34 PPRZ_MODE 0 0 3 0 0 1 0
29.18 34 ATTITUDE 0 0 -82
29.19 34 CALIBRATION 0. 0.023 0.067 0
29.19 34 GPS 0 0 0 0 0 0 0 90000 0 0
29.19 34 SERVO 9600 -9600 182
29.42 34 DOWNLINK_STATUS 29 6505 410 0 153. 9.
29.79 34 IR_DEBUG 691 681 691 681
29.79 34 NAVIGATION 0 1 0 0 38 0. 140.5
29.79 34 GPS 0 0 0 0 0 0 0 90248 0 0
29.79 34 WP_MOVED 4 497575. 3565498. 0.
30.19 34 ATTITUDE 0 0 -82
30.19 34 DL_VALUE 12 0.
30.19 34 GPS 0 0 0 0 0 0 0 90500 0 0
30.19 34 FBW_STATUS 0 0 123
30.19 34 RAD_OF_IR 7 0 0.00211
30.19 34 IR_SENSORS -958 7 1
30.39 34 GYRO_RATES -199 -163 -137 1.736603 -1.422443 -1.195551
30.39 34 GPS 0 0 0 0 0 0 0 90748 0 0
30.39 34 ESTIMATOR 0. 0. 0. 0. 0.
30.39 34 NAVIGATION 0 1 0 0 38 0. 140.5
30.39 34 ATTITUDE 0 0 -82
30.42 34 DOWNLINK_STATUS 30 6735 425 0 230. 15.
30.79 34 GYRO_RATES -200 -164 -138 1.745329 -1.43117 -1.204277
30.79 34 WP_MOVED 1 497586.6875 3565500. 833.
30.79 34 GPS 0 0 0 0 0 0 0 91248 0 0
31.42 34 DOWNLINK_STATUS 31 6797 428 0 62. 3.
31.69 34 WP_MOVED 3 497546.40625 3565495.5 833.
31.69 34 GPS 0 0 0 0 0 0 0 92248 0 0
31.69 34 ESTIMATOR 0. 0. 0. 0. 0.
31.69 34 COMMANDS 184,-204,-307,-541
31.70 34 NAVIGATION 0 1 0 0 38 0. 140.5
31.70 34 ATTITUDE 0 0 -82
31.70 34 DL_VALUE 14 482.
31.79 34 RAD_OF_IR 7 0 0.00211
31.79 34 GPS 0 0 0 0 0 0 0 92500 0 0
31.79 34 IR_SENSORS -961 7 1
31.79 34 NAVIGATION 0 1 0 0 38 0. 140.5
31.79 34 WP_MOVED 4 497575. 3565498. 0.
31.79 34 GYRO_RATES -200 -164 -138 1.745329 -1.43117 -1.204277
31.83 34 ESTIMATOR 0. 0. 0. 0. 0.
32.19 34 GPS 0 0 0 0 0 0 0 92748 0 0
32.19 34 NAVIGATION 0 1 0 0 38 0. 140.5
32.19 34 ATTITUDE 0 0 -82
32.19 34 DESIRED 0. 0. 0. 0. 778. 0.
32.20 34 GPS 0 0 0 0 0 0 0 93000 0 0
32.42 34 DOWNLINK_STATUS 32 7131 447 0 334. 19.
32.46 34 WP_MOVED 0 497617. 3565540. 833.
32.46 34 ESTIMATOR 0. 0. 0. 0. 0.
32.77 34 COMMANDS 71,-160,-379,-524
32.81 34 NAVIGATION 0 1 0 0 38 0. 140.5
32.81 34 ATTITUDE 0 0 -82
32.81 34 DL_VALUE 15 455.
32.81 34 FBW_STATUS 0 0 123
32.81 34 RAD_OF_IR 7 0 0.00211
32.81 34 NAVIGATION_REF 497575 3565498 12
32.81 34 ACTUATORS 1498,1505,0,1213,1484
32.81 34 IR_SENSORS -961 6 1
32.81 34 NAVIGATION 0 1 0 0 38 0. 140.5
32.81 34 GPS 0 0 0 0 0 0 0 93500 0 0
32.81 34 WP_MOVED 1 497586.6875 3565500. 833.
32.81 34 GYRO_RATES -199 -163 -137 1.736603 -1.422443 -1.195551
32.81 34 ESTIMATOR 0. 0. 0. 0. 0.
32.87 34 NAVIGATION 0 1 0 0 38 0. 140.5
32.87 34 ATTITUDE 0 0 -82
32.87 34 CALIBRATION 0. 0.023 0.067 0
32.87 34 GPS 0 0 0 0 0 0 0 93748 0 0
33.42 34 DOWNLINK_STATUS 33 7429 467 0 298. 20.
34.42 34 DOWNLINK_STATUS 34 7429 467 0 0. 0.
34.61 34 IR_SENSORS -961 7 1
34.61 34 NAVIGATION 0 1 0 0 38 0. 140.5
34.61 34 WP_MOVED 0 497617. 3565540. 833.
34.61 34 GYRO_RATES -201 -164 -138 1.754056 -1.43117 -1.204277
34.61 34 GPS 0 0 0 0 0 0 0 95500 0 0
34.90 34 ESTIMATOR 0. 0. 0. 0. 0.
34.90 34 BAT 162 123 0 0 100 0 1
34.90 34 NAVIGATION 0 1 0 0 38 0. 140.5
34.90 34 ATTITUDE 0 0 -82
34.90 34 CALIBRATION 0. 0.023 0.067 0
35.42 34 IR_SENSORS -961 7 1
35.42 34 NAVIGATION 0 1 0 0 38 0. 140.5
35.42 34 IR_DEBUG 692 682 692 682
35.42 34 NAVIGATION 0 1 0 0 38 0. 140.5
35.42 34 WP_MOVED 1 497586.6875 3565500. 833.
35.42 34 DOWNLINK_STATUS 35 7663 482 0 234. 15.
35.50 34 GPS 0 0 0 0 0 0 0 96000 0 0
35.50 34 COMMANDS 159,41,-88,-513
35.50 34 NAVIGATION 0 1 0 0 38 0. 140.5
35.50 34 ATTITUDE 0 0 -82
35.50 34 DL_VALUE 18 10000.
35.50 34 FBW_STATUS 0 0 123
35.50 34 RAD_OF_IR 6 0 0.00211
35.53 34 IR_SENSORS -961 7 1
35.57 34 NAVIGATION 0 1 0 0 38 0. 140.5
35.57 34 WP_MOVED 2 497622.6875 3565498.5 833.
35.57 34 GYRO_RATES -200 -164 -138 1.745329 -1.43117 -1.204277
35.60 34 ESTIMATOR 0. 0. 0. 0. 0.
35.60 34 GPS 0 0 0 0 0 0 0 96500 0 0
35.69 34 NAVIGATION 0 1 0 0 38 0. 140.5
35.69 34 ATTITUDE 0 0 -82
36.12 34 GPS 0 0 0 0 0 0 0 96748 0 0
36.12 34 DESIRED 0. 0. 0. 0. 778. 0.
36.12 34 NAVIGATION 0 1 0 0 38 0. 140.5
36.12 34 WP_MOVED 3 497546.40625 3565495.5 833.
36.12 34 ESTIMATOR 0. 0. 0. 0. 0.
36.44 34 DOWNLINK_STATUS 36 7993 502 0 330. 20.
36.50 34 COMMANDS 175,-1,-105,-531
36.50 34 NAVIGATION 0 1 0 0 38 0. 140.5
36.50 34 GPS 0 0 0 0 0 0 0 97000 0 0
36.50 34 ATTITUDE 0 0 -82
36.50 34 DL_VALUE 19 3000.
36.50 34 FBW_STATUS 0 0 123
36.50 34 RAD_OF_IR 7 0 0.00211
36.50 34 IR_SENSORS -960 7 1
36.54 34 GPS 0 0 0 0 0 0 0 97248 0 0
36.58 34 WP_MOVED 4 497575. 3565498. 0.
36.58 34 GYRO_RATES -200 -164 -137 1.745329 -1.43117 -1.195551
36.58 34 ESTIMATOR 0. 0. 0. 0. 0.
36.58 34 BAT 179 123 0 0 102 0 1
36.94 34 NAVIGATION 0 1 0 0 38 0. 140.5
36.94 34 ATTITUDE 0 0 -82
36.94 34 CALIBRATION 0. 0.023 0.067 0
36.94 34 GPS 0 0 0 0 0 0 0 97500 0 0
37.44 34 DOWNLINK_STATUS 37 8253 519 0 260. 17.
38.43 34 DOWNLINK_STATUS 38 8253 519 0 0. 0.
39.43 34 DOWNLINK_STATUS 39 8253 519 0 0. 0.
40.24 34 ESTIMATOR 0. 0. 0. 0. 0.
40.24 34 BAT 171 123 0 0 106 0 1
40.42 34 NAVIGATION 0 1 0 0 38 0. 140.5
40.42 34 ATTITUDE 0 0 -82
40.42 34 CALIBRATION 0. 0.023 0.067 0
40.42 34 GPS 0 0 0 0 0 0 0 101248 0 0
40.43 34 DOWNLINK_STATUS 40 8357 525 0 104. 6.
41.43 34 DOWNLINK_STATUS 41 8357 525 0 0. 0.
42.43 34 DOWNLINK_STATUS 42 8357 525 0 0. 0.
43.43 34 DOWNLINK_STATUS 43 8357 525 0 0. 0.
44.43 34 DOWNLINK_STATUS 44 8357 525 0 0. 0.
45.43 34 DOWNLINK_STATUS 45 8357 525 0 0. 0.
46.43 34 DOWNLINK_STATUS 46 8357 525 0 0. 0.
47.43 34 DOWNLINK_STATUS 47 8357 525 0 0. 0.
48.15 34 ESTIMATOR 0. 0. 0. 0. 0.
48.15 34 BAT 196 123 0 0 114 0 1
48.15 34 NAVIGATION 0 1 0 0 38 0. 140.5
48.15 34 ATTITUDE 0 0 -82
48.15 34 CALIBRATION 0. 0.023 0.067 0
48.15 34 GPS 0 0 0 0 0 0 0 108748 0 0
48.15 34 SERVO 9600 -9600 179
48.43 34 DOWNLINK_STATUS 48 8469 532 0 112. 7.
48.57 34 IR_DEBUG 690 680 690 680
48.57 34 NAVIGATION 0 1 0 0 38 0. 140.5
48.57 34 GPS 0 0 0 0 0 0 0 109000 0 0
48.57 34 WP_MOVED 4 497575. 3565498. 0.
48.57 34 ESTIMATOR 0. 0. 0. 0. 0.
48.88 34 ATTITUDE 0 0 -82
48.88 34 DL_VALUE 32 0.001
48.88 34 GPS 0 0 0 0 0 0 0 109248 0 0
48.88 34 FBW_STATUS 0 0 123
48.88 34 RAD_OF_IR 6 0 0.00211
48.88 34 IR_SENSORS -959 6 1
48.98 34 WP_MOVED 0 497617. 3565540. 833.
48.98 34 GYRO_RATES -199 -162 -137 1.736603 -1.413717 -1.195551
48.98 34 GPS 0 0 0 0 0 0 0 109500 0 0
48.98 34 ESTIMATOR 0. 0. 0. 0. 0.
48.98 34 NAVIGATION 0 1 0 0 38 0. 140.5
48.98 34 ATTITUDE 0 0 -82
49.38 34 DESIRED 0. 0. 0. 0. 778. 0.
49.42 34 NAVIGATION 0 1 0 0 38 0. 140.5
49.42 34 WP_MOVED 1 497586.6875 3565500. 833.
49.42 34 GPS 0 0 0 0 0 0 0 110000 0 0
49.43 34 DOWNLINK_STATUS 49 8822 553 0 353. 21.
50.43 34 DOWNLINK_STATUS 50 8822 553 0 0. 0.
51.43 34 DOWNLINK_STATUS 51 8822 553 0 0. 0.
52.15 34 ATTITUDE 0 0 -82
52.15 34 DL_VALUE 36 0.
52.16 34 GPS 0 0 0 0 0 0 0 113000 0 0
52.16 34 FBW_STATUS 0 0 123
52.16 34 RAD_OF_IR 7 0 0.00211
52.43 34 DOWNLINK_STATUS 52 8879 558 0 57. 5.
53.43 34 DOWNLINK_STATUS 53 8879 558 0 0. 0.
54.39 34 GPS 0 0 0 0 0 0 0 115248 0 0
54.39 34 NAVIGATION 0 1 0 0 38 0. 140.5
54.39 34 ATTITUDE 0 0 -82
54.39 34 COMMANDS 186,-101,-201,-513
54.39 34 NAVIGATION 0 1 0 0 38 0. 140.5
54.39 34 ATTITUDE 0 0 -82
54.39 34 DL_VALUE 38 0.
54.43 34 DOWNLINK_STATUS 54 8976 565 0 97. 7.
54.47 34 RAD_OF_IR 6 0 0.00211
54.47 34 GPS 0 0 0 0 0 0 0 115000 0 0
54.47 34 IR_SENSORS -961 6 1
54.47 34 NAVIGATION 0 1 0 0 38 0. 140.5
54.47 34 WP_MOVED 2 497622.6875 3565498.5 833.
54.47 34 GYRO_RATES -200 -164 -138 1.745329 -1.43117 -1.204277
55.43 34 DOWNLINK_STATUS 55 9074 571 0 98. 6.
56.43 34 DOWNLINK_STATUS 56 9074 571 0 0. 0.
57.43 34 DOWNLINK_STATUS 57 9074 571 0 0. 0.
57.79 34 SERVO 9600 -9600 190
57.80 34 GPS 0 0 0 0 0 0 0 118248 0 0
57.80 34 DESIRED 0. 0. 0. 0. 778. 0.
57.80 34 IR_DEBUG 692 682 692 682
57.80 34 NAVIGATION 0 1 0 0 38 0. 140.5
57.80 34 WP_MOVED 4 497575. 3565498. 0.
58.43 34 DOWNLINK_STATUS 58 9178 577 0 104. 6.
59.43 34 DOWNLINK_STATUS 59 9178 577 0 0. 0.
59.97 34 DL_VALUE 2 0.
59.97 34 GPS 0 0 0 0 0 0 0 120500 0 0
59.97 34 FBW_STATUS 0 0 123
59.97 34 RAD_OF_IR 7 0 0.00211
60.10 34 IR_SENSORS -958 7 1
60.10 34 NAVIGATION 0 1 0 0 38 0. 140.5
60.10 34 WP_MOVED 4 497575. 3565498. 0.
60.10 34 GYRO_RATES -199 -164 -137 1.736603 -1.43117 -1.195551
60.10 34 GPS 0 0 0 0 0 0 0 120748 0 0
60.10 34 ESTIMATOR 0. 0. 0. 0. 0.
60.43 34 DOWNLINK_STATUS 60 9337 587 0 159. 10.
60.50 34 ATTITUDE 0 0 -82
60.50 34 GPS 0 0 0 0 0 0 0 121000 0 0
60.50 34 DESIRED 0. 0. 0. 0. 778. 0.
60.50 34 NAVIGATION 0 1 0 0 38 0. 140.5
60.50 34 WP_MOVED 0 497617. 3565540. 833.
60.56 34 ESTIMATOR 0. 0. 0. 0. 0.
60.60 34 COMMANDS 86,-160,-378,-523
60.60 34 NAVIGATION 0 1 0 0 38 0. 140.5
60.60 34 ATTITUDE 0 0 -82
60.60 34 DL_VALUE 3 0.
60.76 34 FBW_STATUS 0 0 123
60.76 34 RAD_OF_IR 7 0 0.00211
60.76 34 GPS 0 0 0 0 0 0 0 121500 0 0
60.98 34 ACTUATORS 1499,1505,0,1212,1493
60.98 34 IR_SENSORS -961 7 1
60.98 34 NAVIGATION 0 1 0 0 38 0. 140.5
60.98 34 WP_MOVED 1 497586.6875 3565500. 833.
60.98 34 GYRO_RATES -200 -165 -139 1.745329 -1.439897 -1.213004
61.19 34 GPS 0 0 0 0 0 0 0 121748 0 0
61.23 34 ESTIMATOR 0. 0. 0. 0. 0.
61.23 34 BAT 183 123 0 0 128 0 2
61.23 34 NAVIGATION 0 1 0 0 38 0. 140.5
61.23 34 ATTITUDE 0 0 -82
61.23 34 CALIBRATION 0. 0.023 0.067 0
61.43 34 DOWNLINK_STATUS 61 9717 611 0 380. 24.
61.60 34 GPS 0 0 0 0 0 0 0 122000 0 0
61.60 34 DESIRED 0. 0. 0. 0. 778. 0.
61.60 34 IR_DEBUG 692 682 692 682
61.60 34 NAVIGATION 0 1 0 0 38 0. 140.5
61.60 34 WP_MOVED 2 497622.6875 3565498.5 833.
61.60 34 PPRZ_MODE 0 0 3 0 0 17 0
61.77 34 GPS 0 0 0 0 0 0 0 122248 0 0
61.78 34 COMMANDS 193,-52,-137,-743
61.78 34 NAVIGATION 0 1 0 0 38 0. 140.5
61.78 34 ATTITUDE 0 0 -82
61.78 34 DL_VALUE 4 0.
61.78 34 FBW_STATUS 0 0 123
61.78 34 RAD_OF_IR 7 0 0.00211
62.20 34 IR_SENSORS -961 6 1
62.20 34 NAVIGATION 0 1 0 0 38 0. 140.5
62.20 34 WP_MOVED 3 497546.40625 3565495.5 833.
62.20 34 GYRO_RATES -199 -164 -137 1.736603 -1.43117 -1.195551
62.20 34 ESTIMATOR 0. 0. 0. 0. 0.
62.43 34 DOWNLINK_STATUS 62 9991 629 0 274. 18.
63.43 34 DOWNLINK_STATUS 63 9991 629 0 0. 0.
64.30 34 ATTITUDE 0 0 -82
64.30 34 GPS 0 0 0 0 0 0 0 124748 0 0
64.30 34 DESIRED 0. 0. 0. 0. 778. 0.
64.30 34 NAVIGATION 0 1 0 0 38 0. 140.5
64.30 34 WP_MOVED 3 497546.40625 3565495.5 833.
64.43 34 DOWNLINK_STATUS 64 10085 634 0 94. 5.
64.70 34 BAT 174 123 0 0 132 0 2
64.70 34 NAVIGATION 0 1 0 0 38 0. 140.5
64.70 34 ATTITUDE 0 0 -82
64.70 34 ATTITUDE 0 0 -82
64.70 34 DL_VALUE 7 0.
64.70 34 FBW_STATUS 0 0 123
64.78 34 RAD_OF_IR 6 0 0.00211
64.78 34 IR_SENSORS -960 7 1
64.78 34 NAVIGATION 0 1 0 0 38 0. 140.5
64.78 34 WP_MOVED 4 497575. 3565498. 0.
64.78 34 GYRO_RATES -200 -165 -138 1.745329 -1.439897 -1.204277
64.78 34 GPS 0 0 0 0 0 0 0 125500 0 0
64.80 34 BAT 174 123 0 0 132 0 2
64.80 34 NAVIGATION 0 1 0 0 38 0. 140.5
64.80 34 ATTITUDE 0 0 -82
64.80 34 CALIBRATION 0. 0.023 0.067 0
64.80 34 SERVO 9600 -9600 180
64.84 34 GPS 0 0 0 0 0 0 0 125748 0 0
65.43 34 DOWNLINK_STATUS 65 10333 652 0 248. 18.
65.70 34 ATTITUDE 0 0 -82
65.70 34 NAVIGATION 0 1 0 0 38 0. 140.5
65.70 34 ATTITUDE 0 0 -82
65.70 34 DL_VALUE 8 1.
65.70 34 FBW_STATUS 0 0 123
65.70 34 RAD_OF_IR 7 0 0.00211
65.70 34 GPS 0 0 0 0 0 0 0 126248 0 0
65.71 34 ACTUATORS 1507,1506,0,1214,1476
65.71 34 IR_SENSORS -961 7 1
65.78 34 GYRO_RATES -200 -164 -138 1.745329 -1.43117 -1.204277
65.78 34 ESTIMATOR 0. 0. 0. 0. 0.
65.78 34 GPS 0 0 0 0 0 0 0 126500 0 0
65.78 34 ATTITUDE 0 0 -82
66.43 34 DOWNLINK_STATUS 66 10514 665 0 181. 13.
67.05 34 DESIRED 0. 0. 0. 0. 778. 0.
67.05 34 IR_DEBUG 690 680 690 680
67.05 34 NAVIGATION 0 1 0 0 38 0. 140.5
67.05 34 GPS 0 0 0 0 0 0 0 127748 0 0
67.05 34 SVINFO 9 8 0 1 23 -9 0
67.05 34 WP_MOVED 4 497575. 3565498. 0.
67.43 34 DOWNLINK_STATUS 67 10620 671 0 106. 6.
67.47 34 COMMANDS 133,29,-69,-462
67.47 34 NAVIGATION 0 1 0 0 38 0. 140.5
67.47 34 ATTITUDE 0 0 -82
67.47 34 DL_VALUE 10 0.
67.47 34 GPS 0 0 0 0 0 0 0 128000 0 0
67.47 34 FBW_STATUS 0 0 123
67.47 34 RAD_OF_IR 7 0 0.00211
68.18 34 IR_SENSORS -960 7 1
68.18 34 DESIRED 0. 0. 0. 0. 778. 0.
68.18 34 NAVIGATION 0 1 0 0 38 0. 140.5
68.18 34 WP_MOVED 1 497586.6875 3565500. 833.
68.43 34 DOWNLINK_STATUS 68 10773 682 0 153. 11.
68.68 34 BAT 178 123 0 0 136 1 2
68.68 34 NAVIGATION 0 1 0 0 38 0. 140.5
68.68 34 ATTITUDE 0 0 -82
68.68 34 CALIBRATION 0. 0.023 0.067 0
68.68 34 SERVO 9600 -9600 174
68.68 34 GPS 0 0 0 0 0 0 0 129500 0 0
69.05 34 IR_DEBUG 692 682 692 682
69.05 34 NAVIGATION 0 1 0 0 38 0. 140.5
69.43 34 DOWNLINK_STATUS 69 10891 690 0 118. 8.
69.48 34 GPS 0 0 0 0 0 0 0 130248 0 0
69.48 34 NAVIGATION 0 1 0 0 38 0. 140.5
69.48 34 ATTITUDE 0 0 -82
69.48 34 COMMANDS 136,60,-45,-280
69.48 34 NAVIGATION 0 1 0 0 38 0. 140.5
69.48 34 ATTITUDE 0 0 -82
69.48 34 DL_VALUE 12 0.
69.88 34 WP_MOVED 0 497617. 3565540. 833.
69.88 34 ESTIMATOR 0. 0. 0. 0. 0.
69.88 34 GPS 0 0 0 0 0 0 0 130748 0 0
69.88 34 COMMANDS 48,-143,-420,-539
70.28 34 DL_VALUE 13 517.
70.28 34 FBW_STATUS 0 0 123
70.28 34 RAD_OF_IR 7 0 0.00211
70.28 34 ACTUATORS 1497,1505,0,1213,1486
70.28 34 IR_SENSORS -958 7 1
70.28 34 NAVIGATION 0 1 0 0 38 0. 140.5
70.28 34 GPS 0 0 0 0 0 0 0 131000 0 0
70.28 34 WP_MOVED 1 497586.6875 3565500. 833.
70.43 34 DOWNLINK_STATUS 70 11166 709 0 275. 19.
70.65 34 ESTIMATOR 0. 0. 0. 0. 0.
70.65 34 BAT 168 123 0 0 138 1 2
71.11 34 ATTITUDE 0 0 -82
71.11 34 DL_VALUE 14 482.
71.11 34 GPS 0 0 0 0 0 0 0 131748 0 0
71.11 34 FBW_STATUS 0 0 123
71.11 34 RAD_OF_IR 7 0 0.00211
71.11 34 IR_SENSORS -960 7 1
71.11 34 NAVIGATION 0 1 0 0 38 0. 140.5
71.11 34 WP_MOVED 3 497546.40625 3565495.5 833.
71.43 34 DOWNLINK_STATUS 71 11300 719 0 134. 10.
71.44 34 GPS 0 0 0 0 0 0 0 132000 0 0
71.98 34 WP_MOVED 4 497575. 3565498. 0.
71.98 34 GPS 0 0 0 0 0 0 0 132500 0 0
71.98 34 ESTIMATOR 0. 0. 0. 0. 0.
71.98 34 COMMANDS 211,86,-6,-524
71.98 34 NAVIGATION 0 1 0 0 38 0. 140.5
71.98 34 ATTITUDE 0 0 -82
71.98 34 DL_VALUE 15 455.
72.16 34 RAD_OF_IR 6 0 0.00211
72.16 34 GPS 0 0 0 0 0 0 0 132748 0 0
72.16 34 IR_SENSORS -960 7 1
72.16 34 NAVIGATION 0 1 0 0 38 0. 140.5
72.16 34 WP_MOVED 0 497617. 3565540. 833.
72.16 34 GYRO_RATES -200 -165 -138 1.745329 -1.439897 -1.204277
72.37 34 ESTIMATOR 0. 0. 0. 0. 0.
72.37 34 BAT 107 123 0 0 140 1 2
72.37 34 NAVIGATION 0 1 0 0 38 0. 140.5
72.38 34 ATTITUDE 0 0 -82
72.38 34 CALIBRATION 0. 0.023 0.067 0
72.38 34 SERVO 9600 -9600 147
72.43 34 DOWNLINK_STATUS 72 11618 739 0 318. 20.
72.88 34 IR_SENSORS -961 6 1
72.88 34 DESIRED 0. 0. 0. 0. 778. 0.
72.88 34 IR_DEBUG 691 682 691 682
72.88 34 NAVIGATION 0 1 0 0 38 0. 140.5
72.88 34 WP_MOVED 1 497586.6875 3565500. 833.
73.07 34 ESTIMATOR 0. 0. 0. 0. 0.
73.07 34 COMMANDS 96,58,-72,-349
73.07 34 NAVIGATION 0 1 0 0 38 0. 140.5
73.07 34 ATTITUDE 0 0 -82
73.07 34 DL_VALUE 16 7500.
73.07 34 FBW_STATUS 0 0 123
73.07 34 RAD_OF_IR 7 0 0.00211
