35.15 34 FBW_STATUS 2 1 117
35.15 34 ATTITUDE 0 0 -106
35.15 34 PPRZ_MODE 2 0 3 0 0 5 0
35.15 34 FBW_STATUS 0 1 117
35.15 34 RAD_OF_IR 4 0 0.00211
35.15 34 PPRZ_MODE 1 0 3 0 0 21 0
35.15 34 CALIB_START 
35.15 34 IR_SENSORS -1074 24 1
35.15 34 NAVIGATION 0 1 0 0 36 0. 0.
35.15 34 WP_MOVED 0 552058. 3376094. 50.
35.15 34 GYRO_RATES -27 -13 -4 0.235619 -0.113446 -0.034907
35.15 34 ESTIMATOR 0. 0. 0. 0. 0.
35.15 34 BAT 171 117 0 0 2 0 0
35.15 34 GPS 0 55815934 339505503 0 5412 0 0 236569751 16 0
35.15 34 NAVIGATION 0 1 0 0 36 0. 0.
35.15 34 ATTITUDE 2 0 -109
35.15 34 CALIB_START 
35.15 34 CALIBRATION 0. 0.023 0.064 1
35.15 34 DOWNLINK_STATUS 34 325 27 0 325. 27.
35.15 34 SERVO 9600 -7831 190
35.15 34 DESIRED -0. -0. 0. 0. 23. 0.
35.15 34 IR_DEBUG 778 758 778 758
35.15 34 NAVIGATION 0 1 0 0 36 0. 0.
35.15 34 GPS 0 55815934 339505503 0 5412 0 0 236569999 16 0
35.15 34 WP_MOVED 1 552016. 3376052. 50.
35.15 34 ESTIMATOR 0. 0. 0. 0. 0.
35.15 34 COMMANDS 169,-9600,9600,9600,-7716
35.15 34 NAVIGATION 0 1 0 0 36 0. 0.
35.15 34 GPS 0 55815934 339505503 0 5412 0 0 236570251 16 0
35.15 34 ATTITUDE 5 0 -106
35.15 34 DL_VALUE 2 0.
35.15 34 FBW_STATUS 0 1 117
35.15 34 RAD_OF_IR 32 0 0.00211
35.15 34 IR_SENSORS -1062 36 1
35.15 34 NAVIGATION 0 1 0 0 36 0. 0.
35.15 34 GPS 0 55815934 339505503 0 5412 0 0 236570499 16 0
35.17 34 WP_MOVED 2 551981.375 3376075. 50.
35.22 34 GYRO_RATES -30 -17 -1 0.261799 -0.148353 -0.008727
35.22 34 ESTIMATOR 0. 0. 0. 0. 0.
35.28 34 NAVIGATION 0 1 0 0 36 0. 0.
35.28 34 ATTITUDE 3 0 -109
35.28 34 CALIB_START 
35.49 34 GPS 0 55815934 339505503 0 5412 0 0 236570751 16 0
35.51 34 DESIRED 0.07 0.01 0. 0. 23. 0.
35.51 34 NAVIGATION 0 1 0 0 36 0. 0.
35.59 34 WP_MOVED 3 552041.875 3376020.5 50.
35.59 34 GPS 0 55815934 339505503 0 5412 0 0 236570999 16 0
35.65 34 DOWNLINK_STATUS 35 790 55 0 465. 28.
35.66 34 ESTIMATOR 0. 0. 0. 0. 0.
35.77 34 COMMANDS 171,-9600,9600,2059,-7743
35.77 34 NAVIGATION 0 1 0 0 36 0. 0.
35.77 34 ATTITUDE 6 0 -110
35.77 34 DL_VALUE 3 0.
35.99 34 GPS 0 55815934 339505503 0 5412 0 0 236571251 16 0
35.99 34 FBW_STATUS 0 1 117
35.99 34 RAD_OF_IR 36 0 0.00211
36.00 34 IR_SENSORS -1080 35 1
36.00 34 NAVIGATION 0 1 0 0 36 0. 0.
36.09 34 WP_MOVED 4 552016. 3376052. 0.
36.09 34 GYRO_RATES -36 -19 -12 0.314159 -0.165806 -0.10472
36.09 34 GPS 0 55815934 339505503 0 5412 0 0 236571499 16 0
36.29 34 ESTIMATOR 0. 0. 0. 0. 0.
36.29 34 BAT 170 117 0 0 4 0 0
36.29 34 NAVIGATION 0 1 0 0 36 0. 0.
36.29 34 ATTITUDE 6 0 -110
36.29 34 CALIB_START 
36.29 34 CALIBRATION 0. 0.023 0.064 1
36.49 34 GPS 0 55815934 339505503 0 5412 0 0 236571751 16 0
36.49 34 SERVO 9600 -9600 172
36.58 34 DESIRED -0. -0.01 0. 0. 23. 0.
36.58 34 IR_DEBUG 797 748 797 748
36.58 34 NAVIGATION 0 1 0 0 36 0. 0.
36.58 34 WP_MOVED 0 552058. 3376094. 50.
36.60 34 GPS 0 55815934 339505503 0 5412 0 0 236571999 16 0
36.60 34 ESTIMATOR 0. 0. 0. 0. 0.
36.65 34 DOWNLINK_STATUS 36 1220 82 0 430. 27.
36.77 34 COMMANDS 177,-9600,9600,1806,-7733
36.78 34 NAVIGATION 0 1 0 0 36 0. 0.
36.78 34 ATTITUDE 7 0 -110
36.78 34 DL_VALUE 4 1.
36.78 34 PPRZ_MODE 0 0 3 0 0 17 0
36.99 34 FBW_STATUS 0 0 117
36.99 34 RAD_OF_IR 42 0 0.00211
36.99 34 GPS 0 55815934 339505503 0 5412 0 0 236572251 16 0
37.08 34 ACTUATORS 1495,1503,0,1214,1460,1904
37.09 34 IR_SENSORS -1061 23 1
37.09 34 NAVIGATION 0 1 0 0 36 0. 0.
37.09 34 WP_MOVED 1 552016. 3376052. 50.
37.09 34 GYRO_RATES -36 -20 -13 0.314159 -0.174533 -0.113446
37.10 34 GPS 0 55815934 339505503 0 5412 0 0 236572499 16 0
37.10 34 ESTIMATOR 0. 0. 0. 0. 0.
37.16 34 NAVIGATION 0 1 0 0 36 0. 0.
37.17 34 ATTITUDE 3 0 -105
37.17 34 CALIB_START 
37.51 34 GPS 0 55815934 339505503 0 5412 0 0 236572751 16 0
37.51 34 DESIRED -0. -0.01 0. 0. 23. 0.
37.51 34 NAVIGATION 0 1 0 0 36 0. 0.
37.59 34 WP_MOVED 2 551981.375 3376075. 50.
37.59 34 PPRZ_MODE 0 0 3 0 0 1 0
37.59 34 ESTIMATOR 0. 0. 0. 0. 0.
37.59 34 GPS 0 55815934 339505503 0 5412 0 0 236572999 16 0
37.65 34 DOWNLINK_STATUS 37 1614 107 0 394. 25.
37.67 34 COMMANDS 156,-26,-97,-727,-7726
37.68 34 NAVIGATION 0 1 0 0 36 0. 0.
37.68 34 ATTITUDE 1 0 -102
37.68 34 DL_VALUE 5 0.
37.68 34 FBW_STATUS 0 0 117
37.70 34 RAD_OF_IR 4 0 0.00211
38.00 34 GPS 0 55815934 339505503 0 5412 0 0 236573251 16 0
38.00 34 IR_SENSORS -1037 7 1
38.00 34 NAVIGATION 0 1 0 0 36 0. 0.
38.12 34 WP_MOVED 3 552041.875 3376020.5 50.
38.12 34 GYRO_RATES -152 -137 -130 1.32645 -1.195551 -1.134464
38.12 34 ESTIMATOR 0. 0. 0. 0. 0.
38.12 34 BAT 176 117 0 0 6 0 0
38.12 34 GPS 0 55815934 339505503 0 5412 0 0 236573499 16 0
38.12 34 NAVIGATION 0 1 0 0 36 0. 0.
38.16 34 ATTITUDE 1 0 -103
38.20 34 CALIB_START 
38.20 34 CALIBRATION 0. 0.023 0.064 0
38.20 34 SERVO 9600 -9600 171
38.52 34 DESIRED -0. -0.01 0. 0. 23. 0.
38.53 34 IR_DEBUG 750 742 750 742
38.53 34 GPS 0 55815934 339505503 0 5412 0 0 236573751 16 0
38.53 34 NAVIGATION 0 1 0 0 36 0. 0.
38.53 34 WP_MOVED 4 552016. 3376052. 0.
38.56 34 ESTIMATOR 0. 0. 0. 0. 0.
38.66 34 DOWNLINK_STATUS 38 1995 132 0 381. 25.
38.70 34 COMMANDS 170,-18,-91,-755,-7756
38.70 34 NAVIGATION 0 1 0 0 36 0. 0.
38.70 34 ATTITUDE 0 0 -103
38.70 34 DL_VALUE 6 0.
38.70 34 GPS 0 55815934 339505503 0 5412 0 0 236573999 16 0
39.01 34 FBW_STATUS 0 0 117
39.01 34 RAD_OF_IR 5 0 0.00211
39.01 34 IR_SENSORS -1038 4 1
39.01 34 NAVIGATION 0 1 0 0 36 0. 0.
39.01 34 GPS 0 55815934 339505503 0 5412 0 0 236574251 16 0
39.10 34 WP_MOVED 0 552058. 3376094. 50.
39.10 34 GYRO_RATES -157 -141 -132 1.370083 -1.230457 -1.151917
39.10 34 ESTIMATOR 0. 0. 0. 0. 0.
39.10 34 NAVIGATION 0 1 0 0 36 0. 0.
39.10 34 ATTITUDE 0 0 -101
39.10 34 CALIB_START 
39.10 34 GPS 0 55815934 339505503 0 5412 0 0 236574499 16 0
39.27 34 DESIRED -0. -0.01 0. 0. 23. 0.
39.27 34 NAVIGATION 0 1 0 0 36 0. 0.
39.49 34 GPS 0 55815934 339505503 0 5412 0 0 236574751 16 0
39.49 34 WP_MOVED 1 552016. 3376052. 50.
39.58 34 ESTIMATOR 0. 0. 0. 0. 0.
39.58 34 COMMANDS 173,-26,-88,-737,-7726
39.58 34 NAVIGATION 0 1 0 0 36 0. 0.
39.58 34 ATTITUDE -2 0 -100
39.59 34 DL_VALUE 7 0.
39.59 34 GPS 0 55815934 339505503 0 5412 0 0 236574999 16 0
39.59 34 FBW_STATUS 0 0 117
39.59 34 RAD_OF_IR -14 0 0.00211
39.66 34 DOWNLINK_STATUS 39 2444 161 0 449. 29.
39.66 34 IR_SENSORS -1027 -15 1
39.76 34 NAVIGATION 0 1 0 0 36 0. 0.
40.02 34 WP_MOVED 2 551981.375 3376075. 50.
40.02 34 GYRO_RATES -155 -140 -131 1.35263 -1.22173 -1.143191
40.02 34 GPS 0 55815934 339505503 0 5412 0 0 236575251 16 0
40.02 34 ESTIMATOR 0. 0. 0. 0. 0.
40.02 34 BAT 175 117 0 0 8 0 0
40.07 34 NAVIGATION 0 1 0 0 36 0. 0.
40.07 34 ATTITUDE -1 0 -93
40.07 34 CALIB_START 
40.07 34 CALIBRATION 0. 0.023 0.064 0
40.08 34 GPS 0 55815934 339505503 0 5412 0 0 236575499 16 0
40.08 34 SERVO 9600 -9600 159
40.21 34 DESIRED -0. -0.01 0. 0. 23. 0.
40.21 34 IR_DEBUG 662 644 662 644
40.21 34 NAVIGATION 0 1 0 0 36 0. 0.
40.26 34 WP_MOVED 3 552041.875 3376020.5 50.
40.48 34 GPS 0 55815934 339505503 0 5412 0 0 236575751 16 0
40.58 34 ESTIMATOR 0. 0. 0. 0. 0.
40.59 34 COMMANDS 149,-29,-93,-737,-7739
40.59 34 NAVIGATION 0 1 0 0 36 0. 0.
40.59 34 ATTITUDE 0 0 -76
40.59 34 DL_VALUE 8 0.
40.59 34 FBW_STATUS 0 0 117
40.59 34 RAD_OF_IR 0 0 0.00211
40.59 34 GPS 0 55815934 339505503 0 5412 0 0 236575999 16 0
40.67 34 IR_SENSORS -888 -2 1
40.67 34 DOWNLINK_STATUS 40 2860 188 0 416. 27.
40.68 34 NAVIGATION 0 1 0 0 36 0. 0.
40.77 34 WP_MOVED 4 552016. 3376052. 0.
40.77 34 GYRO_RATES -190 -174 -165 1.658063 -1.518436 -1.439897
41.11 34 GPS 0 55815934 339505503 0 5412 0 0 236576251 16 0
41.11 34 ESTIMATOR 0. 0. 0. 0. 0.
41.11 34 NAVIGATION 0 1 0 0 36 0. 0.
41.11 34 ATTITUDE 1 0 -65
41.11 34 CALIB_START 
41.21 34 GPS 0 55815934 339505503 0 5412 0 0 236576499 16 0
41.22 34 DESIRED -0. -0.01 0. 0. 23. 0.
41.22 34 NAVIGATION 0 1 0 0 36 0. 0.
41.22 34 WP_MOVED 0 552058. 3376094. 50.
41.37 34 ESTIMATOR 0. 0. 0. 0. 0.
41.37 34 GPS 0 55815934 339505503 0 5412 0 0 236576751 16 0
41.40 34 COMMANDS 166,51,-104,-792,-7734
41.40 34 NAVIGATION 0 1 0 0 36 0. 0.
41.40 34 ATTITUDE 1 0 -64
41.40 34 DL_VALUE 9 -57.
41.59 34 FBW_STATUS 0 0 117
41.59 34 RAD_OF_IR 7 0 0.00211
41.59 34 NAVIGATION_REF 552016 3376052 16
41.67 34 DOWNLINK_STATUS 41 3197 209 0 337. 21.
41.72 34 ACTUATORS 1495,1503,0,1214,1460,1906
41.72 34 GPS 0 55815934 339505503 0 5412 0 0 236576999 16 0
41.72 34 IR_SENSORS -852 2 1
41.72 34 NAVIGATION 0 1 0 0 36 0. 0.
41.73 34 WP_MOVED 1 552016. 3376052. 50.
41.74 34 GYRO_RATES 29 46 52 -0.253073 0.401426 0.453786
41.77 34 ESTIMATOR 0. 0. 0. 0. 0.
41.77 34 BAT 174 117 0 0 10 0 0
41.88 34 GPS 0 55815934 339505503 0 5412 0 0 236577251 16 0
41.89 34 NAVIGATION 0 1 0 0 36 0. 0.
41.89 34 ATTITUDE -4 0 -67
41.89 34 CALIB_START 
41.89 34 CALIBRATION 0. 0.023 0.064 0
42.08 34 SERVO 9600 -2133 183
42.20 34 DESIRED -0. -0.01 0. 0. 23. 0.
42.20 34 IR_DEBUG 567 629 567 629
42.20 34 GPS 0 55815934 339505503 0 5412 0 0 236577499 16 0
42.20 34 NAVIGATION 0 1 0 0 36 0. 0.
42.20 34 WP_MOVED 2 551981.375 3376075. 50.
42.20 34 PPRZ_MODE 0 0 3 0 0 17 0
42.26 34 ESTIMATOR 0. 0. 0. 0. 0.
42.39 34 COMMANDS 169,-14,-75,-780,-7728
42.39 34 NAVIGATION 0 1 0 0 36 0. 0.
42.39 34 GPS 0 55815934 339505503 0 5412 0 0 236577751 16 0
42.39 34 ATTITUDE -8 0 -63
42.39 34 DL_VALUE 10 0.
42.39 34 FBW_STATUS 0 0 117
42.40 34 RAD_OF_IR -49 0 0.00211
42.58 34 IR_SENSORS -824 -50 1
42.67 34 DOWNLINK_STATUS 42 3637 238 0 440. 29.
42.71 34 NAVIGATION 0 1 0 0 36 0. 0.
42.71 34 GPS 0 55815934 339505503 0 5412 0 0 236577999 16 0
42.71 34 WP_MOVED 3 552041.875 3376020.5 50.
42.71 34 GYRO_RATES -31 -14 -4 0.270526 -0.122173 -0.034907
42.71 34 ESTIMATOR 0. 0. 0. 0. 0.
42.77 34 NAVIGATION 0 1 0 0 36 0. 0.
42.77 34 ATTITUDE -8 0 -62
42.77 34 CALIB_START 
42.86 34 GPS 0 55815934 339505503 0 5412 0 0 236578251 16 0
43.08 34 DESIRED -0. -0.01 0. 0. 23. 0.
43.19 34 NAVIGATION 0 1 0 0 36 0. 0.
43.20 34 GPS 0 55815934 339505503 0 5412 0 0 236578499 16 0
43.20 34 WP_MOVED 4 552016. 3376052. 0.
43.20 34 ESTIMATOR 0. 0. 0. 0. 0.
43.27 34 COMMANDS 163,-74,-151,-762,-7728
43.27 34 NAVIGATION 0 1 0 0 36 0. 0.
43.27 34 ATTITUDE -3 0 -69
43.27 34 DL_VALUE 11 1.
43.37 34 GPS 0 55815934 339505503 0 5412 0 0 236578751 16 0
43.37 34 FBW_STATUS 0 0 117
43.37 34 RAD_OF_IR -22 0 0.00211
43.58 34 IR_SENSORS -864 -24 1
43.59 34 NAVIGATION 0 1 0 0 36 0. 0.
43.67 34 DOWNLINK_STATUS 43 4016 261 0 379. 23.
43.69 34 WP_MOVED 0 552058. 3376094. 50.
43.69 34 GYRO_RATES -273 -256 -248 2.382375 -2.234021 -2.164208
43.69 34 GPS 0 55815934 339505503 0 5412 0 0 236578999 16 0
43.70 34 ESTIMATOR 0. 0. 0. 0. 0.
43.70 34 BAT 201 117 0 0 12 0 0
43.77 34 NAVIGATION 0 1 0 0 36 0. 0.
43.77 34 ATTITUDE -4 0 -71
43.77 34 CALIB_START 
43.77 34 CALIBRATION 0. 0.023 0.064 0
43.99 34 GPS 0 55815934 339505503 0 5412 0 0 236579251 16 0
43.99 34 SERVO 9600 -9600 177
44.08 34 DESIRED -0. -0.01 0. 0. 23. 0.
44.08 34 IR_DEBUG 615 651 615 651
44.08 34 NAVIGATION 0 1 0 0 36 0. 0.
44.09 34 WP_MOVED 1 552016. 3376052. 50.
44.10 34 GPS 0 55815934 339505503 0 5412 0 0 236579499 16 0
44.10 34 ESTIMATOR 0. 0. 0. 0. 0.
44.27 34 COMMANDS 173,-21,-85,-787,-7736
44.27 34 NAVIGATION 0 1 0 0 36 0. 0.
44.27 34 ATTITUDE -2 0 -72
44.27 34 DL_VALUE 12 0.
44.49 34 FBW_STATUS 0 0 117
44.49 34 RAD_OF_IR -12 0 0.00211
44.49 34 GPS 0 55815934 339505503 0 5412 0 0 236579751 16 0
44.58 34 IR_SENSORS -857 -20 1
44.58 34 NAVIGATION 0 1 0 0 36 0. 0.
44.58 34 WP_MOVED 2 551981.375 3376075. 50.
44.58 34 GYRO_RATES -276 -260 -252 2.408554 -2.268928 -2.199115
44.59 34 GPS 0 55815934 339505503 0 5412 0 0 236579999 16 0
44.59 34 ESTIMATOR 0. 0. 0. 0. 0.
44.67 34 NAVIGATION 0 1 0 0 36 0. 0.
44.67 34 ATTITUDE -5 0 -69
44.67 34 CALIB_START 
44.67 34 DOWNLINK_STATUS 44 4536 294 0 520. 33.
44.98 34 GPS 0 55815934 339505503 0 5412 0 0 236580251 16 0
45.08 34 DESIRED -0. -0.01 0. 0. 23. 0.
45.08 34 NAVIGATION 0 1 0 0 36 0. 0.
45.08 34 WP_MOVED 3 552041.875 3376020.5 50.
45.09 34 ESTIMATOR 0. 0. 0. 0. 0.
45.09 34 GPS 0 55815934 339505503 0 5412 0 0 236580499 16 0
45.18 34 COMMANDS 175,-14,-81,-817,-7733
45.19 34 NAVIGATION 0 1 0 0 36 0. 0.
45.19 34 ATTITUDE -6 0 -64
45.19 34 DL_VALUE 13 477.
45.19 34 FBW_STATUS 0 0 117
45.19 34 RAD_OF_IR -37 0 0.00211
45.50 34 GPS 0 55815934 339505503 0 5412 0 0 236580751 16 0
45.50 34 IR_SENSORS -826 -33 1
45.50 34 NAVIGATION 0 1 0 0 36 0. 0.
45.63 34 WP_MOVED 4 552016. 3376052. 0.
45.63 34 GYRO_RATES -150 -132 -124 1.308997 -1.151917 -1.082104
45.63 34 ESTIMATOR 0. 0. 0. 0. 0.
45.63 34 BAT 175 117 0 0 14 0 0
45.63 34 GPS 0 55815934 339505503 0 5412 0 0 236580999 16 0
45.63 34 NAVIGATION 0 1 0 0 36 0. 0.
45.67 34 DOWNLINK_STATUS 45 4901 315 0 365. 21.
45.71 34 ATTITUDE -3 0 -65
45.71 34 CALIB_START 
45.71 34 CALIBRATION 0. 0.023 0.064 0
45.71 34 SERVO 9600 -9600 174
46.02 34 DESIRED -0. -0.01 0. 0. 23. 0.
46.02 34 IR_DEBUG 598 609 598 609
46.02 34 GPS 0 55815934 339505503 0 5412 0 0 236581251 16 0
46.02 34 NAVIGATION 0 1 0 0 36 0. 0.
46.02 34 WP_MOVED 0 552058. 3376094. 50.
46.06 34 ESTIMATOR 0. 0. 0. 0. 0.
46.20 34 COMMANDS 170,-18,-93,-792,-7716
46.20 34 NAVIGATION 0 1 0 0 36 0. 0.
46.20 34 GPS 0 55815934 339505503 0 5412 0 0 236581499 16 0
46.20 34 ATTITUDE 1 0 -67
46.20 34 DL_VALUE 14 462.
46.21 34 FBW_STATUS 0 0 117
46.21 34 RAD_OF_IR 7 0 0.00211
46.51 34 ACTUATORS 1495,1504,0,1214,1459,1903
46.51 34 IR_SENSORS -842 8 1
46.51 34 NAVIGATION 0 1 0 0 36 0. 0.
46.51 34 GPS 0 55815934 339505503 0 5412 0 0 236581751 16 0
46.60 34 WP_MOVED 1 552016. 3376052. 50.
46.60 34 GYRO_RATES -88 -73 -63 0.767945 -0.637045 -0.549779
46.60 34 ESTIMATOR 0. 0. 0. 0. 0.
46.60 34 NAVIGATION 0 1 0 0 36 0. 0.
46.60 34 ATTITUDE 1 0 -71
46.60 34 CALIB_START 
46.61 34 GPS 0 55815934 339505503 0 5412 0 0 236581999 16 0
46.67 34 DOWNLINK_STATUS 46 5320 343 0 419. 28.
46.77 34 DESIRED -0. -0.01 0. 0. 23. 0.
46.77 34 NAVIGATION 0 1 0 0 36 0. 0.
47.00 34 WP_MOVED 2 551981.375 3376075. 50.
47.00 34 PPRZ_MODE 0 0 3 0 0 17 0
47.00 34 GPS 0 55815934 339505503 0 5412 0 0 236582251 16 0
47.08 34 ESTIMATOR 0. 0. 0. 0. 0.
47.08 34 COMMANDS 166,-23,-97,-785,-7724
47.08 34 NAVIGATION 0 1 0 0 36 0. 0.
47.08 34 ATTITUDE 3 0 -71
47.08 34 DL_VALUE 15 453.
47.09 34 GPS 0 55815934 339505503 0 5412 0 0 236582499 16 0
47.09 34 FBW_STATUS 0 0 117
47.09 34 RAD_OF_IR 20 0 0.00211
47.17 34 IR_SENSORS -858 21 1
47.26 34 NAVIGATION 0 1 0 0 36 0. 0.
47.52 34 WP_MOVED 3 552041.875 3376020.5 50.
47.52 34 GYRO_RATES -57 -43 -33 0.497419 -0.375246 -0.287979
47.52 34 GPS 0 55815934 339505503 0 5412 0 0 236582751 16 0
47.52 34 ESTIMATOR 0. 0. 0. 0. 0.
47.52 34 BAT 172 117 0 0 16 1 0
47.57 34 NAVIGATION 0 1 0 0 36 0. 0.
47.57 34 ATTITUDE 4 0 -69
47.57 34 CALIB_START 
47.57 34 CALIBRATION 0. 0.023 0.064 0
47.58 34 SERVO 9600 -9600 166
47.58 34 GPS 0 55815934 339505503 0 5412 0 0 236582999 16 0
47.67 34 DOWNLINK_STATUS 47 5727 369 0 407. 26.
47.71 34 DESIRED -0. -0.01 0. 0. 23. 0.
47.71 34 IR_DEBUG 629 595 629 595
47.71 34 NAVIGATION 0 1 0 0 36 0. 0.
47.76 34 WP_MOVED 4 552016. 3376052. 0.
47.98 34 GPS 0 55815934 339505503 0 5412 0 0 236583251 16 0
48.09 34 ESTIMATOR 0. 0. 0. 0. 0.
48.09 34 COMMANDS 171,9,-89,-787,-7724
48.09 34 NAVIGATION 0 1 0 0 36 0. 0.
48.09 34 ATTITUDE 2 0 -72
48.09 34 DL_VALUE 16 15200.
48.09 34 FBW_STATUS 0 0 117
48.09 34 RAD_OF_IR 12 0 0.00211
48.09 34 GPS 0 55815934 339505503 0 5412 0 0 236583499 16 0
48.15 34 IR_SENSORS -873 12 1
48.17 34 NAVIGATION 0 1 0 0 36 0. 0.
48.27 34 WP_MOVED 0 552058. 3376094. 50.
48.27 34 GYRO_RATES -66 -51 -41 0.575959 -0.445059 -0.357792
48.61 34 GPS 0 55815934 339505503 0 5412 0 0 236583751 16 0
48.61 34 ESTIMATOR 0. 0. 0. 0. 0.
48.61 34 NAVIGATION 0 1 0 0 36 0. 0.
48.61 34 ATTITUDE 3 0 -68
48.61 34 CALIB_START 
48.67 34 DOWNLINK_STATUS 48 6071 391 0 344. 22.
48.71 34 GPS 0 55815934 339505503 0 5412 0 0 236583999 16 0
48.72 34 DESIRED -0. -0.01 0. 0. 23. 0.
48.72 34 NAVIGATION 0 1 0 0 36 0. 0.
48.72 34 WP_MOVED 1 552016. 3376052. 50.
48.77 34 ESTIMATOR 0. 0. 0. 0. 0.
48.86 34 GPS 0 55815934 339505503 0 5412 0 0 236584251 16 0
48.89 34 COMMANDS 197,52,-89,-840,-7756
48.90 34 NAVIGATION 0 1 0 0 36 0. 0.
48.90 34 ATTITUDE 1 0 -71
48.90 34 DL_VALUE 17 12700.
49.08 34 FBW_STATUS 0 0 117
49.08 34 RAD_OF_IR 5 0 0.00211
49.11 34 GPS 0 55815934 339505503 0 5412 0 0 236584499 16 0
49.11 34 IR_SENSORS -878 3 1
49.11 34 NAVIGATION 0 1 0 0 36 0. 0.
49.27 34 WP_MOVED 2 551981.375 3376075. 50.
49.27 34 GYRO_RATES -52 -38 -27 0.453786 -0.331613 -0.235619
49.31 34 ESTIMATOR 0. 0. 0. 0. 0.
49.31 34 BAT 171 117 0 0 18 1 0
49.31 34 GPS 0 55815934 339505503 0 5412 0 0 236584751 16 0
49.37 34 NAVIGATION 0 1 0 0 36 0. 0.
49.37 34 ATTITUDE 1 0 -71
49.37 34 CALIB_START 
49.37 34 CALIBRATION 0. 0.023 0.064 0
49.58 34 SERVO 9600 -9600 174
49.67 34 DOWNLINK_STATUS 49 6469 416 0 398. 25.
49.71 34 DESIRED -0. -0.01 0. 0. 23. 0.
49.71 34 IR_DEBUG 618 609 618 609
49.71 34 NAVIGATION 0 1 0 0 36 0. 0.
49.71 34 GPS 0 55815934 339505503 0 5412 0 0 236584999 16 0
49.71 34 WP_MOVED 3 552041.875 3376020.5 50.
49.76 34 ESTIMATOR 0. 0. 0. 0. 0.
49.89 34 COMMANDS 171,-23,-89,-793,-7746
49.89 34 NAVIGATION 0 1 0 0 36 0. 0.
49.89 34 GPS 0 55815934 339505503 0 5412 0 0 236585251 16 0
49.89 34 ATTITUDE 1 0 -71
49.89 34 DL_VALUE 18 9300.
49.89 34 FBW_STATUS 0 0 117
50.08 34 RAD_OF_IR 7 0 0.00211
50.09 34 NAVIGATION_REF 552016 3376052 16
50.21 34 IR_SENSORS -864 4 1
50.21 34 NAVIGATION 0 1 0 0 36 0. 0.
50.22 34 GPS 0 55815934 339505503 0 5412 0 0 236585499 16 0
50.22 34 WP_MOVED 4 552016. 3376052. 0.
50.22 34 GYRO_RATES -5 10 20 0.043633 0.087266 0.174533
50.22 34 ESTIMATOR 0. 0. 0. 0. 0.
50.27 34 NAVIGATION 0 1 0 0 36 0. 0.
50.27 34 ATTITUDE 13 0 -76
50.27 34 CALIB_START 
50.36 34 GPS 0 55815934 339505503 0 5412 0 0 236585751 16 0
50.51 34 DESIRED -0. -0.01 0. 0. 23. 0.
50.51 34 NAVIGATION 0 1 0 0 36 0. 0.
50.59 34 WP_MOVED 0 552058. 3376094. 50.
50.59 34 GPS 0 55815934 339505503 0 5412 0 0 236585999 16 0
50.67 34 ESTIMATOR 0. 0. 0. 0. 0.
50.68 34 DOWNLINK_STATUS 50 6959 445 0 490. 29.
50.77 34 COMMANDS 180,-4,-83,-813,-7729
50.77 34 NAVIGATION 0 1 0 0 36 0. 0.
50.77 34 ATTITUDE 33 0 -61
50.77 34 DL_VALUE 19 3200.
50.99 34 GPS 0 55815934 339505503 0 5412 0 0 236586251 16 0
51.00 34 FBW_STATUS 0 0 117
51.00 34 RAD_OF_IR 157 0 0.00211
51.07 34 ACTUATORS 1495,1503,0,1214,1460,1902
51.07 34 IR_SENSORS -802 117 1
51.07 34 NAVIGATION 0 1 0 0 36 0. 0.
51.09 34 WP_MOVED 1 552016. 3376052. 50.
51.09 34 GYRO_RATES 82 97 106 -0.715585 0.846485 0.925025
51.09 34 GPS 0 55815934 339505503 0 5412 0 0 236586499 16 0
51.17 34 ESTIMATOR 0. 0. 0. 0. 0.
51.17 34 BAT 155 117 0 0 20 1 0
51.27 34 NAVIGATION 0 1 0 0 36 0. 0.
51.27 34 ATTITUDE 15 0 -62
51.27 34 CALIB_START 
51.27 34 CALIBRATION 0. 0.023 0.064 0
51.49 34 GPS 0 55815934 339505503 0 5412 0 0 236586751 16 0
51.49 34 SERVO 9600 -9600 169
51.59 34 DESIRED -0. -0.01 0. 0. 23. 0.
51.59 34 IR_DEBUG 613 518 613 518
51.59 34 NAVIGATION 0 1 0 0 36 0. 0.
51.59 34 WP_MOVED 2 551981.375 3376075. 50.
51.59 34 PPRZ_MODE 0 0 3 0 0 17 0
51.61 34 GPS 0 55815934 339505503 0 5412 0 0 236586999 16 0
51.61 34 ESTIMATOR 0. 0. 0. 0. 0.
51.69 34 DOWNLINK_STATUS 51 7391 473 0 432. 28.
51.77 34 COMMANDS 157,-9,-105,-768,-7746
51.77 34 NAVIGATION 0 1 0 0 36 0. 0.
51.77 34 ATTITUDE 6 0 -57
51.77 34 DL_VALUE 20 20500.
51.78 34 FBW_STATUS 0 0 117
51.78 34 RAD_OF_IR 32 0 0.00211
51.99 34 GPS 0 55815934 339505503 0 5412 0 0 236587251 16 0
51.99 34 IR_SENSORS -820 32 1
52.08 34 NAVIGATION 0 1 0 0 36 0. 0.
52.08 34 WP_MOVED 3 552041.875 3376020.5 50.
52.08 34 GYRO_RATES -4 8 19 0.034907 0.069813 0.165806
52.09 34 GPS 0 55815934 339505503 0 5412 0 0 236587499 16 0
52.09 34 ESTIMATOR 0. 0. 0. 0. 0.
52.29 34 NAVIGATION 0 1 0 0 36 0. 0.
52.29 34 ATTITUDE 0 0 -71
52.29 34 CALIB_START 
52.30 34 GPS 0 55815934 339505503 0 5412 0 0 236587751 16 0
52.49 34 DESIRED -0. -0.01 0. 0. 23. 0.
52.50 34 NAVIGATION 0 1 0 0 36 0. 0.
52.50 34 WP_MOVED 4 552016. 3376052. 0.
52.58 34 ESTIMATOR 0. 0. 0. 0. 0.
52.58 34 GPS 0 55815934 339505503 0 5412 0 0 236587999 16 0
52.68 34 COMMANDS 168,-20,-94,-785,-7714
52.69 34 NAVIGATION 0 1 0 0 36 0. 0.
52.69 34 ATTITUDE -6 0 -71
52.70 34 DL_VALUE 21 16400.
52.70 34 FBW_STATUS 0 0 117
52.70 34 DOWNLINK_STATUS 52 7803 500 0 412. 27.
52.70 34 RAD_OF_IR -42 0 0.00211
53.00 34 GPS 0 55815934 339505503 0 5412 0 0 236588251 16 0
53.00 34 IR_SENSORS -873 -50 1
53.00 34 NAVIGATION 0 1 0 0 36 0. 0.
53.12 34 WP_MOVED 0 552058. 3376094. 50.
53.12 34 GYRO_RATES -11 -1 13 0.095993 -0.008727 0.113446
53.12 34 ESTIMATOR 0. 0. 0. 0. 0.
53.12 34 BAT 149 117 0 0 22 1 0
53.12 34 GPS 0 55815934 339505503 0 5412 0 0 236588499 16 0
53.12 34 NAVIGATION 0 1 0 0 36 0. 0.
53.17 34 ATTITUDE -10 0 -73
53.17 34 CALIB_START 
53.17 34 CALIBRATION 0. 0.023 0.064 0
53.17 34 SERVO -9600 9600 169
53.52 34 DESIRED -0. -0.01 0. 0. 23. 0.
53.52 34 IR_DEBUG 584 660 584 660
53.52 34 GPS 0 55815934 339505503 0 5412 0 0 236588751 16 0
53.52 34 NAVIGATION 0 1 0 0 36 0. 0.
53.52 34 WP_MOVED 1 552016. 3376052. 50.
53.62 34 ESTIMATOR 0. 0. 0. 0. 0.
53.62 34 GPS 0 55815934 339505503 0 5412 0 0 236588999 16 0
53.62 34 COMMANDS 166,-20,-97,-787,-7733
53.62 34 NAVIGATION 0 1 0 0 36 0. 0.
53.62 34 ATTITUDE -7 0 -74
53.62 34 DL_VALUE 22 17400.
53.67 34 FBW_STATUS 0 0 117
53.72 34 RAD_OF_IR -37 0 0.00211
53.72 34 DOWNLINK_STATUS 53 8221 527 0 418. 27.
53.77 34 IR_SENSORS -886 -27 1
53.77 34 NAVIGATION 0 1 0 0 36 0. 0.
54.09 34 GPS 0 55815934 339505503 0 5412 0 0 236589251 16 0
54.20 34 WP_MOVED 2 551981.375 3376075. 50.
54.21 34 GYRO_RATES 22 41 54 -0.191986 0.357792 0.471239
54.21 34 ESTIMATOR 0. 0. 0. 0. 0.
54.21 34 NAVIGATION 0 1 0 0 36 0. 0.
54.21 34 ATTITUDE -5 0 -77
54.21 34 CALIB_START 
54.21 34 GPS 0 55815934 339505503 0 5412 0 0 236589499 16 0
54.27 34 DESIRED -0. -0.01 0. 0. 23. 0.
54.27 34 NAVIGATION 0 1 0 0 36 0. 0.
54.37 34 GPS 0 55815934 339505503 0 5412 0 0 236589751 16 0
54.37 34 WP_MOVED 3 552041.875 3376020.5 50.
54.40 34 ESTIMATOR 0. 0. 0. 0. 0.
54.72 34 COMMANDS 172,9,-89,-787,-7746
54.72 34 NAVIGATION 0 1 0 0 36 0. 0.
54.72 34 ATTITUDE -7 0 -74
54.72 34 DL_VALUE 23 0.
54.72 34 DOWNLINK_STATUS 54 8540 546 0 319. 19.
54.78 34 GPS 0 55815934 339505503 0 5412 0 0 236589999 16 0
54.78 34 FBW_STATUS 0 0 117
54.78 34 RAD_OF_IR -31 0 0.00211
54.78 34 IR_SENSORS -858 -34 1
54.78 34 NAVIGATION 0 1 0 0 36 0. 0.
54.92 34 WP_MOVED 4 552016. 3376052. 0.
54.92 34 GYRO_RATES -129 -110 -101 1.125737 -0.959931 -0.881391
54.92 34 GPS 0 55815934 339505503 0 5412 0 0 236590251 16 0
54.92 34 ESTIMATOR 0. 0. 0. 0. 0.
54.92 34 BAT 165 117 0 0 24 1 0
54.99 34 NAVIGATION 0 1 0 0 36 0. 0.
54.99 34 ATTITUDE -5 0 -58
54.99 34 CALIB_START 
54.99 34 CALIBRATION 0. 0.023 0.064 0
55.20 34 GPS 0 55815934 339505503 0 5412 0 0 236590499 16 0
55.20 34 SERVO 9600 -9600 176
55.28 34 DESIRED -0. -0.01 0. 0. 23. 0.
55.28 34 IR_DEBUG 578 596 578 596
55.28 34 NAVIGATION 0 1 0 0 36 0. 0.
55.37 34 WP_MOVED 0 552058. 3376094. 50.
55.37 34 GPS 0 55815934 339505503 0 5412 0 0 236590751 16 0
55.37 34 ESTIMATOR 0. 0. 0. 0. 0.
55.47 34 COMMANDS 169,-15,-88,-787,-7749
55.47 34 NAVIGATION 0 1 0 0 36 0. 0.
55.47 34 ATTITUDE -4 0 -64
55.47 34 DL_VALUE 24 11850.
55.48 34 FBW_STATUS 0 0 117
55.70 34 RAD_OF_IR -22 0 0.00211
55.70 34 GPS 0 55815934 339505503 0 5412 0 0 236590999 16 0
55.72 34 DOWNLINK_STATUS 55 8990 575 0 450. 29.
55.79 34 ACTUATORS 1495,1503,0,1214,1458,1905
55.79 34 IR_SENSORS -832 -21 1
55.79 34 NAVIGATION 0 1 0 0 36 0. 0.
55.79 34 WP_MOVED 1 552016. 3376052. 50.
55.79 34 GYRO_RATES -103 -88 -79 0.898845 -0.767945 -0.689405
55.99 34 GPS 0 55815934 339505503 0 5412 0 0 236591251 16 0
55.99 34 ESTIMATOR 0. 0. 0. 0. 0.
55.99 34 NAVIGATION 0 1 0 0 36 0. 0.
55.99 34 ATTITUDE -3 0 -66
55.99 34 CALIB_START 
56.32 34 GPS 0 55815934 339505503 0 5412 0 0 236591499 16 0
56.32 34 SVINFO 8 14 12 2 40 53 26
56.33 34 DESIRED -0. -0.01 0. 0. 23. 0.
56.33 34 NAVIGATION 0 1 0 0 36 0. 0.
56.33 34 WP_MOVED 2 551981.375 3376075. 50.
56.33 34 PPRZ_MODE 0 0 3 0 0 17 0
56.39 34 GPS 0 55815934 339505503 0 5412 0 0 236591751 16 0
56.40 34 ESTIMATOR 0. 0. 0. 0. 0.
56.42 34 COMMANDS 153,-14,-93,-747,-7726
56.42 34 NAVIGATION 0 1 0 0 36 0. 0.
56.42 34 ATTITUDE -9 0 -69
56.42 34 DL_VALUE 25 10000.
56.46 34 FBW_STATUS 0 0 117
56.46 34 RAD_OF_IR -47 0 0.00211
56.61 34 IR_SENSORS -880 -37 1
56.61 34 GPS 0 55815934 339505503 0 5412 0 0 236591999 16 0
56.61 34 NAVIGATION 0 1 0 0 36 0. 0.
56.71 34 DOWNLINK_STATUS 56 9411 602 0 421. 27.
56.80 34 WP_MOVED 3 552041.875 3376020.5 50.
56.80 34 GYRO_RATES -5 6 23 0.043633 0.05236 0.200713
56.90 34 ESTIMATOR 0. 0. 0. 0. 0.
56.90 34 BAT 166 117 0 0 25 0 0
56.90 34 GPS 0 55815934 339505503 0 5412 0 0 236592251 16 0
56.90 34 NAVIGATION 0 1 0 0 36 0. 0.
56.90 34 ATTITUDE -1 0 -75
56.90 34 CALIB_START 
56.90 34 CALIBRATION 0. 0.023 0.064 0
56.95 34 SERVO 9600 -9600 173
57.32 34 DESIRED -0. -0.01 0. 0. 23. 0.
57.32 34 IR_DEBUG 615 634 615 634
57.32 34 GPS 0 55815934 339505503 0 5412 0 0 236592499 16 0
57.32 34 NAVIGATION 0 1 0 0 36 0. 0.
57.32 34 WP_MOVED 4 552016. 3376052. 0.
57.41 34 ESTIMATOR 0. 0. 0. 0. 0.
57.41 34 COMMANDS 172,-17,-88,-785,-7766
57.41 34 NAVIGATION 0 1 0 0 36 0. 0.
57.41 34 GPS 0 55815934 339505503 0 5412 0 0 236592751 16 0
57.41 34 ATTITUDE -3 0 -70
57.41 34 DL_VALUE 26 10000.
57.41 34 FBW_STATUS 0 0 117
57.41 34 RAD_OF_IR -18 0 0.00211
57.47 34 IR_SENSORS -863 -12 1
57.57 34 GPS 0 55815934 339505503 0 5412 0 0 236592999 16 0
57.57 34 NAVIGATION 0 1 0 0 36 0. 0.
57.72 34 DOWNLINK_STATUS 57 9819 628 0 408. 26.
57.80 34 WP_MOVED 0 552058. 3376094. 50.
57.80 34 GYRO_RATES -63 -47 -36 0.549779 -0.410152 -0.314159
57.89 34 ESTIMATOR 0. 0. 0. 0. 0.
57.89 34 NAVIGATION 0 1 0 0 36 0. 0.
57.90 34 GPS 0 55815934 339505503 0 5412 0 0 236593251 16 0
57.90 34 ATTITUDE 0 0 -71
57.90 34 CALIB_START 
57.97 34 DESIRED -0. -0.01 0. 0. 23. 0.
58.08 34 NAVIGATION 0 1 0 0 36 0. 0.
58.08 34 GPS 0 55815934 339505503 0 5412 0 0 236593499 16 0
58.08 34 WP_MOVED 1 552016. 3376052. 50.
58.29 34 ESTIMATOR 0. 0. 0. 0. 0.
58.39 34 COMMANDS 169,-4,-94,-772,-7733
58.39 34 NAVIGATION 0 1 0 0 36 0. 0.
58.39 34 ATTITUDE -1 0 -71
58.39 34 DL_VALUE 27 5500.
58.39 34 GPS 0 55815934 339505503 0 5412 0 0 236593751 16 0
58.39 34 FBW_STATUS 0 0 117
58.39 34 RAD_OF_IR -11 0 0.00211
58.39 34 NAVIGATION_REF 552016 3376052 16
58.46 34 IR_SENSORS -849 -18 1
58.46 34 NAVIGATION 0 1 0 0 36 0. 0.
58.58 34 GPS 0 55815934 339505503 0 5412 0 0 236593999 16 0
58.58 34 WP_MOVED 2 551981.375 3376075. 50.
58.58 34 GYRO_RATES -272 -256 -250 2.373648 -2.234021 -2.181662
58.73 34 DOWNLINK_STATUS 58 10226 653 0 407. 25.
58.79 34 ESTIMATOR 0. 0. 0. 0. 0.
58.79 34 BAT 176 117 0 0 27 0 0
58.89 34 NAVIGATION 0 1 0 0 36 0. 0.
58.89 34 ATTITUDE -8 0 -61
58.89 34 CALIB_START 
58.89 34 CALIBRATION 0. 0.023 0.064 0
58.89 34 GPS 0 55815934 339505503 0 5412 0 0 236594251 16 0
58.89 34 SERVO 9600 7306 176
59.00 34 DESIRED -0. -0.01 0. 0. 23. 0.
59.00 34 IR_DEBUG 575 614 575 614
59.00 34 NAVIGATION 0 1 0 0 36 0. 0.
59.07 34 WP_MOVED 3 552041.875 3376020.5 50.
59.07 34 GPS 0 55815934 339505503 0 5412 0 0 236594499 16 0
59.09 34 ESTIMATOR 0. 0. 0. 0. 0.
59.30 34 COMMANDS 167,-18,-96,-802,-7733
59.30 34 NAVIGATION 0 1 0 0 36 0. 0.
59.30 34 ATTITUDE 2 0 -72
59.30 34 DL_VALUE 28 0.228
59.37 34 GPS 0 55815934 339505503 0 5412 0 0 236594751 16 0
59.37 34 FBW_STATUS 0 0 117
59.37 34 RAD_OF_IR 23 0 0.00211
59.40 34 IR_SENSORS -863 23 1
59.40 34 NAVIGATION 0 1 0 0 36 0. 0.
59.48 34 WP_MOVED 4 552016. 3376052. 0.
59.48 34 GYRO_RATES -288 -267 -256 2.513274 -2.330014 -2.234021
59.57 34 GPS 0 55815934 339505503 0 5412 0 0 236594999 16 0
59.57 34 ESTIMATOR 0. 0. 0. 0. 0.
59.72 34 DOWNLINK_STATUS 59 10656 680 0 430. 27.
59.79 34 NAVIGATION 0 1 0 0 36 0. 0.
59.79 34 ATTITUDE 4 0 -73
59.79 34 CALIB_START 
59.80 34 GPS 0 55815934 339505503 0 5412 0 0 236595251 16 0
59.88 34 DESIRED -0. -0.01 0. 0. 23. 0.
59.88 34 NAVIGATION 0 1 0 0 36 0. 0.
59.95 34 WP_MOVED 0 552058. 3376094. 50.
60.08 34 GPS 0 55815934 339505503 0 5412 0 0 236595499 16 0
60.08 34 SVINFO 8 14 12 3 41 53 26
60.08 34 ESTIMATOR 0. 0. 0. 0. 0.
60.30 34 COMMANDS 207,-9,-83,-860,-7794
60.30 34 NAVIGATION 0 1 0 0 36 0. 0.
60.30 34 ATTITUDE 5 0 -69
60.30 34 DL_VALUE 29 0.462
60.38 34 FBW_STATUS 0 0 117
60.38 34 RAD_OF_IR 28 0 0.00211
60.38 34 GPS 0 55815934 339505503 0 5412 0 0 236595751 16 0
60.38 34 ACTUATORS 1497,1502,0,1214,1460,1900
60.38 34 IR_SENSORS -852 29 1
60.48 34 NAVIGATION 0 1 0 0 36 0. 0.
60.48 34 WP_MOVED 1 552016. 3376052. 50.
60.48 34 GYRO_RATES -173 -159 -152 1.50971 -1.387537 -1.32645
60.73 34 DOWNLINK_STATUS 60 10993 702 0 337. 22.
60.82 34 ESTIMATOR 0. 0. 0. 0. 0.
60.82 34 BAT 169 117 0 0 29 0 0
60.83 34 GPS 0 55815934 339505503 0 5412 0 0 236595999 16 0
60.83 34 NAVIGATION 0 1 0 0 36 0. 0.
60.83 34 ATTITUDE 2 0 -69
60.83 34 CALIB_START 
60.83 34 CALIBRATION 0. 0.023 0.064 0
60.92 34 SERVO 9600 -9600 143
60.92 34 GPS 0 55815934 339505503 0 5412 0 0 236596251 16 0
60.92 34 DESIRED -0. -0.01 0. 0. 23. 0.
60.92 34 IR_DEBUG 615 598 615 598
60.92 34 NAVIGATION 0 1 0 0 36 0. 0.
60.92 34 WP_MOVED 2 551981.375 3376075. 50.
60.92 34 PPRZ_MODE 0 0 3 0 0 17 0
60.96 34 ESTIMATOR 0. 0. 0. 0. 0.
61.06 34 GPS 0 55815934 339505503 0 5412 0 0 236596499 16 0
61.08 34 COMMANDS 173,-24,-88,-792,-7718
61.08 34 NAVIGATION 0 1 0 0 36 0. 0.
61.08 34 ATTITUDE 1 0 -68
61.08 34 DL_VALUE 30 0.
61.28 34 FBW_STATUS 0 0 117
61.28 34 RAD_OF_IR 11 0 0.00211
61.31 34 IR_SENSORS -847 11 1
61.31 34 GPS 0 55815934 339505503 0 5412 0 0 236596751 16 0
61.31 34 NAVIGATION 0 1 0 0 36 0. 0.
61.37 34 WP_MOVED 3 552041.875 3376020.5 50.
61.37 34 GYRO_RATES -69 -50 -41 0.602139 -0.436332 -0.357792
61.46 34 ESTIMATOR 0. 0. 0. 0. 0.
61.58 34 GPS 0 55815934 339505503 0 5412 0 0 236596999 16 0
61.58 34 NAVIGATION 0 1 0 0 36 0. 0.
61.58 34 ATTITUDE 2 0 -66
61.58 34 CALIB_START 
61.73 34 DOWNLINK_STATUS 61 11487 734 0 494. 32.
61.91 34 DESIRED -0. -0.01 0. 0. 23. 0.
61.91 34 NAVIGATION 0 1 0 0 36 0. 0.
61.91 34 GPS 0 55815934 339505503 0 5412 0 0 236597251 16 0
61.97 34 WP_MOVED 4 552016. 3376052. 0.
61.97 34 ESTIMATOR 0. 0. 0. 0. 0.
62.09 34 COMMANDS 138,-20,-135,-760,-7734
62.09 34 NAVIGATION 0 1 0 0 36 0. 0.
62.09 34 ATTITUDE 3 0 -70
62.09 34 DL_VALUE 31 0.023
62.09 34 GPS 0 55815934 339505503 0 5412 0 0 236597499 16 0
62.09 34 FBW_STATUS 0 0 117
62.39 34 RAD_OF_IR 20 0 0.00211
62.39 34 IR_SENSORS -863 18 1
62.39 34 NAVIGATION 0 1 0 0 36 0. 0.
62.50 34 GPS 0 55815934 339505503 0 5412 0 0 236597751 16 0
62.50 34 WP_MOVED 0 552058. 3376094. 50.
62.50 34 GYRO_RATES -30 -15 -6 0.261799 -0.1309 -0.05236
62.50 34 ESTIMATOR 0. 0. 0. 0. 0.
62.50 34 BAT 165 117 0 0 31 0 0
62.51 34 NAVIGATION 0 1 0 0 36 0. 0.
62.51 34 ATTITUDE 1 0 -67
62.51 34 CALIB_START 
62.51 34 CALIBRATION 0. 0.023 0.064 0
62.57 34 GPS 0 55815934 339505503 0 5412 0 0 236597999 16 0
62.57 34 SERVO 9600 -9600 134
62.70 34 DESIRED -0. -0.01 0. 0. 23. 0.
62.70 34 IR_DEBUG 593 592 593 592
62.70 34 NAVIGATION 0 1 0 0 36 0. 0.
62.73 34 DOWNLINK_STATUS 62 11939 762 0 452. 28.
62.89 34 WP_MOVED 1 552016. 3376052. 50.
62.89 34 GPS 0 55815934 339505503 0 5412 0 0 236598251 16 0
62.98 34 ESTIMATOR 0. 0. 0. 0. 0.
62.98 34 COMMANDS 183,-9,-99,-828,-7833
62.98 34 NAVIGATION 0 1 0 0 36 0. 0.
62.98 34 ATTITUDE 5 0 -66
62.98 34 DL_VALUE 32 0.001
63.07 34 GPS 0 55815934 339505503 0 5412 0 0 236598499 16 0
63.07 34 FBW_STATUS 0 0 117
63.07 34 RAD_OF_IR 39 0 0.00211
63.15 34 IR_SENSORS -853 51 1
63.18 34 NAVIGATION 0 1 0 0 36 0. 0.
63.40 34 WP_MOVED 2 551981.375 3376075. 50.
63.40 34 GYRO_RATES -109 -89 -80 0.951204 -0.776672 -0.698132
63.40 34 GPS 0 55815934 339505503 0 5412 0 0 236598751 16 0
63.47 34 ESTIMATOR 0. 0. 0. 0. 0.
63.47 34 NAVIGATION 0 1 0 0 36 0. 0.
63.47 34 ATTITUDE 11 0 -72
63.47 34 CALIB_START 
63.56 34 GPS 0 55815934 339505503 0 5412 0 0 236598999 16 0
63.59 34 DESIRED -0. -0.01 0. 0. 23. 0.
63.68 34 NAVIGATION 0 1 0 0 36 0. 0.
63.68 34 WP_MOVED 3 552041.875 3376020.5 50.
63.73 34 DOWNLINK_STATUS 63 12315 785 0 376. 23.
63.90 34 GPS 0 55815934 339505503 0 5412 0 0 236599251 16 0
63.90 34 ESTIMATOR 0. 0. 0. 0. 0.
63.97 34 COMMANDS 170,71,-45,-778,-7771
63.97 34 NAVIGATION 0 1 0 0 36 0. 0.
63.97 34 ATTITUDE 1 0 -72
63.97 34 DL_VALUE 33 0.01
63.98 34 FBW_STATUS 0 0 117
63.98 34 RAD_OF_IR 14 0 0.00211
64.07 34 GPS 0 55815934 339505503 0 5412 0 0 236599499 16 0
64.07 34 SVINFO 8 14 12 3 40 53 26
64.07 34 IR_SENSORS -865 33 1
64.08 34 NAVIGATION 0 1 0 0 36 0. 0.
64.18 34 WP_MOVED 4 552016. 3376052. 0.
64.18 34 GYRO_RATES -52 -33 -28 0.453786 -0.287979 -0.244346
64.39 34 ESTIMATOR 0. 0. 0. 0. 0.
64.39 34 BAT 177 117 0 0 33 0 0
64.48 34 NAVIGATION 0 1 0 0 36 0. 0.
64.48 34 GPS 0 55815934 339505503 0 5412 0 0 236599751 16 0
64.48 34 ATTITUDE 6 0 -69
64.48 34 CALIB_START 
64.48 34 CALIBRATION 0. 0.023 0.064 0
64.48 34 SERVO 9600 -9600 171
64.71 34 DESIRED -0. -0.01 0. 0. 23. 0.
64.71 34 IR_DEBUG 629 585 629 585
64.71 34 NAVIGATION 0 1 0 0 36 0. 0.
64.71 34 GPS 0 55815934 339505503 0 5412 0 0 236599999 16 0
64.72 34 WP_MOVED 0 552058. 3376094. 50.
64.73 34 DOWNLINK_STATUS 64 12733 812 0 418. 27.
64.88 34 ESTIMATOR 0. 0. 0. 0. 0.
64.99 34 COMMANDS 173,13,-86,-743,-7731
64.99 34 NAVIGATION 0 1 0 0 36 0. 0.
64.99 34 ATTITUDE 5 0 -69
64.99 34 DL_VALUE 34 1.
64.99 34 GPS 0 55815934 339505503 0 5412 0 0 236600251 16 0
64.99 34 FBW_STATUS 0 0 117
64.99 34 RAD_OF_IR 37 0 0.00211
65.00 34 ACTUATORS 1498,1504,0,1214,1460,1904
65.00 34 IR_SENSORS -860 45 1
65.22 34 NAVIGATION 0 1 0 0 36 0. 0.
65.22 34 GPS 0 55815934 339505503 0 5412 0 0 236600499 16 0
65.22 34 WP_MOVED 1 552016. 3376052. 50.
65.22 34 GYRO_RATES -124 -98 -94 1.082104 -0.855211 -0.820305
65.22 34 ESTIMATOR 0. 0. 0. 0. 0.
65.39 34 NAVIGATION 0 1 0 0 36 0. 0.
65.39 34 ATTITUDE 5 0 -70
65.39 34 CALIB_START 
65.40 34 GPS 0 55815934 339505503 0 5412 0 0 236600751 16 0
65.47 34 DESIRED -0. -0.01 0. 0. 23. 0.
65.49 34 NAVIGATION 0 1 0 0 36 0. 0.
65.60 34 WP_MOVED 2 551981.375 3376075. 50.
65.60 34 PPRZ_MODE 0 0 3 0 0 17 0
65.60 34 GPS 0 55815934 339505503 0 5412 0 0 236600999 16 0
65.66 34 ESTIMATOR 0. 0. 0. 0. 0.
65.73 34 DOWNLINK_STATUS 65 13140 837 0 407. 25.
65.90 34 COMMANDS 164,-31,-107,-773,-7728
65.90 34 NAVIGATION 0 1 0 0 36 0. 0.
65.90 34 ATTITUDE 0 0 -69
65.90 34 DL_VALUE 35 0.
65.97 34 FBW_STATUS 0 0 117
65.97 34 GPS 0 55815934 339505503 0 5412 0 0 236601251 16 0
65.97 34 RAD_OF_IR 2 0 0.00211
65.98 34 IR_SENSORS -859 4 1
65.98 34 NAVIGATION 0 1 0 0 36 0. 0.
66.10 34 WP_MOVED 3 552041.875 3376020.5 50.
66.10 34 GYRO_RATES -72 -51 -43 0.628319 -0.445059 -0.375246
66.10 34 GPS 0 55815934 339505503 0 5412 0 0 236601499 16 0
66.18 34 ESTIMATOR 0. 0. 0. 0. 0.
66.18 34 BAT 173 117 0 0 35 0 0
66.40 34 NAVIGATION 0 1 0 0 36 0. 0.
66.40 34 ATTITUDE 0 0 -64
66.40 34 CALIB_START 
66.40 34 CALIBRATION 0. 0.023 0.064 0
66.49 34 SERVO 9600 -9600 182
66.49 34 GPS 0 55815934 339505503 0 5412 0 0 236601751 16 0
66.49 34 DESIRED -0. -0.01 0. 0. 23. 0.
66.49 34 IR_DEBUG 585 600 585 600
66.49 34 NAVIGATION 0 1 0 0 36 0. 0.
66.49 34 WP_MOVED 4 552016. 3376052. 0.
66.68 34 GPS 0 55815934 339505503 0 5412 0 0 236601999 16 0
66.68 34 ESTIMATOR 0. 0. 0. 0. 0.
66.71 34 COMMANDS 176,-32,-85,-792,-7738
66.71 34 NAVIGATION 0 1 0 0 36 0. 0.
66.71 34 ATTITUDE -3 0 -65
66.71 34 DL_VALUE 36 0.
66.73 34 DOWNLINK_STATUS 66 13594 867 0 454. 30.
66.89 34 FBW_STATUS 0 0 117
66.89 34 RAD_OF_IR -18 0 0.00211
66.89 34 NAVIGATION_REF 552016 3376052 16
66.98 34 GPS 0 55815934 339505503 0 5412 0 0 236602251 16 0
66.98 34 IR_SENSORS -840 -4 1
66.98 34 NAVIGATION 0 1 0 0 36 0. 0.
66.98 34 WP_MOVED 0 552058. 3376094. 50.
66.98 34 GYRO_RATES -103 -88 -80 0.898845 -0.767945 -0.698132
67.10 34 ESTIMATOR 0. 0. 0. 0. 0.
67.10 34 GPS 0 55815934 339505503 0 5412 0 0 236602499 16 0
67.18 34 NAVIGATION 0 1 0 0 36 0. 0.
67.18 34 ATTITUDE 4 0 -68
67.18 34 CALIB_START 
67.51 34 GPS 0 55815934 339505503 0 5412 0 0 236602751 16 0
67.51 34 DESIRED -0. -0.01 0. 0. 23. 0.
67.51 34 NAVIGATION 0 1 0 0 36 0. 0.
67.72 34 WP_MOVED 1 552016. 3376052. 50.
67.72 34 ESTIMATOR 0. 0. 0. 0. 0.
67.72 34 GPS 0 55815934 339505503 0 5412 0 0 236602999 16 0
67.72 34 COMMANDS 162,20,0,-758,-7753
67.72 34 NAVIGATION 0 1 0 0 36 0. 0.
67.72 34 ATTITUDE 4 0 -67
67.72 34 DL_VALUE 37 0.1
67.72 34 FBW_STATUS 0 0 117
67.72 34 RAD_OF_IR 30 0 0.00211
67.74 34 DOWNLINK_STATUS 67 13981 892 0 387. 25.
67.78 34 IR_SENSORS -840 37 1
67.99 34 GPS 0 55815934 339505503 0 5412 0 0 236603251 16 0
67.99 34 NAVIGATION 0 1 0 0 36 0. 0.
68.22 34 WP_MOVED 2 551981.375 3376075. 50.
68.22 34 GYRO_RATES -42 -26 -20 0.366519 -0.226893 -0.174533
68.22 34 ESTIMATOR 0. 0. 0. 0. 0.
68.22 34 BAT 167 117 0 0 37 0 0
68.22 34 NAVIGATION 0 1 0 0 36 0. 0.
68.22 34 GPS 0 55815934 339505503 0 5412 0 0 236603499 16 0
68.22 34 SVINFO 8 14 12 6 40 53 26
68.22 34 ATTITUDE 10 0 -66
68.22 34 CALIB_START 
68.23 34 CALIBRATION 0. 0.023 0.064 0
68.23 34 SERVO 9600 -9600 168
68.52 34 DESIRED -0. -0.01 0. 0. 23. 0.
68.52 34 IR_DEBUG 643 564 643 564
68.52 34 NAVIGATION 0 1 0 0 36 0. 0.
68.52 34 GPS 0 55815934 339505503 0 5412 0 0 236603751 16 0
68.52 34 WP_MOVED 3 552041.875 3376020.5 50.
68.56 34 ESTIMATOR 0. 0. 0. 0. 0.
68.70 34 COMMANDS 171,-10,-86,-880,-7738
68.70 34 NAVIGATION 0 1 0 0 36 0. 0.
68.70 34 ATTITUDE 7 0 -63
68.70 34 DL_VALUE 38 0.
68.70 34 GPS 0 55815934 339505503 0 5412 0 0 236603999 16 0
68.71 34 FBW_STATUS 0 0 117
68.71 34 RAD_OF_IR 35 0 0.00211
68.74 34 DOWNLINK_STATUS 68 14399 919 0 418. 27.
68.77 34 IR_SENSORS -827 30 1
68.77 34 NAVIGATION 0 1 0 0 36 0. 0.
69.00 34 GPS 0 55815934 339505503 0 5412 0 0 236604251 16 0
69.00 34 WP_MOVED 4 552016. 3376052. 0.
69.00 34 GYRO_RATES -78 -58 -49 0.680678 -0.506145 -0.427606
69.10 34 ESTIMATOR 0. 0. 0. 0. 0.
69.10 34 NAVIGATION 0 1 0 0 36 0. 0.
69.10 34 ATTITUDE 6 0 -67
69.10 34 CALIB_START 
69.10 34 GPS 0 55815934 339505503 0 5412 0 0 236604499 16 0
69.27 34 DESIRED -0. -0.01 0. 0. 23. 0.
69.27 34 NAVIGATION 0 1 0 0 36 0. 0.
69.49 34 WP_MOVED 0 552058. 3376094. 50.
69.49 34 GPS 0 55815934 339505503 0 5412 0 0 236604751 16 0
69.58 34 ESTIMATOR 0. 0. 0. 0. 0.
69.58 34 COMMANDS 177,-42,-81,-785,-7733
69.58 34 NAVIGATION 0 1 0 0 36 0. 0.
69.58 34 ATTITUDE 3 0 -68
69.58 34 DL_VALUE 39 0.064
69.60 34 FBW_STATUS 0 0 117
69.60 34 GPS 0 55815934 339505503 0 5412 0 0 236604999 16 0
69.60 34 RAD_OF_IR 9 0 0.00211
69.67 34 ACTUATORS 1495,1503,0,1213,1460,1901
69.67 34 IR_SENSORS -845 2 1
69.74 34 DOWNLINK_STATUS 69 14783 943 0 384. 24.
69.76 34 NAVIGATION 0 1 0 0 36 0. 0.
69.79 34 WP_MOVED 1 552016. 3376052. 50.
69.80 34 GYRO_RATES -98 -80 -71 0.855211 -0.698132 -0.619592
70.00 34 GPS 0 55815934 339505503 0 5412 0 0 236605251 16 0
70.00 34 ESTIMATOR 0. 0. 0. 0. 0.
70.00 34 BAT 165 117 0 0 39 0 0
70.07 34 NAVIGATION 0 1 0 0 36 0. 0.
70.07 34 ATTITUDE 0 0 -68
70.07 34 CALIB_START 
70.07 34 CALIBRATION 0. 0.023 0.064 0
70.09 34 SERVO 9600 -9600 174
70.09 34 GPS 0 55815934 339505503 0 5412 0 0 236605499 16 0
70.23 34 DESIRED -0. -0.01 0. 0. 23. 0.
70.23 34 IR_DEBUG 610 613 610 613
70.23 34 NAVIGATION 0 1 0 0 36 0. 0.
70.26 34 WP_MOVED 2 551981.375 3376075. 50.
70.26 34 PPRZ_MODE 0 0 3 0 0 1 0
70.50 34 GPS 0 55815934 339505503 0 5412 0 0 236605751 16 0
70.50 34 ESTIMATOR 0. 0. 0. 0. 0.
70.61 34 COMMANDS 169,-23,-91,-778,-7753
70.61 34 NAVIGATION 0 1 0 0 36 0. 0.
70.61 34 ATTITUDE 0 0 -69
70.61 34 DL_VALUE 40 1.
70.61 34 FBW_STATUS 0 0 117
70.61 34 RAD_OF_IR -4 0 0.00211
70.61 34 GPS 0 55815934 339505503 0 5412 0 0 236605999 16 0
70.65 34 IR_SENSORS -851 -2 1
70.68 34 NAVIGATION 0 1 0 0 36 0. 0.
70.74 34 DOWNLINK_STATUS 70 15218 971 0 435. 28.
70.76 34 WP_MOVED 3 552041.875 3376020.5 50.
70.76 34 GYRO_RATES 57 66 75 -0.497419 0.575959 0.654498
70.98 34 ESTIMATOR 0. 0. 0. 0. 0.
71.01 34 GPS 0 55815934 339505503 0 5412 0 0 236606251 16 0
71.01 34 NAVIGATION 0 1 0 0 36 0. 0.
71.01 34 ATTITUDE 3 0 -70
71.01 34 CALIB_START 
71.22 34 GPS 0 55815934 339505503 0 5412 0 0 236606499 16 0
71.22 34 DESIRED -0. -0.01 0. 0. 23. 0.
71.22 34 NAVIGATION 0 1 0 0 36 0. 0.
71.22 34 WP_MOVED 4 552016. 3376052. 0.
71.27 34 ESTIMATOR 0. 0. 0. 0. 0.
71.51 34 GPS 0 55815934 339505503 0 5412 0 0 236606751 16 0
71.51 34 COMMANDS 174,37,-81,-767,-7734
71.51 34 NAVIGATION 0 1 0 0 36 0. 0.
71.51 34 ATTITUDE 2 0 -69
71.51 34 DL_VALUE 41 0.
71.56 34 FBW_STATUS 0 0 117
71.56 34 RAD_OF_IR 10 0 0.00211
71.68 34 IR_SENSORS -843 10 1
71.68 34 GPS 0 55815934 339505503 0 5412 0 0 236606999 16 0
71.68 34 NAVIGATION 0 1 0 0 36 0. 0.
71.69 34 WP_MOVED 0 552058. 3376094. 50.
71.69 34 GYRO_RATES -97 -88 -73 0.846485 -0.767945 -0.637045
71.74 34 DOWNLINK_STATUS 71 15614 995 0 396. 24.
71.77 34 ESTIMATOR 0. 0. 0. 0. 0.
71.77 34 BAT 174 117 0 0 41 0 0
72.01 34 NAVIGATION 0 1 0 0 36 0. 0.
72.01 34 GPS 0 55815934 339505503 0 5412 0 0 236607251 16 0
72.01 34 ATTITUDE -1 0 -65
72.01 34 CALIB_START 
72.01 34 CALIBRATION 0. 0.023 0.064 0
72.23 34 SERVO 9600 -9600 173
72.23 34 DESIRED -0. -0.01 0. 0. 23. 0.
72.23 34 IR_DEBUG 587 593 587 593
72.23 34 NAVIGATION 0 1 0 0 36 0. 0.
72.23 34 GPS 0 55815934 339505503 0 5412 0 0 236607499 16 0
72.23 34 SVINFO 8 14 12 6 40 53 26
72.23 34 WP_MOVED 1 552016. 3376052. 50.
72.26 34 ESTIMATOR 0. 0. 0. 0. 0.
72.51 34 COMMANDS 186,-12,-34,-768,-8055
72.51 34 NAVIGATION 0 1 0 0 36 0. 0.
72.51 34 ATTITUDE 0 0 -60
72.51 34 DL_VALUE 0 23.
72.51 34 GPS 0 55815934 339505503 0 5412 0 0 236607751 16 0
72.51 34 FBW_STATUS 0 0 117
72.72 34 RAD_OF_IR -11 0 0.00211
72.72 34 IR_SENSORS -792 -12 1
72.72 34 NAVIGATION 0 1 0 0 36 0. 0.
72.72 34 GPS 0 55815934 339505503 0 5412 0 0 236607999 16 0
72.72 34 WP_MOVED 2 551981.375 3376075. 50.
72.72 34 GYRO_RATES -83 -77 -58 0.724312 -0.671952 -0.506145
72.74 34 DOWNLINK_STATUS 72 16032 1022 0 418. 27.
72.77 34 NAVIGATION 0 1 0 0 36 0. 0.
72.77 34 ATTITUDE -6 0 -60
72.77 34 CALIB_START 
72.99 34 GPS 0 55815934 339505503 0 5412 0 0 236608251 16 0
73.00 34 DESIRED -0. -0.01 0. 0. 23. 0.
73.00 34 NAVIGATION 0 1 0 0 36 0. 0.
73.09 34 WP_MOVED 3 552041.875 3376020.5 50.
73.09 34 GPS 0 55815934 339505503 0 5412 0 0 236608499 16 0
73.16 34 ESTIMATOR 0. 0. 0. 0. 0.
73.27 34 COMMANDS 181,-59,-93,-785,-7761
73.31 34 NAVIGATION 0 1 0 0 36 0. 0.
73.31 34 ATTITUDE -7 0 -63
73.31 34 DL_VALUE 1 1.
73.49 34 FBW_STATUS 0 0 117
73.49 34 GPS 0 55815934 339505503 0 5412 0 0 236608751 16 0
73.49 34 RAD_OF_IR -42 0 0.00211
73.61 34 IR_SENSORS -826 -42 1
73.61 34 NAVIGATION 0 1 0 0 36 0. 0.
73.61 34 WP_MOVED 4 552016. 3376052. 0.
73.61 34 GYRO_RATES -98 -82 -73 0.855211 -0.715585 -0.637045
73.61 34 GPS 0 55815934 339505503 0 5412 0 0 236608999 16 0
73.68 34 ESTIMATOR 0. 0. 0. 0. 0.
73.68 34 BAT 162 117 0 0 43 0 0
73.74 34 DOWNLINK_STATUS 73 16407 1045 0 375. 23.
73.77 34 NAVIGATION 0 1 0 0 36 0. 0.
73.77 34 ATTITUDE -8 0 -61
73.77 34 CALIB_START 
73.77 34 CALIBRATION 0. 0.023 0.064 0
73.78 34 SERVO 9600 -9600 179
73.99 34 GPS 0 55815934 339505503 0 5412 0 0 236609251 16 0
74.08 34 DESIRED -0. -0.01 0. 0. 23. 0.
74.08 34 IR_DEBUG 549 607 549 607
74.08 34 NAVIGATION 0 1 0 0 36 0. 0.
74.08 34 WP_MOVED 0 552058. 3376094. 50.
74.18 34 GPS 0 55815934 339505503 0 5412 0 0 236609499 16 0
74.19 34 ESTIMATOR 0. 0. 0. 0. 0.
74.21 34 COMMANDS 173,-20,-85,-870,-7744
74.21 34 NAVIGATION 0 1 0 0 36 0. 0.
74.21 34 ATTITUDE -8 0 -64
74.21 34 DL_VALUE 2 0.
74.26 34 FBW_STATUS 0 0 117
74.26 34 RAD_OF_IR -52 0 0.00211
74.50 34 GPS 0 55815934 339505503 0 5412 0 0 236609751 16 0
74.50 34 ACTUATORS 1495,1505,0,1213,1461,1902
74.50 34 IR_SENSORS -842 -52 1
74.57 34 NAVIGATION 0 1 0 0 36 0. 0.
74.57 34 WP_MOVED 1 552016. 3376052. 50.
74.57 34 GYRO_RATES -123 -109 -95 1.073377 -0.951204 -0.829031
74.60 34 ESTIMATOR 0. 0. 0. 0. 0.
74.60 34 GPS 0 55815934 339505503 0 5412 0 0 236609999 16 0
74.67 34 NAVIGATION 0 1 0 0 36 0. 0.
74.67 34 ATTITUDE -10 0 -64
74.67 34 CALIB_START 
74.74 34 DOWNLINK_STATUS 74 16844 1074 0 437. 29.
75.01 34 GPS 0 55815934 339505503 0 5412 0 0 236610251 16 0
75.01 34 DESIRED -0. -0.01 0. 0. 23. 0.
75.01 34 NAVIGATION 0 1 0 0 36 0. 0.
75.20 34 WP_MOVED 2 551981.375 3376075. 50.
75.20 34 PPRZ_MODE 0 0 3 0 0 1 0
75.20 34 ESTIMATOR 0. 0. 0. 0. 0.
75.20 34 GPS 0 55815934 339505503 0 5412 0 0 236610499 16 0
75.21 34 COMMANDS 204,18,-52,-857,-7728
75.21 34 NAVIGATION 0 1 0 0 36 0. 0.
75.21 34 ATTITUDE -10 0 -65
75.21 34 FBW_STATUS 0 0 117
75.26 34 RAD_OF_IR -65 0 0.00211
75.26 34 NAVIGATION_REF 552016 3376052 16
75.28 34 IR_SENSORS -826 -66 1
75.49 34 GPS 0 55815934 339505503 0 5412 0 0 236610751 16 0
75.49 34 NAVIGATION 0 1 0 0 36 0. 0.
75.73 34 WP_MOVED 3 552041.875 3376020.5 50.
75.73 34 GYRO_RATES -83 -74 -62 0.724312 -0.645772 -0.541052
75.73 34 ESTIMATOR 0. 0. 0. 0. 0.
75.73 34 BAT 173 117 0 0 45 0 0
75.74 34 DOWNLINK_STATUS 75 17177 1094 0 333. 20.
75.79 34 NAVIGATION 0 1 0 0 36 0. 0.
75.79 34 GPS 0 55815934 339505503 0 5412 0 0 236610999 16 0
75.79 34 ATTITUDE -12 0 -64
75.79 34 CALIB_START 
75.79 34 CALIBRATION 0. 0.023 0.064 0
75.79 34 SERVO 9600 -9600 162
76.02 34 DESIRED -0. -0.01 0. 0. 23. 0.
76.02 34 IR_DEBUG 542 640 542 640
76.02 34 NAVIGATION 0 1 0 0 36 0. 0.
76.02 34 GPS 0 55815934 339505503 0 5412 0 0 236611251 16 0
76.02 34 WP_MOVED 4 552016. 3376052. 0.
76.06 34 ESTIMATOR 0. 0. 0. 0. 0.
76.21 34 COMMANDS 161,-23,-110,-767,-7719
76.21 34 NAVIGATION 0 1 0 0 36 0. 0.
76.21 34 ATTITUDE -9 0 -62
76.22 34 DL_VALUE 4 0.
76.22 34 GPS 0 55815934 339505503 0 5412 0 0 236611499 16 0
76.22 34 SVINFO 8 14 12 7 39 53 26
76.22 34 FBW_STATUS 0 0 117
76.22 34 RAD_OF_IR -52 0 0.00211
76.27 34 IR_SENSORS -816 -53 1
76.27 34 NAVIGATION 0 1 0 0 36 0. 0.
76.50 34 GPS 0 55815934 339505503 0 5412 0 0 236611751 16 0
76.50 34 WP_MOVED 0 552058. 3376094. 50.
76.50 34 GYRO_RATES -100 -85 -72 0.872665 -0.741765 -0.628319
76.61 34 ESTIMATOR 0. 0. 0. 0. 0.
76.61 34 NAVIGATION 0 1 0 0 36 0. 0.
76.61 34 ATTITUDE -10 0 -62
76.61 34 CALIB_START 
76.61 34 GPS 0 55815934 339505503 0 5412 0 0 236611999 16 0
76.74 34 DOWNLINK_STATUS 76 17636 1124 0 459. 30.
76.77 34 DESIRED -0. -0.01 0. 0. 23. 0.
76.77 34 NAVIGATION 0 1 0 0 36 0. 0.
76.79 34 WP_MOVED 1 552016. 3376052. 50.
76.99 34 GPS 0 55815934 339505503 0 5412 0 0 236612251 16 0
77.08 34 ESTIMATOR 0. 0. 0. 0. 0.
77.08 34 COMMANDS 172,-10,-89,-780,-7738
77.08 34 NAVIGATION 0 1 0 0 36 0. 0.
77.08 34 ATTITUDE -11 0 -61
77.08 34 DL_VALUE 5 0.
77.10 34 FBW_STATUS 0 0 117
77.10 34 GPS 0 55815934 339505503 0 5412 0 0 236612499 16 0
77.10 34 RAD_OF_IR -62 0 0.00211
77.16 34 IR_SENSORS -812 -63 1
77.26 34 NAVIGATION 0 1 0 0 36 0. 0.
77.30 34 WP_MOVED 2 551981.375 3376075. 50.
77.30 34 GYRO_RATES -107 -96 -83 0.933751 -0.837758 -0.724312
77.50 34 GPS 0 55815934 339505503 0 5412 0 0 236612751 16 0
77.50 34 ESTIMATOR 0. 0. 0. 0. 0.
77.50 34 BAT 169 117 0 0 47 0 0
77.57 34 NAVIGATION 0 1 0 0 36 0. 0.
77.57 34 ATTITUDE -11 0 -62
77.57 34 CALIB_START 
77.57 34 CALIBRATION 0. 0.023 0.064 0
77.59 34 SERVO 9600 -9600 176
77.59 34 GPS 0 55815934 339505503 0 5412 0 0 236612999 16 0
77.71 34 DESIRED -0. -0.01 0. 0. 23. 0.
77.71 34 IR_DEBUG 535 630 535 630
77.71 34 NAVIGATION 0 1 0 0 36 0. 0.
77.74 34 DOWNLINK_STATUS 77 18088 1152 0 452. 28.
77.75 34 WP_MOVED 3 552041.875 3376020.5 50.
78.00 34 GPS 0 55815934 339505503 0 5412 0 0 236613251 16 0
78.00 34 ESTIMATOR 0. 0. 0. 0. 0.
78.12 34 COMMANDS 164,34,-105,-793,-7736
78.12 34 NAVIGATION 0 1 0 0 36 0. 0.
78.12 34 ATTITUDE -12 0 -62
78.12 34 DL_VALUE 6 0.
78.12 34 FBW_STATUS 0 0 117
78.12 34 RAD_OF_IR -72 0 0.00211
78.12 34 GPS 0 55815934 339505503 0 5412 0 0 236613499 16 0
78.15 34 IR_SENSORS -808 -72 1
78.18 34 NAVIGATION 0 1 0 0 36 0. 0.
78.26 34 WP_MOVED 4 552016. 3376052. 0.
78.26 34 GYRO_RATES -126 -107 -97 1.099557 -0.933751 -0.846485
78.61 34 ESTIMATOR 0. 0. 0. 0. 0.
78.61 34 GPS 0 55815934 339505503 0 5412 0 0 236613751 16 0
78.61 34 NAVIGATION 0 1 0 0 36 0. 0.
78.61 34 ATTITUDE -13 0 -60
78.61 34 CALIB_START 
78.71 34 GPS 0 55815934 339505503 0 5412 0 0 236613999 16 0
78.71 34 SVINFO 2 22 12 3 40 56 129
78.71 34 DESIRED -0. -0.01 0. 0. 23. 0.
78.71 34 NAVIGATION 0 1 0 0 36 0. 0.
78.71 34 WP_MOVED 0 552058. 3376094. 50.
78.75 34 DOWNLINK_STATUS 78 18474 1176 0 386. 24.
78.77 34 ESTIMATOR 0. 0. 0. 0. 0.
79.11 34 GPS 0 55815934 339505503 0 5412 0 0 236614251 16 0
79.11 34 COMMANDS 169,-7,-78,-778,-7721
79.11 34 NAVIGATION 0 1 0 0 36 0. 0.
79.11 34 ATTITUDE -13 0 -61
79.11 34 DL_VALUE 7 0.
79.22 34 FBW_STATUS 0 0 117
79.22 34 RAD_OF_IR -74 0 0.00211
79.22 34 ACTUATORS 1495,1503,0,1214,1459,1902
79.22 34 IR_SENSORS -810 -74 1
79.22 34 GPS 0 55815934 339505503 0 5412 0 0 236614499 16 0
79.22 34 NAVIGATION 0 1 0 0 36 0. 0.
79.22 34 WP_MOVED 1 552016. 3376052. 50.
79.26 34 ESTIMATOR 0. 0. 0. 0. 0.
79.26 34 BAT 166 117 0 0 49 0 0
79.40 34 NAVIGATION 0 1 0 0 36 0. 0.
79.40 34 GPS 0 55815934 339505503 0 5412 0 0 236614751 16 0
79.40 34 ATTITUDE -13 0 -61
79.40 34 CALIB_START 
79.40 34 CALIBRATION 0. 0.023 0.064 0
79.58 34 SERVO 9600 -9600 168
79.71 34 DESIRED -0. -0.01 0. 0. 23. 0.
79.71 34 IR_DEBUG 527 634 527 634
79.71 34 NAVIGATION 0 1 0 0 36 0. 0.
79.71 34 GPS 0 55815934 339505503 0 5412 0 0 236614999 16 0
79.71 34 WP_MOVED 2 551981.375 3376075. 50.
79.71 34 PPRZ_MODE 0 0 3 0 0 1 0
79.74 34 DOWNLINK_STATUS 79 18886 1203 0 412. 27.
79.76 34 ESTIMATOR 0. 0. 0. 0. 0.
79.89 34 COMMANDS 177,-4,-74,-803,-7723
79.89 34 NAVIGATION 0 1 0 0 36 0. 0.
79.89 34 ATTITUDE -13 0 -61
79.89 34 DL_VALUE 8 0.
79.89 34 GPS 0 55815934 339505503 0 5412 0 0 236615251 16 0
79.89 34 FBW_STATUS 0 0 117
79.89 34 RAD_OF_IR -71 0 0.00211
80.08 34 IR_SENSORS -812 -70 1
80.24 34 NAVIGATION 0 1 0 0 36 0. 0.
80.24 34 GPS 0 55815934 339505503 0 5412 0 0 236615499 16 0
80.24 34 SVINFO 8 14 12 7 40 53 26
80.24 34 WP_MOVED 3 552041.875 3376020.5 50.
80.24 34 GYRO_RATES -111 -95 -90 0.968658 -0.829031 -0.785398
80.24 34 ESTIMATOR 0. 0. 0. 0. 0.
80.27 34 NAVIGATION 0 1 0 0 36 0. 0.
80.27 34 ATTITUDE -12 0 -61
80.27 34 CALIB_START 
80.36 34 GPS 0 55815934 339505503 0 5412 0 0 236615751 16 0
80.58 34 DESIRED -0. -0.01 0. 0. 23. 0.
80.69 34 NAVIGATION 0 1 0 0 36 0. 0.
80.69 34 WP_MOVED 4 552016. 3376052. 0.
80.69 34 GPS 0 55815934 339505503 0 5412 0 0 236615999 16 0
80.69 34 ESTIMATOR 0. 0. 0. 0. 0.
80.74 34 DOWNLINK_STATUS 80 19279 1227 0 393. 24.
80.77 34 COMMANDS 165,-118,-193,-748,-7724
80.77 34 NAVIGATION 0 1 0 0 36 0. 0.
80.77 34 ATTITUDE -12 0 -61
80.77 34 DL_VALUE 9 -57.
80.85 34 FBW_STATUS 0 0 117
80.87 34 GPS 0 55815934 339505503 0 5412 0 0 236616251 16 0
80.87 34 RAD_OF_IR -68 0 0.00211
81.09 34 IR_SENSORS -809 -70 1
81.09 34 NAVIGATION 0 1 0 0 36 0. 0.
81.32 34 WP_MOVED 0 552058. 3376094. 50.
81.32 34 GYRO_RATES -117 -98 -93 1.021018 -0.855211 -0.811578
81.32 34 GPS 0 55815934 339505503 0 5412 0 0 236616499 16 0
81.32 34 ESTIMATOR 0. 0. 0. 0. 0.
81.32 34 BAT 174 117 0 0 51 0 0
81.37 34 NAVIGATION 0 1 0 0 36 0. 0.
81.37 34 ATTITUDE -13 0 -61
81.37 34 CALIB_START 
81.37 34 CALIBRATION 0. 0.023 0.064 0
81.37 34 SERVO 9600 -9600 168
81.61 34 GPS 0 55815934 339505503 0 5412 0 0 236616751 16 0
81.61 34 DESIRED -0. -0.01 0. 0. 23. 0.
81.61 34 IR_DEBUG 525 631 525 631
81.61 34 NAVIGATION 0 1 0 0 36 0. 0.
81.74 34 DOWNLINK_STATUS 81 19623 1250 0 344. 23.
81.80 34 WP_MOVED 1 552016. 3376052. 50.
81.80 34 GPS 0 55815934 339505503 0 5412 0 0 236616999 16 0
81.81 34 ESTIMATOR 0. 0. 0. 0. 0.
81.81 34 COMMANDS 175,-34,-80,-788,-7753
81.81 34 NAVIGATION 0 1 0 0 36 0. 0.
81.81 34 ATTITUDE -13 0 -61
81.81 34 DL_VALUE 10 0.
81.81 34 FBW_STATUS 0 0 117
81.81 34 RAD_OF_IR -77 0 0.00211
81.86 34 GPS 0 55815934 339505503 0 5412 0 0 236617251 16 0
81.86 34 IR_SENSORS -811 -77 1
81.89 34 NAVIGATION 0 1 0 0 36 0. 0.
82.09 34 WP_MOVED 2 551981.375 3376075. 50.
82.09 34 GYRO_RATES -110 -105 -93 0.959931 -0.916298 -0.811578
82.18 34 ESTIMATOR 0. 0. 0. 0. 0.
82.19 34 GPS 0 55815934 339505503 0 5412 0 0 236617499 16 0
82.19 34 NAVIGATION 0 1 0 0 36 0. 0.
82.19 34 ATTITUDE -13 0 -61
82.19 34 CALIB_START 
82.41 34 GPS 0 55815934 339505503 0 5412 0 0 236617751 16 0
82.41 34 DESIRED -0. -0.01 0. 0. 23. 0.
82.41 34 NAVIGATION 0 1 0 0 36 0. 0.
82.58 34 WP_MOVED 3 552041.875 3376020.5 50.
82.72 34 ESTIMATOR 0. 0. 0. 0. 0.
82.73 34 GPS 0 55815934 339505503 0 5412 0 0 236617999 16 0
82.73 34 SVINFO 2 22 12 6 39 56 129
82.73 34 COMMANDS 170,10,-81,-778,-7759
82.73 34 NAVIGATION 0 1 0 0 36 0. 0.
82.73 34 ATTITUDE -15 0 -62
82.73 34 DL_VALUE 11 1.
82.73 34 FBW_STATUS 0 0 117
82.73 34 RAD_OF_IR -83 0 0.00211
82.75 34 DOWNLINK_STATUS 82 20119 1282 0 496. 32.
82.78 34 IR_SENSORS -812 -84 1
82.87 34 NAVIGATION 0 1 0 0 36 0. 0.
82.87 34 GPS 0 55815934 339505503 0 5412 0 0 236618251 16 0
83.09 34 WP_MOVED 4 552016. 3376052. 0.
83.09 34 GYRO_RATES -119 -104 -95 1.038471 -0.907571 -0.829031
83.20 34 ESTIMATOR 0. 0. 0. 0. 0.
83.21 34 BAT 176 117 0 0 53 0 0
83.21 34 NAVIGATION 0 1 0 0 36 0. 0.
83.21 34 GPS 0 55815934 339505503 0 5412 0 0 236618499 16 0
83.21 34 ATTITUDE -16 0 -62
83.21 34 CALIB_START 
83.21 34 CALIBRATION 0. 0.023 0.064 0
83.40 34 DESIRED -0. -0.01 0. 0. 23. 0.
83.40 34 IR_DEBUG 513 647 513 647
83.40 34 NAVIGATION 0 1 0 0 36 0. 0.
83.40 34 GPS 0 55815934 339505503 0 5412 0 0 236618751 16 0
83.40 34 WP_MOVED 0 552058. 3376094. 50.
83.58 34 ESTIMATOR 0. 0. 0. 0. 0.
83.70 34 COMMANDS 166,-18,-99,-785,-7744
83.70 34 NAVIGATION 0 1 0 0 36 0. 0.
83.71 34 ATTITUDE -15 0 -62
83.71 34 DL_VALUE 12 0.
83.71 34 GPS 0 55815934 339505503 0 5412 0 0 236618999 16 0
83.71 34 FBW_STATUS 0 0 117
83.71 34 RAD_OF_IR -88 0 0.00211
83.71 34 NAVIGATION_REF 552016 3376052 16
83.75 34 DOWNLINK_STATUS 83 20530 1308 0 411. 26.
83.78 34 ACTUATORS 1494,1504,0,1213,1461,1902
83.78 34 IR_SENSORS -816 -88 1
83.78 34 NAVIGATION 0 1 0 0 36 0. 0.
83.90 34 WP_MOVED 1 552016. 3376052. 50.
83.90 34 GYRO_RATES -106 -93 -82 0.925025 -0.811578 -0.715585
83.90 34 GPS 0 55815934 339505503 0 5412 0 0 236619251 16 0
84.08 34 ESTIMATOR 0. 0. 0. 0. 0.
84.18 34 NAVIGATION 0 1 0 0 36 0. 0.
84.18 34 ATTITUDE -16 0 -62
84.19 34 CALIB_START 
84.19 34 GPS 0 55815934 339505503 0 5412 0 0 236619499 16 0
84.19 34 SVINFO 8 14 12 7 39 53 26
84.27 34 DESIRED -0. -0.01 0. 0. 23. 0.
84.27 34 NAVIGATION 0 1 0 0 36 0. 0.
84.37 34 WP_MOVED 2 551981.375 3376075. 50.
84.37 34 PPRZ_MODE 0 0 3 0 0 1 0
84.37 34 GPS 0 55815934 339505503 0 5412 0 0 236619751 16 0
84.40 34 ESTIMATOR 0. 0. 0. 0. 0.
84.70 34 COMMANDS 150,-9,-70,-728,-7724
84.72 34 NAVIGATION 0 1 0 0 36 0. 0.
84.72 34 ATTITUDE -17 0 -62
84.72 34 DL_VALUE 13 477.
84.75 34 DOWNLINK_STATUS 84 20883 1330 0 353. 22.
84.78 34 FBW_STATUS 0 0 117
84.78 34 GPS 0 55815934 339505503 0 5412 0 0 236619999 16 0
84.78 34 RAD_OF_IR -95 0 0.00211
84.78 34 IR_SENSORS -815 -94 1
84.78 34 NAVIGATION 0 1 0 0 36 0. 0.
84.80 34 WP_MOVED 3 552041.875 3376020.5 50.
84.80 34 GYRO_RATES -87 -76 -66 0.759218 -0.663225 -0.575959
84.90 34 GPS 0 55815934 339505503 0 5412 0 0 236620251 16 0
84.90 34 ESTIMATOR 0. 0. 0. 0. 0.
84.90 34 BAT 176 117 0 0 55 0 0
84.98 34 NAVIGATION 0 1 0 0 36 0. 0.
84.99 34 ATTITUDE -15 0 -60
84.99 34 CALIB_START 
84.99 34 CALIBRATION 0. 0.023 0.064 0
85.20 34 SERVO 9600 -9600 168
85.21 34 GPS 0 55815934 339505503 0 5412 0 0 236620499 16 0
85.27 34 DESIRED -0. -0.01 0. 0. 23. 0.
85.27 34 IR_DEBUG 517 632 517 632
85.27 34 NAVIGATION 0 1 0 0 36 0. 0.
85.28 34 WP_MOVED 4 552016. 3376052. 0.
85.37 34 GPS 0 55815934 339505503 0 5412 0 0 236620751 16 0
85.37 34 ESTIMATOR 0. 0. 0. 0. 0.
85.47 34 COMMANDS 172,-18,-83,-790,-7743
85.47 34 NAVIGATION 0 1 0 0 36 0. 0.
85.47 34 ATTITUDE -14 0 -59
85.47 34 DL_VALUE 14 462.
85.48 34 FBW_STATUS 0 0 117
85.70 34 RAD_OF_IR -80 0 0.00211
85.70 34 GPS 0 55815934 339505503 0 5412 0 0 236620999 16 0
85.75 34 DOWNLINK_STATUS 85 21333 1359 0 450. 29.
85.78 34 IR_SENSORS -798 -79 1
85.78 34 NAVIGATION 0 1 0 0 36 0. 0.
85.78 34 WP_MOVED 0 552058. 3376094. 50.
85.78 34 GYRO_RATES -192 -176 -167 1.675516 -1.53589 -1.45735
85.86 34 ESTIMATOR 0. 0. 0. 0. 0.
85.91 34 GPS 0 55815934 339505503 0 5412 0 0 236621251 16 0
85.91 34 NAVIGATION 0 1 0 0 36 0. 0.
85.91 34 ATTITUDE -13 0 -58
85.91 34 CALIB_START 
86.41 34 GPS 0 55815934 339505503 0 5412 0 0 236621499 16 0
86.41 34 DESIRED -0. -0.01 0. 0. 23. 0.
86.41 34 NAVIGATION 0 1 0 0 36 0. 0.
86.41 34 WP_MOVED 1 552016. 3376052. 50.
86.50 34 ESTIMATOR 0. 0. 0. 0. 0.
86.50 34 GPS 0 55815934 339505503 0 5412 0 0 236621751 16 0
86.50 34 COMMANDS 183,58,-9,-810,-7744
86.50 34 NAVIGATION 0 1 0 0 36 0. 0.
86.50 34 ATTITUDE -10 0 -58
86.50 34 DL_VALUE 15 453.
86.50 34 FBW_STATUS 0 0 117
86.50 34 RAD_OF_IR -58 0 0.00211
86.70 34 IR_SENSORS -794 -58 1
86.70 34 GPS 0 55815934 339505503 0 5412 0 0 236621999 16 0
86.70 34 SVINFO 2 22 12 6 39 56 129
86.71 34 NAVIGATION 0 1 0 0 36 0. 0.
86.71 34 WP_MOVED 2 551981.375 3376075. 50.
86.71 34 GYRO_RATES -127 -108 -94 1.108284 -0.942478 -0.820305
86.75 34 DOWNLINK_STATUS 86 21765 1386 0 432. 27.
86.89 34 ESTIMATOR 0. 0. 0. 0. 0.
86.89 34 BAT 176 117 0 0 57 0 0
86.98 34 NAVIGATION 0 1 0 0 36 0. 0.
86.98 34 ATTITUDE -10 0 -58
86.98 34 CALIB_START 
86.98 34 CALIBRATION 0. 0.023 0.064 0
86.98 34 GPS 0 55815934 339505503 0 5412 0 0 236622251 16 0
86.99 34 SERVO 9600 -9600 190
87.21 34 DESIRED -0. -0.01 0. 0. 23. 0.
87.21 34 IR_DEBUG 529 605 529 605
87.21 34 NAVIGATION 0 1 0 0 36 0. 0.
87.21 34 GPS 0 55815934 339505503 0 5412 0 0 236622499 16 0
87.21 34 WP_MOVED 3 552041.875 3376020.5 50.
87.38 34 ESTIMATOR 0. 0. 0. 0. 0.
87.49 34 COMMANDS 207,-26,-22,-797,-7738
87.49 34 NAVIGATION 0 1 0 0 36 0. 0.
87.49 34 ATTITUDE -7 0 -57
87.49 34 DL_VALUE 16 15200.
87.49 34 GPS 0 55815934 339505503 0 5412 0 0 236622751 16 0
87.50 34 FBW_STATUS 0 0 117
87.50 34 RAD_OF_IR -39 0 0.00211
87.50 34 IR_SENSORS -790 -37 1
87.72 34 NAVIGATION 0 1 0 0 36 0. 0.
87.72 34 GPS 0 55815934 339505503 0 5412 0 0 236622999 16 0
87.72 34 WP_MOVED 4 552016. 3376052. 0.
87.72 34 GYRO_RATES -99 -89 -72 0.863938 -0.776672 -0.628319
87.72 34 ESTIMATOR 0. 0. 0. 0. 0.
87.75 34 DOWNLINK_STATUS 87 22195 1413 0 430. 27.
87.89 34 NAVIGATION 0 1 0 0 36 0. 0.
87.89 34 ATTITUDE -4 0 -58
87.89 34 CALIB_START 
87.90 34 GPS 0 55815934 339505503 0 5412 0 0 236623251 16 0
87.96 34 DESIRED -0. -0.01 0. 0. 23. 0.
87.98 34 NAVIGATION 0 1 0 0 36 0. 0.
88.18 34 WP_MOVED 0 552058. 3376094. 50.
88.18 34 GPS 0 55815934 339505503 0 5412 0 0 236623499 16 0
88.18 34 SVINFO 8 14 12 7 40 53 26
88.19 34 ESTIMATOR 0. 0. 0. 0. 0.
88.40 34 COMMANDS 162,-23,-96,-780,-7691
88.40 34 NAVIGATION 0 1 0 0 36 0. 0.
88.40 34 ATTITUDE -2 0 -58
88.40 34 DL_VALUE 17 12700.
88.49 34 FBW_STATUS 0 0 117
88.49 34 GPS 0 55815934 339505503 0 5412 0 0 236623751 16 0
88.49 34 RAD_OF_IR -17 0 0.00211
88.49 34 ACTUATORS 1495,1503,0,1214,1459,1902
88.49 34 IR_SENSORS -789 -16 1
88.49 34 NAVIGATION 0 1 0 0 36 0. 0.
88.61 34 WP_MOVED 1 552016. 3376052. 50.
88.61 34 GYRO_RATES -107 -91 -83 0.933751 -0.794125 -0.724312
88.61 34 GPS 0 55815934 339505503 0 5412 0 0 236623999 16 0
88.61 34 SVINFO 10 30 12 3 43 38 81
88.68 34 ESTIMATOR 0. 0. 0. 0. 0.
88.68 34 BAT 176 117 0 0 59 0 0
88.75 34 DOWNLINK_STATUS 88 22605 1439 0 410. 26.
88.89 34 NAVIGATION 0 1 0 0 36 0. 0.
88.89 34 ATTITUDE -2 0 -58
88.89 34 CALIB_START 
88.89 34 CALIBRATION 0. 0.023 0.064 0
88.99 34 SERVO 9600 -9600 175
88.99 34 GPS 0 55815934 339505503 0 5412 0 0 236624251 16 0
88.99 34 DESIRED -0. -0.01 0. 0. 23. 0.
88.99 34 IR_DEBUG 554 574 554 574
88.99 34 NAVIGATION 0 1 0 0 36 0. 0.
89.00 34 WP_MOVED 2 551981.375 3376075. 50.
89.00 34 PPRZ_MODE 0 0 3 0 0 1 0
89.43 34 GPS 0 55815934 339505503 0 5412 0 0 236624499 16 0
89.43 34 SVINFO 12 15 4 3 22 -9 104
89.43 34 ESTIMATOR 0. 0. 0. 0. 0.
89.43 34 COMMANDS 173,-31,-85,-787,-7746
89.43 34 NAVIGATION 0 1 0 0 36 0. 0.
89.43 34 ATTITUDE -2 0 -56
89.43 34 DL_VALUE 18 9300.
89.48 34 FBW_STATUS 0 0 117
89.48 34 RAD_OF_IR -4 0 0.00211
89.48 34 GPS 0 55815934 339505503 0 5412 0 0 236624751 16 0
89.48 34 IR_SENSORS -773 0 1
89.48 34 NAVIGATION 0 1 0 0 36 0. 0.
89.49 34 WP_MOVED 3 552041.875 3376020.5 50.
89.49 34 GYRO_RATES -117 -102 -94 1.021018 -0.890118 -0.820305
89.60 34 ESTIMATOR 0. 0. 0. 0. 0.
89.60 34 GPS 0 55815934 339505503 0 5412 0 0 236624999 16 0
89.68 34 NAVIGATION 0 1 0 0 36 0. 0.
89.68 34 ATTITUDE 0 0 -54
89.68 34 CALIB_START 
89.75 34 DOWNLINK_STATUS 89 23046 1469 0 441. 30.
90.01 34 DESIRED -0. -0.01 0. 0. 23. 0.
90.01 34 GPS 0 55815934 339505503 0 5412 0 0 236625251 16 0
90.01 34 NAVIGATION 0 1 0 0 36 0. 0.
90.06 34 WP_MOVED 4 552016. 3376052. 0.
90.06 34 ESTIMATOR 0. 0. 0. 0. 0.
90.20 34 GPS 0 55815934 339505503 0 5412 0 0 236625499 16 0
90.20 34 COMMANDS 165,-24,-100,-778,-7738
90.20 34 NAVIGATION 0 1 0 0 36 0. 0.
90.20 34 ATTITUDE 7 0 -64
90.20 34 DL_VALUE 19 3200.
90.20 34 FBW_STATUS 0 0 117
90.20 34 RAD_OF_IR 47 0 0.00211
90.28 34 IR_SENSORS -868 54 1
90.62 34 NAVIGATION 0 1 0 0 36 0. 0.
90.62 34 GPS 0 55815934 339505503 0 5412 0 0 236625751 16 0
90.62 34 SVINFO 1 31 12 3 41 67 243
90.62 34 WP_MOVED 0 552058. 3376094. 50.
90.62 34 GYRO_RATES -134 -120 -110 1.169371 -1.047198 -0.959931
90.72 34 ESTIMATOR 0. 0. 0. 0. 0.
90.72 34 BAT 172 117 0 0 61 0 0
90.72 34 NAVIGATION 0 1 0 0 36 0. 0.
90.72 34 ATTITUDE 12 0 -71
90.72 34 CALIB_START 
90.72 34 CALIBRATION 0. 0.023 0.064 0
90.72 34 GPS 0 55815934 339505503 0 5412 0 0 236625999 16 0
90.72 34 SERVO 9600 -9600 140
90.75 34 DOWNLINK_STATUS 90 23454 1495 0 408. 26.
90.90 34 DESIRED -0. -0.01 0. 0. 23. 0.
90.90 34 IR_DEBUG 664 566 664 566
90.90 34 NAVIGATION 0 1 0 0 36 0. 0.
90.90 34 GPS 0 55815934 339505503 0 5412 0 0 236626251 16 0
90.90 34 WP_MOVED 1 552016. 3376052. 50.
91.08 34 ESTIMATOR 0. 0. 0. 0. 0.
91.21 34 COMMANDS 177,-3,-85,-810,-7724
91.21 34 NAVIGATION 0 1 0 0 36 0. 0.
91.21 34 ATTITUDE 11 0 -69
91.21 34 DL_VALUE 20 20500.
91.21 34 GPS 0 55815881 339507298 14 5099 24 18 236626496 16 0
91.21 34 FBW_STATUS 0 0 117
91.21 34 RAD_OF_IR 75 0 0.00211
91.27 34 IR_SENSORS -858 74 1
91.27 34 NAVIGATION 0 1 0 0 36 0. 0.
91.60 34 WP_MOVED 2 551981.375 3376075. 50.
91.60 34 GYRO_RATES -284 -268 -259 2.478368 -2.338741 -2.260201
91.60 34 GPS 3 55815925 339507347 33 5243 88 12 236626748 16 0
91.70 34 ESTIMATOR 52.43 0.12 0.12 0.12 52.43
91.70 34 NAVIGATION 0 1 6143 19021 36 0. 399555872.
91.70 34 ATTITUDE 11 0 -74
91.70 34 CALIB_START 
91.70 34 TAKEOFF 123
91.70 34 GPS 3 55815931 339507374 48 5278 84 77 236627000 16 0
91.75 34 DOWNLINK_STATUS 91 23829 1519 0 375. 24.
91.77 34 DESIRED -0. -0.01 0. 0. 23. 0.
91.77 34 NAVIGATION 0 3 6143 19021 36 0. 399566848.
91.87 34 GPS 3 55815894 339507382 56 5236 67 49 236627248 16 0
91.87 34 WP_MOVED 3 552041.875 3376020.5 50.
91.90 34 ESTIMATOR 52.360001 0.49 0.49 0.49 52.360001
92.23 34 COMMANDS 176,49,-22,-800,-7726
92.23 34 NAVIGATION 1 0 6142 19021 36 0. 399565376.
92.23 34 ATTITUDE 10 0 -79
92.23 34 DL_VALUE 21 16400.
92.23 34 GPS 3 55815886 339507386 86 5237 69 105 236627500 16 0
92.23 34 SVINFO 8 14 13 6 40 53 26
92.23 34 FBW_STATUS 0 0 117
92.23 34 RAD_OF_IR 41 84 0.00211
92.23 34 NAVIGATION_REF 552016 3376052 16
92.26 34 IR_SENSORS -903 23 1
92.26 34 NAVIGATION 1 1 6142 19021 36 0. 399565856.
92.42 34 WP_MOVED 4 552016. 3376052. 0.
92.42 34 GYRO_RATES -206 -189 -182 1.797689 -1.649336 -1.58825
92.42 34 GPS 3 55815883 339507387 101 5267 28 70 236627748 16 0
92.42 34 ESTIMATOR 52.669998 0.7 0.7 0.7 52.669998
92.42 34 BAT 166 117 2 1 1 0 0
92.48 34 NAVIGATION 1 1 6142 19021 36 399121440. 399565888.
92.48 34 ATTITUDE 0 0 -82
92.48 34 CALIBRATION -0.133 0.023 0.064 0
92.70 34 GPS 3 55815881 339507386 27 5332 12 75 236628000 16 0
92.71 34 SVINFO 10 30 13 6 41 38 81
92.71 34 SERVO 9600 -9600 149
92.75 34 DOWNLINK_STATUS 92 24256 1546 0 427. 27.
92.77 34 DESIRED -0. -0.01 -35. 23. 50. -0.609
92.77 34 IR_DEBUG 651 676 651 676
92.77 34 NAVIGATION 1 1 6142 19021 36 399120832. 399565248.
92.80 34 WP_MOVED 0 552058. 3376094. 50.
92.80 34 GPS 3 55815873 339507381 3576 5387 20 76 236628248 16 0
92.86 34 ESTIMATOR 53.869999 0.76 0.76 0.76 53.869999
92.97 34 COMMANDS 164,-49,-122,-755,-7726
92.97 34 NAVIGATION 1 1 6142 19021 36 399118016. 399562400.
92.97 34 ATTITUDE 0 0 -83
92.97 34 DL_VALUE 22 17400.
92.98 34 FBW_STATUS 0 0 117
93.19 34 RAD_OF_IR 2 -146 0.00211
93.19 34 GPS 3 55815872 339507376 52 5413 34 55 236628500 16 0
93.40 34 ACTUATORS 1494,1502,0,1214,1460,1906
93.40 34 IR_SENSORS -929 -1 1
93.40 34 NAVIGATION 1 1 6142 19021 36 399115968. 399560384.
93.40 34 WP_MOVED 1 552016. 3376052. 50.
93.40 34 GYRO_RATES -39 -24 -15 0.340339 -0.20944 -0.1309
93.40 34 GPS 3 55815868 339507378 41 5424 9 37 236628748 16 0
93.41 34 NAVIGATION 1 1 6142 19021 36 399116192. 399560608.
93.41 34 ATTITUDE 8 0 -75
93.72 34 GPS 3 55815855 339507384 3592 5414 36 9 236629000 16 0
93.72 34 DESIRED -0. -0.01 -35. 23. 50. -0.967
93.75 34 DOWNLINK_STATUS 93 24644 1569 0 388. 23.
93.77 34 NAVIGATION 1 1 6142 19021 36 399116896. 399561312.
93.77 34 WP_MOVED 2 551981.375 3376075. 50.
93.77 34 PPRZ_MODE 0 3 3 0 0 1 0
93.80 34 GPS 3 55815847 339507382 3519 5413 20 29 236629248 16 0
93.80 34 ESTIMATOR 54.130001 0.29 0.29 0.29 54.130001
93.89 34 COMMANDS 174,-32,-93,-810,-7683
93.89 34 NAVIGATION 1 1 6142 19021 36 399115136. 399559616.
93.89 34 ATTITUDE 7 0 -65
93.89 34 DL_VALUE 23 0.
93.96 34 FBW_STATUS 0 0 117
93.96 34 RAD_OF_IR 24 -210 0.00211
94.19 34 GPS 3 55815841 339507381 3451 5404 23 25 236629500 16 0
94.28 34 IR_SENSORS -849 4 1
94.28 34 NAVIGATION 1 1 6142 19021 36 399114048. 399558496.
94.28 34 WP_MOVED 3 552041.875 3376020.5 50.
94.28 34 GYRO_RATES -167 -154 -143 1.45735 -1.343904 -1.24791
94.40 34 ESTIMATOR 54.040001 0.25 0.25 0.25 54.040001
94.40 34 BAT 165 117 4 1 3 2 0
94.40 34 GPS 3 55815704 339507352 3378 4749 39 -31 236629748 16 0
94.40 34 SVINFO 1 31 13 6 41 67 243
94.40 34 NAVIGATION 1 1 6141 19021 36 399086048. 399530592.
94.41 34 ATTITUDE -3 0 -73
94.41 34 CALIBRATION -1.401 0.023 0.064 0
94.45 34 SERVO 9600 -9600 170
94.75 34 DOWNLINK_STATUS 94 25006 1593 0 362. 24.
94.82 34 GPS 3 55815646 339507418 3310 4552 37 -12 236630000 16 0
94.82 34 SVINFO 2 22 13 7 42 56 129
94.82 34 DESIRED -0. -0.01 -35. 23. 50. 0.572
94.82 34 IR_DEBUG 610 660 610 660
94.82 34 NAVIGATION 1 1 6140 19022 36 399103968. 399548576.
94.82 34 WP_MOVED 4 552016. 3376052. 0.
94.90 34 ESTIMATOR 45.52 -0.12 -0.12 -0.12 45.52
94.90 34 GPS 3 55815681 339507517 3418 4868 50 -3 236630248 16 0
94.90 34 COMMANDS 180,-45,-69,-798,-7731
94.91 34 NAVIGATION 1 1 6140 19023 36 399145920. 399590528.
94.91 34 ATTITUDE -2 0 -76
94.91 34 DL_VALUE 24 11850.
94.91 34 FBW_STATUS 0 0 117
94.91 34 RAD_OF_IR -18 310 0.00211
94.99 34 IR_SENSORS -909 -11 1
95.33 34 GPS 3 55815728 339507619 3509 5223 31 58 236630500 16 0
95.33 34 SVINFO 4 18 13 6 34 23 133
95.33 34 NAVIGATION 1 1 6141 19024 36 399190496. 399635104.
95.33 34 WP_MOVED 0 552058. 3376094. 50.
95.33 34 GYRO_RATES -180 -163 -154 1.570796 -1.422443 -1.343904
95.40 34 ESTIMATOR 52.23 0.58 0.58 0.58 52.23
95.40 34 NAVIGATION 1 1 6141 19024 36 399190496. 399635104.
95.40 34 GPS 3 55815753 339507654 3565 5445 51 141 236630748 16 0
95.40 34 ATTITUDE -1 0 -81
95.46 34 DESIRED -0. -0.01 -35. 23. 50. -0.508
95.48 34 NAVIGATION 1 1 6141 19024 36 399206848. 399651488.
95.59 34 GPS 3 55815778 339507694 3595 5608 81 135 236631000 16 0
95.59 34 SVINFO 6 12 13 6 37 18 50
95.59 34 WP_MOVED 1 552016. 3376052. 50.
95.75 34 DOWNLINK_STATUS 95 25491 1622 0 485. 29.
95.78 34 ESTIMATOR 56.080002 1.35 1.35 1.35 56.080002
95.89 34 COMMANDS 169,-17,-96,-807,-7691
95.89 34 NAVIGATION 1 1 6141 19024 36 399225184. 399669792.
95.89 34 ATTITUDE -2 0 -76
95.89 34 DL_VALUE 25 10000.
95.89 34 GPS 3 55815796 339507725 36 5705 74 119 236631248 16 0
95.89 34 FBW_STATUS 0 0 117
95.89 34 RAD_OF_IR -12 117 0.00211
95.96 34 IR_SENSORS -895 -6 1
95.96 34 NAVIGATION 1 1 6141 19025 36 399239168. 399683808.
96.10 34 GPS 3 55815805 339507744 52 5781 8 51 236631500 16 0
96.10 34 SVINFO 8 14 13 6 40 53 26
96.10 34 WP_MOVED 2 551981.375 3376075. 50.
96.10 34 GYRO_RATES -144 -130 -121 1.256637 -1.134464 -1.055924
96.29 34 ESTIMATOR 57.810001 0.51 0.51 0.51 57.810001
96.29 34 BAT 169 117 6 1 5 4 1
96.38 34 NAVIGATION 1 1 6142 19025 36 399247488. 399692128.
96.38 34 ATTITUDE 3 0 -75
96.38 34 CALIBRATION -2.604 0.023 0.064 0
96.38 34 GPS 3 55815819 339507740 72 5819 47 119 236631748 16 0
96.39 34 SERVO 9600 -9600 169
96.47 34 DESIRED -0. -0.01 -35. 23. 50. -1.781
96.47 34 IR_DEBUG 653 620 653 620
96.47 34 NAVIGATION 1 1 6142 19025 36 399247744. 399692352.
96.48 34 WP_MOVED 3 552041.875 3376020.5 50.
96.60 34 GPS 3 55815816 339507776 121 5830 28 122 236632000 16 0
96.60 34 SVINFO 10 30 13 6 41 38 81
96.60 34 ESTIMATOR 58.299999 1.22 1.22 1.22 58.299999
96.75 34 DOWNLINK_STATUS 96 25939 1650 0 448. 28.
96.80 34 COMMANDS 198,71,-77,-835,-7808
96.80 34 NAVIGATION 1 1 6142 19025 36 399261056. 399705664.
96.80 34 ATTITUDE 3 0 -76
96.80 34 DL_VALUE 26 10000.
96.87 34 FBW_STATUS 0 0 117
96.87 34 GPS 3 55815814 339507791 162 5848 39 118 236632248 16 0
96.87 34 RAD_OF_IR 18 117 0.00211
96.90 34 IR_SENSORS -886 18 1
96.90 34 NAVIGATION 1 1 6142 19025 36 399266496. 399711136.
96.98 34 WP_MOVED 4 552016. 3376052. 0.
96.99 34 GYRO_RATES -155 -140 -132 1.35263 -1.22173 -1.151917
97.07 34 GPS 3 55815823 339507777 205 5895 10 70 236632500 16 0
97.07 34 ESTIMATOR 58.950001 0.7 0.7 0.7 58.950001
97.29 34 NAVIGATION 1 1 6142 19025 36 399262240. 399706880.
97.29 34 ATTITUDE 4 0 -74
97.32 34 GPS 3 55815815 339507785 233 5881 40 98 236632748 16 0
97.37 34 DESIRED -0. -0.01 -35. 23. 50. -2.
97.37 34 NAVIGATION 1 1 6142 19025 36 399264320. 399708960.
97.46 34 WP_MOVED 0 552058. 3376094. 50.
97.59 34 ESTIMATOR 58.810001 0.98 0.98 0.98 58.810001
97.59 34 GPS 3 55815824 339507792 271 5890 24 66 236633000 16 0
97.75 34 DOWNLINK_STATUS 97 26298 1671 0 359. 21.
97.80 34 COMMANDS 172,-23,-91,-825,-7713
97.80 34 NAVIGATION 1 1 6142 19025 36 399268096. 399712736.
97.80 34 ATTITUDE 6 0 -78
97.81 34 DL_VALUE 27 5500.
97.89 34 FBW_STATUS 0 0 117
97.89 34 RAD_OF_IR 49 107 0.00211
97.89 34 GPS 3 55815836 339507800 258 5887 31 74 236633248 16 0
97.89 34 ACTUATORS 1497,1502,0,1215,1460,1900
97.89 34 IR_SENSORS -900 52 1
97.89 34 NAVIGATION 1 1 6142 19026 36 399272640. 399717248.
97.97 34 WP_MOVED 1 552016. 3376052. 50.
97.97 34 GYRO_RATES -36 -21 -13 0.314159 -0.18326 -0.113446
98.33 34 ESTIMATOR 58.869999 0.74 0.74 0.74 58.869999
98.33 34 BAT 180 117 8 1 7 6 1
98.33 34 GPS 3 55815809 339507820 226 5862 20 78 236633500 16 0
98.33 34 SVINFO 0 32 13 6 34 20 317
98.33 34 NAVIGATION 1 1 6142 19026 36 399276864. 399721536.
98.33 34 ATTITUDE 9 0 -77
98.33 34 CALIBRATION -5.149 0.023 0.064 0
98.41 34 SERVO 9600 -9600 176
98.41 34 DESIRED -0. -0.01 -35. 23. 50. -1.965
98.41 34 IR_DEBUG 676 600 676 600
98.41 34 GPS 3 55815773 339507849 198 5832 4 30 236633748 16 0
98.41 34 SVINFO 1 31 13 6 42 67 243
98.41 34 NAVIGATION 1 1 6141 19026 36 399283456. 399728192.
98.41 34 WP_MOVED 2 551981.375 3376075. 50.
98.41 34 PPRZ_MODE 0 3 3 0 0 1 0
98.46 34 ESTIMATOR 58.32 0.3 0.3 0.3 58.32
98.76 34 DOWNLINK_STATUS 98 26721 1699 0 423. 28.
98.82 34 GPS 3 55815764 339507863 184 5815 32 57 236634000 16 0
98.82 34 SVINFO 2 22 13 6 42 56 129
98.82 34 COMMANDS 173,-15,-88,-782,-7798
98.82 34 NAVIGATION 1 1 6141 19026 36 399287712. 399732416.
98.82 34 ATTITUDE 9 0 -74
98.82 34 DL_VALUE 28 0.228
98.82 34 FBW_STATUS 0 0 117
98.82 34 RAD_OF_IR 45 -39 0.00211
98.87 34 IR_SENSORS -884 48 1
98.87 34 NAVIGATION 1 1 6141 19026 36 399287712. 399732416.
98.88 34 GPS 3 55815751 339507882 150 5805 17 51 236634248 16 0
98.88 34 WP_MOVED 3 552041.875 3376020.5 50.
98.89 34 GYRO_RATES -75 -60 -54 0.654498 -0.523599 -0.471239
98.96 34 ESTIMATOR 58.049999 0.51 0.51 0.51 58.049999
99.08 34 NAVIGATION 1 1 6141 19026 36 399293280. 399738048.
99.08 34 GPS 3 55815765 339507900 154 5812 16 45 236634500 16 0
99.08 34 SVINFO 4 18 13 6 37 23 133
99.08 34 ATTITUDE 8 0 -73
99.52 34 DESIRED -0. -0.01 -35. 23. 50. -1.835
99.52 34 NAVIGATION 1 1 6141 19027 36 399301888. 399746592.
99.52 34 GPS 3 55815744 339507920 207 5798 21 23 236634748 16 0
99.52 34 WP_MOVED 4 552016. 3376052. 0.
99.61 34 ESTIMATOR 57.98 0.23 0.23 0.23 57.98
99.61 34 COMMANDS 166,-85,-160,-752,-7724
99.61 34 NAVIGATION 1 1 6141 19027 36 399306816. 399751584.
99.61 34 ATTITUDE 7 0 -74
99.61 34 DL_VALUE 29 0.462
99.61 34 GPS 3 55815736 339507922 317 5784 29 -64 236635000 16 0
99.61 34 SVINFO 6 12 13 6 39 18 50
99.61 34 FBW_STATUS 0 0 117
99.66 34 IR_SENSORS -891 52 1
99.77 34 NAVIGATION 1 1 6141 19027 36 399306688. 399751424.
99.81 34 DOWNLINK_STATUS 99 27214 1731 0 493. 32.
100.03 34 WP_MOVED 0 552058. 3376094. 50.
100.03 34 GYRO_RATES -41 -26 -17 0.357792 -0.226893 -0.148353
100.03 34 GPS 3 55815733 339507916 268 5768 10 -22 236635248 16 0
100.03 34 SVINFO 7 11 13 6 34 12 298
100.03 34 ESTIMATOR 57.68 -0.22 -0.22 -0.22 57.68
100.03 34 BAT 173 117 10 1 9 8 1
100.10 34 NAVIGATION 1 1 6141 19027 36 399304000. 399748768.
100.10 34 ATTITUDE 9 0 -77
100.10 34 CALIBRATION -7.94 0.023 0.064 0
100.10 34 GPS 3 55815721 339507917 176 5758 12 -9 236635500 16 0
100.10 34 SVINFO 8 14 13 6 40 53 26
100.10 34 SERVO 9600 -9600 162
100.20 34 DESIRED -0. -0.01 -35. 23. 50. -1.751
100.20 34 IR_DEBUG 674 606 674 606
100.20 34 NAVIGATION 1 1 6141 19027 36 399302912. 399747648.
100.29 34 WP_MOVED 1 552016. 3376052. 50.
100.29 34 GPS 3 55815703 339507927 84 5756 10 -10 236635748 16 0
100.48 34 ESTIMATOR 57.560001 -0.1 -0.1 -0.1 57.560001
100.51 34 COMMANDS 168,-34,-97,-777,-7714
100.51 34 NAVIGATION 1 1 6141 19027 36 399304448. 399749248.
100.51 34 ATTITUDE 2 0 -77
100.51 34 DL_VALUE 30 0.
100.51 34 FBW_STATUS 0 0 117
100.58 34 RAD_OF_IR 9 -264 0.00211
100.58 34 NAVIGATION_REF 552016 3376052 16
100.58 34 GPS 3 55815691 339507930 3590 5749 22 15 236636000 16 0
100.58 34 SVINFO 10 30 13 7 42 38 81
100.65 34 IR_SENSORS -903 2 1
100.67 34 NAVIGATION 1 1 6140 19027 36 399304160. 399748960.
100.76 34 DOWNLINK_STATUS 100 27661 1760 0 447. 29.
101.03 34 WP_MOVED 2 551981.375 3376075. 50.
101.03 34 GYRO_RATES -69 -55 -46 0.602139 -0.479966 -0.401426
101.03 34 GPS 3 55815681 339507934 3574 5738 10 1 236636248 16 0
101.03 34 ESTIMATOR 57.380001 0.01 0.01 0.01 57.380001
101.03 34 NAVIGATION 1 1 6140 19027 36 399304384. 399749184.
101.03 34 ATTITUDE -1 0 -78
101.10 34 GPS 3 55815678 339507939 63 5729 16 22 236636500 16 0
101.10 34 DESIRED -0. -0.01 -35. 23. 50. -1.683
101.18 34 NAVIGATION 1 1 6140 19027 36 399305984. 399750784.
101.18 34 WP_MOVED 3 552041.875 3376020.5 50.
101.50 34 ESTIMATOR 57.290001 0.22 0.22 0.22 57.290001
101.53 34 GPS 3 55815680 339507942 44 5730 22 23 236636748 16 0
101.58 34 COMMANDS 172,-18,-94,-817,-7716
101.58 34 NAVIGATION 1 1 6140 19027 36 399307328. 399752128.
101.58 34 ATTITUDE 0 0 -79
101.58 34 DL_VALUE 31 0.023
101.58 34 FBW_STATUS 0 0 117
101.58 34 RAD_OF_IR 0 -54 0.00211
101.59 34 GPS 3 55815702 339507925 150 5726 14 2 236637000 16 0
101.60 34 IR_SENSORS -905 1 1
101.60 34 NAVIGATION 1 1 6141 19027 36 399303584. 399748384.
101.67 34 WP_MOVED 4 552016. 3376052. 0.
101.67 34 GYRO_RATES -53 -37 -29 0.462512 -0.322886 -0.253073
101.76 34 DOWNLINK_STATUS 101 28055 1783 0 394. 23.
101.81 34 ESTIMATOR 57.259998 0.02 0.02 0.02 57.259998
101.81 34 BAT 168 117 12 1 11 10 1
101.81 34 GPS 3 55815723 339507918 203 5730 25 -20 236637248 16 0
101.99 34 NAVIGATION 1 1 6141 19027 36 399303488. 399748288.
101.99 34 ATTITUDE 2 0 -77
101.99 34 CALIBRATION -7.933 0.023 0.064 0
102.22 34 SERVO 9600 -9600 221
102.22 34 DESIRED -0. -0.01 -35. 23. 50. -1.664
102.22 34 IR_DEBUG 654 634 654 634
102.22 34 GPS 3 55815748 339507914 262 5729 41 -12 236637500 16 0
102.22 34 SVINFO 0 32 13 6 35 20 317
102.22 34 NAVIGATION 1 1 6141 19027 36 399305120. 399749888.
102.22 34 WP_MOVED 0 552058. 3376094. 50.
102.53 34 ESTIMATOR 57.290001 -0.12 -0.12 -0.12 57.290001
102.53 34 GPS 3 55815763 339507909 306 5734 15 -12 236637748 16 0
102.53 34 SVINFO 1 31 13 7 42 67 243
102.53 34 COMMANDS 167,18,-53,-777,-7728
102.53 34 NAVIGATION 1 1 6141 19027 36 399305056. 399749760.
102.53 34 ATTITUDE 1 0 -77
102.53 34 DL_VALUE 32 0.001
102.53 34 FBW_STATUS 0 0 117
102.63 34 RAD_OF_IR 7 126 0.00211
102.63 34 ACTUATORS 1495,1503,0,1214,1461,1905
102.63 34 IR_SENSORS -900 6 1
102.63 34 NAVIGATION 1 1 6141 19027 36 399305056. 399749760.
102.63 34 GPS 3 55815775 339507906 356 5743 26 9 236638000 16 0
102.63 34 SVINFO 2 22 13 6 41 56 129
102.63 34 WP_MOVED 1 552016. 3376052. 50.
102.68 34 ESTIMATOR 57.43 0.09 0.09 0.09 57.43
102.77 34 DOWNLINK_STATUS 102 28508 1812 0 453. 29.
102.81 34 NAVIGATION 1 1 6141 19027 36 399305408. 399750112.
102.81 34 ATTITUDE 2 0 -75
102.81 34 GPS 3 55815784 339507908 440 5765 22 -11 236638248 16 0
103.08 34 DESIRED -0. -0.01 -35. 23. 50. -1.694
103.19 34 NAVIGATION 1 1 6141 19027 36 399307264. 399752000.
103.19 34 GPS 3 55815790 339507913 513 5775 13 -14 236638500 16 0
103.19 34 SVINFO 4 18 13 6 38 23 133
103.19 34 WP_MOVED 2 551981.375 3376075. 50.
103.19 34 PPRZ_MODE 0 3 3 0 0 1 0
103.20 34 ESTIMATOR 57.75 -0.14 -0.14 -0.14 57.75
103.31 34 COMMANDS 173,54,-52,-783,-7641
103.31 34 NAVIGATION 1 1 6141 19027 36 399309920. 399754656.
103.31 34 ATTITUDE 0 0 -75
103.31 34 DL_VALUE 33 0.01
103.31 34 GPS 3 55815789 339507924 478 5778 18 9 236638748 16 0
103.35 34 FBW_STATUS 0 0 117
103.50 34 RAD_OF_IR 4 -100 0.00211
103.50 34 IR_SENSORS -892 6 1
103.50 34 NAVIGATION 1 1 6141 19027 36 399313952. 399758688.
103.60 34 WP_MOVED 3 552041.875 3376020.5 50.
103.60 34 GYRO_RATES -42 -24 -17 0.366519 -0.20944 -0.148353
103.60 34 GPS 3 55815801 339507920 452 5785 7 -18 236639000 16 0
103.61 34 SVINFO 6 12 13 6 38 18 50
103.67 34 ESTIMATOR 57.849998 -0.18 -0.18 -0.18 57.849998
103.67 34 BAT 176 117 14 1 13 12 1
103.77 34 DOWNLINK_STATUS 103 28910 1837 0 402. 25.
104.02 34 NAVIGATION 1 1 6142 19027 36 399313856. 399758592.
104.02 34 ATTITUDE 0 0 -76
104.02 34 CALIBRATION -7.561 0.023 0.064 0
104.02 34 GPS 3 55815805 339507921 454 5784 20 -14 236639248 16 0
104.02 34 SVINFO 7 11 13 6 36 12 298
104.02 34 SERVO 9600 -9600 169
104.11 34 DESIRED -0. -0.01 -35. 23. 50. -1.79
104.11 34 IR_DEBUG 641 636 641 636
104.11 34 NAVIGATION 1 1 6142 19027 36 399314816. 399759520.
104.11 34 WP_MOVED 4 552016. 3376052. 0.
104.11 34 GPS 3 55815810 339507917 482 5785 3 4 236639500 16 0
104.11 34 SVINFO 8 14 13 6 40 53 26
104.22 34 COMMANDS 214,-82,-4,-798,-7731
104.23 34 NAVIGATION 1 1 6142 19027 36 399313888. 399758592.
104.23 34 ATTITUDE 0 0 -76
104.23 34 DL_VALUE 34 1.
104.30 34 FBW_STATUS 0 0 117
104.30 34 RAD_OF_IR -5 79 0.00211
104.30 34 GPS 3 55815814 339507908 486 5790 5 -5 236639749 16 0
104.48 34 IR_SENSORS -893 -7 1
104.51 34 NAVIGATION 1 1 6142 19027 36 399310976. 399755680.
104.51 34 WP_MOVED 0 552058. 3376094. 50.
104.51 34 GYRO_RATES -39 -22 -16 0.340339 -0.191986 -0.139626
104.59 34 GPS 3 55815811 339507910 438 5798 14 14 236640001 16 0
104.59 34 SVINFO 10 30 13 7 42 38 81
104.59 34 ESTIMATOR 57.98 0.14 0.14 0.14 57.98
104.66 34 NAVIGATION 1 1 6142 19027 36 399311328. 399756032.
104.66 34 ATTITUDE 0 0 -76
104.77 34 DOWNLINK_STATUS 104 29336 1865 0 426. 28.
104.81 34 GPS 3 55815812 339507916 403 5809 3 -39 236640249 16 0
104.99 34 DESIRED -0. -0.01 -35. 23. 50. -1.819
104.99 34 NAVIGATION 1 1 6142 19027 36 399313760. 399758464.
105.08 34 WP_MOVED 1 552016. 3376052. 50.
105.08 34 ESTIMATOR 58.09 -0.39 -0.39 -0.39 58.09
105.08 34 GPS 3 55815819 339507911 473 5813 17 -28 236640501 16 0
105.17 34 COMMANDS 151,-14,-88,-747,-7783
105.17 34 NAVIGATION 1 1 6142 19027 36 399312704. 399757376.
105.17 34 ATTITUDE 3 0 -72
105.17 34 DL_VALUE 35 0.
105.17 34 FBW_STATUS 0 0 117
105.20 34 RAD_OF_IR 26 198 0.00211
105.30 34 GPS 3 55815825 339507906 503 5819 32 26 236640749 16 0
105.30 34 IR_SENSORS -865 29 1
105.48 34 NAVIGATION 1 1 6142 19027 36 399311584. 399756256.
105.61 34 WP_MOVED 2 551981.375 3376075. 50.
105.61 34 GYRO_RATES -42 -25 -16 0.366519 -0.218166 -0.139626
105.61 34 ESTIMATOR 58.189999 0.26 0.26 0.26 58.189999
105.61 34 BAT 164 117 16 1 15 14 1
105.61 34 GPS 3 55815828 339507903 580 5825 28 -58 236641001 16 0
105.61 34 NAVIGATION 1 1 6142 19027 36 399310784. 399755456.
105.61 34 ATTITUDE 9 0 -72
105.61 34 CALIBRATION -7.691 0.023 0.064 0
105.71 34 SERVO 9600 -9600 166
105.78 34 DOWNLINK_STATUS 105 29732 1889 0 396. 24.
106.02 34 DESIRED -0. -0.01 -35. 23. 50. -1.881
106.02 34 IR_DEBUG 675 552 675 552
106.02 34 GPS 3 55815831 339507895 644 5826 23 -38 236641249 16 0
106.02 34 NAVIGATION 1 1 6142 19026 36 399308064. 399752768.
106.02 34 WP_MOVED 3 552041.875 3376020.5 50.
106.21 34 ESTIMATOR 58.259998 -0.38 -0.38 -0.38 58.259998
106.23 34 GPS 3 55815841 339507882 698 5825 49 -24 236641501 16 0
106.23 34 SVINFO 0 32 13 6 34 20 317
106.23 34 COMMANDS 163,-18,-100,-767,-7719
106.24 34 NAVIGATION 1 1 6142 19026 36 399304416. 399749120.
106.24 34 ATTITUDE 13 0 -71
106.24 34 DL_VALUE 36 0.
106.24 34 FBW_STATUS 0 0 117
106.24 34 RAD_OF_IR 95 152 0.00211
106.52 34 IR_SENSORS -858 120 1
106.52 34 NAVIGATION 1 1 6142 19026 36 399304416. 399749120.
106.52 34 GPS 3 55815851 339507872 722 5833 4 -29 236641749 16 0
106.52 34 SVINFO 1 31 13 7 42 68 243
106.52 34 WP_MOVED 4 552016. 3376052. 0.
106.52 34 GYRO_RATES -38 -22 -13 0.331613 -0.191986 -0.113446
106.59 34 ESTIMATOR 58.330002 -0.29 -0.29 -0.29 58.330002
106.59 34 NAVIGATION 1 1 6142 19026 36 399301888. 399746528.
106.59 34 ATTITUDE 23 0 -73
106.59 34 GPS 3 55815864 339507864 824 5843 13 8 236642001 16 0
106.59 34 SVINFO 2 22 13 7 43 56 129
106.78 34 DOWNLINK_STATUS 106 30131 1914 0 399. 25.
107.01 34 DESIRED -0. -0.01 -35. 23. 50. -1.899
107.01 34 NAVIGATION 1 1 6142 19026 36 399300448. 399745088.
107.01 34 GPS 3 55815879 339507859 786 5850 28 49 236642249 16 0
107.01 34 WP_MOVED 0 552058. 3376094. 50.
107.11 34 ESTIMATOR 58.5 0.49 0.49 0.49 58.5
107.11 34 COMMANDS 140,-34,-91,-713,-7738
107.11 34 NAVIGATION 1 1 6142 19026 36 399300384. 399744992.
107.11 34 ATTITUDE 33 0 -73
107.11 34 DL_VALUE 37 0.1
107.11 34 GPS 3 55815889 339507854 788 5852 14 -57 236642501 16 0
107.11 34 SVINFO 4 18 13 7 41 23 133
107.11 34 FBW_STATUS 0 0 117
107.16 34 ACTUATORS 1494,1502,0,1214,1460,1903
107.16 34 IR_SENSORS -842 201 1
107.26 34 NAVIGATION 1 1 6142 19026 36 399299648. 399744288.
107.52 34 WP_MOVED 1 552016. 3376052. 50.
107.52 34 GYRO_RATES -204 -190 -181 1.780236 -1.658063 -1.579523
107.52 34 GPS 3 55815893 339507864 796 5861 45 17 236642749 16 0
107.52 34 ESTIMATOR 58.610001 0.17 0.17 0.17 58.610001
107.52 34 BAT 161 117 18 1 17 16 1
107.59 34 NAVIGATION 1 1 6142 19026 36 399304032. 399748640.
107.59 34 ATTITUDE 24 0 -71
107.59 34 CALIBRATION -8.121 0.023 0.064 0
107.59 34 GPS 3 55815902 339507881 802 5883 72 63 236643001 16 0
107.59 34 SVINFO 6 12 13 7 36 18 50
107.59 34 SERVO 9600 -9600 187
107.71 34 DESIRED -0. -0.01 -35. 23. 50. -1.963
107.71 34 IR_DEBUG 705 571 705 571
107.71 34 NAVIGATION 1 1 6143 19026 36 399311616. 399756224.
107.79 34 DOWNLINK_STATUS 107 30606 1943 0 475. 29.
107.81 34 WP_MOVED 2 551981.375 3376075. 50.
107.81 34 PPRZ_MODE 0 3 3 0 0 1 0
107.81 34 GPS 3 55815907 339507894 822 5911 37 55 236643249 16 0
107.81 34 SVINFO 7 11 12 4 23 12 298
107.98 34 ESTIMATOR 59.110001 0.55 0.55 0.55 59.110001
108.12 34 COMMANDS 167,-35,-108,-773,-7728
108.12 34 NAVIGATION 1 1 6143 19026 36 399317120. 399761728.
108.12 34 ATTITUDE 14 0 -81
108.12 34 DL_VALUE 38 0.
108.12 34 FBW_STATUS 0 0 117
108.12 34 GPS 3 55815917 339507895 825 5933 61 63 236643501 16 0
108.12 34 SVINFO 8 14 13 7 37 53 26
108.12 34 RAD_OF_IR 68 8 0.00211
108.12 34 IR_SENSORS -984 56 1
108.16 34 NAVIGATION 1 1 6143 19026 36 399318688. 399763328.
108.29 34 WP_MOVED 3 552041.875 3376020.5 50.
108.33 34 GYRO_RATES -279 -264 -256 2.434734 -2.303835 -2.234021
108.33 34 GPS 3 55815927 339507897 859 5969 90 143 236643749 16 0
108.48 34 ESTIMATOR 59.689999 1.43 1.43 1.43 59.689999
108.62 34 NAVIGATION 1 1 6143 19026 36 399320768. 399765376.
108.62 34 ATTITUDE -2 0 -91
108.62 34 GPS 3 55815950 339507936 855 6043 76 175 236644001 16 0
108.62 34 SVINFO 10 30 13 7 44 38 81
108.62 34 DESIRED -0. -0.01 -35. 23. 50. -2.
108.68 34 NAVIGATION 1 1 6143 19027 36 399338400. 399783008.
108.68 34 WP_MOVED 4 552016. 3376052. 0.
108.79 34 DOWNLINK_STATUS 108 31019 1969 0 413. 26.
108.99 34 GPS 3 55815954 339507962 740 6087 150 177 236644249 16 0
109.00 34 ESTIMATOR 60.869999 1.77 1.77 1.77 60.869999
109.11 34 COMMANDS 171,112,-17,-778,-7649
109.11 34 NAVIGATION 1 1 6143 19027 36 399348736. 399793376.
109.11 34 ATTITUDE -13 0 -5
109.11 34 DL_VALUE 39 0.064
109.11 34 FBW_STATUS 0 0 117
109.11 34 RAD_OF_IR -73 -330 0.00211
109.11 34 NAVIGATION_REF 552016 3376052 16
109.11 34 GPS 3 55815930 339507997 3137 6119 198 86 236644501 16 0
109.11 34 IR_SENSORS -443 -79 1
109.17 34 WP_MOVED 0 552058. 3376094. 50.
109.17 34 GYRO_RATES -289 -274 -265 2.522001 -2.391101 -2.312561
109.31 34 ESTIMATOR 61.189999 0.86 0.86 0.86 61.189999
109.35 34 BAT 200 117 20 1 19 18 1
109.35 34 GPS 3 55815889 339508015 2808 6111 234 -63 236644749 16 0
109.49 34 NAVIGATION 1 1 6142 19028 36 399360896. 399805600.
109.49 34 ATTITUDE -10 0 9
109.49 34 CALIBRATION -9.019 0.023 0.064 0
109.71 34 SERVO 9600 -9600 128
109.71 34 GPS 3 55815876 339508020 2512 6077 154 -106 236645001 16 0
109.72 34 DESIRED -0. -0.01 -35. 23. 50. -2.
109.72 34 IR_DEBUG 256 336 256 336
109.72 34 NAVIGATION 1 1 6142 19028 36 399361152. 399805856.
109.72 34 WP_MOVED 1 552016. 3376052. 50.
109.77 34 ESTIMATOR 60.77 -1.06 -1.06 -1.06 60.77
109.79 34 DOWNLINK_STATUS 109 31440 1995 0 421. 26.
109.99 34 GPS 3 55815848 339507992 2281 6064 155 -38 236645249 16 0
110.00 34 COMMANDS 159,-34,-108,-790,-7729
110.00 34 NAVIGATION 1 1 6142 19027 36 399347072. 399791776.
110.00 34 ATTITUDE -10 0 5
110.00 34 DL_VALUE 40 1.
110.00 34 FBW_STATUS 0 0 117
110.00 34 RAD_OF_IR -60 -664 0.00211
110.00 34 IR_SENSORS -455 -59 1
110.19 34 GPS 3 55815824 339507967 2211 6065 124 37 236645501 16 0
110.19 34 NAVIGATION 1 1 6142 19027 36 399334624. 399779328.
110.19 34 WP_MOVED 2 551981.375 3376075. 50.
110.19 34 GYRO_RATES -8 6 15 0.069813 0.05236 0.1309
110.21 34 ESTIMATOR 60.650002 0.37 0.37 0.37 60.650002
110.40 34 GPS 3 55815811 339507954 2216 6065 87 -4 236645749 16 0
110.40 34 NAVIGATION 1 1 6142 19027 36 399328032. 399772736.
110.40 34 ATTITUDE -2 0 -5
110.46 34 DESIRED -0. -0.01 -35. 23. 50. -2.
110.58 34 NAVIGATION 1 1 6142 19027 36 399328032. 399772736.
110.58 34 GPS 0 55815794 339507940 2221 6064 87 -4 236646001 16 0
110.59 34 SVINFO 2 22 13 4 28 56 129
110.59 34 WP_MOVED 3 552041.875 3376020.5 50.
110.66 34 ESTIMATOR 60.650002 -0.04 -0.04 -0.04 60.650002
110.79 34 DOWNLINK_STATUS 110 31809 2017 0 369. 22.
110.91 34 COMMANDS 167,-15,-88,-780,-7721
110.91 34 NAVIGATION 1 1 6142 19027 36 399328032. 399772736.
110.91 34 ATTITUDE -7 0 4
110.91 34 DL_VALUE 41 0.
110.91 34 GPS 0 55815778 339507926 2226 6063 87 -4 236646249 16 0
110.97 34 FBW_STATUS 0 0 117
110.97 34 RAD_OF_IR -39 14 0.00211
110.97 34 IR_SENSORS -450 -39 1
110.97 34 NAVIGATION 1 1 6142 19027 36 399328032. 399772736.
111.08 34 GPS 0 55815761 339507911 2230 6062 87 -4 236646501 16 0
111.09 34 SVINFO 4 18 13 4 33 23 133
111.09 34 WP_MOVED 4 552016. 3376052. 0.
111.09 34 GYRO_RATES -161 -146 -137 1.40499 -1.27409 -1.195551
111.17 34 ESTIMATOR 60.650002 -0.04 -0.04 -0.04 60.650002
111.17 34 BAT 128 117 22 1 21 20 1
111.41 34 NAVIGATION 1 1 6142 19027 36 399328032. 399772736.
111.45 34 ATTITUDE -7 0 3
111.45 34 CALIBRATION -9.997 0.023 0.064 0
111.45 34 GPS 0 55815745 339507897 2234 6061 87 -4 236646749 16 0
111.48 34 SERVO 9600 -9600 184
111.48 34 DESIRED -0. -0.01 -35. 23. 50. -2.
111.48 34 IR_DEBUG 293 354 293 354
111.48 34 NAVIGATION 1 1 6142 19027 36 399328032. 399772736.
111.79 34 DOWNLINK_STATUS 111 32161 2040 0 352. 23.
112.79 34 DOWNLINK_STATUS 112 32161 2040 0 0. 0.
113.79 34 DOWNLINK_STATUS 113 32161 2040 0 0. 0.
114.79 34 DOWNLINK_STATUS 114 32161 2040 0 0. 0.
115.79 34 DOWNLINK_STATUS 115 32161 2040 0 0. 0.
116.79 34 DOWNLINK_STATUS 116 32161 2040 0 0. 0.
117.79 34 DOWNLINK_STATUS 117 32161 2040 0 0. 0.
118.79 34 DOWNLINK_STATUS 118 32161 2040 0 0. 0.
119.79 34 DOWNLINK_STATUS 119 32161 2040 0 0. 0.
120.79 34 DOWNLINK_STATUS 120 32161 2040 0 0. 0.
121.79 34 DOWNLINK_STATUS 121 32161 2040 0 0. 0.
122.79 34 DOWNLINK_STATUS 122 32161 2040 0 0. 0.
123.79 34 DOWNLINK_STATUS 123 32161 2040 0 0. 0.
124.79 34 DOWNLINK_STATUS 124 32161 2040 0 0. 0.
125.79 34 DOWNLINK_STATUS 125 32161 2040 0 0. 0.
126.79 34 DOWNLINK_STATUS 126 32161 2040 0 0. 0.
127.79 34 DOWNLINK_STATUS 127 32161 2040 0 0. 0.
128.79 34 DOWNLINK_STATUS 128 32161 2040 0 0. 0.
129.79 34 DOWNLINK_STATUS 129 32161 2040 0 0. 0.
130.80 34 DOWNLINK_STATUS 130 32161 2040 0 0. 0.
131.80 34 DOWNLINK_STATUS 131 32161 2040 0 0. 0.
132.80 34 DOWNLINK_STATUS 132 32161 2040 0 0. 0.
133.80 34 DOWNLINK_STATUS 133 32161 2040 0 0. 0.
134.80 34 DOWNLINK_STATUS 134 32161 2040 0 0. 0.
135.80 34 DOWNLINK_STATUS 135 32161 2040 0 0. 0.
136.80 34 DOWNLINK_STATUS 136 32161 2040 0 0. 0.
