20.81 21 ESTIMATOR 700. 0. 0. 0. 0.
20.85 21 BAT 0 121 0 0 0 0 0
20.85 21 FBW_STATUS 2 1 121
20.85 21 DOWNLINK_STATUS 19 59 6 0 59. 6.
20.90 21 ESTIMATOR 709.274475 -0.248806 927.450012 -24.880562 917.460022
20.92 21 BAT 0 121 0 0 2 2 0
20.95 21 CALIBRATION -3.66 0.037 0.5 2
20.99 21 NAVIGATION 0 0 0 0 286 0. 570986.7
21.02 21 WP_MOVED 2 358071. 4822161. 0.
21.04 21 SERVO 9600 -9600 0
21.14 21 DESIRED 0. 0. 0. 0. 700. -2.
21.20 21 NAVIGATION 0 0 0 0 286 0. 570986.7
21.21 21 ATTITUDE 0 0 0
21.32 21 ESTIMATOR 709.260986 -0.007613 926.100037 -0.761299 914.669983
21.39 21 DL_VALUE 2 0.
21.43 21 NAVIGATION 0 0 0 0 286 0. 570986.7
21.48 21 WP_MOVED 0 358113. 4822203. 702.
21.65 21 COMMANDS 0,-9600,9600,-9600,0
21.69 21 NAVIGATION 0 0 0 0 286 0. 570986.7
21.71 21 ATTITUDE 0 0 0
21.74 21 GYRO_RATES -154 -178 -149 1.343904 -1.553343 1.30027
21.76 21 FBW_STATUS 2 1 121
21.79 21 ESTIMATOR 709.22052 -0.038502 922.049988 -3.850174 914.309937
21.85 21 DOWNLINK_STATUS 20 351 25 0 292. 19.
21.90 21 NAVIGATION 0 0 0 0 286 0. 570986.7
21.95 21 WP_MOVED 1 358824.90625 4822110. 702.
22.07 21 DESIRED 0. 0. 0. 0. 700. -2.
22.14 21 NAVIGATION 0 0 0 0 286 0. 570986.7
22.15 21 ATTITUDE 0 0 0
22.26 21 ESTIMATOR 709.193481 -0.039341 919.350037 -3.934059 915.390015
22.32 21 DL_VALUE 3 0.
22.38 21 NAVIGATION 0 0 0 0 286 0. 570986.7
22.42 21 WP_MOVED 2 358071. 4822161. 0.
22.59 21 COMMANDS 0,-9600,9600,-9600,0
22.62 21 NAVIGATION 0 0 0 0 286 0. 570986.7
22.64 21 ATTITUDE 0 0 0
22.68 21 GYRO_RATES -161 -187 -157 1.40499 -1.631883 1.370083
22.70 21 FBW_STATUS 2 1 121
22.73 21 ESTIMATOR 709.072021 -0.009423 907.200012 -0.942307 916.02002
22.75 21 BAT 0 121 0 0 4 4 0
22.80 21 CALIBRATION -7.318 0.037 0.5 2
22.84 21 NAVIGATION 0 0 0 0 286 0. 570986.7
22.85 21 DOWNLINK_STATUS 21 631 43 0 280. 18.
22.90 21 WP_MOVED 0 358113. 4822203. 702.
22.94 21 SERVO 9600 -9600 0
23.01 21 DESIRED 0. 0. 0. 0. 700. -2.
23.07 21 NAVIGATION 0 0 0 0 286 0. 570986.7
23.09 21 ATTITUDE 0 0 0
23.19 21 ESTIMATOR 709.044983 0.031779 904.5 3.177948 915.210022
23.25 21 DL_VALUE 4 2.
23.30 21 NAVIGATION 0 0 0 0 286 0. 570986.7
23.35 21 WP_MOVED 1 358824.90625 4822110. 702.
23.53 21 COMMANDS 0,-9600,9600,-9600,0
23.56 21 NAVIGATION 0 0 0 0 286 0. 570986.7
23.58 21 ATTITUDE 0 0 0
23.62 21 GYRO_RATES -164 -190 -158 1.43117 -1.658063 1.37881
23.64 21 FBW_STATUS 2 1 121
23.67 21 ESTIMATOR 709.08551 0.074114 908.549988 7.411385 916.830017
23.72 21 ACTUATORS 1500,1500,0,1200,1000,2000
23.77 21 NAVIGATION 0 0 0 0 286 0. 570986.7
23.82 21 WP_MOVED 2 358071. 4822161. 0.
23.86 21 DOWNLINK_STATUS 22 902 61 0 271. 18.
23.95 21 DESIRED 0. 0. 0. 0. 700. -2.
24.01 21 NAVIGATION 0 0 0 0 286 0. 570986.7
24.02 21 ATTITUDE 0 0 0
24.05 21 PPRZ_MODE 2 3 1 0 0 6 0
24.12 21 ESTIMATOR 709.08551 0.03923 908.549988 3.923035 916.830017
24.18 21 DL_VALUE 5 0.
24.24 21 NAVIGATION 0 0 0 0 286 0. 570986.7
24.30 21 WP_MOVED 0 358113. 4822203. 702.
24.46 21 COMMANDS 0,-9600,9600,-9600,0
24.50 21 NAVIGATION 0 0 0 0 286 0. 570986.7
24.52 21 ATTITUDE 0 0 0
24.56 21 GYRO_RATES -155 -181 -151 1.35263 -1.579523 1.317724
24.57 21 FBW_STATUS 2 1 121
24.61 21 ESTIMATOR 709.22052 0.030618 922.049988 3.06179 915.659912
24.62 21 BAT 0 121 0 0 6 6 0
24.67 21 CALIBRATION -9.169 0.037 0.5 2
24.71 21 NAVIGATION 0 0 0 0 286 0. 570986.7
24.76 21 WP_MOVED 1 358824.90625 4822110. 702.
24.78 21 SERVO 9600 -9600 0
24.86 21 DOWNLINK_STATUS 23 1181 80 0 279. 19.
24.90 21 DESIRED 0. 0. 0. 0. 700. -2.
24.95 21 NAVIGATION 0 0 0 0 286 0. 570986.7
24.96 21 ATTITUDE 0 0 0
25.07 21 ESTIMATOR 709.274475 -0.042443 927.450012 -4.244308 915.300049
25.12 21 DL_VALUE 6 0.
25.18 21 NAVIGATION 0 0 0 0 286 0. 570986.7
25.23 21 WP_MOVED 2 358071. 4822161. 0.
25.40 21 COMMANDS 0,-9600,9600,-9600,0
25.44 21 NAVIGATION 0 0 0 0 286 0. 570986.7
25.45 21 ATTITUDE 0 0 0
25.49 21 GYRO_RATES -152 -178 -147 1.32645 -1.553343 1.282817
25.51 21 FBW_STATUS 2 1 121
25.54 21 ESTIMATOR 709.234009 -0.036479 923.400024 -3.647881 915.120056
25.65 21 NAVIGATION 0 0 0 0 286 0. 570986.7
25.70 21 WP_MOVED 0 358113. 4822203. 702.
25.82 21 DESIRED 0. 0. 0. 0. 700. -2.
25.87 21 DOWNLINK_STATUS 24 1440 96 0 259. 16.
25.89 21 NAVIGATION 0 0 0 0 286 0. 570986.7
25.91 21 ATTITUDE 0 0 0
26.02 21 ESTIMATOR 709.193481 -0.074088 919.350037 -7.408752 914.760132
26.07 21 DL_VALUE 7 0.
26.11 21 NAVIGATION 0 0 0 0 286 0. 570986.7
26.17 21 WP_MOVED 1 358824.90625 4822110. 702.
26.34 21 COMMANDS 0,-9600,9600,-9600,0
26.38 21 NAVIGATION 0 0 0 0 286 0. 570986.7
26.39 21 ATTITUDE 0 0 0
26.43 21 GYRO_RATES -163 -188 -158 1.422443 -1.64061 1.37881
26.46 21 FBW_STATUS 2 1 121
26.48 21 ESTIMATOR 709.08551 -0.00845 908.549988 -0.844955 914.759949
26.51 21 BAT 0 121 0 0 7 7 0
26.54 21 CALIBRATION -9.16 0.037 0.5 2
26.59 21 NAVIGATION 0 0 0 0 286 0. 570986.7
26.64 21 WP_MOVED 2 358071. 4822161. 0.
26.65 21 SERVO 9600 -9600 0
26.76 21 DESIRED 0. 0. 0. 0. 700. -2.
26.82 21 NAVIGATION 0 0 0 0 286 0. 570986.7
26.86 21 ATTITUDE 0 0 0
26.86 21 DOWNLINK_STATUS 25 1736 116 0 296. 20.
26.94 21 ESTIMATOR 709.031494 0.082888 903.150024 8.288803 916.290039
26.99 21 DL_VALUE 8 0.
27.05 21 NAVIGATION 0 0 0 0 286 0. 570986.7
27.11 21 WP_MOVED 0 358113. 4822203. 702.
27.29 21 COMMANDS 0,-9600,9600,-9600,0
27.31 21 NAVIGATION 0 0 0 0 286 0. 570986.7
27.35 21 ATTITUDE 0 0 0
27.36 21 GYRO_RATES -165 -191 -160 1.439897 -1.666789 1.396263
27.38 21 FBW_STATUS 2 1 121
27.41 21 ESTIMATOR 709.072021 -0.005913 907.200012 -0.591316 916.110107
27.52 21 NAVIGATION 0 0 0 0 286 0. 570986.7
27.58 21 WP_MOVED 1 358824.90625 4822110. 702.
27.70 21 DESIRED 0. 0. 0. 0. 700. -2.
27.76 21 NAVIGATION 0 0 0 0 286 0. 570986.7
27.77 21 ATTITUDE 0 0 0
27.86 21 DOWNLINK_STATUS 26 1969 131 0 233. 15.
27.91 21 ESTIMATOR 709.112488 0.077946 911.25 7.794647 915.659973
27.93 21 DL_VALUE 9 466.
28.00 21 NAVIGATION 0 0 0 0 286 0. 570986.7
28.05 21 WP_MOVED 2 358071. 4822161. 0.
28.07 21 NAVIGATION_REF 358071 4822161 31
28.22 21 COMMANDS 0,-9600,9600,-9600,0
28.25 21 NAVIGATION 0 0 0 0 286 0. 570986.7
28.27 21 ATTITUDE 0 0 0
28.30 21 GYRO_RATES -154 -180 -148 1.343904 -1.570796 1.291544
28.31 21 FBW_STATUS 2 1 121
28.35 21 ESTIMATOR 709.247498 0.031618 924.75 3.16185 917.01001
28.37 21 BAT 0 121 0 0 9 9 0
28.40 21 ACTUATORS 1500,1500,0,1200,1000,2000
28.43 21 CALIBRATION -9.149 0.037 0.5 2
28.46 21 NAVIGATION 0 0 0 0 286 0. 570986.7
28.51 21 WP_MOVED 0 358113. 4822203. 702.
28.53 21 SERVO 9600 -9600 0
28.63 21 DESIRED 0. 0. 0. 0. 700. -2.
28.69 21 NAVIGATION 0 0 0 0 286 0. 570986.7
28.71 21 ATTITUDE 0 0 0
28.73 21 PPRZ_MODE 2 3 1 0 0 6 0
28.82 21 ESTIMATOR 709.274475 -0.073331 927.450012 -7.333107 916.110107
28.86 21 DOWNLINK_STATUS 27 2296 153 0 327. 22.
28.87 21 DL_VALUE 10 492.
28.93 21 NAVIGATION 0 0 0 0 286 0. 570986.7
28.98 21 WP_MOVED 1 358824.90625 4822110. 702.
29.16 21 COMMANDS 0,-9600,9600,-9600,0
29.19 21 NAVIGATION 0 0 0 0 286 0. 570986.7
29.20 21 ATTITUDE 0 0 0
29.25 21 GYRO_RATES -153 -178 -147 1.335177 -1.553343 1.282817
29.25 21 FBW_STATUS 2 1 121
29.29 21 ESTIMATOR 709.22052 -0.020168 922.049988 -2.016754 914.76001
29.40 21 NAVIGATION 0 0 0 0 286 0. 570986.7
29.46 21 WP_MOVED 2 358071. 4822161. 0.
29.57 21 DESIRED 0. 0. 0. 0. 700. -2.
29.64 21 NAVIGATION 0 0 0 0 286 0. 570986.7
29.65 21 ATTITUDE 0 0 0
29.76 21 ESTIMATOR 709.20697 -0.041311 920.700012 -4.131088 915.299927
29.81 21 DL_VALUE 11 461.
29.87 21 NAVIGATION 0 0 0 0 286 0. 570986.7
29.91 21 DOWNLINK_STATUS 28 2554 170 0 258. 17.
29.93 21 WP_MOVED 0 358113. 4822203. 702.
30.09 21 COMMANDS 0,-9600,9600,-9600,0
30.12 21 NAVIGATION 0 0 0 0 286 0. 570986.7
30.14 21 ATTITUDE 0 0 0
30.17 21 GYRO_RATES -161 -187 -157 1.40499 -1.631883 1.370083
30.19 21 FBW_STATUS 2 1 121
30.22 21 ESTIMATOR 709.112488 -0.036314 911.25 -3.631439 915.840088
30.25 21 BAT 0 121 0 0 11 11 0
30.30 21 CALIBRATION -9.162 0.037 0.5 2
30.33 21 NAVIGATION 0 0 0 0 286 0. 570986.7
30.39 21 WP_MOVED 1 358824.90625 4822110. 702.
30.40 21 SERVO 9600 -9600 0
30.51 21 DESIRED 0. 0. 0. 0. 700. -2.
30.57 21 NAVIGATION 0 0 0 0 286 0. 570986.7
30.59 21 ATTITUDE 0 0 0
30.69 21 ESTIMATOR 709.044983 0.026056 904.5 2.605553 915.840088
30.74 21 DL_VALUE 12 1.35
30.80 21 NAVIGATION 0 0 0 0 286 0. 570986.7
30.86 21 WP_MOVED 2 358071. 4822161. 0.
30.90 21 DOWNLINK_STATUS 29 2839 189 0 285. 19.
31.03 21 COMMANDS 0,-9600,9600,-9600,0
31.06 21 NAVIGATION 0 0 0 0 286 0. 570986.7
31.08 21 ATTITUDE 0 0 0
31.12 21 GYRO_RATES -164 -190 -159 1.43117 -1.658063 1.387537
31.13 21 FBW_STATUS 2 1 121
31.16 21 ESTIMATOR 709.08551 0.065447 908.549988 6.544724 917.01001
31.27 21 NAVIGATION 0 0 0 0 286 0. 570986.7
31.33 21 WP_MOVED 0 358113. 4822203. 702.
31.45 21 DESIRED 0. 0. 0. 0. 700. -2.
31.51 21 NAVIGATION 0 0 0 0 286 0. 570986.7
31.52 21 ATTITUDE 0 0 0
31.62 21 ESTIMATOR 709.08551 0.032507 908.549988 3.250656 916.920105
31.69 21 DL_VALUE 13 0.
31.74 21 NAVIGATION 0 0 0 0 286 0. 570986.7
31.80 21 WP_MOVED 1 358824.90625 4822110. 702.
31.88 21 DOWNLINK_STATUS 30 3072 204 0 233. 15.
31.96 21 COMMANDS 0,-9600,9600,-9600,0
32.00 21 NAVIGATION 0 0 0 0 286 0. 570986.7
32.02 21 ATTITUDE 0 0 0
32.05 21 GYRO_RATES -156 -181 -151 1.361357 -1.579523 1.317724
32.06 21 FBW_STATUS 2 1 121
32.12 21 ESTIMATOR 709.22052 0.026757 922.049988 2.675667 915.300049
32.13 21 BAT 0 121 0 0 13 13 0
32.18 21 CALIBRATION -9.154 0.037 0.5 2
32.22 21 NAVIGATION 0 0 0 0 286 0. 570986.7
32.26 21 WP_MOVED 2 358071. 4822161. 0.
32.28 21 SERVO 9600 -9600 0
32.38 21 DESIRED 0. 0. 0. 0. 700. -2.
32.44 21 NAVIGATION 0 0 0 0 286 0. 570986.7
32.46 21 ATTITUDE 0 0 0
32.57 21 ESTIMATOR 709.288025 -0.047249 928.799988 -4.724922 915.569946
32.62 21 DL_VALUE 14 0.
32.69 21 NAVIGATION 0 0 0 0 286 0. 570986.7
32.73 21 WP_MOVED 0 358113. 4822203. 702.
32.88 21 DOWNLINK_STATUS 31 3342 222 0 270. 18.
32.92 21 COMMANDS 0,-9600,9600,-9600,0
32.93 21 NAVIGATION 0 0 0 0 286 0. 570986.7
32.95 21 ATTITUDE 0 0 0
33.00 21 GYRO_RATES -152 -177 -148 1.32645 -1.544616 1.291544
33.02 21 FBW_STATUS 2 1 121
33.05 21 ESTIMATOR 709.22052 -0.014338 922.049988 -1.433792 915.119995
33.09 21 ACTUATORS 1500,1500,0,1200,1000,2000
33.15 21 NAVIGATION 0 0 0 0 286 0. 570986.7
33.20 21 WP_MOVED 1 358824.90625 4822110. 702.
33.32 21 DESIRED 0. 0. 0. 0. 700. -2.
33.39 21 NAVIGATION 0 0 0 0 286 0. 570986.7
33.43 21 ATTITUDE 0 0 0
33.43 21 PPRZ_MODE 2 3 1 0 0 6 0
33.51 21 ESTIMATOR 709.20697 -0.076006 920.700012 -7.600555 914.850098
33.57 21 DL_VALUE 15 0.75
33.62 21 NAVIGATION 0 0 0 0 286 0. 570986.7
33.67 21 WP_MOVED 2 358071. 4822161. 0.
33.84 21 COMMANDS 0,-9600,9600,-9600,0
33.88 21 NAVIGATION 0 0 0 0 286 0. 570986.7
33.90 21 DOWNLINK_STATUS 32 3630 241 0 288. 19.
33.91 21 ATTITUDE 0 0 0
33.95 21 GYRO_RATES -162 -187 -157 1.413717 -1.631883 1.370083
33.95 21 FBW_STATUS 2 1 121
33.98 21 ESTIMATOR 709.098999 -0.023841 909.900024 -2.384109 915.390137
34.00 21 BAT 0 121 0 0 15 15 0
34.04 21 CALIBRATION -9.16 0.037 0.5 2
34.08 21 NAVIGATION 0 0 0 0 286 0. 570986.7
34.13 21 WP_MOVED 0 358113. 4822203. 702.
34.16 21 SERVO 9600 -9600 0
34.26 21 DESIRED 0. 0. 0. 0. 700. -2.
34.32 21 NAVIGATION 0 0 0 0 286 0. 570986.7
34.33 21 ATTITUDE 0 0 0
34.44 21 ESTIMATOR 709.044983 0.068446 904.5 6.844635 916.649902
34.51 21 DL_VALUE 16 25000.
34.56 21 NAVIGATION 0 0 0 0 286 0. 570986.7
34.61 21 WP_MOVED 1 358824.90625 4822110. 702.
34.77 21 COMMANDS 0,-9600,9600,-9600,0
34.81 21 NAVIGATION 0 0 0 0 286 0. 570986.7
34.83 21 ATTITUDE 0 0 0
34.86 21 GYRO_RATES -165 -190 -159 1.439897 -1.658063 1.387537
34.90 21 FBW_STATUS 2 1 121
34.90 21 DOWNLINK_STATUS 33 3933 262 0 303. 21.
34.91 21 ESTIMATOR 709.072021 0.012447 907.200012 1.244736 916.560059
35.02 21 NAVIGATION 0 0 0 0 286 0. 570986.7
35.08 21 WP_MOVED 2 358071. 4822161. 0.
35.22 21 DESIRED 0. 0. 0. 0. 700. -2.
35.26 21 NAVIGATION 0 0 0 0 286 0. 570986.7
35.27 21 ATTITUDE 0 0 0
35.40 21 ESTIMATOR 709.112488 0.052864 911.25 5.286369 915.840088
35.43 21 DL_VALUE 17 25000.
35.49 21 NAVIGATION 0 0 0 0 286 0. 570986.7
35.54 21 WP_MOVED 0 358113. 4822203. 702.
35.71 21 COMMANDS 0,-9600,9600,-9600,0
35.75 21 NAVIGATION 0 0 0 0 286 0. 570986.7
35.77 21 ATTITUDE 0 0 0
35.80 21 GYRO_RATES -153 -179 -148 1.335177 -1.56207 1.291544
35.82 21 FBW_STATUS 2 1 121
35.85 21 ESTIMATOR 709.247498 0.021008 924.75 2.10083 916.920166
35.87 21 BAT 0 121 0 0 17 17 0
35.91 21 DOWNLINK_STATUS 34 4202 279 0 269. 17.
35.92 21 CALIBRATION -9.153 0.037 0.5 2
35.97 21 NAVIGATION 0 0 0 0 286 0. 570986.7
36.02 21 WP_MOVED 1 358824.90625 4822110. 702.
36.04 21 SERVO 9600 -9600 0
36.13 21 DESIRED 0. 0. 0. 0. 700. -2.
36.20 21 NAVIGATION 0 0 0 0 286 0. 570986.7
36.23 21 ATTITUDE 0 0 0
36.31 21 ESTIMATOR 709.274475 -0.075277 927.450012 -7.527657 915.750122
36.39 21 DL_VALUE 18 0.75
36.43 21 NAVIGATION 0 0 0 0 286 0. 570986.7
36.48 21 WP_MOVED 2 358071. 4822161. 0.
36.50 21 NAVIGATION_REF 358071 4822161 31
36.65 21 COMMANDS 0,-9600,9600,-9600,0
36.69 21 NAVIGATION 0 0 0 0 286 0. 570986.7
36.71 21 ATTITUDE 0 0 0
36.74 21 GYRO_RATES -152 -178 -148 1.32645 -1.553343 1.291544
36.78 21 FBW_STATUS 2 1 121
36.79 21 ESTIMATOR 709.22052 -0.002779 922.049988 -0.277901 914.670044
36.90 21 NAVIGATION 0 0 0 0 286 0. 570986.7
36.90 21 DOWNLINK_STATUS 35 4487 298 0 285. 19.
36.95 21 WP_MOVED 0 358113. 4822203. 702.
37.07 21 DESIRED 0. 0. 0. 0. 700. -2.
37.13 21 NAVIGATION 0 0 0 0 286 0. 570986.7
37.15 21 ATTITUDE 0 0 0
37.27 21 ESTIMATOR 709.193481 -0.043255 919.350037 -4.325485 915.479858
37.31 21 DL_VALUE 19 13000.
37.38 21 NAVIGATION 0 0 0 0 286 0. 570986.7
37.42 21 WP_MOVED 1 358824.90625 4822110. 702.
37.59 21 COMMANDS 0,-9600,9600,-9600,0
37.62 21 NAVIGATION 0 0 0 0 286 0. 570986.7
37.64 21 ATTITUDE 0 0 0
37.68 21 GYRO_RATES -161 -186 -157 1.40499 -1.623156 1.370083
37.68 21 FBW_STATUS 2 1 121
37.72 21 ESTIMATOR 709.098999 -0.037338 909.900024 -3.733788 915.209961
37.75 21 BAT 0 121 0 0 19 19 0
37.77 21 ACTUATORS 1500,1500,0,1200,1000,2000
37.80 21 CALIBRATION -9.166 0.037 0.5 2
37.84 21 NAVIGATION 0 0 0 0 286 0. 570986.7
37.89 21 WP_MOVED 2 358071. 4822161. 0.
37.93 21 DOWNLINK_STATUS 36 4779 317 0 292. 19.
37.93 21 SERVO 9600 -9600 0
38.01 21 DESIRED 0. 0. 0. 0. 700. -2.
38.07 21 NAVIGATION 0 0 0 0 286 0. 570986.7
38.09 21 ATTITUDE 0 0 0
38.11 21 PPRZ_MODE 2 3 1 0 0 6 0
38.20 21 ESTIMATOR 709.044983 0.036666 904.5 3.666649 915.209961
38.25 21 DL_VALUE 20 13000.
38.30 21 NAVIGATION 0 0 0 0 286 0. 570986.7
38.36 21 WP_MOVED 0 358113. 4822203. 702.
38.53 21 COMMANDS 0,-9600,9600,-9600,0
38.56 21 NAVIGATION 0 0 0 0 286 0. 570986.7
38.58 21 ATTITUDE 0 0 0
38.63 21 GYRO_RATES -163 -189 -159 1.422443 -1.649336 1.387537
38.64 21 FBW_STATUS 2 1 121
38.67 21 ESTIMATOR 709.098999 0.048112 909.900024 4.811211 916.649902
38.77 21 NAVIGATION 0 0 0 0 286 0. 570986.7
38.82 21 WP_MOVED 1 358824.90625 4822110. 702.
38.90 21 DOWNLINK_STATUS 37 5029 334 0 250. 17.
38.94 21 DESIRED 0. 0. 0. 0. 700. -2.
39.01 21 NAVIGATION 0 0 0 0 286 0. 570986.7
39.03 21 ATTITUDE 0 0 0
39.14 21 ESTIMATOR 709.08551 0.062423 908.549988 6.242294 916.919922
39.18 21 DL_VALUE 21 0.75
39.24 21 NAVIGATION 0 0 0 0 286 0. 570986.7
39.30 21 WP_MOVED 2 358071. 4822161. 0.
39.49 21 COMMANDS 0,-9600,9600,-9600,0
39.51 21 NAVIGATION 0 0 0 0 286 0. 570986.7
39.53 21 ATTITUDE 0 0 0
39.55 21 GYRO_RATES -156 -180 -150 1.361357 -1.570796 1.308997
39.57 21 FBW_STATUS 2 1 121
39.59 21 ESTIMATOR 709.20697 0.005536 920.700012 0.553551 915.389954
39.62 21 BAT 0 121 0 0 21 21 0
39.67 21 CALIBRATION -9.153 0.037 0.5 2
39.71 21 NAVIGATION 0 0 0 0 286 0. 570986.7
39.77 21 WP_MOVED 0 358113. 4822203. 702.
39.78 21 SERVO 9600 -9600 0
39.88 21 DESIRED 0. 0. 0. 0. 700. -2.
39.91 21 DOWNLINK_STATUS 38 5325 353 0 296. 19.
39.95 21 NAVIGATION 0 0 0 0 286 0. 570986.7
39.97 21 ATTITUDE 0 0 0
40.07 21 ESTIMATOR 709.328491 -0.04725 932.850037 -4.725037 915.75
40.13 21 DL_VALUE 22 18000.
40.18 21 NAVIGATION 0 0 0 0 286 0. 570986.7
40.23 21 WP_MOVED 1 358824.90625 4822110. 702.
40.40 21 COMMANDS 0,-9600,9600,-9600,0
40.43 21 NAVIGATION 0 0 0 0 286 0. 570986.7
40.47 21 ATTITUDE 0 0 0
40.50 21 GYRO_RATES -153 -178 -148 1.335177 -1.553343 1.291544
40.50 21 FBW_STATUS 2 1 121
40.53 21 ESTIMATOR 709.234009 -0.052868 923.400024 -5.286751 915.659973
40.65 21 NAVIGATION 0 0 0 0 286 0. 570986.7
40.70 21 WP_MOVED 2 358071. 4822161. 0.
40.82 21 DESIRED 0. 0. 0. 0. 700. -2.
40.89 21 NAVIGATION 0 0 0 0 286 0. 570986.7
40.94 21 ATTITUDE 0 0 0
40.94 21 DOWNLINK_STATUS 39 5584 370 0 259. 17.
41.00 21 ESTIMATOR 709.193481 -0.088504 919.350037 -8.850365 914.76001
41.06 21 DL_VALUE 23 18000.
41.11 21 NAVIGATION 0 0 0 0 286 0. 570986.7
41.17 21 WP_MOVED 0 358113. 4822203. 702.
41.34 21 COMMANDS 0,-9600,9600,-9600,0
41.37 21 NAVIGATION 0 0 0 0 286 0. 570986.7
41.39 21 ATTITUDE 0 0 0
41.44 21 GYRO_RATES -163 -189 -158 1.422443 -1.649336 1.37881
41.45 21 FBW_STATUS 2 1 121
41.47 21 ESTIMATOR 709.058472 0.025301 905.850037 2.530098 915.120117
41.50 21 BAT 0 121 0 0 23 23 0
41.54 21 CALIBRATION -9.162 0.037 0.5 2
41.60 21 NAVIGATION 0 0 0 0 286 0. 570986.7
41.64 21 WP_MOVED 1 358824.90625 4822110. 702.
41.66 21 SERVO 9600 -9600 0
41.76 21 DESIRED 0. 0. 0. 0. 700. -2.
41.82 21 NAVIGATION 0 0 0 0 286 0. 570986.7
41.83 21 ATTITUDE 0 0 0
41.91 21 DOWNLINK_STATUS 40 5854 388 0 270. 18.
41.96 21 ESTIMATOR 709.044983 0.053892 904.5 5.389175 916.200012
42.01 21 DL_VALUE 24 0.3
42.05 21 NAVIGATION 0 0 0 0 286 0. 570986.7
42.10 21 WP_MOVED 2 358071. 4822161. 0.
42.27 21 COMMANDS 0,-9600,9600,-9600,0
42.31 21 NAVIGATION 0 0 0 0 286 0. 570986.7
42.33 21 ATTITUDE 0 0 0
42.37 21 GYRO_RATES -164 -190 -158 1.43117 -1.658063 1.37881
42.38 21 FBW_STATUS 2 1 121
42.41 21 ESTIMATOR 709.072021 0.036558 907.200012 3.655777 916.470032
42.46 21 ACTUATORS 1500,1500,0,1200,1000,2000
42.52 21 NAVIGATION 0 0 0 0 286 0. 570986.7
42.58 21 WP_MOVED 0 358113. 4822203. 702.
42.69 21 DESIRED 0. 0. 0. 0. 700. -2.
42.76 21 NAVIGATION 0 0 0 0 286 0. 570986.7
42.79 21 ATTITUDE 0 0 0
42.80 21 PPRZ_MODE 2 3 1 0 0 6 0
42.88 21 ESTIMATOR 709.112488 0.065367 911.25 6.536713 915.75
42.95 21 DL_VALUE 25 0.241042
42.97 21 DOWNLINK_STATUS 41 6140 407 0 286. 19.
42.99 21 NAVIGATION 0 0 0 0 286 0. 570986.7
43.05 21 WP_MOVED 1 358824.90625 4822110. 702.
43.23 21 COMMANDS 0,-9600,9600,-9600,0
43.27 21 NAVIGATION 0 0 0 0 286 0. 570986.7
43.29 21 ATTITUDE 0 0 0
43.30 21 GYRO_RATES -152 -178 -148 1.32645 -1.553343 1.291544
43.32 21 FBW_STATUS 2 1 121
43.34 21 ESTIMATOR 709.288025 -0.006938 928.799988 -0.693817 916.470032
43.37 21 BAT 0 121 0 0 25 25 0
43.43 21 CALIBRATION -9.148 0.037 0.5 2
43.46 21 NAVIGATION 0 0 0 0 286 0. 570986.7
43.52 21 WP_MOVED 2 358071. 4822161. 0.
43.53 21 SERVO 9600 -9600 0
43.63 21 DESIRED 0. 0. 0. 0. 700. -2.
43.69 21 NAVIGATION 0 0 0 0 286 0. 570986.7
43.71 21 ATTITUDE 0 0 0
43.81 21 ESTIMATOR 709.260986 -0.061671 926.100037 -6.167068 915.659912
43.88 21 DL_VALUE 26 0.005
43.95 21 NAVIGATION 0 0 0 0 286 0. 570986.7
43.95 21 DOWNLINK_STATUS 42 6428 426 0 288. 19.
43.99 21 WP_MOVED 0 358113. 4822203. 702.
44.15 21 COMMANDS 0,-9600,9600,-9600,0
44.19 21 NAVIGATION 0 0 0 0 286 0. 570986.7
44.20 21 ATTITUDE 0 0 0
44.25 21 GYRO_RATES -153 -178 -149 1.335177 -1.553343 1.30027
44.28 21 FBW_STATUS 2 1 121
44.30 21 ESTIMATOR 709.22052 -0.022113 922.049988 -2.211266 914.309998
44.39 21 NAVIGATION 0 0 0 0 286 0. 570986.7
44.45 21 WP_MOVED 1 358824.90625 4822110. 702.
44.57 21 DESIRED 0. 0. 0. 0. 700. -2.
44.66 21 NAVIGATION 0 0 0 0 286 0. 570986.7
44.66 21 ATTITUDE 0 0 0
44.75 21 ESTIMATOR 709.166504 -0.000756 916.650024 -0.075607 915.749939
44.82 21 DL_VALUE 27 0.037
44.88 21 NAVIGATION 0 0 0 0 286 0. 570986.7
44.92 21 WP_MOVED 2 358071. 4822161. 0.
44.95 21 NAVIGATION_REF 358071 4822161 31
44.99 21 DOWNLINK_STATUS 43 6687 443 0 259. 17.
45.09 21 COMMANDS 0,-9600,9600,-9600,0
45.12 21 NAVIGATION 0 0 0 0 286 0. 570986.7
45.14 21 ATTITUDE 0 0 0
45.18 21 GYRO_RATES -163 -188 -158 1.422443 -1.64061 1.37881
45.20 21 FBW_STATUS 2 1 121
45.24 21 ESTIMATOR 709.058472 -0.043119 905.850037 -4.311905 915.750061
45.27 21 BAT 0 121 0 0 27 27 0
45.29 21 CALIBRATION -9.166 0.037 0.5 2
45.34 21 NAVIGATION 0 0 0 0 286 0. 570986.7
45.38 21 WP_MOVED 0 358113. 4822203. 702.
45.41 21 SERVO 9600 -9600 0
45.51 21 DESIRED 0. 0. 0. 0. 700. -2.
45.57 21 NAVIGATION 0 0 0 0 286 0. 570986.7
45.59 21 ATTITUDE 0 0 0
45.69 21 ESTIMATOR 709.044983 0.027919 904.5 2.791901 915.299988
45.76 21 DL_VALUE 28 0.
45.80 21 NAVIGATION 0 0 0 0 286 0. 570986.7
45.86 21 WP_MOVED 1 358824.90625 4822110. 702.
45.95 21 DOWNLINK_STATUS 44 6957 461 0 270. 18.
46.03 21 COMMANDS 0,-9600,9600,-9600,0
46.07 21 NAVIGATION 0 0 0 0 286 0. 570986.7
46.08 21 ATTITUDE 0 0 0
46.12 21 GYRO_RATES -164 -188 -159 1.43117 -1.64061 1.387537
46.12 21 FBW_STATUS 2 1 121
46.17 21 ESTIMATOR 709.098999 0.027864 909.900024 2.786446 916.109985
46.27 21 NAVIGATION 0 0 0 0 286 0. 570986.7
46.33 21 WP_MOVED 2 358071. 4822161. 0.
46.44 21 DESIRED 0. 0. 0. 0. 700. -2.
46.52 21 NAVIGATION 0 0 0 0 286 0. 570986.7
46.55 21 ATTITUDE 0 0 0
46.65 21 ESTIMATOR 709.112488 0.070117 911.25 7.011719 916.200073
46.70 21 DL_VALUE 29 0.045
46.74 21 NAVIGATION 0 0 0 0 286 0. 570986.7
46.79 21 WP_MOVED 0 358113. 4822203. 702.
46.96 21 DOWNLINK_STATUS 45 7190 476 0 233. 15.
46.97 21 COMMANDS 0,-9600,9600,-9600,0
47.01 21 NAVIGATION 0 0 0 0 286 0. 570986.7
47.02 21 ATTITUDE 0 0 0
47.06 21 GYRO_RATES -155 -181 -149 1.35263 -1.579523 1.30027
47.07 21 FBW_STATUS 2 1 121
47.10 21 ESTIMATOR 709.234009 -0.01466 923.400024 -1.466026 915.390015
47.12 21 BAT 0 121 0 0 29 29 0
47.15 21 ACTUATORS 1500,1500,0,1200,1000,2000
47.17 21 CALIBRATION -9.149 0.037 0.5 2
47.21 21 NAVIGATION 0 0 0 0 286 0. 570986.7
47.26 21 WP_MOVED 1 358824.90625 4822110. 702.
47.28 21 SERVO 9600 -9600 0
47.38 21 DESIRED 0. 0. 0. 0. 700. -2.
47.44 21 NAVIGATION 0 0 0 0 286 0. 570986.7
47.46 21 ATTITUDE 0 0 0
47.48 21 PPRZ_MODE 2 3 1 0 0 6 0
47.56 21 ESTIMATOR 709.274475 -0.017307 927.450012 -1.730652 915.210022
47.62 21 DL_VALUE 30 1.
47.68 21 NAVIGATION 0 0 0 0 286 0. 570986.7
47.74 21 WP_MOVED 2 358071. 4822161. 0.
47.90 21 COMMANDS 0,-9600,9600,-9600,0
47.94 21 NAVIGATION 0 0 0 0 286 0. 570986.7
47.95 21 DOWNLINK_STATUS 46 7515 498 0 325. 22.
47.96 21 ATTITUDE 0 0 0
47.99 21 GYRO_RATES -153 -179 -148 1.335177 -1.56207 1.291544
48.03 21 FBW_STATUS 2 1 121
48.04 21 ESTIMATOR 709.22052 0.011664 922.049988 1.166382 916.109924
48.15 21 NAVIGATION 0 0 0 0 286 0. 570986.7
48.20 21 WP_MOVED 0 358113. 4822203. 702.
48.34 21 DESIRED 0. 0. 0. 0. 700. -2.
48.38 21 NAVIGATION 0 0 0 0 286 0. 570986.7
48.40 21 ATTITUDE 0 0 0
48.50 21 ESTIMATOR 709.179993 -0.112564 918. -11.256371 915.210022
48.57 21 DL_VALUE 31 0.
48.61 21 NAVIGATION 0 0 0 0 286 0. 570986.7
48.68 21 WP_MOVED 1 358824.90625 4822110. 702.
48.84 21 COMMANDS 0,-9600,9600,-9600,0
48.88 21 NAVIGATION 0 0 0 0 286 0. 570986.7
48.89 21 ATTITUDE 0 0 0
48.93 21 GYRO_RATES -164 -189 -160 1.43117 -1.649336 1.396263
48.94 21 FBW_STATUS 2 1 121
48.97 21 DOWNLINK_STATUS 47 7781 516 0 266. 18.
49.00 21 ESTIMATOR 709.08551 0.005994 908.549988 0.599403 914.940063
49.04 21 BAT 0 121 0 0 31 31 0
49.05 21 CALIBRATION -9.164 0.037 0.5 2
49.09 21 NAVIGATION 0 0 0 0 286 0. 570986.7
49.13 21 WP_MOVED 2 358071. 4822161. 0.
49.16 21 SERVO 9600 -9600 0
49.26 21 DESIRED 0. 0. 0. 0. 700. -2.
49.34 21 NAVIGATION 0 0 0 0 286 0. 570986.7
49.36 21 ATTITUDE 0 0 0
49.44 21 ESTIMATOR 709.058472 0.05103 905.850037 5.102997 916.920044
49.50 21 DL_VALUE 32 0.
49.56 21 NAVIGATION 0 0 0 0 286 0. 570986.7
49.60 21 WP_MOVED 0 358113. 4822203. 702.
49.77 21 COMMANDS 0,-9600,9600,-9600,0
49.81 21 NAVIGATION 0 0 0 0 286 0. 570986.7
49.83 21 ATTITUDE 0 0 0
49.86 21 GYRO_RATES -163 -189 -159 1.422443 -1.649336 1.387537
49.90 21 FBW_STATUS 2 1 121
49.93 21 ESTIMATOR 709.08551 0.032698 908.549988 3.269844 916.199951
49.98 21 DOWNLINK_STATUS 48 8073 535 0 292. 19.
50.02 21 NAVIGATION 0 0 0 0 286 0. 570986.7
50.07 21 WP_MOVED 1 358824.90625 4822110. 702.
50.19 21 DESIRED 0. 0. 0. 0. 700. -2.
50.26 21 NAVIGATION 0 0 0 0 286 0. 570986.7
50.27 21 ATTITUDE 0 0 0
50.37 21 ESTIMATOR 709.125977 0.079839 912.600037 7.983894 916.110046
50.44 21 DL_VALUE 33 0.037
50.49 21 NAVIGATION 0 0 0 0 286 0. 570986.7
50.55 21 WP_MOVED 2 358071. 4822161. 0.
50.72 21 COMMANDS 0,-9600,9600,-9600,0
50.74 21 NAVIGATION 0 0 0 0 286 0. 570986.7
50.77 21 ATTITUDE 0 0 0
50.82 21 GYRO_RATES -153 -178 -147 1.335177 -1.553343 1.282817
50.83 21 FBW_STATUS 2 1 121
50.86 21 ESTIMATOR 709.288025 -0.030076 928.799988 -3.007584 916.289978
50.88 21 BAT 0 121 0 0 33 33 0
50.91 21 CALIBRATION -9.148 0.037 0.5 2
50.96 21 NAVIGATION 0 0 0 0 286 0. 570986.7
50.97 21 DOWNLINK_STATUS 49 8353 553 0 280. 18.
51.01 21 WP_MOVED 0 358113. 4822203. 702.
51.05 21 SERVO 9600 -9600 0
51.13 21 DESIRED 0. 0. 0. 0. 700. -2.
51.19 21 NAVIGATION 0 0 0 0 286 0. 570986.7
51.21 21 ATTITUDE 0 0 0
51.31 21 ESTIMATOR 709.260986 -0.058778 926.100037 -5.877838 915.659912
51.38 21 DL_VALUE 34 0.037
51.44 21 NAVIGATION 0 0 0 0 286 0. 570986.7
51.48 21 WP_MOVED 1 358824.90625 4822110. 702.
51.65 21 COMMANDS 0,-9600,9600,-9600,0
51.69 21 NAVIGATION 0 0 0 0 286 0. 570986.7
51.70 21 ATTITUDE 0 0 0
51.74 21 GYRO_RATES -154 -179 -150 1.343904 -1.56207 1.308997
51.76 21 FBW_STATUS 2 1 121
51.78 21 ESTIMATOR 709.22052 -0.038475 922.049988 -3.847542 914.21991
51.84 21 ACTUATORS 1500,1500,0,1200,1000,2000
51.89 21 NAVIGATION 0 0 0 0 286 0. 570986.7
51.95 21 WP_MOVED 2 358071. 4822161. 0.
51.97 21 DOWNLINK_STATUS 50 8624 571 0 271. 18.
52.07 21 DESIRED 0. 0. 0. 0. 700. -2.
52.13 21 NAVIGATION 0 0 0 0 286 0. 570986.7
52.14 21 ATTITUDE 0 0 0
52.17 21 PPRZ_MODE 2 3 1 0 0 6 0
52.25 21 ESTIMATOR 709.166504 -0.022921 916.650024 -2.292099 915.299988
52.32 21 DL_VALUE 35 0.
52.37 21 NAVIGATION 0 0 0 0 286 0. 570986.7
52.42 21 WP_MOVED 0 358113. 4822203. 702.
52.59 21 COMMANDS 0,-9600,9600,-9600,0
52.62 21 NAVIGATION 0 0 0 0 286 0. 570986.7
52.65 21 ATTITUDE 0 0 0
52.70 21 GYRO_RATES -163 -188 -159 1.422443 -1.64061 1.387537
52.70 21 FBW_STATUS 2 1 121
52.72 21 ESTIMATOR 709.058472 0.023329 905.850037 2.332916 916.379944
52.76 21 BAT 0 121 0 0 35 35 0
52.79 21 CALIBRATION -9.171 0.037 0.5 2
52.83 21 NAVIGATION 0 0 0 0 286 0. 570986.7
52.89 21 WP_MOVED 1 358824.90625 4822110. 702.
52.90 21 SERVO 9600 -9600 0
52.98 21 DOWNLINK_STATUS 51 8903 590 0 279. 19.
53.01 21 DESIRED 0. 0. 0. 0. 700. -2.
53.07 21 NAVIGATION 0 0 0 0 286 0. 570986.7
53.09 21 ATTITUDE 0 0 0
53.20 21 ESTIMATOR 709.058472 0.028865 905.850037 2.886505 916.109985
53.25 21 DL_VALUE 36 0.
53.30 21 NAVIGATION 0 0 0 0 286 0. 570986.7
53.35 21 WP_MOVED 2 358071. 4822161. 0.
53.39 21 NAVIGATION_REF 358071 4822161 31
53.53 21 COMMANDS 0,-9600,9600,-9600,0
53.56 21 NAVIGATION 0 0 0 0 286 0. 570986.7
53.58 21 ATTITUDE 0 0 0
53.62 21 GYRO_RATES -163 -189 -158 1.422443 -1.649336 1.37881
53.63 21 FBW_STATUS 2 1 121
53.68 21 ESTIMATOR 709.098999 0.044278 909.900024 4.427757 916.73999
53.77 21 NAVIGATION 0 0 0 0 286 0. 570986.7
53.82 21 WP_MOVED 0 358113. 4822203. 702.
53.94 21 DESIRED 0. 0. 0. 0. 700. -2.
53.98 21 DOWNLINK_STATUS 52 9173 607 0 270. 17.
54.02 21 NAVIGATION 0 0 0 0 286 0. 570986.7
54.06 21 ATTITUDE 0 0 0
54.13 21 ESTIMATOR 709.139526 0.0479 913.950012 4.789963 916.469971
54.19 21 DL_VALUE 37 0.
54.24 21 NAVIGATION 0 0 0 0 286 0. 570986.7
54.30 21 WP_MOVED 1 358824.90625 4822110. 702.
54.46 21 COMMANDS 0,-9600,9600,-9600,0
54.50 21 NAVIGATION 0 0 0 0 286 0. 570986.7
54.52 21 ATTITUDE 0 0 0
54.57 21 GYRO_RATES -153 -178 -149 1.335177 -1.553343 1.30027
54.59 21 FBW_STATUS 2 1 121
54.62 21 ESTIMATOR 709.274475 -0.030995 927.450012 -3.099518 915.839966
54.64 21 BAT 0 121 0 0 37 37 0
54.66 21 CALIBRATION -9.147 0.037 0.5 2
54.70 21 NAVIGATION 0 0 0 0 286 0. 570986.7
54.76 21 WP_MOVED 2 358071. 4822161. 0.
54.78 21 SERVO 9600 -9600 0
54.88 21 DESIRED 0. 0. 0. 0. 700. -2.
54.94 21 NAVIGATION 0 0 0 0 286 0. 570986.7
54.96 21 ATTITUDE 0 0 0
54.98 21 DOWNLINK_STATUS 53 9469 627 0 296. 20.
55.07 21 ESTIMATOR 709.260986 -0.028836 926.100037 -2.883644 915.119995
55.13 21 DL_VALUE 38 0.045
55.18 21 NAVIGATION 0 0 0 0 286 0. 570986.7
55.23 21 WP_MOVED 0 358113. 4822203. 702.
55.40 21 COMMANDS 0,-9600,9600,-9600,0
55.44 21 NAVIGATION 0 0 0 0 286 0. 570986.7
55.45 21 ATTITUDE 0 0 0
55.50 21 GYRO_RATES -155 -181 -150 1.35263 -1.579523 1.308997
55.51 21 FBW_STATUS 2 1 121
55.55 21 ESTIMATOR 709.22052 -0.038395 922.049988 -3.839455 915.389954
55.65 21 NAVIGATION 0 0 0 0 286 0. 570986.7
55.70 21 WP_MOVED 1 358824.90625 4822110. 702.
55.82 21 DESIRED 0. 0. 0. 0. 700. -2.
55.88 21 NAVIGATION 0 0 0 0 286 0. 570986.7
55.90 21 ATTITUDE 0 0 0
55.98 21 DOWNLINK_STATUS 54 9702 642 0 233. 15.
56.03 21 ESTIMATOR 709.139526 -0.079758 913.950012 -7.975769 914.940063
56.05 21 DL_VALUE 39 0.045
56.12 21 NAVIGATION 0 0 0 0 286 0. 570986.7
56.16 21 WP_MOVED 2 358071. 4822161. 0.
56.34 21 COMMANDS 0,-9600,9600,-9600,0
56.37 21 NAVIGATION 0 0 0 0 286 0. 570986.7
56.39 21 ATTITUDE 0 0 0
56.43 21 GYRO_RATES -165 -191 -161 1.439897 -1.666789 1.40499
56.45 21 FBW_STATUS 2 1 121
56.48 21 ESTIMATOR 709.044983 0.055081 904.5 5.50808 915.390015
56.52 21 BAT 0 121 0 0 39 39 0
56.54 21 ACTUATORS 1500,1500,0,1200,1000,2000
56.57 21 CALIBRATION -9.171 0.037 0.5 2
56.60 21 NAVIGATION 0 0 0 0 286 0. 570986.7
56.64 21 WP_MOVED 0 358113. 4822203. 702.
56.65 21 SERVO 9600 -9600 0
56.75 21 DESIRED 0. 0. 0. 0. 700. -2.
56.82 21 NAVIGATION 0 0 0 0 286 0. 570986.7
56.83 21 ATTITUDE 0 0 0
56.85 21 PPRZ_MODE 2 3 1 0 0 6 0
56.94 21 ESTIMATOR 709.058472 0.05967 905.850037 5.967026 917.279907
56.98 21 DOWNLINK_STATUS 55 10018 663 0 316. 21.
57.00 21 DL_VALUE 40 0.1
57.05 21 NAVIGATION 0 0 0 0 286 0. 570986.7
57.10 21 WP_MOVED 1 358824.90625 4822110. 702.
57.27 21 COMMANDS 0,-9600,9600,-9600,0
57.31 21 NAVIGATION 0 0 0 0 286 0. 570986.7
57.35 21 ATTITUDE 0 0 0
57.38 21 GYRO_RATES -162 -187 -157 1.413717 -1.631883 1.370083
57.39 21 FBW_STATUS 2 1 121
57.42 21 ESTIMATOR 709.098999 0.005695 909.900024 0.569496 916.109985
57.52 21 NAVIGATION 0 0 0 0 286 0. 570986.7
57.58 21 WP_MOVED 2 358071. 4822161. 0.
57.70 21 DESIRED 0. 0. 0. 0. 700. -2.
57.75 21 NAVIGATION 0 0 0 0 286 0. 570986.7
57.77 21 ATTITUDE 0 0 0
57.88 21 ESTIMATOR 709.166504 0.072063 916.650024 7.206345 916.02002
57.94 21 DL_VALUE 41 0.
57.99 21 DOWNLINK_STATUS 56 10258 679 0 240. 16.
57.99 21 NAVIGATION 0 0 0 0 286 0. 570986.7
58.04 21 WP_MOVED 0 358113. 4822203. 702.
58.21 21 COMMANDS 0,-9600,9600,-9600,0
58.26 21 NAVIGATION 0 0 0 0 286 0. 570986.7
58.27 21 ATTITUDE 0 0 0
58.31 21 GYRO_RATES -151 -177 -146 1.317724 -1.544616 1.27409
58.32 21 FBW_STATUS 2 1 121
58.34 21 ESTIMATOR 709.328491 -0.045387 932.850037 -4.538727 916.649902
58.37 21 BAT 0 121 0 0 41 41 0
58.42 21 CALIBRATION -9.144 0.037 0.5 2
58.46 21 NAVIGATION 0 0 0 0 286 0. 570986.7
58.51 21 WP_MOVED 1 358824.90625 4822110. 702.
58.53 21 SERVO 9600 -9600 0
58.63 21 DESIRED 0. 0. 0. 0. 700. -2.
58.69 21 NAVIGATION 0 0 0 0 286 0. 570986.7
58.71 21 ATTITUDE 0 0 0
58.84 21 ESTIMATOR 709.247498 -0.072226 924.75 -7.222595 915.570007
58.87 21 DL_VALUE 42 4.
58.94 21 NAVIGATION 0 0 0 0 286 0. 570986.7
59.00 21 WP_MOVED 2 358071. 4822161. 0.
59.00 21 DOWNLINK_STATUS 57 10561 699 0 303. 20.
59.15 21 COMMANDS 0,-9600,9600,-9600,0
59.18 21 NAVIGATION 0 0 0 0 286 0. 570986.7
59.20 21 ATTITUDE 0 0 0
59.24 21 GYRO_RATES -156 -180 -150 1.361357 -1.570796 1.308997
59.25 21 FBW_STATUS 2 1 121
59.30 21 ESTIMATOR 709.22052 -0.041392 922.049988 -4.139175 915.03009
59.40 21 NAVIGATION 0 0 0 0 286 0. 570986.7
59.45 21 WP_MOVED 0 358113. 4822203. 702.
59.57 21 DESIRED 0. 0. 0. 0. 700. -2.
59.63 21 NAVIGATION 0 0 0 0 286 0. 570986.7
59.65 21 ATTITUDE 0 0 0
59.75 21 ESTIMATOR 709.139526 -0.01998 913.950012 -1.998024 915.389954
59.83 21 DL_VALUE 0 700.
59.86 21 NAVIGATION 0 0 0 0 286 0. 570986.7
59.91 21 WP_MOVED 1 358824.90625 4822110. 702.
60.00 21 DOWNLINK_STATUS 58 10794 714 0 233. 15.
60.08 21 COMMANDS 0,-9600,9600,-9600,0
60.12 21 NAVIGATION 0 0 0 0 286 0. 570986.7
60.14 21 ATTITUDE 0 0 0
60.17 21 GYRO_RATES -165 -191 -161 1.439897 -1.666789 1.40499
60.20 21 FBW_STATUS 2 1 121
60.22 21 ESTIMATOR 709.044983 0.008803 904.5 0.880318 915.929993
60.25 21 BAT 0 121 0 0 43 43 0
60.29 21 CALIBRATION -9.177 0.037 0.5 2
60.35 21 NAVIGATION 0 0 0 0 286 0. 570986.7
60.38 21 WP_MOVED 2 358071. 4822161. 0.
60.40 21 SERVO 9600 -9600 0
60.50 21 DESIRED 0. 0. 0. 0. 700. -2.
60.58 21 NAVIGATION 0 0 0 0 286 0. 570986.7
60.61 21 ATTITUDE 0 0 0
60.69 21 ESTIMATOR 709.08551 0.015363 908.549988 1.536331 915.660156
60.75 21 DL_VALUE 1 1.
60.80 21 NAVIGATION 0 0 0 0 286 0. 570986.7
60.86 21 WP_MOVED 0 358113. 4822203. 702.
61.00 21 DOWNLINK_STATUS 59 11064 732 0 270. 18.
61.02 21 COMMANDS 0,-9600,9600,-9600,0
61.06 21 NAVIGATION 0 0 0 0 286 0. 570986.7
61.08 21 ATTITUDE 0 0 0
61.12 21 GYRO_RATES -161 -187 -155 1.40499 -1.631883 1.35263
61.12 21 FBW_STATUS 2 1 121
61.16 21 ESTIMATOR 709.098999 0.092393 909.900024 9.239273 916.56012
61.21 21 ACTUATORS 1500,1500,0,1200,1000,2000
61.27 21 NAVIGATION 0 0 0 0 286 0. 570986.7
61.32 21 WP_MOVED 1 358824.90625 4822110. 702.
61.44 21 DESIRED 0. 0. 0. 0. 700. -2.
61.50 21 NAVIGATION 0 0 0 0 286 0. 570986.7
61.53 21 ATTITUDE 0 0 0
61.54 21 PPRZ_MODE 2 3 1 0 0 6 0
61.63 21 ESTIMATOR 709.153015 0.030481 915.299988 3.048096 916.56012
61.69 21 DL_VALUE 2 0.
61.74 21 NAVIGATION 0 0 0 0 286 0. 570986.7
61.79 21 WP_MOVED 2 358071. 4822161. 0.
61.82 21 NAVIGATION_REF 358071 4822161 31
61.96 21 COMMANDS 0,-9600,9600,-9600,0
62.01 21 NAVIGATION 0 0 0 0 286 0. 570986.7
62.01 21 DOWNLINK_STATUS 60 11363 752 0 299. 20.
62.02 21 ATTITUDE 0 0 0
62.05 21 GYRO_RATES -152 -177 -146 1.32645 -1.544616 1.27409
62.06 21 FBW_STATUS 2 1 121
62.09 21 ESTIMATOR 709.274475 -0.044387 927.450012 -4.438705 915.030029
62.13 21 BAT 0 121 0 0 45 45 0
62.16 21 CALIBRATION -9.142 0.037 0.5 2
62.21 21 NAVIGATION 0 0 0 0 286 0. 570986.7
62.27 21 WP_MOVED 0 358113. 4822203. 702.
62.28 21 SERVO 9600 -9600 0
62.38 21 DESIRED 0. 0. 0. 0. 700. -2.
62.44 21 NAVIGATION 0 0 0 0 286 0. 570986.7
62.46 21 ATTITUDE 0 0 0
62.56 21 ESTIMATOR 709.234009 -0.023056 923.400024 -2.305641 914.580017
62.62 21 DL_VALUE 3 0.
62.67 21 NAVIGATION 0 0 0 0 286 0. 570986.7
62.74 21 WP_MOVED 1 358824.90625 4822110. 702.
62.90 21 COMMANDS 0,-9600,9600,-9600,0
62.93 21 NAVIGATION 0 0 0 0 286 0. 570986.7
62.95 21 ATTITUDE 0 0 0
62.99 21 GYRO_RATES -156 -181 -152 1.361357 -1.579523 1.32645
63.01 21 FBW_STATUS 2 1 121
63.01 21 DOWNLINK_STATUS 61 11666 773 0 303. 21.
63.03 21 ESTIMATOR 709.22052 -0.069254 922.049988 -6.92543 915.299988
63.14 21 NAVIGATION 0 0 0 0 286 0. 570986.7
63.20 21 WP_MOVED 2 358071. 4822161. 0.
63.32 21 DESIRED 0. 0. 0. 0. 700. -2.
63.35 21 DL_VALUE 42 1500.
63.38 21 NAVIGATION 0 0 0 0 286 0. 570986.7
63.40 21 ATTITUDE 0 0 0
63.50 21 ESTIMATOR 709.139526 -0.056564 913.950012 -5.656395 915.120056
63.55 21 DL_VALUE 4 2.
63.62 21 NAVIGATION 0 0 0 0 286 0. 570986.7
63.67 21 WP_MOVED 0 358113. 4822203. 702.
63.84 21 COMMANDS 0,-9600,9600,-9600,0
63.87 21 NAVIGATION 0 0 0 0 286 0. 570986.7
63.90 21 ATTITUDE 0 0 0
63.93 21 GYRO_RATES -166 -192 -161 1.448623 -1.675516 1.40499
63.93 21 FBW_STATUS 2 1 121
63.96 21 ESTIMATOR 709.031494 0.030916 903.150024 3.091583 915.390137
64.00 21 BAT 0 121 0 0 47 47 0
64.02 21 DOWNLINK_STATUS 62 11942 791 0 276. 18.
64.04 21 CALIBRATION -9.171 0.037 0.5 2
64.08 21 NAVIGATION 0 0 0 0 286 0. 570986.7
64.14 21 WP_MOVED 1 358824.90625 4822110. 702.
64.18 21 SERVO 9600 -9600 0
64.25 21 DESIRED 0. 0. 0. 0. 700. -2.
64.32 21 NAVIGATION 0 0 0 0 286 0. 570986.7
64.33 21 ATTITUDE 0 0 0
64.44 21 ESTIMATOR 709.08551 0.065419 908.549988 6.541901 917.100159
64.49 21 DL_VALUE 5 0.
64.55 21 NAVIGATION 0 0 0 0 286 0. 570986.7
64.60 21 WP_MOVED 2 358071. 4822161. 0.
64.77 21 COMMANDS 0,-9600,9600,-9600,0
64.81 21 NAVIGATION 0 0 0 0 286 0. 570986.7
64.84 21 ATTITUDE 0 0 0
64.86 21 GYRO_RATES -160 -186 -155 1.396263 -1.623156 1.35263
64.87 21 FBW_STATUS 2 1 121
64.90 21 ESTIMATOR 709.098999 0.02492 909.900024 2.491951 916.200073
65.02 21 NAVIGATION 0 0 0 0 286 0. 570986.7
65.02 21 DOWNLINK_STATUS 63 12216 809 0 274. 18.
65.07 21 WP_MOVED 0 358113. 4822203. 702.
65.20 21 DESIRED 0. 0. 0. 0. 700. -2.
65.25 21 NAVIGATION 0 0 0 0 286 0. 570986.7
65.27 21 ATTITUDE 0 0 0
65.37 21 ESTIMATOR 709.20697 0.037344 920.700012 3.734436 915.750061
65.43 21 DL_VALUE 6 0.
65.49 21 NAVIGATION 0 0 0 0 286 0. 570986.7
65.54 21 WP_MOVED 1 358824.90625 4822110. 702.
65.71 21 COMMANDS 0,-9600,9600,-9600,0
65.75 21 NAVIGATION 0 0 0 0 286 0. 570986.7
65.77 21 ATTITUDE 0 0 0
65.81 21 GYRO_RATES -151 -176 -145 1.317724 -1.53589 1.265364
65.83 21 FBW_STATUS 2 1 121
65.84 21 ESTIMATOR 709.328491 -0.036666 932.850037 -3.666573 916.73999
65.87 21 BAT 0 121 0 0 49 49 0
65.90 21 ACTUATORS 1500,1500,0,1200,1000,2000
65.93 21 CALIBRATION -9.136 0.037 0.5 2
65.96 21 NAVIGATION 0 0 0 0 286 0. 570986.7
66.01 21 WP_MOVED 2 358071. 4822161. 0.
66.02 21 DOWNLINK_STATUS 64 12508 828 0 292. 19.
66.02 21 SERVO 9600 -9600 0
66.13 21 DESIRED 0. 0. 0. 0. 700. -2.
66.19 21 NAVIGATION 0 0 0 0 286 0. 570986.7
66.22 21 ATTITUDE 0 0 0
66.22 21 PPRZ_MODE 2 3 1 0 0 6 0
66.31 21 ESTIMATOR 709.234009 -0.07417 923.400024 -7.416992 915.120056
66.37 21 DL_VALUE 7 0.
66.42 21 NAVIGATION 0 0 0 0 286 0. 570986.7
66.48 21 WP_MOVED 0 358113. 4822203. 702.
66.54 21 DL_VALUE 42 1875.
66.65 21 COMMANDS 0,-9600,9600,-9600,0
66.68 21 NAVIGATION 0 0 0 0 286 0. 570986.7
66.70 21 ATTITUDE 0 0 0
66.74 21 GYRO_RATES -156 -182 -151 1.361357 -1.58825 1.317724
66.76 21 FBW_STATUS 2 1 121
66.78 21 ESTIMATOR 709.20697 -0.035557 920.700012 -3.555679 914.76001
66.89 21 NAVIGATION 0 0 0 0 286 0. 570986.7
66.95 21 WP_MOVED 1 358824.90625 4822110. 702.
67.03 21 DOWNLINK_STATUS 65 12765 846 0 257. 18.
67.06 21 DESIRED 0. 0. 0. 0. 700. -2.
67.14 21 NAVIGATION 0 0 0 0 286 0. 570986.7
67.17 21 ATTITUDE 0 0 0
67.25 21 ESTIMATOR 709.098999 0.007021 909.900024 0.702133 915.480042
67.31 21 DL_VALUE 8 0.
67.36 21 NAVIGATION 0 0 0 0 286 0. 570986.7
67.43 21 WP_MOVED 2 358071. 4822161. 0.
67.59 21 COMMANDS 0,-9600,9600,-9600,0
67.63 21 NAVIGATION 0 0 0 0 286 0. 570986.7
67.67 21 ATTITUDE 0 0 0
67.68 21 GYRO_RATES -165 -190 -161 1.439897 -1.658063 1.40499
67.69 21 DL_VALUE 42 1875.
67.73 21 FBW_STATUS 2 1 121
67.75 21 ESTIMATOR 709.031494 0.030915 903.150024 3.091469 916.289978
67.76 21 BAT 0 121 0 0 51 51 0
67.79 21 CALIBRATION -9.179 0.037 0.5 2
67.83 21 NAVIGATION 0 0 0 0 286 0. 570986.7
67.88 21 WP_MOVED 0 358113. 4822203. 702.
67.90 21 SERVO 9600 -9600 0
68.01 21 DESIRED 0. 0. 0. 0. 700. -2.
68.05 21 DOWNLINK_STATUS 66 13068 866 0 303. 20.
68.06 21 NAVIGATION 0 0 0 0 286 0. 570986.7
68.09 21 ATTITUDE 0 0 0
68.18 21 ESTIMATOR 709.072021 0.024973 907.200012 2.49733 916.19989
68.25 21 DL_VALUE 9 466.
68.30 21 NAVIGATION 0 0 0 0 286 0. 570986.7
68.36 21 WP_MOVED 1 358824.90625 4822110. 702.
68.53 21 COMMANDS 0,-9600,9600,-9600,0
68.56 21 NAVIGATION 0 0 0 0 286 0. 570986.7
68.58 21 ATTITUDE 0 0 0
68.63 21 GYRO_RATES -159 -185 -155 1.387537 -1.61443 1.35263
68.67 21 FBW_STATUS 2 1 121
68.67 21 ESTIMATOR 709.125977 0.067311 912.600037 6.731148 916.559937
68.77 21 NAVIGATION 0 0 0 0 286 0. 570986.7
68.82 21 WP_MOVED 2 358071. 4822161. 0.
68.94 21 DESIRED 0. 0. 0. 0. 700. -2.
69.00 21 NAVIGATION 0 0 0 0 286 0. 570986.7
69.02 21 ATTITUDE 0 0 0
69.05 21 DOWNLINK_STATUS 67 13327 883 0 259. 17.
69.13 21 ESTIMATOR 709.179993 0.021843 918. 2.184296 916.920044
69.18 21 DL_VALUE 10 492.
69.24 21 NAVIGATION 0 0 0 0 286 0. 570986.7
69.29 21 WP_MOVED 0 358113. 4822203. 702.
69.46 21 COMMANDS 0,-9600,9600,-9600,0
69.49 21 NAVIGATION 0 0 0 0 286 0. 570986.7
69.51 21 ATTITUDE 0 0 0
69.56 21 GYRO_RATES -152 -177 -146 1.32645 -1.544616 1.27409
69.57 21 FBW_STATUS 2 1 121
69.61 21 ESTIMATOR 709.274475 -0.03186 927.450012 -3.185997 915.299927
69.65 21 BAT 0 121 0 0 53 53 0
69.69 21 CALIBRATION -9.144 0.037 0.5 2
69.72 21 NAVIGATION 0 0 0 0 286 0. 570986.7
69.76 21 WP_MOVED 1 358824.90625 4822110. 702.
69.78 21 SERVO 9600 -9600 0
69.89 21 DESIRED 0. 0. 0. 0. 700. -2.
69.90 21 DL_VALUE 42 1015.625
69.94 21 NAVIGATION 0 0 0 0 286 0. 570986.7
69.96 21 ATTITUDE 0 0 0
70.05 21 DOWNLINK_STATUS 68 13604 902 0 277. 19.
70.07 21 ESTIMATOR 709.274475 -0.044279 927.450012 -4.427948 915.480042
70.13 21 DL_VALUE 11 461.
70.17 21 NAVIGATION 0 0 0 0 286 0. 570986.7
70.24 21 WP_MOVED 2 358071. 4822161. 0.
70.25 21 NAVIGATION_REF 358071 4822161 31
70.40 21 COMMANDS 0,-9600,9600,-9600,0
70.43 21 NAVIGATION 0 0 0 0 286 0. 570986.7
70.45 21 ATTITUDE 0 0 0
70.49 21 GYRO_RATES -157 -182 -153 1.370083 -1.58825 1.335177
70.51 21 FBW_STATUS 2 1 121
70.53 21 ESTIMATOR 709.20697 -0.069173 920.700012 -6.917267 915.840088
70.60 21 ACTUATORS 1500,1500,0,1200,1000,2000
70.65 21 NAVIGATION 0 0 0 0 286 0. 570986.7
70.70 21 WP_MOVED 0 358113. 4822203. 702.
70.82 21 DESIRED 0. 0. 0. 0. 700. -2.
70.88 21 NAVIGATION 0 0 0 0 286 0. 570986.7
70.90 21 ATTITUDE 0 0 0
70.91 21 PPRZ_MODE 2 3 1 0 0 6 0
71.00 21 ESTIMATOR 709.125977 -0.053703 912.600037 -5.370255 915.390015
71.05 21 DOWNLINK_STATUS 69 13894 921 0 290. 19.
71.06 21 DL_VALUE 12 1.35
71.12 21 NAVIGATION 0 0 0 0 286 0. 570986.7
71.15 21 DL_VALUE 42 1015.625
71.19 21 WP_MOVED 1 358824.90625 4822110. 702.
71.34 21 COMMANDS 0,-9600,9600,-9600,0
71.37 21 NAVIGATION 0 0 0 0 286 0. 570986.7
71.39 21 ATTITUDE 0 0 0
71.42 21 GYRO_RATES -167 -192 -162 1.45735 -1.675516 1.413717
71.46 21 FBW_STATUS 2 1 121
71.48 21 ESTIMATOR 709.044983 0.033776 904.5 3.377647 915.840027
71.51 21 BAT 0 121 0 0 55 55 0
71.54 21 CALIBRATION -9.178 0.037 0.5 2
71.58 21 NAVIGATION 0 0 0 0 286 0. 570986.7
71.64 21 WP_MOVED 2 358071. 4822161. 0.
71.67 21 SERVO 9600 -9600 0
71.75 21 DESIRED 0. 0. 0. 0. 700. -2.
71.82 21 NAVIGATION 0 0 0 0 286 0. 570986.7
71.83 21 ATTITUDE 0 0 0
71.93 21 ESTIMATOR 709.08551 0.05003 908.549988 5.003014 916.830017
72.00 21 DL_VALUE 13 0.
72.07 21 NAVIGATION 0 0 0 0 286 0. 570986.7
72.07 21 DOWNLINK_STATUS 70 14196 942 0 302. 21.
72.10 21 WP_MOVED 0 358113. 4822203. 702.
72.29 21 COMMANDS 0,-9600,9600,-9600,0
72.32 21 NAVIGATION 0 0 0 0 286 0. 570986.7
72.32 21 ATTITUDE 0 0 0
72.37 21 GYRO_RATES -159 -186 -154 1.387537 -1.623156 1.343904
72.38 21 FBW_STATUS 2 1 121
72.42 21 ESTIMATOR 709.08551 0.062531 908.549988 6.253128 916.02002
72.52 21 NAVIGATION 0 0 0 0 286 0. 570986.7
72.57 21 WP_MOVED 1 358824.90625 4822110. 702.
72.69 21 DESIRED 0. 0. 0. 0. 700. -2.
72.76 21 NAVIGATION 0 0 0 0 286 0. 570986.7
72.77 21 ATTITUDE 0 0 0
72.87 21 ESTIMATOR 709.179993 0.043117 918. 4.311676 915.480103
72.94 21 DL_VALUE 14 0.
72.99 21 NAVIGATION 0 0 0 0 286 0. 570986.7
73.04 21 WP_MOVED 2 358071. 4822161. 0.
73.06 21 DOWNLINK_STATUS 71 14444 958 0 248. 16.
73.21 21 COMMANDS 0,-9600,9600,-9600,0
73.24 21 NAVIGATION 0 0 0 0 286 0. 570986.7
73.27 21 ATTITUDE 0 0 0
73.30 21 GYRO_RATES -150 -176 -146 1.308997 -1.53589 1.27409
73.31 21 FBW_STATUS 2 1 121
73.34 21 ESTIMATOR 709.315002 -0.037583 931.5 -3.758278 916.380127
73.38 21 BAT 0 121 0 0 57 57 0
73.41 21 CALIBRATION -9.142 0.037 0.5 2
73.46 21 NAVIGATION 0 0 0 0 286 0. 570986.7
73.51 21 WP_MOVED 0 358113. 4822203. 702.
73.53 21 SERVO 9600 -9600 0
73.63 21 DESIRED 0. 0. 0. 0. 700. -2.
73.69 21 NAVIGATION 0 0 0 0 286 0. 570986.7
73.74 21 ATTITUDE 0 0 0
73.81 21 ESTIMATOR 709.234009 -0.073225 923.400024 -7.322464 915.03009
73.87 21 DL_VALUE 15 0.75
73.92 21 NAVIGATION 0 0 0 0 286 0. 570986.7
73.98 21 WP_MOVED 1 358824.90625 4822110. 702.
74.07 21 DOWNLINK_STATUS 72 14714 976 0 270. 18.
74.15 21 COMMANDS 0,-9600,9600,-9600,0
74.18 21 NAVIGATION 0 0 0 0 286 0. 570986.7
74.20 21 ATTITUDE 0 0 0
74.23 21 GYRO_RATES -156 -182 -152 1.361357 -1.58825 1.32645
74.24 21 FBW_STATUS 2 1 121
74.29 21 ESTIMATOR 709.20697 -0.052892 920.700012 -5.289154 914.850037
74.39 21 NAVIGATION 0 0 0 0 286 0. 570986.7
74.41 21 DL_VALUE 42 1890.625
74.45 21 WP_MOVED 2 358071. 4822161. 0.
74.56 21 DESIRED 0. 0. 0. 0. 700. -2.
74.63 21 NAVIGATION 0 0 0 0 286 0. 570986.7
74.66 21 ATTITUDE 0 0 0
74.75 21 ESTIMATOR 709.098999 0.027296 909.900024 2.729645 916.200073
74.80 21 DL_VALUE 16 25000.
74.86 21 NAVIGATION 0 0 0 0 286 0. 570986.7
74.92 21 WP_MOVED 0 358113. 4822203. 702.
75.07 21 DOWNLINK_STATUS 73 14954 992 0 240. 16.
75.09 21 COMMANDS 0,-9600,9600,-9600,0
75.12 21 NAVIGATION 0 0 0 0 286 0. 570986.7
75.15 21 ATTITUDE 0 0 0
75.19 21 GYRO_RATES -165 -190 -160 1.439897 -1.658063 1.396263
75.19 21 FBW_STATUS 2 1 121
75.22 21 ESTIMATOR 709.058472 -0.018251 905.850037 -1.825142 916.649963
75.24 21 BAT 0 121 0 0 59 59 0
75.27 21 ACTUATORS 1500,1500,0,1200,1000,2000
75.30 21 CALIBRATION -9.182 0.037 0.5 2
75.33 21 NAVIGATION 0 0 0 0 286 0. 570986.7
75.38 21 WP_MOVED 1 358824.90625 4822110. 702.
75.42 21 SERVO 9600 -9600 0
75.51 21 DESIRED 0. 0. 0. 0. 700. -2.
75.57 21 NAVIGATION 0 0 0 0 286 0. 570986.7
75.58 21 ATTITUDE 0 0 0
75.60 21 PPRZ_MODE 2 3 1 0 0 6 0
75.70 21 ESTIMATOR 709.072021 0.048168 907.200012 4.81678 916.559937
75.75 21 DL_VALUE 17 25000.
75.80 21 NAVIGATION 0 0 0 0 286 0. 570986.7
75.85 21 WP_MOVED 2 358071. 4822161. 0.
76.02 21 COMMANDS 0,-9600,9600,-9600,0
76.06 21 NAVIGATION 0 0 0 0 286 0. 570986.7
76.07 21 DOWNLINK_STATUS 74 15279 1014 0 325. 22.
76.11 21 ATTITUDE 0 0 0
76.13 21 GYRO_RATES -160 -184 -154 1.396263 -1.605703 1.343904
76.14 21 FBW_STATUS 2 1 121
76.16 21 ESTIMATOR 709.125977 0.066337 912.600037 6.63372 916.650024
76.27 21 NAVIGATION 0 0 0 0 286 0. 570986.7
76.32 21 WP_MOVED 0 358113. 4822203. 702.
76.44 21 DESIRED 0. 0. 0. 0. 700. -2.
76.50 21 NAVIGATION 0 0 0 0 286 0. 570986.7
76.52 21 ATTITUDE 0 0 0
76.62 21 ESTIMATOR 709.20697 -0.013823 920.700012 -1.382294 916.560181
76.69 21 DL_VALUE 18 0.75
76.76 21 NAVIGATION 0 0 0 0 286 0. 570986.7
76.79 21 WP_MOVED 1 358824.90625 4822110. 702.
76.96 21 COMMANDS 0,-9600,9600,-9600,0
76.99 21 NAVIGATION 0 0 0 0 286 0. 570986.7
77.02 21 ATTITUDE 0 0 0
77.07 21 GYRO_RATES -151 -176 -146 1.317724 -1.53589 1.27409
77.07 21 FBW_STATUS 2 1 121
77.07 21 DOWNLINK_STATUS 75 15545 1032 0 266. 18.
77.10 21 ESTIMATOR 709.274475 -0.030833 927.450012 -3.083344 914.76001
77.13 21 BAT 0 121 0 0 61 61 0
77.17 21 CALIBRATION -9.142 0.037 0.5 2
77.21 21 NAVIGATION 0 0 0 0 286 0. 570986.7
77.26 21 WP_MOVED 2 358071. 4822161. 0.
77.28 21 SERVO 9600 -9600 0
77.39 21 DESIRED 0. 0. 0. 0. 700. -2.
77.44 21 NAVIGATION 0 0 0 0 286 0. 570986.7
77.46 21 ATTITUDE 0 0 0
77.56 21 ESTIMATOR 709.234009 -0.03656 923.400024 -3.656006 914.490051
77.63 21 DL_VALUE 19 13000.
77.67 21 NAVIGATION 0 0 0 0 286 0. 570986.7
77.72 21 WP_MOVED 0 358113. 4822203. 702.
77.90 21 COMMANDS 0,-9600,9600,-9600,0
77.93 21 NAVIGATION 0 0 0 0 286 0. 570986.7
77.95 21 ATTITUDE 0 0 0
77.99 21 GYRO_RATES -159 -184 -153 1.387537 -1.605703 1.335177
78.00 21 FBW_STATUS 2 1 121
78.06 21 ESTIMATOR 709.153015 -0.021004 915.299988 -2.100449 915.660217
78.09 21 DOWNLINK_STATUS 76 15837 1051 0 292. 19.
78.14 21 NAVIGATION 0 0 0 0 286 0. 570986.7
78.19 21 WP_MOVED 1 358824.90625 4822110. 702.
78.32 21 DESIRED 0. 0. 0. 0. 700. -2.
78.33 21 DL_VALUE 42 1000.
78.38 21 NAVIGATION 0 0 0 0 286 0. 570986.7
78.40 21 ATTITUDE 0 0 0
78.49 21 ESTIMATOR 709.058472 0.009856 905.850037 0.985603 915.210083
78.57 21 DL_VALUE 20 13000.
78.61 21 NAVIGATION 0 0 0 0 286 0. 570986.7
78.67 21 WP_MOVED 2 358071. 4822161. 0.
78.71 21 NAVIGATION_REF 358071 4822161 31
78.84 21 COMMANDS 0,-9600,9600,-9600,0
78.87 21 NAVIGATION 0 0 0 0 286 0. 570986.7
78.89 21 ATTITUDE 0 0 0
78.92 21 GYRO_RATES -167 -192 -162 1.45735 -1.675516 1.413717
78.93 21 FBW_STATUS 2 1 121
78.96 21 ESTIMATOR 709.058472 0.026944 905.850037 2.694397 916.2901
79.00 21 BAT 0 121 0 0 63 63 0
79.04 21 CALIBRATION -9.178 0.037 0.5 2
79.09 21 NAVIGATION 0 0 0 0 286 0. 570986.7
79.09 21 DOWNLINK_STATUS 77 16135 1071 0 298. 20.
79.14 21 WP_MOVED 0 358113. 4822203. 702.
79.15 21 SERVO 9600 -9600 0
79.25 21 DESIRED 0. 0. 0. 0. 700. -2.
79.32 21 NAVIGATION 0 0 0 0 286 0. 570986.7
79.33 21 ATTITUDE 0 0 0
79.47 21 ESTIMATOR 709.098999 0.049979 909.900024 4.997864 917.100037
79.53 21 DL_VALUE 21 0.75
79.56 21 NAVIGATION 0 0 0 0 286 0. 570986.7
79.60 21 WP_MOVED 1 358824.90625 4822110. 702.
79.77 21 COMMANDS 0,-9600,9600,-9600,0
79.81 21 NAVIGATION 0 0 0 0 286 0. 570986.7
79.82 21 ATTITUDE 0 0 0
79.86 21 GYRO_RATES -157 -183 -152 1.370083 -1.596976 1.32645
79.88 21 FBW_STATUS 2 1 121
79.94 21 ESTIMATOR 709.139526 0.061451 913.950012 6.145096 915.749939
79.96 21 ACTUATORS 1500,1500,0,1200,1000,2000
80.02 21 NAVIGATION 0 0 0 0 286 0. 570986.7
80.07 21 WP_MOVED 2 358071. 4822161. 0.
80.12 21 DOWNLINK_STATUS 78 16406 1089 0 271. 18.
80.21 21 DESIRED 0. 0. 0. 0. 700. -2.
80.27 21 NAVIGATION 0 0 0 0 286 0. 570986.7
80.29 21 ATTITUDE 0 0 0
80.30 21 PPRZ_MODE 2 3 1 0 0 6 0
80.37 21 ESTIMATOR 709.274475 -0.032912 927.450012 -3.291168 915.390015
80.43 21 DL_VALUE 22 18000.
80.48 21 NAVIGATION 0 0 0 0 286 0. 570986.7
80.54 21 WP_MOVED 0 358113. 4822203. 702.
80.72 21 COMMANDS 0,-9600,9600,-9600,0
80.74 21 NAVIGATION 0 0 0 0 286 0. 570986.7
80.76 21 ATTITUDE 0 0 0
80.80 21 GYRO_RATES -150 -177 -146 1.308997 -1.544616 1.27409
80.82 21 FBW_STATUS 2 1 121
80.84 21 ESTIMATOR 709.274475 -0.015281 927.450012 -1.52813 915.840027
80.86 21 BAT 0 121 0 0 65 65 0
80.92 21 CALIBRATION -9.133 0.037 0.5 2
80.95 21 NAVIGATION 0 0 0 0 286 0. 570986.7
81.01 21 WP_MOVED 1 358824.90625 4822110. 702.
81.02 21 SERVO 9600 -9600 0
81.11 21 DOWNLINK_STATUS 79 16685 1108 0 279. 19.
81.13 21 DESIRED 0. 0. 0. 0. 700. -2.
81.20 21 NAVIGATION 0 0 0 0 286 0. 570986.7
81.22 21 ATTITUDE 0 0 0
81.30 21 ESTIMATOR 709.20697 -0.082861 920.700012 -8.286057 915.210022
81.36 21 DL_VALUE 23 18000.
81.42 21 NAVIGATION 0 0 0 0 286 0. 570986.7
81.48 21 WP_MOVED 2 358071. 4822161. 0.
81.64 21 COMMANDS 0,-9600,9600,-9600,0
81.69 21 NAVIGATION 0 0 0 0 286 0. 570986.7
81.73 21 ATTITUDE 0 0 0
81.75 21 GYRO_RATES -160 -185 -156 1.396263 -1.61443 1.361357
81.75 21 FBW_STATUS 2 1 121
81.79 21 ESTIMATOR 709.139526 -0.045091 913.950012 -4.509087 914.670105
81.89 21 NAVIGATION 0 0 0 0 286 0. 570986.7
81.95 21 WP_MOVED 0 358113. 4822203. 702.
82.07 21 DESIRED 0. 0. 0. 0. 700. -2.
82.11 21 DOWNLINK_STATUS 80 16944 1124 0 259. 16.
82.13 21 NAVIGATION 0 0 0 0 286 0. 570986.7
82.14 21 ATTITUDE 0 0 0
82.26 21 ESTIMATOR 709.044983 0.061802 904.5 6.180229 915.840027
82.30 21 DL_VALUE 24 0.3
82.36 21 NAVIGATION 0 0 0 0 286 0. 570986.7
82.41 21 WP_MOVED 1 358824.90625 4822110. 702.
82.58 21 COMMANDS 0,-9600,9600,-9600,0
82.62 21 NAVIGATION 0 0 0 0 286 0. 570986.7
82.64 21 ATTITUDE 0 0 0
82.67 21 GYRO_RATES -163 -189 -159 1.422443 -1.649336 1.387537
82.69 21 FBW_STATUS 2 1 121
82.75 21 ESTIMATOR 709.08551 -8.1e-05 908.549988 -0.008087 916.650085
82.79 21 BAT 0 121 0 0 66 66 0
82.81 21 CALIBRATION -9.177 0.037 0.5 2
82.84 21 NAVIGATION 0 0 0 0 286 0. 570986.7
82.88 21 WP_MOVED 2 358071. 4822161. 0.
82.90 21 SERVO 9600 -9600 0
83.01 21 DESIRED 0. 0. 0. 0. 700. -2.
83.06 21 NAVIGATION 0 0 0 0 286 0. 570986.7
83.08 21 ATTITUDE 0 0 0
83.11 21 DOWNLINK_STATUS 81 17240 1144 0 296. 20.
83.18 21 ESTIMATOR 709.098999 0.081835 909.900024 8.183479 916.02002
83.24 21 DL_VALUE 25 -0.125277
83.30 21 NAVIGATION 0 0 0 0 286 0. 570986.7
83.35 21 WP_MOVED 0 358113. 4822203. 702.
83.53 21 COMMANDS 0,-9600,9600,-9600,0
83.56 21 NAVIGATION 0 0 0 0 286 0. 570986.7
83.58 21 ATTITUDE 0 0 0
83.61 21 GYRO_RATES -156 -182 -150 1.361357 -1.58825 1.308997
83.62 21 FBW_STATUS 2 1 121
83.66 21 ESTIMATOR 709.179993 0.035397 918. 3.539734 916.110046
83.77 21 NAVIGATION 0 0 0 0 286 0. 570986.7
83.82 21 WP_MOVED 1 358824.90625 4822110. 702.
83.94 21 DESIRED 0. 0. 0. 0. 700. -2.
84.00 21 NAVIGATION 0 0 0 0 286 0. 570986.7
84.02 21 ATTITUDE 0 0 0
84.11 21 DOWNLINK_STATUS 82 17473 1159 0 233. 15.
84.13 21 ESTIMATOR 709.260986 -0.027161 926.100037 -2.716103 916.02002
84.18 21 DL_VALUE 26 0.005
84.24 21 NAVIGATION 0 0 0 0 286 0. 570986.7
84.30 21 WP_MOVED 2 358071. 4822161. 0.
84.46 21 COMMANDS 0,-9600,9600,-9600,0
84.49 21 NAVIGATION 0 0 0 0 286 0. 570986.7
84.51 21 ATTITUDE 0 0 0
84.56 21 GYRO_RATES -153 -178 -147 1.335177 -1.553343 1.282817
84.59 21 FBW_STATUS 2 1 121
84.60 21 ESTIMATOR 709.22052 -0.016335 922.049988 -1.633492 914.399963
84.62 21 BAT 0 121 0 0 68 68 0
84.65 21 ACTUATORS 1500,1500,0,1200,1000,2000
84.67 21 CALIBRATION -9.135 0.037 0.5 2
84.72 21 NAVIGATION 0 0 0 0 286 0. 570986.7
84.76 21 WP_MOVED 0 358113. 4822203. 702.
84.78 21 SERVO 9600 -9600 0
84.88 21 DESIRED 0. 0. 0. 0. 700. -2.
84.94 21 NAVIGATION 0 0 0 0 286 0. 570986.7
84.96 21 ATTITUDE 0 0 0
84.98 21 PPRZ_MODE 2 3 1 0 0 6 0
85.06 21 ESTIMATOR 709.20697 -0.05678 920.700012 -5.678024 914.939941
85.12 21 DL_VALUE 27 0.037
85.12 21 DOWNLINK_STATUS 83 17796 1181 0 323. 22.
85.17 21 NAVIGATION 0 0 0 0 286 0. 570986.7
85.23 21 WP_MOVED 1 358824.90625 4822110. 702.
85.40 21 COMMANDS 0,-9600,9600,-9600,0
85.43 21 NAVIGATION 0 0 0 0 286 0. 570986.7
85.45 21 ATTITUDE 0 0 0
85.48 21 GYRO_RATES -161 -188 -157 1.40499 -1.64061 1.370083
85.49 21 FBW_STATUS 2 1 121
85.53 21 ESTIMATOR 709.098999 -0.010259 909.900024 -1.025887 915.659973
85.64 21 NAVIGATION 0 0 0 0 286 0. 570986.7
85.70 21 WP_MOVED 2 358071. 4822161. 0.
85.82 21 DESIRED 0. 0. 0. 0. 700. -2.
85.88 21 NAVIGATION 0 0 0 0 286 0. 570986.7
85.89 21 ATTITUDE 0 0 0
85.99 21 ESTIMATOR 709.044983 0.00678 904.5 0.677986 915.569946
86.05 21 DL_VALUE 28 0.
86.11 21 NAVIGATION 0 0 0 0 286 0. 570986.7
86.12 21 DOWNLINK_STATUS 84 18047 1197 0 251. 16.
86.16 21 WP_MOVED 0 358113. 4822203. 702.
86.35 21 COMMANDS 0,-9600,9600,-9600,0
86.37 21 NAVIGATION 0 0 0 0 286 0. 570986.7
86.39 21 ATTITUDE 0 0 0
86.42 21 GYRO_RATES -166 -192 -161 1.448623 -1.675516 1.40499
86.45 21 FBW_STATUS 2 1 121
86.48 21 ESTIMATOR 709.08551 0.024973 908.549988 2.49733 916.46991
86.52 21 BAT 0 121 0 0 70 70 0
86.54 21 CALIBRATION -9.175 0.037 0.5 2
86.58 21 NAVIGATION 0 0 0 0 286 0. 570986.7
86.63 21 WP_MOVED 1 358824.90625 4822110. 702.
86.65 21 SERVO 9600 -9600 0
86.75 21 DESIRED 0. 0. 0. 0. 700. -2.
86.83 21 NAVIGATION 0 0 0 0 286 0. 570986.7
86.84 21 ATTITUDE 0 0 0
86.93 21 ESTIMATOR 709.112488 0.074978 911.25 7.497826 916.740051
86.99 21 DL_VALUE 29 0.045
87.05 21 NAVIGATION 0 0 0 0 286 0. 570986.7
87.10 21 WP_MOVED 2 358071. 4822161. 0.
87.12 21 DOWNLINK_STATUS 85 18332 1216 0 285. 19.
87.12 21 NAVIGATION_REF 358071 4822161 31
87.27 21 COMMANDS 0,-9600,9600,-9600,0
87.31 21 NAVIGATION 0 0 0 0 286 0. 570986.7
87.33 21 ATTITUDE 0 0 0
87.36 21 GYRO_RATES -155 -181 -150 1.35263 -1.579523 1.308997
87.37 21 FBW_STATUS 2 1 121
87.41 21 ESTIMATOR 709.20697 -0.000213 920.700012 -0.021324 915.120056
87.52 21 NAVIGATION 0 0 0 0 286 0. 570986.7
87.57 21 WP_MOVED 0 358113. 4822203. 702.
87.69 21 DESIRED 0. 0. 0. 0. 700. -2.
87.75 21 NAVIGATION 0 0 0 0 286 0. 570986.7
87.79 21 ATTITUDE 0 0 0
87.87 21 ESTIMATOR 709.288025 -0.022195 928.799988 -2.219543 915.299988
87.92 21 DL_VALUE 30 1.
87.99 21 NAVIGATION 0 0 0 0 286 0. 570986.7
88.04 21 WP_MOVED 1 358824.90625 4822110. 702.
88.13 21 DOWNLINK_STATUS 86 18576 1232 0 244. 16.
88.23 21 COMMANDS 0,-9600,9600,-9600,0
88.25 21 NAVIGATION 0 0 0 0 286 0. 570986.7
88.26 21 ATTITUDE 0 0 0
88.30 21 GYRO_RATES -152 -177 -148 1.32645 -1.544616 1.291544
88.30 21 FBW_STATUS 2 1 121
88.34 21 ESTIMATOR 709.274475 -0.050979 927.450012 -5.097885 915.300049
88.36 21 BAT 0 121 0 0 72 72 0
88.42 21 CALIBRATION -9.135 0.037 0.5 2
88.45 21 NAVIGATION 0 0 0 0 286 0. 570986.7
88.50 21 WP_MOVED 2 358071. 4822161. 0.
88.52 21 SERVO 9600 -9600 0
88.64 21 DESIRED 0. 0. 0. 0. 700. -2.
88.70 21 NAVIGATION 0 0 0 0 286 0. 570986.7
88.71 21 ATTITUDE 0 0 0
88.80 21 ESTIMATOR 709.193481 -0.07506 919.350037 -7.505951 915.47998
88.86 21 DL_VALUE 31 0.
88.92 21 NAVIGATION 0 0 0 0 286 0. 570986.7
88.98 21 WP_MOVED 0 358113. 4822203. 702.
89.13 21 DOWNLINK_STATUS 87 18846 1250 0 270. 18.
89.15 21 COMMANDS 0,-9600,9600,-9600,0
89.18 21 NAVIGATION 0 0 0 0 286 0. 570986.7
89.20 21 ATTITUDE 0 0 0
89.25 21 GYRO_RATES -163 -187 -157 1.422443 -1.631883 1.370083
89.27 21 FBW_STATUS 2 1 121
89.28 21 ESTIMATOR 709.098999 -0.007478 909.900024 -0.747757 915.030029
89.34 21 ACTUATORS 1500,1500,0,1200,1000,2000
89.39 21 NAVIGATION 0 0 0 0 286 0. 570986.7
89.45 21 WP_MOVED 1 358824.90625 4822110. 702.
89.57 21 DESIRED 0. 0. 0. 0. 700. -2.
89.63 21 NAVIGATION 0 0 0 0 286 0. 570986.7
89.64 21 ATTITUDE 0 0 0
89.66 21 PPRZ_MODE 2 3 1 0 0 6 0
89.76 21 ESTIMATOR 709.044983 0.079083 904.5 7.908287 916.650024
89.82 21 DL_VALUE 32 0.
89.87 21 NAVIGATION 0 0 0 0 286 0. 570986.7
89.92 21 WP_MOVED 2 358071. 4822161. 0.
90.08 21 COMMANDS 0,-9600,9600,-9600,0
90.14 21 NAVIGATION 0 0 0 0 286 0. 570986.7
90.14 21 DOWNLINK_STATUS 88 19134 1269 0 288. 19.
90.17 21 ATTITUDE 0 0 0
90.19 21 GYRO_RATES -164 -188 -159 1.43117 -1.64061 1.387537
90.20 21 FBW_STATUS 2 1 121
90.23 21 ESTIMATOR 709.098999 -0.018417 909.900024 -1.84166 917.460022
90.27 21 BAT 0 121 0 0 74 74 0
90.29 21 CALIBRATION -9.177 0.037 0.5 2
90.33 21 NAVIGATION 0 0 0 0 286 0. 570986.7
90.38 21 WP_MOVED 0 358113. 4822203. 702.
90.41 21 SERVO 9600 -9600 0
90.50 21 DESIRED 0. 0. 0. 0. 700. -2.
90.56 21 NAVIGATION 0 0 0 0 286 0. 570986.7
90.58 21 ATTITUDE 0 0 0
90.69 21 ESTIMATOR 709.098999 0.084671 909.900024 8.46714 915.930054
90.75 21 DL_VALUE 33 0.037
90.80 21 NAVIGATION 0 0 0 0 286 0. 570986.7
90.85 21 WP_MOVED 1 358824.90625 4822110. 702.
91.02 21 COMMANDS 0,-9600,9600,-9600,0
91.06 21 NAVIGATION 0 0 0 0 286 0. 570986.7
91.08 21 ATTITUDE 0 0 0
91.11 21 GYRO_RATES -154 -180 -148 1.343904 -1.570796 1.291544
91.14 21 FBW_STATUS 2 1 121
91.15 21 DOWNLINK_STATUS 89 19437 1290 0 303. 21.
91.17 21 ESTIMATOR 709.22052 0.019036 922.049988 1.90361 916.290039
91.27 21 NAVIGATION 0 0 0 0 286 0. 570986.7
91.32 21 WP_MOVED 2 358071. 4822161. 0.
91.44 21 DESIRED 0. 0. 0. 0. 700. -2.
91.50 21 NAVIGATION 0 0 0 0 286 0. 570986.7
91.52 21 ATTITUDE 0 0 0
91.62 21 ESTIMATOR 709.247498 -0.033805 924.75 -3.380547 915.840088
91.69 21 DL_VALUE 34 0.037
91.75 21 NAVIGATION 0 0 0 0 286 0. 570986.7
91.79 21 WP_MOVED 0 358113. 4822203. 702.
91.96 21 COMMANDS 0,-9600,9600,-9600,0
91.99 21 NAVIGATION 0 0 0 0 286 0. 570986.7
92.01 21 ATTITUDE 0 0 0
92.05 21 GYRO_RATES -153 -179 -148 1.335177 -1.56207 1.291544
92.08 21 FBW_STATUS 2 1 121
92.10 21 ESTIMATOR 709.234009 -0.02017 923.400024 -2.016983 914.490051
92.14 21 BAT 0 121 0 0 76 76 0
92.17 21 DOWNLINK_STATUS 90 19706 1307 0 269. 17.
92.17 21 CALIBRATION -9.141 0.037 0.5 2
92.21 21 NAVIGATION 0 0 0 0 286 0. 570986.7
92.26 21 WP_MOVED 1 358824.90625 4822110. 702.
92.31 21 SERVO 9600 -9600 0
92.38 21 DESIRED 0. 0. 0. 0. 700. -2.
92.44 21 NAVIGATION 0 0 0 0 286 0. 570986.7
92.47 21 ATTITUDE 0 0 0
92.56 21 ESTIMATOR 709.179993 -0.066366 918. -6.636581 915.210022
92.61 21 DL_VALUE 35 0.
92.67 21 NAVIGATION 0 0 0 0 286 0. 570986.7
92.73 21 WP_MOVED 2 358071. 4822161. 0.
92.90 21 COMMANDS 0,-9600,9600,-9600,0
92.93 21 NAVIGATION 0 0 0 0 286 0. 570986.7
92.95 21 ATTITUDE 0 0 0
92.98 21 GYRO_RATES -163 -188 -158 1.422443 -1.64061 1.37881
92.99 21 FBW_STATUS 2 1 121
93.03 21 ESTIMATOR 709.098999 0.006995 909.900024 0.699463 915.840088
93.14 21 NAVIGATION 0 0 0 0 286 0. 570986.7
93.15 21 DOWNLINK_STATUS 91 19980 1325 0 274. 18.
93.19 21 WP_MOVED 0 358113. 4822203. 702.
93.32 21 DESIRED 0. 0. 0. 0. 700. -2.
93.39 21 NAVIGATION 0 0 0 0 286 0. 570986.7
93.39 21 ATTITUDE 0 0 0
93.49 21 ESTIMATOR 709.044983 -0.027974 904.5 -2.797432 915.029968
93.55 21 DL_VALUE 36 0.
93.62 21 NAVIGATION 0 0 0 0 286 0. 570986.7
93.66 21 WP_MOVED 1 358824.90625 4822110. 702.
93.83 21 COMMANDS 0,-9600,9600,-9600,0
93.87 21 NAVIGATION 0 0 0 0 286 0. 570986.7
93.89 21 ATTITUDE 0 0 0
93.92 21 GYRO_RATES -164 -190 -159 1.43117 -1.658063 1.387537
93.93 21 FBW_STATUS 2 1 121
93.97 21 ESTIMATOR 709.098999 0.067443 909.900024 6.744308 915.749939
93.99 21 BAT 0 121 0 0 78 78 0
94.02 21 ACTUATORS 1500,1500,0,1200,1000,2000
94.05 21 CALIBRATION -9.173 0.037 0.5 2
94.08 21 NAVIGATION 0 0 0 0 286 0. 570986.7
94.13 21 WP_MOVED 2 358071. 4822161. 0.
94.15 21 SERVO 9600 -9600 0
94.15 21 DOWNLINK_STATUS 92 20280 1345 0 300. 20.
94.26 21 DESIRED 0. 0. 0. 0. 700. -2.
94.31 21 NAVIGATION 0 0 0 0 286 0. 570986.7
94.33 21 ATTITUDE 0 0 0
94.35 21 PPRZ_MODE 2 3 1 0 0 6 0
94.43 21 ESTIMATOR 709.112488 0.09234 911.25 9.233971 917.01001
94.49 21 DL_VALUE 37 0.
94.55 21 NAVIGATION 0 0 0 0 286 0. 570986.7
94.61 21 WP_MOVED 0 358113. 4822203. 702.
94.79 21 COMMANDS 0,-9600,9600,-9600,0
94.82 21 NAVIGATION 0 0 0 0 286 0. 570986.7
94.82 21 ATTITUDE 0 0 0
94.86 21 GYRO_RATES -153 -179 -148 1.335177 -1.56207 1.291544
94.89 21 FBW_STATUS 2 1 121
94.93 21 ESTIMATOR 709.22052 -0.025323 922.049988 -2.53231 915.210022
95.02 21 NAVIGATION 0 0 0 0 286 0. 570986.7
95.07 21 WP_MOVED 1 358824.90625 4822110. 702.
95.15 21 DOWNLINK_STATUS 93 20522 1361 0 242. 16.
95.19 21 DESIRED 0. 0. 0. 0. 700. -2.
95.26 21 NAVIGATION 0 0 0 0 286 0. 570986.7
95.28 21 ATTITUDE 0 0 0
95.37 21 ESTIMATOR 709.247498 0.001996 924.75 0.199623 915.120056
95.43 21 DL_VALUE 38 0.045
95.48 21 NAVIGATION 0 0 0 0 286 0. 570986.7
95.54 21 WP_MOVED 2 358071. 4822161. 0.
95.56 21 NAVIGATION_REF 358071 4822161 31
95.71 21 COMMANDS 0,-9600,9600,-9600,0
95.74 21 NAVIGATION 0 0 0 0 286 0. 570986.7
95.77 21 ATTITUDE 0 0 0
95.81 21 GYRO_RATES -153 -179 -149 1.335177 -1.56207 1.30027
95.82 21 FBW_STATUS 2 1 121
95.85 21 ESTIMATOR 709.274475 -0.035587 927.450012 -3.558655 915.840027
95.87 21 BAT 0 121 0 0 80 80 0
95.91 21 CALIBRATION -9.139 0.037 0.5 2
95.95 21 NAVIGATION 0 0 0 0 286 0. 570986.7
96.01 21 WP_MOVED 0 358113. 4822203. 702.
96.03 21 SERVO 9600 -9600 0
96.13 21 DESIRED 0. 0. 0. 0. 700. -2.
96.15 21 DOWNLINK_STATUS 94 20829 1381 0 307. 20.
96.19 21 NAVIGATION 0 0 0 0 286 0. 570986.7
96.20 21 ATTITUDE 0 0 0
96.31 21 ESTIMATOR 709.179993 -0.11167 918. -11.166954 915.390076
96.36 21 DL_VALUE 39 0.045
96.42 21 NAVIGATION 0 0 0 0 286 0. 570986.7
96.47 21 WP_MOVED 1 358824.90625 4822110. 702.
96.64 21 COMMANDS 0,-9600,9600,-9600,0
96.69 21 NAVIGATION 0 0 0 0 286 0. 570986.7
96.70 21 ATTITUDE 0 0 0
96.73 21 GYRO_RATES -163 -189 -159 1.422443 -1.649336 1.387537
96.74 21 FBW_STATUS 2 1 121
96.79 21 ESTIMATOR 709.058472 0.044522 905.850037 4.452248 915.120056
96.89 21 NAVIGATION 0 0 0 0 286 0. 570986.7
96.94 21 WP_MOVED 2 358071. 4822161. 0.
97.06 21 DESIRED 0. 0. 0. 0. 700. -2.
97.12 21 NAVIGATION 0 0 0 0 286 0. 570986.7
97.14 21 ATTITUDE 0 0 0
97.15 21 DOWNLINK_STATUS 95 21088 1398 0 259. 17.
97.24 21 ESTIMATOR 709.072021 0.037558 907.200012 3.755836 916.470093
97.31 21 DL_VALUE 40 0.1
97.36 21 NAVIGATION 0 0 0 0 286 0. 570986.7
97.41 21 WP_MOVED 0 358113. 4822203. 702.
97.58 21 COMMANDS 0,-9600,9600,-9600,0
97.62 21 NAVIGATION 0 0 0 0 286 0. 570986.7
97.64 21 ATTITUDE 0 0 0
97.67 21 GYRO_RATES -162 -188 -157 1.413717 -1.64061 1.370083
97.68 21 FBW_STATUS 2 1 121
97.71 21 ESTIMATOR 709.112488 0.015416 911.25 1.541634 917.100037
97.75 21 BAT 0 121 0 0 82 82 0
97.79 21 CALIBRATION -9.173 0.037 0.5 2
97.83 21 NAVIGATION 0 0 0 0 286 0. 570986.7
97.88 21 WP_MOVED 1 358824.90625 4822110. 702.
97.90 21 SERVO 9600 -9600 0
98.00 21 DESIRED 0. 0. 0. 0. 700. -2.
98.07 21 NAVIGATION 0 0 0 0 286 0. 570986.7
98.08 21 ATTITUDE 0 0 0
98.15 21 DOWNLINK_STATUS 96 21358 1416 0 270. 18.
98.19 21 ESTIMATOR 709.139526 0.063476 913.950012 6.34758 916.109985
98.23 21 DL_VALUE 41 0.
98.30 21 NAVIGATION 0 0 0 0 286 0. 570986.7
98.35 21 WP_MOVED 2 358071. 4822161. 0.
98.52 21 COMMANDS 0,-9600,9600,-9600,0
98.56 21 NAVIGATION 0 0 0 0 286 0. 570986.7
98.57 21 ATTITUDE 0 0 0
98.61 21 GYRO_RATES -152 -178 -148 1.32645 -1.553343 1.291544
98.63 21 FBW_STATUS 2 1 121
98.66 21 ESTIMATOR 709.260986 0.0017 926.100037 0.169983 916.559937
98.71 21 ACTUATORS 1500,1500,0,1200,1000,2000
98.78 21 NAVIGATION 0 0 0 0 286 0. 570986.7
98.82 21 WP_MOVED 0 358113. 4822203. 702.
98.94 21 DESIRED 0. 0. 0. 0. 700. -2.
99.00 21 NAVIGATION 0 0 0 0 286 0. 570986.7
99.02 21 ATTITUDE 0 0 0
99.05 21 PPRZ_MODE 2 3 1 0 0 6 0
99.12 21 ESTIMATOR 709.22052 -0.019278 922.049988 -1.927757 916.199951
99.16 21 DOWNLINK_STATUS 97 21637 1434 0 279. 18.
99.18 21 DL_VALUE 42 1000.
99.23 21 NAVIGATION 0 0 0 0 286 0. 570986.7
99.29 21 WP_MOVED 1 358824.90625 4822110. 702.
99.45 21 COMMANDS 0,-9600,9600,-9600,0
99.49 21 NAVIGATION 0 0 0 0 286 0. 570986.7
99.51 21 ATTITUDE 0 0 0
99.55 21 GYRO_RATES -155 -181 -150 1.35263 -1.579523 1.308997
99.57 21 FBW_STATUS 2 1 121
99.62 21 ESTIMATOR 709.234009 -0.066448 923.400024 -6.644821 914.760071
99.62 21 BAT 0 121 0 0 84 84 0
99.67 21 CALIBRATION -9.148 0.037 0.5 2
99.70 21 NAVIGATION 0 0 0 0 286 0. 570986.7
99.78 21 WP_MOVED 2 358071. 4822161. 0.
99.79 21 SERVO 9600 -9600 0
99.88 21 DESIRED 0. 0. 0. 0. 700. -2.
99.94 21 NAVIGATION 0 0 0 0 286 0. 570986.7
99.96 21 ATTITUDE 0 0 0
100.08 21 ESTIMATOR 709.20697 -0.074978 920.700012 -7.497826 915.300171
100.11 21 DL_VALUE 0 700.
100.17 21 DOWNLINK_STATUS 98 21914 1453 0 277. 19.
100.17 21 NAVIGATION 0 0 0 0 286 0. 570986.7
100.23 21 WP_MOVED 0 358113. 4822203. 702.
100.40 21 COMMANDS 0,-9600,9600,-9600,0
100.43 21 NAVIGATION 0 0 0 0 286 0. 570986.7
100.45 21 ATTITUDE 0 0 0
100.49 21 GYRO_RATES -165 -190 -161 1.439897 -1.658063 1.40499
100.52 21 FBW_STATUS 2 1 121
100.53 21 ESTIMATOR 709.044983 0.005967 904.5 0.596695 916.289978
100.65 21 NAVIGATION 0 0 0 0 286 0. 570986.7
100.70 21 WP_MOVED 1 358824.90625 4822110. 702.
100.83 21 DESIRED 0. 0. 0. 0. 700. -2.
100.89 21 NAVIGATION 0 0 0 0 286 0. 570986.7
100.90 21 ATTITUDE 0 0 0
100.99 21 ESTIMATOR 709.08551 0.008585 908.549988 0.858536 916.110107
101.07 21 DL_VALUE 1 1.
101.12 21 NAVIGATION 0 0 0 0 286 0. 570986.7
101.17 21 WP_MOVED 2 358071. 4822161. 0.
101.18 21 DOWNLINK_STATUS 99 22180 1470 0 266. 17.
101.33 21 COMMANDS 0,-9600,9600,-9600,0
101.37 21 NAVIGATION 0 0 0 0 286 0. 570986.7
101.39 21 ATTITUDE 0 0 0
101.42 21 GYRO_RATES -162 -187 -157 1.413717 -1.631883 1.370083
101.45 21 FBW_STATUS 2 1 121
101.46 21 ESTIMATOR 709.098999 0.033667 909.900024 3.366699 916.02002
101.49 21 BAT 0 121 0 0 86 86 0
101.53 21 CALIBRATION -9.173 0.037 0.5 2
101.59 21 NAVIGATION 0 0 0 0 286 0. 570986.7
101.63 21 WP_MOVED 0 358113. 4822203. 702.
101.65 21 SERVO 9600 -9600 0
101.75 21 DESIRED 0. 0. 0. 0. 700. -2.
101.82 21 NAVIGATION 0 0 0 0 286 0. 570986.7
101.86 21 ATTITUDE 0 0 0
101.93 21 ESTIMATOR 709.179993 0.074951 918. 7.495079 916.560059
101.99 21 DL_VALUE 2 0.
102.06 21 NAVIGATION 0 0 0 0 286 0. 570986.7
102.10 21 WP_MOVED 1 358824.90625 4822110. 702.
102.17 21 DOWNLINK_STATUS 100 22450 1488 0 270. 18.
102.28 21 COMMANDS 0,-9600,9600,-9600,0
102.32 21 NAVIGATION 0 0 0 0 286 0. 570986.7
102.35 21 ATTITUDE 0 0 0
102.37 21 GYRO_RATES -151 -177 -145 1.317724 -1.544616 1.265364
102.37 21 FBW_STATUS 2 1 121
102.41 21 ESTIMATOR 709.260986 -0.052163 926.100037 -5.216331 915.840088
102.52 21 NAVIGATION 0 0 0 0 286 0. 570986.7
102.57 21 WP_MOVED 2 358071. 4822161. 0.
102.69 21 DESIRED 0. 0. 0. 0. 700. -2.
102.75 21 NAVIGATION 0 0 0 0 286 0. 570986.7
102.77 21 ATTITUDE 0 0 0
102.87 21 ESTIMATOR 709.247498 -0.03556 924.75 -3.556023 914.760132
102.93 21 DL_VALUE 3 0.
102.98 21 NAVIGATION 0 0 0 0 286 0. 570986.7
103.03 21 WP_MOVED 0 358113. 4822203. 702.
103.17 21 DOWNLINK_STATUS 101 22683 1503 0 233. 15.
103.21 21 COMMANDS 0,-9600,9600,-9600,0
103.24 21 NAVIGATION 0 0 0 0 286 0. 570986.7
103.26 21 ATTITUDE 0 0 0
103.31 21 GYRO_RATES -157 -181 -151 1.370083 -1.579523 1.317724
103.35 21 FBW_STATUS 2 1 121
103.35 21 ESTIMATOR 709.247498 -0.059591 924.75 -5.959053 915.840027
103.37 21 BAT 0 121 0 0 88 88 0
103.39 21 ACTUATORS 1500,1500,0,1200,1000,2000
103.42 21 CALIBRATION -9.144 0.037 0.5 2
103.46 21 NAVIGATION 0 0 0 0 286 0. 570986.7
103.50 21 WP_MOVED 1 358824.90625 4822110. 702.
103.53 21 SERVO 9600 -9600 0
103.63 21 DESIRED 0. 0. 0. 0. 700. -2.
103.69 21 NAVIGATION 0 0 0 0 286 0. 570986.7
103.70 21 ATTITUDE 0 0 0
103.72 21 PPRZ_MODE 2 3 1 0 0 6 0
103.82 21 ESTIMATOR 709.112488 -0.07117 911.25 -7.117004 915.570007
103.88 21 DL_VALUE 4 2.
103.93 21 NAVIGATION 0 0 0 0 286 0. 570986.7
103.98 21 WP_MOVED 2 358071. 4822161. 0.
104.00 21 NAVIGATION_REF 358071 4822161 31
104.16 21 COMMANDS 0,-9600,9600,-9600,0
104.17 21 DOWNLINK_STATUS 102 23001 1525 0 318. 22.
104.18 21 NAVIGATION 0 0 0 0 286 0. 570986.7
104.20 21 ATTITUDE 0 0 0
104.23 21 GYRO_RATES -165 -191 -160 1.439897 -1.666789 1.396263
104.24 21 FBW_STATUS 2 1 121
104.29 21 ESTIMATOR 709.044983 0.04436 904.5 4.436035 915.210022
104.39 21 NAVIGATION 0 0 0 0 286 0. 570986.7
104.45 21 WP_MOVED 0 358113. 4822203. 702.
104.56 21 DESIRED 0. 0. 0. 0. 700. -2.
104.62 21 NAVIGATION 0 0 0 0 286 0. 570986.7
104.64 21 ATTITUDE 0 0 0
104.75 21 ESTIMATOR 709.08551 0.051976 908.549988 5.197563 916.380005
104.81 21 DL_VALUE 5 0.
104.86 21 NAVIGATION 0 0 0 0 286 0. 570986.7
104.91 21 WP_MOVED 1 358824.90625 4822110. 702.
105.08 21 COMMANDS 0,-9600,9600,-9600,0
105.12 21 NAVIGATION 0 0 0 0 286 0. 570986.7
105.15 21 ATTITUDE 0 0 0
105.18 21 GYRO_RATES -159 -185 -154 1.387537 -1.61443 1.343904
105.19 21 FBW_STATUS 2 1 121
105.19 21 DOWNLINK_STATUS 103 23285 1544 0 284. 19.
105.21 21 ESTIMATOR 709.112488 0.041336 911.25 4.133644 916.919922
105.25 21 BAT 0 121 0 0 90 90 0
105.28 21 CALIBRATION -9.169 0.037 0.5 2
105.33 21 NAVIGATION 0 0 0 0 286 0. 570986.7
105.39 21 WP_MOVED 2 358071. 4822161. 0.
105.41 21 SERVO 9600 -9600 0
105.51 21 DESIRED 0. 0. 0. 0. 700. -2.
105.56 21 NAVIGATION 0 0 0 0 286 0. 570986.7
105.59 21 ATTITUDE 0 0 0
105.68 21 ESTIMATOR 709.20697 0.010369 920.700012 1.036873 915.570068
105.74 21 DL_VALUE 6 0.
105.81 21 NAVIGATION 0 0 0 0 286 0. 570986.7
105.87 21 WP_MOVED 0 358113. 4822203. 702.
106.02 21 COMMANDS 0,-9600,9600,-9600,0
106.06 21 NAVIGATION 0 0 0 0 286 0. 570986.7
106.09 21 ATTITUDE 0 0 0
106.11 21 GYRO_RATES -152 -176 -146 1.32645 -1.53589 1.27409
106.13 21 FBW_STATUS 2 1 121
106.17 21 ESTIMATOR 709.274475 -0.015444 927.450012 -1.54438 915.480103
106.19 21 DOWNLINK_STATUS 104 23577 1563 0 292. 19.
106.27 21 NAVIGATION 0 0 0 0 286 0. 570986.7
106.33 21 WP_MOVED 1 358824.90625 4822110. 702.
106.44 21 DESIRED 0. 0. 0. 0. 700. -2.
106.51 21 NAVIGATION 0 0 0 0 286 0. 570986.7
106.52 21 ATTITUDE 0 0 0
106.62 21 ESTIMATOR 709.179993 -0.034721 918. -3.472099 915.390076
106.69 21 DL_VALUE 7 0.
106.73 21 NAVIGATION 0 0 0 0 286 0. 570986.7
106.79 21 WP_MOVED 2 358071. 4822161. 0.
106.96 21 COMMANDS 0,-9600,9600,-9600,0
107.00 21 NAVIGATION 0 0 0 0 286 0. 570986.7
107.01 21 ATTITUDE 0 0 0
107.05 21 GYRO_RATES -158 -183 -154 1.37881 -1.596976 1.343904
107.07 21 FBW_STATUS 2 1 121
107.09 21 ESTIMATOR 709.193481 -0.063558 919.350037 -6.355782 914.040039
107.11 21 BAT 0 121 0 0 92 92 0
107.16 21 CALIBRATION -9.146 0.037 0.5 2
107.19 21 DOWNLINK_STATUS 105 23839 1580 0 262. 17.
107.20 21 NAVIGATION 0 0 0 0 286 0. 570986.7
107.25 21 WP_MOVED 0 358113. 4822203. 702.
107.27 21 SERVO 9600 -9600 0
107.38 21 DESIRED 0. 0. 0. 0. 700. -2.
107.44 21 NAVIGATION 0 0 0 0 286 0. 570986.7
107.45 21 ATTITUDE 0 0 0
107.56 21 ESTIMATOR 709.098999 0.014743 909.900024 1.474342 915.390137
107.61 21 DL_VALUE 8 0.
107.67 21 NAVIGATION 0 0 0 0 286 0. 570986.7
107.74 21 WP_MOVED 1 358824.90625 4822110. 702.
107.91 21 COMMANDS 0,-9600,9600,-9600,0
107.94 21 NAVIGATION 0 0 0 0 286 0. 570986.7
107.95 21 ATTITUDE 0 0 0
107.98 21 GYRO_RATES -166 -191 -161 1.448623 -1.666789 1.40499
108.00 21 FBW_STATUS 2 1 121
108.03 21 ESTIMATOR 709.058472 0.055943 905.850037 5.59433 916.740112
108.09 21 ACTUATORS 1500,1500,0,1200,1000,2000
108.14 21 NAVIGATION 0 0 0 0 286 0. 570986.7
108.19 21 WP_MOVED 2 358071. 4822161. 0.
108.19 21 DOWNLINK_STATUS 106 24128 1599 0 289. 19.
108.32 21 DESIRED 0. 0. 0. 0. 700. -2.
108.38 21 NAVIGATION 0 0 0 0 286 0. 570986.7
108.39 21 ATTITUDE 0 0 0
108.41 21 PPRZ_MODE 2 3 1 0 0 6 0
108.49 21 ESTIMATOR 709.098999 0.00189 909.900024 0.18898 917.010132
108.55 21 DL_VALUE 9 466.
108.61 21 NAVIGATION 0 0 0 0 286 0. 570986.7
108.66 21 WP_MOVED 0 358113. 4822203. 702.
108.84 21 COMMANDS 0,-9600,9600,-9600,0
108.87 21 NAVIGATION 0 0 0 0 286 0. 570986.7
108.89 21 ATTITUDE 0 0 0
108.92 21 GYRO_RATES -159 -183 -153 1.387537 -1.596976 1.335177
108.93 21 FBW_STATUS 2 1 121
108.98 21 ESTIMATOR 709.112488 0.067284 911.25 6.728439 916.02002
108.99 21 BAT 0 121 0 0 94 94 0
109.04 21 CALIBRATION -9.164 0.037 0.5 2
109.07 21 NAVIGATION 0 0 0 0 286 0. 570986.7
109.13 21 WP_MOVED 1 358824.90625 4822110. 702.
109.15 21 SERVO 9600 -9600 0
109.21 21 DOWNLINK_STATUS 107 24407 1618 0 279. 19.
109.25 21 DESIRED 0. 0. 0. 0. 700. -2.
109.31 21 NAVIGATION 0 0 0 0 286 0. 570986.7
109.36 21 ATTITUDE 0 0 0
109.43 21 ESTIMATOR 709.234009 0.035452 923.400024 3.545189 916.469971
109.50 21 DL_VALUE 10 492.
109.54 21 NAVIGATION 0 0 0 0 286 0. 570986.7
109.60 21 WP_MOVED 2 358071. 4822161. 0.
109.77 21 COMMANDS 0,-9600,9600,-9600,0
109.81 21 NAVIGATION 0 0 0 0 286 0. 570986.7
109.83 21 ATTITUDE 0 0 0
109.86 21 GYRO_RATES -150 -177 -146 1.308997 -1.544616 1.27409
109.87 21 FBW_STATUS 2 1 121
109.91 21 ESTIMATOR 709.247498 -0.05589 924.75 -5.589027 914.940063
110.02 21 NAVIGATION 0 0 0 0 286 0. 570986.7
110.07 21 WP_MOVED 0 358113. 4822203. 702.
110.19 21 DESIRED 0. 0. 0. 0. 700. -2.
110.21 21 DOWNLINK_STATUS 108 24666 1634 0 259. 16.
110.24 21 NAVIGATION 0 0 0 0 286 0. 570986.7
110.27 21 ATTITUDE 0 0 0
110.37 21 ESTIMATOR 709.22052 -0.021088 922.049988 -2.108765 914.490112
110.43 21 DL_VALUE 11 461.
110.50 21 NAVIGATION 0 0 0 0 286 0. 570986.7
110.54 21 WP_MOVED 1 358824.90625 4822110. 702.
110.71 21 COMMANDS 0,-9600,9600,-9600,0
110.74 21 NAVIGATION 0 0 0 0 286 0. 570986.7
110.76 21 ATTITUDE 0 0 0
110.81 21 GYRO_RATES -159 -185 -155 1.387537 -1.61443 1.35263
110.83 21 FBW_STATUS 2 1 121
110.85 21 ESTIMATOR 709.193481 -0.052783 919.350037 -5.27832 916.02002
110.89 21 BAT 0 121 0 0 96 96 0
110.91 21 CALIBRATION -9.15 0.037 0.5 2
110.95 21 NAVIGATION 0 0 0 0 286 0. 570986.7
111.00 21 WP_MOVED 2 358071. 4822161. 0.
111.03 21 SERVO 9600 -9600 0
111.12 21 DESIRED 0. 0. 0. 0. 700. -2.
111.19 21 NAVIGATION 0 0 0 0 286 0. 570986.7
111.20 21 DOWNLINK_STATUS 109 24954 1653 0 288. 19.
111.20 21 ATTITUDE 0 0 0
111.30 21 ESTIMATOR 709.058472 -0.007638 905.850037 -0.763817 915.569885
111.37 21 DL_VALUE 12 1.35
111.42 21 NAVIGATION 0 0 0 0 286 0. 570986.7
111.47 21 WP_MOVED 0 358113. 4822203. 702.
111.64 21 COMMANDS 0,-9600,9600,-9600,0
111.68 21 NAVIGATION 0 0 0 0 286 0. 570986.7
111.70 21 ATTITUDE 0 0 0
111.73 21 GYRO_RATES -165 -191 -160 1.439897 -1.666789 1.396263
111.76 21 FBW_STATUS 2 1 121
111.79 21 ESTIMATOR 709.058472 0.040419 905.850037 4.041901 915.839966
111.89 21 NAVIGATION 0 0 0 0 286 0. 570986.7
111.94 21 WP_MOVED 1 358824.90625 4822110. 702.
112.06 21 DESIRED 0. 0. 0. 0. 700. -2.
112.12 21 NAVIGATION 0 0 0 0 286 0. 570986.7
112.14 21 ATTITUDE 0 0 0
112.21 21 DOWNLINK_STATUS 110 25195 1669 0 241. 16.
112.26 21 ESTIMATOR 709.08551 0.072197 908.549988 7.219734 916.740112
112.31 21 DL_VALUE 13 0.
112.36 21 NAVIGATION 0 0 0 0 286 0. 570986.7
112.41 21 WP_MOVED 2 358071. 4822161. 0.
112.43 21 NAVIGATION_REF 358071 4822161 31
112.58 21 COMMANDS 0,-9600,9600,-9600,0
112.62 21 NAVIGATION 0 0 0 0 286 0. 570986.7
112.63 21 ATTITUDE 0 0 0
112.67 21 GYRO_RATES -156 -181 -152 1.361357 -1.579523 1.32645
112.68 21 FBW_STATUS 2 1 121
112.71 21 ESTIMATOR 709.166504 0.028729 916.650024 2.872887 916.380005
112.74 21 BAT 0 121 0 0 98 98 0
112.77 21 ACTUATORS 1500,1500,0,1200,1000,2000
112.80 21 CALIBRATION -9.162 0.037 0.5 2
112.83 21 NAVIGATION 0 0 0 0 286 0. 570986.7
112.88 21 WP_MOVED 0 358113. 4822203. 702.
112.90 21 SERVO 9600 -9600 0
113.00 21 DESIRED 0. 0. 0. 0. 700. -2.
113.06 21 NAVIGATION 0 0 0 0 286 0. 570986.7
113.08 21 ATTITUDE 0 0 0
113.10 21 PPRZ_MODE 2 3 1 0 0 6 0
113.18 21 ESTIMATOR 709.274475 -0.043497 927.450012 -4.349709 915.299988
113.20 21 DOWNLINK_STATUS 111 25522 1691 0 327. 22.
113.23 21 DL_VALUE 14 0.
113.29 21 NAVIGATION 0 0 0 0 286 0. 570986.7
113.35 21 WP_MOVED 1 358824.90625 4822110. 702.
113.52 21 COMMANDS 0,-9600,9600,-9600,0
113.55 21 NAVIGATION 0 0 0 0 286 0. 570986.7
113.57 21 ATTITUDE 0 0 0
113.62 21 GYRO_RATES -152 -177 -147 1.32645 -1.544616 1.282817
113.62 21 FBW_STATUS 2 1 121
