7.15 3 DOWNLINK_STATUS 6 2002 123 0 441. 27.
7.23 3 GPS 0 49874472 356092121 0 76467 0 0 248750 12 0
7.27 3 ESTIMATOR 0. 0. 0. 0. 0.
7.27 3 NAVIGATION 0 1 0 0 76 0. 0.
7.43 3 WP_MOVED 2 498737.40625 3560892. 751.
7.43 3 DL_VALUE 1 1.
7.46 3 RAD_OF_IR -14 0 0.00211
7.46 3 GPS 0 49874472 356092121 0 76467 0 0 248998 12 0
7.56 3 COMMANDS 398,657,-1926,-785
7.56 3 NAVIGATION 0 1 0 0 76 0. 0.
7.56 3 ATTITUDE -8 0 -61
7.56 3 IR_SENSORS -720 -13 1
7.60 3 FBW_STATUS 0 0 108
7.62 3 GYRO_RATES -4 0 1 0.034907 0. 0.008727
7.76 3 GPS 0 49874472 356092121 0 76467 0 0 249250 12 0
7.80 3 ESTIMATOR 0. 0. 0. 0. 0.
7.80 3 BAT 399 108 0 0 261 0 10
7.80 3 NAVIGATION 0 1 0 0 76 0. 0.
7.94 3 WP_MOVED 3 498797.90625 3560837.5 751.
7.94 3 CALIBRATION 0. 0.015 0.134 0
8.06 3 SERVO -2281 -529 400
8.06 3 GPS 0 49874472 356092121 0 76467 0 0 249498 12 0
8.06 3 NAVIGATION 0 1 0 0 76 0. 0.
8.06 3 ATTITUDE -8 0 -61
8.06 3 DESIRED 0.01 -0.18 0. 0. 746.3 0.
8.15 3 DOWNLINK_STATUS 7 2396 147 0 394. 24.
8.23 3 ESTIMATOR 0. 0. 0. 0. 0.
8.23 3 GPS 0 49874472 356092121 0 76467 0 0 249750 12 0
8.23 3 NAVIGATION 0 1 0 0 76 0. 0.
8.41 3 WP_MOVED 4 498772. 3560869. 0.
8.41 3 DL_VALUE 2 0.
8.41 3 RAD_OF_IR -14 0 0.00211
8.57 3 GPS 0 49874472 356092121 0 76467 0 0 249998 12 0
8.57 3 COMMANDS 394,657,-1932,-785
8.57 3 NAVIGATION 0 1 0 0 76 0. 0.
8.57 3 ATTITUDE -8 0 -61
8.57 3 IR_SENSORS -720 -13 1
8.57 3 FBW_STATUS 0 0 108
8.63 3 ESTIMATOR 0. 0. 0. 0. 0.
8.85 3 NAVIGATION 0 1 0 0 76 0. 0.
8.89 3 GPS 0 49874472 356092121 0 76467 0 0 250250 12 0
8.89 3 WP_MOVED 0 498814. 3560911. 751.
9.05 3 NAVIGATION 0 1 0 0 76 0. 0.
9.05 3 ATTITUDE -8 0 -61
9.05 3 DESIRED 0.01 -0.18 0. 0. 746.3 0.
9.05 3 GPS 0 49874472 356092121 0 76467 0 0 250498 12 0
9.13 3 ESTIMATOR 0. 0. 0. 0. 0.
9.13 3 NAVIGATION 0 1 0 0 76 0. 0.
9.15 3 DOWNLINK_STATUS 8 2773 169 0 377. 22.
9.35 3 GPS 0 49874472 356092121 0 76467 0 0 250750 12 0
9.35 3 WP_MOVED 1 498772. 3560869. 751.
9.35 3 DL_VALUE 3 0.
9.55 3 RAD_OF_IR -14 0 0.00211
9.55 3 COMMANDS 398,653,-1936,-788
9.55 3 NAVIGATION 0 1 0 0 76 0. 0.
9.55 3 ATTITUDE -8 0 -61
9.55 3 IR_SENSORS -720 -13 1
9.55 3 GPS 0 49874472 356092121 0 76467 0 0 250998 12 0
9.55 3 GYRO_RATES -4 0 1 0.034907 0. 0.008727
9.62 3 ESTIMATOR 0. 0. 0. 0. 0.
9.62 3 BAT 397 108 0 0 263 0 11
9.62 3 NAVIGATION 0 1 0 0 76 0. 0.
9.85 3 WP_MOVED 2 498737.40625 3560892. 751.
9.89 3 CALIBRATION 0. 0.015 0.134 0
9.89 3 GPS 0 49874472 356092121 0 76467 0 0 251250 12 0
9.97 3 SERVO -2281 -529 397
9.97 3 NAVIGATION 0 1 0 0 76 0. 0.
9.97 3 ATTITUDE -8 0 -61
9.97 3 DESIRED 0.01 -0.18 0. 0. 746.3 0.
9.97 3 IR_DEBUG 504 524 504 524
10.03 3 ESTIMATOR 0. 0. 0. 0. 0.
10.11 3 NAVIGATION 0 1 0 0 76 0. 0.
10.13 3 WP_MOVED 3 498797.90625 3560837.5 751.
10.13 3 DL_VALUE 4 0.
10.15 3 DOWNLINK_STATUS 9 3167 194 0 394. 25.
10.34 3 GPS 0 49874472 356092121 0 76467 0 0 251750 12 0
10.34 3 RAD_OF_IR -14 0 0.00211
10.44 3 COMMANDS 394,652,-1937,-788
10.44 3 NAVIGATION 0 1 0 0 76 0. 0.
10.44 3 ATTITUDE -8 0 -61
10.44 3 IR_SENSORS -719 -14 1
10.45 3 FBW_STATUS 0 0 108
10.45 3 GYRO_RATES -4 0 1 0.034907 0. 0.008727
10.45 3 GPS 0 49874472 356092121 0 76467 0 0 251998 12 0
10.54 3 ESTIMATOR 0. 0. 0. 0. 0.
10.54 3 NAVIGATION 0 1 0 0 76 0. 0.
10.60 3 WP_MOVED 4 498772. 3560869. 0.
10.84 3 GPS 0 49874472 356092121 0 76467 0 0 252250 12 0
10.94 3 NAVIGATION 0 1 0 0 76 0. 0.
10.94 3 ATTITUDE -8 0 -61
10.94 3 DESIRED 0.01 -0.18 0. 0. 746.3 0.
10.94 3 GPS 0 49874472 356092121 0 76467 0 0 252498 12 0
11.02 3 ESTIMATOR 0. 0. 0. 0. 0.
11.02 3 NAVIGATION 0 1 0 0 76 0. 0.
11.11 3 WP_MOVED 0 498814. 3560911. 751.
11.11 3 DL_VALUE 5 0.
11.17 3 DOWNLINK_STATUS 10 3524 215 0 357. 21.
11.48 3 RAD_OF_IR -13 0 0.00211
11.48 3 GPS 0 49874472 356092121 0 76467 0 0 252750 12 0
11.48 3 COMMANDS 394,647,-1939,-792
11.48 3 NAVIGATION 0 1 0 0 76 0. 0.
11.48 3 ATTITUDE -8 0 -61
11.48 3 IR_SENSORS -719 -14 1
11.55 3 GYRO_RATES -4 0 1 0.034907 0. 0.008727
11.55 3 GPS 0 49874472 356092121 0 76467 0 0 252998 12 0
11.55 3 ACTUATORS 1434,1634,0,1233,1460
11.55 3 ESTIMATOR 0. 0. 0. 0. 0.
11.55 3 BAT 401 108 0 0 265 0 11
11.55 3 NAVIGATION 0 1 0 0 76 0. 0.
11.56 3 CALIBRATION 0. 0.015 0.134 0
11.60 3 SERVO -2281 -529 401
11.98 3 GPS 0 49874472 356092121 0 76467 0 0 253250 12 0
11.98 3 NAVIGATION 0 1 0 0 76 0. 0.
11.98 3 ATTITUDE -8 0 -61
11.98 3 DESIRED 0.01 -0.18 0. 0. 746.3 0.
11.98 3 IR_DEBUG 504 523 504 523
12.04 3 ESTIMATOR 0. 0. 0. 0. 0.
12.05 3 GPS 0 49874472 356092121 0 76467 0 0 253498 12 0
12.05 3 NAVIGATION 0 1 0 0 76 0. 0.
12.05 3 WP_MOVED 2 498737.40625 3560892. 751.
12.05 3 DL_VALUE 6 0.
12.11 3 RAD_OF_IR -13 0 0.00211
12.11 3 NAVIGATION_REF 498772 3560869 12
12.16 3 DOWNLINK_STATUS 11 3942 241 0 418. 26.
12.48 3 GPS 0 49874472 356092121 0 76467 0 0 253750 12 0
12.48 3 COMMANDS 396,655,-1937,-800
12.48 3 NAVIGATION 0 1 0 0 76 0. 0.
12.48 3 ATTITUDE -8 0 -61
12.48 3 IR_SENSORS -719 -14 1
12.48 3 FBW_STATUS 0 0 108
12.69 3 ESTIMATOR 0. 0. 0. 0. 0.
12.69 3 NAVIGATION 0 1 0 0 76 0. 0.
12.69 3 GPS 0 49874472 356092121 0 76467 0 0 253998 12 0
12.69 3 WP_MOVED 3 498797.90625 3560837.5 751.
12.77 3 NAVIGATION 0 1 0 0 76 0. 0.
12.77 3 ATTITUDE -8 0 -61
12.77 3 DESIRED 0.01 -0.18 0. 0. 746.3 0.
12.77 3 GPS 0 49874472 356092121 0 76467 0 0 254250 12 0
12.93 3 ESTIMATOR 0. 0. 0. 0. 0.
13.03 3 NAVIGATION 0 1 0 0 76 0. 0.
13.03 3 GPS 0 49874472 356092121 0 76467 0 0 254498 12 0
13.03 3 WP_MOVED 4 498772. 3560869. 0.
13.03 3 DL_VALUE 7 0.
13.03 3 RAD_OF_IR -14 0 0.00211
13.18 3 DOWNLINK_STATUS 12 4279 261 0 337. 20.
13.26 3 COMMANDS 397,655,-1932,-792
13.26 3 NAVIGATION 0 1 0 0 76 0. 0.
13.26 3 ATTITUDE -8 0 -61
13.26 3 IR_SENSORS -718 -13 1
13.26 3 GPS 0 49874472 356092121 0 76467 0 0 254750 12 0
13.26 3 FBW_STATUS 0 0 108
13.55 3 ESTIMATOR 0. 0. 0. 0. 0.
13.55 3 BAT 396 108 0 0 267 0 11
13.55 3 NAVIGATION 0 1 0 0 76 0. 0.
13.63 3 WP_MOVED 0 498814. 3560911. 751.
13.63 3 CALIBRATION 0. 0.015 0.134 0
13.63 3 GPS 0 49874472 356092121 0 76467 0 0 254998 12 0
13.63 3 SERVO -2281 -529 395
13.75 3 NAVIGATION 0 1 0 0 76 0. 0.
13.80 3 ATTITUDE -8 0 -61
13.80 3 DESIRED 0.01 -0.18 0. 0. 746.3 0.
13.80 3 IR_DEBUG 505 524 505 524
13.80 3 GPS 0 49874472 356092121 0 76467 0 0 255250 12 0
13.82 3 ESTIMATOR 0. 0. 0. 0. 0.
13.82 3 NAVIGATION 0 1 0 0 76 0. 0.
14.05 3 WP_MOVED 1 498772. 3560869. 751.
14.05 3 DL_VALUE 8 4.051
14.05 3 GPS 0 49874472 356092121 0 76467 0 0 255498 12 0
14.14 3 RAD_OF_IR -13 0 0.00211
14.14 3 COMMANDS 401,657,-1931,-797
14.14 3 NAVIGATION 0 1 0 0 76 0. 0.
14.14 3 ATTITUDE -8 0 -61
14.14 3 IR_SENSORS -718 -13 1
14.14 3 FBW_STATUS 0 0 108
14.20 3 DOWNLINK_STATUS 13 4713 290 0 434. 29.
14.23 3 GYRO_RATES -4 0 1 0.034907 0. 0.008727
14.23 3 GPS 0 49874472 356092121 0 76467 0 0 255750 12 0
14.31 3 ESTIMATOR 0. 0. 0. 0. 0.
14.34 3 NAVIGATION 0 1 0 0 76 0. 0.
14.34 3 WP_MOVED 2 498737.40625 3560892. 751.
14.54 3 GPS 0 49874472 356092121 0 76467 0 0 255998 12 0
14.64 3 NAVIGATION 0 1 0 0 76 0. 0.
14.64 3 ATTITUDE -8 0 -61
14.64 3 DESIRED 0.01 -0.18 0. 0. 746.3 0.
14.73 3 GPS 0 49874472 356092121 0 76467 0 0 256250 12 0
14.77 3 ESTIMATOR 0. 0. 0. 0. 0.
14.77 3 NAVIGATION 0 1 0 0 76 0. 0.
14.81 3 WP_MOVED 3 498797.90625 3560837.5 751.
14.81 3 DL_VALUE 9 -45.799999
15.04 3 RAD_OF_IR -14 0 0.00211
15.04 3 GPS 0 49874472 356092121 0 76467 0 0 256498 12 0
15.13 3 COMMANDS 400,657,-1923,-792
15.13 3 NAVIGATION 0 1 0 0 76 0. 0.
15.13 3 ATTITUDE -8 0 -61
15.13 3 IR_SENSORS -719 -14 1
15.14 3 FBW_STATUS 0 0 108
15.14 3 GYRO_RATES -4 0 1 0.034907 0. 0.008727
15.20 3 DOWNLINK_STATUS 14 5090 312 0 377. 22.
15.26 3 GPS 0 49874472 356092121 0 76467 0 0 256750 12 0
15.26 3 ESTIMATOR 0. 0. 0. 0. 0.
15.26 3 BAT 395 108 0 0 269 0 11
15.26 3 NAVIGATION 0 1 0 0 76 0. 0.
15.31 3 WP_MOVED 4 498772. 3560869. 0.
15.31 3 CALIBRATION 0. 0.015 0.134 0
15.54 3 SERVO -2281 -529 394
15.54 3 GPS 0 49874472 356092121 0 76467 0 0 256998 12 0
15.64 3 NAVIGATION 0 1 0 0 76 0. 0.
15.64 3 ATTITUDE -8 0 -61
15.64 3 DESIRED 0.01 -0.18 0. 0. 746.3 0.
15.64 3 IR_DEBUG 504 524 504 524
15.73 3 ESTIMATOR 0. 0. 0. 0. 0.
15.77 3 GPS 0 49874472 356092121 0 76467 0 0 257250 12 0
15.77 3 NAVIGATION 0 1 0 0 76 0. 0.
15.81 3 WP_MOVED 0 498814. 3560911. 751.
15.81 3 DL_VALUE 10 1.5
15.82 3 RAD_OF_IR -14 0 0.00211
16.20 3 GPS 0 49874472 356092121 0 76467 0 0 257498 12 0
16.21 3 COMMANDS 398,660,-1928,-790
16.21 3 NAVIGATION 0 1 0 0 76 0. 0.
16.21 3 ATTITUDE -8 0 -61
16.21 3 IR_SENSORS -719 -14 1
16.21 3 FBW_STATUS 0 0 108
16.21 3 DOWNLINK_STATUS 15 5474 336 0 384. 24.
16.26 3 ACTUATORS 1433,1634,0,1233,1459
16.26 3 ESTIMATOR 0. 0. 0. 0. 0.
16.26 3 NAVIGATION 0 1 0 0 76 0. 0.
16.26 3 GPS 0 49874472 356092121 0 76467 0 0 257750 12 0
16.26 3 WP_MOVED 1 498772. 3560869. 751.
16.68 3 NAVIGATION 0 1 0 0 76 0. 0.
16.68 3 ATTITUDE -8 0 -61
16.68 3 DESIRED 0.01 -0.18 0. 0. 746.3 0.
16.68 3 GPS 0 49874472 356092121 0 76467 0 0 257998 12 0
16.68 3 PPRZ_MODE 0 0 3 0 0 1 0
16.74 3 ESTIMATOR 0. 0. 0. 0. 0.
16.74 3 NAVIGATION 0 1 0 0 76 0. 0.
16.74 3 GPS 0 49874472 356092121 0 76467 0 0 258250 12 0
16.74 3 WP_MOVED 2 498737.40625 3560892. 751.
16.74 3 DL_VALUE 11 1.5
16.80 3 RAD_OF_IR -14 0 0.00211
17.18 3 COMMANDS 397,657,-1932,-790
17.18 3 NAVIGATION 0 1 0 0 76 0. 0.
17.18 3 ATTITUDE -8 0 -61
17.18 3 IR_SENSORS -719 -14 1
17.18 3 GPS 0 49874472 356092121 0 76467 0 0 258498 12 0
17.18 3 FBW_STATUS 0 0 108
17.21 3 DOWNLINK_STATUS 16 5833 358 0 359. 22.
17.25 3 ESTIMATOR 0. 0. 0. 0. 0.
17.25 3 BAT 398 108 0 0 271 0 11
17.25 3 NAVIGATION 0 1 0 0 76 0. 0.
17.25 3 WP_MOVED 3 498797.90625 3560837.5 751.
17.25 3 CALIBRATION 0. 0.015 0.134 0
17.25 3 SERVO -2281 -529 398
17.48 3 NAVIGATION 0 1 0 0 76 0. 0.
17.48 3 ATTITUDE -8 0 -61
17.48 3 DESIRED 0.01 -0.18 0. 0. 746.3 0.
17.48 3 IR_DEBUG 504 524 504 524
17.48 3 GPS 0 49874472 356092121 0 76467 0 0 258998 12 0
17.63 3 ESTIMATOR 0. 0. 0. 0. 0.
17.73 3 NAVIGATION 0 1 0 0 76 0. 0.
17.78 3 WP_MOVED 4 498772. 3560869. 0.
17.78 3 DL_VALUE 12 1.5
17.78 3 GPS 0 49874472 356092121 0 76467 0 0 259250 12 0
17.78 3 RAD_OF_IR -14 0 0.00211
17.93 3 COMMANDS 396,653,-1934,-788
17.93 3 NAVIGATION 0 1 0 0 76 0. 0.
17.93 3 ATTITUDE -8 0 -61
17.93 3 IR_SENSORS -719 -14 1
17.95 3 FBW_STATUS 0 0 108
17.95 3 GYRO_RATES -4 0 1 0.034907 0. 0.008727
17.95 3 GPS 0 49874472 356092121 0 76467 0 0 259498 12 0
18.14 3 ESTIMATOR 0. 0. 0. 0. 0.
18.14 3 NAVIGATION 0 1 0 0 76 0. 0.
18.21 3 DOWNLINK_STATUS 17 6250 384 0 417. 26.
18.25 3 WP_MOVED 0 498814. 3560911. 751.
18.25 3 GPS 0 49874472 356092121 0 76467 0 0 259750 12 0
18.35 3 NAVIGATION 0 1 0 0 76 0. 0.
18.36 3 ATTITUDE -8 0 -61
18.36 3 DESIRED 0.01 -0.18 0. 0. 746.3 0.
18.43 3 GPS 0 49874472 356092121 0 76467 0 0 259998 12 0
18.64 3 ESTIMATOR 0. 0. 0. 0. 0.
18.64 3 NAVIGATION 0 1 0 0 76 0. 0.
18.85 3 WP_MOVED 1 498772. 3560869. 751.
18.89 3 DL_VALUE 13 1.5
18.89 3 RAD_OF_IR -14 0 0.00211
18.89 3 GPS 0 49874472 356092121 0 76467 0 0 260250 12 0
18.89 3 COMMANDS 396,655,-1932,-783
18.89 3 NAVIGATION 0 1 0 0 76 0. 0.
18.89 3 ATTITUDE -8 0 -61
18.89 3 IR_SENSORS -719 -14 1
18.89 3 FBW_STATUS 0 0 108
18.89 3 GYRO_RATES -4 0 1 0.034907 0. 0.008727
19.21 3 DOWNLINK_STATUS 18 6540 402 0 290. 18.
19.28 3 GPS 0 49874472 356092121 0 76467 0 0 260498 12 0
19.28 3 ESTIMATOR 0. 0. 0. 0. 0.
19.28 3 BAT 401 108 0 0 273 0 11
19.28 3 NAVIGATION 0 1 0 0 76 0. 0.
19.28 3 WP_MOVED 2 498737.40625 3560892. 751.
19.28 3 CALIBRATION 0. 0.015 0.134 0
19.35 3 SERVO -2281 -529 398
19.35 3 GPS 0 49874472 356092121 0 76467 0 0 260750 12 0
19.35 3 NAVIGATION 0 1 0 0 76 0. 0.
19.35 3 ATTITUDE -8 0 -61
19.35 3 DESIRED 0.01 -0.18 0. 0. 746.3 0.
19.53 3 ESTIMATOR 0. 0. 0. 0. 0.
19.53 3 GPS 0 49874472 356092121 0 76467 0 0 260998 12 0
19.53 3 NAVIGATION 0 1 0 0 76 0. 0.
19.54 3 WP_MOVED 3 498797.90625 3560837.5 751.
19.54 3 DL_VALUE 14 0.
19.73 3 RAD_OF_IR -13 0 0.00211
19.85 3 GPS 0 49874472 356092121 0 76467 0 0 261250 12 0
19.85 3 COMMANDS 397,669,-1932,-793
19.85 3 NAVIGATION 0 1 0 0 76 0. 0.
19.85 3 ATTITUDE -8 0 -61
19.85 3 IR_SENSORS -718 -13 1
19.85 3 FBW_STATUS 0 0 108
19.95 3 ESTIMATOR 0. 0. 0. 0. 0.
19.95 3 NAVIGATION 0 1 0 0 76 0. 0.
19.95 3 GPS 0 49874472 356092121 0 76467 0 0 261498 12 0
20.01 3 WP_MOVED 4 498772. 3560869. 0.
20.22 3 DOWNLINK_STATUS 19 6996 429 0 456. 27.
20.37 3 NAVIGATION 0 1 0 0 76 0. 0.
20.37 3 ATTITUDE -8 0 -61
20.37 3 DESIRED 0.01 -0.18 0. 0. 746.3 0.
20.37 3 GPS 0 49874472 356092121 0 76467 0 0 261750 12 0
20.54 3 ESTIMATOR 0. 0. 0. 0. 0.
20.54 3 NAVIGATION 0 1 0 0 76 0. 0.
20.54 3 GPS 0 49874472 356092121 0 76467 0 0 261998 12 0
20.54 3 WP_MOVED 0 498814. 3560911. 751.
20.54 3 DL_VALUE 15 0.
20.54 3 RAD_OF_IR -14 0 0.00211
20.54 3 NAVIGATION_REF 498772 3560869 12
