3.79 3 GPS 0 49874472 356092121 0 76467 0 0 304998 12 0
3.87 3 ESTIMATOR 0. 0. 0. 0. 0.
3.87 3 NAVIGATION 0 1 0 0 76 0. 0.
3.95 3 WP_MOVED 2 498737.40625 3560892. 751.
3.95 3 DL_VALUE 17 468.
4.32 3 RAD_OF_IR -14 0 0.00211
4.32 3 GPS 0 49874472 356092121 0 76467 0 0 305250 12 0
4.32 3 COMMANDS 383,630,-1936,-810
4.32 3 NAVIGATION 0 1 0 0 76 0. 0.
4.32 3 ATTITUDE -8 0 -61
4.32 3 IR_SENSORS -718 -14 1
4.40 3 GYRO_RATES -4 0 1 0.034907 0. 0.008727
4.40 3 GPS 0 49874472 356092121 0 76467 0 0 305498 12 0
4.40 3 ESTIMATOR 0. 0. 0. 0. 0.
4.40 3 BAT 390 108 0 0 320 0 13
4.40 3 NAVIGATION 0 1 0 0 76 0. 0.
4.40 3 CALIBRATION 0. 0.015 0.134 0
4.44 3 SERVO -2281 -529 384
4.49 3 DOWNLINK_STATUS 3 941 59 0 451. 27.
4.82 3 GPS 0 49874472 356092121 0 76467 0 0 305751 12 0
4.82 3 NAVIGATION 0 1 0 0 76 0. 0.
4.82 3 ATTITUDE -8 0 -61
4.82 3 DESIRED 0.01 -0.18 0. 0. 746.3 0.
4.82 3 IR_DEBUG 503 523 503 523
4.88 3 ESTIMATOR 0. 0. 0. 0. 0.
4.88 3 GPS 0 49874472 356092121 0 76467 0 0 305999 12 0
4.88 3 NAVIGATION 0 1 0 0 76 0. 0.
4.88 3 WP_MOVED 4 498772. 3560869. 0.
4.88 3 DL_VALUE 18 460.
4.94 3 RAD_OF_IR -14 0 0.00211
5.32 3 GPS 0 49874472 356092121 0 76467 0 0 306251 12 0
5.32 3 COMMANDS 387,630,-1934,-818
5.32 3 NAVIGATION 0 1 0 0 76 0. 0.
5.32 3 ATTITUDE -8 0 -61
5.32 3 IR_SENSORS -718 -14 1
5.32 3 FBW_STATUS 0 0 108
5.39 3 ESTIMATOR 0. 0. 0. 0. 0.
5.39 3 NAVIGATION 0 1 0 0 76 0. 0.
5.39 3 GPS 0 49874472 356092121 0 76467 0 0 306499 12 0
5.39 3 WP_MOVED 0 498814. 3560911. 751.
5.49 3 DOWNLINK_STATUS 4 1288 80 0 347. 21.
5.61 3 NAVIGATION 0 1 0 0 76 0. 0.
5.61 3 ATTITUDE -8 0 -61
5.61 3 DESIRED 0.01 -0.18 0. 0. 746.3 0.
5.61 3 GPS 0 49874472 356092121 0 76467 0 0 306751 12 0
5.78 3 ESTIMATOR 0. 0. 0. 0. 0.
5.87 3 NAVIGATION 0 1 0 0 76 0. 0.
5.91 3 GPS 0 49874472 356092121 0 76467 0 0 306999 12 0
5.91 3 WP_MOVED 1 498772. 3560869. 751.
5.91 3 DL_VALUE 19 469.
5.91 3 RAD_OF_IR -14 0 0.00211
6.09 3 COMMANDS 385,629,-1939,-817
6.10 3 NAVIGATION 0 1 0 0 76 0. 0.
6.10 3 ATTITUDE -8 0 -61
6.10 3 IR_SENSORS -718 -14 1
6.10 3 GPS 0 49874472 356092121 0 76467 0 0 307251 12 0
6.10 3 FBW_STATUS 0 0 108
6.39 3 ESTIMATOR 0. 0. 0. 0. 0.
6.39 3 BAT 384 108 0 0 322 0 13
6.40 3 NAVIGATION 0 1 0 0 76 0. 0.
6.50 3 WP_MOVED 2 498737.40625 3560892. 751.
6.50 3 CALIBRATION 0. 0.015 0.134 0
6.50 3 GPS 0 49874472 356092121 0 76467 0 0 307499 12 0
6.50 3 SERVO -2281 -529 385
6.50 3 NAVIGATION 0 1 0 0 76 0. 0.
6.50 3 ATTITUDE -8 0 -61
6.50 3 DOWNLINK_STATUS 5 1688 105 0 400. 25.
6.58 3 DESIRED 0.01 -0.18 0. 0. 746.3 0.
6.58 3 IR_DEBUG 503 524 503 524
6.58 3 GPS 0 49874472 356092121 0 76467 0 0 307751 12 0
6.66 3 ESTIMATOR 0. 0. 0. 0. 0.
6.66 3 NAVIGATION 0 1 0 0 76 0. 0.
6.89 3 WP_MOVED 3 498797.90625 3560837.5 751.
6.89 3 DL_VALUE 20 0.
6.89 3 GPS 0 49874472 356092121 0 76467 0 0 307999 12 0
6.98 3 RAD_OF_IR -14 0 0.00211
6.98 3 COMMANDS 386,629,-1932,-790
6.98 3 NAVIGATION 0 1 0 0 76 0. 0.
6.98 3 ATTITUDE -8 0 -61
6.98 3 IR_SENSORS -718 -14 1
7.06 3 FBW_STATUS 0 0 108
7.06 3 GYRO_RATES -4 0 1 0.034907 0. 0.008727
7.06 3 GPS 0 49874472 356092121 0 76467 0 0 308251 12 0
7.09 3 ESTIMATOR 0. 0. 0. 0. 0.
7.15 3 NAVIGATION 0 1 0 0 76 0. 0.
7.17 3 WP_MOVED 4 498772. 3560869. 0.
7.38 3 GPS 0 49874472 356092121 0 76467 0 0 308499 12 0
7.48 3 NAVIGATION 0 1 0 0 76 0. 0.
7.48 3 ATTITUDE -8 0 -61
7.48 3 DESIRED 0.01 -0.18 0. 0. 746.3 0.
7.49 3 DOWNLINK_STATUS 6 2081 128 0 393. 23.
7.57 3 GPS 0 49874472 356092121 0 76467 0 0 308751 12 0
7.57 3 ESTIMATOR 0. 0. 0. 0. 0.
7.58 3 NAVIGATION 0 1 0 0 76 0. 0.
7.65 3 WP_MOVED 0 498814. 3560911. 751.
7.65 3 DL_VALUE 21 0.75
7.88 3 RAD_OF_IR -14 0 0.00211
7.88 3 GPS 0 49874472 356092121 0 76467 0 0 308999 12 0
7.97 3 COMMANDS 384,632,-1934,-783
7.97 3 NAVIGATION 0 1 0 0 76 0. 0.
7.97 3 ATTITUDE -8 0 -61
7.97 3 IR_SENSORS -718 -14 1
7.99 3 FBW_STATUS 0 0 108
7.99 3 GYRO_RATES -4 0 1 0.034907 0. 0.008727
8.18 3 GPS 0 49874472 356092121 0 76467 0 0 309251 12 0
8.18 3 ACTUATORS 1434,1632,0,1232,1459
8.18 3 ESTIMATOR 0. 0. 0. 0. 0.
8.18 3 BAT 393 108 0 0 324 0 13
8.18 3 NAVIGATION 0 1 0 0 76 0. 0.
8.19 3 WP_MOVED 1 498772. 3560869. 751.
8.19 3 CALIBRATION 0. 0.015 0.134 0
8.37 3 SERVO -2281 -529 392
8.50 3 GPS 0 49874472 356092121 0 76467 0 0 309499 12 0
8.50 3 NAVIGATION 0 1 0 0 76 0. 0.
8.50 3 ATTITUDE -8 0 -61
8.50 3 DESIRED 0.01 -0.18 0. 0. 746.3 0.
8.50 3 IR_DEBUG 503 523 503 523
8.50 3 DOWNLINK_STATUS 7 2498 154 0 417. 26.
8.59 3 ESTIMATOR 0. 0. 0. 0. 0.
8.60 3 GPS 0 49874472 356092121 0 76467 0 0 309751 12 0
8.60 3 NAVIGATION 0 1 0 0 76 0. 0.
8.60 3 WP_MOVED 2 498737.40625 3560892. 751.
8.60 3 DL_VALUE 22 28400.
8.68 3 RAD_OF_IR -14 0 0.00211
9.02 3 GPS 0 49874472 356092121 0 76467 0 0 309999 12 0
9.02 3 COMMANDS 382,635,-1932,-780
9.02 3 NAVIGATION 0 1 0 0 76 0. 0.
9.02 3 ATTITUDE -8 0 -61
9.02 3 IR_SENSORS -718 -14 1
9.02 3 FBW_STATUS 0 0 108
9.08 3 ESTIMATOR 0. 0. 0. 0. 0.
9.08 3 NAVIGATION 0 1 0 0 76 0. 0.
9.08 3 GPS 0 49874472 356092121 0 76467 0 0 310251 12 0
9.08 3 WP_MOVED 3 498797.90625 3560837.5 751.
9.49 3 DOWNLINK_STATUS 8 2756 170 0 258. 16.
9.51 3 NAVIGATION 0 1 0 0 76 0. 0.
9.51 3 ATTITUDE -8 0 -61
9.51 3 DESIRED 0.01 -0.18 0. 0. 746.3 0.
9.51 3 GPS 0 49874472 356092121 0 76467 0 0 310499 12 0
9.58 3 ESTIMATOR 0. 0. 0. 0. 0.
9.58 3 NAVIGATION 0 1 0 0 76 0. 0.
9.58 3 GPS 0 49874472 356092121 0 76467 0 0 310751 12 0
9.58 3 WP_MOVED 4 498772. 3560869. 0.
9.58 3 DL_VALUE 23 28400.
9.64 3 RAD_OF_IR -14 0 0.00211
10.02 3 COMMANDS 388,624,-1943,-790
10.02 3 NAVIGATION 0 1 0 0 76 0. 0.
10.02 3 ATTITUDE -8 0 -61
10.02 3 IR_SENSORS -718 -14 1
10.02 3 GPS 0 49874472 356092121 0 76467 0 0 310999 12 0
10.02 3 FBW_STATUS 0 0 108
10.09 3 ESTIMATOR 0. 0. 0. 0. 0.
10.09 3 BAT 383 108 0 0 326 0 13
10.09 3 NAVIGATION 0 1 0 0 76 0. 0.
10.09 3 WP_MOVED 0 498814. 3560911. 751.
10.09 3 CALIBRATION 0. 0.015 0.134 0
10.10 3 SERVO -2281 -529 889
10.31 3 NAVIGATION 0 1 0 0 76 0. 0.
10.31 3 ATTITUDE -8 0 -61
10.31 3 DESIRED 0.01 -0.18 0. 0. 746.3 0.
10.31 3 IR_DEBUG 503 524 503 524
10.31 3 GPS 0 49874472 356092121 0 76467 0 0 311499 12 0
10.48 3 ESTIMATOR 0. 0. 0. 0. 0.
10.52 3 DOWNLINK_STATUS 9 3214 198 0 458. 28.
10.57 3 NAVIGATION 0 1 0 0 76 0. 0.
10.58 3 WP_MOVED 1 498772. 3560869. 751.
10.58 3 DL_VALUE 24 0.75
10.58 3 GPS 0 49874472 356092121 0 76467 0 0 311751 12 0
10.58 3 RAD_OF_IR -14 0 0.00211
10.77 3 COMMANDS 879,626,-1943,-792
10.77 3 NAVIGATION 0 1 0 0 76 0. 0.
10.77 3 ATTITUDE -8 0 -61
10.77 3 IR_SENSORS -718 -14 1
10.79 3 FBW_STATUS 0 0 108
10.79 3 GYRO_RATES -4 0 1 0.034907 0. 0.008727
10.79 3 GPS 0 49874472 356092121 0 76467 0 0 311999 12 0
10.98 3 ESTIMATOR 0. 0. 0. 0. 0.
11.02 3 NAVIGATION 0 1 0 0 76 0. 0.
11.06 3 WP_MOVED 2 498737.40625 3560892. 751.
11.06 3 GPS 0 49874472 356092121 0 76467 0 0 312251 12 0
11.19 3 NAVIGATION 0 1 0 0 76 0. 0.
11.19 3 ATTITUDE -8 0 -61
11.19 3 DESIRED 0.01 -0.18 0. 0. 746.3 0.
11.26 3 GPS 0 49874472 356092121 0 76467 0 0 312499 12 0
11.48 3 ESTIMATOR 0. 0. 0. 0. 0.
11.48 3 NAVIGATION 0 1 0 0 76 0. 0.
11.50 3 DOWNLINK_STATUS 10 3589 220 0 375. 22.
11.70 3 WP_MOVED 3 498797.90625 3560837.5 751.
11.70 3 DL_VALUE 25 26800.
11.70 3 RAD_OF_IR -14 0 0.00211
11.70 3 NAVIGATION_REF 498772 3560869 12
11.70 3 GPS 0 49874472 356092121 0 76467 0 0 312751 12 0
11.70 3 COMMANDS 885,629,-1936,-790
11.70 3 NAVIGATION 0 1 0 0 76 0. 0.
11.70 3 ATTITUDE -8 0 -61
11.71 3 IR_SENSORS -718 -14 1
11.71 3 FBW_STATUS 0 0 108
11.71 3 GYRO_RATES -4 0 1 0.034907 0. 0.008727
12.02 3 GPS 0 49874472 356092121 0 76467 0 0 312999 12 0
12.02 3 ESTIMATOR 0. 0. 0. 0. 0.
12.02 3 BAT 888 108 0 0 328 0 13
12.02 3 NAVIGATION 0 1 0 0 76 0. 0.
12.02 3 WP_MOVED 4 498772. 3560869. 0.
12.02 3 CALIBRATION 0. 0.015 0.134 0
12.20 3 SERVO -2281 -529 885
12.20 3 GPS 0 49874472 356092121 0 76467 0 0 313251 12 0
12.20 3 NAVIGATION 0 1 0 0 76 0. 0.
12.20 3 ATTITUDE -8 0 -61
12.20 3 DESIRED 0.01 -0.18 0. 0. 746.3 0.
12.50 3 GPS 0 49874472 356092121 0 76467 0 0 313499 12 0
12.50 3 ESTIMATOR 0. 0. 0. 0. 0.
12.50 3 NAVIGATION 0 1 0 0 76 0. 0.
12.50 3 DOWNLINK_STATUS 11 3994 245 0 405. 25.
12.61 3 WP_MOVED 0 498814. 3560911. 751.
12.61 3 DL_VALUE 26 26800.
12.61 3 RAD_OF_IR -14 0 0.00211
12.61 3 GPS 0 49874472 356092121 0 76467 0 0 313751 12 0
12.61 3 COMMANDS 885,629,-1937,-807
12.61 3 NAVIGATION 0 1 0 0 76 0. 0.
12.61 3 ATTITUDE -8 0 -61
12.66 3 IR_SENSORS -718 -14 1
12.66 3 FBW_STATUS 0 0 108
12.66 3 GYRO_RATES -4 0 1 0.034907 0. 0.008727
12.80 3 ACTUATORS 1431,1633,0,1273,1459
12.80 3 ESTIMATOR 0. 0. 0. 0. 0.
12.80 3 NAVIGATION 0 1 0 0 76 0. 0.
12.80 3 GPS 0 49874472 356092121 0 76467 0 0 313999 12 0
12.97 3 WP_MOVED 1 498772. 3560869. 751.
13.19 3 NAVIGATION 0 1 0 0 76 0. 0.
13.19 3 ATTITUDE -8 0 -61
13.19 3 DESIRED 0.01 -0.18 0. 0. 746.3 0.
13.19 3 GPS 0 49874472 356092121 0 76467 0 0 314251 12 0
13.19 3 PPRZ_MODE 0 0 3 0 0 1 0
13.20 3 ESTIMATOR 0. 0. 0. 0. 0.
13.30 3 NAVIGATION 0 1 0 0 76 0. 0.
13.30 3 GPS 0 49874472 356092121 0 76467 0 0 314499 12 0
13.30 3 WP_MOVED 2 498737.40625 3560892. 751.
13.30 3 DL_VALUE 27 0.75
13.47 3 RAD_OF_IR -14 0 0.00211
13.51 3 DOWNLINK_STATUS 12 4405 271 0 411. 26.
13.59 3 COMMANDS 889,632,-1955,-798
13.59 3 NAVIGATION 0 1 0 0 76 0. 0.
13.59 3 ATTITUDE -8 0 -61
13.59 3 IR_SENSORS -718 -14 1
13.59 3 GPS 0 49874472 356092121 0 76467 0 0 314751 12 0
13.59 3 FBW_STATUS 0 0 108
13.77 3 ESTIMATOR 0. 0. 0. 0. 0.
13.77 3 BAT 884 108 0 0 330 0 13
13.77 3 NAVIGATION 0 1 0 0 76 0. 0.
13.80 3 WP_MOVED 3 498797.90625 3560837.5 751.
13.80 3 CALIBRATION 0. 0.015 0.134 0
13.80 3 GPS 0 49874472 356092121 0 76467 0 0 314999 12 0
13.97 3 SERVO -2281 -529 882
14.10 3 NAVIGATION 0 1 0 0 76 0. 0.
14.10 3 ATTITUDE -8 0 -61
14.10 3 DESIRED 0.01 -0.18 0. 0. 746.3 0.
14.10 3 IR_DEBUG 503 523 503 523
14.10 3 GPS 0 49874472 356092121 0 76467 0 0 315251 12 0
14.16 3 ESTIMATOR 0. 0. 0. 0. 0.
14.16 3 NAVIGATION 0 1 0 0 76 0. 0.
14.27 3 WP_MOVED 4 498772. 3560869. 0.
14.27 3 DL_VALUE 28 24600.
14.27 3 GPS 0 49874472 356092121 0 76467 0 0 315499 12 0
14.47 3 RAD_OF_IR -14 0 0.00211
14.51 3 DOWNLINK_STATUS 13 4789 295 0 384. 24.
14.59 3 COMMANDS 885,635,-1932,-772
14.59 3 NAVIGATION 0 1 0 0 76 0. 0.
14.59 3 ATTITUDE -8 0 -61
14.59 3 IR_SENSORS -718 -14 1
14.59 3 FBW_STATUS 0 0 108
14.59 3 GYRO_RATES -4 0 1 0.034907 0. 0.008727
14.60 3 ESTIMATOR 0. 0. 0. 0. 0.
14.65 3 NAVIGATION 0 1 0 0 76 0. 0.
14.67 3 WP_MOVED 0 498814. 3560911. 751.
14.76 3 GPS 0 49874472 356092121 0 76467 0 0 315999 12 0
15.10 3 NAVIGATION 0 1 0 0 76 0. 0.
15.10 3 ATTITUDE -8 0 -61
15.10 3 DESIRED 0.01 -0.18 0. 0. 746.3 0.
15.17 3 GPS 0 49874472 356092121 0 76467 0 0 316251 12 0
15.17 3 ESTIMATOR 0. 0. 0. 0. 0.
15.17 3 NAVIGATION 0 1 0 0 76 0. 0.
15.18 3 WP_MOVED 1 498772. 3560869. 751.
15.18 3 DL_VALUE 29 24600.
15.26 3 RAD_OF_IR -14 0 0.00211
15.27 3 GPS 0 49874472 356092121 0 76467 0 0 316499 12 0
15.41 3 COMMANDS 888,632,-1950,-768
15.41 3 NAVIGATION 0 1 0 0 76 0. 0.
15.41 3 ATTITUDE -8 0 -61
15.41 3 IR_SENSORS -718 -14 1
15.51 3 DOWNLINK_STATUS 14 5164 319 0 375. 24.
15.57 3 FBW_STATUS 0 0 108
15.68 3 GYRO_RATES -4 0 1 0.034907 0. 0.008727
15.68 3 GPS 0 49874472 356092121 0 76467 0 0 316751 12 0
15.69 3 ESTIMATOR 0. 0. 0. 0. 0.
15.69 3 BAT 885 108 0 0 332 0 13
15.69 3 NAVIGATION 0 1 0 0 76 0. 0.
15.69 3 WP_MOVED 2 498737.40625 3560892. 751.
15.69 3 CALIBRATION 0. 0.015 0.134 0
15.74 3 SERVO -2281 -529 886
15.76 3 GPS 0 49874472 356092121 0 76467 0 0 316999 12 0
15.91 3 NAVIGATION 0 1 0 0 76 0. 0.
15.91 3 ATTITUDE -8 0 -61
15.91 3 DESIRED 0.01 -0.18 0. 0. 746.3 0.
15.91 3 IR_DEBUG 503 524 503 524
16.20 3 ESTIMATOR 0. 0. 0. 0. 0.
16.20 3 GPS 0 49874472 356092121 0 76467 0 0 317251 12 0
16.20 3 NAVIGATION 0 1 0 0 76 0. 0.
16.26 3 WP_MOVED 3 498797.90625 3560837.5 751.
16.26 3 DL_VALUE 30 0.108
16.26 3 RAD_OF_IR -14 0 0.00211
16.40 3 GPS 0 49874472 356092121 0 76467 0 0 317499 12 0
16.40 3 COMMANDS 885,633,-1932,-765
16.40 3 NAVIGATION 0 1 0 0 76 0. 0.
16.40 3 ATTITUDE -8 0 -61
16.40 3 IR_SENSORS -719 -14 1
16.40 3 FBW_STATUS 0 0 108
16.47 3 ESTIMATOR 0. 0. 0. 0. 0.
16.51 3 DOWNLINK_STATUS 15 5595 346 0 431. 27.
17.11 3 NAVIGATION 0 1 0 0 76 0. 0.
17.11 3 ATTITUDE -8 0 -61
17.11 3 DESIRED 0.01 -0.18 0. 0. 746.3 0.
17.11 3 GPS 0 49874472 356092121 0 76467 0 0 317999 12 0
17.18 3 ESTIMATOR 0. 0. 0. 0. 0.
17.18 3 NAVIGATION 0 1 0 0 76 0. 0.
17.18 3 GPS 0 49874472 356092121 0 76467 0 0 318251 12 0
17.18 3 WP_MOVED 0 498814. 3560911. 751.
17.19 3 DL_VALUE 31 0.414
17.19 3 RAD_OF_IR -13 0 0.00211
17.39 3 COMMANDS 885,630,-1931,-763
17.39 3 NAVIGATION 0 1 0 0 76 0. 0.
17.39 3 ATTITUDE -8 0 -61
17.39 3 IR_SENSORS -719 -14 1
17.39 3 GPS 0 49874472 356092121 0 76467 0 0 318499 12 0
17.39 3 FBW_STATUS 0 0 108
17.52 3 DOWNLINK_STATUS 16 5850 362 0 255. 16.
17.60 3 ACTUATORS 1433,1633,0,1273,1460
17.60 3 ESTIMATOR 0. 0. 0. 0. 0.
17.60 3 BAT 889 108 0 0 334 0 13
17.60 3 NAVIGATION 0 1 0 0 76 0. 0.
17.67 3 WP_MOVED 1 498772. 3560869. 751.
17.67 3 CALIBRATION 0. 0.015 0.134 0
17.67 3 GPS 0 49874472 356092121 0 76467 0 0 318751 12 0
17.67 3 SERVO -2281 -529 889
17.81 3 NAVIGATION 0 1 0 0 76 0. 0.
17.81 3 ATTITUDE -8 0 -61
17.81 3 DESIRED 0.01 -0.18 0. 0. 746.3 0.
17.81 3 IR_DEBUG 504 524 504 524
17.81 3 GPS 0 49874472 356092121 0 76467 0 0 318999 12 0
17.89 3 ESTIMATOR 0. 0. 0. 0. 0.
18.07 3 NAVIGATION 0 1 0 0 76 0. 0.
18.11 3 WP_MOVED 2 498737.40625 3560892. 751.
18.11 3 DL_VALUE 32 0.
18.11 3 GPS 0 49874472 356092121 0 76467 0 0 319251 12 0
18.11 3 RAD_OF_IR -14 0 0.00211
18.27 3 COMMANDS 887,626,-1962,-770
18.27 3 NAVIGATION 0 1 0 0 76 0. 0.
18.27 3 ATTITUDE -8 0 -61
18.27 3 IR_SENSORS -719 -14 1
18.29 3 FBW_STATUS 0 0 108
18.29 3 GYRO_RATES -4 0 1 0.034907 0. 0.008727
18.29 3 GPS 0 49874472 356092121 0 76467 0 0 319499 12 0
18.38 3 ESTIMATOR 0. 0. 0. 0. 0.
18.41 3 NAVIGATION 0 1 0 0 76 0. 0.
18.52 3 DOWNLINK_STATUS 17 6307 390 0 457. 28.
18.58 3 WP_MOVED 3 498797.90625 3560837.5 751.
18.71 3 GPS 0 49874472 356092121 0 76467 0 0 319751 12 0
18.71 3 NAVIGATION 0 1 0 0 76 0. 0.
18.71 3 ATTITUDE -8 0 -61
18.71 3 DESIRED 0.01 -0.18 0. 0. 746.3 0.
18.76 3 GPS 0 49874472 356092121 0 76467 0 0 319999 12 0
18.87 3 ESTIMATOR 0. 0. 0. 0. 0.
18.87 3 NAVIGATION 0 1 0 0 76 0. 0.
19.08 3 WP_MOVED 4 498772. 3560869. 0.
19.08 3 DL_VALUE 33 0.015
19.19 3 RAD_OF_IR -14 0 0.00211
19.19 3 GPS 0 49874472 356092121 0 76467 0 0 320251 12 0
19.19 3 COMMANDS 883,632,-1956,-765
19.19 3 NAVIGATION 0 1 0 0 76 0. 0.
19.19 3 ATTITUDE -8 0 -61
19.19 3 IR_SENSORS -718 -14 1
19.20 3 GYRO_RATES -4 0 1 0.034907 0. 0.008727
19.42 3 GPS 0 49874472 356092121 0 76467 0 0 320499 12 0
19.42 3 ESTIMATOR 0. 0. 0. 0. 0.
19.42 3 BAT 888 108 0 0 336 0 14
19.42 3 NAVIGATION 0 1 0 0 76 0. 0.
19.42 3 WP_MOVED 0 498814. 3560911. 751.
19.42 3 CALIBRATION 0. 0.015 0.134 0
19.53 3 DOWNLINK_STATUS 18 6703 413 0 396. 23.
19.57 3 SERVO -2281 -529 888
19.70 3 GPS 0 49874472 356092121 0 76467 0 0 320751 12 0
19.70 3 NAVIGATION 0 1 0 0 76 0. 0.
19.70 3 ATTITUDE -8 0 -61
19.70 3 DESIRED 0.01 -0.18 0. 0. 746.3 0.
19.70 3 IR_DEBUG 504 524 504 524
19.88 3 ESTIMATOR 0. 0. 0. 0. 0.
19.88 3 GPS 0 49874472 356092121 0 76467 0 0 320999 12 0
19.88 3 NAVIGATION 0 1 0 0 76 0. 0.
19.90 3 WP_MOVED 1 498772. 3560869. 751.
19.90 3 DL_VALUE 34 0.
20.08 3 RAD_OF_IR -14 0 0.00211
20.08 3 NAVIGATION_REF 498772 3560869 12
20.20 3 GPS 0 49874472 356092121 0 76467 0 0 321251 12 0
20.20 3 COMMANDS 884,630,-1936,-768
20.20 3 NAVIGATION 0 1 0 0 76 0. 0.
20.20 3 ATTITUDE -8 0 -61
20.20 3 IR_SENSORS -718 -14 1
20.20 3 FBW_STATUS 0 0 108
20.29 3 ESTIMATOR 0. 0. 0. 0. 0.
20.29 3 NAVIGATION 0 1 0 0 76 0. 0.
20.29 3 GPS 0 49874472 356092121 0 76467 0 0 321499 12 0
20.36 3 WP_MOVED 2 498737.40625 3560892. 751.
20.53 3 DOWNLINK_STATUS 19 7069 436 0 366. 23.
20.71 3 NAVIGATION 0 1 0 0 76 0. 0.
20.71 3 ATTITUDE -8 0 -61
20.71 3 DESIRED 0.01 -0.18 0. 0. 746.3 0.
20.71 3 GPS 0 49874472 356092121 0 76467 0 0 321751 12 0
20.89 3 ESTIMATOR 0. 0. 0. 0. 0.
20.89 3 NAVIGATION 0 1 0 0 76 0. 0.
20.89 3 GPS 0 49874472 356092121 0 76467 0 0 321999 12 0
20.89 3 WP_MOVED 3 498797.90625 3560837.5 751.
20.89 3 DL_VALUE 35 0.01
20.89 3 RAD_OF_IR -14 0 0.00211
21.22 3 COMMANDS 885,618,-1932,-770
21.22 3 NAVIGATION 0 1 0 0 76 0. 0.
21.22 3 ATTITUDE -8 0 -61
21.22 3 IR_SENSORS -718 -14 1
21.22 3 GPS 0 49874472 356092121 0 76467 0 0 322251 12 0
21.22 3 FBW_STATUS 0 0 108
21.27 3 ESTIMATOR 0. 0. 0. 0. 0.
21.27 3 BAT 884 108 0 0 338 0 14
21.27 3 NAVIGATION 0 1 0 0 76 0. 0.
21.30 3 WP_MOVED 4 498772. 3560869. 0.
21.30 3 CALIBRATION 0. 0.015 0.134 0
21.30 3 GPS 0 49874472 356092121 0 76467 0 0 322499 12 0
21.35 3 SERVO -2281 -529 880
21.53 3 DOWNLINK_STATUS 20 7443 459 0 374. 23.
22.53 3 DOWNLINK_STATUS 21 7443 459 0 0. 0.
23.53 3 DOWNLINK_STATUS 22 7443 459 0 0. 0.
24.53 3 DOWNLINK_STATUS 23 7443 459 0 0. 0.
25.53 3 DOWNLINK_STATUS 24 7443 459 0 0. 0.
26.53 3 DOWNLINK_STATUS 25 7443 459 0 0. 0.
27.53 3 DOWNLINK_STATUS 26 7443 459 0 0. 0.
28.54 3 DOWNLINK_STATUS 27 7443 459 0 0. 0.
29.53 3 DOWNLINK_STATUS 28 7443 459 0 0. 0.
30.53 3 DOWNLINK_STATUS 29 7443 459 0 0. 0.
31.53 3 DOWNLINK_STATUS 30 7443 459 0 0. 0.
32.53 3 DOWNLINK_STATUS 31 7443 459 0 0. 0.
33.53 3 DOWNLINK_STATUS 32 7443 459 0 0. 0.
34.53 3 DOWNLINK_STATUS 33 7443 459 0 0. 0.
35.53 3 DOWNLINK_STATUS 34 7443 459 0 0. 0.
36.53 3 DOWNLINK_STATUS 35 7443 459 0 0. 0.
37.53 3 DOWNLINK_STATUS 36 7443 459 0 0. 0.
38.53 3 DOWNLINK_STATUS 37 7443 459 0 0. 0.
39.53 3 DOWNLINK_STATUS 38 7443 459 0 0. 0.
40.53 3 DOWNLINK_STATUS 39 7443 459 0 0. 0.
41.53 3 DOWNLINK_STATUS 40 7443 459 0 0. 0.
42.53 3 DOWNLINK_STATUS 41 7443 459 0 0. 0.
43.53 3 DOWNLINK_STATUS 42 7443 459 0 0. 0.
44.53 3 DOWNLINK_STATUS 43 7443 459 0 0. 0.
45.53 3 DOWNLINK_STATUS 44 7443 459 0 0. 0.
46.53 3 DOWNLINK_STATUS 45 7443 459 0 0. 0.
47.53 3 DOWNLINK_STATUS 46 7443 459 0 0. 0.
48.53 3 DOWNLINK_STATUS 47 7443 459 0 0. 0.
49.53 3 DOWNLINK_STATUS 48 7443 459 0 0. 0.
50.53 3 DOWNLINK_STATUS 49 7443 459 0 0. 0.
51.53 3 DOWNLINK_STATUS 50 7443 459 0 0. 0.
52.53 3 DOWNLINK_STATUS 51 7443 459 0 0. 0.
53.53 3 DOWNLINK_STATUS 52 7443 459 0 0. 0.
54.53 3 DOWNLINK_STATUS 53 7443 459 0 0. 0.
55.53 3 DOWNLINK_STATUS 54 7443 459 0 0. 0.
56.53 3 DOWNLINK_STATUS 55 7443 459 0 0. 0.
57.53 3 DOWNLINK_STATUS 56 7443 459 0 0. 0.
58.53 3 DOWNLINK_STATUS 57 7443 459 0 0. 0.
59.53 3 DOWNLINK_STATUS 58 7443 459 0 0. 0.
60.53 3 DOWNLINK_STATUS 59 7443 459 0 0. 0.
61.53 3 DOWNLINK_STATUS 60 7443 459 0 0. 0.
62.53 3 DOWNLINK_STATUS 61 7443 459 0 0. 0.
63.53 3 DOWNLINK_STATUS 62 7443 459 0 0. 0.
64.53 3 DOWNLINK_STATUS 63 7443 459 0 0. 0.
65.53 3 DOWNLINK_STATUS 64 7443 459 0 0. 0.
66.53 3 DOWNLINK_STATUS 65 7443 459 0 0. 0.
67.53 3 DOWNLINK_STATUS 66 7443 459 0 0. 0.
68.53 3 DOWNLINK_STATUS 67 7443 459 0 0. 0.
69.53 3 DOWNLINK_STATUS 68 7443 459 0 0. 0.
70.53 3 DOWNLINK_STATUS 69 7443 459 0 0. 0.
71.53 3 DOWNLINK_STATUS 70 7443 459 0 0. 0.
72.53 3 DOWNLINK_STATUS 71 7443 459 0 0. 0.
73.53 3 DOWNLINK_STATUS 72 7443 459 0 0. 0.
74.53 3 DOWNLINK_STATUS 73 7443 459 0 0. 0.
75.53 3 DOWNLINK_STATUS 74 7443 459 0 0. 0.
76.53 3 DOWNLINK_STATUS 75 7443 459 0 0. 0.
77.53 3 DOWNLINK_STATUS 76 7443 459 0 0. 0.
78.53 3 DOWNLINK_STATUS 77 7443 459 0 0. 0.
79.53 3 DOWNLINK_STATUS 78 7443 459 0 0. 0.
80.53 3 DOWNLINK_STATUS 79 7443 459 0 0. 0.
81.53 3 DOWNLINK_STATUS 80 7443 459 0 0. 0.
82.53 3 DOWNLINK_STATUS 81 7443 459 0 0. 0.
83.53 3 DOWNLINK_STATUS 82 7443 459 0 0. 0.
84.53 3 DOWNLINK_STATUS 83 7443 459 0 0. 0.
85.53 3 DOWNLINK_STATUS 84 7443 459 0 0. 0.
86.53 3 DOWNLINK_STATUS 85 7443 459 0 0. 0.
87.53 3 DOWNLINK_STATUS 86 7443 459 0 0. 0.
88.53 3 DOWNLINK_STATUS 87 7443 459 0 0. 0.
89.53 3 DOWNLINK_STATUS 88 7443 459 0 0. 0.
90.53 3 DOWNLINK_STATUS 89 7443 459 0 0. 0.
91.54 3 DOWNLINK_STATUS 90 7443 459 0 0. 0.
92.54 3 DOWNLINK_STATUS 91 7443 459 0 0. 0.
93.54 3 DOWNLINK_STATUS 92 7443 459 0 0. 0.
94.54 3 DOWNLINK_STATUS 93 7443 459 0 0. 0.
95.54 3 DOWNLINK_STATUS 94 7443 459 0 0. 0.
96.54 3 DOWNLINK_STATUS 95 7443 459 0 0. 0.
97.54 3 DOWNLINK_STATUS 96 7443 459 0 0. 0.
98.54 3 DOWNLINK_STATUS 97 7443 459 0 0. 0.
99.54 3 DOWNLINK_STATUS 98 7443 459 0 0. 0.
100.54 3 DOWNLINK_STATUS 99 7443 459 0 0. 0.
101.54 3 DOWNLINK_STATUS 100 7443 459 0 0. 0.
102.54 3 DOWNLINK_STATUS 101 7443 459 0 0. 0.
103.54 3 DOWNLINK_STATUS 102 7443 459 0 0. 0.
104.55 3 DOWNLINK_STATUS 103 7443 459 0 0. 0.
105.54 3 DOWNLINK_STATUS 104 7443 459 0 0. 0.
106.54 3 DOWNLINK_STATUS 105 7443 459 0 0. 0.
107.54 3 DOWNLINK_STATUS 106 7443 459 0 0. 0.
108.54 3 DOWNLINK_STATUS 107 7443 459 0 0. 0.
109.54 3 DOWNLINK_STATUS 108 7443 459 0 0. 0.
110.54 3 DOWNLINK_STATUS 109 7443 459 0 0. 0.
111.54 3 DOWNLINK_STATUS 110 7443 459 0 0. 0.
112.54 3 DOWNLINK_STATUS 111 7443 459 0 0. 0.
113.54 3 DOWNLINK_STATUS 112 7443 459 0 0. 0.
114.54 3 DOWNLINK_STATUS 113 7443 459 0 0. 0.
115.54 3 DOWNLINK_STATUS 114 7443 459 0 0. 0.
116.54 3 DOWNLINK_STATUS 115 7443 459 0 0. 0.
117.54 3 DOWNLINK_STATUS 116 7443 459 0 0. 0.
118.54 3 DOWNLINK_STATUS 117 7443 459 0 0. 0.
119.54 3 DOWNLINK_STATUS 118 7443 459 0 0. 0.
120.54 3 DOWNLINK_STATUS 119 7443 459 0 0. 0.
121.55 3 DOWNLINK_STATUS 120 7443 459 0 0. 0.
122.54 3 DOWNLINK_STATUS 121 7443 459 0 0. 0.
123.54 3 DOWNLINK_STATUS 122 7443 459 0 0. 0.
124.54 3 DOWNLINK_STATUS 123 7443 459 0 0. 0.
125.54 3 DOWNLINK_STATUS 124 7443 459 0 0. 0.
126.54 3 DOWNLINK_STATUS 125 7443 459 0 0. 0.
127.54 3 DOWNLINK_STATUS 126 7443 459 0 0. 0.
128.54 3 DOWNLINK_STATUS 127 7443 459 0 0. 0.
129.54 3 DOWNLINK_STATUS 128 7443 459 0 0. 0.
130.54 3 DOWNLINK_STATUS 129 7443 459 0 0. 0.
131.54 3 DOWNLINK_STATUS 130 7443 459 0 0. 0.
132.54 3 DOWNLINK_STATUS 131 7443 459 0 0. 0.
133.54 3 DOWNLINK_STATUS 132 7443 459 0 0. 0.
134.54 3 DOWNLINK_STATUS 133 7443 459 0 0. 0.
135.54 3 DOWNLINK_STATUS 134 7443 459 0 0. 0.
136.54 3 DOWNLINK_STATUS 135 7443 459 0 0. 0.
137.54 3 DOWNLINK_STATUS 136 7443 459 0 0. 0.
