12.93 34 ATTITUDE 0 0 -72
12.93 34 PPRZ_MODE 2 0 3 0 0 5 0
12.93 34 FBW_STATUS 0 1 116
12.93 34 RAD_OF_IR 6 0 0.00211
12.93 34 PPRZ_MODE 0 0 3 0 0 17 0
12.93 34 IR_SENSORS -903 5 1
12.93 34 NAVIGATION 0 1 0 0 38 0. 6571.9
12.93 34 WP_MOVED 1 506292.5 3566296.25 800.
12.93 34 GYRO_RATES -326 -291 -264 2.844887 -2.539454 -2.303835
12.93 34 ESTIMATOR 0. 0. 0. 0. 0.
12.93 34 BAT 456 116 0 0 2 0 0
12.93 34 GPS 0 50455938 356665430 0 72627 0 0 12949000 12 0
12.93 34 NAVIGATION 0 1 0 0 38 0. 6571.9
12.93 34 ATTITUDE 0 0 -72
12.93 34 CALIBRATION 0. 0.023 0.067 0
12.93 34 SERVO 9600 -9600 455
12.93 34 DESIRED 0. 0. 0. 0. 770. 0.
12.93 34 IR_DEBUG 651 642 651 642
12.93 34 NAVIGATION 0 1 0 0 38 0. 6571.9
12.94 34 GPS 0 50455938 356665430 0 72627 0 0 12949248 12 0
12.94 34 WP_MOVED 2 506379.59375 3566304.75 800.
12.94 34 ESTIMATOR 0. 0. 0. 0. 0.
12.94 34 DOWNLINK_STATUS 11 441 31 0 441. 31.
12.94 34 COMMANDS 452,-10,-55,-350
12.94 34 NAVIGATION 0 1 0 0 38 0. 6571.9
12.94 34 ATTITUDE 0 0 -72
12.94 34 DL_VALUE 2 0.
12.94 34 GPS 0 50455938 356665430 0 72627 0 0 12949500 12 0
12.94 34 FBW_STATUS 0 0 116
12.94 34 RAD_OF_IR 6 0 0.00211
12.94 34 IR_SENSORS -902 6 1
12.94 34 NAVIGATION 0 1 0 0 38 0. 6571.9
12.94 34 GPS 0 50455938 356665430 0 72627 0 0 12949748 12 0
12.94 34 WP_MOVED 3 506366. 3566262. 0.
12.94 34 GYRO_RATES -326 -291 -264 2.844887 -2.539454 -2.303835
12.94 34 ESTIMATOR 0. 0. 0. 0. 0.
12.94 34 NAVIGATION 0 1 0 0 38 0. 6571.9
12.94 34 ATTITUDE 0 0 -71
12.94 34 GPS 0 50455938 356665430 0 72627 0 0 12950000 12 0
12.94 34 DESIRED 0. 0. 0. 0. 770. 0.
12.94 34 NAVIGATION 0 1 0 0 38 0. 6571.9
12.94 34 WP_MOVED 0 506408. 3566304. 800.
12.94 34 GPS 0 50455938 356665430 0 72627 0 0 12950248 12 0
12.94 34 ESTIMATOR 0. 0. 0. 0. 0.
12.94 34 COMMANDS 452,-1,-52,-352
12.94 34 NAVIGATION 0 1 0 0 38 0. 6571.9
12.94 34 ATTITUDE 0 0 -72
12.94 34 DL_VALUE 3 0.
12.94 34 DOWNLINK_STATUS 12 842 56 0 401. 25.
12.94 34 FBW_STATUS 0 0 116
12.94 34 GPS 0 50455938 356665430 0 72627 0 0 12950500 12 0
12.94 34 RAD_OF_IR 5 0 0.00211
12.94 34 IR_SENSORS -904 5 1
12.94 34 NAVIGATION 0 1 0 0 38 0. 6571.9
12.94 34 WP_MOVED 1 506292.5 3566296.25 800.
12.94 34 GYRO_RATES -327 -291 -264 2.853613 -2.539454 -2.303835
12.94 34 GPS 0 50455938 356665430 0 72627 0 0 12950748 12 0
13.02 34 ESTIMATOR 0. 0. 0. 0. 0.
13.05 34 BAT 452 116 0 0 4 0 0
13.24 34 NAVIGATION 0 1 0 0 38 0. 6571.9
13.24 34 ATTITUDE 0 0 -72
13.24 34 CALIBRATION 0. 0.023 0.067 0
13.24 34 SERVO 9600 -9600 452
13.24 34 GPS 0 50455938 356665430 0 72627 0 0 12951000 12 0
13.31 34 DESIRED 0. 0. 0. 0. 770. 0.
13.31 34 IR_DEBUG 650 642 650 642
13.31 34 NAVIGATION 0 1 0 0 38 0. 6571.9
13.31 34 WP_MOVED 2 506379.59375 3566304.75 800.
13.33 34 GPS 0 50455938 356665430 0 72627 0 0 12951248 12 0
13.33 34 ESTIMATOR 0. 0. 0. 0. 0.
13.44 34 COMMANDS 458,-3,-42,-350
13.44 34 NAVIGATION 0 1 0 0 38 0. 6571.9
13.44 34 ATTITUDE 0 0 -72
13.44 34 DL_VALUE 4 0.
13.49 34 FBW_STATUS 0 0 116
13.49 34 RAD_OF_IR 5 0 0.00211
13.66 34 DOWNLINK_STATUS 13 1261 83 0 419. 27.
13.73 34 GPS 0 50455938 356665430 0 72627 0 0 12951500 12 0
13.73 34 ACTUATORS 1497,1502,0,1237,1482
13.73 34 IR_SENSORS -904 5 1
13.80 34 NAVIGATION 0 1 0 0 38 0. 6571.9
13.80 34 WP_MOVED 3 506366. 3566262. 0.
13.80 34 GYRO_RATES -327 -291 -264 2.853613 -2.539454 -2.303835
13.83 34 ESTIMATOR 0. 0. 0. 0. 0.
13.83 34 GPS 0 50455938 356665430 0 72627 0 0 12951748 12 0
13.89 34 NAVIGATION 0 1 0 0 38 0. 6571.9
13.89 34 ATTITUDE 0 0 -72
14.24 34 GPS 0 50455938 356665430 0 72627 0 0 12952000 12 0
14.24 34 DESIRED 0. 0. 0. 0. 770. 0.
14.24 34 NAVIGATION 0 1 0 0 38 0. 6571.9
14.32 34 WP_MOVED 0 506408. 3566304. 800.
14.32 34 PPRZ_MODE 0 0 3 0 0 1 0
14.32 34 ESTIMATOR 0. 0. 0. 0. 0.
14.32 34 GPS 0 50455938 356665430 0 72627 0 0 12952248 12 0
14.40 34 COMMANDS 451,6,-45,-354
14.40 34 NAVIGATION 0 1 0 0 38 0. 6571.9
14.40 34 ATTITUDE 0 0 -72
14.40 34 DL_VALUE 5 0.
14.40 34 FBW_STATUS 0 0 116
14.42 34 RAD_OF_IR 5 0 0.00211
14.51 34 IR_SENSORS -904 5 1
14.66 34 DOWNLINK_STATUS 14 1648 107 0 387. 24.
14.73 34 GPS 0 50455938 356665430 0 72627 0 0 12952500 12 0
14.73 34 NAVIGATION 0 1 0 0 38 0. 6571.9
14.85 34 WP_MOVED 1 506292.5 3566296.25 800.
14.85 34 GYRO_RATES -326 -291 -265 2.844887 -2.539454 -2.312561
14.85 34 ESTIMATOR 0. 0. 0. 0. 0.
14.85 34 BAT 449 116 0 0 6 0 0
14.85 34 GPS 0 50455938 356665430 0 72627 0 0 12952748 12 0
14.85 34 SVINFO 0 8 4 3 24 68 103
14.91 34 ATTITUDE 0 0 -72
14.91 34 CALIBRATION 0. 0.023 0.067 0
14.91 34 SERVO 9600 -9600 453
15.25 34 DESIRED 0. 0. 0. 0. 770. 0.
15.28 34 IR_DEBUG 650 642 650 642
15.28 34 NAVIGATION 0 1 0 0 38 0. 6571.9
15.28 34 GPS 0 50455938 356665430 0 72627 0 0 12953000 12 0
15.28 34 WP_MOVED 2 506379.59375 3566304.75 800.
15.29 34 ESTIMATOR 0. 0. 0. 0. 0.
15.41 34 COMMANDS 453,-6,-55,-342
15.41 34 NAVIGATION 0 1 0 0 38 0. 6571.9
15.41 34 ATTITUDE 0 0 -72
15.41 34 DL_VALUE 6 0.
15.41 34 GPS 0 50455938 356665430 0 72627 0 0 12953248 12 0
15.42 34 FBW_STATUS 0 0 116
15.42 34 RAD_OF_IR 5 0 0.00211
15.50 34 IR_SENSORS -904 5 1
15.54 34 NAVIGATION 0 1 0 0 38 0. 6571.9
15.66 34 DOWNLINK_STATUS 15 2062 133 0 414. 26.
15.73 34 GPS 0 50455938 356665430 0 72627 0 0 12953500 12 0
15.73 34 WP_MOVED 3 506366. 3566262. 0.
15.73 34 GYRO_RATES -327 -291 -265 2.853613 -2.539454 -2.312561
15.81 34 ESTIMATOR 0. 0. 0. 0. 0.
15.81 34 NAVIGATION 0 1 0 0 38 0. 6571.9
15.81 34 ATTITUDE 0 0 -72
15.81 34 GPS 0 50455938 356665430 0 72627 0 0 12953748 12 0
16.00 34 DESIRED 0. 0. 0. 0. 770. 0.
16.00 34 NAVIGATION 0 1 0 0 38 0. 6571.9
16.22 34 WP_MOVED 0 506408. 3566304. 800.
16.22 34 GPS 0 50455938 356665430 0 72627 0 0 12954000 12 0
16.31 34 ESTIMATOR 0. 0. 0. 0. 0.
16.31 34 COMMANDS 450,-7,-56,-350
16.31 34 NAVIGATION 0 1 0 0 38 0. 6571.9
16.31 34 ATTITUDE 0 0 -72
16.31 34 DL_VALUE 7 0.
16.33 34 GPS 0 50455938 356665430 0 72627 0 0 12954248 12 0
16.33 34 FBW_STATUS 0 0 116
16.33 34 RAD_OF_IR 5 0 0.00211
16.39 34 IR_SENSORS -904 5 1
16.49 34 NAVIGATION 0 1 0 0 38 0. 6571.9
16.53 34 WP_MOVED 1 506292.5 3566296.25 800.
16.53 34 GYRO_RATES -327 -292 -265 2.853613 -2.548181 -2.312561
16.66 34 DOWNLINK_STATUS 16 2454 156 0 392. 23.
16.73 34 GPS 0 50455938 356665430 0 72627 0 0 12954500 12 0
16.73 34 ESTIMATOR 0. 0. 0. 0. 0.
16.73 34 BAT 466 116 0 0 8 0 0
16.80 34 NAVIGATION 0 1 0 0 38 0. 6571.9
16.80 34 ATTITUDE 0 0 -72
16.80 34 CALIBRATION 0. 0.023 0.067 0
16.81 34 GPS 0 50455938 356665430 0 72627 0 0 12954748 12 0
16.81 34 SERVO 9600 -9600 458
16.93 34 DESIRED 0. 0. 0. 0. 770. 0.
16.93 34 IR_DEBUG 650 642 650 642
16.93 34 NAVIGATION 0 1 0 0 38 0. 6571.9
17.03 34 WP_MOVED 2 506379.59375 3566304.75 800.
17.06 34 GPS 0 50455938 356665430 0 72627 0 0 12955000 12 0
17.21 34 ESTIMATOR 0. 0. 0. 0. 0.
17.24 34 COMMANDS 453,-24,-52,-352
17.24 34 NAVIGATION 0 1 0 0 38 0. 6571.9
17.24 34 ATTITUDE 0 0 -72
17.24 34 DL_VALUE 8 1.
17.24 34 FBW_STATUS 0 0 116
17.31 34 RAD_OF_IR 5 0 0.00211
17.31 34 GPS 0 50455938 356665430 0 72627 0 0 12955248 12 0
17.38 34 IR_SENSORS -904 5 1
17.40 34 NAVIGATION 0 1 0 0 38 0. 6571.9
17.49 34 WP_MOVED 3 506366. 3566262. 0.
17.49 34 GYRO_RATES -327 -292 -265 2.853613 -2.548181 -2.312561
17.66 34 DOWNLINK_STATUS 17 2858 181 0 404. 25.
17.74 34 ESTIMATOR 0. 0. 0. 0. 0.
17.74 34 GPS 0 50455938 356665430 0 72627 0 0 12955500 12 0
17.74 34 NAVIGATION 0 1 0 0 38 0. 6571.9
17.74 34 ATTITUDE 0 0 -72
17.93 34 GPS 0 50455938 356665430 0 72627 0 0 12955748 12 0
17.93 34 DESIRED 0. 0. 0. 0. 770. 0.
17.93 34 NAVIGATION 0 1 0 0 38 0. 6571.9
17.93 34 WP_MOVED 0 506408. 3566304. 800.
18.00 34 ESTIMATOR 0. 0. 0. 0. 0.
18.24 34 GPS 0 50455938 356665430 0 72627 0 0 12956000 12 0
18.24 34 COMMANDS 452,-4,-52,-357
18.24 34 NAVIGATION 0 1 0 0 38 0. 6571.9
18.24 34 ATTITUDE 0 0 -72
18.24 34 DL_VALUE 9 -61.099998
18.29 34 FBW_STATUS 0 0 116
18.29 34 RAD_OF_IR 6 0 0.00211
18.29 34 NAVIGATION_REF 506366 3566262 12
18.34 34 ACTUATORS 1497,1502,0,1237,1482
18.34 34 IR_SENSORS -904 5 1
18.34 34 GPS 0 50455938 356665430 0 72627 0 0 12956248 12 0
18.34 34 NAVIGATION 0 1 0 0 38 0. 6571.9
18.40 34 WP_MOVED 1 506292.5 3566296.25 800.
18.40 34 GYRO_RATES -327 -292 -264 2.853613 -2.548181 -2.303835
18.52 34 ESTIMATOR 0. 0. 0. 0. 0.
18.52 34 BAT 452 116 0 0 10 0 0
18.66 34 DOWNLINK_STATUS 18 3275 206 0 417. 25.
18.73 34 GPS 0 50455938 356665430 0 72627 0 0 12956500 12 0
18.73 34 NAVIGATION 0 1 0 0 38 0. 6571.9
18.73 34 ATTITUDE 0 0 -72
18.73 34 CALIBRATION 0. 0.023 0.067 0
18.93 34 SERVO 9600 -9600 451
18.93 34 DESIRED 0. 0. 0. 0. 770. 0.
18.93 34 IR_DEBUG 651 642 651 642
18.94 34 NAVIGATION 0 1 0 0 38 0. 6571.9
18.94 34 GPS 0 50455938 356665430 0 72627 0 0 12956748 12 0
18.94 34 SVINFO 0 8 4 3 26 68 103
18.94 34 WP_MOVED 2 506379.59375 3566304.75 800.
18.94 34 PPRZ_MODE 0 0 3 0 0 17 0
19.00 34 ESTIMATOR 0. 0. 0. 0. 0.
19.25 34 COMMANDS 456,-4,-48,-355
19.25 34 NAVIGATION 0 1 0 0 38 0. 6571.9
19.25 34 ATTITUDE 0 0 -72
19.25 34 DL_VALUE 10 0.
19.25 34 GPS 0 50455938 356665430 0 72627 0 0 12957000 12 0
19.25 34 FBW_STATUS 0 0 116
19.43 34 RAD_OF_IR 5 0 0.00211
19.43 34 IR_SENSORS -903 6 1
19.44 34 NAVIGATION 0 1 0 0 38 0. 6571.9
19.44 34 GPS 0 50455938 356665430 0 72627 0 0 12957248 12 0
19.44 34 SVINFO 2 28 4 3 26 60 1
19.44 34 WP_MOVED 3 506366. 3566262. 0.
19.44 34 GYRO_RATES -326 -291 -265 2.844887 -2.539454 -2.312561
19.50 34 NAVIGATION 0 1 0 0 38 0. 6571.9
19.53 34 ATTITUDE 0 0 -72
19.66 34 DOWNLINK_STATUS 19 3698 234 0 423. 28.
19.71 34 GPS 0 50455938 356665430 0 72627 0 0 12957500 12 0
19.74 34 DESIRED 0. 0. 0. 0. 770. 0.
19.74 34 NAVIGATION 0 1 0 0 38 0. 6571.9
19.81 34 WP_MOVED 0 506408. 3566304. 800.
19.82 34 GPS 0 50455938 356665430 0 72627 0 0 12957748 12 0
19.89 34 ESTIMATOR 0. 0. 0. 0. 0.
20.01 34 COMMANDS 451,3,-50,-349
20.01 34 NAVIGATION 0 1 0 0 38 0. 6571.9
20.01 34 ATTITUDE 0 0 -72
20.01 34 DL_VALUE 11 1.
20.22 34 GPS 0 50455938 356665430 0 72627 0 0 12958000 12 0
20.22 34 FBW_STATUS 0 0 116
20.22 34 RAD_OF_IR 5 0 0.00211
20.23 34 IR_SENSORS -904 5 1
20.23 34 NAVIGATION 0 1 0 0 38 0. 6571.9
20.43 34 WP_MOVED 1 506292.5 3566296.25 800.
20.43 34 GYRO_RATES -327 -291 -264 2.853613 -2.539454 -2.303835
20.43 34 GPS 0 50455938 356665430 0 72627 0 0 12958248 12 0
20.51 34 ESTIMATOR 0. 0. 0. 0. 0.
20.55 34 BAT 453 116 0 0 12 0 0
20.55 34 NAVIGATION 0 1 0 0 38 0. 6571.9
20.55 34 ATTITUDE 0 0 -72
20.55 34 CALIBRATION 0. 0.023 0.067 0
20.66 34 DOWNLINK_STATUS 20 4084 257 0 386. 23.
20.72 34 SERVO 9600 -9600 452
20.72 34 GPS 0 50455938 356665430 0 72627 0 0 12958500 12 0
20.81 34 DESIRED 0. 0. 0. 0. 770. 0.
20.81 34 IR_DEBUG 650 642 650 642
20.81 34 NAVIGATION 0 1 0 0 38 0. 6571.9
20.81 34 WP_MOVED 2 506379.59375 3566304.75 800.
20.83 34 GPS 0 50455938 356665430 0 72627 0 0 12958748 12 0
20.83 34 ESTIMATOR 0. 0. 0. 0. 0.
20.94 34 COMMANDS 453,-4,-52,-352
20.94 34 NAVIGATION 0 1 0 0 38 0. 6571.9
20.94 34 ATTITUDE 0 0 -72
20.94 34 DL_VALUE 12 0.
21.00 34 FBW_STATUS 0 0 116
21.03 34 RAD_OF_IR 5 0 0.00211
21.22 34 GPS 0 50455938 356665430 0 72627 0 0 12959000 12 0
21.22 34 SVINFO 9 27 4 3 19 7 317
21.22 34 IR_SENSORS -905 6 1
21.30 34 NAVIGATION 0 1 0 0 38 0. 6571.9
21.30 34 WP_MOVED 3 506366. 3566262. 0.
21.30 34 GYRO_RATES -326 -291 -265 2.844887 -2.539454 -2.312561
21.40 34 ESTIMATOR 0. 0. 0. 0. 0.
21.40 34 GPS 0 50455938 356665430 0 72627 0 0 12959248 12 0
21.41 34 SVINFO 10 6 4 3 29 -9 45
21.41 34 NAVIGATION 0 1 0 0 38 0. 6571.9
21.41 34 ATTITUDE 0 0 -72
21.66 34 DOWNLINK_STATUS 21 4479 282 0 395. 25.
21.74 34 GPS 0 50455938 356665430 0 72627 0 0 12959500 12 0
21.74 34 SVINFO 11 9 4 3 27 -9 315
21.74 34 DESIRED 0. 0. 0. 0. 770. 0.
21.74 34 NAVIGATION 0 1 0 0 38 0. 6571.9
21.83 34 WP_MOVED 0 506408. 3566304. 800.
21.83 34 ESTIMATOR 0. 0. 0. 0. 0.
21.83 34 GPS 0 50455938 356665430 0 72627 0 0 12959748 12 0
21.83 34 SVINFO 12 2 4 3 27 -9 204
21.90 34 COMMANDS 452,-4,-52,-352
21.90 34 NAVIGATION 0 1 0 0 38 0. 6571.9
21.90 34 ATTITUDE 0 0 -72
21.90 34 DL_VALUE 13 517.
21.90 34 FBW_STATUS 0 0 116
21.92 34 RAD_OF_IR 5 0 0.00211
22.23 34 GPS 0 50455938 356665430 0 72627 0 0 12960000 12 0
22.27 34 SVINFO 13 5 16 3 29 -9 0
22.27 34 IR_SENSORS -903 6 1
22.27 34 NAVIGATION 0 1 0 0 38 0. 6571.9
22.36 34 WP_MOVED 1 506292.5 3566296.25 800.
22.36 34 GYRO_RATES -327 -291 -265 2.853613 -2.539454 -2.312561
22.36 34 ESTIMATOR 0. 0. 0. 0. 0.
22.36 34 BAT 453 116 0 0 14 0 0
22.36 34 GPS 0 50455938 356665430 0 72627 0 0 12960249 12 0
22.36 34 NAVIGATION 0 1 0 0 38 0. 6571.9
22.40 34 ATTITUDE 0 0 -72
22.40 34 CALIBRATION 0. 0.023 0.067 0
22.40 34 SERVO 9600 -9600 455
22.66 34 DOWNLINK_STATUS 22 4903 309 0 424. 27.
22.75 34 DESIRED 0. 0. 0. 0. 770. 0.
22.75 34 IR_DEBUG 650 642 650 642
22.75 34 NAVIGATION 0 1 0 0 38 0. 6571.9
22.75 34 GPS 0 50455938 356665430 0 72627 0 0 12960501 12 0
22.75 34 WP_MOVED 2 506379.59375 3566304.75 800.
22.79 34 ESTIMATOR 0. 0. 0. 0. 0.
22.92 34 COMMANDS 452,-6,-55,-350
22.92 34 NAVIGATION 0 1 0 0 38 0. 6571.9
22.92 34 GPS 0 50455938 356665430 0 72627 0 0 12960749 12 0
22.93 34 SVINFO 0 8 4 3 26 68 103
22.93 34 ATTITUDE 0 0 -72
22.93 34 DL_VALUE 14 482.
22.93 34 FBW_STATUS 0 0 116
22.93 34 RAD_OF_IR 6 0 0.00211
23.02 34 ACTUATORS 1498,1502,0,1236,1483
23.04 34 IR_SENSORS -904 5 1
23.04 34 NAVIGATION 0 1 0 0 38 0. 6571.9
23.21 34 GPS 0 50455938 356665430 0 72627 0 0 12961001 12 0
23.34 34 WP_MOVED 3 506366. 3566262. 0.
23.34 34 GYRO_RATES -327 -292 -265 2.853613 -2.548181 -2.312561
23.34 34 ESTIMATOR 0. 0. 0. 0. 0.
23.34 34 NAVIGATION 0 1 0 0 38 0. 6571.9
23.34 34 ATTITUDE 0 0 -72
23.34 34 GPS 0 50455938 356665430 0 72627 0 0 12961249 12 0
23.51 34 DESIRED 0. 0. 0. 0. 770. 0.
23.52 34 NAVIGATION 0 1 0 0 38 0. 6571.9
23.67 34 DOWNLINK_STATUS 23 5337 335 0 434. 26.
24.66 34 DOWNLINK_STATUS 24 5337 335 0 0. 0.
25.66 34 DOWNLINK_STATUS 25 5337 335 0 0. 0.
26.26 34 BAT 452 116 0 0 18 1 0
26.26 34 GPS 0 50455938 356665430 0 72627 0 0 12964000 12 0
26.26 34 SVINFO 13 5 16 3 29 -9 0
26.26 34 NAVIGATION 0 1 0 0 38 0. 6571.9
26.26 34 ATTITUDE 0 0 -72
26.26 34 CALIBRATION 0. 0.023 0.067 0
26.44 34 SERVO 9600 -9600 446
26.44 34 DESIRED 0. 0. 0. 0. 770. 0.
26.44 34 IR_DEBUG 650 642 650 642
26.44 34 NAVIGATION 0 1 0 0 38 0. 6571.9
26.44 34 GPS 0 50455938 356665430 0 72627 0 0 12964248 12 0
26.44 34 WP_MOVED 2 506379.59375 3566304.75 800.
26.50 34 ESTIMATOR 0. 0. 0. 0. 0.
26.66 34 DOWNLINK_STATUS 26 5555 348 0 218. 13.
26.74 34 COMMANDS 452,-6,-52,-350
26.74 34 NAVIGATION 0 1 0 0 38 0. 6571.9
26.74 34 ATTITUDE 0 0 -72
26.74 34 DL_VALUE 18 10000.
26.74 34 GPS 0 50455938 356665430 0 72627 0 0 12964500 12 0
26.74 34 FBW_STATUS 0 0 116
26.94 34 RAD_OF_IR 5 0 0.00211
26.94 34 NAVIGATION_REF 506366 3566262 12
26.94 34 IR_SENSORS -904 5 1
26.94 34 NAVIGATION 0 1 0 0 38 0. 6571.9
26.94 34 GPS 0 50455938 356665430 0 72627 0 0 12964748 12 0
26.94 34 WP_MOVED 3 506366. 3566262. 0.
26.94 34 GYRO_RATES -327 -291 -265 2.853613 -2.539454 -2.312561
26.94 34 ESTIMATOR 0. 0. 0. 0. 0.
27.04 34 NAVIGATION 0 1 0 0 38 0. 6571.9
27.08 34 ATTITUDE 0 0 -72
27.08 34 GPS 0 50455938 356665430 0 72627 0 0 12965000 12 0
27.19 34 DESIRED 0. 0. 0. 0. 770. 0.
27.21 34 NAVIGATION 0 1 0 0 38 0. 6571.9
27.33 34 GPS 0 50455938 356665430 0 72627 0 0 12965248 12 0
27.33 34 SVINFO 2 28 4 3 26 60 1
27.33 34 WP_MOVED 0 506408. 3566304. 800.
27.39 34 ESTIMATOR 0. 0. 0. 0. 0.
27.63 34 COMMANDS 464,17,-52,-379
27.63 34 NAVIGATION 0 1 0 0 38 0. 6571.9
27.63 34 ATTITUDE 0 0 -72
27.63 34 DL_VALUE 19 3000.
27.66 34 DOWNLINK_STATUS 27 5977 375 0 422. 27.
27.72 34 GPS 0 50455938 356665430 0 72627 0 0 12965500 12 0
27.72 34 FBW_STATUS 0 0 116
27.72 34 RAD_OF_IR 5 0 0.00211
27.72 34 ACTUATORS 1497,1501,0,1237,1482
27.72 34 IR_SENSORS -904 5 1
27.72 34 NAVIGATION 0 1 0 0 38 0. 6571.9
27.82 34 WP_MOVED 1 506292.5 3566296.25 800.
27.82 34 GYRO_RATES -327 -291 -265 2.853613 -2.539454 -2.312561
27.82 34 GPS 0 50455938 356665430 0 72627 0 0 12965748 12 0
27.90 34 ESTIMATOR 0. 0. 0. 0. 0.
27.90 34 BAT 451 116 0 0 20 1 0
28.24 34 NAVIGATION 0 1 0 0 38 0. 6571.9
28.24 34 ATTITUDE 0 0 -72
28.24 34 CALIBRATION 0. 0.023 0.067 0
28.24 34 GPS 0 50455938 356665430 0 72627 0 0 12966000 12 0
28.24 34 SERVO 9600 -9600 450
28.34 34 DESIRED 0. 0. 0. 0. 770. 0.
28.34 34 IR_DEBUG 650 642 650 642
28.34 34 NAVIGATION 0 1 0 0 38 0. 6571.9
28.34 34 WP_MOVED 2 506379.59375 3566304.75 800.
28.34 34 PPRZ_MODE 0 0 3 0 0 17 0
28.34 34 GPS 0 50455938 356665430 0 72627 0 0 12966248 12 0
28.44 34 COMMANDS 452,-3,-48,-349
28.44 34 NAVIGATION 0 1 0 0 38 0. 6571.9
28.44 34 ATTITUDE 0 0 -72
28.44 34 DL_VALUE 20 20000.
28.50 34 FBW_STATUS 0 0 116
28.53 34 RAD_OF_IR 5 0 0.00211
28.66 34 DOWNLINK_STATUS 28 6396 403 0 419. 28.
28.71 34 GPS 0 50455938 356665430 0 72627 0 0 12966500 12 0
28.71 34 SVINFO 7 26 4 3 27 5 326
28.71 34 IR_SENSORS -904 5 1
28.71 34 NAVIGATION 0 1 0 0 38 0. 6571.9
28.72 34 WP_MOVED 3 506366. 3566262. 0.
28.72 34 GYRO_RATES -327 -291 -265 2.853613 -2.539454 -2.312561
28.82 34 GPS 0 50455938 356665430 0 72627 0 0 12966748 12 0
28.83 34 SVINFO 8 4 4 3 25 4 183
28.83 34 ESTIMATOR 0. 0. 0. 0. 0.
28.89 34 NAVIGATION 0 1 0 0 38 0. 6571.9
28.89 34 ATTITUDE 0 0 -72
29.12 34 GPS 0 50455938 356665430 0 72627 0 0 12967000 12 0
29.14 34 DESIRED 0. 0. 0. 0. 770. 0.
29.14 34 NAVIGATION 0 1 0 0 38 0. 6571.9
29.19 34 WP_MOVED 0 506408. 3566304. 800.
29.31 34 ESTIMATOR 0. 0. 0. 0. 0.
29.31 34 GPS 0 50455938 356665430 0 72627 0 0 12967248 12 0
29.31 34 SVINFO 10 6 4 3 29 -9 45
29.40 34 COMMANDS 452,3,-52,-352
29.40 34 NAVIGATION 0 1 0 0 38 0. 6571.9
29.41 34 ATTITUDE 0 0 -72
29.41 34 DL_VALUE 21 17500.
29.41 34 FBW_STATUS 0 0 116
29.42 34 RAD_OF_IR 5 0 0.00211
29.66 34 DOWNLINK_STATUS 29 6783 427 0 387. 24.
29.73 34 GPS 0 50455938 356665430 0 72627 0 0 12967500 12 0
29.73 34 SVINFO 11 9 4 3 28 -9 315
29.73 34 IR_SENSORS -904 5 1
29.73 34 NAVIGATION 0 1 0 0 38 0. 6571.9
29.81 34 WP_MOVED 1 506292.5 3566296.25 800.
29.81 34 GYRO_RATES -327 -292 -265 2.853613 -2.548181 -2.312561
29.81 34 ESTIMATOR 0. 0. 0. 0. 0.
29.81 34 BAT 452 116 0 0 22 1 0
29.92 34 GPS 0 50455938 356665430 0 72627 0 0 12967748 12 0
29.92 34 SVINFO 12 2 4 3 28 -9 204
29.92 34 NAVIGATION 0 1 0 0 38 0. 6571.9
29.92 34 ATTITUDE 0 0 -72
29.92 34 CALIBRATION 0. 0.023 0.067 0
29.92 34 SERVO 9600 -9600 453
30.26 34 DESIRED 0. 0. 0. 0. 770. 0.
30.29 34 IR_DEBUG 650 642 650 642
30.29 34 GPS 0 50455938 356665430 0 72627 0 0 12968000 12 0
30.29 34 SVINFO 13 5 16 3 30 -9 0
30.29 34 NAVIGATION 0 1 0 0 38 0. 6571.9
30.29 34 WP_MOVED 2 506379.59375 3566304.75 800.
30.29 34 ESTIMATOR 0. 0. 0. 0. 0.
30.41 34 COMMANDS 437,7,-40,-320
30.41 34 NAVIGATION 0 1 0 0 38 0. 6571.9
30.41 34 GPS 0 50455938 356665430 0 72627 0 0 12968248 12 0
30.42 34 ATTITUDE 0 0 -72
30.42 34 DL_VALUE 22 20000.
30.42 34 FBW_STATUS 0 0 116
30.42 34 RAD_OF_IR 5 0 0.00211
30.66 34 DOWNLINK_STATUS 30 7217 455 0 434. 28.
30.73 34 IR_SENSORS -904 5 1
30.73 34 NAVIGATION 0 1 0 0 38 0. 6571.9
30.73 34 GPS 0 50455938 356665430 0 72627 0 0 12968500 12 0
30.83 34 WP_MOVED 3 506366. 3566262. 0.
30.83 34 GYRO_RATES -327 -292 -265 2.853613 -2.548181 -2.312561
30.83 34 ESTIMATOR 0. 0. 0. 0. 0.
30.83 34 NAVIGATION 0 1 0 0 38 0. 6571.9
30.83 34 ATTITUDE 0 0 -72
30.83 34 GPS 0 50455938 356665430 0 72627 0 0 12968748 12 0
31.25 34 DESIRED 0. 0. 0. 0. 770. 0.
31.25 34 NAVIGATION 0 1 0 0 38 0. 6571.9
31.25 34 GPS 0 50455938 356665430 0 72627 0 0 12969000 12 0
31.25 34 WP_MOVED 0 506408. 3566304. 800.
31.31 34 ESTIMATOR 0. 0. 0. 0. 0.
31.31 34 COMMANDS 451,-6,-55,-345
31.31 34 NAVIGATION 0 1 0 0 38 0. 6571.9
31.31 34 ATTITUDE 0 0 -72
31.31 34 DL_VALUE 23 0.
31.33 34 GPS 0 50455938 356665430 0 72627 0 0 12969248 12 0
31.33 34 SVINFO 2 28 4 3 26 60 1
31.33 34 FBW_STATUS 0 0 116
31.33 34 RAD_OF_IR 5 0 0.00211
31.38 34 IR_SENSORS -904 5 1
31.51 34 NAVIGATION 0 1 0 0 38 0. 6571.9
31.66 34 DOWNLINK_STATUS 31 7610 479 0 393. 24.
31.75 34 WP_MOVED 1 506292.5 3566296.25 800.
31.75 34 GYRO_RATES -327 -292 -265 2.853613 -2.548181 -2.312561
31.75 34 GPS 0 50455938 356665430 0 72627 0 0 12969500 12 0
31.75 34 ESTIMATOR 0. 0. 0. 0. 0.
31.75 34 BAT 452 116 0 0 24 1 0
31.82 34 NAVIGATION 0 1 0 0 38 0. 6571.9
31.82 34 ATTITUDE 0 0 -72
31.82 34 CALIBRATION 0. 0.023 0.067 0
31.82 34 GPS 0 50455938 356665430 0 72627 0 0 12969748 12 0
31.82 34 SERVO 9600 -9600 451
31.93 34 DESIRED 0. 0. 0. 0. 770. 0.
31.93 34 IR_DEBUG 650 642 650 642
31.93 34 NAVIGATION 0 1 0 0 38 0. 6571.9
32.02 34 WP_MOVED 2 506379.59375 3566304.75 800.
32.05 34 GPS 0 50455938 356665430 0 72627 0 0 12970000 12 0
32.21 34 ESTIMATOR 0. 0. 0. 0. 0.
32.32 34 COMMANDS 451,-4,-52,-345
32.32 34 NAVIGATION 0 1 0 0 38 0. 6571.9
32.32 34 ATTITUDE 0 0 -72
32.32 34 DL_VALUE 24 2150.
32.32 34 FBW_STATUS 0 0 116
32.32 34 RAD_OF_IR 5 0 0.00211
32.32 34 GPS 0 50455938 356665430 0 72627 0 0 12970248 12 0
32.39 34 ACTUATORS 1498,1503,0,1237,1482
32.39 34 IR_SENSORS -904 5 1
32.40 34 NAVIGATION 0 1 0 0 38 0. 6571.9
32.66 34 DOWNLINK_STATUS 32 8027 505 0 417. 26.
32.76 34 WP_MOVED 3 506366. 3566262. 0.
32.76 34 GYRO_RATES -327 -292 -265 2.853613 -2.548181 -2.312561
32.76 34 GPS 0 50455938 356665430 0 72627 0 0 12970500 12 0
32.76 34 SVINFO 7 26 4 3 27 5 326
32.76 34 ESTIMATOR 0. 0. 0. 0. 0.
32.76 34 NAVIGATION 0 1 0 0 38 0. 6571.9
32.84 34 GPS 0 50455938 356665430 0 72627 0 0 12970748 12 0
32.84 34 SVINFO 8 4 4 3 25 4 183
32.84 34 DESIRED 0. 0. 0. 0. 770. 0.
32.92 34 NAVIGATION 0 1 0 0 38 0. 6571.9
32.92 34 WP_MOVED 0 506408. 3566304. 800.
32.92 34 PPRZ_MODE 0 0 3 0 0 17 0
33.23 34 GPS 0 50455938 356665430 0 72627 0 0 12971000 12 0
33.26 34 ESTIMATOR 0. 0. 0. 0. 0.
33.34 34 COMMANDS 449,-31,-83,-349
33.34 34 NAVIGATION 0 1 0 0 38 0. 6571.9
33.34 34 ATTITUDE 0 0 -72
33.34 34 DL_VALUE 25 5300.
33.34 34 FBW_STATUS 0 0 116
33.34 34 RAD_OF_IR 6 0 0.00211
33.34 34 GPS 0 50455938 356665430 0 72627 0 0 12971248 12 0
33.34 34 SVINFO 10 6 4 3 30 -9 45
33.34 34 IR_SENSORS -904 5 1
33.40 34 WP_MOVED 1 506292.5 3566296.25 800.
33.40 34 GYRO_RATES -326 -291 -265 2.844887 -2.539454 -2.312561
33.66 34 DOWNLINK_STATUS 33 8432 530 0 405. 25.
34.26 34 IR_SENSORS -904 5 1
34.26 34 SVINFO 12 2 4 3 27 -9 204
34.26 34 DESIRED 0. 0. 0. 0. 770. 0.
34.26 34 IR_DEBUG 650 642 650 642
34.26 34 NAVIGATION 0 1 0 0 38 0. 6571.9
34.26 34 WP_MOVED 2 506379.59375 3566304.75 800.
34.34 34 ESTIMATOR 0. 0. 0. 0. 0.
34.34 34 GPS 0 50455938 356665430 0 72627 0 0 12972000 12 0
34.34 34 SVINFO 13 5 16 3 30 -9 0
34.34 34 COMMANDS 439,-7,-81,-354
34.34 34 NAVIGATION 0 1 0 0 38 0. 6571.9
34.34 34 ATTITUDE 0 0 -72
34.34 34 DL_VALUE 26 10000.
34.34 34 FBW_STATUS 0 0 116
34.43 34 IR_SENSORS -904 5 1
34.43 34 NAVIGATION 0 1 0 0 38 0. 6571.9
34.43 34 GPS 0 50455938 356665430 0 72627 0 0 12972248 12 0
34.43 34 WP_MOVED 3 506366. 3566262. 0.
34.43 34 GYRO_RATES -326 -291 -265 2.844887 -2.539454 -2.312561
34.43 34 ESTIMATOR 0. 0. 0. 0. 0.
34.54 34 NAVIGATION 0 1 0 0 38 0. 6571.9
34.58 34 ATTITUDE 0 0 -72
34.58 34 GPS 0 50455938 356665430 0 72627 0 0 12972500 12 0
34.66 34 DOWNLINK_STATUS 34 8790 553 0 358. 23.
34.69 34 DESIRED 0. 0. 0. 0. 770. 0.
34.71 34 NAVIGATION 0 1 0 0 38 0. 6571.9
34.80 34 GPS 0 50455938 356665430 0 72627 0 0 12972748 12 0
34.80 34 WP_MOVED 0 506408. 3566304. 800.
34.89 34 ESTIMATOR 0. 0. 0. 0. 0.
35.14 34 COMMANDS 449,-6,-67,-355
35.14 34 NAVIGATION 0 1 0 0 38 0. 6571.9
35.14 34 ATTITUDE 0 0 -72
35.14 34 DL_VALUE 27 4000.
35.14 34 GPS 0 50455938 356665430 0 72627 0 0 12973000 12 0
35.21 34 FBW_STATUS 0 0 116
35.21 34 RAD_OF_IR 5 0 0.00211
35.21 34 NAVIGATION_REF 506366 3566262 12
35.21 34 IR_SENSORS -903 6 1
35.21 34 NAVIGATION 0 1 0 0 38 0. 6571.9
35.33 34 WP_MOVED 1 506292.5 3566296.25 800.
35.33 34 GYRO_RATES -327 -291 -265 2.853613 -2.539454 -2.312561
35.33 34 GPS 0 50455938 356665430 0 72627 0 0 12973248 12 0
35.34 34 SVINFO 2 28 4 3 26 60 1
35.40 34 ESTIMATOR 0. 0. 0. 0. 0.
35.40 34 BAT 452 116 0 0 27 0 1
35.64 34 NAVIGATION 0 1 0 0 38 0. 6571.9
35.64 34 ATTITUDE 0 0 -72
35.64 34 CALIBRATION 0. 0.023 0.067 0
35.64 34 GPS 0 50455938 356665430 0 72627 0 0 12973500 12 0
35.64 34 SERVO 9600 -9600 451
35.66 34 DOWNLINK_STATUS 35 9205 579 0 415. 26.
35.71 34 DESIRED 0. 0. 0. 0. 770. 0.
35.71 34 IR_DEBUG 650 642 650 642
35.71 34 NAVIGATION 0 1 0 0 38 0. 6571.9
35.71 34 WP_MOVED 2 506379.59375 3566304.75 800.
35.82 34 GPS 0 50455938 356665430 0 72627 0 0 12973748 12 0
35.83 34 ESTIMATOR 0. 0. 0. 0. 0.
35.93 34 COMMANDS 453,-7,-52,-359
35.93 34 NAVIGATION 0 1 0 0 38 0. 6571.9
35.93 34 ATTITUDE 0 0 -72
35.93 34 DL_VALUE 28 0.228
36.12 34 FBW_STATUS 0 0 116
36.16 34 GPS 0 50455938 356665430 0 72627 0 0 12974000 12 0
36.16 34 RAD_OF_IR 6 0 0.00211
36.16 34 IR_SENSORS -904 5 1
36.16 34 NAVIGATION 0 1 0 0 38 0. 6571.9
36.21 34 WP_MOVED 3 506366. 3566262. 0.
36.21 34 GYRO_RATES -327 -290 -265 2.853613 -2.530727 -2.312561
36.30 34 GPS 0 50455938 356665430 0 72627 0 0 12974248 12 0
36.31 34 ESTIMATOR 0. 0. 0. 0. 0.
36.39 34 NAVIGATION 0 1 0 0 38 0. 6571.9
36.40 34 ATTITUDE 0 0 -72
36.62 34 GPS 0 50455938 356665430 0 72627 0 0 12974500 12 0
36.62 34 SVINFO 7 26 4 3 26 5 326
36.66 34 DOWNLINK_STATUS 36 9582 602 0 377. 23.
36.70 34 DESIRED 0. 0. 0. 0. 770. 0.
36.70 34 NAVIGATION 0 1 0 0 38 0. 6571.9
36.71 34 WP_MOVED 0 506408. 3566304. 800.
36.81 34 ESTIMATOR 0. 0. 0. 0. 0.
36.81 34 GPS 0 50455938 356665430 0 72627 0 0 12974748 12 0
36.81 34 SVINFO 8 4 4 3 25 4 183
36.91 34 COMMANDS 458,-4,-44,-357
36.91 34 NAVIGATION 0 1 0 0 38 0. 6571.9
36.91 34 ATTITUDE 0 0 -72
36.91 34 DL_VALUE 29 0.42
36.91 34 FBW_STATUS 0 0 116
36.92 34 RAD_OF_IR 6 0 0.00211
37.24 34 GPS 0 50455938 356665430 0 72627 0 0 12975000 12 0
37.28 34 SVINFO 9 27 4 3 30 7 317
37.28 34 ACTUATORS 1497,1502,0,1237,1482
37.28 34 IR_SENSORS -905 6 1
37.28 34 NAVIGATION 0 1 0 0 38 0. 6571.9
37.34 34 WP_MOVED 1 506292.5 3566296.25 800.
37.34 34 GYRO_RATES -327 -291 -265 2.853613 -2.539454 -2.312561
37.34 34 ESTIMATOR 0. 0. 0. 0. 0.
37.34 34 BAT 452 116 0 0 29 0 1
37.34 34 GPS 0 50455938 356665430 0 72627 0 0 12975248 12 0
37.34 34 SVINFO 10 6 4 3 29 -9 45
37.34 34 ATTITUDE 0 0 -72
37.34 34 CALIBRATION 0. 0.023 0.067 0
37.39 34 SERVO 9600 -9600 451
37.66 34 DOWNLINK_STATUS 37 9974 628 0 392. 26.
37.76 34 DESIRED 0. 0. 0. 0. 770. 0.
37.76 34 IR_DEBUG 650 642 650 642
37.76 34 GPS 0 50455938 356665430 0 72627 0 0 12975500 12 0
37.76 34 SVINFO 11 9 4 3 28 -9 315
37.76 34 NAVIGATION 0 1 0 0 38 0. 6571.9
37.76 34 WP_MOVED 2 506379.59375 3566304.75 800.
37.93 34 ESTIMATOR 0. 0. 0. 0. 0.
37.94 34 GPS 0 50455938 356665430 0 72627 0 0 12975748 12 0
37.94 34 SVINFO 12 2 4 3 27 -9 204
37.94 34 COMMANDS 451,-6,-53,-350
37.94 34 NAVIGATION 0 1 0 0 38 0. 6571.9
37.94 34 ATTITUDE 0 0 -72
37.94 34 DL_VALUE 30 0.
37.94 34 FBW_STATUS 0 0 116
37.94 34 RAD_OF_IR 5 0 0.00211
38.63 34 IR_SENSORS -904 5 1
38.66 34 NAVIGATION 0 1 0 0 38 0. 6571.9
38.66 34 WP_MOVED 3 506366. 3566262. 0.
38.66 34 GYRO_RATES -327 -291 -265 2.853613 -2.539454 -2.312561
38.67 34 DOWNLINK_STATUS 38 10259 647 0 285. 19.
38.71 34 GPS 0 50455938 356665430 0 72627 0 0 12976500 12 0
38.71 34 WP_MOVED 0 506408. 3566304. 800.
38.71 34 ESTIMATOR 0. 0. 0. 0. 0.
38.84 34 COMMANDS 452,-6,-53,-350
38.84 34 NAVIGATION 0 1 0 0 38 0. 6571.9
38.84 34 ATTITUDE 0 0 -72
38.84 34 DL_VALUE 31 0.023
38.84 34 GPS 0 50455938 356665430 0 72627 0 0 12976748 12 0
38.84 34 FBW_STATUS 0 0 116
38.84 34 RAD_OF_IR 5 0 0.00211
38.89 34 IR_SENSORS -905 6 1
39.11 34 NAVIGATION 0 1 0 0 38 0. 6571.9
39.23 34 WP_MOVED 1 506292.5 3566296.25 800.
39.23 34 GYRO_RATES -327 -292 -265 2.853613 -2.548181 -2.312561
39.23 34 GPS 0 50455938 356665430 0 72627 0 0 12977000 12 0
39.23 34 ESTIMATOR 0. 0. 0. 0. 0.
39.23 34 BAT 443 116 0 0 31 0 1
39.24 34 NAVIGATION 0 1 0 0 38 0. 6571.9
39.24 34 ATTITUDE 0 0 -72
39.24 34 CALIBRATION 0. 0.023 0.067 0
39.30 34 GPS 0 50455938 356665430 0 72627 0 0 12977248 12 0
39.31 34 SVINFO 2 28 4 3 27 60 1
39.31 34 SERVO 9600 -9600 442
39.43 34 DESIRED 0. 0. 0. 0. 770. 0.
39.43 34 IR_DEBUG 651 642 651 642
39.43 34 NAVIGATION 0 1 0 0 38 0. 6571.9
39.63 34 WP_MOVED 2 506379.59375 3566304.75 800.
39.66 34 GPS 0 50455938 356665430 0 72627 0 0 12977500 12 0
39.67 34 DOWNLINK_STATUS 39 10715 675 0 456. 28.
39.72 34 ESTIMATOR 0. 0. 0. 0. 0.
39.72 34 COMMANDS 453,-4,-50,-354
39.72 34 NAVIGATION 0 1 0 0 38 0. 6571.9
39.72 34 ATTITUDE 0 0 -72
39.72 34 DL_VALUE 32 0.001
39.72 34 FBW_STATUS 0 0 116
39.80 34 RAD_OF_IR 6 0 0.00211
39.80 34 GPS 0 50455938 356665430 0 72627 0 0 12977748 12 0
39.83 34 IR_SENSORS -904 5 1
39.89 34 NAVIGATION 0 1 0 0 38 0. 6571.9
40.25 34 WP_MOVED 3 506366. 3566262. 0.
40.25 34 GYRO_RATES -327 -292 -264 2.853613 -2.548181 -2.303835
40.25 34 GPS 0 50455938 356665430 0 72627 0 0 12978000 12 0
40.25 34 ESTIMATOR 0. 0. 0. 0. 0.
40.34 34 NAVIGATION 0 1 0 0 38 0. 6571.9
40.34 34 ATTITUDE 0 0 -72
40.34 34 GPS 0 50455938 356665430 0 72627 0 0 12978248 12 0
40.34 34 DESIRED 0. 0. 0. 0. 770. 0.
40.39 34 NAVIGATION 0 1 0 0 38 0. 6571.9
40.40 34 WP_MOVED 0 506408. 3566304. 800.
40.66 34 DOWNLINK_STATUS 40 11045 695 0 330. 20.
40.76 34 ESTIMATOR 0. 0. 0. 0. 0.
40.76 34 GPS 0 50455938 356665430 0 72627 0 0 12978500 12 0
40.76 34 SVINFO 7 26 4 3 27 5 326
40.76 34 COMMANDS 453,-7,-55,-337
40.76 34 NAVIGATION 0 1 0 0 38 0. 6571.9
40.76 34 ATTITUDE 0 0 -72
40.76 34 DL_VALUE 33 0.01
40.84 34 FBW_STATUS 0 0 116
40.84 34 RAD_OF_IR 6 0 0.00211
40.84 34 GPS 0 50455938 356665430 0 72627 0 0 12978748 12 0
40.84 34 SVINFO 8 4 4 3 24 4 183
40.84 34 IR_SENSORS -905 6 1
40.84 34 NAVIGATION 0 1 0 0 38 0. 6571.9
40.90 34 WP_MOVED 1 506292.5 3566296.25 800.
40.90 34 GYRO_RATES -325 -291 -262 2.83616 -2.539454 -2.286381
41.26 34 ESTIMATOR 0. 0. 0. 0. 0.
41.26 34 BAT 454 116 0 0 33 0 1
41.26 34 GPS 0 50455938 356665430 0 72627 0 0 12979000 12 0
41.26 34 SVINFO 9 27 4 3 27 7 317
41.26 34 NAVIGATION 0 1 0 0 38 0. 6571.9
41.26 34 ATTITUDE 0 0 -72
41.26 34 CALIBRATION 0. 0.023 0.067 0
41.44 34 SERVO 9600 -9600 452
41.44 34 DESIRED 0. 0. 0. 0. 770. 0.
41.44 34 IR_DEBUG 651 642 651 642
41.44 34 GPS 0 50455938 356665430 0 72627 0 0 12979248 12 0
41.44 34 SVINFO 10 6 4 3 29 -9 45
41.44 34 NAVIGATION 0 1 0 0 38 0. 6571.9
41.44 34 WP_MOVED 2 506379.59375 3566304.75 800.
41.50 34 ESTIMATOR 0. 0. 0. 0. 0.
41.66 34 DOWNLINK_STATUS 41 11511 725 0 466. 30.
41.75 34 GPS 0 50455938 356665430 0 72627 0 0 12979500 12 0
41.75 34 SVINFO 11 9 4 3 27 -9 315
41.75 34 COMMANDS 451,-4,-53,-350
41.75 34 NAVIGATION 0 1 0 0 38 0. 6571.9
41.75 34 ATTITUDE 0 0 -72
41.75 34 DL_VALUE 34 1.
41.75 34 FBW_STATUS 0 0 116
41.87 34 RAD_OF_IR 5 0 0.00211
41.87 34 ACTUATORS 1498,1502,0,1237,1482
41.87 34 IR_SENSORS -904 5 1
41.87 34 NAVIGATION 0 1 0 0 38 0. 6571.9
41.87 34 GPS 0 50455938 356665430 0 72627 0 0 12979748 12 0
41.87 34 SVINFO 12 2 4 3 27 -9 204
41.87 34 WP_MOVED 3 506366. 3566262. 0.
41.91 34 ESTIMATOR 0. 0. 0. 0. 0.
42.24 34 NAVIGATION 0 1 0 0 38 0. 6571.9
42.24 34 ATTITUDE 0 0 -72
42.24 34 GPS 0 50455938 356665430 0 72627 0 0 12980000 12 0
42.24 34 SVINFO 13 5 16 3 29 -9 0
42.30 34 DESIRED 0. 0. 0. 0. 770. 0.
42.30 34 NAVIGATION 0 1 0 0 38 0. 6571.9
42.32 34 GPS 0 50455938 356665430 0 72627 0 0 12980248 12 0
42.32 34 WP_MOVED 0 506408. 3566304. 800.
42.32 34 PPRZ_MODE 0 0 3 0 0 17 0
42.39 34 ESTIMATOR 0. 0. 0. 0. 0.
42.54 34 COMMANDS 450,-12,-55,-350
42.54 34 NAVIGATION 0 1 0 0 38 0. 6571.9
42.54 34 ATTITUDE 0 0 -72
42.54 34 DL_VALUE 35 0.
42.54 34 GPS 0 50455938 356665430 0 72627 0 0 12980500 12 0
42.54 34 FBW_STATUS 0 0 116
42.66 34 DOWNLINK_STATUS 42 11976 756 0 465. 31.
42.71 34 RAD_OF_IR 5 0 0.00211
42.84 34 IR_SENSORS -904 5 1
42.84 34 NAVIGATION 0 1 0 0 38 0. 6571.9
42.84 34 WP_MOVED 1 506292.5 3566296.25 800.
42.84 34 GYRO_RATES -326 -290 -264 2.844887 -2.530727 -2.303835
42.84 34 GPS 0 50455938 356665430 0 72627 0 0 12980748 12 0
42.90 34 ESTIMATOR 0. 0. 0. 0. 0.
42.90 34 BAT 453 116 0 0 35 0 1
43.05 34 NAVIGATION 0 1 0 0 38 0. 6571.9
43.05 34 ATTITUDE 0 0 -72
43.05 34 CALIBRATION 0. 0.023 0.067 0
43.05 34 GPS 0 50455938 356665430 0 72627 0 0 12981000 12 0
43.05 34 SERVO 9600 -9600 452
43.33 34 DESIRED 0. 0. 0. 0. 770. 0.
43.33 34 IR_DEBUG 650 642 650 642
43.33 34 NAVIGATION 0 1 0 0 38 0. 6571.9
43.42 34 WP_MOVED 2 506379.59375 3566304.75 800.
43.42 34 GPS 0 50455938 356665430 0 72627 0 0 12981248 12 0
43.42 34 SVINFO 2 28 4 3 27 60 1
43.42 34 ESTIMATOR 0. 0. 0. 0. 0.
43.43 34 COMMANDS 451,-9,-53,-362
43.43 34 NAVIGATION 0 1 0 0 38 0. 6571.9
43.43 34 ATTITUDE 0 0 -72
43.43 34 DL_VALUE 36 0.
43.61 34 FBW_STATUS 0 0 116
43.65 34 RAD_OF_IR 5 0 0.00211
43.65 34 NAVIGATION_REF 506366 3566262 12
43.65 34 GPS 0 50455938 356665430 0 72627 0 0 12981500 12 0
43.65 34 IR_SENSORS -904 5 1
43.65 34 NAVIGATION 0 1 0 0 38 0. 6571.9
43.66 34 DOWNLINK_STATUS 43 12437 786 0 461. 30.
43.82 34 WP_MOVED 3 506366. 3566262. 0.
43.82 34 GYRO_RATES -327 -291 -265 2.853613 -2.539454 -2.312561
43.91 34 GPS 0 50455938 356665430 0 72627 0 0 12981748 12 0
43.91 34 ESTIMATOR 0. 0. 0. 0. 0.
43.91 34 NAVIGATION 0 1 0 0 38 0. 6571.9
43.91 34 ATTITUDE 0 0 -72
44.03 34 GPS 0 50455938 356665430 0 72627 0 0 12982000 12 0
44.03 34 SVINFO 5 15 4 3 24 26 300
44.10 34 DESIRED 0. 0. 0. 0. 770. 0.
44.10 34 NAVIGATION 0 1 0 0 38 0. 6571.9
44.31 34 WP_MOVED 0 506408. 3566304. 800.
44.42 34 ESTIMATOR 0. 0. 0. 0. 0.
44.42 34 GPS 0 50455938 356665430 0 72627 0 0 12982248 12 0
44.43 34 COMMANDS 459,-6,-40,-354
44.43 34 NAVIGATION 0 1 0 0 38 0. 6571.9
44.43 34 ATTITUDE 0 0 -72
44.43 34 DL_VALUE 37 0.1
44.43 34 FBW_STATUS 0 0 116
44.43 34 RAD_OF_IR 5 0 0.00211
44.60 34 GPS 0 50455938 356665430 0 72627 0 0 12982500 12 0
44.64 34 SVINFO 7 26 4 3 28 5 326
44.64 34 IR_SENSORS -904 5 1
44.66 34 DOWNLINK_STATUS 44 12796 808 0 359. 22.
44.83 34 NAVIGATION 0 1 0 0 38 0. 6571.9
44.83 34 WP_MOVED 1 506292.5 3566296.25 800.
44.83 34 GYRO_RATES -326 -291 -264 2.844887 -2.539454 -2.303835
44.94 34 ESTIMATOR 0. 0. 0. 0. 0.
44.94 34 BAT 452 116 0 0 37 0 1
44.94 34 GPS 0 50455938 356665430 0 72627 0 0 12982748 12 0
44.94 34 SVINFO 8 4 4 3 26 4 183
44.94 34 NAVIGATION 0 1 0 0 38 0. 6571.9
44.94 34 ATTITUDE 0 0 -72
44.94 34 CALIBRATION 0. 0.023 0.067 0
44.94 34 SERVO 9600 -9600 451
45.14 34 GPS 0 50455938 356665430 0 72627 0 0 12983000 12 0
45.18 34 SVINFO 9 27 4 3 27 7 317
45.18 34 DESIRED 0. 0. 0. 0. 770. 0.
45.18 34 IR_DEBUG 650 641 650 641
45.18 34 NAVIGATION 0 1 0 0 38 0. 6571.9
45.18 34 WP_MOVED 2 506379.59375 3566304.75 800.
45.32 34 ESTIMATOR 0. 0. 0. 0. 0.
45.42 34 GPS 0 50455938 356665430 0 72627 0 0 12983248 12 0
45.42 34 SVINFO 10 6 4 3 29 -9 45
45.42 34 COMMANDS 455,18,-52,-361
45.42 34 NAVIGATION 0 1 0 0 38 0. 6571.9
45.42 34 ATTITUDE 0 0 -72
45.42 34 DL_VALUE 38 0.
45.43 34 FBW_STATUS 0 0 116
45.43 34 RAD_OF_IR 5 0 0.00211
45.63 34 IR_SENSORS -904 5 1
45.67 34 NAVIGATION 0 1 0 0 38 0. 6571.9
45.67 34 GPS 0 50455938 356665430 0 72627 0 0 12983500 12 0
45.67 34 SVINFO 11 9 4 3 27 -9 315
45.67 34 WP_MOVED 3 506366. 3566262. 0.
45.67 34 GYRO_RATES -327 -292 -265 2.853613 -2.548181 -2.312561
45.67 34 DOWNLINK_STATUS 45 13293 840 0 497. 32.
45.82 34 ESTIMATOR 0. 0. 0. 0. 0.
45.91 34 NAVIGATION 0 1 0 0 38 0. 6571.9
45.91 34 GPS 0 50455938 356665430 0 72627 0 0 12983748 12 0
45.91 34 SVINFO 12 2 4 3 28 -9 204
45.91 34 ATTITUDE 0 0 -72
46.13 34 DESIRED 0. 0. 0. 0. 770. 0.
46.13 34 NAVIGATION 0 1 0 0 38 0. 6571.9
46.13 34 GPS 0 50455938 356665430 0 72627 0 0 12984000 12 0
46.13 34 SVINFO 13 5 16 3 30 -9 0
46.13 34 WP_MOVED 0 506408. 3566304. 800.
46.13 34 ESTIMATOR 0. 0. 0. 0. 0.
46.45 34 COMMANDS 456,-6,-44,-350
46.45 34 NAVIGATION 0 1 0 0 38 0. 6571.9
46.45 34 ATTITUDE 0 0 -72
46.45 34 DL_VALUE 39 0.067
46.45 34 GPS 0 50455938 356665430 0 72627 0 0 12984248 12 0
46.45 34 FBW_STATUS 0 0 116
46.45 34 RAD_OF_IR 5 0 0.00211
46.50 34 ACTUATORS 1497,1502,0,1237,1482
46.55 34 IR_SENSORS -904 5 1
46.55 34 NAVIGATION 0 1 0 0 38 0. 6571.9
46.65 34 WP_MOVED 1 506292.5 3566296.25 800.
46.65 34 GYRO_RATES -327 -292 -265 2.853613 -2.548181 -2.312561
46.65 34 GPS 0 50455938 356665430 0 72627 0 0 12984500 12 0
46.65 34 ESTIMATOR 0. 0. 0. 0. 0.
46.65 34 BAT 451 116 0 0 39 0 1
46.67 34 DOWNLINK_STATUS 46 13719 866 0 426. 26.
46.71 34 NAVIGATION 0 1 0 0 38 0. 6571.9
46.71 34 ATTITUDE 0 0 -72
46.71 34 CALIBRATION 0. 0.023 0.067 0
46.92 34 GPS 0 50455938 356665430 0 72627 0 0 12984748 12 0
46.92 34 SERVO 9600 -9600 449
47.01 34 DESIRED 0. 0. 0. 0. 770. 0.
47.05 34 IR_DEBUG 650 641 650 641
47.05 34 NAVIGATION 0 1 0 0 38 0. 6571.9
47.05 34 WP_MOVED 2 506379.59375 3566304.75 800.
47.05 34 PPRZ_MODE 0 0 3 0 0 1 0
47.05 34 GPS 0 50455938 356665430 0 72627 0 0 12985000 12 0
47.09 34 ESTIMATOR 0. 0. 0. 0. 0.
47.21 34 COMMANDS 450,0,-45,-347
47.21 34 NAVIGATION 0 1 0 0 38 0. 6571.9
47.21 34 ATTITUDE 0 0 -72
47.21 34 DL_VALUE 40 1.
47.21 34 FBW_STATUS 0 0 116
47.43 34 RAD_OF_IR 6 0 0.00211
47.43 34 GPS 0 50455938 356665430 0 72627 0 0 12985248 12 0
47.43 34 SVINFO 2 28 4 3 27 60 1
