30.36 3 SERVO -708 975 16
30.40 3 DESIRED 0.08 0. 0. 0. 700.005 0.002
30.40 3 NAVIGATION 0 0 0 0 286 0. 570986.7
30.40 3 ATTITUDE 0 0 0
30.40 3 ESTIMATOR 700. 0. 0. 0. 0.
30.49 3 DL_VALUE 2 0.
30.50 3 NAVIGATION 0 0 0 0 286 0. 570986.7
30.72 3 WP_MOVED 0 358113. 4822203. 702.
30.79 3 DOWNLINK_STATUS 30 318 23 0 318. 23.
30.82 3 COMMANDS 16,1378,25,10,-4614
30.82 3 NAVIGATION 0 0 0 0 286 0. 570986.7
30.82 3 ATTITUDE 0 0 0
30.82 3 GYRO_RATES -1 6 1 0.008727 0.05236 -0.008727
30.83 3 FBW_STATUS 0 0 124
30.89 3 ESTIMATOR 700. 0. 0. 0. 0.
30.99 3 NAVIGATION 0 0 0 0 286 0. 570986.7
31.01 3 WP_MOVED 1 358824.90625 4822110. 702.
31.22 3 DESIRED 0.08 0. 0. 0. 700.004 0.002
31.35 3 NAVIGATION 0 0 0 0 286 0. 570986.7
31.35 3 ATTITUDE 0 0 0
31.35 3 ESTIMATOR 700.25647 0.300915 25.65 30.091499 9.809999
31.39 3 DL_VALUE 3 0.
31.43 3 NAVIGATION 0 0 0 0 286 0. 570986.7
31.49 3 WP_MOVED 2 358071. 4822161. 0.
31.79 3 DOWNLINK_STATUS 31 551 38 0 233. 15.
31.84 3 COMMANDS 16,1377,25,11,-4616
31.84 3 NAVIGATION 0 0 0 0 286 0. 570986.7
31.84 3 ATTITUDE 0 0 0
31.84 3 GYRO_RATES -3 35 -3 0.02618 0.305433 0.02618
31.90 3 FBW_STATUS 0 0 124
31.90 3 ESTIMATOR 700.283508 0.063666 28.35 6.366601 26.639997
31.90 3 BAT 16 124 0 0 4 4 0
31.91 3 CALIBRATION -0.034 0.037 0.5 0
31.92 3 NAVIGATION 0 0 0 0 286 0. 570986.7
32.00 3 WP_MOVED 0 358113. 4822203. 702.
32.00 3 SERVO -2021 2441 17
32.10 3 DESIRED 0.08 0. 0. 0. 700.005 -0.084
32.32 3 NAVIGATION 0 0 0 0 286 0. 570986.7
32.32 3 ATTITUDE 0 0 0
32.33 3 ESTIMATOR 700.229492 0.059778 22.950001 5.977798 27.449995
32.33 3 DL_VALUE 4 0.
32.39 3 NAVIGATION 0 0 0 0 286 0. 570986.7
32.43 3 WP_MOVED 1 358824.90625 4822110. 702.
32.79 3 DOWNLINK_STATUS 32 821 56 0 270. 18.
32.85 3 COMMANDS 17,1378,29,10,-4614
32.85 3 NAVIGATION 0 0 0 0 286 0. 570986.7
32.85 3 ATTITUDE 0 0 0
32.85 3 GYRO_RATES -17 35 11 0.148353 0.305433 -0.095993
32.85 3 FBW_STATUS 0 0 124
32.85 3 ESTIMATOR 700.25647 0.409833 25.65 40.983307 32.759995
32.90 3 ACTUATORS 1430,1427,0,1200,1500,1740
32.90 3 NAVIGATION 0 0 0 0 286 0. 570986.7
32.91 3 WP_MOVED 2 358071. 4822161. 0.
33.00 3 DESIRED 0.08 0. 0. 0. 700.005 -0.075
33.10 3 NAVIGATION 0 0 0 0 286 0. 570986.7
33.10 3 ATTITUDE 0 0 0
33.10 3 PPRZ_MODE 0 3 0 0 0 1 0
33.32 3 ESTIMATOR 702.781006 3.752973 278.100006 375.297302 166.409973
33.33 3 DL_VALUE 5 0.
33.33 3 NAVIGATION 0 0 0 0 286 0. 570986.7
33.39 3 WP_MOVED 0 358113. 4822203. 702.
33.62 3 COMMANDS 17,1377,27,10,-4616
33.62 3 NAVIGATION 0 0 0 0 286 0. 570986.7
33.62 3 ATTITUDE 0 0 0
33.62 3 GYRO_RATES 4 11 -1 -0.034907 0.095993 0.008727
33.62 3 FBW_STATUS 0 0 124
33.79 3 DOWNLINK_STATUS 33 1142 78 0 321. 22.
33.83 3 ESTIMATOR 702.821472 0.037611 282.149994 3.76111 279.540009
33.83 3 BAT 16 124 0 0 6 6 0
33.91 3 CALIBRATION -0.555 0.037 0.5 0
33.95 3 NAVIGATION 0 0 0 0 286 0. 570986.7
33.95 3 WP_MOVED 1 358824.90625 4822110. 702.
33.95 3 SERVO 229 2734 16
33.95 3 DESIRED 0.08 0. 0. 0. 700.005 -0.837
34.01 3 NAVIGATION 0 0 0 0 286 0. 570986.7
34.01 3 ATTITUDE 0 0 0
34.13 3 ESTIMATOR 702.781006 -0.027027 278.100006 -2.702665 279.630035
34.31 3 DL_VALUE 6 0.
34.33 3 NAVIGATION 0 0 0 0 286 0. 570986.7
34.33 3 WP_MOVED 2 358071. 4822161. 0.
34.54 3 COMMANDS 17,1382,27,10,-4614
34.58 3 NAVIGATION 0 0 0 0 286 0. 570986.7
34.58 3 ATTITUDE 0 0 0
34.58 3 GYRO_RATES -4 10 5 0.034907 0.087266 -0.043633
34.60 3 FBW_STATUS 0 0 124
34.60 3 ESTIMATOR 702.848511 0.045306 284.850006 4.53064 280.619995
34.79 3 DOWNLINK_STATUS 34 1434 97 0 292. 19.
34.82 3 NAVIGATION 0 0 0 0 286 0. 570986.7
34.83 3 WP_MOVED 0 358113. 4822203. 702.
34.90 3 DESIRED 0.08 0. 0. 0. 700.005 -0.837
35.00 3 NAVIGATION 0 0 0 0 286 0. 570986.7
35.00 3 ATTITUDE 0 0 0
35.10 3 ESTIMATOR 702.794495 -0.035667 279.450012 -3.566694 280.97998
35.13 3 DL_VALUE 7 0.
35.32 3 NAVIGATION 0 0 0 0 286 0. 570986.7
35.53 3 WP_MOVED 1 358824.90625 4822110. 702.
35.56 3 COMMANDS 14,1377,27,14,-4616
35.56 3 NAVIGATION 0 0 0 0 286 0. 570986.7
35.56 3 ATTITUDE 0 0 0
35.56 3 GYRO_RATES -8 4 2 0.069813 0.034907 -0.017453
35.57 3 FBW_STATUS 0 0 124
35.60 3 ESTIMATOR 702.767517 0.002944 276.75 0.294352 279.27005
35.60 3 BAT 16 124 0 0 7 7 0
35.61 3 CALIBRATION -1.673 0.037 0.5 0
35.79 3 DOWNLINK_STATUS 35 1696 114 0 262. 17.
35.82 3 NAVIGATION 0 0 0 0 286 0. 570986.7
35.85 3 WP_MOVED 2 358071. 4822161. 0.
35.88 3 SERVO 980 2441 16
35.88 3 DESIRED 0.08 0. 0. 0. 700.005 -0.833
35.90 3 NAVIGATION 0 0 0 0 286 0. 570986.7
35.90 3 ATTITUDE 0 0 0
36.00 3 ESTIMATOR 701.052979 -1.800306 105.300003 -180.030579 221.940079
36.11 3 DL_VALUE 8 0.
36.11 3 NAVIGATION 0 0 0 0 286 0. 570986.7
36.32 3 WP_MOVED 0 358113. 4822203. 702.
36.41 3 COMMANDS 16,1378,29,11,-4612
36.45 3 NAVIGATION 0 0 0 0 286 0. 570986.7
36.45 3 ATTITUDE 0 0 0
36.45 3 GYRO_RATES -5 20 -12 0.043633 0.174533 0.10472
36.45 3 FBW_STATUS 0 0 124
36.49 3 ESTIMATOR 701.03949 -0.062775 103.950005 -6.277504 106.740074
36.59 3 NAVIGATION 0 0 0 0 286 0. 570986.7
36.79 3 DOWNLINK_STATUS 36 1955 131 0 259. 17.
36.86 3 WP_MOVED 1 358824.90625 4822110. 702.
36.86 3 DESIRED 0.08 0. 0. 0. 700.005 -0.331
36.86 3 NAVIGATION 0 0 0 0 286 0. 570986.7
36.87 3 ATTITUDE 0 0 0
36.93 3 ESTIMATOR 701.106995 0.004914 110.700005 0.491428 107.190071
37.00 3 DL_VALUE 9 515.
37.14 3 NAVIGATION 0 0 0 0 286 0. 570986.7
37.14 3 WP_MOVED 2 358071. 4822161. 0.
37.14 3 NAVIGATION_REF 358071 4822161 31
37.42 3 COMMANDS 17,1377,27,10,-4617
37.42 3 NAVIGATION 0 0 0 0 286 0. 570986.7
37.42 3 ATTITUDE 0 0 0
37.42 3 GYRO_RATES -11 8 -24 0.095993 0.069813 0.20944
37.43 3 FBW_STATUS 0 0 124
37.43 3 ESTIMATOR 701.106995 0.017334 110.700005 1.733408 110.430054
37.43 3 BAT 17 124 0 0 9 9 0
37.63 3 ACTUATORS 1430,1427,0,1200,1500,1740
37.63 3 CALIBRATION -2.066 0.037 0.5 0
37.64 3 NAVIGATION 0 0 0 0 286 0. 570986.7
37.64 3 WP_MOVED 0 358113. 4822203. 702.
37.64 3 SERVO 417 -783 16
37.70 3 DESIRED 0.08 0. 0. 0. 700.005 -0.331
37.79 3 DOWNLINK_STATUS 37 2292 153 0 337. 22.
37.80 3 NAVIGATION 0 0 0 0 286 0. 570986.7
37.80 3 ATTITUDE 0 0 0
37.80 3 PPRZ_MODE 0 3 0 0 0 1 0
37.89 3 ESTIMATOR 701.106995 0. 110.700005 1e-05 110.70005
38.11 3 DL_VALUE 10 480.
38.13 3 NAVIGATION 0 0 0 0 286 0. 570986.7
38.13 3 WP_MOVED 1 358824.90625 4822110. 702.
38.32 3 COMMANDS 16,1377,27,10,-4614
38.33 3 NAVIGATION 0 0 0 0 286 0. 570986.7
38.33 3 ATTITUDE 0 0 0
38.33 3 GYRO_RATES -3 6 6 0.02618 0.05236 -0.05236
38.33 3 FBW_STATUS 0 0 124
38.33 3 ESTIMATOR 701.106995 0. 110.700005 1e-05 110.70005
38.62 3 NAVIGATION 0 0 0 0 286 0. 570986.7
38.66 3 WP_MOVED 2 358071. 4822161. 0.
38.66 3 DESIRED 0.08 0. 0. 0. 700.005 -0.331
38.70 3 NAVIGATION 0 0 0 0 286 0. 570986.7
38.70 3 ATTITUDE 0 0 0
38.79 3 DOWNLINK_STATUS 38 2560 171 0 268. 18.
38.80 3 ESTIMATOR 701.106995 0. 110.700005 1e-05 110.70005
38.89 3 DL_VALUE 11 470.
38.92 3 NAVIGATION 0 0 0 0 286 0. 570986.7
39.12 3 WP_MOVED 0 358113. 4822203. 702.
39.22 3 COMMANDS 16,1378,27,11,-4614
39.22 3 NAVIGATION 0 0 0 0 286 0. 570986.7
39.22 3 ATTITUDE 0 0 0
39.23 3 GYRO_RATES -7 6 -5 0.061087 0.05236 0.043633
40.53 3 DOWNLINK_STATUS 40 2681 179 0 121. 8.
40.53 3 FBW_STATUS 0 0 124
40.58 3 ESTIMATOR 701.106995 0. 110.700005 1e-05 110.70005
40.58 3 BAT 17 124 0 0 11 11 0
40.58 3 CALIBRATION -1.516 0.037 0.5 0
40.58 3 NAVIGATION 0 0 0 0 286 0. 570986.7
40.58 3 WP_MOVED 1 358824.90625 4822110. 702.
40.58 3 SERVO -896 2148 15
40.58 3 DESIRED 0.08 0. 0. 0. 700.005 -0.331
40.58 3 NAVIGATION 0 0 0 0 286 0. 570986.7
40.58 3 ATTITUDE 0 0 0
40.58 3 ESTIMATOR 701.106995 0. 110.700005 1e-05 110.70005
40.58 3 DL_VALUE 12 1.35
40.58 3 NAVIGATION 0 0 0 0 286 0. 570986.7
40.58 3 WP_MOVED 2 358071. 4822161. 0.
40.60 3 COMMANDS 16,1374,27,11,-4614
40.60 3 NAVIGATION 0 0 0 0 286 0. 570986.7
40.60 3 ATTITUDE 0 0 0
40.60 3 GYRO_RATES -7 13 16 0.061087 0.113446 -0.139626
40.60 3 FBW_STATUS 0 0 124
40.60 3 ESTIMATOR 701.106995 0. 110.700005 1e-05 110.70005
40.60 3 NAVIGATION 0 0 0 0 286 0. 570986.7
40.60 3 WP_MOVED 0 358113. 4822203. 702.
40.60 3 DESIRED 0.08 0. 0. 0. 700.005 -0.331
40.60 3 NAVIGATION 0 0 0 0 286 0. 570986.7
40.60 3 ATTITUDE 0 0 0
40.82 3 ESTIMATOR 701.106995 0. 110.700005 1e-05 110.70005
40.83 3 DL_VALUE 13 0.
40.83 3 NAVIGATION 0 0 0 0 286 0. 570986.7
40.89 3 WP_MOVED 1 358824.90625 4822110. 702.
41.12 3 COMMANDS 16,1377,27,11,-4616
41.12 3 NAVIGATION 0 0 0 0 286 0. 570986.7
41.12 3 ATTITUDE 0 0 0
41.12 3 GYRO_RATES -3 -1 10 0.02618 -0.008727 -0.087266
41.12 3 FBW_STATUS 0 0 124
41.33 3 ESTIMATOR 701.106995 0. 110.700005 1e-05 110.70005
41.33 3 BAT 17 124 0 0 13 13 0
41.41 3 CALIBRATION -1.102 0.037 0.5 0
41.41 3 NAVIGATION 0 0 0 0 286 0. 570986.7
41.41 3 WP_MOVED 2 358071. 4822161. 0.
41.41 3 SERVO -333 4201 17
41.43 3 DESIRED 0.08 0. 0. 0. 700.005 -0.331
41.51 3 NAVIGATION 0 0 0 0 286 0. 570986.7
41.52 3 ATTITUDE 0 0 0
41.54 3 DOWNLINK_STATUS 41 3333 222 0 652. 43.
41.62 3 ESTIMATOR 701.106995 0. 110.700005 1e-05 110.70005
41.81 3 DL_VALUE 14 0.
41.84 3 NAVIGATION 0 0 0 0 286 0. 570986.7
41.84 3 WP_MOVED 0 358113. 4822203. 702.
42.05 3 COMMANDS 16,1377,27,10,-4614
42.05 3 NAVIGATION 0 0 0 0 286 0. 570986.7
42.05 3 ATTITUDE 0 0 0
42.06 3 GYRO_RATES -6 4 1 0.05236 0.034907 -0.008727
42.10 3 FBW_STATUS 0 0 124
42.10 3 ESTIMATOR 701.106995 0. 110.700005 1e-05 110.70005
42.33 3 ACTUATORS 1430,1427,0,1200,1500,1740
42.33 3 NAVIGATION 0 0 0 0 286 0. 570986.7
42.33 3 WP_MOVED 1 358824.90625 4822110. 702.
42.40 3 DESIRED 0.08 0. 0. 0. 700.005 -0.331
42.50 3 NAVIGATION 0 0 0 0 286 0. 570986.7
42.50 3 ATTITUDE 0 0 0
42.50 3 PPRZ_MODE 0 3 0 0 0 1 0
42.53 3 DOWNLINK_STATUS 42 3590 239 0 257. 17.
42.59 3 ESTIMATOR 701.106995 0. 110.700005 1e-05 110.70005
42.63 3 DL_VALUE 15 0.75
42.82 3 NAVIGATION 0 0 0 0 286 0. 570986.7
42.83 3 WP_MOVED 2 358071. 4822161. 0.
43.14 3 COMMANDS 16,1377,27,11,-4616
43.14 3 NAVIGATION 0 0 0 0 286 0. 570986.7
43.14 3 ATTITUDE 0 0 0
43.14 3 GYRO_RATES 3 0 -9 -0.02618 0. 0.07854
43.14 3 FBW_STATUS 0 0 124
43.14 3 ESTIMATOR 701.106995 0. 110.700005 1e-05 110.70005
43.14 3 BAT 16 124 0 0 15 15 0
43.14 3 CALIBRATION -1.102 0.037 0.5 0
43.32 3 NAVIGATION 0 0 0 0 286 0. 570986.7
43.34 3 WP_MOVED 0 358113. 4822203. 702.
43.34 3 SERVO -3147 -197 17
43.34 3 DESIRED 0.08 0. 0. 0. 700.005 -0.331
43.40 3 NAVIGATION 0 0 0 0 286 0. 570986.7
43.40 3 ATTITUDE 0 0 0
43.49 3 ESTIMATOR 701.106995 0. 110.700005 1e-05 110.70005
43.54 3 DOWNLINK_STATUS 43 3882 258 0 292. 19.
43.61 3 DL_VALUE 16 33600.
43.62 3 NAVIGATION 0 0 0 0 286 0. 570986.7
43.82 3 WP_MOVED 1 358824.90625 4822110. 702.
43.91 3 COMMANDS 17,1377,29,10,-4616
43.91 3 NAVIGATION 0 0 0 0 286 0. 570986.7
43.91 3 ATTITUDE 0 0 0
43.91 3 GYRO_RATES 6 4 10 -0.05236 0.034907 -0.087266
43.92 3 FBW_STATUS 0 0 124
43.99 3 ESTIMATOR 701.106995 0. 110.700005 1e-05 110.70005
44.09 3 NAVIGATION 0 0 0 0 286 0. 570986.7
44.32 3 WP_MOVED 2 358071. 4822161. 0.
44.35 3 DESIRED 0.08 0. 0. 0. 700.005 -0.331
44.35 3 NAVIGATION 0 0 0 0 286 0. 570986.7
44.35 3 ATTITUDE 0 0 0
44.43 3 ESTIMATOR 701.106995 0. 110.700005 1e-05 110.70005
44.50 3 DL_VALUE 17 33600.
44.54 3 DOWNLINK_STATUS 44 4122 274 0 240. 16.
44.62 3 NAVIGATION 0 0 0 0 286 0. 570986.7
44.62 3 WP_MOVED 0 358113. 4822203. 702.
45.06 3 COMMANDS 16,1377,27,11,-4614
45.06 3 NAVIGATION 0 0 0 0 286 0. 570986.7
45.06 3 ATTITUDE 0 0 0
45.06 3 GYRO_RATES -6 5 2 0.05236 0.043633 -0.017453
45.12 3 FBW_STATUS 0 0 124
45.12 3 ESTIMATOR 701.106995 0. 110.700005 1e-05 110.70005
45.12 3 BAT 16 124 0 0 17 17 0
45.12 3 CALIBRATION -1.102 0.037 0.5 0
45.12 3 NAVIGATION 0 0 0 0 286 0. 570986.7
45.13 3 WP_MOVED 1 358824.90625 4822110. 702.
45.13 3 SERVO -896 3028 16
45.20 3 DESIRED 0.08 0. 0. 0. 700.005 -0.331
45.30 3 NAVIGATION 0 0 0 0 286 0. 570986.7
45.30 3 ATTITUDE 0 0 0
45.54 3 ESTIMATOR 701.106995 0. 110.700005 1e-05 110.70005
45.54 3 DOWNLINK_STATUS 45 4385 291 0 263. 17.
45.65 3 DL_VALUE 18 0.75
45.65 3 NAVIGATION 0 0 0 0 286 0. 570986.7
45.65 3 WP_MOVED 2 358071. 4822161. 0.
45.65 3 NAVIGATION_REF 358071 4822161 31
45.82 3 COMMANDS 15,1377,27,11,-4616
45.82 3 NAVIGATION 0 0 0 0 286 0. 570986.7
45.82 3 ATTITUDE 0 0 0
45.82 3 GYRO_RATES -11 1 5 0.095993 0.008727 -0.043633
45.82 3 FBW_STATUS 0 0 124
45.84 3 ESTIMATOR 701.106995 0. 110.700005 1e-05 110.70005
46.13 3 NAVIGATION 0 0 0 0 286 0. 570986.7
46.13 3 WP_MOVED 0 358113. 4822203. 702.
46.14 3 DESIRED 0.08 0. 0. 0. 700.005 -0.331
46.20 3 NAVIGATION 0 0 0 0 286 0. 570986.7
46.20 3 ATTITUDE 0 0 0
46.30 3 ESTIMATOR 701.106995 0. 110.700005 1e-05 110.70005
46.39 3 DL_VALUE 19 21500.
46.43 3 NAVIGATION 0 0 0 0 286 0. 570986.7
46.54 3 DOWNLINK_STATUS 46 4654 309 0 269. 18.
46.62 3 WP_MOVED 1 358824.90625 4822110. 702.
46.73 3 COMMANDS 15,1375,25,10,-4616
46.73 3 NAVIGATION 0 0 0 0 286 0. 570986.7
46.73 3 ATTITUDE 0 0 0
46.73 3 GYRO_RATES 2 -5 2 -0.017453 -0.043633 -0.017453
46.81 3 FBW_STATUS 0 0 124
46.83 3 ESTIMATOR 701.106995 0. 110.700005 1e-05 110.70005
46.83 3 BAT 16 124 0 0 19 19 0
46.91 3 ACTUATORS 1430,1427,0,1200,1500,1740
46.91 3 CALIBRATION -1.102 0.037 0.5 0
46.91 3 NAVIGATION 0 0 0 0 286 0. 570986.7
47.12 3 WP_MOVED 2 358071. 4822161. 0.
47.12 3 SERVO 1918 4201 16
47.22 3 DESIRED 0.08 0. 0. 0. 700.005 -0.331
47.23 3 NAVIGATION 0 0 0 0 286 0. 570986.7
47.23 3 ATTITUDE 0 0 0
47.23 3 PPRZ_MODE 0 3 0 0 0 1 0
47.30 3 ESTIMATOR 701.106995 0. 110.700005 1e-05 110.70005
47.45 3 DL_VALUE 20 21500.
47.45 3 NAVIGATION 0 0 0 0 286 0. 570986.7
47.45 3 WP_MOVED 0 358113. 4822203. 702.
47.54 3 DOWNLINK_STATUS 47 4963 330 0 309. 21.
47.84 3 COMMANDS 16,1377,27,11,-4616
47.84 3 NAVIGATION 0 0 0 0 286 0. 570986.7
47.84 3 ATTITUDE 0 0 0
47.84 3 GYRO_RATES -3 -1 0 0.02618 -0.008727 -0.
47.91 3 FBW_STATUS 0 0 123
47.91 3 ESTIMATOR 701.106995 0. 110.700005 1e-05 110.70005
47.91 3 NAVIGATION 0 0 0 0 286 0. 570986.7
47.91 3 WP_MOVED 1 358824.90625 4822110. 702.
48.01 3 DESIRED 0.08 0. 0. 0. 700.005 -0.331
48.14 3 NAVIGATION 0 0 0 0 286 0. 570986.7
48.17 3 ATTITUDE 0 0 0
48.32 3 ESTIMATOR 701.106995 0. 110.700005 1e-05 110.70005
48.34 3 DL_VALUE 21 0.75
48.34 3 NAVIGATION 0 0 0 0 286 0. 570986.7
48.41 3 WP_MOVED 2 358071. 4822161. 0.
48.56 3 DOWNLINK_STATUS 48 5196 345 0 233. 15.
48.62 3 COMMANDS 17,1329,1606,-13,-4589
48.62 3 NAVIGATION 0 0 0 0 286 0. 570986.7
48.62 3 ATTITUDE 0 0 0
48.62 3 GYRO_RATES -4 6 2 0.034907 0.05236 -0.017453
48.62 3 FBW_STATUS 0 0 124
48.83 3 ESTIMATOR 701.106995 0. 110.700005 1e-05 110.70005
48.83 3 BAT 18 124 0 0 21 21 0
48.91 3 CALIBRATION -1.102 0.037 0.5 0
48.91 3 NAVIGATION 0 0 0 0 286 0. 570986.7
48.91 3 WP_MOVED 0 358113. 4822203. 702.
48.91 3 SERVO -333 2734 16
48.94 3 DESIRED 0.08 0. 0. 0. 700.005 -0.331
49.02 3 NAVIGATION 0 0 0 0 286 0. 570986.7
49.02 3 ATTITUDE 0 0 0
49.12 3 ESTIMATOR 701.106995 0. 110.700005 1e-05 110.70005
49.32 3 DL_VALUE 22 20400.
49.34 3 NAVIGATION 0 0 0 0 286 0. 570986.7
49.34 3 WP_MOVED 1 358824.90625 4822110. 702.
49.55 3 COMMANDS 9,1377,-5719,-10,-4591
49.67 3 NAVIGATION 0 0 0 0 286 0. 570986.7
49.67 3 ATTITUDE 0 0 0
49.67 3 GYRO_RATES -4 3 2 0.034907 0.02618 -0.017453
49.67 3 DOWNLINK_STATUS 49 5525 367 0 329. 22.
49.67 3 FBW_STATUS 0 0 124
49.67 3 ESTIMATOR 701.106995 0. 110.700005 1e-05 110.70005
49.82 3 NAVIGATION 0 0 0 0 286 0. 570986.7
49.83 3 WP_MOVED 2 358071. 4822161. 0.
49.91 3 DESIRED 0.08 0. 0. 0. 700.005 -0.331
50.00 3 NAVIGATION 0 0 0 0 286 0. 570986.7
50.00 3 ATTITUDE 0 0 0
50.10 3 ESTIMATOR 701.106995 0. 110.700005 1e-05 110.70005
50.14 3 DL_VALUE 23 20400.
50.32 3 NAVIGATION 0 0 0 0 286 0. 570986.7
50.33 3 WP_MOVED 0 358113. 4822203. 702.
50.60 3 DOWNLINK_STATUS 50 5699 378 0 174. 11.
50.66 3 COMMANDS 20,1051,4744,8,-4616
50.66 3 NAVIGATION 0 0 0 0 286 0. 570986.7
50.66 3 ATTITUDE 0 0 0
50.66 3 GYRO_RATES -4 3 3 0.034907 0.02618 -0.02618
50.66 3 FBW_STATUS 0 0 124
50.66 3 ESTIMATOR 701.106995 0. 110.700005 1e-05 110.70005
50.66 3 BAT 18 124 0 0 23 23 0
50.66 3 CALIBRATION -1.102 0.037 0.5 0
50.82 3 NAVIGATION 0 0 0 0 286 0. 570986.7
50.85 3 WP_MOVED 1 358824.90625 4822110. 702.
50.85 3 SERVO -896 2441 17
50.85 3 DESIRED 0.08 0. 0. 0. 700.006 -0.33
50.90 3 NAVIGATION 0 0 0 0 286 0. 570986.7
50.90 3 ATTITUDE 0 0 0
51.00 3 ESTIMATOR 701.106995 0. 110.700005 1e-05 110.70005
51.12 3 DL_VALUE 24 0.3
51.12 3 NAVIGATION 0 0 0 0 286 0. 570986.7
51.32 3 WP_MOVED 2 358071. 4822161. 0.
51.42 3 COMMANDS 17,-6527,-4,-13,-4591
51.42 3 NAVIGATION 0 0 0 0 286 0. 570986.7
51.43 3 ATTITUDE 0 0 0
51.43 3 GYRO_RATES -4 4 2 0.034907 0.034907 -0.017453
51.43 3 FBW_STATUS 0 0 124
51.51 3 ESTIMATOR 701.106995 0. 110.700005 1e-05 110.70005
51.53 3 ACTUATORS 1577,1574,0,1200,1500,1740
51.60 3 NAVIGATION 0 0 0 0 286 0. 570986.7
51.63 3 DOWNLINK_STATUS 51 6088 404 0 389. 26.
51.82 3 WP_MOVED 0 358113. 4822203. 702.
51.92 3 DESIRED 0.08 0. 0. 0. 700.005 -0.331
51.92 3 NAVIGATION 0 0 0 0 286 0. 570986.7
51.92 3 ATTITUDE 0 0 0
51.92 3 PPRZ_MODE 0 3 0 0 0 1 0
51.93 3 ESTIMATOR 701.106995 0. 110.700005 1e-05 110.70005
52.00 3 DL_VALUE 25 0.103
52.12 3 NAVIGATION 0 0 0 0 286 0. 570986.7
52.12 3 WP_MOVED 1 358824.90625 4822110. 702.
52.55 3 COMMANDS 16,7135,0,-15,-4587
52.55 3 NAVIGATION 0 0 0 0 286 0. 570986.7
52.60 3 ATTITUDE 0 0 0
52.60 3 GYRO_RATES -4 4 3 0.034907 0.034907 -0.02618
52.60 3 DOWNLINK_STATUS 52 6285 417 0 197. 13.
52.62 3 FBW_STATUS 0 0 124
52.62 3 ESTIMATOR 701.106995 0. 110.700005 1e-05 110.70005
52.62 3 BAT 16 124 0 0 25 25 0
52.62 3 CALIBRATION -1.102 0.037 0.5 0
52.62 3 NAVIGATION 0 0 0 0 286 0. 570986.7
52.63 3 WP_MOVED 2 358071. 4822161. 0.
52.63 3 SERVO -520 2441 17
52.70 3 DESIRED 0.08 0. 0. 0. 700.005 -0.331
52.80 3 NAVIGATION 0 0 0 0 286 0. 570986.7
52.80 3 ATTITUDE 0 0 0
53.00 3 ESTIMATOR 701.106995 0. 110.700005 1e-05 110.70005
53.00 3 DL_VALUE 26 0.321546
53.01 3 NAVIGATION 0 0 0 0 286 0. 570986.7
53.10 3 WP_MOVED 0 358113. 4822203. 702.
53.45 3 COMMANDS 16,1378,30,13,-4617
53.45 3 NAVIGATION 0 0 0 0 286 0. 570986.7
53.45 3 ATTITUDE 0 0 0
53.45 3 GYRO_RATES -5 4 2 0.043633 0.034907 -0.017453
53.45 3 FBW_STATUS 0 0 124
53.53 3 ESTIMATOR 701.106995 0. 110.700005 1e-05 110.70005
53.53 3 NAVIGATION 0 0 0 0 286 0. 570986.7
53.53 3 WP_MOVED 1 358824.90625 4822110. 702.
53.60 3 DOWNLINK_STATUS 53 6615 439 0 330. 22.
53.64 3 DESIRED 0.08 0. 0. 0. 700.005 -0.331
53.70 3 NAVIGATION 0 0 0 0 286 0. 570986.7
53.70 3 ATTITUDE 0 0 0
53.93 3 ESTIMATOR 701.106995 0. 110.700005 1e-05 110.70005
53.94 3 DL_VALUE 27 0.007
53.94 3 NAVIGATION 0 0 0 0 286 0. 570986.7
54.00 3 WP_MOVED 2 358071. 4822161. 0.
54.00 3 NAVIGATION_REF 358071 4822161 31
54.23 3 COMMANDS 16,1375,27,-1240,-4619
54.23 3 NAVIGATION 0 0 0 0 286 0. 570986.7
54.23 3 ATTITUDE 0 0 0
54.23 3 GYRO_RATES -4 1 3 0.034907 0.008727 -0.02618
54.23 3 FBW_STATUS 0 0 124
54.43 3 ESTIMATOR 701.106995 0. 110.700005 1e-05 110.70005
54.43 3 BAT 17 124 0 0 27 27 0
54.60 3 DOWNLINK_STATUS 54 6840 454 0 225. 15.
54.75 3 CALIBRATION -1.102 0.037 0.5 0
54.75 3 NAVIGATION 0 0 0 0 286 0. 570986.7
54.75 3 WP_MOVED 0 358113. 4822203. 702.
54.75 3 SERVO -145 3028 15
54.75 3 DESIRED 0.08 0. 0. 0. 700.005 -0.331
54.75 3 NAVIGATION 0 0 0 0 286 0. 570986.7
54.75 3 ATTITUDE 0 0 0
54.92 3 ESTIMATOR 701.106995 0. 110.700005 1e-05 110.70005
54.95 3 DL_VALUE 28 0.042
54.95 3 NAVIGATION 0 0 0 0 286 0. 570986.7
54.95 3 WP_MOVED 1 358824.90625 4822110. 702.
55.22 3 COMMANDS 16,1377,27,-3695,-4591
55.22 3 NAVIGATION 0 0 0 0 286 0. 570986.7
55.22 3 ATTITUDE 0 0 0
55.22 3 GYRO_RATES -5 3 2 0.043633 0.02618 -0.017453
55.41 3 FBW_STATUS 0 0 124
55.41 3 ESTIMATOR 701.106995 0. 110.700005 1e-05 110.70005
55.41 3 NAVIGATION 0 0 0 0 286 0. 570986.7
55.41 3 WP_MOVED 2 358071. 4822161. 0.
55.50 3 DESIRED 0.08 0. 0. 0. 700.005 -0.331
55.61 3 NAVIGATION 0 0 0 0 286 0. 570986.7
55.61 3 ATTITUDE 0 0 0
55.61 3 DOWNLINK_STATUS 55 7181 476 0 341. 22.
55.82 3 ESTIMATOR 701.106995 0. 110.700005 1e-05 110.70005
55.84 3 DL_VALUE 29 0.037
55.84 3 NAVIGATION 0 0 0 0 286 0. 570986.7
55.90 3 WP_MOVED 0 358113. 4822203. 702.
56.12 3 COMMANDS 16,1378,30,857,-4612
56.12 3 NAVIGATION 0 0 0 0 286 0. 570986.7
56.12 3 ATTITUDE 0 0 0
56.12 3 GYRO_RATES -12 0 -17 0.10472 0. 0.148353
56.12 3 FBW_STATUS 0 0 124
56.33 3 ESTIMATOR 701.106995 0. 110.700005 1e-05 110.70005
56.33 3 BAT 16 124 0 0 29 29 0
56.42 3 ACTUATORS 1430,1427,0,1200,1336,1739
56.42 3 CALIBRATION -1.102 0.037 0.5 0
56.42 3 NAVIGATION 0 0 0 0 286 0. 570986.7
56.42 3 WP_MOVED 1 358824.90625 4822110. 702.
56.42 3 SERVO 229 1268 15
56.44 3 DESIRED 0.08 0. 0. 0. 700.005 -0.331
56.54 3 NAVIGATION 0 0 0 0 286 0. 570986.7
56.54 3 ATTITUDE 0 0 0
56.54 3 PPRZ_MODE 0 3 0 0 0 1 0
56.60 3 DOWNLINK_STATUS 56 7475 496 0 294. 20.
56.64 3 ESTIMATOR 701.106995 0. 110.700005 1e-05 110.70005
56.82 3 DL_VALUE 30 0.
56.84 3 NAVIGATION 0 0 0 0 286 0. 570986.7
56.84 3 WP_MOVED 2 358071. 4822161. 0.
57.04 3 COMMANDS 17,1378,29,-3696,-4591
57.04 3 NAVIGATION 0 0 0 0 286 0. 570986.7
57.04 3 ATTITUDE 0 0 0
57.04 3 GYRO_RATES -2 4 8 0.017453 0.034907 -0.069813
57.10 3 FBW_STATUS 0 0 124
57.14 3 ESTIMATOR 701.106995 0. 110.700005 1e-05 110.70005
57.32 3 NAVIGATION 0 0 0 0 286 0. 570986.7
57.34 3 WP_MOVED 0 358113. 4822203. 702.
57.40 3 DESIRED 0.08 0. 0. 0. 700.005 -0.331
57.50 3 NAVIGATION 0 0 0 0 286 0. 570986.7
57.50 3 ATTITUDE 0 0 0
57.63 3 ESTIMATOR 701.106995 0. 110.700005 1e-05 110.70005
57.63 3 DOWNLINK_STATUS 57 7730 512 0 255. 16.
57.65 3 DL_VALUE 31 0.
57.82 3 NAVIGATION 0 0 0 0 286 0. 570986.7
57.84 3 WP_MOVED 1 358824.90625 4822110. 702.
58.15 3 COMMANDS 17,1378,30,1921,-4616
58.15 3 NAVIGATION 0 0 0 0 286 0. 570986.7
58.15 3 ATTITUDE 0 0 0
58.15 3 GYRO_RATES -4 3 1 0.034907 0.02618 -0.008727
58.15 3 FBW_STATUS 0 0 124
58.15 3 ESTIMATOR 701.106995 0. 110.700005 1e-05 110.70005
58.15 3 BAT 16 124 0 0 31 31 0
58.16 3 CALIBRATION -1.102 0.037 0.5 0
58.32 3 NAVIGATION 0 0 0 0 286 0. 570986.7
58.35 3 WP_MOVED 2 358071. 4822161. 0.
58.35 3 SERVO -708 2148 17
58.35 3 DESIRED 0.08 0. 0. 0. 700.005 -0.331
58.40 3 NAVIGATION 0 0 0 0 286 0. 570986.7
58.40 3 ATTITUDE 0 0 0
58.50 3 ESTIMATOR 701.106995 0. 110.700005 1e-05 110.70005
58.62 3 DL_VALUE 32 0.045
58.62 3 NAVIGATION 0 0 0 0 286 0. 570986.7
58.62 3 DOWNLINK_STATUS 58 8025 532 0 295. 20.
58.83 3 WP_MOVED 0 358113. 4822203. 702.
58.92 3 COMMANDS 16,1375,27,2051,-4616
58.92 3 NAVIGATION 0 0 0 0 286 0. 570986.7
58.92 3 ATTITUDE 0 0 0
58.92 3 GYRO_RATES -11 6 3 0.095993 0.05236 -0.02618
58.92 3 FBW_STATUS 0 0 124
59.01 3 ESTIMATOR 701.106995 0. 110.700005 1e-05 110.70005
59.10 3 NAVIGATION 0 0 0 0 286 0. 570986.7
59.33 3 WP_MOVED 1 358824.90625 4822110. 702.
59.35 3 DESIRED 0.08 0. 0. 0. 700.005 -0.331
59.35 3 NAVIGATION 0 0 0 0 286 0. 570986.7
59.35 3 ATTITUDE 0 0 0
59.43 3 ESTIMATOR 701.106995 0. 110.700005 1e-05 110.70005
59.50 3 DL_VALUE 33 0.045
59.61 3 NAVIGATION 0 0 0 0 286 0. 570986.7
59.61 3 WP_MOVED 2 358071. 4822161. 0.
59.61 3 DOWNLINK_STATUS 59 8273 548 0 248. 16.
59.95 3 COMMANDS 17,1374,27,-3695,-4591
59.95 3 NAVIGATION 0 0 0 0 286 0. 570986.7
59.95 3 ATTITUDE 0 0 0
59.95 3 GYRO_RATES -3 -1 4 0.02618 -0.008727 -0.034907
60.01 3 FBW_STATUS 0 0 124
60.01 3 ESTIMATOR 701.106995 0. 110.700005 1e-05 110.70005
60.01 3 BAT 17 124 0 0 33 33 0
60.03 3 CALIBRATION -1.102 0.037 0.5 0
60.03 3 NAVIGATION 0 0 0 0 286 0. 570986.7
60.10 3 WP_MOVED 0 358113. 4822203. 702.
60.14 3 SERVO -1083 2734 16
60.20 3 DESIRED 0.08 0. 0. 0. 700.005 -0.331
60.43 3 NAVIGATION 0 0 0 0 286 0. 570986.7
60.43 3 ATTITUDE 0 0 0
60.50 3 ESTIMATOR 701.106995 0. 110.700005 1e-05 110.70005
60.50 3 DL_VALUE 34 0.007
60.52 3 NAVIGATION 0 0 0 0 286 0. 570986.7
60.60 3 WP_MOVED 1 358824.90625 4822110. 702.
60.61 3 DOWNLINK_STATUS 60 8543 566 0 270. 18.
60.95 3 COMMANDS 16,1377,29,10,-4614
60.95 3 NAVIGATION 0 0 0 0 286 0. 570986.7
60.95 3 ATTITUDE 0 0 0
60.95 3 GYRO_RATES -5 4 2 0.043633 0.034907 -0.017453
60.95 3 FBW_STATUS 0 0 124
61.07 3 ESTIMATOR 701.106995 -0.081 110.700005 -8.099995 109.620056
61.07 3 ACTUATORS 1430,1428,0,1200,1595,1739
61.07 3 NAVIGATION 0 0 0 0 286 0. 570986.7
61.07 3 WP_MOVED 2 358071. 4822161. 0.
61.12 3 DESIRED 0.08 0. 0. 0. 700.005 -0.331
61.22 3 NAVIGATION 0 0 0 0 286 0. 570986.7
61.22 3 ATTITUDE 0 0 0
61.22 3 PPRZ_MODE 0 3 0 0 0 1 0
61.43 3 ESTIMATOR 700.189026 -0.738045 18.9 -73.804504 85.050072
61.45 3 DL_VALUE 35 0.119
61.45 3 NAVIGATION 0 0 0 0 286 0. 570986.7
61.51 3 WP_MOVED 0 358113. 4822203. 702.
61.62 3 DOWNLINK_STATUS 61 8800 583 0 257. 17.
61.73 3 COMMANDS 15,1378,29,3226,-4614
61.73 3 NAVIGATION 0 0 0 0 286 0. 570986.7
61.73 3 ATTITUDE 0 0 0
61.73 3 GYRO_RATES -4 3 3 0.034907 0.02618 -0.02618
61.73 3 FBW_STATUS 0 0 124
61.93 3 ESTIMATOR 700.175476 -0.398655 17.550001 -39.865509 24.300077
61.93 3 BAT 16 124 0 0 35 35 0
62.02 3 CALIBRATION -0.964 0.037 0.5 0
62.02 3 NAVIGATION 0 0 0 0 286 0. 570986.7
62.02 3 WP_MOVED 1 358824.90625 4822110. 702.
62.02 3 SERVO -520 2734 16
62.11 3 DESIRED 0.08 0. 0. 0. 700.005 -0.051
62.22 3 NAVIGATION 0 0 0 0 286 0. 570986.7
62.22 3 ATTITUDE 0 0 0
62.43 3 ESTIMATOR 700.161987 0.005778 16.200001 0.577797 18.000078
62.53 3 DL_VALUE 36 0.037
62.53 3 NAVIGATION 0 0 0 0 286 0. 570986.7
62.53 3 WP_MOVED 2 358071. 4822161. 0.
62.54 3 NAVIGATION_REF 358071 4822161 31
62.62 3 DOWNLINK_STATUS 62 9081 602 0 281. 19.
62.72 3 COMMANDS 16,1377,27,-2894,-4617
62.72 3 NAVIGATION 0 0 0 0 286 0. 570986.7
62.72 3 ATTITUDE 0 0 0
62.72 3 GYRO_RATES -5 1 1 0.043633 0.008727 -0.008727
62.72 3 FBW_STATUS 0 0 124
62.72 3 ESTIMATOR 700.189026 0.050193 18.9 5.0193 18.900078
62.92 3 NAVIGATION 0 0 0 0 286 0. 570986.7
62.93 3 WP_MOVED 0 358113. 4822203. 702.
63.01 3 DESIRED 0.08 0. 0. 0. 700.005 -0.051
63.11 3 NAVIGATION 0 0 0 0 286 0. 570986.7
63.11 3 ATTITUDE 0 0 0
63.21 3 ESTIMATOR 700.175476 -0.034776 17.550001 -3.477599 19.260078
63.43 3 DL_VALUE 37 0.
63.43 3 NAVIGATION 0 0 0 0 286 0. 570986.7
63.45 3 WP_MOVED 1 358824.90625 4822110. 702.
63.62 3 COMMANDS 16,1375,27,-3695,-4591
63.62 3 NAVIGATION 0 0 0 0 286 0. 570986.7
63.62 3 ATTITUDE 0 0 0
63.62 3 GYRO_RATES -5 3 4 0.043633 0.02618 -0.034907
63.62 3 FBW_STATUS 0 0 124
63.62 3 DOWNLINK_STATUS 63 9378 622 0 297. 20.
63.71 3 ESTIMATOR 700.161987 0.001944 16.200001 0.194401 17.820078
63.71 3 BAT 17 124 0 0 37 37 0
63.92 3 CALIBRATION -0.598 0.037 0.5 0
63.92 3 NAVIGATION 0 0 0 0 286 0. 570986.7
63.93 3 WP_MOVED 2 358071. 4822161. 0.
63.93 3 SERVO -333 2441 16
63.96 3 DESIRED 0.08 0. 0. 0. 700.005 -0.047
64.02 3 NAVIGATION 0 0 0 0 286 0. 570986.7
64.02 3 ATTITUDE 0 0 0
64.12 3 ESTIMATOR 700.148499 -0.051111 14.85 -5.111099 16.200075
64.32 3 DL_VALUE 38 0.
64.34 3 NAVIGATION 0 0 0 0 286 0. 570986.7
64.34 3 WP_MOVED 0 358113. 4822203. 702.
64.54 3 COMMANDS 16,1374,25,1943,-4616
64.54 3 NAVIGATION 0 0 0 0 286 0. 570986.7
64.54 3 ATTITUDE 0 0 0
64.54 3 GYRO_RATES 0 3 4 -0. 0.02618 -0.034907
64.60 3 FBW_STATUS 0 0 124
64.64 3 ESTIMATOR 700.202515 0.000945 20.25 0.094501 15.930075
64.64 3 DOWNLINK_STATUS 64 9670 641 0 292. 19.
64.82 3 NAVIGATION 0 0 0 0 286 0. 570986.7
64.83 3 WP_MOVED 1 358824.90625 4822110. 702.
64.90 3 DESIRED 0.08 0. 0. 0. 700.005 -0.084
65.00 3 NAVIGATION 0 0 0 0 286 0. 570986.7
65.00 3 ATTITUDE 0 0 0
65.10 3 ESTIMATOR 700.445496 0.309555 44.549999 30.955505 28.800077
65.12 3 DL_VALUE 39 0.045
65.32 3 NAVIGATION 0 0 0 0 286 0. 570986.7
65.33 3 WP_MOVED 2 358071. 4822161. 0.
65.66 3 COMMANDS 17,1375,29,-1791,-4589
65.66 3 NAVIGATION 0 0 0 0 286 0. 570986.7
65.66 3 ATTITUDE 0 0 0
65.66 3 GYRO_RATES -4 0 2 0.034907 0. -0.017453
65.66 3 FBW_STATUS 0 0 124
65.66 3 ESTIMATOR 700.486023 0.095526 48.600002 9.552593 44.820091
65.66 3 BAT 16 124 0 0 39 39 0
65.66 3 DOWNLINK_STATUS 65 9917 657 0 247. 16.
65.69 3 ACTUATORS 1430,1428,0,1200,1692,1739
65.69 3 CALIBRATION -0.268 0.037 0.5 0
65.82 3 NAVIGATION 0 0 0 0 286 0. 570986.7
65.85 3 WP_MOVED 0 358113. 4822203. 702.
65.85 3 SERVO -1271 2734 17
65.85 3 DESIRED 0.08 0. 0. 0. 700.005 -0.144
65.91 3 NAVIGATION 0 0 0 0 286 0. 570986.7
65.91 3 ATTITUDE 0 0 0
65.91 3 PPRZ_MODE 0 3 0 0 0 1 0
66.00 3 ESTIMATOR 700.458984 0.024084 45.900002 2.408409 48.510094
66.11 3 DL_VALUE 40 0.045
66.11 3 NAVIGATION 0 0 0 0 286 0. 570986.7
66.32 3 WP_MOVED 1 358824.90625 4822110. 702.
66.42 3 COMMANDS 16,1375,27,11,-4614
66.42 3 NAVIGATION 0 0 0 0 286 0. 570986.7
66.42 3 ATTITUDE 0 0 0
66.42 3 GYRO_RATES -4 2 1 0.034907 0.017453 -0.008727
66.43 3 FBW_STATUS 0 0 124
66.50 3 ESTIMATOR 700.472473 -0.007722 47.25 -0.772202 47.790096
66.60 3 NAVIGATION 0 0 0 0 286 0. 570986.7
66.63 3 DOWNLINK_STATUS 66 10215 677 0 298. 20.
66.82 3 WP_MOVED 2 358071. 4822161. 0.
66.85 3 DESIRED 0.08 0. 0. 0. 700.005 -0.14
66.85 3 NAVIGATION 0 0 0 0 286 0. 570986.7
66.85 3 ATTITUDE 0 0 0
66.93 3 ESTIMATOR 700.458984 0.009666 45.900002 0.966609 47.520096
67.00 3 DL_VALUE 0 700.005005
67.14 3 NAVIGATION 0 0 0 0 286 0. 570986.7
67.14 3 WP_MOVED 0 358113. 4822203. 702.
67.45 3 COMMANDS 16,1377,30,3226,-4614
67.45 3 NAVIGATION 0 0 0 0 286 0. 570986.7
67.45 3 ATTITUDE 0 0 0
67.45 3 GYRO_RATES -2 3 2 0.017453 0.02618 -0.017453
67.51 3 FBW_STATUS 0 0 124
67.51 3 ESTIMATOR 700.445496 -0.045333 44.549999 -4.5333 45.720093
67.51 3 BAT 15 124 0 0 41 41 0
67.52 3 CALIBRATION -0.334 0.037 0.5 0
67.53 3 NAVIGATION 0 0 0 0 286 0. 570986.7
67.61 3 WP_MOVED 1 358824.90625 4822110. 702.
67.61 3 SERVO -3522 5960 15
67.63 3 DOWNLINK_STATUS 67 10500 696 0 285. 19.
67.70 3 DESIRED 0.08 0. 0. 0. 700.005 -0.132
67.93 3 NAVIGATION 0 0 0 0 286 0. 570986.7
67.93 3 ATTITUDE 0 0 0
68.00 3 ESTIMATOR 700.445496 0. 44.549999 0. 44.550091
68.00 3 DL_VALUE 1 1.
68.02 3 NAVIGATION 0 0 0 0 286 0. 570986.7
68.11 3 WP_MOVED 2 358071. 4822161. 0.
68.45 3 COMMANDS 15,1377,27,11,-4614
68.45 3 NAVIGATION 0 0 0 0 286 0. 570986.7
68.45 3 ATTITUDE 0 0 0
68.45 3 GYRO_RATES 5 -8 17 -0.043633 -0.069813 -0.148353
68.45 3 FBW_STATUS 0 0 124
68.53 3 ESTIMATOR 702.902527 0.198342 290.25 19.834213 80.460083
68.53 3 NAVIGATION 0 0 0 0 286 0. 570986.7
68.54 3 WP_MOVED 0 358113. 4822203. 702.
68.63 3 DOWNLINK_STATUS 68 10733 711 0 233. 15.
68.64 3 DESIRED 0.08 0. 0. 0. 700.005 -0.857
68.71 3 NAVIGATION 0 0 0 0 286 0. 570986.7
68.71 3 ATTITUDE 0 0 0
68.93 3 ESTIMATOR 702.862 2.436075 286.200012 243.607513 241.290085
68.94 3 DL_VALUE 2 0.
68.94 3 NAVIGATION 0 0 0 0 286 0. 570986.7
69.00 3 WP_MOVED 1 358824.90625 4822110. 702.
69.23 3 COMMANDS 16,1375,29,10,-4619
69.23 3 NAVIGATION 0 0 0 0 286 0. 570986.7
69.23 3 ATTITUDE 0 0 0
69.23 3 GYRO_RATES -1 -34 -1 0.008727 -0.296706 0.008727
69.23 3 FBW_STATUS 0 0 124
69.43 3 ESTIMATOR 702.848511 0.005805 284.850006 0.58053 286.109985
69.43 3 BAT 16 124 0 0 43 43 0
69.51 3 CALIBRATION -0.927 0.037 0.5 0
69.52 3 NAVIGATION 0 0 0 0 286 0. 570986.7
69.52 3 WP_MOVED 2 358071. 4822161. 0.
69.52 3 SERVO 3419 2441 16
69.61 3 DESIRED 0.08 0. 0. 0. 700.005 -0.853
69.63 3 DOWNLINK_STATUS 69 11029 730 0 296. 19.
69.70 3 NAVIGATION 0 0 0 0 286 0. 570986.7
69.70 3 ATTITUDE 0 0 0
69.92 3 ESTIMATOR 700.945007 -2.84364 94.5 -284.363953 184.950012
69.95 3 DL_VALUE 3 0.
69.95 3 NAVIGATION 0 0 0 0 286 0. 570986.7
69.95 3 WP_MOVED 0 358113. 4822203. 702.
70.23 3 COMMANDS 15,1378,29,11,-4614
70.23 3 NAVIGATION 0 0 0 0 286 0. 570986.7
70.23 3 ATTITUDE 0 0 0
70.23 3 GYRO_RATES -4 6 4 0.034907 0.05236 -0.034907
70.23 3 FBW_STATUS 0 0 124
70.24 3 ESTIMATOR 700.931519 -0.034722 93.150002 -3.472199 94.589996
70.42 3 ACTUATORS 1430,1428,0,1200,1500,1740
70.44 3 NAVIGATION 0 0 0 0 286 0. 570986.7
70.44 3 WP_MOVED 1 358824.90625 4822110. 702.
70.50 3 DESIRED 0.08 0. 0. 0. 700.005 -0.278
70.61 3 NAVIGATION 0 0 0 0 286 0. 570986.7
70.61 3 ATTITUDE 0 0 0
70.61 3 PPRZ_MODE 0 3 0 0 0 1 0
70.63 3 DOWNLINK_STATUS 70 11312 749 0 283. 19.
70.70 3 ESTIMATOR 700.945007 -0.016389 94.5 -1.638899 93.780006
70.93 3 DL_VALUE 4 0.
70.93 3 NAVIGATION 0 0 0 0 286 0. 570986.7
70.94 3 WP_MOVED 2 358071. 4822161. 0.
70.94 3 NAVIGATION_REF 358071 4822161 31
71.12 3 COMMANDS 17,1375,32,11,-6093
71.12 3 NAVIGATION 0 0 0 0 286 0. 570986.7
71.13 3 ATTITUDE 0 0 0
71.13 3 GYRO_RATES -2 0 -1 0.017453 0. 0.008727
71.13 3 FBW_STATUS 0 0 124
71.21 3 ESTIMATOR 700.945007 -0.000972 94.5 -0.097189 93.330009
71.21 3 BAT 17 124 0 0 45 45 0
71.23 3 CALIBRATION -1.222 0.037 0.5 0
71.42 3 NAVIGATION 0 0 0 0 286 0. 570986.7
71.45 3 WP_MOVED 0 358113. 4822203. 702.
71.45 3 SERVO -708 2148 16
71.45 3 DESIRED 0.08 0. 0. 0. 700.006 -0.278
71.52 3 NAVIGATION 0 0 0 0 286 0. 570986.7
71.52 3 ATTITUDE 0 0 0
71.63 3 ESTIMATOR 700.931519 0.005805 93.150002 0.580502 93.600006
71.65 3 DOWNLINK_STATUS 71 11615 769 0 303. 20.
71.69 3 DL_VALUE 5 0.
71.74 3 NAVIGATION 0 0 0 0 286 0. 570986.7
71.92 3 WP_MOVED 1 358824.90625 4822110. 702.
72.04 3 COMMANDS 15,1375,27,11,-3589
72.04 3 NAVIGATION 0 0 0 0 286 0. 570986.7
72.04 3 ATTITUDE 0 0 0
72.04 3 GYRO_RATES 2 1 -6 -0.017453 0.008727 0.05236
72.11 3 FBW_STATUS 0 0 124
72.11 3 ESTIMATOR 700.971985 -0.009639 97.200005 -0.963912 93.780006
72.20 3 NAVIGATION 0 0 0 0 286 0. 570986.7
72.43 3 WP_MOVED 2 358071. 4822161. 0.
72.52 3 DESIRED 0.08 0. 0. 0. 700.005 -0.286
72.52 3 NAVIGATION 0 0 0 0 286 0. 570986.7
72.52 3 ATTITUDE 0 0 0
72.60 3 ESTIMATOR 701.120483 0.102303 112.050003 10.230317 99.720009
72.63 3 DL_VALUE 6 0.
72.67 3 DOWNLINK_STATUS 72 11855 785 0 240. 16.
72.70 3 NAVIGATION 0 0 0 0 286 0. 570986.7
72.83 3 WP_MOVED 0 358113. 4822203. 702.
73.15 3 COMMANDS 17,1372,27,8,-1815
73.15 3 NAVIGATION 0 0 0 0 286 0. 570986.7
73.15 3 ATTITUDE 0 0 0
73.15 3 GYRO_RATES -1 6 1 0.008727 0.05236 -0.008727
73.15 3 FBW_STATUS 0 0 124
73.15 3 ESTIMATOR 701.120483 0.097362 112.050003 9.73618 109.799988
73.15 3 BAT 17 124 0 0 47 47 0
73.15 3 CALIBRATION -1.442 0.037 0.5 0
73.33 3 NAVIGATION 0 0 0 0 286 0. 570986.7
73.36 3 WP_MOVED 1 358824.90625 4822110. 702.
73.36 3 SERVO -1646 2148 15
73.36 3 DESIRED 0.08 0. 0. 0. 700.005 -0.331
73.40 3 NAVIGATION 0 0 0 0 286 0. 570986.7
73.40 3 ATTITUDE 0 0 0
73.50 3 ESTIMATOR 701.133972 0.012501 113.400002 1.250091 112.589989
73.63 3 DL_VALUE 7 0.
73.63 3 NAVIGATION 0 0 0 0 286 0. 570986.7
73.65 3 DOWNLINK_STATUS 73 12143 804 0 288. 19.
73.82 3 WP_MOVED 2 358071. 4822161. 0.
73.92 3 COMMANDS 15,1374,25,11,-2734
73.92 3 NAVIGATION 0 0 0 0 286 0. 570986.7
73.92 3 ATTITUDE 0 0 0
73.92 3 GYRO_RATES -3 3 2 0.02618 0.02618 -0.017453
73.92 3 FBW_STATUS 0 0 124
74.01 3 ESTIMATOR 701.120483 -0. 112.050003 -4.8e-05 112.679985
74.10 3 NAVIGATION 0 0 0 0 286 0. 570986.7
74.33 3 WP_MOVED 0 358113. 4822203. 702.
74.36 3 DESIRED 0.08 0. 0. 0. 700.005 -0.335
74.36 3 NAVIGATION 0 0 0 0 286 0. 570986.7
74.36 3 ATTITUDE 0 0 0
74.43 3 ESTIMATOR 701.066528 0.014445 106.650002 1.444521 111.599983
74.51 3 DL_VALUE 8 0.
74.62 3 NAVIGATION 0 0 0 0 286 0. 570986.7
74.62 3 WP_MOVED 1 358824.90625 4822110. 702.
74.65 3 DOWNLINK_STATUS 74 12391 820 0 248. 16.
74.94 3 COMMANDS 16,1375,29,10,-2737
74.94 3 NAVIGATION 0 0 0 0 286 0. 570986.7
74.94 3 ATTITUDE 0 0 0
74.94 3 GYRO_RATES -25 12 -26 0.218166 0.10472 0.226893
75.01 3 FBW_STATUS 0 0 124
75.01 3 ESTIMATOR 700.796509 -0.274806 79.650002 -27.480583 98.82
75.01 3 BAT 17 124 0 0 49 49 0
75.04 3 ACTUATORS 1430,1427,0,1200,1500,1642
75.04 3 CALIBRATION -1.015 0.037 0.5 0
75.04 3 NAVIGATION 0 0 0 0 286 0. 570986.7
75.12 3 WP_MOVED 2 358071. 4822161. 0.
75.12 3 SERVO -708 -2542 17
75.21 3 DESIRED 0.08 0. 0. 0. 700.005 -0.213
75.43 3 NAVIGATION 0 0 0 0 286 0. 570986.7
75.43 3 ATTITUDE 0 0 0
75.43 3 PPRZ_MODE 0 3 0 0 0 1 0
75.51 3 ESTIMATOR 700.499512 -0.390555 49.950001 -39.055504 70.470001
75.51 3 DL_VALUE 9 515.
75.52 3 NAVIGATION 0 0 0 0 286 0. 570986.7
75.61 3 WP_MOVED 0 358113. 4822203. 702.
75.65 3 DOWNLINK_STATUS 75 12685 840 0 294. 20.
75.95 3 COMMANDS 16,1377,29,10,-2735
75.95 3 NAVIGATION 0 0 0 0 286 0. 570986.7
75.95 3 ATTITUDE 0 0 0
75.95 3 GYRO_RATES -2 5 0 0.017453 0.043633 -0.
75.95 3 FBW_STATUS 0 0 124
76.03 3 ESTIMATOR 700.445496 -0.190917 44.549999 -19.0917 49.139999
76.03 3 NAVIGATION 0 0 0 0 286 0. 570986.7
76.03 3 WP_MOVED 1 358824.90625 4822110. 702.
76.12 3 DESIRED 0.08 0. 0. 0. 700.005 -0.14
76.21 3 NAVIGATION 0 0 0 0 286 0. 570986.7
76.21 3 ATTITUDE 0 0 0
76.42 3 ESTIMATOR 700.432007 0.009639 43.200001 0.963902 44.460007
76.44 3 DL_VALUE 10 480.
76.44 3 NAVIGATION 0 0 0 0 286 0. 570986.7
76.53 3 WP_MOVED 2 358071. 4822161. 0.
76.65 3 DOWNLINK_STATUS 76 12918 855 0 233. 15.
76.73 3 COMMANDS 16,1375,29,13,-2737
76.73 3 NAVIGATION 0 0 0 0 286 0. 570986.7
76.73 3 ATTITUDE 0 0 0
76.73 3 GYRO_RATES -3 4 3 0.02618 0.034907 -0.02618
76.73 3 FBW_STATUS 0 0 124
76.93 3 ESTIMATOR 700.458984 -0.034695 45.900002 -3.469508 44.190006
76.94 3 BAT 16 124 0 0 51 51 0
77.02 3 CALIBRATION -0.843 0.037 0.5 0
77.02 3 NAVIGATION 0 0 0 0 286 0. 570986.7
77.02 3 WP_MOVED 0 358113. 4822203. 702.
77.02 3 SERVO -1083 2734 16
77.10 3 DESIRED 0.08 0. 0. 0. 700.005 -0.136
77.21 3 NAVIGATION 0 0 0 0 286 0. 570986.7
77.24 3 ATTITUDE 0 0 0
77.42 3 ESTIMATOR 700.539978 -0.019305 54. -1.930501 45.180004
77.44 3 DL_VALUE 11 470.
77.45 3 NAVIGATION 0 0 0 0 286 0. 570986.7
77.45 3 WP_MOVED 1 358824.90625 4822110. 702.
77.67 3 DOWNLINK_STATUS 77 13188 873 0 270. 18.
77.71 3 COMMANDS 14,1375,25,11,-2737
77.72 3 NAVIGATION 0 0 0 0 286 0. 570986.7
77.72 3 ATTITUDE 0 0 0
77.72 3 GYRO_RATES 21 59 -23 -0.18326 0.514872 0.200713
77.72 3 FBW_STATUS 0 0 124
77.72 3 ESTIMATOR 700.432007 0.272943 43.200001 27.294296 54.089985
77.92 3 NAVIGATION 0 0 0 0 286 0. 570986.7
77.93 3 WP_MOVED 2 358071. 4822161. 0.
78.00 3 DESIRED 0.08 0. 0. 0. 700.005 -0.128
78.10 3 NAVIGATION 0 0 0 0 286 0. 570986.7
78.10 3 ATTITUDE 0 0 0
78.20 3 ESTIMATOR 700.958496 0.389745 95.849998 38.974503 68.399979
78.34 3 DL_VALUE 12 1.35
78.34 3 NAVIGATION 0 0 0 0 286 0. 570986.7
78.39 3 WP_MOVED 0 358113. 4822203. 702.
78.62 3 COMMANDS 16,1374,29,11,-2737
78.62 3 NAVIGATION 0 0 0 0 286 0. 570986.7
78.62 3 ATTITUDE 0 0 0
78.62 3 GYRO_RATES -12 8 -36 0.10472 0.069813 0.314159
78.62 3 FBW_STATUS 0 0 124
78.66 3 DOWNLINK_STATUS 78 13485 893 0 297. 20.
78.83 3 ESTIMATOR 700.958496 0.127008 95.849998 12.700796 93.959976
78.83 3 BAT 17 124 0 0 53 53 0
78.92 3 CALIBRATION -0.651 0.037 0.5 0
78.92 3 NAVIGATION 0 0 0 0 286 0. 570986.7
78.92 3 WP_MOVED 1 358824.90625 4822110. 702.
78.92 3 SERVO -896 -1076 17
78.93 3 DESIRED 0.08 0. 0. 0. 700.005 -0.286
79.01 3 NAVIGATION 0 0 0 0 286 0. 570986.7
79.01 3 ATTITUDE 0 0 0
79.12 3 ESTIMATOR 700.958496 0. 95.849998 0. 95.849976
79.32 3 DL_VALUE 13 0.
79.36 3 NAVIGATION 0 0 0 0 286 0. 570986.7
79.36 3 WP_MOVED 2 358071. 4822161. 0.
79.36 3 NAVIGATION_REF 358071 4822161 31
79.55 3 COMMANDS 17,1377,30,10,-2735
79.55 3 NAVIGATION 0 0 0 0 286 0. 570986.7
79.55 3 ATTITUDE 0 0 0
79.55 3 GYRO_RATES -5 -2 -4 0.043633 -0.017453 0.034907
79.61 3 FBW_STATUS 0 0 124
79.61 3 ESTIMATOR 700.958496 0. 95.849998 0. 95.849976
79.66 3 DOWNLINK_STATUS 79 13788 913 0 303. 20.
79.83 3 ACTUATORS 1430,1427,0,1200,1500,1642
79.83 3 NAVIGATION 0 0 0 0 286 0. 570986.7
79.84 3 WP_MOVED 0 358113. 4822203. 702.
79.90 3 DESIRED 0.08 0. 0. 0. 700.005 -0.286
80.00 3 NAVIGATION 0 0 0 0 286 0. 570986.7
80.00 3 ATTITUDE 0 0 0
80.00 3 PPRZ_MODE 0 3 0 0 0 1 0
80.10 3 ESTIMATOR 701.700989 0.328374 170.100006 32.837402 110.879974
80.14 3 DL_VALUE 14 0.
80.32 3 NAVIGATION 0 0 0 0 286 0. 570986.7
80.33 3 WP_MOVED 1 358824.90625 4822110. 702.
80.65 3 COMMANDS 16,1374,27,11,-2737
80.65 3 NAVIGATION 0 0 0 0 286 0. 570986.7
80.65 3 ATTITUDE 0 0 0
80.65 3 GYRO_RATES -4 10 0 0.034907 0.087266 -0.
80.65 3 FBW_STATUS 0 0 124
80.65 3 ESTIMATOR 701.106995 0.853443 110.700005 85.344299 127.709976
80.65 3 BAT 14 124 0 0 55 55 0
80.65 3 CALIBRATION -0.714 0.037 0.5 0
80.67 3 DOWNLINK_STATUS 80 14074 932 0 286. 19.
80.82 3 NAVIGATION 0 0 0 0 286 0. 570986.7
80.85 3 WP_MOVED 2 358071. 4822161. 0.
80.85 3 SERVO -145 6253 15
80.85 3 DESIRED 0.08 0. 0. 0. 700.005 -0.347
80.90 3 NAVIGATION 0 0 0 0 286 0. 570986.7
80.90 3 ATTITUDE 0 0 0
81.00 3 ESTIMATOR 700.850525 -0.515619 85.050003 -51.561893 118.97998
81.12 3 DL_VALUE 15 0.75
81.12 3 NAVIGATION 0 0 0 0 286 0. 570986.7
81.32 3 WP_MOVED 0 358113. 4822203. 702.
81.42 3 COMMANDS 15,1375,27,11,-2739
81.43 3 NAVIGATION 0 0 0 0 286 0. 570986.7
81.43 3 ATTITUDE 0 0 0
81.43 3 GYRO_RATES -2 0 -9 0.017453 0. 0.07854
81.43 3 FBW_STATUS 0 0 124
81.50 3 ESTIMATOR 700.809998 -0.290412 81. -29.041199 90.269989
81.60 3 NAVIGATION 0 0 0 0 286 0. 570986.7
81.67 3 DOWNLINK_STATUS 81 14333 949 0 259. 17.
81.82 3 WP_MOVED 1 358824.90625 4822110. 702.
81.85 3 DESIRED 0.08 0. 0. 0. 700.005 -0.246
81.85 3 NAVIGATION 0 0 0 0 286 0. 570986.7
81.85 3 ATTITUDE 0 0 0
81.93 3 ESTIMATOR 700.755981 -0.052056 75.599998 -5.205595 81.449989
82.00 3 DL_VALUE 16 33600.
82.12 3 NAVIGATION 0 0 0 0 286 0. 570986.7
82.12 3 WP_MOVED 2 358071. 4822161. 0.
82.45 3 COMMANDS 16,1375,29,10,-2612
82.48 3 NAVIGATION 0 0 0 0 286 0. 570986.7
82.48 3 ATTITUDE 0 0 0
82.48 3 GYRO_RATES -3 4 1 0.02618 0.034907 -0.008727
82.51 3 FBW_STATUS 0 0 124
82.51 3 ESTIMATOR 700.607483 -0.331776 60.75 -33.177597 68.309998
82.51 3 BAT 16 124 0 0 57 57 0
82.67 3 DOWNLINK_STATUS 82 14562 964 0 229. 15.
82.72 3 CALIBRATION -0.87 0.037 0.5 0
82.72 3 NAVIGATION 0 0 0 0 286 0. 570986.7
82.72 3 WP_MOVED 0 358113. 4822203. 702.
82.72 3 SERVO -520 2441 15
82.72 3 DESIRED 0.08 0. 0. 0. 700.005 -0.177
82.93 3 NAVIGATION 0 0 0 0 286 0. 570986.7
82.93 3 ATTITUDE 0 0 0
83.12 3 ESTIMATOR 700.580505 -0.036639 58.049999 -3.663888 58.229988
83.12 3 DL_VALUE 17 33600.
83.12 3 NAVIGATION 0 0 0 0 286 0. 570986.7
83.12 3 WP_MOVED 1 358824.90625 4822110. 702.
83.46 3 COMMANDS 16,1377,30,10,4881
83.49 3 NAVIGATION 0 0 0 0 286 0. 570986.7
83.49 3 ATTITUDE 0 0 0
83.49 3 GYRO_RATES -3 3 2 0.02618 0.02618 -0.017453
83.49 3 FBW_STATUS 0 0 124
83.53 3 ESTIMATOR 700.593994 0.015363 59.400002 1.5363 58.139988
83.53 3 NAVIGATION 0 0 0 0 286 0. 570986.7
83.53 3 WP_MOVED 2 358071. 4822161. 0.
83.62 3 DESIRED 0.08 0. 0. 0. 700.005 -0.169
83.68 3 DOWNLINK_STATUS 83 14877 984 0 315. 20.
83.71 3 NAVIGATION 0 0 0 0 286 0. 570986.7
83.71 3 ATTITUDE 0 0 0
83.92 3 ESTIMATOR 700.593994 -0.011529 59.400002 -1.15289 58.769989
83.93 3 DL_VALUE 18 0.75
83.93 3 NAVIGATION 0 0 0 0 286 0. 570986.7
83.99 3 WP_MOVED 0 358113. 4822203. 702.
84.23 3 COMMANDS 15,1375,29,10,5751
84.23 3 NAVIGATION 0 0 0 0 286 0. 570986.7
84.23 3 ATTITUDE 0 0 0
84.23 3 GYRO_RATES -3 3 2 0.02618 0.02618 -0.017453
84.23 3 FBW_STATUS 0 0 124
84.43 3 ESTIMATOR 700.580505 0.025029 58.049999 2.502902 58.859989
84.43 3 BAT 16 124 0 0 59 59 0
84.43 3 ACTUATORS 1430,1427,0,1200,1500,1209
84.43 3 CALIBRATION -0.771 0.037 0.5 0
84.43 3 NAVIGATION 0 0 0 0 286 0. 570986.7
84.50 3 WP_MOVED 1 358824.90625 4822110. 702.
84.50 3 SERVO -333 2734 15
84.60 3 DESIRED 0.08 0. 0. 0. 700.005 -0.177
84.68 3 DOWNLINK_STATUS 84 15162 1003 0 285. 19.
84.83 3 NAVIGATION 0 0 0 0 286 0. 570986.7
84.83 3 ATTITUDE 0 0 0
84.83 3 PPRZ_MODE 0 3 0 0 0 1 0
84.84 3 ESTIMATOR 700.580505 -0.012555 58.049999 -1.255505 58.499989
84.84 3 DL_VALUE 19 21500.
84.90 3 NAVIGATION 0 0 0 0 286 0. 570986.7
84.92 3 WP_MOVED 2 358071. 4822161. 0.
85.35 3 COMMANDS 15,1375,29,11,1165
85.35 3 NAVIGATION 0 0 0 0 286 0. 570986.7
85.35 3 ATTITUDE 0 0 0
85.35 3 GYRO_RATES -3 2 1 0.02618 0.017453 -0.008727
85.41 3 FBW_STATUS 0 0 124
85.41 3 ESTIMATOR 700.567017 0.010611 56.700001 1.061103 58.499989
85.41 3 NAVIGATION 0 0 0 0 286 0. 570986.7
85.43 3 WP_MOVED 0 358113. 4822203. 702.
85.51 3 DESIRED 0.08 0. 0. 0. 700.005 -0.177
85.60 3 NAVIGATION 0 0 0 0 286 0. 570986.7
85.60 3 ATTITUDE 0 0 0
85.68 3 DOWNLINK_STATUS 85 15430 1021 0 268. 18.
85.82 3 ESTIMATOR 700.593994 0.003861 59.400002 0.386112 58.859989
85.84 3 DL_VALUE 20 21500.
85.84 3 NAVIGATION 0 0 0 0 286 0. 570986.7
85.89 3 WP_MOVED 1 358824.90625 4822110. 702.
86.12 3 COMMANDS 16,1374,27,10,-4888
86.13 3 NAVIGATION 0 0 0 0 286 0. 570986.7
86.13 3 ATTITUDE 0 0 0
86.13 3 GYRO_RATES -3 2 2 0.02618 0.017453 -0.017453
86.13 3 FBW_STATUS 0 0 124
86.33 3 ESTIMATOR 700.593994 -0.033777 59.400002 -3.377707 58.319988
86.38 3 BAT 15 124 0 0 61 61 0
86.42 3 CALIBRATION -0.614 0.037 0.5 0
86.42 3 NAVIGATION 0 0 0 0 286 0. 570986.7
86.42 3 WP_MOVED 2 358071. 4822161. 0.
86.42 3 SERVO -333 2734 15
86.43 3 DESIRED 0.08 0. 0. 0. 700.005 -0.169
86.51 3 NAVIGATION 0 0 0 0 286 0. 570986.7
86.51 3 ATTITUDE 0 0 0
86.62 3 ESTIMATOR 700.593994 0.026001 59.400002 2.600105 57.959988
86.68 3 DOWNLINK_STATUS 86 15722 1040 0 292. 19.
86.82 3 DL_VALUE 21 0.75
86.84 3 NAVIGATION 0 0 0 0 286 0. 570986.7
86.84 3 WP_MOVED 0 358113. 4822203. 702.
87.04 3 COMMANDS 16,1375,29,10,-9096
87.04 3 NAVIGATION 0 0 0 0 286 0. 570986.7
87.04 3 ATTITUDE 0 0 0
87.04 3 GYRO_RATES -3 2 2 0.02618 0.017453 -0.017453
87.10 3 FBW_STATUS 0 0 124
87.10 3 ESTIMATOR 700.593994 -0.010638 59.400002 -1.063795 58.319988
87.32 3 NAVIGATION 0 0 0 0 286 0. 570986.7
87.33 3 WP_MOVED 1 358824.90625 4822110. 702.
87.40 3 DESIRED 0.08 0. 0. 0. 700.005 -0.173
87.51 3 NAVIGATION 0 0 0 0 286 0. 570986.7
87.51 3 ATTITUDE 0 0 0
87.60 3 ESTIMATOR 700.580505 0.026973 58.049999 2.697303 58.679989
87.62 3 DL_VALUE 22 20400.
87.68 3 DOWNLINK_STATUS 87 15962 1056 0 240. 16.
87.82 3 NAVIGATION 0 0 0 0 286 0. 570986.7
87.85 3 WP_MOVED 2 358071. 4822161. 0.
87.85 3 NAVIGATION_REF 358071 4822161 31
88.14 3 COMMANDS 17,1375,27,7,-9600
88.14 3 NAVIGATION 0 0 0 0 286 0. 570986.7
88.14 3 ATTITUDE 0 0 0
88.14 3 GYRO_RATES -3 2 2 0.02618 0.017453 -0.017453
88.14 3 FBW_STATUS 0 0 124
88.14 3 ESTIMATOR 700.580505 -0.002889 58.049999 -0.288899 58.499989
88.14 3 BAT 16 124 0 0 63 63 0
88.14 3 CALIBRATION -0.576 0.037 0.5 0
88.32 3 NAVIGATION 0 0 0 0 286 0. 570986.7
88.36 3 WP_MOVED 0 358113. 4822203. 702.
88.36 3 SERVO -333 2734 15
88.36 3 DESIRED 0.08 0. 0. 0. 700.005 -0.173
88.41 3 NAVIGATION 0 0 0 0 286 0. 570986.7
88.41 3 ATTITUDE 0 0 0
88.50 3 ESTIMATOR 700.580505 0.014472 58.049999 1.447203 58.409988
88.62 3 DL_VALUE 23 20400.
88.62 3 NAVIGATION 0 0 0 0 286 0. 570986.7
88.68 3 DOWNLINK_STATUS 88 16261 1076 0 299. 20.
88.82 3 WP_MOVED 1 358824.90625 4822110. 702.
88.92 3 COMMANDS 17,1378,30,8,-5568
88.92 3 NAVIGATION 0 0 0 0 286 0. 570986.7
88.92 3 ATTITUDE 0 0 0
88.92 3 GYRO_RATES -3 2 2 0.02618 0.017453 -0.017453
88.92 3 FBW_STATUS 0 0 124
89.00 3 ESTIMATOR 700.593994 -0.020223 59.400002 -2.022307 58.229988
89.03 3 ACTUATORS 1430,1427,0,1200,1500,1796
89.10 3 NAVIGATION 0 0 0 0 286 0. 570986.7
89.32 3 WP_MOVED 2 358071. 4822161. 0.
89.42 3 DESIRED 0.08 0. 0. 0. 700.005 -0.173
89.42 3 NAVIGATION 0 0 0 0 286 0. 570986.7
89.42 3 ATTITUDE 0 0 0
89.42 3 PPRZ_MODE 0 3 0 0 0 1 0
89.43 3 ESTIMATOR 700.580505 -0.001917 58.049999 -0.191696 58.229988
89.50 3 DL_VALUE 24 0.3
89.61 3 NAVIGATION 0 0 0 0 286 0. 570986.7
89.61 3 WP_MOVED 0 358113. 4822203. 702.
89.69 3 DOWNLINK_STATUS 89 16533 1094 0 272. 18.
89.95 3 COMMANDS 16,1375,29,11,-5570
89.95 3 NAVIGATION 0 0 0 0 286 0. 570986.7
89.95 3 ATTITUDE 0 0 0
89.95 3 GYRO_RATES -2 1 2 0.017453 0.008727 -0.017453
90.01 3 FBW_STATUS 0 0 124
90.01 3 ESTIMATOR 700.580505 0.011556 58.049999 1.155593 58.229988
90.01 3 BAT 15 124 0 0 65 65 0
90.02 3 CALIBRATION -0.575 0.037 0.5 0
90.02 3 NAVIGATION 0 0 0 0 286 0. 570986.7
90.10 3 WP_MOVED 1 358824.90625 4822110. 702.
90.10 3 SERVO -520 2734 15
90.20 3 DESIRED 0.08 0. 0. 0. 700.005 -0.173
90.43 3 NAVIGATION 0 0 0 0 286 0. 570986.7
90.43 3 ATTITUDE 0 0 0
90.50 3 ESTIMATOR 700.809998 -0.019089 81. -1.908896 61.64999
90.50 3 DL_VALUE 25 0.103
90.51 3 NAVIGATION 0 0 0 0 286 0. 570986.7
90.59 3 WP_MOVED 2 358071. 4822161. 0.
90.70 3 DOWNLINK_STATUS 90 16803 1112 0 270. 18.
90.95 3 COMMANDS 16,1372,29,8,3337
90.95 3 NAVIGATION 0 0 0 0 286 0. 570986.7
90.95 3 ATTITUDE 0 0 0
90.95 3 GYRO_RATES -3 1 2 0.02618 0.008727 -0.017453
90.95 3 FBW_STATUS 0 0 124
91.03 3 ESTIMATOR 700.567017 0.108162 56.700001 10.816204 68.849991
91.03 3 NAVIGATION 0 0 0 0 286 0. 570986.7
91.03 3 WP_MOVED 0 358113. 4822203. 702.
91.12 3 DESIRED 0.08 0. 0. 0. 700.005 -0.173
91.20 3 NAVIGATION 0 0 0 0 286 0. 570986.7
91.20 3 ATTITUDE 0 0 0
91.42 3 ESTIMATOR 700.580505 -0.026298 58.049999 -2.629786 62.73
91.43 3 DL_VALUE 26 0.275343
91.43 3 NAVIGATION 0 0 0 0 286 0. 570986.7
91.49 3 WP_MOVED 1 358824.90625 4822110. 702.
91.70 3 DOWNLINK_STATUS 91 17036 1127 0 233. 15.
91.73 3 COMMANDS 17,1377,30,8,4837
91.73 3 NAVIGATION 0 0 0 0 286 0. 570986.7
91.73 3 ATTITUDE 0 0 0
91.73 3 GYRO_RATES -3 0 1 0.02618 0. -0.008727
91.73 3 FBW_STATUS 0 0 124
91.94 3 ESTIMATOR 700.580505 -0.033561 58.049999 -3.356106 59.939999
91.94 3 BAT 17 124 0 0 66 66 0
92.02 3 CALIBRATION -0.612 0.037 0.5 0
92.02 3 NAVIGATION 0 0 0 0 286 0. 570986.7
92.02 3 WP_MOVED 2 358071. 4822161. 0.
92.02 3 SERVO -708 2734 15
92.11 3 DESIRED 0.08 0. 0. 0. 700.005 -0.169
92.21 3 NAVIGATION 0 0 0 0 286 0. 570986.7
92.21 3 ATTITUDE 0 0 0
92.43 3 ESTIMATOR 700.580505 0.015417 58.049999 1.541708 58.409996
92.44 3 DL_VALUE 27 0.007
92.44 3 NAVIGATION 0 0 0 0 286 0. 570986.7
92.44 3 WP_MOVED 0 358113. 4822203. 702.
92.70 3 DOWNLINK_STATUS 92 17306 1145 0 270. 18.
92.72 3 COMMANDS 16,1377,30,10,-5689
92.72 3 NAVIGATION 0 0 0 0 286 0. 570986.7
92.72 3 ATTITUDE 0 0 0
92.72 3 GYRO_RATES -3 4 3 0.02618 0.034907 -0.02618
92.72 3 FBW_STATUS 0 0 124
92.72 3 ESTIMATOR 700.580505 -0.015444 58.049999 -1.544416 58.409996
92.92 3 NAVIGATION 0 0 0 0 286 0. 570986.7
92.94 3 WP_MOVED 1 358824.90625 4822110. 702.
93.00 3 DESIRED 0.08 0. 0. 0. 700.005 -0.177
93.10 3 NAVIGATION 0 0 0 0 286 0. 570986.7
93.10 3 ATTITUDE 0 0 0
93.20 3 ESTIMATOR 700.620972 0.087804 62.100002 8.780398 59.939999
93.34 3 DL_VALUE 28 0.042
93.34 3 NAVIGATION 0 0 0 0 286 0. 570986.7
93.39 3 WP_MOVED 2 358071. 4822161. 0.
93.63 3 COMMANDS 17,1377,30,8,-4616
93.64 3 NAVIGATION 0 0 0 0 286 0. 570986.7
93.64 3 ATTITUDE 0 0 0
93.64 3 GYRO_RATES -5 21 6 0.043633 0.18326 -0.05236
93.64 3 FBW_STATUS 0 0 124
93.70 3 DOWNLINK_STATUS 93 17603 1165 0 297. 20.
93.83 3 ESTIMATOR 700.823486 0.248751 82.349998 24.875111 73.980011
93.83 3 BAT 15 124 0 0 68 68 0
93.92 3 ACTUATORS 1430,1428,0,1200,1500,1701
93.92 3 CALIBRATION -0.632 0.037 0.5 0
93.92 3 NAVIGATION 0 0 0 0 286 0. 570986.7
93.92 3 WP_MOVED 0 358113. 4822203. 702.
93.92 3 SERVO -1834 2148 15
93.94 3 DESIRED 0.08 0. 0. 0. 700.005 -0.245
94.03 3 NAVIGATION 0 0 0 0 286 0. 570986.7
94.03 3 ATTITUDE 0 0 0
94.03 3 PPRZ_MODE 0 3 0 0 0 1 0
94.12 3 ESTIMATOR 700.620972 0.165861 62.100002 16.58609 79.020004
94.31 3 DL_VALUE 29 0.037
94.34 3 NAVIGATION 0 0 0 0 286 0. 570986.7
94.34 3 WP_MOVED 1 358824.90625 4822110. 702.
94.54 3 COMMANDS 15,1377,30,11,1361
94.54 3 NAVIGATION 0 0 0 0 286 0. 570986.7
94.54 3 ATTITUDE 0 0 0
94.54 3 GYRO_RATES -3 2 1 0.02618 0.017453 -0.008727
94.70 3 DOWNLINK_STATUS 94 17892 1184 0 289. 19.
94.83 3 FBW_STATUS 0 0 124
94.83 3 ESTIMATOR 700.999023 0.049167 99.900002 4.916673 83.250008
94.84 3 NAVIGATION 0 0 0 0 286 0. 570986.7
94.84 3 WP_MOVED 2 358071. 4822161. 0.
94.90 3 DESIRED 0.08 0. 0. 0. 700.005 -0.298
95.00 3 NAVIGATION 0 0 0 0 286 0. 570986.7
95.00 3 ATTITUDE 0 0 0
95.10 3 ESTIMATOR 700.836975 0.261522 83.700005 26.15221 93.690033
95.13 3 DL_VALUE 30 0.
95.32 3 NAVIGATION 0 0 0 0 286 0. 570986.7
95.37 3 WP_MOVED 0 358113. 4822203. 702.
95.65 3 COMMANDS 15,1375,27,10,3185
95.65 3 NAVIGATION 0 0 0 0 286 0. 570986.7
95.65 3 ATTITUDE 0 0 0
95.65 3 GYRO_RATES -2 0 1 0.017453 0. -0.008727
95.65 3 FBW_STATUS 0 0 124
95.65 3 ESTIMATOR 700.809998 -0.044388 81. -4.438777 94.590027
95.65 3 BAT 16 124 0 0 70 70 0
95.65 3 CALIBRATION -0.697 0.037 0.5 0
95.70 3 DOWNLINK_STATUS 95 18181 1203 0 289. 19.
95.82 3 NAVIGATION 0 0 0 0 286 0. 570986.7
95.84 3 WP_MOVED 1 358824.90625 4822110. 702.
95.84 3 SERVO -333 2734 15
95.84 3 DESIRED 0.08 0. 0. 0. 700.005 -0.25
95.90 3 NAVIGATION 0 0 0 0 286 0. 570986.7
95.90 3 ATTITUDE 0 0 0
96.00 3 ESTIMATOR 700.823486 -0.121581 82.349998 -12.158084 84.960022
96.12 3 DL_VALUE 31 0.
96.12 3 NAVIGATION 0 0 0 0 286 0. 570986.7
96.33 3 WP_MOVED 2 358071. 4822161. 0.
96.33 3 NAVIGATION_REF 358071 4822161 31
96.42 3 COMMANDS 16,1375,29,8,3142
96.42 3 NAVIGATION 0 0 0 0 286 0. 570986.7
96.42 3 ATTITUDE 0 0 0
96.42 3 GYRO_RATES -3 1 2 0.02618 0.008727 -0.017453
96.42 3 FBW_STATUS 0 0 124
96.50 3 ESTIMATOR 700.836975 0.000972 83.700005 0.097208 82.710007
96.60 3 NAVIGATION 0 0 0 0 286 0. 570986.7
96.70 3 DOWNLINK_STATUS 96 18451 1221 0 270. 18.
96.82 3 WP_MOVED 0 358113. 4822203. 702.
96.86 3 DESIRED 0.08 0. 0. 0. 700.005 -0.25
96.86 3 NAVIGATION 0 0 0 0 286 0. 570986.7
96.86 3 ATTITUDE 0 0 0
96.93 3 ESTIMATOR 700.823486 0.160056 82.349998 16.005621 84.87001
97.00 3 DL_VALUE 32 0.045
97.11 3 NAVIGATION 0 0 0 0 286 0. 570986.7
97.12 3 WP_MOVED 1 358824.90625 4822110. 702.
97.44 3 COMMANDS 17,1375,29,8,3796
97.44 3 NAVIGATION 0 0 0 0 286 0. 570986.7
97.44 3 ATTITUDE 0 0 0
97.44 3 GYRO_RATES -1 5 7 0.008727 0.043633 -0.061087
97.51 3 FBW_STATUS 0 0 124
97.51 3 ESTIMATOR 701.296021 0.382887 129.600006 38.288719 96.210014
97.51 3 BAT 15 124 0 0 72 72 0
97.52 3 CALIBRATION -0.812 0.037 0.5 0
97.52 3 NAVIGATION 0 0 0 0 286 0. 570986.7
97.60 3 WP_MOVED 2 358071. 4822161. 0.
97.60 3 SERVO -145 3321 15
97.70 3 DESIRED 0.08 0. 0. 0. 700.005 -0.399
97.70 3 DOWNLINK_STATUS 97 18762 1241 0 311. 20.
97.93 3 NAVIGATION 0 0 0 0 286 0. 570986.7
97.93 3 ATTITUDE 0 0 0
98.00 3 ESTIMATOR 700.823486 0.578502 82.349998 57.850182 121.860016
98.00 3 DL_VALUE 33 0.045
98.01 3 NAVIGATION 0 0 0 0 286 0. 570986.7
98.10 3 WP_MOVED 0 358113. 4822203. 702.
98.45 3 COMMANDS 16,1377,30,10,2100
98.45 3 NAVIGATION 0 0 0 0 286 0. 570986.7
98.45 3 ATTITUDE 0 0 0
98.45 3 GYRO_RATES 12 -19 -6 -0.10472 -0.165806 0.05236
98.45 3 FBW_STATUS 0 0 124
98.71 3 DOWNLINK_STATUS 98 18914 1252 0 152. 11.
98.86 3 ESTIMATOR 701.296021 2.010825 129.600006 201.082489 168.120026
98.86 3 ACTUATORS 1430,1427,0,1200,1500,1389
98.86 3 NAVIGATION 0 0 0 0 286 0. 570986.7
98.86 3 WP_MOVED 1 358824.90625 4822110. 702.
98.86 3 DESIRED 0.08 0. 0. 0. 700.005 -0.387
98.91 3 NAVIGATION 0 0 0 0 286 0. 570986.7
98.91 3 ATTITUDE 0 0 0
98.91 3 PPRZ_MODE 0 3 0 0 0 17 0
98.91 3 ESTIMATOR 701.026001 0.317925 102.599998 31.792492 163.350021
98.94 3 DL_VALUE 34 0.007
98.94 3 NAVIGATION 0 0 0 0 286 0. 570986.7
98.99 3 WP_MOVED 2 358071. 4822161. 0.
99.35 3 COMMANDS 16,1375,29,10,2144
99.35 3 NAVIGATION 0 0 0 0 286 0. 570986.7
99.35 3 ATTITUDE 0 0 0
99.35 3 GYRO_RATES -7 -9 -6 0.061087 -0.07854 0.05236
99.41 3 FBW_STATUS 0 0 124
99.41 3 ESTIMATOR 701.133972 -0.253368 113.400002 -25.336796 110.340042
99.41 3 BAT 17 124 0 0 74 74 0
99.43 3 CALIBRATION -1.065 0.037 0.5 0
99.43 3 NAVIGATION 0 0 0 0 286 0. 570986.7
99.50 3 WP_MOVED 0 358113. 4822203. 702.
99.50 3 SERVO 1167 1855 16
99.60 3 DESIRED 0.08 0. 0. 0. 700.005 -0.319
99.64 3 NAVIGATION 0 0 0 0 286 0. 570986.7
99.64 3 ATTITUDE 0 0 0
99.70 3 DOWNLINK_STATUS 99 19315 1278 0 401. 26.
99.80 3 ESTIMATOR 701.133972 -0.086697 113.400002 -8.669672 106.200043
99.81 3 DL_VALUE 35 0.119
99.90 3 NAVIGATION 0 0 0 0 286 0. 570986.7
99.92 3 WP_MOVED 1 358824.90625 4822110. 702.
100.34 3 COMMANDS 15,1375,29,10,2141
100.34 3 NAVIGATION 0 0 0 0 286 0. 570986.7
100.34 3 ATTITUDE 0 0 0
100.34 3 GYRO_RATES -3 -7 4 0.02618 -0.061087 -0.034907
100.41 3 FBW_STATUS 0 0 124
100.41 3 ESTIMATOR 701.147522 -0.129168 114.75 -12.916784 104.40007
100.41 3 NAVIGATION 0 0 0 0 286 0. 570986.7
100.41 3 WP_MOVED 2 358071. 4822161. 0.
100.50 3 DESIRED 0.08 0. 0. 0. 700.005 -0.306
100.60 3 NAVIGATION 0 0 0 0 286 0. 570986.7
100.60 3 ATTITUDE 0 0 0
100.71 3 DOWNLINK_STATUS 100 19548 1293 0 233. 15.
100.82 3 ESTIMATOR 701.255493 -0.074304 125.550003 -7.43042 106.65007
100.83 3 DL_VALUE 36 0.037
100.84 3 NAVIGATION 0 0 0 0 286 0. 570986.7
100.90 3 WP_MOVED 0 358113. 4822203. 702.
101.12 3 COMMANDS 15,1375,29,10,2144
101.12 3 NAVIGATION 0 0 0 0 286 0. 570986.7
101.12 3 ATTITUDE 0 0 0
101.12 3 GYRO_RATES 1 -37 -13 -0.008727 -0.322886 0.113446
101.12 3 FBW_STATUS 0 0 124
101.33 3 ESTIMATOR 701.026001 -0.028053 102.599998 -2.80529 106.830063
101.33 3 BAT 16 124 0 0 76 76 0
101.42 3 CALIBRATION -1.11 0.037 0.5 0
101.42 3 NAVIGATION 0 0 0 0 286 0. 570986.7
101.43 3 WP_MOVED 1 358824.90625 4822110. 702.
101.43 3 SERVO 5107 9600 16
101.43 3 DESIRED 0.08 0. 0. 0. 700.005 -0.367
101.51 3 NAVIGATION 0 0 0 0 286 0. 570986.7
101.52 3 ATTITUDE 0 0 0
101.62 3 ESTIMATOR 701.363525 0.629937 136.350006 62.99366 122.670059
101.71 3 DOWNLINK_STATUS 101 19840 1312 0 292. 19.
101.82 3 DL_VALUE 37 0.
101.84 3 NAVIGATION 0 0 0 0 286 0. 570986.7
101.84 3 WP_MOVED 2 358071. 4822161. 0.
102.04 3 COMMANDS 16,1377,30,10,2144
102.04 3 NAVIGATION 0 0 0 0 286 0. 570986.7
102.04 3 ATTITUDE 0 0 0
102.05 3 GYRO_RATES -10 -16 -11 0.087266 -0.139626 0.095993
102.10 3 FBW_STATUS 0 0 124
102.10 3 ESTIMATOR 701.41748 -0.034047 141.75 -3.404675 142.02005
102.32 3 NAVIGATION 0 0 0 0 286 0. 570986.7
102.33 3 WP_MOVED 0 358113. 4822203. 702.
102.40 3 DESIRED 0.08 0. 0. 0. 700.005 -0.452
102.51 3 NAVIGATION 0 0 0 0 286 0. 570986.7
102.51 3 ATTITUDE 0 0 0
102.60 3 ESTIMATOR 701.579529 0.088722 157.949997 8.872223 148.680038
102.62 3 DL_VALUE 38 0.
102.71 3 DOWNLINK_STATUS 102 20080 1328 0 240. 16.
102.92 3 NAVIGATION 0 0 0 0 286 0. 570986.7
103.15 3 WP_MOVED 1 358824.90625 4822110. 702.
103.15 3 COMMANDS 15,1375,29,10,2144
103.15 3 NAVIGATION 0 0 0 0 286 0. 570986.7
103.15 3 ATTITUDE 0 0 0
103.15 3 GYRO_RATES 19 5 7 -0.165806 0.043633 -0.061087
103.15 3 FBW_STATUS 0 0 124
103.15 3 ESTIMATOR 701.633484 0.118665 163.350006 11.866479 158.850067
103.22 3 ACTUATORS 1430,1427,0,1200,1500,1389
103.25 3 CALIBRATION -1.232 0.037 0.5 0
103.25 3 NAVIGATION 0 0 0 0 286 0. 570986.7
103.25 3 WP_MOVED 2 358071. 4822161. 0.
103.25 3 SERVO -2209 1855 15
103.43 3 DESIRED 0.08 0. 0. 0. 700.005 -0.497
103.44 3 NAVIGATION 0 0 0 0 286 0. 570986.7
103.44 3 ATTITUDE 0 0 0
103.44 3 PPRZ_MODE 0 3 0 0 0 17 0
103.50 3 ESTIMATOR 701.700989 0.031887 170.100006 3.188705 164.700089
103.61 3 DL_VALUE 39 0.045
103.61 3 NAVIGATION 0 0 0 0 286 0. 570986.7
103.71 3 WP_MOVED 0 358113. 4822203. 702.
103.73 3 DOWNLINK_STATUS 103 20393 1349 0 313. 21.
104.04 3 COMMANDS 16,1374,29,10,2144
104.04 3 NAVIGATION 0 0 0 0 286 0. 570986.7
104.04 3 ATTITUDE 0 0 0
104.04 3 GYRO_RATES 7 -37 11 -0.061087 -0.322886 -0.095993
104.10 3 FBW_STATUS 0 0 124
104.10 3 ESTIMATOR 702.078979 0.717255 207.900009 71.725533 186.66008
104.11 3 NAVIGATION 0 0 0 0 286 0. 570986.7
104.13 3 WP_MOVED 1 358824.90625 4822110. 702.
104.30 3 DESIRED 0.08 0. 0. 0. 700.005 -0.643
104.34 3 NAVIGATION 0 0 0 0 286 0. 570986.7
104.34 3 ATTITUDE 0 0 0
104.53 3 ESTIMATOR 702.119507 0.034587 211.949997 3.458691 213.480072
104.64 3 DL_VALUE 40 0.045
104.64 3 NAVIGATION 0 0 0 0 286 0. 570986.7
104.64 3 WP_MOVED 2 358071. 4822161. 0.
104.64 3 NAVIGATION_REF 358071 4822161 31
104.72 3 DOWNLINK_STATUS 104 20637 1365 0 244. 16.
104.85 3 COMMANDS 15,1375,29,10,2144
104.85 3 NAVIGATION 0 0 0 0 286 0. 570986.7
104.85 3 ATTITUDE 0 0 0
104.85 3 GYRO_RATES -8 -3 -1 0.069813 -0.02618 0.008727
105.03 3 FBW_STATUS 0 0 124
105.03 3 ESTIMATOR 702.119507 0.084915 211.949997 8.491516 215.820114
105.03 3 BAT 16 124 0 0 80 80 0
105.04 3 CALIBRATION -1.546 0.037 0.5 0
105.04 3 NAVIGATION 0 0 0 0 286 0. 570986.7
105.10 3 WP_MOVED 0 358113. 4822203. 702.
105.10 3 SERVO -708 -1076 16
105.21 3 DESIRED 0.08 0. 0. 0. 700.005 -0.655
105.31 3 NAVIGATION 0 0 0 0 286 0. 570986.7
105.31 3 ATTITUDE 0 0 0
105.52 3 ESTIMATOR 702.213989 -0.07992 221.400009 -7.991962 214.65007
105.61 3 DL_VALUE 0 700.0047
105.61 3 NAVIGATION 0 0 0 0 286 0. 570986.7
105.61 3 WP_MOVED 1 358824.90625 4822110. 702.
105.72 3 DOWNLINK_STATUS 105 20907 1383 0 270. 18.
105.82 3 COMMANDS 16,1375,29,10,2142
105.82 3 NAVIGATION 0 0 0 0 286 0. 570986.7
105.82 3 ATTITUDE 0 0 0
105.82 3 GYRO_RATES -63 -4 12 0.549779 -0.034907 -0.10472
105.82 3 FBW_STATUS 0 0 124
105.83 3 ESTIMATOR 701.539001 -1.145448 153.900009 -114.544769 173.790054
106.14 3 NAVIGATION 0 0 0 0 286 0. 570986.7
106.14 3 WP_MOVED 2 358071. 4822161. 0.
106.14 3 DESIRED 0.08 0. 0. 0. 700.005 -0.646
106.21 3 NAVIGATION 0 0 0 0 286 0. 570986.7
106.24 3 ATTITUDE 0 0 0
106.32 3 ESTIMATOR 702.038513 -1.051488 203.850006 -105.148758 161.010056
106.40 3 DL_VALUE 1 1.
106.42 3 NAVIGATION 0 0 0 0 286 0. 570986.7
106.62 3 WP_MOVED 0 358113. 4822203. 702.
106.73 3 DOWNLINK_STATUS 106 21140 1398 0 233. 15.
106.73 3 COMMANDS 16,1375,30,8,2142
106.73 3 NAVIGATION 0 0 0 0 286 0. 570986.7
106.73 3 ATTITUDE 0 0 0
106.73 3 GYRO_RATES -10 -4 2 0.087266 -0.034907 -0.017453
106.73 3 FBW_STATUS 0 0 124
106.80 3 ESTIMATOR 702.2005 1.045089 220.050003 104.508904 188.460052
106.80 3 BAT 15 124 0 0 82 82 0
106.90 3 CALIBRATION -1.824 0.037 0.5 0
106.90 3 NAVIGATION 0 0 0 0 286 0. 570986.7
107.12 3 WP_MOVED 1 358824.90625 4822110. 702.
107.13 3 SERVO 41 2441 16
107.22 3 DESIRED 0.08 0. 0. 0. 700.005 -0.663
107.22 3 NAVIGATION 0 0 0 0 286 0. 570986.7
107.22 3 ATTITUDE 0 0 0
107.30 3 ESTIMATOR 702.187012 0.010719 218.699997 1.071892 217.080048
107.31 3 DL_VALUE 2 0.
107.40 3 NAVIGATION 0 0 0 0 286 0. 570986.7
107.43 3 WP_MOVED 2 358071. 4822161. 0.
107.72 3 DOWNLINK_STATUS 107 21410 1416 0 270. 18.
107.85 3 COMMANDS 15,1375,29,10,2144
107.85 3 NAVIGATION 0 0 0 0 286 0. 570986.7
107.85 3 ATTITUDE 0 0 0
107.85 3 GYRO_RATES 0 2 1 -0. 0.017453 -0.008727
107.92 3 FBW_STATUS 0 0 124
107.92 3 ESTIMATOR 702.187012 0.038556 218.699997 3.855619 219.060059
107.92 3 ACTUATORS 1430,1427,0,1200,1500,1389
107.92 3 NAVIGATION 0 0 0 0 286 0. 570986.7
107.92 3 WP_MOVED 0 358113. 4822203. 702.
108.00 3 DESIRED 0.08 0. 0. 0. 700.005 -0.663
108.10 3 NAVIGATION 0 0 0 0 286 0. 570986.7
108.10 3 ATTITUDE 0 0 0
108.10 3 PPRZ_MODE 0 3 0 0 0 17 0
108.32 3 ESTIMATOR 702.092529 0.050085 209.25 5.008488 217.800079
108.34 3 DL_VALUE 3 0.
108.34 3 NAVIGATION 0 0 0 0 286 0. 570986.7
108.39 3 WP_MOVED 1 358824.90625 4822110. 702.
108.62 3 COMMANDS 16,1375,29,8,2142
108.62 3 NAVIGATION 0 0 0 0 286 0. 570986.7
108.62 3 ATTITUDE 0 0 0
108.62 3 GYRO_RATES -3 -5 6 0.02618 -0.043633 -0.05236
108.62 3 FBW_STATUS 0 0 124
108.72 3 DOWNLINK_STATUS 108 21731 1438 0 321. 22.
108.83 3 ESTIMATOR 702.227478 -0.105057 222.75 -10.505705 215.910049
108.83 3 BAT 15 124 0 0 84 84 0
108.92 3 CALIBRATION -2.049 0.037 0.5 0
108.92 3 NAVIGATION 0 0 0 0 286 0. 570986.7
108.92 3 WP_MOVED 2 358071. 4822161. 0.
108.92 3 SERVO -1458 9185 16
108.93 3 DESIRED 0.08 0. 0. 0. 700.005 -0.667
109.02 3 NAVIGATION 0 0 0 0 286 0. 570986.7
109.02 3 ATTITUDE 0 0 0
109.11 3 ESTIMATOR 702.106018 0.063666 210.600006 6.366596 216.450089
109.32 3 DL_VALUE 4 0.
109.35 3 NAVIGATION 0 0 0 0 286 0. 570986.7
109.35 3 WP_MOVED 0 358113. 4822203. 702.
109.54 3 COMMANDS 15,1375,29,10,2144
109.54 3 NAVIGATION 0 0 0 0 286 0. 570986.7
109.54 3 ATTITUDE 0 0 0
109.54 3 GYRO_RATES -6 6 -16 0.05236 0.05236 0.139626
109.61 3 FBW_STATUS 0 0 124
109.61 3 ESTIMATOR 700.836975 -1.481463 83.700005 -148.146286 167.580093
109.72 3 DOWNLINK_STATUS 109 22023 1457 0 292. 19.
109.84 3 NAVIGATION 0 0 0 0 286 0. 570986.7
109.84 3 WP_MOVED 1 358824.90625 4822110. 702.
109.90 3 DESIRED 0.08 0. 0. 0. 700.005 -0.246
110.00 3 NAVIGATION 0 0 0 0 286 0. 570986.7
110.00 3 ATTITUDE 0 0 0
110.11 3 ESTIMATOR 700.688477 -0.109944 68.849998 -10.994379 87.84008
110.12 3 DL_VALUE 5 0.
110.32 3 NAVIGATION 0 0 0 0 286 0. 570986.7
110.34 3 WP_MOVED 2 358071. 4822161. 0.
110.64 3 COMMANDS 15,1375,29,10,2144
110.64 3 NAVIGATION 0 0 0 0 286 0. 570986.7
110.64 3 ATTITUDE 0 0 0
110.64 3 GYRO_RATES 2 11 -3 -0.017453 0.095993 0.02618
110.64 3 FBW_STATUS 0 0 124
110.64 3 ESTIMATOR 700.702026 -0.195723 70.200005 -19.572308 72.270081
110.64 3 BAT 16 124 0 0 86 86 0
110.65 3 CALIBRATION -1.789 0.037 0.5 0
110.73 3 DOWNLINK_STATUS 110 22285 1474 0 262. 17.
110.82 3 NAVIGATION 0 0 0 0 286 0. 570986.7
110.85 3 WP_MOVED 0 358113. 4822203. 702.
110.85 3 SERVO -896 2441 15
110.85 3 DESIRED 0.08 0. 0. 0. 700.005 -0.213
110.90 3 NAVIGATION 0 0 0 0 286 0. 570986.7
110.90 3 ATTITUDE 0 0 0
111.00 3 ESTIMATOR 700.661499 -0.053082 66.150002 -5.308218 65.430077
111.23 3 DL_VALUE 6 0.
111.23 3 NAVIGATION 0 0 0 0 286 0. 570986.7
111.23 3 WP_MOVED 1 358824.90625 4822110. 702.
111.43 3 COMMANDS 15,1377,29,10,2142
111.43 3 NAVIGATION 0 0 0 0 286 0. 570986.7
111.43 3 ATTITUDE 0 0 0
111.43 3 GYRO_RATES 23 6 9 -0.200713 0.05236 -0.07854
111.43 3 FBW_STATUS 0 0 124
111.50 3 ESTIMATOR 701.255493 0.787941 125.550003 78.794121 88.200081
111.73 3 NAVIGATION 0 0 0 0 286 0. 570986.7
111.73 3 DOWNLINK_STATUS 111 22544 1491 0 259. 17.
111.81 3 WP_MOVED 2 358071. 4822161. 0.
111.81 3 DESIRED 0.08 0. 0. 0. 700.005 -0.375
111.83 3 NAVIGATION 0 0 0 0 286 0. 570986.7
111.83 3 ATTITUDE 0 0 0
111.93 3 ESTIMATOR 700.634521 1.069578 63.450001 106.957817 105.210083
112.00 3 DL_VALUE 7 0.
112.22 3 NAVIGATION 0 0 0 0 286 0. 570986.7
112.24 3 WP_MOVED 0 358113. 4822203. 702.
112.35 3 COMMANDS 15,1375,27,10,2141
112.35 3 NAVIGATION 0 0 0 0 286 0. 570986.7
112.36 3 ATTITUDE 0 0 0
112.36 3 GYRO_RATES -2 3 17 0.017453 0.02618 -0.148353
112.42 3 FBW_STATUS 0 0 124
112.42 3 ESTIMATOR 700.634521 -0.798606 63.450001 -79.860588 80.010109
112.42 3 BAT 15 124 0 0 88 88 0
112.54 3 ACTUATORS 1430,1427,0,1200,1500,1389
112.54 3 CALIBRATION -1.27 0.037 0.5 0
112.54 3 NAVIGATION 0 0 0 0 286 0. 570986.7
112.73 3 WP_MOVED 1 358824.90625 4822110. 702.
112.73 3 SERVO 229 3028 15
112.74 3 DOWNLINK_STATUS 112 22844 1511 0 300. 20.
112.82 3 DESIRED 0.08 0. 0. 0. 700.005 -0.189
112.82 3 NAVIGATION 0 0 0 0 286 0. 570986.7
112.82 3 ATTITUDE 0 0 0
112.82 3 PPRZ_MODE 0 3 0 0 0 17 0
112.90 3 ESTIMATOR 700.634521 -0. 63.450001 -5e-06 63.450111
112.99 3 DL_VALUE 8 0.
113.01 3 NAVIGATION 0 0 0 0 286 0. 570986.7
113.23 3 WP_MOVED 2 358071. 4822161. 0.
113.23 3 NAVIGATION_REF 358071 4822161 31
113.32 3 COMMANDS 16,1374,29,8,2142
113.32 3 NAVIGATION 0 0 0 0 286 0. 570986.7
113.32 3 ATTITUDE 0 0 0
113.32 3 GYRO_RATES -9 36 22 0.07854 0.314159 -0.191986
113.32 3 FBW_STATUS 0 0 124
113.34 3 ESTIMATOR 700.634521 -0. 63.450001 -5e-06 63.450111
113.52 3 NAVIGATION 0 0 0 0 286 0. 570986.7
113.52 3 WP_MOVED 0 358113. 4822203. 702.
113.72 3 DESIRED 0.08 0. 0. 0. 700.005 -0.189
113.74 3 NAVIGATION 0 0 0 0 286 0. 570986.7
113.74 3 ATTITUDE 0 0 0
113.74 3 DOWNLINK_STATUS 113 23149 1531 0 305. 20.
113.80 3 ESTIMATOR 700.499512 -0.103221 49.950001 -10.322111 59.850113
113.89 3 DL_VALUE 9 515.
113.92 3 NAVIGATION 0 0 0 0 286 0. 570986.7
113.99 3 WP_MOVED 1 358824.90625 4822110. 702.
114.35 3 COMMANDS 16,1375,29,8,2144
114.35 3 NAVIGATION 0 0 0 0 286 0. 570986.7
114.35 3 ATTITUDE 0 0 0
114.35 3 GYRO_RATES -1 -2 -6 0.008727 -0.017453 0.05236
114.43 3 FBW_STATUS 0 0 124
114.43 3 ESTIMATOR 700.27002 -0.034668 27. -3.466796 48.060131
114.43 3 BAT 16 124 0 0 90 90 0
114.43 3 CALIBRATION -0.695 0.037 0.5 0
114.43 3 NAVIGATION 0 0 0 0 286 0. 570986.7
114.50 3 WP_MOVED 2 358071. 4822161. 0.
114.50 3 SERVO 1730 5373 16
114.60 3 DESIRED 0.08 0. 0. 0. 700.005 -0.088
114.64 3 NAVIGATION 0 0 0 0 286 0. 570986.7
114.64 3 ATTITUDE 0 0 0
114.74 3 DOWNLINK_STATUS 114 23419 1549 0 270. 18.
114.93 3 ESTIMATOR 700.283508 -0.219024 28.35 -21.902397 33.300121
114.94 3 DL_VALUE 10 480.
114.94 3 NAVIGATION 0 0 0 0 286 0. 570986.7
114.95 3 WP_MOVED 0 358113. 4822203. 702.
115.23 3 COMMANDS 15,1375,29,10,2144
115.23 3 NAVIGATION 0 0 0 0 286 0. 570986.7
115.23 3 ATTITUDE 0 0 0
115.23 3 GYRO_RATES -9 6 2 0.07854 0.05236 -0.017453
115.23 3 FBW_STATUS 0 0 124
115.25 3 ESTIMATOR 700.27002 0.02214 27. 2.214004 29.07012
115.42 3 NAVIGATION 0 0 0 0 286 0. 570986.7
115.43 3 WP_MOVED 1 358824.90625 4822110. 702.
115.50 3 DESIRED 0.08 0. 0. 0. 700.005 -0.08
115.60 3 NAVIGATION 0 0 0 0 286 0. 570986.7
115.60 3 ATTITUDE 0 0 0
115.71 3 ESTIMATOR 700.283508 0.021195 28.35 2.119502 28.620119
115.74 3 DOWNLINK_STATUS 115 23674 1565 0 255. 16.
115.93 3 DL_VALUE 11 470.
115.93 3 NAVIGATION 0 0 0 0 286 0. 570986.7
115.94 3 WP_MOVED 2 358071. 4822161. 0.
116.12 3 COMMANDS 15,1375,29,8,2144
116.12 3 NAVIGATION 0 0 0 0 286 0. 570986.7
116.12 3 ATTITUDE 0 0 0
116.12 3 GYRO_RATES -9 14 40 0.07854 0.122173 -0.349066
116.12 3 FBW_STATUS 0 0 124
116.21 3 ESTIMATOR 700.323975 -0.017388 32.400002 -1.738807 29.520121
116.21 3 BAT 15 124 0 0 92 92 0
116.23 3 CALIBRATION -0.499 0.037 0.5 0
116.43 3 NAVIGATION 0 0 0 0 286 0. 570986.7
116.45 3 WP_MOVED 0 358113. 4822203. 702.
116.45 3 SERVO -2021 3028 15
116.45 3 DESIRED 0.08 0. 0. 0. 700.005 -0.096
116.52 3 NAVIGATION 0 0 0 0 286 0. 570986.7
116.52 3 ATTITUDE 0 0 0
116.62 3 ESTIMATOR 700.242981 0.017415 24.300001 1.741495 28.980124
116.70 3 DL_VALUE 12 1.35
116.74 3 NAVIGATION 0 0 0 0 286 0. 570986.7
116.74 3 DOWNLINK_STATUS 116 23969 1585 0 295. 20.
116.92 3 WP_MOVED 1 358824.90625 4822110. 702.
117.05 3 COMMANDS 16,1375,29,10,2141
117.05 3 NAVIGATION 0 0 0 0 286 0. 570986.7
117.05 3 ATTITUDE 0 0 0
117.05 3 GYRO_RATES -3 1 1 0.02618 0.008727 -0.008727
117.10 3 FBW_STATUS 0 0 124
117.10 3 ESTIMATOR 700.242981 -0.076167 24.300001 -7.616699 25.830135
117.22 3 ACTUATORS 1430,1427,0,1200,1500,1389
117.22 3 NAVIGATION 0 0 0 0 286 0. 570986.7
117.42 3 WP_MOVED 2 358071. 4822161. 0.
117.53 3 DESIRED 0.08 0. 0. 0. 700.004 -0.071
117.53 3 NAVIGATION 0 0 0 0 286 0. 570986.7
117.53 3 ATTITUDE 0 0 0
117.53 3 PPRZ_MODE 0 3 0 0 0 17 0
117.61 3 ESTIMATOR 700.242981 0. 24.300001 2e-06 24.30014
117.62 3 DL_VALUE 13 0.
117.71 3 NAVIGATION 0 0 0 0 286 0. 570986.7
117.73 3 WP_MOVED 0 358113. 4822203. 702.
117.74 3 DOWNLINK_STATUS 117 24241 1603 0 272. 18.
118.16 3 COMMANDS 16,1375,30,8,2142
118.16 3 NAVIGATION 0 0 0 0 286 0. 570986.7
118.16 3 ATTITUDE 0 0 0
118.16 3 GYRO_RATES -2 2 1 0.017453 0.017453 -0.008727
118.16 3 FBW_STATUS 0 0 124
118.16 3 ESTIMATOR 700.242981 0. 24.300001 2e-06 24.30014
118.16 3 BAT 16 124 0 0 94 94 0
118.21 3 CALIBRATION -0.316 0.037 0.5 0
118.24 3 NAVIGATION 0 0 0 0 286 0. 570986.7
118.24 3 WP_MOVED 1 358824.90625 4822110. 702.
118.25 3 SERVO -333 3028 17
118.31 3 DESIRED 0.08 0. 0. 0. 700.005 -0.071
118.40 3 NAVIGATION 0 0 0 0 286 0. 570986.7
118.40 3 ATTITUDE 0 0 0
118.62 3 ESTIMATOR 700.242981 0. 24.300001 2e-06 24.30014
118.64 3 DL_VALUE 14 0.
118.64 3 NAVIGATION 0 0 0 0 286 0. 570986.7
118.72 3 WP_MOVED 2 358071. 4822161. 0.
118.74 3 DOWNLINK_STATUS 118 24511 1621 0 270. 18.
118.92 3 COMMANDS 17,1375,30,8,2142
118.92 3 NAVIGATION 0 0 0 0 286 0. 570986.7
118.92 3 ATTITUDE 0 0 0
118.92 3 GYRO_RATES -3 1 1 0.02618 0.008727 -0.008727
118.92 3 FBW_STATUS 0 0 124
119.12 3 ESTIMATOR 700.242981 0. 24.300001 2e-06 24.30014
119.23 3 NAVIGATION 0 0 0 0 286 0. 570986.7
119.23 3 WP_MOVED 0 358113. 4822203. 702.
119.30 3 DESIRED 0.08 0. 0. 0. 700.005 -0.071
119.33 3 NAVIGATION 0 0 0 0 286 0. 570986.7
119.33 3 ATTITUDE 0 0 0
119.43 3 ESTIMATOR 700.242981 0. 24.300001 2e-06 24.30014
119.62 3 DL_VALUE 15 0.75
119.64 3 NAVIGATION 0 0 0 0 286 0. 570986.7
119.64 3 WP_MOVED 1 358824.90625 4822110. 702.
119.74 3 DOWNLINK_STATUS 119 24744 1636 0 233. 15.
119.87 3 COMMANDS 15,1375,29,10,2142
119.87 3 NAVIGATION 0 0 0 0 286 0. 570986.7
119.87 3 ATTITUDE 0 0 0
119.87 3 GYRO_RATES -1 1 1 0.008727 0.008727 -0.008727
119.92 3 FBW_STATUS 0 0 124
119.92 3 ESTIMATOR 700.283508 0.02997 28.35 2.997001 25.650135
119.92 3 BAT 15 124 0 0 96 96 0
120.13 3 CALIBRATION -0.254 0.037 0.5 0
120.13 3 NAVIGATION 0 0 0 0 286 0. 570986.7
120.15 3 WP_MOVED 2 358071. 4822161. 0.
120.15 3 SERVO -145 2148 16
120.21 3 DESIRED 0.08 0. 0. 0. 700.005 -0.067
120.30 3 NAVIGATION 0 0 0 0 286 0. 570986.7
120.30 3 ATTITUDE 0 0 0
120.40 3 ESTIMATOR 700.27002 -0.079056 27. -7.905602 25.920128
120.75 3 DOWNLINK_STATUS 120 24974 1651 0 230. 15.
121.75 3 DOWNLINK_STATUS 121 24974 1651 0 0. 0.
122.75 3 DOWNLINK_STATUS 122 24974 1651 0 0. 0.
123.76 3 DOWNLINK_STATUS 123 24974 1651 0 0. 0.
124.78 3 DOWNLINK_STATUS 124 24974 1651 0 0. 0.
125.79 3 DOWNLINK_STATUS 125 24974 1651 0 0. 0.
126.79 3 DOWNLINK_STATUS 126 24974 1651 0 0. 0.
127.79 3 DOWNLINK_STATUS 127 24974 1651 0 0. 0.
128.79 3 DOWNLINK_STATUS 128 24974 1651 0 0. 0.
129.79 3 DOWNLINK_STATUS 129 24974 1651 0 0. 0.
130.78 3 DOWNLINK_STATUS 130 24974 1651 0 0. 0.
131.78 3 DOWNLINK_STATUS 131 24974 1651 0 0. 0.
132.78 3 DOWNLINK_STATUS 132 24974 1651 0 0. 0.
133.78 3 DOWNLINK_STATUS 133 24974 1651 0 0. 0.
134.78 3 DOWNLINK_STATUS 134 24974 1651 0 0. 0.
