7.06 44 ESTIMATOR 0. 0. 0. 0. 0.
7.06 44 GPS 0 55796776 339502164 0 6163 0 0 68634251 16 0
7.06 44 COMMANDS 171,-20,-40,-1084
7.06 44 NAVIGATION 0 1 0 0 38 0. 15504.7
7.06 44 ATTITUDE 0 0 -31
7.06 44 DL_VALUE 13 428.
7.06 44 FBW_STATUS 0 0 121
7.06 44 RAD_OF_IR 7 0 0.00152
7.06 44 GPS 0 55796776 339502164 0 6163 0 0 68634499 16 0
7.06 44 IR_SENSORS -944 7 1
7.06 44 NAVIGATION 0 1 0 0 38 0. 15504.7
7.06 44 DOWNLINK_STATUS 6 1973 125 0 335. 21.
7.06 44 WP_MOVED 3 558278.6875 3395353.75 108.599998
7.06 44 GYRO_RATES -111 -156 -156 0.968658 -1.361357 -1.361357
7.06 44 ESTIMATOR 0. 0. 0. 0. 0.
7.06 44 BAT 171 121 0 0 55 0 0
7.06 44 GPS 0 55796776 339502164 0 6163 0 0 68634751 16 0
7.06 44 NAVIGATION 0 1 0 0 38 0. 15504.7
7.07 44 ATTITUDE 0 0 -32
7.07 44 CALIBRATION 0. 0.023 0.067 0
7.07 44 CALIB_CONTRAST 1246
7.10 44 DESIRED 0. -0. 0. 0. 88.6 0.
7.11 44 IR_DEBUG 680 670 680 670
7.11 44 GPS 0 55796776 339502164 0 6163 0 0 68634999 16 0
7.11 44 NAVIGATION 0 1 0 0 38 0. 15504.7
7.11 44 WP_MOVED 4 558482.125 3395565.25 108.599998
7.15 44 ESTIMATOR 0. 0. 0. 0. 0.
7.27 44 COMMANDS 172,-21,-40,-1086
7.27 44 NAVIGATION 0 1 0 0 38 0. 15504.7
7.27 44 GPS 0 55796776 339502164 0 6163 0 0 68635251 16 0
7.27 44 ATTITUDE 0 0 -32
7.27 44 DL_VALUE 14 474.
7.27 44 FBW_STATUS 0 0 121
7.27 44 RAD_OF_IR 7 0 0.00152
7.48 44 IR_SENSORS -944 7 1
7.48 44 NAVIGATION 0 1 0 0 38 0. 15504.7
7.58 44 GPS 0 55796776 339502164 0 6163 0 0 68635499 16 0
7.58 44 WP_MOVED 5 558054.375 3395696.75 108.599998
7.58 44 GYRO_RATES -110 -156 -156 0.959931 -1.361357 -1.361357
7.59 44 ESTIMATOR 0. 0. 0. 0. 0.
7.66 44 NAVIGATION 0 1 0 0 38 0. 15504.7
7.66 44 ATTITUDE 0 0 -32
7.66 44 DOWNLINK_STATUS 7 2456 155 0 483. 30.
7.67 44 GPS 0 55796776 339502164 0 6163 0 0 68635751 16 0
7.67 44 CALIB_CONTRAST 1246
7.93 44 DESIRED 0. -0. 0. 0. 88.6 0.
8.02 44 NAVIGATION 0 1 0 0 38 0. 15504.7
8.02 44 GPS 0 55796776 339502164 0 6163 0 0 68635999 16 0
8.02 44 WP_MOVED 6 558109.8125 3395598. 108.599998
8.03 44 ESTIMATOR 0. 0. 0. 0. 0.
8.11 44 COMMANDS 171,-20,-42,-1086
8.11 44 NAVIGATION 0 1 0 0 38 0. 15504.7
8.11 44 ATTITUDE 0 0 -32
8.11 44 DL_VALUE 15 473.
8.34 44 GPS 0 55796776 339502164 0 6163 0 0 68636251 16 0
8.34 44 FBW_STATUS 0 0 121
8.34 44 RAD_OF_IR 7 0 0.00152
8.44 44 IR_SENSORS -944 7 1
8.44 44 NAVIGATION 0 1 0 0 38 0. 15504.7
8.44 44 WP_MOVED 7 558053.6875 3395564.5 108.599998
8.44 44 GYRO_RATES -110 -155 -155 0.959931 -1.35263 -1.35263
8.44 44 GPS 0 55796776 339502164 0 6163 0 0 68636499 16 0
8.51 44 ESTIMATOR 0. 0. 0. 0. 0.
8.51 44 BAT 171 121 0 0 57 0 0
8.66 44 DOWNLINK_STATUS 8 2805 176 0 349. 21.
8.74 44 NAVIGATION 0 1 0 0 38 0. 15504.7
8.74 44 ATTITUDE 0 0 -32
8.74 44 CALIBRATION 0. 0.023 0.067 0
8.86 44 GPS 0 55796776 339502164 0 6163 0 0 68636751 16 0
8.86 44 CALIB_CONTRAST 1246
8.86 44 SERVO 9600 -9600 170
8.86 44 DESIRED 0. -0. 0. 0. 88.6 0.
8.86 44 IR_DEBUG 680 670 680 670
8.86 44 NAVIGATION 0 1 0 0 38 0. 15504.7
8.86 44 WP_MOVED 8 558182.3125 3395238.5 108.599998
8.93 44 GPS 0 55796776 339502164 0 6163 0 0 68636999 16 0
8.93 44 ESTIMATOR 0. 0. 0. 0. 0.
9.16 44 COMMANDS 171,-21,-42,-1084
9.17 44 NAVIGATION 0 1 0 0 38 0. 15504.7
9.17 44 ATTITUDE 0 0 -32
9.17 44 DL_VALUE 16 12500.
9.24 44 FBW_STATUS 0 0 121
9.24 44 RAD_OF_IR 7 0 0.00152
9.24 44 GPS 0 55796776 339502164 0 6163 0 0 68637251 16 0
9.60 44 IR_SENSORS -944 7 1
9.60 44 NAVIGATION 0 1 0 0 38 0. 15504.7
9.60 44 WP_MOVED 9 558192.3125 3395238.5 108.599998
9.60 44 GYRO_RATES -111 -156 -155 0.968658 -1.361357 -1.35263
9.60 44 GPS 0 55796776 339502164 0 6163 0 0 68637499 16 0
9.60 44 ESTIMATOR 0. 0. 0. 0. 0.
9.64 44 NAVIGATION 0 1 0 0 38 0. 15504.7
9.64 44 ATTITUDE 0 0 -32
9.64 44 CALIB_CONTRAST 1246
9.64 44 GPS 0 55796776 339502164 0 6163 0 0 68637751 16 0
9.66 44 DOWNLINK_STATUS 9 3256 205 0 451. 29.
9.73 44 DESIRED 0. -0. 0. 0. 88.6 0.
9.76 44 NAVIGATION 0 1 0 0 38 0. 15504.7
9.76 44 WP_MOVED 10 558102. 3395038. 0.
10.03 44 ESTIMATOR 0. 0. 0. 0. 0.
10.03 44 GPS 0 55796776 339502164 0 6163 0 0 68637999 16 0
10.11 44 COMMANDS 172,4,-39,-1061
10.15 44 NAVIGATION 0 1 0 0 38 0. 15504.7
10.15 44 ATTITUDE 0 0 -32
10.15 44 DL_VALUE 17 16250.
10.15 44 FBW_STATUS 0 0 121
10.15 44 RAD_OF_IR 6 0 0.00152
10.22 44 ACTUATORS 1501,1498,0,1214,1445
10.22 44 GPS 0 55796776 339502164 0 6163 0 0 68638251 16 0
10.22 44 IR_SENSORS -944 6 1
10.22 44 NAVIGATION 0 1 0 0 38 0. 15504.7
10.52 44 WP_MOVED 0 558144. 3395080. 108.599998
10.52 44 GYRO_RATES -110 -155 -155 0.959931 -1.35263 -1.35263
10.64 44 ESTIMATOR 0. 0. 0. 0. 0.
10.64 44 BAT 172 121 0 0 59 0 0
10.64 44 GPS 0 55796776 339502164 0 6163 0 0 68638499 16 0
10.64 44 NAVIGATION 0 1 0 0 38 0. 15504.7
10.64 44 ATTITUDE 0 0 -31
10.64 44 CALIBRATION 0. 0.023 0.067 0
10.64 44 CALIB_CONTRAST 1246
10.66 44 DOWNLINK_STATUS 10 3632 229 0 376. 24.
10.97 44 DESIRED 0. -0. 0. 0. 88.6 0.
10.97 44 IR_DEBUG 680 670 680 670
10.97 44 GPS 0 55796776 339502164 0 6163 0 0 68638751 16 0
10.98 44 NAVIGATION 0 1 0 0 38 0. 15504.7
10.98 44 WP_MOVED 1 558226.5 3395040. 108.599998
10.98 44 PPRZ_MODE 0 0 3 0 0 1 0
11.05 44 ESTIMATOR 0. 0. 0. 0. 0.
11.05 44 COMMANDS 172,-21,-40,-1086
11.05 44 NAVIGATION 0 1 0 0 38 0. 15504.7
11.05 44 GPS 0 55796776 339502164 0 6163 0 0 68638999 16 0
11.05 44 ATTITUDE 0 0 -31
11.05 44 DL_VALUE 18 15000.
11.05 44 FBW_STATUS 0 0 121
11.05 44 RAD_OF_IR 7 0 0.00152
11.48 44 IR_SENSORS -944 7 1
11.52 44 NAVIGATION 0 1 0 0 38 0. 15504.7
11.52 44 GPS 0 55796776 339502164 0 6163 0 0 68639251 16 0
11.52 44 WP_MOVED 2 558360.375 3395193.25 108.599998
11.52 44 GYRO_RATES -110 -155 -155 0.959931 -1.35263 -1.35263
11.52 44 ESTIMATOR 0. 0. 0. 0. 0.
11.66 44 DOWNLINK_STATUS 11 3955 249 0 323. 20.
11.85 44 ATTITUDE 0 0 -32
11.85 44 GPS 0 55796776 339502164 0 6163 0 0 68639499 16 0
11.85 44 CALIB_CONTRAST 1246
12.28 44 GYRO_RATES -111 -156 -156 0.968658 -1.361357 -1.361357
12.28 44 GPS 0 55796776 339502164 0 6163 0 0 68640251 16 0
12.28 44 ESTIMATOR 0. 0. 0. 0. 0.
12.28 44 BAT 170 121 0 0 61 0 0
12.66 44 DOWNLINK_STATUS 12 4077 256 0 122. 7.
12.68 44 CALIBRATION 0. 0.023 0.067 0
12.68 44 GPS 0 55796776 339502164 0 6163 0 0 68640499 16 0
12.68 44 CALIB_CONTRAST 1246
12.68 44 SERVO 9600 -9600 171
12.68 44 DESIRED 0. -0. 0. 0. 88.6 0.
12.68 44 IR_DEBUG 680 669 680 669
12.68 44 NAVIGATION 0 1 0 0 38 0. 15504.7
13.05 44 GPS 0 55796776 339502164 0 6163 0 0 68640751 16 0
13.05 44 ESTIMATOR 0. 0. 0. 0. 0.
13.48 44 GPS 0 55796776 339502164 0 6163 0 0 68641499 16 0
13.52 44 DESIRED 0. -0. 0. 0. 88.6 0.
13.52 44 NAVIGATION 0 1 0 0 38 0. 15504.7
13.52 44 IR_SENSORS -944 7 1
13.66 44 DOWNLINK_STATUS 13 4313 269 0 236. 13.
13.88 44 COMMANDS 171,-21,-40,-1086
13.88 44 NAVIGATION 0 1 0 0 38 0. 15504.7
13.88 44 ATTITUDE 0 0 -31
13.88 44 DL_VALUE 21 22500.
13.88 44 FBW_STATUS 0 0 121
13.88 44 RAD_OF_IR 7 0 0.00152
13.88 44 NAVIGATION_REF 558102 3395038 16
13.88 44 ATTITUDE 0 0 -32
14.28 44 IR_SENSORS -944 7 1
14.28 44 NAVIGATION 0 1 0 0 38 0. 15504.7
14.28 44 WP_MOVED 8 558182.3125 3395238.5 108.599998
14.28 44 GYRO_RATES -110 -156 -156 0.959931 -1.361357 -1.361357
14.28 44 ESTIMATOR 0. 0. 0. 0. 0.
14.28 44 BAT 171 121 0 0 63 0 0
14.66 44 NAVIGATION 0 1 0 0 38 0. 15504.7
14.66 44 ATTITUDE 0 0 -32
14.66 44 CALIBRATION 0. 0.023 0.067 0
14.66 44 CALIB_CONTRAST 1246
14.66 44 SERVO 9600 -9600 171
14.66 44 DOWNLINK_STATUS 14 4541 288 0 228. 19.
15.10 44 GPS 0 55796776 339502164 0 6163 0 0 68642999 16 0
15.10 44 WP_MOVED 10 558102. 3395038. 0.
15.10 44 GYRO_RATES -111 -156 -156 0.968658 -1.361357 -1.361357
15.10 44 ESTIMATOR 0. 0. 0. 0. 0.
15.48 44 ATTITUDE 0 0 -32
15.48 44 GPS 0 55796776 339502164 0 6163 0 0 68643251 16 0
15.48 44 CALIB_CONTRAST 1246
15.48 44 DESIRED 0. -0. 0. 0. 88.6 0.
15.48 44 NAVIGATION 0 1 0 0 38 0. 15504.7
15.48 44 GPS 0 55796776 339502164 0 6163 0 0 68643499 16 0
15.66 44 DOWNLINK_STATUS 15 4735 298 0 194. 10.
15.85 44 PPRZ_MODE 0 0 3 0 0 1 0
15.85 44 ESTIMATOR 0. 0. 0. 0. 0.
16.28 44 ATTITUDE 0 0 -32
16.28 44 CALIBRATION 0. 0.023 0.067 0
16.28 44 CALIB_CONTRAST 1246
16.28 44 SERVO 9600 -9600 171
16.28 44 GPS 0 55796776 339502164 0 6163 0 0 68644251 16 0
16.28 44 DESIRED 0. -0. 0. 0. 88.6 0.
16.28 44 IR_DEBUG 680 670 680 670
16.66 44 DOWNLINK_STATUS 16 4864 307 0 129. 9.
16.68 44 WP_MOVED 2 558360.375 3395193.25 108.599998
16.68 44 GPS 0 55796776 339502164 0 6163 0 0 68644499 16 0
16.68 44 ESTIMATOR 0. 0. 0. 0. 0.
16.68 44 COMMANDS 169,-20,-42,-1086
16.68 44 NAVIGATION 0 1 0 0 38 0. 15504.7
16.68 44 ATTITUDE 0 0 -32
16.68 44 DL_VALUE 24 10150.
17.05 44 FBW_STATUS 0 0 121
17.05 44 RAD_OF_IR 7 0 0.00152
17.05 44 GPS 0 55796776 339502164 0 6163 0 0 68644751 16 0
17.48 44 GPS 0 55796776 339502164 0 6163 0 0 68645499 16 0
17.52 44 COMMANDS 171,-21,-42,-1084
17.52 44 NAVIGATION 0 1 0 0 38 0. 15504.7
17.52 44 ESTIMATOR 0. 0. 0. 0. 0.
17.66 44 DOWNLINK_STATUS 17 5092 321 0 228. 14.
17.89 44 IR_SENSORS -943 7 1
17.89 44 NAVIGATION 0 1 0 0 38 0. 15504.7
17.89 44 WP_MOVED 5 558054.375 3395696.75 108.599998
17.89 44 GYRO_RATES -110 -155 -155 0.959931 -1.35263 -1.35263
17.89 44 ESTIMATOR 0. 0. 0. 0. 0.
18.28 44 GPS 0 55796776 339502164 0 6163 0 0 68645999 16 0
18.28 44 NAVIGATION 0 1 0 0 38 0. 15504.7
18.28 44 ATTITUDE 0 0 -31
18.28 44 CALIBRATION 0. 0.023 0.067 0
18.66 44 DOWNLINK_STATUS 18 5243 330 0 151. 9.
18.70 44 NAVIGATION 0 1 0 0 38 0. 15504.7
18.70 44 GPS 0 55796776 339502164 0 6163 0 0 68646751 16 0
18.70 44 WP_MOVED 7 558053.6875 3395564.5 108.599998
18.70 44 NAVIGATION 0 1 0 0 38 0. 15504.7
18.70 44 WP_MOVED 6 558109.8125 3395598. 108.599998
19.66 44 DOWNLINK_STATUS 19 5336 335 0 93. 5.
20.66 44 DOWNLINK_STATUS 20 5336 335 0 0. 0.
21.01 44 NAVIGATION 0 1 0 0 38 0. 15504.7
21.01 44 IR_SENSORS -944 7 1
21.02 44 NAVIGATION 0 1 0 0 38 0. 15504.7
21.02 44 WP_MOVED 0 558144. 3395080. 108.599998
21.02 44 GYRO_RATES -110 -156 -155 0.959931 -1.361357 -1.35263
21.11 44 ESTIMATOR 0. 0. 0. 0. 0.
21.11 44 NAVIGATION 0 1 0 0 38 0. 15504.7
21.11 44 ATTITUDE 0 0 -32
21.11 44 CALIB_CONTRAST 1246
21.11 44 GPS 0 55796776 339502164 0 6163 0 0 68648999 16 0
21.11 44 NAVIGATION 0 1 0 0 38 0. 15504.7
21.11 44 WP_MOVED 1 558226.5 3395040. 108.599998
21.49 44 ESTIMATOR 0. 0. 0. 0. 0.
21.49 44 GPS 0 55796776 339502164 0 6163 0 0 68649251 16 0
21.49 44 COMMANDS 170,-18,-42,-1086
21.49 44 NAVIGATION 0 1 0 0 38 0. 15504.7
21.49 44 ATTITUDE 0 0 -31
21.49 44 DL_VALUE 29 0.42
21.49 44 FBW_STATUS 0 0 121
21.49 44 RAD_OF_IR 7 0 0.00152
21.66 44 DOWNLINK_STATUS 21 5635 355 0 299. 20.
21.80 44 IR_SENSORS -944 7 1
21.80 44 NAVIGATION 0 1 0 0 38 0. 15504.7
21.80 44 WP_MOVED 2 558360.375 3395193.25 108.599998
21.80 44 GYRO_RATES -110 -156 -156 0.959931 -1.361357 -1.361357
21.89 44 ESTIMATOR 0. 0. 0. 0. 0.
21.89 44 BAT 171 121 0 0 71 0 1
21.89 44 GPS 0 55796776 339502164 0 6163 0 0 68649751 16 0
21.89 44 NAVIGATION 0 1 0 0 38 0. 15504.7
21.89 44 ATTITUDE 0 0 -32
21.89 44 CALIBRATION 0. 0.023 0.067 0
21.89 44 CALIB_CONTRAST 1246
22.21 44 DESIRED 0. -0. 0. 0. 88.6 0.
22.21 44 IR_DEBUG 680 669 680 669
22.21 44 GPS 0 55796776 339502164 0 6163 0 0 68649999 16 0
22.21 44 NAVIGATION 0 1 0 0 38 0. 15504.7
22.21 44 WP_MOVED 3 558278.6875 3395353.75 108.599998
22.28 44 ESTIMATOR 0. 0. 0. 0. 0.
22.28 44 COMMANDS 171,3,-42,-1061
22.28 44 NAVIGATION 0 1 0 0 38 0. 15504.7
22.28 44 GPS 0 55796776 339502164 0 6163 0 0 68650251 16 0
22.28 44 ATTITUDE 0 0 -31
22.28 44 DL_VALUE 30 0.
22.28 44 FBW_STATUS 0 0 121
22.28 44 RAD_OF_IR 7 0 0.00152
22.28 44 NAVIGATION_REF 558102 3395038 16
22.58 44 IR_SENSORS -944 7 1
22.58 44 NAVIGATION 0 1 0 0 38 0. 15504.7
22.66 44 DOWNLINK_STATUS 22 6045 382 0 410. 27.
22.70 44 GPS 0 55796776 339502164 0 6163 0 0 68650499 16 0
22.70 44 WP_MOVED 4 558482.125 3395565.25 108.599998
22.70 44 GYRO_RATES -111 -156 -155 0.968658 -1.361357 -1.35263
22.70 44 ESTIMATOR 0. 0. 0. 0. 0.
22.70 44 NAVIGATION 0 1 0 0 38 0. 15504.7
22.70 44 ATTITUDE 0 0 -32
22.70 44 GPS 0 55796776 339502164 0 6163 0 0 68650751 16 0
23.12 44 CALIB_CONTRAST 1246
23.12 44 DESIRED 0. -0. 0. 0. 88.6 0.
23.12 44 NAVIGATION 0 1 0 0 38 0. 15504.7
23.12 44 GPS 0 55796776 339502164 0 6163 0 0 68650999 16 0
23.12 44 WP_MOVED 5 558054.375 3395696.75 108.599998
23.12 44 ESTIMATOR 0. 0. 0. 0. 0.
23.13 44 COMMANDS 170,-20,-40,-1084
23.13 44 NAVIGATION 0 1 0 0 38 0. 15504.7
23.13 44 ATTITUDE 0 0 -32
23.13 44 DL_VALUE 31 0.023
23.40 44 GPS 0 55796776 339502164 0 6163 0 0 68651251 16 0
23.40 44 FBW_STATUS 0 0 121
23.40 44 RAD_OF_IR 7 0 0.00152
23.50 44 IR_SENSORS -944 7 1
23.50 44 NAVIGATION 0 1 0 0 38 0. 15504.7
23.50 44 WP_MOVED 6 558109.8125 3395598. 108.599998
23.50 44 GYRO_RATES -110 -155 -155 0.959931 -1.35263 -1.35263
23.50 44 GPS 0 55796776 339502164 0 6163 0 0 68651499 16 0
23.50 44 ESTIMATOR 0. 0. 0. 0. 0.
23.50 44 BAT 172 121 0 0 73 0 1
23.66 44 DOWNLINK_STATUS 23 6504 409 0 459. 27.
23.80 44 NAVIGATION 0 1 0 0 38 0. 15504.7
23.80 44 ATTITUDE 0 0 -32
23.80 44 CALIBRATION 0. 0.023 0.067 0
23.91 44 GPS 0 55796776 339502164 0 6163 0 0 68651751 16 0
23.91 44 CALIB_CONTRAST 1246
23.91 44 SERVO 9600 -9600 170
23.91 44 DESIRED 0. -0. 0. 0. 88.6 0.
23.91 44 IR_DEBUG 680 669 680 669
23.91 44 NAVIGATION 0 1 0 0 38 0. 15504.7
23.91 44 WP_MOVED 7 558053.6875 3395564.5 108.599998
24.19 44 ESTIMATOR 0. 0. 0. 0. 0.
24.31 44 COMMANDS 171,-18,-40,-1086
24.31 44 NAVIGATION 0 1 0 0 38 0. 15504.7
24.31 44 ATTITUDE 0 0 -32
24.31 44 DL_VALUE 32 0.001
24.31 44 FBW_STATUS 0 0 121
24.31 44 RAD_OF_IR 7 0 0.00152
24.31 44 GPS 0 55796776 339502164 0 6163 0 0 68652251 16 0
24.31 44 ACTUATORS 1503,1499,0,1214,1444
24.31 44 IR_SENSORS -944 7 1
24.61 44 NAVIGATION 0 1 0 0 38 0. 15504.7
24.61 44 WP_MOVED 8 558182.3125 3395238.5 108.599998
24.61 44 GYRO_RATES -110 -155 -155 0.959931 -1.35263 -1.35263
24.66 44 DOWNLINK_STATUS 24 6835 432 0 331. 23.
24.69 44 GPS 0 55796776 339502164 0 6163 0 0 68652499 16 0
24.69 44 ESTIMATOR 0. 0. 0. 0. 0.
24.69 44 NAVIGATION 0 1 0 0 38 0. 15504.7
24.69 44 ATTITUDE 0 0 -32
24.69 44 CALIB_CONTRAST 1246
24.72 44 GPS 0 55796776 339502164 0 6163 0 0 68652751 16 0
24.72 44 DESIRED 0. -0. 0. 0. 88.6 0.
24.72 44 NAVIGATION 0 1 0 0 38 0. 15504.7
25.00 44 WP_MOVED 9 558192.3125 3395238.5 108.599998
25.00 44 PPRZ_MODE 0 0 3 0 0 1 0
25.11 44 ESTIMATOR 0. 0. 0. 0. 0.
25.12 44 GPS 0 55796776 339502164 0 6163 0 0 68652999 16 0
25.12 44 COMMANDS 171,-20,-40,-1086
25.12 44 NAVIGATION 0 1 0 0 38 0. 15504.7
25.12 44 ATTITUDE 0 0 -32
25.12 44 DL_VALUE 33 0.01
25.12 44 FBW_STATUS 0 0 121
25.12 44 RAD_OF_IR 7 0 0.00152
25.41 44 GPS 0 55796776 339502164 0 6163 0 0 68653251 16 0
25.41 44 IR_SENSORS -943 7 1
25.42 44 NAVIGATION 0 1 0 0 38 0. 15504.7
25.52 44 WP_MOVED 10 558102. 3395038. 0.
25.52 44 GYRO_RATES -110 -155 -156 0.959931 -1.35263 -1.361357
25.52 44 ESTIMATOR 0. 0. 0. 0. 0.
25.52 44 BAT 171 121 0 0 75 0 1
25.52 44 GPS 0 55796776 339502164 0 6163 0 0 68653499 16 0
25.52 44 NAVIGATION 0 1 0 0 38 0. 15504.7
25.52 44 ATTITUDE 0 0 -31
25.53 44 CALIBRATION 0. 0.023 0.067 0
25.53 44 CALIB_CONTRAST 1246
25.53 44 SERVO 9600 -9600 172
25.66 44 DOWNLINK_STATUS 25 7321 463 0 486. 31.
25.85 44 DESIRED 0. -0. 0. 0. 88.6 0.
25.85 44 IR_DEBUG 680 669 680 669
25.85 44 NAVIGATION 0 1 0 0 38 0. 15504.7
25.85 44 GPS 0 55796776 339502164 0 6163 0 0 68653751 16 0
25.85 44 WP_MOVED 0 558144. 3395080. 108.599998
25.90 44 ESTIMATOR 0. 0. 0. 0. 0.
26.02 44 COMMANDS 171,3,-42,-1062
26.02 44 NAVIGATION 0 1 0 0 38 0. 15504.7
26.02 44 GPS 0 55796776 339502164 0 6163 0 0 68653999 16 0
26.02 44 ATTITUDE 0 0 -32
26.02 44 DL_VALUE 34 1.
26.02 44 FBW_STATUS 0 0 121
26.02 44 RAD_OF_IR 7 0 0.00152
26.23 44 IR_SENSORS -944 7 1
26.23 44 NAVIGATION 0 1 0 0 38 0. 15504.7
26.33 44 GPS 0 55796776 339502164 0 6163 0 0 68654251 16 0
26.33 44 WP_MOVED 1 558226.5 3395040. 108.599998
26.33 44 GYRO_RATES -110 -155 -155 0.959931 -1.35263 -1.35263
26.33 44 ESTIMATOR 0. 0. 0. 0. 0.
26.41 44 NAVIGATION 0 1 0 0 38 0. 15504.7
26.41 44 ATTITUDE 0 0 -31
26.42 44 GPS 0 55796776 339502164 0 6163 0 0 68654499 16 0
26.42 44 CALIB_CONTRAST 1246
26.66 44 DOWNLINK_STATUS 26 7692 486 0 371. 23.
26.68 44 DESIRED 0. -0. 0. 0. 88.6 0.
26.77 44 NAVIGATION 0 1 0 0 38 0. 15504.7
26.77 44 GPS 0 55796776 339502164 0 6163 0 0 68654751 16 0
26.77 44 WP_MOVED 2 558360.375 3395193.25 108.599998
26.77 44 ESTIMATOR 0. 0. 0. 0. 0.
27.11 44 COMMANDS 170,-20,-42,-1086
27.11 44 NAVIGATION 0 1 0 0 38 0. 15504.7
27.11 44 ATTITUDE 0 0 -32
27.11 44 DL_VALUE 35 0.
27.11 44 GPS 0 55796776 339502164 0 6163 0 0 68654999 16 0
27.11 44 FBW_STATUS 0 0 121
27.19 44 RAD_OF_IR 7 0 0.00152
27.19 44 IR_SENSORS -944 7 1
27.19 44 NAVIGATION 0 1 0 0 38 0. 15504.7
27.19 44 WP_MOVED 3 558278.6875 3395353.75 108.599998
27.19 44 GYRO_RATES -110 -156 -155 0.959931 -1.361357 -1.35263
27.19 44 GPS 0 55796776 339502164 0 6163 0 0 68655251 16 0
27.26 44 ESTIMATOR 0. 0. 0. 0. 0.
27.26 44 BAT 171 121 0 0 77 1 1
27.49 44 NAVIGATION 0 1 0 0 38 0. 15504.7
27.49 44 ATTITUDE 0 0 -32
27.49 44 CALIBRATION 0. 0.023 0.067 0
27.63 44 GPS 0 55796776 339502164 0 6163 0 0 68655499 16 0
27.63 44 CALIB_CONTRAST 1246
27.63 44 SERVO 9600 -9600 171
27.63 44 DESIRED 0. -0. 0. 0. 88.6 0.
27.63 44 IR_DEBUG 680 670 680 670
27.63 44 NAVIGATION 0 1 0 0 38 0. 15504.7
27.63 44 WP_MOVED 4 558482.125 3395565.25 108.599998
27.66 44 DOWNLINK_STATUS 27 8159 515 0 467. 29.
27.68 44 GPS 0 55796776 339502164 0 6163 0 0 68655751 16 0
27.68 44 ESTIMATOR 0. 0. 0. 0. 0.
27.91 44 COMMANDS 172,1,-40,-1061
27.91 44 NAVIGATION 0 1 0 0 38 0. 15504.7
27.91 44 ATTITUDE 0 0 -32
27.91 44 DL_VALUE 36 0.
27.99 44 FBW_STATUS 0 0 121
27.99 44 RAD_OF_IR 7 0 0.00152
27.99 44 GPS 0 55796776 339502164 0 6163 0 0 68655999 16 0
28.00 44 IR_SENSORS -944 7 1
28.00 44 NAVIGATION 0 1 0 0 38 0. 15504.7
28.09 44 WP_MOVED 5 558054.375 3395696.75 108.599998
28.09 44 GYRO_RATES -111 -156 -156 0.968658 -1.361357 -1.361357
28.31 44 GPS 0 55796776 339502164 0 6163 0 0 68656251 16 0
28.31 44 ESTIMATOR 0. 0. 0. 0. 0.
28.40 44 NAVIGATION 0 1 0 0 38 0. 15504.7
28.40 44 ATTITUDE 0 0 -32
28.40 44 CALIB_CONTRAST 1246
28.66 44 DOWNLINK_STATUS 28 8434 533 0 275. 18.
28.82 44 NAVIGATION 0 1 0 0 38 0. 15504.7
28.82 44 WP_MOVED 6 558109.8125 3395598. 108.599998
28.82 44 ESTIMATOR 0. 0. 0. 0. 0.
28.82 44 GPS 0 55796776 339502164 0 6163 0 0 68656751 16 0
28.83 44 COMMANDS 171,-20,-40,-1084
28.83 44 NAVIGATION 0 1 0 0 38 0. 15504.7
28.83 44 DL_VALUE 37 0.1
28.83 44 FBW_STATUS 0 0 121
28.83 44 RAD_OF_IR 7 0 0.00152
29.66 44 DOWNLINK_STATUS 29 8567 542 0 133. 9.
30.66 44 DOWNLINK_STATUS 30 8567 542 0 0. 0.
31.22 44 ESTIMATOR 0. 0. 0. 0. 0.
31.22 44 BAT 171 121 0 0 81 1 1
31.33 44 NAVIGATION 0 1 0 0 38 0. 15504.7
31.33 44 ATTITUDE 0 0 -31
31.33 44 CALIBRATION 0. 0.023 0.067 0
31.33 44 GPS 0 55796776 339502164 0 6163 0 0 68659251 16 0
31.33 44 CALIB_CONTRAST 1246
31.33 44 SERVO 9600 -9600 171
31.33 44 DESIRED 0. -0. 0. 0. 88.6 0.
31.33 44 NAVIGATION 0 1 0 0 38 0. 15504.7
31.33 44 WP_MOVED 1 558226.5 3395040. 108.599998
31.63 44 GPS 0 55796776 339502164 0 6163 0 0 68659499 16 0
31.66 44 DOWNLINK_STATUS 31 8769 554 0 202. 12.
31.74 44 ESTIMATOR 0. 0. 0. 0. 0.
31.74 44 COMMANDS 171,-18,-40,-1086
31.74 44 NAVIGATION 0 1 0 0 38 0. 15504.7
31.74 44 ATTITUDE 0 0 -32
31.74 44 DL_VALUE 40 1.
31.74 44 FBW_STATUS 0 0 121
31.74 44 RAD_OF_IR 7 0 0.00152
31.74 44 GPS 0 55796776 339502164 0 6163 0 0 68659751 16 0
31.74 44 IR_SENSORS -944 7 1
31.74 44 NAVIGATION 0 1 0 0 38 0. 15504.7
32.04 44 WP_MOVED 2 558360.375 3395193.25 108.599998
32.04 44 GYRO_RATES -110 -156 -155 0.959931 -1.361357 -1.35263
32.15 44 GPS 0 55796776 339502164 0 6163 0 0 68659999 16 0
32.18 44 ESTIMATOR 0. 0. 0. 0. 0.
32.18 44 NAVIGATION 0 1 0 0 38 0. 15504.7
32.18 44 ATTITUDE 0 0 -31
32.18 44 CALIB_CONTRAST 1246
32.18 44 GPS 0 55796776 339502164 0 6163 0 0 68660251 16 0
32.45 44 DESIRED 0. -0. 0. 0. 88.6 0.
32.45 44 NAVIGATION 0 1 0 0 38 0. 15504.7
32.56 44 WP_MOVED 3 558278.6875 3395353.75 108.599998
32.56 44 ESTIMATOR 0. 0. 0. 0. 0.
32.56 44 GPS 0 55796776 339502164 0 6163 0 0 68660499 16 0
32.56 44 COMMANDS 171,-20,-40,-1086
32.56 44 NAVIGATION 0 1 0 0 38 0. 15504.7
32.56 44 ATTITUDE 0 0 -32
32.56 44 DL_VALUE 41 0.
32.56 44 RAD_OF_IR 7 0 0.00152
32.66 44 DOWNLINK_STATUS 32 9206 582 0 437. 28.
32.86 44 GPS 0 55796776 339502164 0 6163 0 0 68660751 16 0
32.86 44 IR_SENSORS -943 7 1
32.97 44 NAVIGATION 0 1 0 0 38 0. 15504.7
32.97 44 WP_MOVED 4 558482.125 3395565.25 108.599998
32.97 44 GYRO_RATES -110 -155 -155 0.959931 -1.35263 -1.35263
32.97 44 ESTIMATOR 0. 0. 0. 0. 0.
32.97 44 BAT 170 121 0 0 83 1 1
32.97 44 GPS 0 55796776 339502164 0 6163 0 0 68660999 16 0
32.98 44 NAVIGATION 0 1 0 0 38 0. 15504.7
32.98 44 ATTITUDE 0 0 -31
32.98 44 CALIBRATION 0. 0.023 0.067 0
33.25 44 CALIB_CONTRAST 1246
33.25 44 SERVO 9600 -9600 171
33.36 44 DESIRED 0. -0. 0. 0. 88.6 0.
33.36 44 IR_DEBUG 680 669 680 669
33.36 44 GPS 0 55796776 339502164 0 6163 0 0 68661251 16 0
33.36 44 NAVIGATION 0 1 0 0 38 0. 15504.7
33.36 44 WP_MOVED 5 558054.375 3395696.75 108.599998
33.66 44 DOWNLINK_STATUS 33 9506 600 0 300. 18.
33.69 44 ESTIMATOR 0. 0. 0. 0. 0.
33.69 44 COMMANDS 171,-20,-42,-1084
33.69 44 NAVIGATION 0 1 0 0 38 0. 15504.7
33.69 44 GPS 0 55796776 339502164 0 6163 0 0 68661499 16 0
33.69 44 ATTITUDE 0 0 -32
33.69 44 DL_VALUE 0 88.599998
33.78 44 FBW_STATUS 0 0 121
33.78 44 RAD_OF_IR 7 0 0.00152
33.78 44 ACTUATORS 1503,1499,0,1214,1444
33.78 44 IR_SENSORS -943 7 1
33.78 44 NAVIGATION 0 1 0 0 38 0. 15504.7
33.78 44 GPS 0 55796776 339502164 0 6163 0 0 68661751 16 0
33.78 44 WP_MOVED 6 558109.8125 3395598. 108.599998
33.78 44 ESTIMATOR 0. 0. 0. 0. 0.
34.09 44 NAVIGATION 0 1 0 0 38 0. 15504.7
34.09 44 ATTITUDE 0 0 -31
34.18 44 GPS 0 55796776 339502164 0 6163 0 0 68661999 16 0
34.18 44 CALIB_CONTRAST 1246
34.18 44 DESIRED 0. -0. 0. 0. 88.6 0.
34.18 44 NAVIGATION 0 1 0 0 38 0. 15504.7
34.19 44 GPS 0 55796776 339502164 0 6163 0 0 68662251 16 0
34.19 44 WP_MOVED 7 558053.6875 3395564.5 108.599998
34.19 44 PPRZ_MODE 0 0 3 0 0 1 0
34.47 44 ESTIMATOR 0. 0. 0. 0. 0.
34.60 44 COMMANDS 170,-20,-42,-1084
34.60 44 NAVIGATION 0 1 0 0 38 0. 15504.7
34.60 44 ATTITUDE 0 0 -32
34.60 44 DL_VALUE 1 1.
34.60 44 GPS 0 55796776 339502164 0 6163 0 0 68662499 16 0
34.60 44 FBW_STATUS 0 0 121
34.60 44 RAD_OF_IR 7 0 0.00152
34.60 44 IR_SENSORS -944 7 1
34.60 44 NAVIGATION 0 1 0 0 38 0. 15504.7
34.66 44 DOWNLINK_STATUS 34 10003 633 0 497. 33.
34.90 44 WP_MOVED 8 558182.3125 3395238.5 108.599998
34.90 44 GYRO_RATES -110 -156 -155 0.959931 -1.361357 -1.35263
34.90 44 GPS 0 55796776 339502164 0 6163 0 0 68662751 16 0
35.00 44 ESTIMATOR 0. 0. 0. 0. 0.
35.00 44 BAT 170 121 0 0 84 0 1
35.00 44 NAVIGATION 0 1 0 0 38 0. 15504.7
35.00 44 ATTITUDE 0 0 -32
35.00 44 CALIBRATION 0. 0.023 0.067 0
35.00 44 GPS 0 55796776 339502164 0 6163 0 0 68662999 16 0
35.00 44 CALIB_CONTRAST 1246
35.32 44 DESIRED 0. -0. 0. 0. 88.6 0.
35.32 44 IR_DEBUG 680 670 680 670
35.32 44 NAVIGATION 0 1 0 0 38 0. 15504.7
35.32 44 WP_MOVED 9 558192.3125 3395238.5 108.599998
35.40 44 GPS 0 55796776 339502164 0 6163 0 0 68663251 16 0
35.40 44 ESTIMATOR 0. 0. 0. 0. 0.
35.40 44 COMMANDS 170,-20,-42,-1086
35.40 44 NAVIGATION 0 1 0 0 38 0. 15504.7
35.40 44 ATTITUDE 0 0 -32
35.40 44 DL_VALUE 2 0.
35.41 44 FBW_STATUS 0 0 121
35.41 44 RAD_OF_IR 7 0 0.00152
35.41 44 GPS 0 55796776 339502164 0 6163 0 0 68663499 16 0
35.66 44 DOWNLINK_STATUS 35 10377 656 0 374. 23.
35.70 44 IR_SENSORS -944 7 1
35.70 44 NAVIGATION 0 1 0 0 38 0. 15504.7
35.82 44 WP_MOVED 10 558102. 3395038. 0.
35.82 44 GYRO_RATES -111 -156 -155 0.968658 -1.361357 -1.35263
35.82 44 GPS 0 55796776 339502164 0 6163 0 0 68663751 16 0
35.82 44 ESTIMATOR 0. 0. 0. 0. 0.
35.82 44 NAVIGATION 0 1 0 0 38 0. 15504.7
35.82 44 ATTITUDE 0 0 -32
36.22 44 CALIB_CONTRAST 1246
36.22 44 GPS 0 55796776 339502164 0 6163 0 0 68663999 16 0
36.22 44 DESIRED 0. -0. 0. 0. 88.6 0.
36.22 44 NAVIGATION 0 1 0 0 38 0. 15504.7
36.23 44 WP_MOVED 0 558144. 3395080. 108.599998
36.23 44 ESTIMATOR 0. 0. 0. 0. 0.
36.53 44 COMMANDS 171,3,-42,-1061
36.53 44 NAVIGATION 0 1 0 0 38 0. 15504.7
36.53 44 ATTITUDE 0 0 -32
36.53 44 DL_VALUE 3 0.
36.63 44 FBW_STATUS 0 0 121
36.63 44 RAD_OF_IR 7 0 0.00152
36.64 44 GPS 0 55796776 339502164 0 6163 0 0 68664499 16 0
36.64 44 IR_SENSORS -943 7 1
36.64 44 NAVIGATION 0 1 0 0 38 0. 15504.7
36.64 44 WP_MOVED 1 558226.5 3395040. 108.599998
36.64 44 GYRO_RATES -110 -156 -155 0.959931 -1.361357 -1.35263
36.64 44 ESTIMATOR 0. 0. 0. 0. 0.
36.64 44 BAT 172 121 0 0 86 0 1
36.66 44 DOWNLINK_STATUS 36 10808 683 0 431. 27.
36.93 44 GPS 0 55796776 339502164 0 6163 0 0 68664751 16 0
36.93 44 NAVIGATION 0 1 0 0 38 0. 15504.7
36.93 44 ATTITUDE 0 0 -32
36.93 44 CALIBRATION 0. 0.023 0.067 0
37.03 44 CALIB_CONTRAST 1246
37.03 44 SERVO 9600 -9600 171
37.03 44 DESIRED 0. -0. 0. 0. 88.6 0.
37.03 44 IR_DEBUG 679 669 679 669
37.03 44 GPS 0 55796776 339502164 0 6163 0 0 68664999 16 0
37.03 44 NAVIGATION 0 1 0 0 38 0. 15504.7
37.03 44 WP_MOVED 2 558360.375 3395193.25 108.599998
37.31 44 ESTIMATOR 0. 0. 0. 0. 0.
37.42 44 COMMANDS 171,-20,-40,-1086
37.42 44 NAVIGATION 0 1 0 0 38 0. 15504.7
37.42 44 GPS 0 55796776 339502164 0 6163 0 0 68665251 16 0
37.42 44 ATTITUDE 0 0 -31
37.42 44 DL_VALUE 4 0.
37.42 44 FBW_STATUS 0 0 121
37.42 44 RAD_OF_IR 7 0 0.00152
37.42 44 IR_SENSORS -944 7 1
37.66 44 DOWNLINK_STATUS 37 11100 703 0 292. 20.
37.74 44 NAVIGATION 0 1 0 0 38 0. 15504.7
37.74 44 GPS 0 55796776 339502164 0 6163 0 0 68665499 16 0
37.74 44 WP_MOVED 3 558278.6875 3395353.75 108.599998
37.74 44 GYRO_RATES -110 -156 -156 0.959931 -1.361357 -1.361357
37.81 44 ESTIMATOR 0. 0. 0. 0. 0.
37.81 44 NAVIGATION 0 1 0 0 38 0. 15504.7
37.81 44 ATTITUDE 0 0 -31
37.81 44 GPS 0 55796776 339502164 0 6163 0 0 68665751 16 0
37.81 44 CALIB_CONTRAST 1246
37.83 44 DESIRED 0. -0. 0. 0. 88.6 0.
37.83 44 NAVIGATION 0 1 0 0 38 0. 15504.7
38.13 44 GPS 0 55796776 339502164 0 6163 0 0 68665999 16 0
38.13 44 WP_MOVED 4 558482.125 3395565.25 108.599998
38.24 44 ESTIMATOR 0. 0. 0. 0. 0.
38.24 44 COMMANDS 172,-18,-40,-1086
38.24 44 NAVIGATION 0 1 0 0 38 0. 15504.7
38.24 44 ATTITUDE 0 0 -31
38.24 44 DL_VALUE 5 0.
38.24 44 GPS 0 55796776 339502164 0 6163 0 0 68666251 16 0
38.24 44 SVINFO 10 23 4 3 23 -1 293
38.24 44 FBW_STATUS 0 0 121
38.53 44 ACTUATORS 1503,1499,0,1214,1444
38.53 44 IR_SENSORS -944 7 1
38.53 44 NAVIGATION 0 1 0 0 38 0. 15504.7
38.66 44 GPS 0 55796776 339502164 0 6163 0 0 68666499 16 0
38.66 44 WP_MOVED 5 558054.375 3395696.75 108.599998
38.66 44 GYRO_RATES -110 -155 -155 0.959931 -1.35263 -1.35263
38.66 44 ESTIMATOR 0. 0. 0. 0. 0.
38.66 44 BAT 171 121 0 0 88 0 1
38.66 44 NAVIGATION 0 1 0 0 38 0. 15504.7
38.67 44 DOWNLINK_STATUS 38 11608 733 0 508. 30.
38.94 44 ATTITUDE 0 0 -32
38.94 44 CALIBRATION 0. 0.023 0.067 0
38.94 44 GPS 0 55796776 339502164 0 6163 0 0 68666751 16 0
38.95 44 CALIB_CONTRAST 1246
38.95 44 SERVO 9600 -9600 171
39.04 44 DESIRED 0. -0. 0. 0. 88.6 0.
39.04 44 IR_DEBUG 680 669 680 669
39.04 44 NAVIGATION 0 1 0 0 38 0. 15504.7
39.04 44 WP_MOVED 6 558109.8125 3395598. 108.599998
39.04 44 PPRZ_MODE 0 0 3 0 0 1 0
39.04 44 GPS 0 55796776 339502164 0 6163 0 0 68666999 16 0
39.06 44 ESTIMATOR 0. 0. 0. 0. 0.
39.06 44 COMMANDS 170,-20,-42,-1084
39.06 44 NAVIGATION 0 1 0 0 38 0. 15504.7
39.06 44 ATTITUDE 0 0 -32
39.06 44 DL_VALUE 6 0.
39.34 44 FBW_STATUS 0 0 121
39.37 44 RAD_OF_IR 7 0 0.00152
39.37 44 NAVIGATION_REF 558102 3395038 16
39.44 44 GPS 0 55796776 339502164 0 6163 0 0 68667251 16 0
39.44 44 IR_SENSORS -943 7 1
39.44 44 NAVIGATION 0 1 0 0 38 0. 15504.7
39.44 44 WP_MOVED 7 558053.6875 3395564.5 108.599998
39.44 44 GYRO_RATES -110 -155 -156 0.959931 -1.35263 -1.361357
39.45 44 GPS 0 55796776 339502164 0 6163 0 0 68667499 16 0
39.45 44 ESTIMATOR 0. 0. 0. 0. 0.
39.67 44 DOWNLINK_STATUS 39 12004 759 0 396. 26.
39.86 44 NAVIGATION 0 1 0 0 38 0. 15504.7
39.86 44 ATTITUDE 0 0 -31
39.86 44 CALIB_CONTRAST 1246
39.86 44 GPS 0 55796776 339502164 0 6163 0 0 68667751 16 0
39.86 44 DESIRED 0. -0. 0. 0. 88.6 0.
39.86 44 NAVIGATION 0 1 0 0 38 0. 15504.7
40.23 44 NAVIGATION 0 1 0 0 38 0. 15504.7
40.23 44 ATTITUDE 0 0 -32
40.23 44 DL_VALUE 7 0.
40.30 44 FBW_STATUS 0 0 121
40.30 44 RAD_OF_IR 7 0 0.00152
40.30 44 GPS 0 55796776 339502164 0 6163 0 0 68668251 16 0
40.31 44 IR_SENSORS -943 7 1
40.31 44 NAVIGATION 0 1 0 0 38 0. 15504.7
40.31 44 WP_MOVED 9 558192.3125 3395238.5 108.599998
40.31 44 GYRO_RATES -110 -155 -155 0.959931 -1.35263 -1.35263
40.67 44 DOWNLINK_STATUS 40 12241 775 0 237. 16.
40.71 44 ESTIMATOR 0. 0. 0. 0. 0.
40.71 44 BAT 170 121 0 0 90 0 1
40.71 44 GPS 0 55796776 339502164 0 6163 0 0 68668499 16 0
40.71 44 NAVIGATION 0 1 0 0 38 0. 15504.7
40.71 44 ATTITUDE 0 0 -31
40.71 44 CALIBRATION 0. 0.023 0.067 0
40.78 44 CALIB_CONTRAST 1246
40.78 44 SERVO 9600 -9600 171
40.78 44 DESIRED 0. -0. 0. 0. 88.6 0.
40.78 44 IR_DEBUG 680 669 680 669
40.78 44 GPS 0 55796776 339502164 0 6163 0 0 68668751 16 0
40.79 44 NAVIGATION 0 1 0 0 38 0. 15504.7
40.79 44 WP_MOVED 10 558102. 3395038. 0.
41.09 44 ESTIMATOR 0. 0. 0. 0. 0.
41.18 44 COMMANDS 170,-21,-44,-1083
41.18 44 NAVIGATION 0 1 0 0 38 0. 15504.7
41.18 44 GPS 0 55796776 339502164 0 6163 0 0 68668999 16 0
41.18 44 ATTITUDE 0 0 -32
41.18 44 DL_VALUE 8 1.
41.18 44 FBW_STATUS 0 0 121
41.18 44 RAD_OF_IR 7 0 0.00152
41.18 44 IR_SENSORS -944 7 1
41.50 44 NAVIGATION 0 1 0 0 38 0. 15504.7
41.50 44 GPS 0 55796776 339502164 0 6163 0 0 68669251 16 0
41.50 44 WP_MOVED 0 558144. 3395080. 108.599998
41.50 44 GYRO_RATES -110 -155 -155 0.959931 -1.35263 -1.35263
41.57 44 ESTIMATOR 0. 0. 0. 0. 0.
41.57 44 NAVIGATION 0 1 0 0 38 0. 15504.7
41.57 44 ATTITUDE 0 0 -32
41.57 44 GPS 0 55796776 339502164 0 6163 0 0 68669499 16 0
41.57 44 CALIB_CONTRAST 1246
41.59 44 DESIRED 0. -0. 0. 0. 88.6 0.
41.62 44 NAVIGATION 0 1 0 0 38 0. 15504.7
41.67 44 DOWNLINK_STATUS 41 12772 808 0 531. 33.
41.88 44 GPS 0 55796776 339502164 0 6163 0 0 68669751 16 0
41.88 44 WP_MOVED 1 558226.5 3395040. 108.599998
41.99 44 ESTIMATOR 0. 0. 0. 0. 0.
41.99 44 COMMANDS 171,3,-42,-1061
41.99 44 NAVIGATION 0 1 0 0 38 0. 15504.7
41.99 44 ATTITUDE 0 0 -32
41.99 44 DL_VALUE 9 -61.099998
41.99 44 GPS 0 55796776 339502164 0 6163 0 0 68669999 16 0
41.99 44 FBW_STATUS 0 0 121
41.99 44 RAD_OF_IR 7 0 0.00152
42.27 44 IR_SENSORS -943 7 1
42.67 44 DOWNLINK_STATUS 42 12930 819 0 158. 11.
42.72 44 NAVIGATION 0 1 0 0 38 0. 15504.7
42.72 44 WP_MOVED 3 558278.6875 3395353.75 108.599998
42.72 44 GPS 0 55796776 339502164 0 6163 0 0 68670751 16 0
42.72 44 ESTIMATOR 0. 0. 0. 0. 0.
42.72 44 BAT 169 121 0 0 92 0 1
42.81 44 NAVIGATION 0 1 0 0 38 0. 15504.7
42.81 44 ATTITUDE 0 0 -32
42.81 44 CALIBRATION 0. 0.023 0.067 0
42.81 44 GPS 0 55796776 339502164 0 6163 0 0 68670499 16 0
42.81 44 CALIB_CONTRAST 1246
42.81 44 SERVO 9600 -9600 171
42.81 44 DESIRED 0. -0. 0. 0. 88.6 0.
42.83 44 NAVIGATION 0 1 0 0 38 0. 15504.7
42.83 44 WP_MOVED 3 558278.6875 3395353.75 108.599998
42.83 44 GPS 0 55796776 339502164 0 6163 0 0 68670751 16 0
42.83 44 ESTIMATOR 0. 0. 0. 0. 0.
42.83 44 COMMANDS 172,-20,-40,-1086
42.83 44 NAVIGATION 0 1 0 0 38 0. 15504.7
43.09 44 DL_VALUE 10 0.
43.20 44 FBW_STATUS 0 0 121
43.20 44 RAD_OF_IR 7 0 0.00152
43.20 44 GPS 0 55796776 339502164 0 6163 0 0 68670999 16 0
43.20 44 ACTUATORS 1503,1499,0,1214,1444
43.20 44 IR_SENSORS -944 7 1
43.20 44 NAVIGATION 0 1 0 0 38 0. 15504.7
43.20 44 WP_MOVED 4 558482.125 3395565.25 108.599998
43.21 44 GPS 0 55796776 339502164 0 6163 0 0 68671251 16 0
43.21 44 ESTIMATOR 0. 0. 0. 0. 0.
43.48 44 NAVIGATION 0 1 0 0 38 0. 15504.7
43.48 44 ATTITUDE 0 0 -32
43.61 44 CALIB_CONTRAST 1246
43.61 44 GPS 0 55796776 339502164 0 6163 0 0 68671499 16 0
43.61 44 DESIRED 0. -0. 0. 0. 88.6 0.
43.61 44 NAVIGATION 0 1 0 0 38 0. 15504.7
43.61 44 WP_MOVED 5 558054.375 3395696.75 108.599998
43.61 44 PPRZ_MODE 0 0 3 0 0 1 0
43.67 44 DOWNLINK_STATUS 43 13520 855 0 590. 36.
43.89 44 ESTIMATOR 0. 0. 0. 0. 0.
43.89 44 GPS 0 55796776 339502164 0 6163 0 0 68671751 16 0
43.99 44 COMMANDS 171,4,-42,-1059
43.99 44 NAVIGATION 0 1 0 0 38 0. 15504.7
43.99 44 ATTITUDE 0 0 -31
43.99 44 DL_VALUE 11 1.
43.99 44 FBW_STATUS 0 0 121
43.99 44 RAD_OF_IR 7 0 0.00152
43.99 44 GPS 0 55796776 339502164 0 6163 0 0 68671999 16 0
43.99 44 IR_SENSORS -944 7 1
44.29 44 NAVIGATION 0 1 0 0 38 0. 15504.7
44.29 44 WP_MOVED 6 558109.8125 3395598. 108.599998
44.29 44 GYRO_RATES -110 -156 -156 0.959931 -1.361357 -1.361357
44.40 44 ESTIMATOR 0. 0. 0. 0. 0.
44.40 44 BAT 171 121 0 0 94 0 1
44.40 44 GPS 0 55796776 339502164 0 6163 0 0 68672251 16 0
44.40 44 NAVIGATION 0 1 0 0 38 0. 15504.7
44.40 44 ATTITUDE 0 0 -32
44.40 44 CALIBRATION 0. 0.023 0.067 0
44.40 44 CALIB_CONTRAST 1246
44.67 44 DOWNLINK_STATUS 44 13824 875 0 304. 20.
44.80 44 DESIRED 0. -0. 0. 0. 88.6 0.
44.80 44 IR_DEBUG 679 669 679 669
44.80 44 GPS 0 55796776 339502164 0 6163 0 0 68672499 16 0
44.80 44 NAVIGATION 0 1 0 0 38 0. 15504.7
44.80 44 WP_MOVED 7 558053.6875 3395564.5 108.599998
44.83 44 COMMANDS 171,-20,-42,-1086
44.83 44 NAVIGATION 0 1 0 0 38 0. 15504.7
44.83 44 GPS 0 55796776 339502164 0 6163 0 0 68672751 16 0
44.83 44 ATTITUDE 0 0 -31
44.83 44 DL_VALUE 12 0.
44.83 44 FBW_STATUS 0 0 121
44.83 44 RAD_OF_IR 7 0 0.00152
45.13 44 IR_SENSORS -943 7 1
45.13 44 NAVIGATION 0 1 0 0 38 0. 15504.7
45.13 44 GPS 0 55796776 339502164 0 6163 0 0 68672999 16 0
45.23 44 WP_MOVED 8 558182.3125 3395238.5 108.599998
45.23 44 GYRO_RATES -110 -156 -155 0.959931 -1.361357 -1.35263
45.23 44 ESTIMATOR 0. 0. 0. 0. 0.
45.23 44 NAVIGATION 0 1 0 0 38 0. 15504.7
45.23 44 ATTITUDE 0 0 -31
45.23 44 GPS 0 55796776 339502164 0 6163 0 0 68673251 16 0
45.23 44 CALIB_CONTRAST 1246
45.53 44 DESIRED 0. -0. 0. 0. 88.6 0.
45.65 44 NAVIGATION 0 1 0 0 38 0. 15504.7
45.65 44 GPS 0 55796776 339502164 0 6163 0 0 68673499 16 0
45.65 44 WP_MOVED 9 558192.3125 3395238.5 108.599998
45.65 44 ESTIMATOR 0. 0. 0. 0. 0.
45.65 44 COMMANDS 171,4,-45,-1062
45.65 44 NAVIGATION 0 1 0 0 38 0. 15504.7
45.66 44 DL_VALUE 13 428.
45.66 44 GPS 0 55796776 339502164 0 6163 0 0 68673751 16 0
45.66 44 FBW_STATUS 0 0 121
45.67 44 DOWNLINK_STATUS 45 14349 907 0 525. 32.
45.92 44 RAD_OF_IR 7 0 0.00152
46.04 44 IR_SENSORS -944 7 1
46.04 44 NAVIGATION 0 1 0 0 38 0. 15504.7
46.04 44 WP_MOVED 10 558102. 3395038. 0.
46.05 44 GYRO_RATES -110 -155 -155 0.959931 -1.35263 -1.35263
46.05 44 GPS 0 55796776 339502164 0 6163 0 0 68673999 16 0
46.05 44 ESTIMATOR 0. 0. 0. 0. 0.
46.34 44 NAVIGATION 0 1 0 0 38 0. 15504.7
46.38 44 ATTITUDE 0 0 -32
46.38 44 CALIBRATION 0. 0.023 0.067 0
46.44 44 GPS 0 55796776 339502164 0 6163 0 0 68674251 16 0
46.45 44 CALIB_CONTRAST 1246
46.45 44 SERVO 9600 -9600 172
46.45 44 DESIRED 0. -0. 0. 0. 88.6 0.
46.45 44 IR_DEBUG 680 670 680 670
46.45 44 NAVIGATION 0 1 0 0 38 0. 15504.7
46.45 44 WP_MOVED 0 558144. 3395080. 108.599998
46.45 44 GPS 0 55796776 339502164 0 6163 0 0 68674499 16 0
46.45 44 ESTIMATOR 0. 0. 0. 0. 0.
46.67 44 DOWNLINK_STATUS 46 14667 926 0 318. 19.
46.76 44 COMMANDS 171,-18,-42,-1084
46.76 44 NAVIGATION 0 1 0 0 38 0. 15504.7
46.76 44 ATTITUDE 0 0 -32
46.76 44 DL_VALUE 14 474.
46.85 44 FBW_STATUS 0 0 121
46.85 44 RAD_OF_IR 7 0 0.00152
46.85 44 GPS 0 55796776 339502164 0 6163 0 0 68674751 16 0
46.85 44 IR_SENSORS -943 7 1
46.85 44 NAVIGATION 0 1 0 0 38 0. 15504.7
46.86 44 WP_MOVED 1 558226.5 3395040. 108.599998
46.86 44 GYRO_RATES -110 -156 -155 0.959931 -1.361357 -1.35263
47.16 44 GPS 0 55796776 339502164 0 6163 0 0 68674999 16 0
47.16 44 ESTIMATOR 0. 0. 0. 0. 0.
47.26 44 NAVIGATION 0 1 0 0 38 0. 15504.7
47.26 44 ATTITUDE 0 0 -32
47.26 44 CALIB_CONTRAST 1246
47.26 44 GPS 0 55796776 339502164 0 6163 0 0 68675251 16 0
47.26 44 DESIRED 0. -0. 0. 0. 88.6 0.
47.27 44 NAVIGATION 0 1 0 0 38 0. 15504.7
47.27 44 WP_MOVED 2 558360.375 3395193.25 108.599998
47.64 44 ESTIMATOR 0. 0. 0. 0. 0.
47.65 44 GPS 0 55796776 339502164 0 6163 0 0 68675499 16 0
47.67 44 DOWNLINK_STATUS 47 15028 948 0 361. 22.
47.73 44 COMMANDS 171,6,-42,-1061
47.73 44 NAVIGATION 0 1 0 0 38 0. 15504.7
47.73 44 ATTITUDE 0 0 -32
47.73 44 DL_VALUE 15 473.
47.73 44 FBW_STATUS 0 0 121
47.73 44 RAD_OF_IR 7 0 0.00152
47.73 44 NAVIGATION_REF 558102 3395038 16
47.73 44 GPS 0 55796776 339502164 0 6163 0 0 68675751 16 0
47.73 44 ACTUATORS 1503,1499,0,1214,1444
48.03 44 IR_SENSORS -943 7 1
48.03 44 NAVIGATION 0 1 0 0 38 0. 15504.7
48.03 44 WP_MOVED 3 558278.6875 3395353.75 108.599998
48.03 44 GYRO_RATES -110 -155 -155 0.959931 -1.35263 -1.35263
48.46 44 ESTIMATOR 0. 0. 0. 0. 0.
48.46 44 COMMANDS 171,-18,-42,-1084
48.46 44 NAVIGATION 0 1 0 0 38 0. 15504.7
48.46 44 GPS 0 55796776 339502164 0 6163 0 0 68676499 16 0
48.46 44 ATTITUDE 0 0 -31
48.46 44 CALIB_CONTRAST 1246
48.53 44 DESIRED 0. -0. 0. 0. 88.6 0.
48.53 44 IR_DEBUG 679 669 679 669
48.53 44 GPS 0 55796776 339502164 0 6163 0 0 68676251 16 0
48.53 44 SVINFO 2 14 12 1 22 41 73
48.53 44 NAVIGATION 0 1 0 0 38 0. 15504.7
48.53 44 WP_MOVED 4 558482.125 3395565.25 108.599998
48.57 44 ESTIMATOR 0. 0. 0. 0. 0.
48.57 44 COMMANDS 171,-18,-42,-1084
48.57 44 NAVIGATION 0 1 0 0 38 0. 15504.7
48.57 44 GPS 0 55796776 339502164 0 6163 0 0 68676499 16 0
48.57 44 ATTITUDE 0 0 -31
48.57 44 DL_VALUE 16 12500.
48.57 44 FBW_STATUS 0 0 121
48.67 44 DOWNLINK_STATUS 48 15493 980 0 465. 32.
48.93 44 IR_SENSORS -944 7 1
48.93 44 NAVIGATION 0 1 0 0 38 0. 15504.7
48.93 44 GPS 0 55796776 339502164 0 6163 0 0 68676751 16 0
48.93 44 WP_MOVED 5 558054.375 3395696.75 108.599998
48.93 44 GYRO_RATES -110 -155 -155 0.959931 -1.35263 -1.35263
48.93 44 ESTIMATOR 0. 0. 0. 0. 0.
48.94 44 ATTITUDE 0 0 -31
48.94 44 GPS 0 55796776 339502164 0 6163 0 0 68676999 16 0
49.67 44 DOWNLINK_STATUS 49 15638 988 0 145. 8.
50.23 44 GPS 0 55796776 339502164 0 6163 0 0 68678251 16 0
50.23 44 ESTIMATOR 0. 0. 0. 0. 0.
50.30 44 COMMANDS 172,3,-42,-1061
50.30 44 NAVIGATION 0 1 0 0 38 0. 15504.7
50.30 44 ATTITUDE 0 0 -31
50.30 44 DL_VALUE 18 15000.
50.32 44 FBW_STATUS 0 0 121
50.40 44 RAD_OF_IR 7 0 0.00152
50.40 44 GPS 0 55796776 339502164 0 6163 0 0 68678499 16 0
50.48 44 IR_SENSORS -944 7 1
50.50 44 NAVIGATION 0 1 0 0 38 0. 15504.7
50.62 44 WP_MOVED 9 558192.3125 3395238.5 108.599998
50.62 44 GYRO_RATES -111 -156 -156 0.968658 -1.361357 -1.361357
50.67 44 DOWNLINK_STATUS 50 15834 1001 0 196. 13.
50.75 44 GPS 0 55796776 339502164 0 6163 0 0 68678751 16 0
50.75 44 ESTIMATOR 0. 0. 0. 0. 0.
50.75 44 NAVIGATION 0 1 0 0 38 0. 15504.7
50.75 44 ATTITUDE 0 0 -32
50.80 44 CALIB_CONTRAST 1246
50.89 44 GPS 0 55796776 339502164 0 6163 0 0 68678999 16 0
51.13 44 DESIRED 0. -0. 0. 0. 88.6 0.
51.13 44 NAVIGATION 0 1 0 0 38 0. 15504.7
51.13 44 WP_MOVED 10 558102. 3395038. 0.
51.13 44 ESTIMATOR 0. 0. 0. 0. 0.
51.19 44 GPS 0 55796776 339502164 0 6163 0 0 68679251 16 0
51.23 44 COMMANDS 171,-18,-42,-1084
51.23 44 NAVIGATION 0 1 0 0 38 0. 15504.7
51.23 44 ATTITUDE 0 0 -31
51.23 44 DL_VALUE 19 3000.
51.29 44 FBW_STATUS 0 0 121
51.29 44 RAD_OF_IR 7 0 0.00152
51.46 44 GPS 0 55796776 339502164 0 6163 0 0 68679499 16 0
51.46 44 IR_SENSORS -944 7 1
51.46 44 NAVIGATION 0 1 0 0 38 0. 15504.7
51.53 44 WP_MOVED 0 558144. 3395080. 108.599998
51.53 44 GYRO_RATES -111 -156 -155 0.968658 -1.361357 -1.35263
51.67 44 DOWNLINK_STATUS 51 16195 1023 0 361. 22.
51.77 44 ESTIMATOR 0. 0. 0. 0. 0.
51.77 44 BAT 172 121 0 0 102 0 1
51.77 44 GPS 0 55796776 339502164 0 6163 0 0 68679751 16 0
51.77 44 NAVIGATION 0 1 0 0 38 0. 15504.7
51.77 44 ATTITUDE 0 0 -32
51.77 44 CALIBRATION 0. 0.023 0.067 0
51.77 44 CALIB_CONTRAST 1246
51.77 44 SERVO 9600 -9600 171
52.00 44 DESIRED 0. -0. 0. 0. 88.6 0.
52.00 44 IR_DEBUG 680 669 680 669
52.00 44 GPS 0 55796776 339502164 0 6163 0 0 68679999 16 0
52.00 44 NAVIGATION 0 1 0 0 38 0. 15504.7
52.00 44 WP_MOVED 1 558226.5 3395040. 108.599998
52.05 44 ESTIMATOR 0. 0. 0. 0. 0.
52.27 44 COMMANDS 171,-18,-44,-1086
52.30 44 NAVIGATION 0 1 0 0 38 0. 15504.7
52.30 44 GPS 0 55796776 339502164 0 6163 0 0 68680251 16 0
52.30 44 ATTITUDE 0 0 -31
52.30 44 DL_VALUE 20 25000.
52.30 44 FBW_STATUS 0 0 121
52.30 44 RAD_OF_IR 7 0 0.00152
52.39 44 ACTUATORS 1503,1499,0,1214,1444
52.39 44 IR_SENSORS -944 7 1
52.39 44 NAVIGATION 0 1 0 0 38 0. 15504.7
52.39 44 GPS 0 55796776 339502164 0 6163 0 0 68680499 16 0
52.46 44 WP_MOVED 2 558360.375 3395193.25 108.599998
52.46 44 GYRO_RATES -110 -156 -155 0.959931 -1.361357 -1.35263
52.55 44 ESTIMATOR 0. 0. 0. 0. 0.
52.67 44 NAVIGATION 0 1 0 0 38 0. 15504.7
52.71 44 ATTITUDE 0 0 -31
52.71 44 GPS 0 55796776 339502164 0 6163 0 0 68680751 16 0
52.71 44 CALIB_CONTRAST 1246
52.71 44 DOWNLINK_STATUS 52 16695 1055 0 500. 32.
52.83 44 DESIRED 0. -0. 0. 0. 88.6 0.
52.83 44 NAVIGATION 0 1 0 0 38 0. 15504.7
52.92 44 GPS 0 55796776 339502164 0 6163 0 0 68680999 16 0
52.92 44 WP_MOVED 3 558278.6875 3395353.75 108.599998
52.92 44 PPRZ_MODE 0 0 3 0 0 1 0
53.13 44 ESTIMATOR 0. 0. 0. 0. 0.
53.13 44 COMMANDS 171,-18,-42,-1086
53.13 44 NAVIGATION 0 1 0 0 38 0. 15504.7
53.13 44 ATTITUDE 0 0 -32
53.13 44 DL_VALUE 21 22500.
53.24 44 GPS 0 55796776 339502164 0 6163 0 0 68681251 16 0
53.24 44 FBW_STATUS 0 0 121
53.24 44 RAD_OF_IR 7 0 0.00152
53.29 44 IR_SENSORS -943 7 1
53.31 44 NAVIGATION 0 1 0 0 38 0. 15504.7
53.42 44 WP_MOVED 4 558482.125 3395565.25 108.599998
53.42 44 GYRO_RATES -110 -155 -155 0.959931 -1.35263 -1.35263
53.42 44 GPS 0 55796776 339502164 0 6163 0 0 68681499 16 0
53.51 44 ESTIMATOR 0. 0. 0. 0. 0.
53.51 44 BAT 172 121 0 0 104 0 1
53.65 44 NAVIGATION 0 1 0 0 38 0. 15504.7
53.65 44 ATTITUDE 0 0 -31
53.65 44 CALIBRATION 0. 0.023 0.067 0
53.67 44 DOWNLINK_STATUS 53 17063 1078 0 368. 23.
53.71 44 GPS 0 55796776 339502164 0 6163 0 0 68681751 16 0
53.71 44 CALIB_CONTRAST 1246
53.71 44 SERVO 9600 -9600 171
53.84 44 DESIRED 0. -0. 0. 0. 88.6 0.
53.84 44 IR_DEBUG 680 669 680 669
53.84 44 NAVIGATION 0 1 0 0 38 0. 15504.7
53.84 44 WP_MOVED 5 558054.375 3395696.75 108.599998
53.93 44 GPS 0 55796776 339502164 0 6163 0 0 68681999 16 0
53.93 44 ESTIMATOR 0. 0. 0. 0. 0.
54.06 44 COMMANDS 171,-18,-42,-1084
54.06 44 NAVIGATION 0 1 0 0 38 0. 15504.7
54.06 44 ATTITUDE 0 0 -32
54.06 44 DL_VALUE 22 25000.
54.12 44 FBW_STATUS 0 0 121
54.16 44 RAD_OF_IR 7 0 0.00152
54.16 44 GPS 0 55796776 339502164 0 6163 0 0 68682251 16 0
54.23 44 IR_SENSORS -943 7 1
54.23 44 NAVIGATION 0 1 0 0 38 0. 15504.7
54.33 44 WP_MOVED 6 558109.8125 3395598. 108.599998
54.33 44 GYRO_RATES -110 -155 -155 0.959931 -1.35263 -1.35263
54.46 44 GPS 0 55796776 339502164 0 6163 0 0 68682499 16 0
54.46 44 ESTIMATOR 0. 0. 0. 0. 0.
54.53 44 NAVIGATION 0 1 0 0 38 0. 15504.7
54.53 44 ATTITUDE 0 0 -31
54.55 44 CALIB_CONTRAST 1246
54.65 44 GPS 0 55796776 339502164 0 6163 0 0 68682751 16 0
54.69 44 DOWNLINK_STATUS 54 17473 1104 0 410. 26.
54.73 44 DESIRED 0. -0. 0. 0. 88.6 0.
54.76 44 NAVIGATION 0 1 0 0 38 0. 15504.7
54.76 44 WP_MOVED 7 558053.6875 3395564.5 108.599998
54.92 44 ESTIMATOR 0. 0. 0. 0. 0.
54.92 44 GPS 0 55796776 339502164 0 6163 0 0 68682999 16 0
55.11 44 COMMANDS 171,-18,-42,-1083
55.11 44 NAVIGATION 0 1 0 0 38 0. 15504.7
55.11 44 ATTITUDE 0 0 -32
55.11 44 DL_VALUE 23 0.
55.11 44 FBW_STATUS 0 0 121
55.11 44 RAD_OF_IR 7 0 0.00152
55.20 44 GPS 0 55796776 339502164 0 6163 0 0 68683251 16 0
55.20 44 IR_SENSORS -943 7 1
55.21 44 NAVIGATION 0 1 0 0 38 0. 15504.7
55.32 44 WP_MOVED 8 558182.3125 3395238.5 108.599998
55.32 44 GYRO_RATES -110 -155 -155 0.959931 -1.35263 -1.35263
55.54 44 ESTIMATOR 0. 0. 0. 0. 0.
55.54 44 BAT 173 121 0 0 106 0 1
55.54 44 GPS 0 55796776 339502164 0 6163 0 0 68683499 16 0
55.54 44 NAVIGATION 0 1 0 0 38 0. 15504.7
55.54 44 ATTITUDE 0 0 -31
55.54 44 CALIBRATION 0. 0.023 0.067 0
55.54 44 CALIB_CONTRAST 1246
55.67 44 DOWNLINK_STATUS 55 17836 1127 0 363. 23.
55.75 44 DESIRED 0. -0. 0. 0. 88.6 0.
55.75 44 IR_DEBUG 679 669 679 669
55.75 44 GPS 0 55796776 339502164 0 6163 0 0 68683751 16 0
55.75 44 NAVIGATION 0 1 0 0 38 0. 15504.7
55.75 44 WP_MOVED 9 558192.3125 3395238.5 108.599998
55.79 44 ESTIMATOR 0. 0. 0. 0. 0.
56.02 44 COMMANDS 171,-20,-42,-1083
56.02 44 NAVIGATION 0 1 0 0 38 0. 15504.7
56.02 44 GPS 0 55796776 339502164 0 6163 0 0 68683999 16 0
56.02 44 ATTITUDE 0 0 -32
56.02 44 DL_VALUE 24 10150.
56.03 44 FBW_STATUS 0 0 121
56.03 44 RAD_OF_IR 7 0 0.00152
56.03 44 NAVIGATION_REF 558102 3395038 16
56.16 44 IR_SENSORS -944 7 1
56.16 44 NAVIGATION 0 1 0 0 38 0. 15504.7
56.16 44 GPS 0 55796776 339502164 0 6163 0 0 68684251 16 0
56.21 44 WP_MOVED 10 558102. 3395038. 0.
56.21 44 GYRO_RATES -110 -155 -155 0.959931 -1.35263 -1.35263
56.30 44 ESTIMATOR 0. 0. 0. 0. 0.
56.41 44 NAVIGATION 0 1 0 0 38 0. 15504.7
56.41 44 ATTITUDE 0 0 -32
56.41 44 GPS 0 55796776 339502164 0 6163 0 0 68684499 16 0
56.42 44 CALIB_CONTRAST 1246
56.59 44 DESIRED 0. -0. 0. 0. 88.6 0.
56.59 44 NAVIGATION 0 1 0 0 38 0. 15504.7
56.67 44 GPS 0 55796776 339502164 0 6163 0 0 68684751 16 0
56.67 44 WP_MOVED 0 558144. 3395080. 108.599998
56.67 44 DOWNLINK_STATUS 56 18304 1155 0 468. 28.
56.75 44 ESTIMATOR 0. 0. 0. 0. 0.
57.00 44 COMMANDS 171,-18,-44,-1086
57.00 44 NAVIGATION 0 1 0 0 38 0. 15504.7
57.00 44 ATTITUDE 0 0 -31
57.00 44 DL_VALUE 25 12300.
57.00 44 GPS 0 55796776 339502164 0 6163 0 0 68684999 16 0
57.00 44 FBW_STATUS 0 0 121
57.05 44 RAD_OF_IR 7 0 0.00152
57.05 44 ACTUATORS 1503,1499,0,1214,1444
57.05 44 IR_SENSORS -944 7 1
57.06 44 NAVIGATION 0 1 0 0 38 0. 15504.7
57.17 44 WP_MOVED 1 558226.5 3395040. 108.599998
57.21 44 GYRO_RATES -110 -156 -155 0.959931 -1.361357 -1.35263
57.21 44 GPS 0 55796776 339502164 0 6163 0 0 68685251 16 0
57.25 44 ESTIMATOR 0. 0. 0. 0. 0.
57.25 44 BAT 171 121 0 0 108 0 1
57.38 44 NAVIGATION 0 1 0 0 38 0. 15504.7
57.38 44 ATTITUDE 0 0 -32
57.38 44 CALIBRATION 0. 0.023 0.067 0
57.46 44 GPS 0 55796776 339502164 0 6163 0 0 68685499 16 0
57.46 44 CALIB_CONTRAST 1246
57.46 44 SERVO 9600 -9600 171
57.62 44 DESIRED 0. -0. 0. 0. 88.6 0.
57.62 44 IR_DEBUG 680 669 680 669
57.62 44 NAVIGATION 0 1 0 0 38 0. 15504.7
57.62 44 WP_MOVED 2 558360.375 3395193.25 108.599998
57.62 44 PPRZ_MODE 0 0 3 0 0 1 0
57.67 44 DOWNLINK_STATUS 57 18707 1182 0 403. 27.
57.68 44 GPS 0 55796776 339502164 0 6163 0 0 68685751 16 0
57.68 44 ESTIMATOR 0. 0. 0. 0. 0.
57.81 44 COMMANDS 171,-20,-44,-1084
57.81 44 NAVIGATION 0 1 0 0 38 0. 15504.7
57.81 44 ATTITUDE 0 0 -31
57.81 44 DL_VALUE 26 17000.
57.87 44 FBW_STATUS 0 0 121
57.89 44 RAD_OF_IR 7 0 0.00152
57.89 44 GPS 0 55796776 339502164 0 6163 0 0 68685999 16 0
57.98 44 IR_SENSORS -944 7 1
57.98 44 NAVIGATION 0 1 0 0 38 0. 15504.7
58.23 44 WP_MOVED 3 558278.6875 3395353.75 108.599998
58.23 44 GYRO_RATES -111 -156 -155 0.968658 -1.361357 -1.35263
58.23 44 GPS 0 55796776 339502164 0 6163 0 0 68686251 16 0
58.23 44 ESTIMATOR 0. 0. 0. 0. 0.
58.28 44 NAVIGATION 0 1 0 0 38 0. 15504.7
58.28 44 ATTITUDE 0 0 -32
58.30 44 CALIB_CONTRAST 1246
58.51 44 NAVIGATION 0 1 0 0 38 0. 15504.7
58.51 44 WP_MOVED 4 558482.125 3395565.25 108.599998
58.63 44 ESTIMATOR 0. 0. 0. 0. 0.
58.64 44 GPS 0 55796776 339502164 0 6163 0 0 68686751 16 0
58.67 44 DOWNLINK_STATUS 58 19064 1204 0 357. 22.
58.72 44 COMMANDS 172,-18,-40,-1084
58.72 44 NAVIGATION 0 1 0 0 38 0. 15504.7
58.72 44 ATTITUDE 0 0 -31
58.72 44 DL_VALUE 27 5000.
58.81 44 FBW_STATUS 0 0 121
58.81 44 RAD_OF_IR 7 0 0.00152
58.93 44 GPS 0 55796776 339502164 0 6163 0 0 68686999 16 0
58.93 44 IR_SENSORS -943 7 1
58.93 44 NAVIGATION 0 1 0 0 38 0. 15504.7
59.04 44 WP_MOVED 5 558054.375 3395696.75 108.599998
59.04 44 GYRO_RATES -111 -156 -155 0.968658 -1.361357 -1.35263
59.13 44 ESTIMATOR 0. 0. 0. 0. 0.
59.16 44 BAT 171 121 0 0 110 0 1
59.23 44 GPS 0 55796776 339502164 0 6163 0 0 68687251 16 0
59.23 44 NAVIGATION 0 1 0 0 38 0. 15504.7
59.23 44 ATTITUDE 0 0 -32
59.23 44 CALIBRATION 0. 0.023 0.067 0
59.31 44 CALIB_CONTRAST 1246
59.31 44 SERVO 9600 -9600 171
59.50 44 DESIRED 0. -0. 0. 0. 88.6 0.
59.50 44 IR_DEBUG 679 669 679 669
59.50 44 GPS 0 55796776 339502164 0 6163 0 0 68687499 16 0
59.50 44 NAVIGATION 0 1 0 0 38 0. 15504.7
59.51 44 WP_MOVED 6 558109.8125 3395598. 108.599998
59.54 44 ESTIMATOR 0. 0. 0. 0. 0.
59.67 44 DOWNLINK_STATUS 59 19445 1229 0 381. 25.
59.77 44 COMMANDS 172,4,-42,-1061
59.77 44 NAVIGATION 0 1 0 0 38 0. 15504.7
59.77 44 GPS 0 55796776 339502164 0 6163 0 0 68687751 16 0
59.77 44 ATTITUDE 0 0 -31
59.77 44 DL_VALUE 28 0.228
59.77 44 FBW_STATUS 0 0 121
59.77 44 RAD_OF_IR 7 0 0.00152
59.88 44 IR_SENSORS -944 7 1
59.88 44 NAVIGATION 0 1 0 0 38 0. 15504.7
59.89 44 GPS 0 55796776 339502164 0 6163 0 0 68687999 16 0
59.96 44 WP_MOVED 7 558053.6875 3395564.5 108.599998
59.96 44 GYRO_RATES -110 -156 -155 0.959931 -1.361357 -1.35263
60.05 44 ESTIMATOR 0. 0. 0. 0. 0.
60.15 44 NAVIGATION 0 1 0 0 38 0. 15504.7
60.19 44 ATTITUDE 0 0 -31
60.37 44 GPS 0 55796776 339502164 0 6163 0 0 68688251 16 0
60.37 44 CALIB_CONTRAST 1246
60.37 44 DESIRED 0. -0. 0. 0. 88.6 0.
60.47 44 NAVIGATION 0 1 0 0 38 0. 15504.7
60.47 44 WP_MOVED 8 558182.3125 3395238.5 108.599998
60.47 44 GPS 0 55796776 339502164 0 6163 0 0 68688499 16 0
60.48 44 ESTIMATOR 0. 0. 0. 0. 0.
60.61 44 COMMANDS 171,-18,-42,-1084
60.61 44 NAVIGATION 0 1 0 0 38 0. 15504.7
60.61 44 ATTITUDE 0 0 -31
60.61 44 DL_VALUE 29 0.42
60.67 44 DOWNLINK_STATUS 60 19850 1255 0 405. 26.
60.69 44 GPS 0 55796776 339502164 0 6163 0 0 68688751 16 0
60.69 44 FBW_STATUS 0 0 121
60.69 44 RAD_OF_IR 7 0 0.00152
60.75 44 IR_SENSORS -944 7 1
60.79 44 NAVIGATION 0 1 0 0 38 0. 15504.7
60.98 44 WP_MOVED 9 558192.3125 3395238.5 108.599998
60.98 44 GYRO_RATES -110 -155 -155 0.959931 -1.35263 -1.35263
60.98 44 GPS 0 55796776 339502164 0 6163 0 0 68688999 16 0
60.99 44 ESTIMATOR 0. 0. 0. 0. 0.
60.99 44 BAT 172 121 0 0 112 0 1
61.10 44 NAVIGATION 0 1 0 0 38 0. 15504.7
61.10 44 ATTITUDE 0 0 -31
61.10 44 CALIBRATION 0. 0.023 0.067 0
61.17 44 GPS 0 55796776 339502164 0 6163 0 0 68689251 16 0
61.17 44 CALIB_CONTRAST 1246
61.17 44 SERVO 9600 -9600 171
61.28 44 DESIRED 0. -0. 0. 0. 88.6 0.
61.28 44 IR_DEBUG 680 669 680 669
61.29 44 NAVIGATION 0 1 0 0 38 0. 15504.7
61.35 44 WP_MOVED 10 558102. 3395038. 0.
61.39 44 GPS 0 55796776 339502164 0 6163 0 0 68689499 16 0
61.48 44 ESTIMATOR 0. 0. 0. 0. 0.
61.57 44 COMMANDS 171,1,-44,-1059
61.57 44 NAVIGATION 0 1 0 0 38 0. 15504.7
61.59 44 ATTITUDE 0 0 -32
61.62 44 DL_VALUE 30 0.
61.62 44 FBW_STATUS 0 0 121
61.62 44 RAD_OF_IR 7 0 0.00152
61.67 44 DOWNLINK_STATUS 61 20273 1283 0 423. 28.
61.70 44 GPS 0 55796776 339502164 0 6163 0 0 68689751 16 0
61.70 44 ACTUATORS 1503,1499,0,1214,1444
61.70 44 IR_SENSORS -943 7 1
61.76 44 NAVIGATION 0 1 0 0 38 0. 15504.7
61.89 44 WP_MOVED 0 558144. 3395080. 108.599998
61.89 44 GYRO_RATES -110 -156 -155 0.959931 -1.361357 -1.35263
61.97 44 GPS 0 55796776 339502164 0 6163 0 0 68689999 16 0
61.97 44 ESTIMATOR 0. 0. 0. 0. 0.
61.98 44 NAVIGATION 0 1 0 0 38 0. 15504.7
61.98 44 ATTITUDE 0 0 -31
62.05 44 CALIB_CONTRAST 1246
62.18 44 GPS 0 55796776 339502164 0 6163 0 0 68690251 16 0
62.22 44 DESIRED 0. -0. 0. 0. 88.6 0.
62.22 44 NAVIGATION 0 1 0 0 38 0. 15504.7
62.29 44 WP_MOVED 1 558226.5 3395040. 108.599998
62.29 44 PPRZ_MODE 0 0 3 0 0 1 0
62.40 44 ESTIMATOR 0. 0. 0. 0. 0.
62.40 44 GPS 0 55796776 339502164 0 6163 0 0 68690499 16 0
62.48 44 COMMANDS 172,-20,-44,-1086
62.48 44 NAVIGATION 0 1 0 0 38 0. 15504.7
62.48 44 ATTITUDE 0 0 -32
62.48 44 DL_VALUE 31 0.023
62.56 44 FBW_STATUS 0 0 121
62.57 44 RAD_OF_IR 7 0 0.00152
62.67 44 DOWNLINK_STATUS 62 20656 1307 0 383. 24.
62.71 44 GPS 0 55796776 339502164 0 6163 0 0 68690751 16 0
62.71 44 IR_SENSORS -942 6 1
62.71 44 NAVIGATION 0 1 0 0 38 0. 15504.7
62.78 44 WP_MOVED 2 558360.375 3395193.25 108.599998
62.78 44 GYRO_RATES -110 -155 -155 0.959931 -1.35263 -1.35263
63.01 44 ESTIMATOR 0. 0. 0. 0. 0.
63.01 44 BAT 172 121 0 0 114 0 1
63.01 44 GPS 0 55796776 339502164 0 6163 0 0 68690999 16 0
63.01 44 NAVIGATION 0 1 0 0 38 0. 15504.7
63.01 44 ATTITUDE 0 0 -31
63.01 44 CALIBRATION 0. 0.023 0.067 0
63.01 44 CALIB_CONTRAST 1246
63.01 44 SERVO 9600 -9600 171
63.25 44 DESIRED 0. -0. 0. 0. 88.6 0.
63.25 44 IR_DEBUG 679 669 679 669
63.25 44 GPS 0 55796776 339502164 0 6163 0 0 68691251 16 0
63.25 44 NAVIGATION 0 1 0 0 38 0. 15504.7
63.25 44 WP_MOVED 3 558278.6875 3395353.75 108.599998
63.29 44 ESTIMATOR 0. 0. 0. 0. 0.
63.52 44 COMMANDS 172,4,-42,-1061
63.52 44 NAVIGATION 0 1 0 0 38 0. 15504.7
63.52 44 GPS 0 55796776 339502164 0 6163 0 0 68691499 16 0
63.52 44 ATTITUDE 0 0 -31
63.52 44 DL_VALUE 32 0.001
63.52 44 FBW_STATUS 0 0 121
63.52 44 RAD_OF_IR 7 0 0.00152
63.65 44 IR_SENSORS -943 7 1
63.65 44 NAVIGATION 0 1 0 0 38 0. 15504.7
63.66 44 GPS 0 55796776 339502164 0 6163 0 0 68691751 16 0
63.67 44 DOWNLINK_STATUS 63 21117 1336 0 461. 29.
63.71 44 WP_MOVED 4 558482.125 3395565.25 108.599998
63.71 44 GYRO_RATES -110 -155 -155 0.959931 -1.35263 -1.35263
63.80 44 ESTIMATOR 0. 0. 0. 0. 0.
63.95 44 NAVIGATION 0 1 0 0 38 0. 15504.7
63.95 44 ATTITUDE 0 0 -31
63.95 44 GPS 0 55796776 339502164 0 6163 0 0 68691999 16 0
63.95 44 CALIB_CONTRAST 1246
64.09 44 DESIRED 0. -0. 0. 0. 88.6 0.
64.11 44 NAVIGATION 0 1 0 0 38 0. 15504.7
64.28 44 GPS 0 55796776 339502164 0 6163 0 0 68692251 16 0
64.28 44 WP_MOVED 5 558054.375 3395696.75 108.599998
64.37 44 ESTIMATOR 0. 0. 0. 0. 0.
64.37 44 COMMANDS 171,-18,-42,-1083
64.37 44 NAVIGATION 0 1 0 0 38 0. 15504.7
64.37 44 ATTITUDE 0 0 -31
64.37 44 DL_VALUE 33 0.01
64.49 44 GPS 0 55796776 339502164 0 6163 0 0 68692499 16 0
64.49 44 FBW_STATUS 0 0 121
64.49 44 RAD_OF_IR 7 0 0.00152
64.49 44 NAVIGATION_REF 558102 3395038 16
64.54 44 IR_SENSORS -943 7 1
64.55 44 NAVIGATION 0 1 0 0 38 0. 15504.7
64.67 44 WP_MOVED 6 558109.8125 3395598. 108.599998
64.71 44 GYRO_RATES -110 -156 -156 0.959931 -1.361357 -1.361357
64.71 44 GPS 0 55796776 339502164 0 6163 0 0 68692751 16 0
64.71 44 DOWNLINK_STATUS 64 21524 1361 0 407. 25.
64.76 44 ESTIMATOR 0. 0. 0. 0. 0.
64.76 44 BAT 172 121 0 0 116 0 1
64.88 44 NAVIGATION 0 1 0 0 38 0. 15504.7
64.88 44 ATTITUDE 0 0 -31
64.88 44 CALIBRATION 0. 0.023 0.067 0
65.12 44 GPS 0 55796776 339502164 0 6163 0 0 68692999 16 0
65.12 44 CALIB_CONTRAST 1246
65.12 44 SERVO 9600 -9600 171
65.12 44 DESIRED 0. -0. 0. 0. 88.6 0.
65.12 44 IR_DEBUG 679 669 679 669
65.12 44 NAVIGATION 0 1 0 0 38 0. 15504.7
65.12 44 WP_MOVED 7 558053.6875 3395564.5 108.599998
65.18 44 GPS 0 55796776 339502164 0 6163 0 0 68693251 16 0
65.18 44 ESTIMATOR 0. 0. 0. 0. 0.
65.31 44 COMMANDS 171,-18,-42,-1084
65.31 44 NAVIGATION 0 1 0 0 38 0. 15504.7
65.31 44 ATTITUDE 0 0 -31
65.31 44 DL_VALUE 34 1.
65.37 44 FBW_STATUS 0 0 121
65.40 44 RAD_OF_IR 7 0 0.00152
65.40 44 GPS 0 55796776 339502164 0 6163 0 0 68693499 16 0
65.48 44 IR_SENSORS -943 7 1
65.48 44 NAVIGATION 0 1 0 0 38 0. 15504.7
65.60 44 WP_MOVED 8 558182.3125 3395238.5 108.599998
65.60 44 GYRO_RATES -110 -156 -156 0.959931 -1.361357 -1.361357
65.67 44 DOWNLINK_STATUS 65 21905 1386 0 381. 25.
65.71 44 GPS 0 55796776 339502164 0 6163 0 0 68693751 16 0
65.71 44 ESTIMATOR 0. 0. 0. 0. 0.
65.78 44 NAVIGATION 0 1 0 0 38 0. 15504.7
65.78 44 ATTITUDE 0 0 -32
65.80 44 CALIB_CONTRAST 1246
65.88 44 GPS 0 55796776 339502164 0 6163 0 0 68693999 16 0
65.98 44 DESIRED 0. -0. 0. 0. 88.6 0.
66.01 44 NAVIGATION 0 1 0 0 38 0. 15504.7
66.01 44 WP_MOVED 9 558192.3125 3395238.5 108.599998
66.14 44 ESTIMATOR 0. 0. 0. 0. 0.
66.16 44 GPS 0 55796776 339502164 0 6163 0 0 68694251 16 0
66.22 44 COMMANDS 171,-17,-42,-1084
66.22 44 NAVIGATION 0 1 0 0 38 0. 15504.7
66.22 44 ATTITUDE 0 0 -31
66.23 44 DL_VALUE 35 0.
66.30 44 FBW_STATUS 0 0 121
66.30 44 RAD_OF_IR 7 0 0.00152
66.45 44 ACTUATORS 1503,1499,0,1214,1444
66.45 44 GPS 0 55796776 339502164 0 6163 0 0 68694499 16 0
66.45 44 IR_SENSORS -943 7 1
66.45 44 NAVIGATION 0 1 0 0 38 0. 15504.7
66.54 44 WP_MOVED 10 558102. 3395038. 0.
66.54 44 GYRO_RATES -110 -156 -155 0.959931 -1.361357 -1.35263
66.67 44 DOWNLINK_STATUS 66 22279 1409 0 374. 23.
66.74 44 ESTIMATOR 0. 0. 0. 0. 0.
66.75 44 BAT 171 121 0 0 118 0 1
66.75 44 GPS 0 55796776 339502164 0 6163 0 0 68694751 16 0
66.75 44 NAVIGATION 0 1 0 0 38 0. 15504.7
66.75 44 ATTITUDE 0 0 -32
66.75 44 CALIBRATION 0. 0.023 0.067 0
66.80 44 CALIB_CONTRAST 1246
66.80 44 SERVO 9600 -9600 171
67.02 44 DESIRED 0. -0. 0. 0. 88.6 0.
67.02 44 IR_DEBUG 679 669 679 669
67.02 44 GPS 0 55796776 339502164 0 6163 0 0 68694999 16 0
67.02 44 NAVIGATION 0 1 0 0 38 0. 15504.7
67.02 44 WP_MOVED 0 558144. 3395080. 108.599998
67.02 44 PPRZ_MODE 0 0 3 0 0 1 0
67.22 44 ESTIMATOR 0. 0. 0. 0. 0.
67.22 44 COMMANDS 171,-20,-44,-1084
67.22 44 NAVIGATION 0 1 0 0 38 0. 15504.7
67.22 44 GPS 0 55796776 339502164 0 6163 0 0 68695251 16 0
67.22 44 ATTITUDE 0 0 -31
67.22 44 DL_VALUE 36 0.
67.24 44 FBW_STATUS 0 0 121
67.26 44 RAD_OF_IR 7 0 0.00152
67.38 44 IR_SENSORS -944 7 1
67.38 44 NAVIGATION 0 1 0 0 38 0. 15504.7
67.39 44 GPS 0 55796776 339502164 0 6163 0 0 68695499 16 0
67.46 44 WP_MOVED 1 558226.5 3395040. 108.599998
67.46 44 GYRO_RATES -110 -156 -155 0.959931 -1.361357 -1.35263
67.55 44 ESTIMATOR 0. 0. 0. 0. 0.
67.66 44 NAVIGATION 0 1 0 0 38 0. 15504.7
67.70 44 ATTITUDE 0 0 -31
67.70 44 GPS 0 55796776 339502164 0 6163 0 0 68695751 16 0
67.70 44 CALIB_CONTRAST 1246
67.70 44 DOWNLINK_STATUS 67 22775 1441 0 496. 32.
67.82 44 DESIRED 0. -0. 0. 0. 88.6 0.
67.83 44 NAVIGATION 0 1 0 0 38 0. 15504.7
67.91 44 GPS 0 55796776 339502164 0 6163 0 0 68695999 16 0
67.91 44 WP_MOVED 2 558360.375 3395193.25 108.599998
68.00 44 ESTIMATOR 0. 0. 0. 0. 0.
68.12 44 COMMANDS 172,-18,-42,-1084
68.12 44 NAVIGATION 0 1 0 0 38 0. 15504.7
68.12 44 ATTITUDE 0 0 -31
68.12 44 DL_VALUE 37 0.1
68.23 44 GPS 0 55796776 339502164 0 6163 0 0 68696251 16 0
68.23 44 FBW_STATUS 0 0 121
68.23 44 RAD_OF_IR 7 0 0.00152
68.29 44 IR_SENSORS -943 7 1
68.31 44 NAVIGATION 0 1 0 0 38 0. 15504.7
68.42 44 WP_MOVED 3 558278.6875 3395353.75 108.599998
68.42 44 GYRO_RATES -110 -156 -155 0.959931 -1.361357 -1.35263
68.42 44 GPS 0 55796776 339502164 0 6163 0 0 68696499 16 0
68.50 44 ESTIMATOR 0. 0. 0. 0. 0.
68.50 44 BAT 172 121 0 0 120 0 1
68.67 44 DOWNLINK_STATUS 68 23093 1460 0 318. 19.
68.73 44 NAVIGATION 0 1 0 0 38 0. 15504.7
68.73 44 ATTITUDE 0 0 -31
68.73 44 CALIBRATION 0. 0.023 0.067 0
68.73 44 GPS 0 55796776 339502164 0 6163 0 0 68696751 16 0
68.73 44 CALIB_CONTRAST 1246
68.73 44 SERVO 9600 -9600 171
68.84 44 DESIRED 0. -0. 0. 0. 88.6 0.
68.84 44 IR_DEBUG 680 669 680 669
68.84 44 NAVIGATION 0 1 0 0 38 0. 15504.7
68.84 44 WP_MOVED 4 558482.125 3395565.25 108.599998
68.93 44 GPS 0 55796776 339502164 0 6163 0 0 68696999 16 0
68.93 44 ESTIMATOR 0. 0. 0. 0. 0.
69.06 44 COMMANDS 172,-18,-42,-1084
69.06 44 NAVIGATION 0 1 0 0 38 0. 15504.7
69.06 44 ATTITUDE 0 0 -31
69.06 44 DL_VALUE 38 0.
69.07 44 FBW_STATUS 0 0 121
69.15 44 RAD_OF_IR 7 0 0.00152
69.18 44 GPS 0 55796776 339502164 0 6163 0 0 68697251 16 0
69.18 44 IR_SENSORS -943 7 1
69.25 44 NAVIGATION 0 1 0 0 38 0. 15504.7
69.36 44 WP_MOVED 5 558054.375 3395696.75 108.599998
69.36 44 GYRO_RATES -110 -155 -155 0.959931 -1.35263 -1.35263
69.45 44 ESTIMATOR 0. 0. 0. 0. 0.
69.45 44 GPS 0 55796776 339502164 0 6163 0 0 68697499 16 0
69.52 44 NAVIGATION 0 1 0 0 38 0. 15504.7
69.52 44 ATTITUDE 0 0 -31
69.55 44 CALIB_CONTRAST 1246
69.66 44 GPS 0 55796776 339502164 0 6163 0 0 68697751 16 0
69.68 44 DOWNLINK_STATUS 69 23544 1489 0 451. 29.
69.73 44 DESIRED 0. -0. 0. 0. 88.6 0.
69.73 44 NAVIGATION 0 1 0 0 38 0. 15504.7
69.75 44 WP_MOVED 6 558109.8125 3395598. 108.599998
69.92 44 ESTIMATOR 0. 0. 0. 0. 0.
69.92 44 GPS 0 55796776 339502164 0 6163 0 0 68697999 16 0
70.00 44 COMMANDS 172,-18,-42,-1084
70.00 44 NAVIGATION 0 1 0 0 38 0. 15504.7
70.00 44 ATTITUDE 0 0 -32
70.00 44 DL_VALUE 39 0.067
70.00 44 FBW_STATUS 0 0 121
70.09 44 RAD_OF_IR 7 0 0.00152
70.20 44 IR_SENSORS -943 7 1
70.20 44 GPS 0 55796776 339502164 0 6163 0 0 68698251 16 0
70.20 44 NAVIGATION 0 1 0 0 38 0. 15504.7
70.32 44 WP_MOVED 7 558053.6875 3395564.5 108.599998
70.32 44 GYRO_RATES -110 -155 -155 0.959931 -1.35263 -1.35263
70.54 44 ESTIMATOR 0. 0. 0. 0. 0.
70.54 44 BAT 171 121 0 0 122 0 1
70.54 44 GPS 0 55796776 339502164 0 6163 0 0 68698499 16 0
70.54 44 NAVIGATION 0 1 0 0 38 0. 15504.7
70.54 44 ATTITUDE 0 0 -31
70.54 44 CALIBRATION 0. 0.023 0.067 0
70.54 44 CALIB_CONTRAST 1246
70.67 44 DOWNLINK_STATUS 70 23907 1512 0 363. 23.
71.67 44 DOWNLINK_STATUS 71 23907 1512 0 0. 0.
72.67 44 DOWNLINK_STATUS 72 23907 1512 0 0. 0.
73.67 44 DOWNLINK_STATUS 73 23907 1512 0 0. 0.
74.67 44 DOWNLINK_STATUS 74 23907 1512 0 0. 0.
75.67 44 DOWNLINK_STATUS 75 23907 1512 0 0. 0.
76.67 44 DOWNLINK_STATUS 76 23907 1512 0 0. 0.
77.67 44 DOWNLINK_STATUS 77 23907 1512 0 0. 0.
78.67 44 DOWNLINK_STATUS 78 23907 1512 0 0. 0.
79.67 44 DOWNLINK_STATUS 79 23907 1512 0 0. 0.
80.67 44 DOWNLINK_STATUS 80 23907 1512 0 0. 0.
