3.87 34 DOWNLINK_STATUS 2179 685646 43331 0 394. 25.
4.06 34 FBW_STATUS 0 0 124
4.06 34 RAD_OF_IR -2 0 0.00191
4.37 34 WP_MOVED 3 552041.875 3376020.5 50.
4.37 34 GYRO_RATES -4 1 1 0.034907 0.008727 0.008727
4.37 34 GPS 0 55197951 337606767 0 -386 0 0 172627750 16 0
4.37 34 ESTIMATOR 0. 0. 0. 0. 0.
4.51 34 DESIRED -0. -0. 0. 0. 23. 0.
4.51 34 IR_DEBUG 561 564 561 564
4.51 34 NAVIGATION 0 1 0 0 42 0. 0.
4.56 34 WP_MOVED 4 552016. 3376052. 0.
4.79 34 GPS 0 55197951 337606767 0 -386 0 0 172628250 16 0
4.86 34 DOWNLINK_STATUS 2180 685841 43342 0 195. 11.
4.90 34 ESTIMATOR 0. 0. 0. 0. 0.
4.90 34 COMMANDS 172,-7,-26,-2456
4.90 34 NAVIGATION 0 1 0 0 42 0. 0.
4.90 34 ATTITUDE 0 0 -43
4.90 34 DL_VALUE 14 462.
4.90 34 FBW_STATUS 0 0 124
4.90 34 RAD_OF_IR -1 0 0.00191
4.90 34 GPS 0 55197951 337606767 0 -386 0 0 172628498 16 0
4.96 34 IR_SENSORS -788 -1 1
4.97 34 NAVIGATION 0 1 0 0 42 0. 0.
5.07 34 WP_MOVED 0 552058. 3376094. 50.
5.07 34 GYRO_RATES -4 1 2 0.034907 0.008727 0.017453
5.32 34 GPS 0 55197951 337606767 0 -386 0 0 172628750 16 0
5.32 34 ESTIMATOR 0. 0. 0. 0. 0.
5.32 34 NAVIGATION 0 1 0 0 42 0. 0.
5.32 34 ATTITUDE 0 0 -43
5.36 34 CALIB_CONTRAST 995
5.42 34 GPS 0 55197951 337606767 0 -386 0 0 172628998 16 0
5.42 34 DESIRED -0. -0. 0. 0. 23. 0.
5.49 34 NAVIGATION 0 1 0 0 42 0. 0.
5.49 34 WP_MOVED 1 552016. 3376052. 50.
5.80 34 ESTIMATOR 0. 0. 0. 0. 0.
5.80 34 GPS 0 55197951 337606767 0 -386 0 0 172629250 16 0
5.86 34 DOWNLINK_STATUS 2181 686224 43365 0 383. 23.
5.90 34 COMMANDS 173,-9,-28,-2455
5.90 34 NAVIGATION 0 1 0 0 42 0. 0.
5.90 34 ATTITUDE 0 0 -43
5.90 34 DL_VALUE 15 453.
5.90 34 FBW_STATUS 0 0 124
5.90 34 RAD_OF_IR -2 0 0.00191
5.91 34 IR_SENSORS -788 -2 1
5.91 34 GPS 0 55197951 337606767 0 -386 0 0 172629498 16 0
5.91 34 NAVIGATION 0 1 0 0 42 0. 0.
5.98 34 WP_MOVED 2 551981.375 3376075. 50.
5.98 34 GYRO_RATES -4 1 1 0.034907 0.008727 0.008727
6.07 34 ESTIMATOR 0. 0. 0. 0. 0.
6.07 34 BAT 173 124 0 0 57 0 0
6.31 34 GPS 0 55197951 337606767 0 -386 0 0 172629750 16 0
6.31 34 NAVIGATION 0 1 0 0 42 0. 0.
6.31 34 ATTITUDE 0 0 -43
6.31 34 CALIBRATION 0. 0.023 0.074 0
6.51 34 CALIB_CONTRAST 995
6.54 34 SERVO 9600 -933 173
6.54 34 DESIRED -0. -0. 0. 0. 23. 0.
6.54 34 IR_DEBUG 562 564 562 564
6.54 34 GPS 0 55197951 337606767 0 -386 0 0 172629998 16 0
6.54 34 NAVIGATION 0 1 0 0 42 0. 0.
6.54 34 WP_MOVED 3 552041.875 3376020.5 50.
6.56 34 ESTIMATOR 0. 0. 0. 0. 0.
6.82 34 COMMANDS 173,-9,-26,-2456
6.82 34 NAVIGATION 0 1 0 0 42 0. 0.
6.82 34 GPS 0 55197951 337606767 0 -386 0 0 172630250 16 0
6.82 34 ATTITUDE 0 0 -43
6.82 34 DL_VALUE 16 15200.
6.82 34 FBW_STATUS 0 0 124
6.87 34 DOWNLINK_STATUS 2182 686681 43396 0 457. 31.
6.97 34 ATTITUDE 0 0 -43
6.97 34 CALIBRATION 0. 0.023 0.074 0
7.01 34 ESTIMATOR 0. 0. 0. 0. 0.
7.07 34 NAVIGATION 0 1 0 0 42 0. 0.
7.07 34 ATTITUDE 0 0 -43
7.29 34 GPS 0 55197951 337606767 0 -386 0 0 172630750 16 0
7.31 34 CALIB_CONTRAST 995
7.31 34 DESIRED -0. -0. 0. 0. 23. 0.
7.32 34 NAVIGATION 0 1 0 0 42 0. 0.
7.39 34 WP_MOVED 0 552058. 3376094. 50.
7.43 34 GPS 0 55197951 337606767 0 -386 0 0 172630998 16 0
7.46 34 ESTIMATOR 0. 0. 0. 0. 0.
7.58 34 COMMANDS 172,-7,-28,-2456
7.58 34 NAVIGATION 0 1 0 0 42 0. 0.
7.58 34 ATTITUDE 0 0 -43
7.58 34 DL_VALUE 17 12700.
7.80 34 GPS 0 55197951 337606767 0 -386 0 0 172631250 16 0
7.80 34 FBW_STATUS 0 0 124
7.83 34 DOWNLINK_STATUS 6 286 18 0 286. 18.
7.88 34 RAD_OF_IR -1 0 0.00191
7.88 34 ACTUATORS 1499,1500,0,1214,1373
7.88 34 IR_SENSORS -788 -1 1
7.88 34 NAVIGATION 0 1 0 0 42 0. 0.
7.90 34 WP_MOVED 1 552016. 3376052. 50.
7.90 34 GYRO_RATES -4 1 1 0.034907 0.008727 0.008727
7.90 34 GPS 0 55197951 337606767 0 -386 0 0 172631498 16 0
7.98 34 ESTIMATOR 0. 0. 0. 0. 0.
7.98 34 BAT 173 124 0 0 59 0 0
8.07 34 NAVIGATION 0 1 0 0 42 0. 0.
8.07 34 ATTITUDE 0 0 -43
8.07 34 CALIBRATION 0. 0.023 0.074 0
8.30 34 GPS 0 55197951 337606767 0 -386 0 0 172631750 16 0
8.30 34 CALIB_CONTRAST 995
8.30 34 SERVO 9600 -994 173
8.52 34 DESIRED -0. -0. 0. 0. 23. 0.
8.56 34 IR_DEBUG 562 564 562 564
8.56 34 NAVIGATION 0 1 0 0 42 0. 0.
8.56 34 WP_MOVED 2 551981.375 3376075. 50.
8.56 34 PPRZ_MODE 0 0 3 0 0 1 0
8.60 34 GPS 0 55197951 337606767 0 -386 0 0 172631998 16 0
8.60 34 ESTIMATOR 0. 0. 0. 0. 0.
8.60 34 COMMANDS 173,-9,-25,-2456
8.60 34 NAVIGATION 0 1 0 0 42 0. 0.
8.60 34 ATTITUDE 0 0 -43
8.60 34 DL_VALUE 18 9300.
8.81 34 FBW_STATUS 0 0 124
8.81 34 RAD_OF_IR 0 0 0.00191
8.81 34 GPS 0 55197951 337606767 0 -386 0 0 172632250 16 0
8.83 34 DOWNLINK_STATUS 7 726 47 0 440. 29.
8.88 34 IR_SENSORS -788 0 1
8.88 34 NAVIGATION 0 1 0 0 42 0. 0.
8.89 34 WP_MOVED 3 552041.875 3376020.5 50.
8.89 34 GYRO_RATES -4 1 2 0.034907 0.008727 0.017453
8.90 34 ESTIMATOR 0. 0. 0. 0. 0.
8.90 34 GPS 0 55197951 337606767 0 -386 0 0 172632498 16 0
8.97 34 NAVIGATION 0 1 0 0 42 0. 0.
8.97 34 ATTITUDE 0 0 -43
