7.14 3 DOWNLINK_STATUS 6 834 56 0 294. 20.
7.18 3 ESTIMATOR 700. 0. 0. 0. 0.
7.24 3 DL_VALUE 30 0.
7.26 3 NAVIGATION 0 0 0 0 286 0. 570986.7
7.32 3 WP_MOVED 2 358071. 4822161. 0.
7.49 3 COMMANDS 0,-9600,9600,-9600,0
7.52 3 NAVIGATION 0 0 0 0 286 0. 570986.7
7.54 3 ATTITUDE 0 0 0
7.58 3 GYRO_RATES -197 -161 -152 1.719149 -1.40499 1.32645
7.61 3 FBW_STATUS 2 1 124
7.62 3 ESTIMATOR 700. 0. 0. 0. 0.
7.74 3 NAVIGATION 0 0 0 0 286 0. 570986.7
7.79 3 WP_MOVED 0 358113. 4822203. 702.
7.91 3 DESIRED 0. 0. 0. 0. 700. 0.
7.97 3 NAVIGATION 0 0 0 0 286 0. 570986.7
7.99 3 ATTITUDE 0 0 0
8.09 3 ESTIMATOR 700. 0. 0. 0. 0.
8.13 3 DOWNLINK_STATUS 7 1089 72 0 255. 16.
8.14 3 DL_VALUE 31 0.
8.20 3 NAVIGATION 0 0 0 0 286 0. 570986.7
8.26 3 WP_MOVED 1 358824.90625 4822110. 702.
8.43 3 COMMANDS 0,-9600,9600,-9600,0
8.46 3 NAVIGATION 0 0 0 0 286 0. 570986.7
8.48 3 ATTITUDE 0 0 0
8.51 3 GYRO_RATES -197 -162 -152 1.719149 -1.413717 1.32645
8.52 3 FBW_STATUS 2 1 124
8.56 3 ESTIMATOR 700. 0. 0. 0. 0.
8.58 3 BAT 0 124 0 0 31 31 0
8.63 3 CALIBRATION 0. 0.037 0.5 2
8.67 3 NAVIGATION 0 0 0 0 286 0. 570986.7
8.72 3 WP_MOVED 2 358071. 4822161. 0.
8.74 3 SERVO 9600 -9600 0
8.84 3 DESIRED 0. 0. 0. 0. 700. 0.
8.91 3 NAVIGATION 0 0 0 0 286 0. 570986.7
8.92 3 ATTITUDE 0 0 0
9.02 3 ESTIMATOR 700. 0. 0. 0. 0.
9.08 3 DL_VALUE 32 0.045
9.13 3 DOWNLINK_STATUS 8 1366 91 0 277. 19.
9.14 3 NAVIGATION 0 0 0 0 286 0. 570986.7
9.19 3 WP_MOVED 0 358113. 4822203. 702.
9.36 3 COMMANDS 0,-9600,9600,-9600,0
9.40 3 NAVIGATION 0 0 0 0 286 0. 570986.7
9.42 3 ATTITUDE 0 0 0
9.45 3 GYRO_RATES -197 -162 -152 1.719149 -1.413717 1.32645
9.46 3 FBW_STATUS 2 1 124
9.50 3 ESTIMATOR 700. 0. 0. 0. 0.
9.61 3 NAVIGATION 0 0 0 0 286 0. 570986.7
9.66 3 WP_MOVED 1 358824.90625 4822110. 702.
9.78 3 DESIRED 0. 0. 0. 0. 700. 0.
9.84 3 NAVIGATION 0 0 0 0 286 0. 570986.7
9.86 3 ATTITUDE 0 0 0
9.96 3 ESTIMATOR 700. 0. 0. 0. 0.
10.02 3 DL_VALUE 33 0.045
10.08 3 NAVIGATION 0 0 0 0 286 0. 570986.7
10.13 3 WP_MOVED 2 358071. 4822161. 0.
10.13 3 DOWNLINK_STATUS 9 1632 108 0 266. 17.
10.30 3 COMMANDS 0,-9600,9600,-9600,0
10.34 3 NAVIGATION 0 0 0 0 286 0. 570986.7
10.36 3 ATTITUDE 0 0 0
10.39 3 GYRO_RATES -197 -161 -152 1.719149 -1.40499 1.32645
10.40 3 FBW_STATUS 2 1 124
10.43 3 ESTIMATOR 700. 0. 0. 0. 0.
10.46 3 BAT 0 124 0 0 33 33 0
10.50 3 CALIBRATION 0. 0.037 0.5 2
10.55 3 NAVIGATION 0 0 0 0 286 0. 570986.7
10.60 3 WP_MOVED 0 358113. 4822203. 702.
10.64 3 SERVO 9600 -9600 0
10.72 3 DESIRED 0. 0. 0. 0. 700. 0.
10.78 3 NAVIGATION 0 0 0 0 286 0. 570986.7
10.80 3 ATTITUDE 0 0 0
10.90 3 ESTIMATOR 700. 0. 0. 0. 0.
10.96 3 DL_VALUE 34 0.007
11.02 3 NAVIGATION 0 0 0 0 286 0. 570986.7
11.07 3 WP_MOVED 1 358824.90625 4822110. 702.
11.13 3 DOWNLINK_STATUS 10 1902 126 0 270. 18.
11.24 3 COMMANDS 0,-9600,9600,-9600,0
11.27 3 NAVIGATION 0 0 0 0 286 0. 570986.7
11.29 3 ATTITUDE 0 0 0
11.33 3 GYRO_RATES -197 -161 -152 1.719149 -1.40499 1.32645
11.33 3 FBW_STATUS 2 1 124
11.37 3 ESTIMATOR 700. 0. 0. 0. 0.
11.43 3 ACTUATORS 2000,1500,0,1200,2000,1500
11.48 3 NAVIGATION 0 0 0 0 286 0. 570986.7
11.54 3 WP_MOVED 2 358071. 4822161. 0.
11.66 3 DESIRED 0. 0. 0. 0. 700. 0.
11.72 3 NAVIGATION 0 0 0 0 286 0. 570986.7
11.73 3 ATTITUDE 0 0 0
11.76 3 PPRZ_MODE 2 3 1 0 0 6 0
11.84 3 ESTIMATOR 700. 0. 0. 0. 0.
11.89 3 DL_VALUE 35 0.04
11.95 3 NAVIGATION 0 0 0 0 286 0. 570986.7
12.00 3 WP_MOVED 0 358113. 4822203. 702.
12.13 3 DOWNLINK_STATUS 11 2159 143 0 257. 17.
12.18 3 COMMANDS 0,-9600,9600,-9600,0
12.21 3 NAVIGATION 0 0 0 0 286 0. 570986.7
12.23 3 ATTITUDE 0 0 0
12.27 3 GYRO_RATES -197 -161 -152 1.719149 -1.40499 1.32645
12.28 3 FBW_STATUS 2 1 124
12.31 3 ESTIMATOR 700. 0. 0. 0. 0.
12.34 3 BAT 0 124 0 0 35 35 0
12.38 3 CALIBRATION 0. 0.037 0.5 2
12.42 3 NAVIGATION 0 0 0 0 286 0. 570986.7
12.48 3 WP_MOVED 1 358824.90625 4822110. 702.
12.49 3 SERVO 9600 -9600 0
12.60 3 DESIRED 0. 0. 0. 0. 700. 0.
12.66 3 NAVIGATION 0 0 0 0 286 0. 570986.7
12.67 3 ATTITUDE 0 0 0
12.78 3 ESTIMATOR 700. 0. 0. 0. 0.
12.84 3 DL_VALUE 36 0.037
12.90 3 NAVIGATION 0 0 0 0 286 0. 570986.7
12.95 3 WP_MOVED 2 358071. 4822161. 0.
12.97 3 NAVIGATION_REF 358071 4822161 31
13.12 3 COMMANDS 0,-9600,9600,-9600,0
13.14 3 DOWNLINK_STATUS 12 2453 163 0 294. 20.
13.15 3 NAVIGATION 0 0 0 0 286 0. 570986.7
13.17 3 ATTITUDE 0 0 0
13.20 3 GYRO_RATES -197 -161 -152 1.719149 -1.40499 1.32645
13.21 3 FBW_STATUS 2 1 124
13.25 3 ESTIMATOR 700. 0. 0. 0. 0.
13.36 3 NAVIGATION 0 0 0 0 286 0. 570986.7
13.42 3 WP_MOVED 0 358113. 4822203. 702.
13.54 3 DESIRED 0. 0. 0. 0. 700. 0.
13.60 3 NAVIGATION 0 0 0 0 286 0. 570986.7
13.65 3 ATTITUDE 0 0 0
13.72 3 ESTIMATOR 700. 0. 0. 0. 0.
13.77 3 DL_VALUE 37 0.
13.83 3 NAVIGATION 0 0 0 0 286 0. 570986.7
13.88 3 WP_MOVED 1 358824.90625 4822110. 702.
14.06 3 COMMANDS 0,-9600,9600,-9600,0
14.09 3 NAVIGATION 0 0 0 0 286 0. 570986.7
14.14 3 ATTITUDE 0 0 0
14.15 3 DOWNLINK_STATUS 13 2712 180 0 259. 17.
14.15 3 GYRO_RATES -197 -161 -152 1.719149 -1.40499 1.32645
14.16 3 FBW_STATUS 2 1 124
14.19 3 ESTIMATOR 700. 0. 0. 0. 0.
14.21 3 BAT 0 124 0 0 37 37 0
14.26 3 CALIBRATION 0. 0.037 0.5 2
14.30 3 NAVIGATION 0 0 0 0 286 0. 570986.7
14.35 3 WP_MOVED 2 358071. 4822161. 0.
14.38 3 SERVO 9600 -9600 0
14.47 3 DESIRED 0. 0. 0. 0. 700. 0.
14.54 3 NAVIGATION 0 0 0 0 286 0. 570986.7
14.55 3 ATTITUDE 0 0 0
14.65 3 ESTIMATOR 700. 0. 0. 0. 0.
14.71 3 DL_VALUE 38 0.
14.77 3 NAVIGATION 0 0 0 0 286 0. 570986.7
14.82 3 WP_MOVED 0 358113. 4822203. 702.
14.99 3 COMMANDS 0,-9600,9600,-9600,0
15.03 3 NAVIGATION 0 0 0 0 286 0. 570986.7
15.05 3 ATTITUDE 0 0 0
15.08 3 GYRO_RATES -197 -161 -152 1.719149 -1.40499 1.32645
15.09 3 FBW_STATUS 2 1 124
15.14 3 ESTIMATOR 700. 0. 0. 0. 0.
15.15 3 DOWNLINK_STATUS 14 3029 201 0 317. 21.
15.23 3 NAVIGATION 0 0 0 0 286 0. 570986.7
15.29 3 WP_MOVED 1 358824.90625 4822110. 702.
15.41 3 DESIRED 0. 0. 0. 0. 700. 0.
15.47 3 NAVIGATION 0 0 0 0 286 0. 570986.7
15.49 3 ATTITUDE 0 0 0
15.60 3 ESTIMATOR 700. 0. 0. 0. 0.
15.66 3 DL_VALUE 39 0.045
15.71 3 NAVIGATION 0 0 0 0 286 0. 570986.7
15.76 3 WP_MOVED 2 358071. 4822161. 0.
15.93 3 COMMANDS 0,-9600,9600,-9600,0
15.96 3 NAVIGATION 0 0 0 0 286 0. 570986.7
15.98 3 ATTITUDE 0 0 0
16.02 3 GYRO_RATES -197 -161 -151 1.719149 -1.40499 1.317724
16.03 3 FBW_STATUS 2 1 124
16.06 3 ESTIMATOR 700. 0. 0. 0. 0.
16.09 3 BAT 0 124 0 0 39 39 0
16.12 3 ACTUATORS 2000,1500,0,1200,2000,1500
16.16 3 CALIBRATION 0. 0.037 0.5 2
16.16 3 DOWNLINK_STATUS 15 3306 219 0 277. 18.
16.18 3 NAVIGATION 0 0 0 0 286 0. 570986.7
16.23 3 WP_MOVED 0 358113. 4822203. 702.
16.24 3 SERVO 9600 -9600 0
16.35 3 DESIRED 0. 0. 0. 0. 700. 0.
16.41 3 NAVIGATION 0 0 0 0 286 0. 570986.7
16.43 3 ATTITUDE 0 0 0
16.45 3 PPRZ_MODE 2 3 1 0 0 6 0
16.53 3 ESTIMATOR 700. 0. 0. 0. 0.
16.58 3 DL_VALUE 40 0.045
16.65 3 NAVIGATION 0 0 0 0 286 0. 570986.7
16.70 3 WP_MOVED 1 358824.90625 4822110. 702.
16.87 3 COMMANDS 0,-9600,9600,-9600,0
16.90 3 NAVIGATION 0 0 0 0 286 0. 570986.7
16.92 3 ATTITUDE 0 0 0
16.96 3 GYRO_RATES -197 -162 -152 1.719149 -1.413717 1.32645
16.96 3 FBW_STATUS 2 1 124
17.00 3 ESTIMATOR 700. 0. 0. 0. 0.
17.11 3 NAVIGATION 0 0 0 0 286 0. 570986.7
17.16 3 DOWNLINK_STATUS 16 3574 237 0 268. 18.
17.17 3 WP_MOVED 2 358071. 4822161. 0.
17.29 3 DESIRED 0. 0. 0. 0. 700. 0.
17.35 3 NAVIGATION 0 0 0 0 286 0. 570986.7
17.36 3 ATTITUDE 0 0 0
17.46 3 ESTIMATOR 700. 0. 0. 0. 0.
17.52 3 DL_VALUE 0 700.
17.58 3 NAVIGATION 0 0 0 0 286 0. 570986.7
17.63 3 WP_MOVED 0 358113. 4822203. 702.
17.80 3 COMMANDS 0,-9600,9600,-9600,0
17.84 3 NAVIGATION 0 0 0 0 286 0. 570986.7
17.86 3 ATTITUDE 0 0 0
17.89 3 GYRO_RATES -197 -161 -152 1.719149 -1.40499 1.32645
17.90 3 FBW_STATUS 2 1 124
17.94 3 ESTIMATOR 700. 0. 0. 0. 0.
17.96 3 BAT 0 124 0 0 41 41 0
18.01 3 CALIBRATION 0. 0.037 0.5 2
18.05 3 NAVIGATION 0 0 0 0 286 0. 570986.7
18.10 3 WP_MOVED 1 358824.90625 4822110. 702.
18.12 3 SERVO 9600 -9600 0
18.17 3 DOWNLINK_STATUS 17 3859 256 0 285. 19.
18.22 3 DESIRED 0. 0. 0. 0. 700. 0.
18.28 3 NAVIGATION 0 0 0 0 286 0. 570986.7
18.30 3 ATTITUDE 0 0 0
18.40 3 ESTIMATOR 700. 0. 0. 0. 0.
18.46 3 DL_VALUE 1 1.
18.52 3 NAVIGATION 0 0 0 0 286 0. 570986.7
18.57 3 WP_MOVED 2 358071. 4822161. 0.
18.74 3 COMMANDS 0,-9600,9600,-9600,0
18.78 3 NAVIGATION 0 0 0 0 286 0. 570986.7
18.79 3 ATTITUDE 0 0 0
18.83 3 GYRO_RATES -197 -161 -152 1.719149 -1.40499 1.32645
18.84 3 FBW_STATUS 2 1 124
18.88 3 ESTIMATOR 700. 0. 0. 0. 0.
18.99 3 NAVIGATION 0 0 0 0 286 0. 570986.7
19.04 3 WP_MOVED 0 358113. 4822203. 702.
19.15 3 DOWNLINK_STATUS 18 4092 271 0 233. 15.
19.19 3 DESIRED 0. 0. 0. 0. 700. 0.
19.22 3 NAVIGATION 0 0 0 0 286 0. 570986.7
19.24 3 ATTITUDE 0 0 0
19.34 3 ESTIMATOR 700. 0. 0. 0. 0.
19.39 3 DL_VALUE 2 0.
19.46 3 NAVIGATION 0 0 0 0 286 0. 570986.7
19.51 3 WP_MOVED 1 358824.90625 4822110. 702.
19.68 3 COMMANDS 0,-9600,9600,-9600,0
19.72 3 NAVIGATION 0 0 0 0 286 0. 570986.7
19.73 3 ATTITUDE 0 0 0
19.77 3 GYRO_RATES -196 -160 -152 1.710423 -1.396263 1.32645
19.77 3 FBW_STATUS 2 1 124
19.81 3 ESTIMATOR 700. 0. 0. 0. 0.
19.83 3 BAT 0 124 0 0 43 43 0
19.88 3 CALIBRATION 0. 0.037 0.5 2
19.92 3 NAVIGATION 0 0 0 0 286 0. 570986.7
19.98 3 WP_MOVED 2 358071. 4822161. 0.
20.00 3 SERVO 9600 -9600 0
20.10 3 DESIRED 0. 0. 0. 0. 700. 0.
20.15 3 DOWNLINK_STATUS 19 4388 290 0 296. 19.
20.19 3 NAVIGATION 0 0 0 0 286 0. 570986.7
20.19 3 ATTITUDE 0 0 0
20.28 3 ESTIMATOR 700. 0. 0. 0. 0.
20.33 3 DL_VALUE 3 0.
20.39 3 NAVIGATION 0 0 0 0 286 0. 570986.7
20.44 3 WP_MOVED 0 358113. 4822203. 702.
20.62 3 COMMANDS 0,-9600,9600,-9600,0
20.65 3 NAVIGATION 0 0 0 0 286 0. 570986.7
20.69 3 ATTITUDE 0 0 0
20.70 3 GYRO_RATES -197 -161 -152 1.719149 -1.40499 1.32645
20.71 3 FBW_STATUS 2 1 124
20.75 3 ESTIMATOR 700. 0. 0. 0. 0.
20.80 3 ACTUATORS 2000,1500,0,1200,2000,1500
20.86 3 NAVIGATION 0 0 0 0 286 0. 570986.7
20.92 3 WP_MOVED 1 358824.90625 4822110. 702.
21.04 3 DESIRED 0. 0. 0. 0. 700. 0.
21.10 3 NAVIGATION 0 0 0 0 286 0. 570986.7
21.11 3 ATTITUDE 0 0 0
21.14 3 PPRZ_MODE 2 3 1 0 0 6 0
21.18 3 DOWNLINK_STATUS 20 4671 309 0 283. 19.
21.22 3 ESTIMATOR 700. 0. 0. 0. 0.
21.27 3 DL_VALUE 4 2.
21.33 3 NAVIGATION 0 0 0 0 286 0. 570986.7
21.38 3 WP_MOVED 2 358071. 4822161. 0.
21.41 3 NAVIGATION_REF 358071 4822161 31
21.55 3 COMMANDS 0,-9600,9600,-9600,0
21.59 3 NAVIGATION 0 0 0 0 286 0. 570986.7
21.61 3 ATTITUDE 0 0 0
21.64 3 GYRO_RATES -197 -161 -152 1.719149 -1.40499 1.32645
21.69 3 FBW_STATUS 2 1 124
21.69 3 ESTIMATOR 700. 0. 0. 0. 0.
21.71 3 BAT 0 124 0 0 45 45 0
21.76 3 CALIBRATION 0. 0.037 0.5 2
21.80 3 NAVIGATION 0 0 0 0 286 0. 570986.7
21.85 3 WP_MOVED 0 358113. 4822203. 702.
21.87 3 SERVO 9600 -9600 0
21.97 3 DESIRED 0. 0. 0. 0. 700. 0.
22.04 3 NAVIGATION 0 0 0 0 286 0. 570986.7
22.05 3 ATTITUDE 0 0 0
22.15 3 ESTIMATOR 700. 0. 0. 0. 0.
22.16 3 DOWNLINK_STATUS 21 4974 329 0 303. 20.
22.21 3 DL_VALUE 5 0.
22.27 3 NAVIGATION 0 0 0 0 286 0. 570986.7
22.32 3 WP_MOVED 1 358824.90625 4822110. 702.
22.49 3 COMMANDS 0,-9600,9600,-9600,0
22.53 3 NAVIGATION 0 0 0 0 286 0. 570986.7
22.55 3 ATTITUDE 0 0 0
22.58 3 GYRO_RATES -197 -161 -152 1.719149 -1.40499 1.32645
22.59 3 FBW_STATUS 2 1 124
22.62 3 ESTIMATOR 700. 0. 0. 0. 0.
22.74 3 NAVIGATION 0 0 0 0 286 0. 570986.7
22.79 3 WP_MOVED 2 358071. 4822161. 0.
22.91 3 DESIRED 0. 0. 0. 0. 700. 0.
22.97 3 NAVIGATION 0 0 0 0 286 0. 570986.7
22.99 3 ATTITUDE 0 0 0
23.09 3 ESTIMATOR 700. 0. 0. 0. 0.
23.15 3 DL_VALUE 6 0.
23.16 3 DOWNLINK_STATUS 22 5214 345 0 240. 16.
23.21 3 NAVIGATION 0 0 0 0 286 0. 570986.7
23.26 3 WP_MOVED 0 358113. 4822203. 702.
23.43 3 COMMANDS 0,-9600,9600,-9600,0
23.46 3 NAVIGATION 0 0 0 0 286 0. 570986.7
23.48 3 ATTITUDE 0 0 0
23.52 3 GYRO_RATES -197 -162 -152 1.719149 -1.413717 1.32645
23.53 3 FBW_STATUS 2 1 124
23.56 3 ESTIMATOR 700. 0. 0. 0. 0.
23.59 3 BAT 0 124 0 0 47 47 0
23.63 3 CALIBRATION 0. 0.037 0.5 2
23.68 3 NAVIGATION 0 0 0 0 286 0. 570986.7
23.73 3 WP_MOVED 1 358824.90625 4822110. 702.
23.74 3 SERVO 9600 -9600 0
23.85 3 DESIRED 0. 0. 0. 0. 700. 0.
23.91 3 NAVIGATION 0 0 0 0 286 0. 570986.7
23.93 3 ATTITUDE 0 0 0
24.03 3 ESTIMATOR 700. 0. 0. 0. 0.
24.08 3 DL_VALUE 7 0.
24.15 3 NAVIGATION 0 0 0 0 286 0. 570986.7
24.17 3 DOWNLINK_STATUS 23 5502 364 0 288. 19.
24.20 3 WP_MOVED 2 358071. 4822161. 0.
24.37 3 COMMANDS 0,-9600,9600,-9600,0
24.40 3 NAVIGATION 0 0 0 0 286 0. 570986.7
24.42 3 ATTITUDE 0 0 0
24.46 3 GYRO_RATES -197 -162 -152 1.719149 -1.413717 1.32645
24.46 3 FBW_STATUS 2 1 124
24.50 3 ESTIMATOR 700. 0. 0. 0. 0.
24.61 3 NAVIGATION 0 0 0 0 286 0. 570986.7
24.66 3 WP_MOVED 0 358113. 4822203. 702.
24.78 3 DESIRED 0. 0. 0. 0. 700. 0.
24.85 3 NAVIGATION 0 0 0 0 286 0. 570986.7
24.86 3 ATTITUDE 0 0 0
24.96 3 ESTIMATOR 700. 0. 0. 0. 0.
25.02 3 DL_VALUE 8 0.
25.08 3 NAVIGATION 0 0 0 0 286 0. 570986.7
25.13 3 WP_MOVED 1 358824.90625 4822110. 702.
25.17 3 DOWNLINK_STATUS 24 5750 380 0 248. 16.
25.30 3 COMMANDS 0,-9600,9600,-9600,0
25.34 3 NAVIGATION 0 0 0 0 286 0. 570986.7
25.36 3 ATTITUDE 0 0 0
25.39 3 GYRO_RATES -197 -161 -152 1.719149 -1.40499 1.32645
25.40 3 FBW_STATUS 2 1 124
25.44 3 ESTIMATOR 700. 0. 0. 0. 0.
25.46 3 BAT 0 124 0 0 49 49 0
25.49 3 ACTUATORS 2000,1500,0,1200,2000,1500
25.51 3 CALIBRATION 0. 0.037 0.5 2
25.55 3 NAVIGATION 0 0 0 0 286 0. 570986.7
25.60 3 WP_MOVED 2 358071. 4822161. 0.
25.62 3 SERVO 9600 -9600 0
25.72 3 DESIRED 0. 0. 0. 0. 700. 0.
25.78 3 NAVIGATION 0 0 0 0 286 0. 570986.7
25.80 3 ATTITUDE 0 0 0
25.82 3 PPRZ_MODE 2 3 1 0 0 6 0
25.90 3 ESTIMATOR 700. 0. 0. 0. 0.
25.96 3 DL_VALUE 9 515.
26.02 3 NAVIGATION 0 0 0 0 286 0. 570986.7
26.07 3 WP_MOVED 0 358113. 4822203. 702.
26.17 3 DOWNLINK_STATUS 25 6044 400 0 294. 20.
26.24 3 COMMANDS 0,-9600,9600,-9600,0
26.28 3 NAVIGATION 0 0 0 0 286 0. 570986.7
26.29 3 ATTITUDE 0 0 0
26.33 3 GYRO_RATES -197 -161 -152 1.719149 -1.40499 1.32645
26.34 3 FBW_STATUS 2 1 124
26.38 3 ESTIMATOR 700. 0. 0. 0. 0.
26.49 3 NAVIGATION 0 0 0 0 286 0. 570986.7
26.54 3 WP_MOVED 1 358824.90625 4822110. 702.
26.67 3 DESIRED 0. 0. 0. 0. 700. 0.
26.72 3 NAVIGATION 0 0 0 0 286 0. 570986.7
26.74 3 ATTITUDE 0 0 0
26.84 3 ESTIMATOR 700. 0. 0. 0. 0.
26.89 3 DL_VALUE 10 480.
26.96 3 NAVIGATION 0 0 0 0 286 0. 570986.7
27.01 3 WP_MOVED 2 358071. 4822161. 0.
27.17 3 DOWNLINK_STATUS 26 6277 415 0 233. 15.
27.18 3 COMMANDS 0,-9600,9600,-9600,0
27.21 3 NAVIGATION 0 0 0 0 286 0. 570986.7
27.23 3 ATTITUDE 0 0 0
27.27 3 GYRO_RATES -197 -160 -152 1.719149 -1.396263 1.32645
27.27 3 FBW_STATUS 2 1 124
27.31 3 ESTIMATOR 700. 0. 0. 0. 0.
27.33 3 BAT 0 124 0 0 51 51 0
27.38 3 CALIBRATION 0. 0.037 0.5 2
27.42 3 NAVIGATION 0 0 0 0 286 0. 570986.7
27.47 3 WP_MOVED 0 358113. 4822203. 702.
27.50 3 SERVO 9600 -9600 0
27.60 3 DESIRED 0. 0. 0. 0. 700. 0.
27.66 3 NAVIGATION 0 0 0 0 286 0. 570986.7
27.67 3 ATTITUDE 0 0 0
27.78 3 ESTIMATOR 700. 0. 0. 0. 0.
27.83 3 DL_VALUE 11 470.
27.89 3 NAVIGATION 0 0 0 0 286 0. 570986.7
27.94 3 WP_MOVED 1 358824.90625 4822110. 702.
28.12 3 COMMANDS 0,-9600,9600,-9600,0
28.15 3 NAVIGATION 0 0 0 0 286 0. 570986.7
28.17 3 ATTITUDE 0 0 0
28.22 3 DOWNLINK_STATUS 27 6586 436 0 309. 21.
28.22 3 GYRO_RATES -197 -161 -152 1.719149 -1.40499 1.32645
28.22 3 FBW_STATUS 2 1 124
28.25 3 ESTIMATOR 700. 0. 0. 0. 0.
28.36 3 NAVIGATION 0 0 0 0 286 0. 570986.7
28.42 3 WP_MOVED 2 358071. 4822161. 0.
28.54 3 DESIRED 0. 0. 0. 0. 700. 0.
28.60 3 NAVIGATION 0 0 0 0 286 0. 570986.7
28.61 3 ATTITUDE 0 0 0
28.72 3 ESTIMATOR 700. 0. 0. 0. 0.
28.77 3 DL_VALUE 12 1.35
28.83 3 NAVIGATION 0 0 0 0 286 0. 570986.7
28.88 3 WP_MOVED 0 358113. 4822203. 702.
29.05 3 COMMANDS 0,-9600,9600,-9600,0
29.09 3 NAVIGATION 0 0 0 0 286 0. 570986.7
29.11 3 ATTITUDE 0 0 0
29.14 3 GYRO_RATES -197 -161 -152 1.719149 -1.40499 1.32645
29.15 3 FBW_STATUS 2 1 124
29.18 3 DOWNLINK_STATUS 28 6844 453 0 258. 17.
29.22 3 ESTIMATOR 700. 0. 0. 0. 0.
29.22 3 BAT 0 124 0 0 53 53 0
29.26 3 CALIBRATION 0. 0.037 0.5 2
29.30 3 NAVIGATION 0 0 0 0 286 0. 570986.7
29.35 3 WP_MOVED 1 358824.90625 4822110. 702.
29.37 3 SERVO 9600 -9600 0
29.47 3 DESIRED 0. 0. 0. 0. 700. 0.
29.53 3 NAVIGATION 0 0 0 0 286 0. 570986.7
29.55 3 ATTITUDE 0 0 0
29.65 3 ESTIMATOR 700. 0. 0. 0. 0.
29.71 3 DL_VALUE 13 0.
29.77 3 NAVIGATION 0 0 0 0 286 0. 570986.7
29.82 3 WP_MOVED 2 358071. 4822161. 0.
29.84 3 NAVIGATION_REF 358071 4822161 31
29.99 3 COMMANDS 0,-9600,9600,-9600,0
30.03 3 NAVIGATION 0 0 0 0 286 0. 570986.7
30.04 3 ATTITUDE 0 0 0
30.08 3 GYRO_RATES -197 -161 -152 1.719149 -1.40499 1.32645
30.09 3 FBW_STATUS 2 1 124
30.12 3 ESTIMATOR 700. 0. 0. 0. 0.
30.18 3 ACTUATORS 2000,1500,0,1200,2000,1500
30.23 3 DOWNLINK_STATUS 29 7162 474 0 318. 21.
30.24 3 NAVIGATION 0 0 0 0 286 0. 570986.7
30.29 3 WP_MOVED 0 358113. 4822203. 702.
30.41 3 DESIRED 0. 0. 0. 0. 700. 0.
30.47 3 NAVIGATION 0 0 0 0 286 0. 570986.7
30.49 3 ATTITUDE 0 0 0
30.51 3 PPRZ_MODE 2 3 1 0 0 6 0
30.59 3 ESTIMATOR 700. 0. 0. 0. 0.
30.65 3 DL_VALUE 14 0.
30.70 3 NAVIGATION 0 0 0 0 286 0. 570986.7
30.75 3 WP_MOVED 1 358824.90625 4822110. 702.
30.93 3 COMMANDS 0,-9600,9600,-9600,0
30.96 3 NAVIGATION 0 0 0 0 286 0. 570986.7
30.98 3 ATTITUDE 0 0 0
31.01 3 GYRO_RATES -197 -162 -152 1.719149 -1.413717 1.32645
31.03 3 FBW_STATUS 2 1 124
31.06 3 ESTIMATOR 700. 0. 0. 0. 0.
31.08 3 BAT 0 124 0 0 55 55 0
31.13 3 CALIBRATION 0. 0.037 0.5 2
31.17 3 NAVIGATION 0 0 0 0 286 0. 570986.7
31.19 3 DOWNLINK_STATUS 30 7451 493 0 289. 19.
31.24 3 WP_MOVED 2 358071. 4822161. 0.
31.24 3 SERVO 9600 -9600 0
31.35 3 DESIRED 0. 0. 0. 0. 700. 0.
31.41 3 NAVIGATION 0 0 0 0 286 0. 570986.7
31.43 3 ATTITUDE 0 0 0
31.53 3 ESTIMATOR 700. 0. 0. 0. 0.
31.58 3 DL_VALUE 15 0.75
31.64 3 NAVIGATION 0 0 0 0 286 0. 570986.7
31.70 3 WP_MOVED 0 358113. 4822203. 702.
31.87 3 COMMANDS 0,-9600,9600,-9600,0
31.90 3 NAVIGATION 0 0 0 0 286 0. 570986.7
31.92 3 ATTITUDE 0 0 0
31.95 3 GYRO_RATES -197 -161 -152 1.719149 -1.40499 1.32645
31.96 3 FBW_STATUS 2 1 124
32.00 3 ESTIMATOR 700. 0. 0. 0. 0.
32.11 3 NAVIGATION 0 0 0 0 286 0. 570986.7
32.16 3 WP_MOVED 1 358824.90625 4822110. 702.
32.20 3 DOWNLINK_STATUS 31 7707 510 0 256. 17.
32.28 3 DESIRED 0. 0. 0. 0. 700. 0.
32.35 3 NAVIGATION 0 0 0 0 286 0. 570986.7
32.36 3 ATTITUDE 0 0 0
32.46 3 ESTIMATOR 700. 0. 0. 0. 0.
32.52 3 DL_VALUE 16 33600.
32.58 3 NAVIGATION 0 0 0 0 286 0. 570986.7
32.63 3 WP_MOVED 2 358071. 4822161. 0.
32.80 3 COMMANDS 0,-9600,9600,-9600,0
32.84 3 NAVIGATION 0 0 0 0 286 0. 570986.7
32.85 3 ATTITUDE 0 0 0
32.89 3 GYRO_RATES -197 -161 -152 1.719149 -1.40499 1.32645
32.90 3 FBW_STATUS 2 1 124
32.93 3 ESTIMATOR 700. 0. 0. 0. 0.
32.96 3 BAT 0 124 0 0 57 57 0
33.01 3 CALIBRATION 0. 0.037 0.5 2
33.05 3 NAVIGATION 0 0 0 0 286 0. 570986.7
33.10 3 WP_MOVED 0 358113. 4822203. 702.
33.12 3 SERVO 9600 -9600 0
33.20 3 DOWNLINK_STATUS 32 7977 528 0 270. 18.
33.22 3 DESIRED 0. 0. 0. 0. 700. 0.
33.28 3 NAVIGATION 0 0 0 0 286 0. 570986.7
33.30 3 ATTITUDE 0 0 0
33.40 3 ESTIMATOR 700. 0. 0. 0. 0.
33.46 3 DL_VALUE 17 33600.
33.51 3 NAVIGATION 0 0 0 0 286 0. 570986.7
33.57 3 WP_MOVED 1 358824.90625 4822110. 702.
33.75 3 COMMANDS 0,-9600,9600,-9600,0
33.77 3 NAVIGATION 0 0 0 0 286 0. 570986.7
33.79 3 ATTITUDE 0 0 0
33.83 3 GYRO_RATES -197 -161 -152 1.719149 -1.40499 1.32645
33.84 3 FBW_STATUS 2 1 124
33.87 3 ESTIMATOR 700. 0. 0. 0. 0.
33.99 3 NAVIGATION 0 0 0 0 286 0. 570986.7
34.04 3 WP_MOVED 2 358071. 4822161. 0.
34.16 3 DESIRED 0. 0. 0. 0. 700. 0.
34.21 3 DOWNLINK_STATUS 33 8236 544 0 259. 16.
34.25 3 NAVIGATION 0 0 0 0 286 0. 570986.7
34.25 3 ATTITUDE 0 0 0
34.34 3 ESTIMATOR 700. 0. 0. 0. 0.
34.39 3 DL_VALUE 18 0.75
34.46 3 NAVIGATION 0 0 0 0 286 0. 570986.7
34.51 3 WP_MOVED 0 358113. 4822203. 702.
34.68 3 COMMANDS 0,-9600,9600,-9600,0
34.72 3 NAVIGATION 0 0 0 0 286 0. 570986.7
34.76 3 ATTITUDE 0 0 0
34.77 3 GYRO_RATES -197 -160 -152 1.719149 -1.396263 1.32645
34.77 3 FBW_STATUS 2 1 124
34.81 3 ESTIMATOR 700. 0. 0. 0. 0.
34.83 3 BAT 0 124 0 0 59 59 0
34.87 3 ACTUATORS 2000,1500,0,1200,2000,1500
34.90 3 CALIBRATION 0. 0.037 0.5 2
34.93 3 NAVIGATION 0 0 0 0 286 0. 570986.7
34.97 3 WP_MOVED 1 358824.90625 4822110. 702.
35.00 3 SERVO 9600 -9600 0
35.09 3 DESIRED 0. 0. 0. 0. 700. 0.
35.16 3 NAVIGATION 0 0 0 0 286 0. 570986.7
35.17 3 ATTITUDE 0 0 0
35.19 3 PPRZ_MODE 2 3 1 0 0 6 0
35.21 3 DOWNLINK_STATUS 34 8556 566 0 320. 22.
35.27 3 ESTIMATOR 700. 0. 0. 0. 0.
35.33 3 DL_VALUE 19 21500.
35.39 3 NAVIGATION 0 0 0 0 286 0. 570986.7
35.44 3 WP_MOVED 2 358071. 4822161. 0.
35.61 3 COMMANDS 0,-9600,9600,-9600,0
35.65 3 NAVIGATION 0 0 0 0 286 0. 570986.7
35.67 3 ATTITUDE 0 0 0
35.70 3 GYRO_RATES -197 -161 -152 1.719149 -1.40499 1.32645
35.71 3 FBW_STATUS 2 1 124
35.75 3 ESTIMATOR 700. 0. 0. 0. 0.
35.86 3 NAVIGATION 0 0 0 0 286 0. 570986.7
35.91 3 WP_MOVED 0 358113. 4822203. 702.
36.04 3 DESIRED 0. 0. 0. 0. 700. 0.
36.09 3 NAVIGATION 0 0 0 0 286 0. 570986.7
36.11 3 ATTITUDE 0 0 0
36.22 3 ESTIMATOR 700. 0. 0. 0. 0.
36.22 3 DOWNLINK_STATUS 35 8811 582 0 255. 16.
36.29 3 DL_VALUE 20 21500.
36.33 3 NAVIGATION 0 0 0 0 286 0. 570986.7
36.38 3 WP_MOVED 1 358824.90625 4822110. 702.
36.55 3 COMMANDS 0,-9600,9600,-9600,0
36.59 3 NAVIGATION 0 0 0 0 286 0. 570986.7
36.61 3 ATTITUDE 0 0 0
36.65 3 GYRO_RATES -197 -161 -152 1.719149 -1.40499 1.32645
36.65 3 FBW_STATUS 2 1 124
36.68 3 ESTIMATOR 700. 0. 0. 0. 0.
36.71 3 BAT 0 124 0 0 61 61 0
36.75 3 CALIBRATION 0. 0.037 0.5 2
36.80 3 NAVIGATION 0 0 0 0 286 0. 570986.7
36.86 3 WP_MOVED 2 358071. 4822161. 0.
36.87 3 SERVO 9600 -9600 0
36.97 3 DESIRED 0. 0. 0. 0. 700. 0.
37.03 3 NAVIGATION 0 0 0 0 286 0. 570986.7
37.05 3 ATTITUDE 0 0 0
37.15 3 ESTIMATOR 700. 0. 0. 0. 0.
37.21 3 DL_VALUE 21 0.75
37.22 3 DOWNLINK_STATUS 36 9088 601 0 277. 19.
37.27 3 NAVIGATION 0 0 0 0 286 0. 570986.7
37.32 3 WP_MOVED 0 358113. 4822203. 702.
37.49 3 COMMANDS 0,-9600,9600,-9600,0
37.52 3 NAVIGATION 0 0 0 0 286 0. 570986.7
37.54 3 ATTITUDE 0 0 0
37.59 3 GYRO_RATES -197 -161 -152 1.719149 -1.40499 1.32645
37.59 3 FBW_STATUS 2 1 124
37.62 3 ESTIMATOR 700. 0. 0. 0. 0.
37.74 3 NAVIGATION 0 0 0 0 286 0. 570986.7
37.79 3 WP_MOVED 1 358824.90625 4822110. 702.
37.91 3 DESIRED 0. 0. 0. 0. 700. 0.
37.97 3 NAVIGATION 0 0 0 0 286 0. 570986.7
37.99 3 ATTITUDE 0 0 0
38.10 3 ESTIMATOR 700. 0. 0. 0. 0.
38.15 3 DL_VALUE 22 20400.
38.20 3 NAVIGATION 0 0 0 0 286 0. 570986.7
38.23 3 DOWNLINK_STATUS 37 9339 617 0 251. 16.
38.27 3 WP_MOVED 2 358071. 4822161. 0.
38.28 3 NAVIGATION_REF 358071 4822161 31
38.43 3 COMMANDS 0,-9600,9600,-9600,0
38.46 3 NAVIGATION 0 0 0 0 286 0. 570986.7
38.48 3 ATTITUDE 0 0 0
38.51 3 GYRO_RATES -197 -161 -152 1.719149 -1.40499 1.32645
38.53 3 FBW_STATUS 2 1 124
38.56 3 ESTIMATOR 700. 0. 0. 0. 0.
38.58 3 BAT 0 124 0 0 63 63 0
38.63 3 CALIBRATION 0. 0.037 0.5 2
38.67 3 NAVIGATION 0 0 0 0 286 0. 570986.7
38.72 3 WP_MOVED 0 358113. 4822203. 702.
38.74 3 SERVO 9600 -9600 0
38.85 3 DESIRED 0. 0. 0. 0. 700. 0.
38.91 3 NAVIGATION 0 0 0 0 286 0. 570986.7
38.92 3 ATTITUDE 0 0 0
39.02 3 ESTIMATOR 700. 0. 0. 0. 0.
39.08 3 DL_VALUE 23 20400.
39.14 3 NAVIGATION 0 0 0 0 286 0. 570986.7
39.19 3 WP_MOVED 1 358824.90625 4822110. 702.
39.24 3 DOWNLINK_STATUS 38 9635 637 0 296. 20.
39.37 3 COMMANDS 0,-9600,9600,-9600,0
39.40 3 NAVIGATION 0 0 0 0 286 0. 570986.7
39.42 3 ATTITUDE 0 0 0
39.45 3 GYRO_RATES -197 -162 -152 1.719149 -1.413717 1.32645
39.46 3 FBW_STATUS 2 1 124
39.50 3 ESTIMATOR 700. 0. 0. 0. 0.
39.55 3 ACTUATORS 2000,1500,0,1200,2000,1500
39.61 3 NAVIGATION 0 0 0 0 286 0. 570986.7
39.66 3 WP_MOVED 2 358071. 4822161. 0.
39.78 3 DESIRED 0. 0. 0. 0. 700. 0.
39.85 3 NAVIGATION 0 0 0 0 286 0. 570986.7
39.86 3 ATTITUDE 0 0 0
39.88 3 PPRZ_MODE 2 3 1 0 0 6 0
39.96 3 ESTIMATOR 700. 0. 0. 0. 0.
40.02 3 DL_VALUE 24 0.3
40.08 3 NAVIGATION 0 0 0 0 286 0. 570986.7
40.13 3 WP_MOVED 0 358113. 4822203. 702.
40.24 3 DOWNLINK_STATUS 39 9892 654 0 257. 17.
40.30 3 COMMANDS 0,-9600,9600,-9600,0
40.34 3 NAVIGATION 0 0 0 0 286 0. 570986.7
40.35 3 ATTITUDE 0 0 0
40.39 3 GYRO_RATES -197 -161 -152 1.719149 -1.40499 1.32645
40.40 3 FBW_STATUS 2 1 124
40.43 3 ESTIMATOR 700. 0. 0. 0. 0.
40.46 3 BAT 0 124 0 0 65 65 0
40.51 3 CALIBRATION 0. 0.037 0.5 2
40.55 3 NAVIGATION 0 0 0 0 286 0. 570986.7
40.60 3 WP_MOVED 1 358824.90625 4822110. 702.
40.62 3 SERVO 9600 -9600 0
40.72 3 DESIRED 0. 0. 0. 0. 700. 0.
40.79 3 NAVIGATION 0 0 0 0 286 0. 570986.7
40.83 3 ATTITUDE 0 0 0
40.90 3 ESTIMATOR 700. 0. 0. 0. 0.
40.96 3 DL_VALUE 25 0.3
41.01 3 NAVIGATION 0 0 0 0 286 0. 570986.7
41.07 3 WP_MOVED 2 358071. 4822161. 0.
41.24 3 COMMANDS 0,-9600,9600,-9600,0
41.24 3 DOWNLINK_STATUS 40 10175 673 0 283. 19.
41.29 3 NAVIGATION 0 0 0 0 286 0. 570986.7
41.29 3 ATTITUDE 0 0 0
41.33 3 GYRO_RATES -197 -161 -152 1.719149 -1.40499 1.32645
41.34 3 FBW_STATUS 2 1 124
41.37 3 ESTIMATOR 700. 0. 0. 0. 0.
41.49 3 NAVIGATION 0 0 0 0 286 0. 570986.7
41.53 3 WP_MOVED 0 358113. 4822203. 702.
41.66 3 DESIRED 0. 0. 0. 0. 700. 0.
41.72 3 NAVIGATION 0 0 0 0 286 0. 570986.7
41.73 3 ATTITUDE 0 0 0
41.84 3 ESTIMATOR 700. 0. 0. 0. 0.
41.89 3 DL_VALUE 26 0.360007
41.95 3 NAVIGATION 0 0 0 0 286 0. 570986.7
42.01 3 WP_MOVED 1 358824.90625 4822110. 702.
42.18 3 COMMANDS 0,-9600,9600,-9600,0
42.21 3 NAVIGATION 0 0 0 0 286 0. 570986.7
42.23 3 ATTITUDE 0 0 0
42.25 3 DOWNLINK_STATUS 41 10434 690 0 259. 17.
42.29 3 GYRO_RATES -197 -161 -151 1.719149 -1.40499 1.317724
42.29 3 FBW_STATUS 2 1 124
42.31 3 ESTIMATOR 700. 0. 0. 0. 0.
42.33 3 BAT 0 124 0 0 66 66 0
42.38 3 CALIBRATION 0. 0.037 0.5 2
42.42 3 NAVIGATION 0 0 0 0 286 0. 570986.7
42.47 3 WP_MOVED 2 358071. 4822161. 0.
42.49 3 SERVO 9600 -9600 0
42.59 3 DESIRED 0. 0. 0. 0. 700. 0.
42.66 3 NAVIGATION 0 0 0 0 286 0. 570986.7
42.67 3 ATTITUDE 0 0 0
42.78 3 ESTIMATOR 700. 0. 0. 0. 0.
42.83 3 DL_VALUE 27 0.007
42.89 3 NAVIGATION 0 0 0 0 286 0. 570986.7
42.94 3 WP_MOVED 0 358113. 4822203. 702.
43.11 3 COMMANDS 0,-9600,9600,-9600,0
43.15 3 NAVIGATION 0 0 0 0 286 0. 570986.7
43.18 3 ATTITUDE 0 0 0
43.21 3 GYRO_RATES -197 -161 -152 1.719149 -1.40499 1.32645
43.22 3 FBW_STATUS 2 1 124
43.26 3 ESTIMATOR 700. 0. 0. 0. 0.
43.30 3 DOWNLINK_STATUS 42 10751 711 0 317. 21.
43.36 3 NAVIGATION 0 0 0 0 286 0. 570986.7
43.42 3 WP_MOVED 1 358824.90625 4822110. 702.
43.55 3 DESIRED 0. 0. 0. 0. 700. 0.
43.60 3 NAVIGATION 0 0 0 0 286 0. 570986.7
43.61 3 ATTITUDE 0 0 0
43.71 3 ESTIMATOR 700. 0. 0. 0. 0.
43.77 3 DL_VALUE 28 0.04
43.83 3 NAVIGATION 0 0 0 0 286 0. 570986.7
43.88 3 WP_MOVED 2 358071. 4822161. 0.
44.05 3 COMMANDS 0,-9600,9600,-9600,0
44.09 3 NAVIGATION 0 0 0 0 286 0. 570986.7
44.11 3 ATTITUDE 0 0 0
44.14 3 GYRO_RATES -197 -161 -152 1.719149 -1.40499 1.32645
44.15 3 FBW_STATUS 2 1 124
44.18 3 ESTIMATOR 700. 0. 0. 0. 0.
44.21 3 BAT 0 124 0 0 68 68 0
44.24 3 ACTUATORS 2000,1500,0,1200,2000,1500
44.27 3 CALIBRATION 0. 0.037 0.5 2
44.31 3 DOWNLINK_STATUS 43 11028 729 0 277. 18.
44.31 3 NAVIGATION 0 0 0 0 286 0. 570986.7
44.35 3 WP_MOVED 0 358113. 4822203. 702.
44.37 3 SERVO 9600 -9600 0
44.47 3 DESIRED 0. 0. 0. 0. 700. 0.
44.53 3 NAVIGATION 0 0 0 0 286 0. 570986.7
44.56 3 ATTITUDE 0 0 0
44.57 3 PPRZ_MODE 2 3 1 0 0 6 0
44.67 3 ESTIMATOR 700. 0. 0. 0. 0.
44.71 3 DL_VALUE 29 0.037
44.77 3 NAVIGATION 0 0 0 0 286 0. 570986.7
44.82 3 WP_MOVED 1 358824.90625 4822110. 702.
45.00 3 COMMANDS 0,-9600,9600,-9600,0
45.04 3 NAVIGATION 0 0 0 0 286 0. 570986.7
45.04 3 ATTITUDE 0 0 0
45.07 3 GYRO_RATES -197 -161 -152 1.719149 -1.40499 1.32645
45.09 3 FBW_STATUS 2 1 124
45.12 3 ESTIMATOR 700. 0. 0. 0. 0.
45.25 3 NAVIGATION 0 0 0 0 286 0. 570986.7
45.27 3 DOWNLINK_STATUS 44 11296 747 0 268. 18.
45.31 3 WP_MOVED 2 358071. 4822161. 0.
45.41 3 DESIRED 0. 0. 0. 0. 700. 0.
45.47 3 NAVIGATION 0 0 0 0 286 0. 570986.7
45.49 3 ATTITUDE 0 0 0
45.59 3 ESTIMATOR 700. 0. 0. 0. 0.
45.64 3 DL_VALUE 30 0.
45.70 3 NAVIGATION 0 0 0 0 286 0. 570986.7
45.76 3 WP_MOVED 0 358113. 4822203. 702.
45.93 3 COMMANDS 0,-9600,9600,-9600,0
45.97 3 NAVIGATION 0 0 0 0 286 0. 570986.7
45.98 3 ATTITUDE 0 0 0
46.02 3 GYRO_RATES -197 -162 -152 1.719149 -1.413717 1.32645
46.02 3 FBW_STATUS 2 1 124
46.07 3 ESTIMATOR 700. 0. 0. 0. 0.
46.10 3 BAT 0 124 0 0 70 70 0
46.13 3 CALIBRATION 0. 0.037 0.5 2
46.17 3 NAVIGATION 0 0 0 0 286 0. 570986.7
46.22 3 WP_MOVED 1 358824.90625 4822110. 702.
46.25 3 SERVO 9600 -9600 0
46.28 3 DOWNLINK_STATUS 45 11581 766 0 285. 19.
46.35 3 DESIRED 0. 0. 0. 0. 700. 0.
46.41 3 NAVIGATION 0 0 0 0 286 0. 570986.7
46.42 3 ATTITUDE 0 0 0
46.52 3 ESTIMATOR 700. 0. 0. 0. 0.
46.58 3 DL_VALUE 31 0.
46.64 3 NAVIGATION 0 0 0 0 286 0. 570986.7
46.69 3 WP_MOVED 2 358071. 4822161. 0.
46.72 3 NAVIGATION_REF 358071 4822161 31
46.86 3 COMMANDS 0,-9600,9600,-9600,0
46.90 3 NAVIGATION 0 0 0 0 286 0. 570986.7
46.92 3 ATTITUDE 0 0 0
46.95 3 GYRO_RATES -197 -162 -152 1.719149 -1.413717 1.32645
46.96 3 FBW_STATUS 2 1 124
47.00 3 ESTIMATOR 700. 0. 0. 0. 0.
47.11 3 NAVIGATION 0 0 0 0 286 0. 570986.7
47.16 3 WP_MOVED 0 358113. 4822203. 702.
47.28 3 DESIRED 0. 0. 0. 0. 700. 0.
47.28 3 DOWNLINK_STATUS 46 11851 783 0 270. 17.
47.34 3 NAVIGATION 0 0 0 0 286 0. 570986.7
47.36 3 ATTITUDE 0 0 0
47.46 3 ESTIMATOR 700. 0. 0. 0. 0.
47.52 3 DL_VALUE 32 0.045
47.58 3 NAVIGATION 0 0 0 0 286 0. 570986.7
47.63 3 WP_MOVED 1 358824.90625 4822110. 702.
47.82 3 COMMANDS 0,-9600,9600,-9600,0
47.83 3 NAVIGATION 0 0 0 0 286 0. 570986.7
47.85 3 ATTITUDE 0 0 0
47.90 3 GYRO_RATES -197 -161 -152 1.719149 -1.40499 1.32645
47.90 3 FBW_STATUS 2 1 124
47.93 3 ESTIMATOR 700. 0. 0. 0. 0.
47.96 3 BAT 0 124 0 0 72 72 0
48.00 3 CALIBRATION 0. 0.037 0.5 2
48.05 3 NAVIGATION 0 0 0 0 286 0. 570986.7
48.10 3 WP_MOVED 2 358071. 4822161. 0.
48.12 3 SERVO 9600 -9600 0
48.22 3 DESIRED 0. 0. 0. 0. 700. 0.
48.29 3 NAVIGATION 0 0 0 0 286 0. 570986.7
48.33 3 DOWNLINK_STATUS 47 12139 802 0 288. 19.
48.33 3 ATTITUDE 0 0 0
48.40 3 ESTIMATOR 700. 0. 0. 0. 0.
48.45 3 DL_VALUE 33 0.045
48.51 3 NAVIGATION 0 0 0 0 286 0. 570986.7
48.57 3 WP_MOVED 0 358113. 4822203. 702.
48.74 3 COMMANDS 0,-9600,9600,-9600,0
48.77 3 NAVIGATION 0 0 0 0 286 0. 570986.7
48.80 3 ATTITUDE 0 0 0
48.84 3 GYRO_RATES -197 -161 -152 1.719149 -1.40499 1.32645
48.84 3 FBW_STATUS 2 1 124
48.87 3 ESTIMATOR 700. 0. 0. 0. 0.
48.93 3 ACTUATORS 2000,1500,0,1200,2000,1500
48.99 3 NAVIGATION 0 0 0 0 286 0. 570986.7
49.04 3 WP_MOVED 1 358824.90625 4822110. 702.
49.16 3 DESIRED 0. 0. 0. 0. 700. 0.
49.22 3 NAVIGATION 0 0 0 0 286 0. 570986.7
49.23 3 ATTITUDE 0 0 0
49.25 3 PPRZ_MODE 2 3 1 0 0 6 0
49.30 3 DOWNLINK_STATUS 48 12404 820 0 265. 18.
49.34 3 ESTIMATOR 700. 0. 0. 0. 0.
49.39 3 DL_VALUE 34 0.007
49.45 3 NAVIGATION 0 0 0 0 286 0. 570986.7
49.51 3 WP_MOVED 2 358071. 4822161. 0.
49.67 3 COMMANDS 0,-9600,9600,-9600,0
49.71 3 NAVIGATION 0 0 0 0 286 0. 570986.7
49.73 3 ATTITUDE 0 0 0
49.76 3 GYRO_RATES -197 -160 -152 1.719149 -1.396263 1.32645
49.77 3 FBW_STATUS 2 1 124
49.81 3 ESTIMATOR 700. 0. 0. 0. 0.
49.85 3 BAT 0 124 0 0 74 74 0
49.88 3 CALIBRATION 0. 0.037 0.5 2
49.92 3 NAVIGATION 0 0 0 0 286 0. 570986.7
49.97 3 WP_MOVED 0 358113. 4822203. 702.
49.99 3 SERVO 9600 -9600 0
50.10 3 DESIRED 0. 0. 0. 0. 700. 0.
50.17 3 NAVIGATION 0 0 0 0 286 0. 570986.7
50.18 3 ATTITUDE 0 0 0
50.27 3 ESTIMATOR 700. 0. 0. 0. 0.
50.30 3 DOWNLINK_STATUS 49 12696 839 0 292. 19.
50.33 3 DL_VALUE 35 0.04
50.39 3 NAVIGATION 0 0 0 0 286 0. 570986.7
50.44 3 WP_MOVED 1 358824.90625 4822110. 702.
50.61 3 COMMANDS 0,-9600,9600,-9600,0
50.65 3 NAVIGATION 0 0 0 0 286 0. 570986.7
50.67 3 ATTITUDE 0 0 0
50.70 3 GYRO_RATES -197 -161 -152 1.719149 -1.40499 1.32645
50.71 3 FBW_STATUS 2 1 124
50.75 3 ESTIMATOR 700. 0. 0. 0. 0.
50.87 3 NAVIGATION 0 0 0 0 286 0. 570986.7
50.91 3 WP_MOVED 2 358071. 4822161. 0.
51.03 3 DESIRED 0. 0. 0. 0. 700. 0.
51.09 3 NAVIGATION 0 0 0 0 286 0. 570986.7
51.11 3 ATTITUDE 0 0 0
51.21 3 ESTIMATOR 700. 0. 0. 0. 0.
51.27 3 DL_VALUE 36 0.037
51.30 3 DOWNLINK_STATUS 50 12936 855 0 240. 16.
51.33 3 NAVIGATION 0 0 0 0 286 0. 570986.7
51.38 3 WP_MOVED 0 358113. 4822203. 702.
51.55 3 COMMANDS 0,-9600,9600,-9600,0
51.59 3 NAVIGATION 0 0 0 0 286 0. 570986.7
51.61 3 ATTITUDE 0 0 0
51.64 3 GYRO_RATES -197 -161 -152 1.719149 -1.40499 1.32645
51.65 3 FBW_STATUS 2 1 124
51.68 3 ESTIMATOR 700. 0. 0. 0. 0.
51.71 3 BAT 0 124 0 0 76 76 0
51.75 3 CALIBRATION 0. 0.037 0.5 2
51.79 3 NAVIGATION 0 0 0 0 286 0. 570986.7
51.85 3 WP_MOVED 1 358824.90625 4822110. 702.
51.89 3 SERVO 9600 -9600 0
51.97 3 DESIRED 0. 0. 0. 0. 700. 0.
52.03 3 NAVIGATION 0 0 0 0 286 0. 570986.7
52.05 3 ATTITUDE 0 0 0
52.15 3 ESTIMATOR 700. 0. 0. 0. 0.
52.21 3 DL_VALUE 37 0.
52.27 3 NAVIGATION 0 0 0 0 286 0. 570986.7
52.30 3 DOWNLINK_STATUS 51 13224 874 0 288. 19.
52.32 3 WP_MOVED 2 358071. 4822161. 0.
52.49 3 COMMANDS 0,-9600,9600,-9600,0
52.52 3 NAVIGATION 0 0 0 0 286 0. 570986.7
52.54 3 ATTITUDE 0 0 0
52.57 3 GYRO_RATES -197 -161 -152 1.719149 -1.40499 1.32645
52.59 3 FBW_STATUS 2 1 124
52.62 3 ESTIMATOR 700. 0. 0. 0. 0.
52.73 3 NAVIGATION 0 0 0 0 286 0. 570986.7
52.80 3 WP_MOVED 0 358113. 4822203. 702.
