5.56 8 ENOSE_STATUS 0 0 0 0. 0. 0. 237
5.60 8 GPS 0 0 0 0 0 0 0 0 0 0
5.65 8 ENOSE_STATUS 237 60909 0 51.091473 -0.985724 inf 237
5.67 8 FBW_STATUS 2 1 124
5.70 8 ESTIMATOR 0. 0. 0. 0. 0.
5.77 8 NAVIGATION 0 1 0 0 286 0. 140.5
5.78 8 DOWNLINK_STATUS 4 127 8 0 127. 8.
5.79 8 WP_MOVED 0 497617. 3565540. 770.
5.81 8 SERVO 9600 -9600 0
5.85 8 ENOSE_STATUS 237 60909 0 51.091473 -0.985724 inf 237
5.90 8 GPS 0 0 0 0 0 0 0 1748 0 0
5.93 8 DESIRED 0. 0. 0. 0. 761. 0.
5.95 8 IR_DEBUG 693 683 693 683
5.98 8 NAVIGATION 0 1 0 0 286 0. 140.5
6.00 8 ATTITUDE 1 0 -45
6.04 8 ENOSE_STATUS 237 60909 0 51.091473 -0.985724 inf 237
6.09 8 ESTIMATOR 0. 0. 0. 0. 0.
6.16 8 GPS 0 0 0 0 0 0 0 2000 0 0
6.17 8 DL_VALUE 2 0.
6.21 8 NAVIGATION 0 1 0 0 286 0. 140.5
6.25 8 WP_MOVED 1 497586.6875 3565500. 770.
6.28 8 RAD_OF_IR 6 0 0.00211
6.32 8 ENOSE_STATUS 237 60909 0 51.091473 -0.985724 inf 237
6.33 8 IR_SENSORS -961 7 1
6.40 8 GPS 0 0 0 0 0 0 0 2248 0 0
6.42 8 COMMANDS 0,-9600,9600,-9600
6.46 8 NAVIGATION 0 1 0 0 286 0. 140.5
6.48 8 ATTITUDE 1 0 -45
6.51 8 GYRO_RATES -152 -86 -155 1.32645 -0.750492 1.35263
6.54 8 ENOSE_STATUS 237 60909 0 51.091473 -0.985724 inf 237
6.58 8 FBW_STATUS 2 1 124
6.59 8 ESTIMATOR 0. 0. 0. 0. 0.
6.65 8 GPS 0 0 0 0 0 0 0 2500 0 0
6.69 8 NAVIGATION 0 1 0 0 286 0. 140.5
6.72 8 WP_MOVED 2 497622.6875 3565498.5 770.
6.77 8 ENOSE_STATUS 237 60909 0 51.091473 -0.985724 inf 237
6.78 8 DOWNLINK_STATUS 5 622 37 0 495. 29.
6.85 8 DESIRED 0. 0. 0. 0. 761. 0.
6.90 8 GPS 0 0 0 0 0 0 0 2748 0 0
6.93 8 NAVIGATION 0 1 0 0 286 0. 140.5
6.94 8 ATTITUDE 1 0 -45
6.98 8 ENOSE_STATUS 237 60909 0 51.091473 -0.985724 inf 237
7.03 8 ESTIMATOR 0. 0. 0. 0. 0.
7.08 8 DL_VALUE 3 0.
7.16 8 GPS 0 0 0 0 0 0 0 3000 0 0
7.18 8 NAVIGATION 0 1 0 0 286 0. 140.5
7.21 8 WP_MOVED 3 497546.40625 3565495.5 770.
7.23 8 RAD_OF_IR 6 0 0.00211
7.26 8 ENOSE_STATUS 237 60909 0 51.091473 -0.985724 inf 237
7.28 8 IR_SENSORS -962 6 1
7.36 8 COMMANDS 0,-9600,9600,-9600
7.39 8 NAVIGATION 0 1 0 0 286 0. 140.5
7.44 8 GPS 0 0 0 0 0 0 0 3248 0 0
7.46 8 ATTITUDE 1 0 -45
7.49 8 GYRO_RATES -152 -86 -155 1.32645 -0.750492 1.35263
7.52 8 ENOSE_STATUS 237 60909 0 51.091473 -0.985724 inf 237
7.54 8 FBW_STATUS 2 1 123
7.58 8 ESTIMATOR 0. 0. 0. 0. 0.
7.59 8 BAT 0 124 0 0 4 1 0
7.62 8 CALIBRATION 0. 0.02 0.5 0
7.65 8 NAVIGATION 0 1 0 0 286 0. 140.5
7.69 8 GPS 0 0 0 0 0 0 0 3500 0 0
7.71 8 WP_MOVED 4 497575. 3565498. 0.
7.73 8 SERVO 9600 -9600 0
7.76 8 ENOSE_STATUS 237 60909 0 51.091473 -0.985724 inf 237
7.78 8 DOWNLINK_STATUS 6 1100 65 0 478. 28.
7.79 8 DESIRED 0. 0. 0. 0. 761. 0.
7.81 8 IR_DEBUG 691 681 691 681
7.85 8 NAVIGATION 0 1 0 0 286 0. 140.5
7.86 8 ATTITUDE 1 0 -45
7.91 8 GPS 0 0 0 0 0 0 0 3748 0 0
7.94 8 ENOSE_STATUS 237 60909 0 51.091473 -0.985724 inf 237
7.97 8 ESTIMATOR 0. 0. 0. 0. 0.
8.02 8 DL_VALUE 4 2.
8.08 8 NAVIGATION 0 1 0 0 286 0. 140.5
8.16 8 GPS 0 0 0 0 0 0 0 4000 0 0
8.18 8 WP_MOVED 0 497617. 3565540. 770.
8.20 8 RAD_OF_IR 7 0 0.00211
8.23 8 ENOSE_STATUS 237 60909 0 51.091473 -0.985724 inf 237
8.25 8 IR_SENSORS -963 7 1
8.30 8 COMMANDS 0,-9600,9600,-9600
8.33 8 NAVIGATION 0 1 0 0 286 0. 140.5
8.35 8 ATTITUDE 1 0 -45
8.39 8 GYRO_RATES -152 -86 -154 1.32645 -0.750492 1.343904
8.41 8 ENOSE_STATUS 237 60909 0 51.091473 -0.985724 inf 237
8.46 8 GPS 0 0 0 0 0 0 0 4248 0 0
8.48 8 FBW_STATUS 2 1 123
8.51 8 ESTIMATOR 0. 0. 0. 0. 0.
8.53 8 ACTUATORS 1500,1000,0,1200,1000
8.56 8 NAVIGATION 0 1 0 0 286 0. 140.5
8.60 8 WP_MOVED 1 497586.6875 3565500. 770.
8.64 8 ENOSE_STATUS 237 60909 0 51.091473 -0.985724 inf 237
8.69 8 GPS 0 0 0 0 0 0 0 4500 0 0
8.72 8 DESIRED 0. 0. 0. 0. 761. 0.
8.78 8 NAVIGATION 0 1 0 0 286 0. 140.5
8.78 8 DOWNLINK_STATUS 7 1608 94 0 508. 29.
8.80 8 ATTITUDE 1 0 -45
8.82 8 PPRZ_MODE 2 0 3 0 0 6 0
8.85 8 ENOSE_STATUS 237 60909 0 51.091473 -0.985724 inf 237
8.90 8 GPS 0 0 0 0 0 0 0 4748 0 0
8.93 8 ESTIMATOR 0. 0. 0. 0. 0.
8.96 8 DL_VALUE 5 0.
9.01 8 NAVIGATION 0 1 0 0 286 0. 140.5
9.07 8 WP_MOVED 2 497622.6875 3565498.5 770.
9.11 8 RAD_OF_IR 6 0 0.00211
9.13 8 ENOSE_STATUS 237 60909 0 51.091473 -0.985724 inf 237
9.17 8 GPS 0 0 0 0 0 0 0 5000 0 0
9.19 8 IR_SENSORS -963 7 1
9.23 8 COMMANDS 0,-9600,9600,-9600
9.27 8 NAVIGATION 0 1 0 0 286 0. 140.5
9.30 8 ATTITUDE 1 0 -45
9.32 8 GYRO_RATES -152 -86 -155 1.32645 -0.750492 1.35263
9.37 8 ENOSE_STATUS 237 60909 0 51.091473 -0.985724 inf 237
9.37 8 FBW_STATUS 2 1 124
9.40 8 ESTIMATOR 0. 0. 0. 0. 0.
9.43 8 BAT 0 124 0 0 6 1 0
9.46 8 GPS 0 0 0 0 0 0 0 5248 0 0
9.49 8 CALIBRATION 0. 0.02 0.5 0
9.52 8 NAVIGATION 0 1 0 0 286 0. 140.5
9.54 8 WP_MOVED 3 497546.40625 3565495.5 770.
9.59 8 SERVO 9600 -9600 0
9.61 8 ENOSE_STATUS 237 60909 0 51.091473 -0.985724 inf 237
9.65 8 GPS 0 0 0 0 0 0 0 5500 0 0
9.68 8 DESIRED 0. 0. 0. 0. 761. 0.
9.70 8 IR_DEBUG 693 682 693 682
9.73 8 NAVIGATION 0 1 0 0 286 0. 140.5
9.75 8 ATTITUDE 1 0 -45
9.78 8 DOWNLINK_STATUS 8 2113 125 0 505. 31.
9.79 8 ENOSE_STATUS 237 60909 0 51.091473 -0.985724 inf 237
9.84 8 ESTIMATOR 0. 0. 0. 0. 0.
9.90 8 GPS 0 0 0 0 0 0 0 5748 0 0
9.92 8 DL_VALUE 6 0.
9.96 8 NAVIGATION 0 1 0 0 286 0. 140.5
10.01 8 WP_MOVED 4 497575. 3565498. 0.
10.03 8 RAD_OF_IR 7 0 0.00211
10.06 8 ENOSE_STATUS 237 60909 0 51.091473 -0.985724 inf 237
10.10 8 IR_SENSORS -963 7 1
10.16 8 GPS 0 0 0 0 0 0 0 6000 0 0
10.17 8 COMMANDS 0,-9600,9600,-9600
10.21 8 NAVIGATION 0 1 0 0 286 0. 140.5
10.23 8 ATTITUDE 1 0 -45
10.26 8 GYRO_RATES -152 -86 -155 1.32645 -0.750492 1.35263
10.29 8 ENOSE_STATUS 237 60909 0 51.091473 -0.985724 inf 237
10.32 8 FBW_STATUS 2 1 124
10.34 8 ESTIMATOR 0. 0. 0. 0. 0.
10.39 8 GPS 0 0 0 0 0 0 0 6248 0 0
10.42 8 NAVIGATION 0 1 0 0 286 0. 140.5
10.47 8 WP_MOVED 0 497617. 3565540. 770.
10.51 8 ENOSE_STATUS 237 60909 0 51.091473 -0.985724 inf 237
10.60 8 DESIRED 0. 0. 0. 0. 761. 0.
10.65 8 GPS 0 0 0 0 0 0 0 6500 0 0
10.67 8 NAVIGATION 0 1 0 0 286 0. 140.5
10.69 8 ATTITUDE 1 0 -45
10.73 8 ENOSE_STATUS 237 60909 0 51.091473 -0.985724 inf 237
10.77 8 ESTIMATOR 0. 0. 0. 0. 0.
10.78 8 DOWNLINK_STATUS 9 2597 152 0 484. 27.
10.83 8 DL_VALUE 7 0.
10.90 8 GPS 0 0 0 0 0 0 0 6748 0 0
10.94 8 NAVIGATION 0 1 0 0 286 0. 140.5
10.96 8 WP_MOVED 1 497586.6875 3565500. 770.
10.97 8 RAD_OF_IR 6 0 0.00211
11.00 8 ENOSE_STATUS 237 60909 0 51.091473 -0.985724 inf 237
11.03 8 IR_SENSORS -962 6 1
11.11 8 COMMANDS 0,-9600,9600,-9600
11.15 8 NAVIGATION 0 1 0 0 286 0. 140.5
11.20 8 GPS 0 0 0 0 0 0 0 7000 0 0
11.21 8 ATTITUDE 1 0 -45
11.24 8 GYRO_RATES -152 -86 -155 1.32645 -0.750492 1.35263
11.27 8 ENOSE_STATUS 237 60909 0 51.091473 -0.985724 inf 237
11.29 8 FBW_STATUS 2 1 124
11.32 8 ESTIMATOR 0. 0. 0. 0. 0.
11.34 8 BAT 0 124 0 0 7 0 0
11.37 8 CALIBRATION 0. 0.02 0.5 0
11.39 8 NAVIGATION 0 1 0 0 286 0. 140.5
11.43 8 GPS 0 0 0 0 0 0 0 7248 0 0
11.46 8 WP_MOVED 2 497622.6875 3565498.5 770.
11.48 8 SERVO 9600 -9600 0
11.51 8 ENOSE_STATUS 237 60909 0 51.091473 -0.985724 inf 237
11.54 8 DESIRED 0. 0. 0. 0. 761. 0.
11.57 8 IR_DEBUG 692 683 692 683
11.61 8 NAVIGATION 0 1 0 0 286 0. 140.5
11.61 8 ATTITUDE 1 0 -45
11.67 8 GPS 0 0 0 0 0 0 0 7500 0 0
11.69 8 ENOSE_STATUS 237 60909 0 51.091473 -0.985724 inf 237
11.72 8 ESTIMATOR 0. 0. 0. 0. 0.
11.77 8 DL_VALUE 8 0.
11.79 8 DOWNLINK_STATUS 10 3092 182 0 495. 30.
11.83 8 NAVIGATION 0 1 0 0 286 0. 140.5
11.90 8 GPS 0 0 0 0 0 0 0 7748 0 0
11.92 8 WP_MOVED 3 497546.40625 3565495.5 770.
11.94 8 RAD_OF_IR 6 0 0.00211
11.97 8 ENOSE_STATUS 237 60909 0 51.091473 -0.985724 inf 237
11.99 8 IR_SENSORS -962 6 1
12.05 8 COMMANDS 0,-9600,9600,-9600
12.10 8 NAVIGATION 0 1 0 0 286 0. 140.5
12.12 8 ATTITUDE 1 0 -45
12.14 8 GYRO_RATES -152 -87 -155 1.32645 -0.759218 1.35263
12.17 8 ENOSE_STATUS 237 60909 0 51.091473 -0.985724 inf 237
12.21 8 GPS 0 0 0 0 0 0 0 8000 0 0
12.22 8 FBW_STATUS 2 1 124
12.26 8 ESTIMATOR 0. 0. 0. 0. 0.
12.30 8 NAVIGATION 0 1 0 0 286 0. 140.5
12.35 8 WP_MOVED 4 497575. 3565498. 0.
12.39 8 ENOSE_STATUS 237 60909 0 51.091473 -0.985724 inf 237
12.43 8 GPS 0 0 0 0 0 0 0 8248 0 0
12.47 8 DESIRED 0. 0. 0. 0. 761. 0.
12.53 8 NAVIGATION 0 1 0 0 286 0. 140.5
12.55 8 ATTITUDE 1 0 -45
12.60 8 ENOSE_STATUS 237 60909 0 51.091473 -0.985724 inf 237
12.65 8 GPS 0 0 0 0 0 0 0 8500 0 0
12.68 8 ESTIMATOR 0. 0. 0. 0. 0.
12.71 8 DL_VALUE 9 0.
12.77 8 NAVIGATION 0 1 0 0 286 0. 140.5
12.79 8 DOWNLINK_STATUS 11 3551 208 0 459. 26.
12.82 8 WP_MOVED 0 497617. 3565540. 770.
12.85 8 RAD_OF_IR 7 0 0.00211
12.86 8 NAVIGATION_REF 497575 3565498 12
12.90 8 ENOSE_STATUS 237 60909 0 51.091473 -0.985724 inf 237
12.95 8 GPS 0 0 0 0 0 0 0 8748 0 0
12.96 8 IR_SENSORS -961 7 1
12.99 8 COMMANDS 0,-9600,9600,-9600
13.02 8 NAVIGATION 0 1 0 0 286 0. 140.5
13.04 8 ATTITUDE 1 0 -45
13.09 8 GYRO_RATES -152 -86 -155 1.32645 -0.750492 1.35263
13.12 8 ENOSE_STATUS 237 60909 0 51.091473 -0.985724 inf 237
13.12 8 FBW_STATUS 2 1 124
13.15 8 ESTIMATOR 0. 0. 0. 0. 0.
13.17 8 BAT 0 124 0 0 9 0 0
13.22 8 GPS 0 0 0 0 0 0 0 9000 0 0
13.24 8 ACTUATORS 1500,1000,0,1200,1000
13.27 8 CALIBRATION 0. 0.02 0.5 0
13.29 8 NAVIGATION 0 1 0 0 286 0. 140.5
13.32 8 WP_MOVED 1 497586.6875 3565500. 770.
13.33 8 SERVO 9600 -9600 0
13.37 8 ENOSE_STATUS 237 60909 0 51.091473 -0.985724 inf 237
13.40 8 GPS 0 0 0 0 0 0 0 9248 0 0
13.44 8 DESIRED 0. 0. 0. 0. 761. 0.
13.46 8 IR_DEBUG 693 683 693 683
13.49 8 NAVIGATION 0 1 0 0 286 0. 140.5
13.51 8 ATTITUDE 1 0 -45
13.53 8 PPRZ_MODE 2 0 3 0 0 6 0
13.57 8 ENOSE_STATUS 237 60909 0 51.091473 -0.985724 inf 237
13.61 8 ESTIMATOR 0. 0. 0. 0. 0.
13.65 8 GPS 0 0 0 0 0 0 0 9500 0 0
13.66 8 DL_VALUE 10 -85.943672
13.70 8 NAVIGATION 0 1 0 0 286 0. 140.5
13.75 8 WP_MOVED 2 497622.6875 3565498.5 770.
13.78 8 RAD_OF_IR 6 0 0.00211
13.80 8 DOWNLINK_STATUS 12 4097 242 0 546. 34.
13.82 8 ENOSE_STATUS 237 60909 0 51.091473 -0.985724 inf 237
13.83 8 IR_SENSORS -962 6 1
13.89 8 GPS 0 0 0 0 0 0 0 9748 0 0
13.92 8 COMMANDS 0,-9600,9600,-9600
13.96 8 NAVIGATION 0 1 0 0 286 0. 140.5
13.98 8 ATTITUDE 1 0 -45
14.01 8 GYRO_RATES -152 -86 -155 1.32645 -0.750492 1.35263
14.04 8 ENOSE_STATUS 237 60909 0 51.091473 -0.985724 inf 237
14.05 8 FBW_STATUS 2 1 124
14.10 8 ESTIMATOR 0. 0. 0. 0. 0.
14.16 8 GPS 0 0 0 0 0 0 0 10000 0 0
14.19 8 NAVIGATION 0 1 0 0 286 0. 140.5
14.22 8 WP_MOVED 3 497546.40625 3565495.5 770.
14.27 8 ENOSE_STATUS 237 60909 0 51.091473 -0.985724 inf 237
14.35 8 DESIRED 0. 0. 0. 0. 761. 0.
14.39 8 GPS 0 0 0 0 0 0 0 10248 0 0
14.42 8 NAVIGATION 0 1 0 0 286 0. 140.5
14.43 8 ATTITUDE 1 0 -45
14.47 8 ENOSE_STATUS 237 60909 0 51.091473 -0.985724 inf 237
14.52 8 ESTIMATOR 0. 0. 0. 0. 0.
14.59 8 DL_VALUE 11 1.5
14.65 8 GPS 0 0 0 0 0 0 0 10500 0 0
14.67 8 NAVIGATION 0 1 0 0 286 0. 140.5
14.70 8 WP_MOVED 4 497575. 3565498. 0.
14.72 8 RAD_OF_IR 6 0 0.00211
14.76 8 ENOSE_STATUS 237 60909 0 51.091473 -0.985724 inf 237
14.78 8 IR_SENSORS -962 6 1
14.80 8 DOWNLINK_STATUS 13 4567 269 0 470. 27.
14.86 8 COMMANDS 0,-9600,9600,-9600
14.89 8 NAVIGATION 0 1 0 0 286 0. 140.5
14.94 8 GPS 0 0 0 0 0 0 0 10748 0 0
14.96 8 ATTITUDE 1 0 -45
14.99 8 GYRO_RATES -152 -86 -155 1.32645 -0.750492 1.35263
15.02 8 ENOSE_STATUS 237 60909 0 51.091473 -0.985724 inf 237
15.03 8 FBW_STATUS 2 1 124
15.08 8 ESTIMATOR 0. 0. 0. 0. 0.
15.11 8 BAT 0 124 0 0 11 0 0
15.12 8 CALIBRATION 0. 0.02 0.5 0
15.14 8 NAVIGATION 0 1 0 0 286 0. 140.5
15.19 8 GPS 0 0 0 0 0 0 0 11000 0 0
15.21 8 WP_MOVED 0 497617. 3565540. 770.
15.23 8 SERVO 9600 -9600 0
15.26 8 ENOSE_STATUS 237 60909 0 51.091473 -0.985724 inf 237
15.29 8 DESIRED 0. 0. 0. 0. 761. 0.
15.31 8 IR_DEBUG 692 683 692 683
15.35 8 NAVIGATION 0 1 0 0 286 0. 140.5
15.36 8 ATTITUDE 1 0 -45
15.41 8 GPS 0 0 0 0 0 0 0 11248 0 0
15.44 8 ENOSE_STATUS 237 60909 0 51.091473 -0.985724 inf 237
15.47 8 ESTIMATOR 0. 0. 0. 0. 0.
15.52 8 DL_VALUE 12 1.5
15.59 8 NAVIGATION 0 1 0 0 286 0. 140.5
15.65 8 GPS 0 0 0 0 0 0 0 11500 0 0
15.67 8 WP_MOVED 1 497586.6875 3565500. 770.
15.69 8 RAD_OF_IR 7 0 0.00211
15.72 8 ENOSE_STATUS 237 60909 0 51.091473 -0.985724 inf 237
15.74 8 IR_SENSORS -961 7 1
15.80 8 COMMANDS 0,-9600,9600,-9600
15.80 8 DOWNLINK_STATUS 14 5066 299 0 499. 30.
17.44 8 DOWNLINK_STATUS 16 5066 299 0 0. 0.
17.44 8 NAVIGATION 0 1 0 0 286 0. 140.5
17.49 8 ATTITUDE 1 0 -45
17.49 8 GYRO_RATES -152 -86 -155 1.32645 -0.750492 1.35263
17.49 8 ENOSE_STATUS 237 60909 0 51.091473 -0.985724 inf 237
17.49 8 GPS 0 0 0 0 0 0 0 11748 0 0
17.49 8 FBW_STATUS 2 1 124
17.49 8 ESTIMATOR 0. 0. 0. 0. 0.
17.49 8 NAVIGATION 0 1 0 0 286 0. 140.5
17.49 8 WP_MOVED 2 497622.6875 3565498.5 770.
17.49 8 ENOSE_STATUS 237 60909 0 51.091473 -0.985724 inf 237
17.49 8 GPS 0 0 0 0 0 0 0 12000 0 0
17.49 8 DESIRED 0. 0. 0. 0. 761. 0.
17.49 8 NAVIGATION 0 1 0 0 286 0. 140.5
17.49 8 ATTITUDE 1 0 -45
17.49 8 ENOSE_STATUS 237 60909 0 51.091473 -0.985724 inf 237
17.49 8 GPS 0 0 0 0 0 0 0 12248 0 0
17.50 8 ESTIMATOR 0. 0. 0. 0. 0.
17.50 8 DL_VALUE 13 1.5
17.50 8 NAVIGATION 0 1 0 0 286 0. 140.5
17.50 8 WP_MOVED 3 497546.40625 3565495.5 770.
17.50 8 RAD_OF_IR 6 0 0.00211
17.50 8 ENOSE_STATUS 237 60909 0 51.091473 -0.985724 inf 237
17.50 8 GPS 0 0 0 0 0 0 0 12500 0 0
17.50 8 IR_SENSORS -962 6 1
17.50 8 COMMANDS 0,-9600,9600,-9600
17.50 8 NAVIGATION 0 1 0 0 286 0. 140.5
17.50 8 ATTITUDE 1 0 -45
17.50 8 GYRO_RATES -152 -86 -155 1.32645 -0.750492 1.35263
17.50 8 ENOSE_STATUS 237 60909 0 51.091473 -0.985724 inf 237
17.50 8 FBW_STATUS 2 1 124
17.53 8 ESTIMATOR 0. 0. 0. 0. 0.
17.54 8 BAT 0 124 0 0 13 0 0
17.54 8 GPS 0 0 0 0 0 0 0 12748 0 0
17.55 8 CALIBRATION 0. 0.02 0.5 0
17.55 8 NAVIGATION 0 1 0 0 286 0. 140.5
17.55 8 WP_MOVED 4 497575. 3565498. 0.
17.55 8 SERVO 9600 -9600 0
17.55 8 ENOSE_STATUS 237 60909 0 51.091473 -0.985724 inf 237
17.56 8 GPS 0 0 0 0 0 0 0 13000 0 0
17.56 8 DESIRED 0. 0. 0. 0. 761. 0.
17.57 8 IR_DEBUG 692 682 692 682
17.57 8 NAVIGATION 0 1 0 0 286 0. 140.5
17.57 8 ATTITUDE 1 0 -45
17.57 8 ENOSE_STATUS 237 60909 0 51.091473 -0.985724 inf 237
17.57 8 ESTIMATOR 0. 0. 0. 0. 0.
17.58 8 GPS 0 0 0 0 0 0 0 13248 0 0
17.58 8 DL_VALUE 14 1.5
17.58 8 NAVIGATION 0 1 0 0 286 0. 140.5
17.58 8 WP_MOVED 0 497617. 3565540. 770.
17.58 8 RAD_OF_IR 6 0 0.00211
17.58 8 ENOSE_STATUS 237 60909 0 51.091473 -0.985724 inf 237
17.58 8 IR_SENSORS -963 7 1
17.65 8 GPS 0 0 0 0 0 0 0 13500 0 0
17.67 8 COMMANDS 0,-9600,9600,-9600
17.71 8 NAVIGATION 0 1 0 0 286 0. 140.5
17.72 8 ATTITUDE 1 0 -45
17.76 8 GYRO_RATES -152 -86 -155 1.32645 -0.750492 1.35263
17.79 8 ENOSE_STATUS 237 60909 0 51.091473 -0.985724 inf 237
17.80 8 FBW_STATUS 2 1 124
17.84 8 ESTIMATOR 0. 0. 0. 0. 0.
17.86 8 ACTUATORS 1500,1000,0,1200,1000
17.92 8 GPS 0 0 0 0 0 0 0 13748 0 0
17.96 8 NAVIGATION 0 1 0 0 286 0. 140.5
17.99 8 WP_MOVED 1 497586.6875 3565500. 770.
18.01 8 ENOSE_STATUS 237 60909 0 51.091473 -0.985724 inf 237
18.09 8 DESIRED 0. 0. 0. 0. 761. 0.
18.16 8 GPS 0 0 0 0 0 0 0 14000 0 0
18.19 8 NAVIGATION 0 1 0 0 286 0. 140.5
18.21 8 ATTITUDE 1 0 -45
18.23 8 PPRZ_MODE 2 0 3 0 0 6 0
18.26 8 ENOSE_STATUS 237 60909 0 51.091473 -0.985724 inf 237
18.29 8 ESTIMATOR 0. 0. 0. 0. 0.
18.33 8 DL_VALUE 15 0.
18.39 8 GPS 0 0 0 0 0 0 0 14248 0 0
18.42 8 NAVIGATION 0 1 0 0 286 0. 140.5
18.43 8 DOWNLINK_STATUS 17 6366 374 0 1300. 75.
18.46 8 WP_MOVED 2 497622.6875 3565498.5 770.
18.50 8 RAD_OF_IR 7 0 0.00211
18.50 8 ENOSE_STATUS 237 60909 0 51.091473 -0.985724 inf 237
18.52 8 IR_SENSORS -961 7 1
18.61 8 COMMANDS 0,-9600,9600,-9600
18.65 8 NAVIGATION 0 1 0 0 286 0. 140.5
18.69 8 GPS 0 0 0 0 0 0 0 14500 0 0
18.71 8 ATTITUDE 1 0 -45
18.74 8 GYRO_RATES -152 -87 -155 1.32645 -0.759218 1.35263
18.77 8 ENOSE_STATUS 237 60909 0 51.091473 -0.985724 inf 237
18.78 8 FBW_STATUS 2 1 124
18.82 8 ESTIMATOR 0. 0. 0. 0. 0.
18.84 8 BAT 0 124 0 0 15 0 0
18.87 8 CALIBRATION 0. 0.02 0.5 0
18.89 8 NAVIGATION 0 1 0 0 286 0. 140.5
18.93 8 GPS 0 0 0 0 0 0 0 14748 0 0
18.98 8 WP_MOVED 3 497546.40625 3565495.5 770.
19.01 8 SERVO 9600 -9600 0
19.01 8 ENOSE_STATUS 237 60909 0 51.091473 -0.985724 inf 237
19.04 8 DESIRED 0. 0. 0. 0. 761. 0.
19.06 8 IR_DEBUG 692 683 692 683
19.09 8 NAVIGATION 0 1 0 0 286 0. 140.5
19.11 8 ATTITUDE 1 0 -45
19.16 8 GPS 0 0 0 0 0 0 0 15000 0 0
19.19 8 ENOSE_STATUS 237 60909 0 51.091473 -0.985724 inf 237
19.22 8 ESTIMATOR 0. 0. 0. 0. 0.
19.27 8 DL_VALUE 16 1.
19.33 8 NAVIGATION 0 1 0 0 286 0. 140.5
19.39 8 GPS 0 0 0 0 0 0 0 15248 0 0
19.42 8 WP_MOVED 4 497575. 3565498. 0.
19.43 8 DOWNLINK_STATUS 18 6869 404 0 503. 30.
19.43 8 RAD_OF_IR 7 0 0.00211
19.48 8 ENOSE_STATUS 237 60909 0 51.091473 -0.985724 inf 237
19.51 8 IR_SENSORS -962 6 1
19.54 8 COMMANDS 0,-9600,9600,-9600
19.58 8 NAVIGATION 0 1 0 0 286 0. 140.5
19.60 8 ATTITUDE 1 0 -45
19.64 8 GYRO_RATES -152 -87 -155 1.32645 -0.759218 1.35263
19.67 8 ENOSE_STATUS 237 60909 0 51.091473 -0.985724 inf 237
19.71 8 GPS 0 0 0 0 0 0 0 15500 0 0
19.72 8 FBW_STATUS 2 1 124
19.75 8 ESTIMATOR 0. 0. 0. 0. 0.
19.80 8 NAVIGATION 0 1 0 0 286 0. 140.5
19.85 8 WP_MOVED 0 497617. 3565540. 770.
19.89 8 ENOSE_STATUS 237 60909 0 51.091473 -0.985724 inf 237
19.93 8 GPS 0 0 0 0 0 0 0 15748 0 0
19.98 8 DESIRED 0. 0. 0. 0. 761. 0.
20.04 8 NAVIGATION 0 1 0 0 286 0. 140.5
20.05 8 ATTITUDE 1 0 -45
20.10 8 ENOSE_STATUS 237 60909 0 51.091473 -0.985724 inf 237
20.16 8 GPS 0 0 0 0 0 0 0 16000 0 0
20.19 8 ESTIMATOR 0. 0. 0. 0. 0.
20.21 8 DL_VALUE 17 470.
20.27 8 NAVIGATION 0 1 0 0 286 0. 140.5
20.32 8 WP_MOVED 1 497586.6875 3565500. 770.
20.34 8 RAD_OF_IR 7 0 0.00211
20.39 8 ENOSE_STATUS 237 60909 0 51.091473 -0.985724 inf 237
20.42 8 GPS 0 0 0 0 0 0 0 16248 0 0
20.43 8 DOWNLINK_STATUS 19 7341 431 0 472. 27.
20.45 8 IR_SENSORS -961 7 1
20.49 8 COMMANDS 0,-9600,9600,-9600
20.52 8 NAVIGATION 0 1 0 0 286 0. 140.5
20.54 8 ATTITUDE 1 0 -45
20.57 8 GYRO_RATES -152 -86 -155 1.32645 -0.750492 1.35263
20.60 8 ENOSE_STATUS 237 60909 0 51.091473 -0.985724 inf 237
20.62 8 FBW_STATUS 2 1 124
20.65 8 ESTIMATOR 0. 0. 0. 0. 0.
20.67 8 BAT 0 124 0 0 17 0 0
20.72 8 GPS 0 0 0 0 0 0 0 16500 0 0
20.74 8 CALIBRATION 0. 0.02 0.5 0
20.77 8 NAVIGATION 0 1 0 0 286 0. 140.5
20.79 8 WP_MOVED 2 497622.6875 3565498.5 770.
20.81 8 SERVO 9600 -9600 0
20.85 8 ENOSE_STATUS 237 60909 0 51.091473 -0.985724 inf 237
20.91 8 GPS 0 0 0 0 0 0 0 16748 0 0
20.93 8 DESIRED 0. 0. 0. 0. 761. 0.
20.96 8 IR_DEBUG 693 683 693 683
21.00 8 NAVIGATION 0 1 0 0 286 0. 140.5
21.01 8 ATTITUDE 1 0 -45
21.04 8 ENOSE_STATUS 237 60909 0 51.091473 -0.985724 inf 237
21.09 8 ESTIMATOR 0. 0. 0. 0. 0.
21.16 8 GPS 0 0 0 0 0 0 0 17000 0 0
21.17 8 DL_VALUE 18 405.
21.20 8 NAVIGATION 0 1 0 0 286 0. 140.5
21.26 8 WP_MOVED 3 497546.40625 3565495.5 770.
21.28 8 RAD_OF_IR 7 0 0.00211
21.30 8 NAVIGATION_REF 497575 3565498 12
21.33 8 ENOSE_STATUS 237 60909 0 51.091473 -0.985724 inf 237
21.36 8 IR_SENSORS -961 7 1
21.41 8 GPS 0 0 0 0 0 0 0 17248 0 0
21.42 8 COMMANDS 0,-9600,9600,-9600
21.43 8 DOWNLINK_STATUS 20 7859 463 0 518. 32.
21.47 8 NAVIGATION 0 1 0 0 286 0. 140.5
21.51 8 ATTITUDE 1 0 -45
21.51 8 GYRO_RATES -152 -86 -155 1.32645 -0.750492 1.35263
21.54 8 ENOSE_STATUS 237 60909 0 51.091473 -0.985724 inf 237
21.56 8 FBW_STATUS 2 1 124
21.59 8 ESTIMATOR 0. 0. 0. 0. 0.
21.64 8 GPS 0 0 0 0 0 0 0 17500 0 0
21.67 8 NAVIGATION 0 1 0 0 286 0. 140.5
21.72 8 WP_MOVED 4 497575. 3565498. 0.
21.77 8 ENOSE_STATUS 237 60909 0 51.091473 -0.985724 inf 237
21.84 8 DESIRED 0. 0. 0. 0. 761. 0.
21.89 8 GPS 0 0 0 0 0 0 0 17748 0 0
21.93 8 NAVIGATION 0 1 0 0 286 0. 140.5
21.94 8 ATTITUDE 1 0 -45
21.99 8 ENOSE_STATUS 237 60909 0 51.091473 -0.985724 inf 237
22.03 8 ESTIMATOR 0. 0. 0. 0. 0.
22.08 8 DL_VALUE 19 473.
22.16 8 GPS 0 0 0 0 0 0 0 18000 0 0
22.18 8 NAVIGATION 0 1 0 0 286 0. 140.5
22.21 8 WP_MOVED 0 497617. 3565540. 770.
22.23 8 RAD_OF_IR 6 0 0.00211
22.27 8 ENOSE_STATUS 237 60909 0 51.091473 -0.985724 inf 237
22.27 8 IR_SENSORS -961 7 1
22.36 8 COMMANDS 0,-9600,9600,-9600
22.39 8 NAVIGATION 0 1 0 0 286 0. 140.5
22.43 8 DOWNLINK_STATUS 21 8291 488 0 432. 25.
22.44 8 GPS 0 0 0 0 0 0 0 18248 0 0
22.46 8 ATTITUDE 1 0 -45
22.51 8 GYRO_RATES -152 -86 -155 1.32645 -0.750492 1.35263
22.55 8 ENOSE_STATUS 237 60909 0 51.091473 -0.985724 inf 237
22.55 8 FBW_STATUS 2 1 124
22.57 8 ESTIMATOR 0. 0. 0. 0. 0.
22.59 8 BAT 0 124 0 0 19 0 0
22.62 8 ACTUATORS 1500,1000,0,1200,1000
22.64 8 CALIBRATION 0. 0.02 0.5 0
22.67 8 NAVIGATION 0 1 0 0 286 0. 140.5
22.71 8 GPS 0 0 0 0 0 0 0 18500 0 0
22.74 8 WP_MOVED 1 497586.6875 3565500. 770.
22.75 8 SERVO 9600 -9600 0
22.78 8 ENOSE_STATUS 237 60909 0 51.091473 -0.985724 inf 237
22.82 8 DESIRED 0. 0. 0. 0. 761. 0.
22.84 8 IR_DEBUG 692 682 692 682
22.87 8 NAVIGATION 0 1 0 0 286 0. 140.5
22.89 8 ATTITUDE 1 0 -45
22.90 8 PPRZ_MODE 2 0 3 0 0 6 0
22.94 8 GPS 0 0 0 0 0 0 0 18748 0 0
22.98 8 ENOSE_STATUS 237 60909 0 51.091473 -0.985724 inf 237
23.02 8 ESTIMATOR 0. 0. 0. 0. 0.
23.02 8 DL_VALUE 20 0.
23.08 8 NAVIGATION 0 1 0 0 286 0. 140.5
23.16 8 GPS 0 0 0 0 0 0 0 19000 0 0
23.18 8 WP_MOVED 2 497622.6875 3565498.5 770.
23.20 8 RAD_OF_IR 7 0 0.00211
23.23 8 ENOSE_STATUS 237 60909 0 51.091473 -0.985724 inf 237
23.26 8 IR_SENSORS -961 7 1
23.30 8 COMMANDS 0,-9600,9600,-9600
23.34 8 NAVIGATION 0 1 0 0 286 0. 140.5
23.35 8 ATTITUDE 1 0 -45
23.39 8 GYRO_RATES -152 -85 -155 1.32645 -0.741765 1.35263
23.42 8 ENOSE_STATUS 237 60909 0 51.091473 -0.985724 inf 237
23.44 8 DOWNLINK_STATUS 22 8850 522 0 559. 34.
23.46 8 GPS 0 0 0 0 0 0 0 19248 0 0
23.49 8 FBW_STATUS 2 1 124
23.52 8 ESTIMATOR 0. 0. 0. 0. 0.
23.55 8 NAVIGATION 0 1 0 0 286 0. 140.5
23.60 8 WP_MOVED 3 497546.40625 3565495.5 770.
23.65 8 ENOSE_STATUS 237 60909 0 51.091473 -0.985724 inf 237
23.68 8 GPS 0 0 0 0 0 0 0 19500 0 0
23.72 8 DESIRED 0. 0. 0. 0. 761. 0.
23.78 8 NAVIGATION 0 1 0 0 286 0. 140.5
23.80 8 ATTITUDE 1 0 -45
23.85 8 ENOSE_STATUS 237 60909 0 51.091473 -0.985724 inf 237
23.89 8 GPS 0 0 0 0 0 0 0 19748 0 0
23.93 8 ESTIMATOR 0. 0. 0. 0. 0.
23.95 8 DL_VALUE 21 0.75
24.02 8 NAVIGATION 0 1 0 0 286 0. 140.5
24.07 8 WP_MOVED 4 497575. 3565498. 0.
24.09 8 RAD_OF_IR 7 0 0.00211
24.13 8 ENOSE_STATUS 237 60909 0 51.091473 -0.985724 inf 237
24.17 8 GPS 0 0 0 0 0 0 0 20000 0 0
24.19 8 IR_SENSORS -961 7 1
24.24 8 COMMANDS 0,-9600,9600,-9600
24.27 8 NAVIGATION 0 1 0 0 286 0. 140.5
24.29 8 ATTITUDE 1 0 -45
24.32 8 GYRO_RATES -152 -86 -155 1.32645 -0.750492 1.35263
24.35 8 ENOSE_STATUS 237 60909 0 51.091473 -0.985724 inf 237
24.37 8 FBW_STATUS 2 1 124
24.40 8 ESTIMATOR 0. 0. 0. 0. 0.
24.43 8 BAT 0 124 0 0 21 0 0
24.46 8 DOWNLINK_STATUS 23 9332 550 0 482. 28.
24.49 8 GPS 0 0 0 0 0 0 0 20248 0 0
24.54 8 CALIBRATION 0. 0.02 0.5 0
24.56 8 NAVIGATION 0 1 0 0 286 0. 140.5
24.56 8 WP_MOVED 0 497617. 3565540. 770.
24.57 8 SERVO 9600 -9600 0
24.59 8 ENOSE_STATUS 237 60909 0 51.091473 -0.985724 inf 237
24.65 8 GPS 0 0 0 0 0 0 0 20500 0 0
24.69 8 DESIRED 0. 0. 0. 0. 761. 0.
24.70 8 IR_DEBUG 692 682 692 682
24.73 8 NAVIGATION 0 1 0 0 286 0. 140.5
24.74 8 ATTITUDE 1 0 -45
24.79 8 ENOSE_STATUS 237 60909 0 51.091473 -0.985724 inf 237
24.84 8 ESTIMATOR 0. 0. 0. 0. 0.
24.90 8 GPS 0 0 0 0 0 0 0 20748 0 0
24.91 8 DL_VALUE 22 20000.
24.95 8 NAVIGATION 0 1 0 0 286 0. 140.5
25.02 8 WP_MOVED 1 497586.6875 3565500. 770.
25.03 8 RAD_OF_IR 7 0 0.00211
25.07 8 ENOSE_STATUS 237 60909 0 51.091473 -0.985724 inf 237
25.08 8 IR_SENSORS -962 6 1
25.16 8 GPS 0 0 0 0 0 0 0 21000 0 0
25.17 8 COMMANDS 0,-9600,9600,-9600
25.21 8 NAVIGATION 0 1 0 0 286 0. 140.5
25.23 8 ATTITUDE 1 0 -45
25.26 8 GYRO_RATES -152 -86 -155 1.32645 -0.750492 1.35263
25.29 8 ENOSE_STATUS 237 60909 0 51.091473 -0.985724 inf 237
25.32 8 FBW_STATUS 2 1 123
25.34 8 ESTIMATOR 0. 0. 0. 0. 0.
25.39 8 GPS 0 0 0 0 0 0 0 21248 0 0
25.43 8 NAVIGATION 0 1 0 0 286 0. 140.5
25.45 8 DOWNLINK_STATUS 24 9851 580 0 519. 30.
25.47 8 WP_MOVED 2 497622.6875 3565498.5 770.
25.52 8 ENOSE_STATUS 237 60909 0 51.091473 -0.985724 inf 237
25.61 8 DESIRED 0. 0. 0. 0. 761. 0.
25.64 8 GPS 0 0 0 0 0 0 0 21500 0 0
25.67 8 NAVIGATION 0 1 0 0 286 0. 140.5
25.68 8 ATTITUDE 1 0 -45
25.73 8 ENOSE_STATUS 237 60909 0 51.091473 -0.985724 inf 237
25.77 8 ESTIMATOR 0. 0. 0. 0. 0.
25.84 8 DL_VALUE 23 20000.
25.90 8 GPS 0 0 0 0 0 0 0 21748 0 0
25.92 8 NAVIGATION 0 1 0 0 286 0. 140.5
25.95 8 WP_MOVED 3 497546.40625 3565495.5 770.
25.97 8 RAD_OF_IR 7 0 0.00211
26.01 8 ENOSE_STATUS 237 60909 0 51.091473 -0.985724 inf 237
26.02 8 IR_SENSORS -961 7 1
26.11 8 COMMANDS 0,-9600,9600,-9600
26.15 8 NAVIGATION 0 1 0 0 286 0. 140.5
26.19 8 GPS 0 0 0 0 0 0 0 22000 0 0
26.21 8 ATTITUDE 1 0 -45
26.25 8 GYRO_RATES -152 -86 -155 1.32645 -0.750492 1.35263
26.27 8 ENOSE_STATUS 237 60909 0 51.091473 -0.985724 inf 237
26.28 8 FBW_STATUS 2 1 123
26.32 8 ESTIMATOR 0. 0. 0. 0. 0.
26.36 8 BAT 0 123 0 0 23 0 0
26.37 8 CALIBRATION 0. 0.02 0.5 0
26.39 8 NAVIGATION 0 1 0 0 286 0. 140.5
26.44 8 GPS 0 0 0 0 0 0 0 22248 0 0
26.46 8 DOWNLINK_STATUS 25 10321 607 0 470. 27.
26.46 8 WP_MOVED 4 497575. 3565498. 0.
26.47 8 SERVO 9600 -9600 0
26.52 8 ENOSE_STATUS 237 60909 0 51.091473 -0.985724 inf 237
26.56 8 DESIRED 0. 0. 0. 0. 761. 0.
26.60 8 IR_DEBUG 693 683 693 683
26.60 8 NAVIGATION 0 1 0 0 286 0. 140.5
26.61 8 ATTITUDE 1 0 -45
26.66 8 GPS 0 0 0 0 0 0 0 22500 0 0
26.69 8 ENOSE_STATUS 237 60909 0 51.091473 -0.985724 inf 237
26.74 8 ESTIMATOR 0. 0. 0. 0. 0.
26.77 8 DL_VALUE 24 0.75
26.83 8 NAVIGATION 0 1 0 0 286 0. 140.5
26.89 8 GPS 0 0 0 0 0 0 0 22748 0 0
26.93 8 WP_MOVED 0 497617. 3565540. 770.
26.94 8 RAD_OF_IR 7 0 0.00211
26.97 8 ENOSE_STATUS 237 60909 0 51.091473 -0.985724 inf 237
26.99 8 IR_SENSORS -963 7 1
27.07 8 COMMANDS 0,-9600,9600,-9600
27.10 8 NAVIGATION 0 1 0 0 286 0. 140.5
27.10 8 ATTITUDE 1 0 -45
27.14 8 GYRO_RATES -152 -87 -155 1.32645 -0.759218 1.35263
27.17 8 ENOSE_STATUS 237 60909 0 51.091473 -0.985724 inf 237
27.22 8 GPS 0 0 0 0 0 0 0 23000 0 0
27.24 8 FBW_STATUS 2 1 124
27.26 8 ESTIMATOR 0. 0. 0. 0. 0.
27.27 8 ACTUATORS 1500,1000,0,1200,1000
27.31 8 NAVIGATION 0 1 0 0 286 0. 140.5
27.35 8 WP_MOVED 1 497586.6875 3565500. 770.
27.39 8 ENOSE_STATUS 237 60909 0 51.091473 -0.985724 inf 237
27.43 8 GPS 0 0 0 0 0 0 0 23248 0 0
27.46 8 DOWNLINK_STATUS 26 10829 637 0 508. 30.
27.47 8 DESIRED 0. 0. 0. 0. 761. 0.
27.54 8 NAVIGATION 0 1 0 0 286 0. 140.5
27.55 8 ATTITUDE 1 0 -45
27.59 8 PPRZ_MODE 2 0 3 0 0 6 0
27.60 8 ENOSE_STATUS 237 60909 0 51.091473 -0.985724 inf 237
27.65 8 GPS 0 0 0 0 0 0 0 23500 0 0
27.68 8 ESTIMATOR 0. 0. 0. 0. 0.
27.70 8 DL_VALUE 25 20000.
27.77 8 NAVIGATION 0 1 0 0 286 0. 140.5
27.81 8 WP_MOVED 2 497622.6875 3565498.5 770.
27.84 8 RAD_OF_IR 7 0 0.00211
27.89 8 ENOSE_STATUS 237 60909 0 51.091473 -0.985724 inf 237
27.92 8 GPS 0 0 0 0 0 0 0 23748 0 0
27.94 8 IR_SENSORS -961 7 1
27.98 8 COMMANDS 0,-9600,9600,-9600
28.02 8 NAVIGATION 0 1 0 0 286 0. 140.5
28.04 8 ATTITUDE 1 0 -45
28.08 8 GYRO_RATES -152 -86 -155 1.32645 -0.750492 1.35263
28.12 8 ENOSE_STATUS 237 60909 0 51.091473 -0.985724 inf 237
28.12 8 FBW_STATUS 2 1 124
28.15 8 ESTIMATOR 0. 0. 0. 0. 0.
28.18 8 BAT 0 124 0 0 25 0 0
28.23 8 GPS 0 0 0 0 0 0 0 24000 0 0
28.25 8 CALIBRATION 0. 0.02 0.5 0
28.27 8 NAVIGATION 0 1 0 0 286 0. 140.5
28.29 8 WP_MOVED 3 497546.40625 3565495.5 770.
28.32 8 SERVO 9600 -9600 0
28.35 8 ENOSE_STATUS 237 60909 0 51.091473 -0.985724 inf 237
28.39 8 GPS 0 0 0 0 0 0 0 24248 0 0
28.43 8 DESIRED 0. 0. 0. 0. 761. 0.
28.45 8 IR_DEBUG 693 683 693 683
28.45 8 DOWNLINK_STATUS 27 11352 668 0 523. 31.
28.48 8 NAVIGATION 0 1 0 0 286 0. 140.5
28.49 8 ATTITUDE 1 0 -45
28.54 8 ENOSE_STATUS 237 60909 0 51.091473 -0.985724 inf 237
28.59 8 ESTIMATOR 0. 0. 0. 0. 0.
28.65 8 GPS 0 0 0 0 0 0 0 24500 0 0
28.66 8 DL_VALUE 26 20000.
28.70 8 NAVIGATION 0 1 0 0 286 0. 140.5
28.76 8 WP_MOVED 4 497575. 3565498. 0.
28.78 8 RAD_OF_IR 7 0 0.00211
28.83 8 ENOSE_STATUS 237 60909 0 51.091473 -0.985724 inf 237
28.84 8 IR_SENSORS -961 7 1
28.89 8 GPS 0 0 0 0 0 0 0 24748 0 0
28.92 8 COMMANDS 0,-9600,9600,-9600
28.96 8 NAVIGATION 0 1 0 0 286 0. 140.5
28.98 8 ATTITUDE 1 0 -45
29.02 8 GYRO_RATES -152 -86 -155 1.32645 -0.750492 1.35263
29.04 8 ENOSE_STATUS 237 60909 0 51.091473 -0.985724 inf 237
29.06 8 FBW_STATUS 2 1 124
29.09 8 ESTIMATOR 0. 0. 0. 0. 0.
29.15 8 GPS 0 0 0 0 0 0 0 25000 0 0
29.19 8 NAVIGATION 0 1 0 0 286 0. 140.5
29.22 8 WP_MOVED 0 497617. 3565540. 770.
29.27 8 ENOSE_STATUS 237 60909 0 51.091473 -0.985724 inf 237
29.34 8 DESIRED 0. 0. 0. 0. 761. 0.
29.39 8 GPS 0 0 0 0 0 0 0 25248 0 0
29.42 8 NAVIGATION 0 1 0 0 286 0. 140.5
29.44 8 ATTITUDE 1 0 -45
29.45 8 DOWNLINK_STATUS 28 11819 695 0 467. 27.
29.47 8 ENOSE_STATUS 237 60909 0 51.091473 -0.985724 inf 237
29.54 8 ESTIMATOR 0. 0. 0. 0. 0.
29.58 8 DL_VALUE 27 0.75
29.64 8 GPS 0 0 0 0 0 0 0 25500 0 0
29.67 8 NAVIGATION 0 1 0 0 286 0. 140.5
29.69 8 WP_MOVED 1 497586.6875 3565500. 770.
29.72 8 RAD_OF_IR 6 0 0.00211
29.75 8 NAVIGATION_REF 497575 3565498 12
29.77 8 ENOSE_STATUS 237 60909 0 51.091473 -0.985724 inf 237
29.80 8 IR_SENSORS -962 6 1
29.86 8 COMMANDS 0,-9600,9600,-9600
29.89 8 NAVIGATION 0 1 0 0 286 0. 140.5
29.94 8 GPS 0 0 0 0 0 0 0 25748 0 0
29.96 8 ATTITUDE 1 0 -45
30.00 8 GYRO_RATES -152 -86 -155 1.32645 -0.750492 1.35263
30.02 8 ENOSE_STATUS 237 60909 0 51.091473 -0.985724 inf 237
30.03 8 FBW_STATUS 2 1 124
30.07 8 ESTIMATOR 0. 0. 0. 0. 0.
30.11 8 BAT 0 124 0 0 27 0 0
30.12 8 CALIBRATION 0. 0.02 0.5 0
30.15 8 NAVIGATION 0 1 0 0 286 0. 140.5
30.18 8 GPS 0 0 0 0 0 0 0 26000 0 0
30.21 8 WP_MOVED 2 497622.6875 3565498.5 770.
30.23 8 SERVO 9600 -9600 0
30.26 8 ENOSE_STATUS 237 60909 0 51.091473 -0.985724 inf 237
30.30 8 DESIRED 0. 0. 0. 0. 761. 0.
30.31 8 IR_DEBUG 693 683 693 683
30.34 8 NAVIGATION 0 1 0 0 286 0. 140.5
30.36 8 ATTITUDE 1 0 -45
30.41 8 GPS 0 0 0 0 0 0 0 26248 0 0
30.44 8 ENOSE_STATUS 237 60909 0 51.091473 -0.985724 inf 237
30.45 8 DOWNLINK_STATUS 29 12339 726 0 520. 31.
30.47 8 ESTIMATOR 0. 0. 0. 0. 0.
30.52 8 DL_VALUE 28 10000.
30.59 8 NAVIGATION 0 1 0 0 286 0. 140.5
30.64 8 GPS 0 0 0 0 0 0 0 26500 0 0
30.67 8 WP_MOVED 3 497546.40625 3565495.5 770.
30.69 8 RAD_OF_IR 7 0 0.00211
30.72 8 ENOSE_STATUS 237 60909 0 51.091473 -0.985724 inf 237
30.74 8 IR_SENSORS -962 6 1
30.80 8 COMMANDS 0,-9600,9600,-9600
30.83 8 NAVIGATION 0 1 0 0 286 0. 140.5
30.85 8 ATTITUDE 1 0 -45
30.89 8 GYRO_RATES -152 -85 -155 1.32645 -0.741765 1.35263
30.91 8 ENOSE_STATUS 237 60909 0 51.091473 -0.985724 inf 237
30.96 8 GPS 0 0 0 0 0 0 0 26748 0 0
30.98 8 FBW_STATUS 2 1 124
31.01 8 ESTIMATOR 0. 0. 0. 0. 0.
31.06 8 NAVIGATION 0 1 0 0 286 0. 140.5
31.11 8 WP_MOVED 4 497575. 3565498. 0.
31.14 8 ENOSE_STATUS 237 60909 0 51.091473 -0.985724 inf 237
31.18 8 GPS 0 0 0 0 0 0 0 27000 0 0
31.22 8 DESIRED 0. 0. 0. 0. 761. 0.
31.29 8 NAVIGATION 0 1 0 0 286 0. 140.5
31.30 8 ATTITUDE 1 0 -45
31.35 8 ENOSE_STATUS 237 60909 0 51.091473 -0.985724 inf 237
31.40 8 GPS 0 0 0 0 0 0 0 27248 0 0
31.43 8 ESTIMATOR 0. 0. 0. 0. 0.
31.45 8 DL_VALUE 29 10000.
31.45 8 DOWNLINK_STATUS 30 12809 753 0 470. 27.
31.51 8 NAVIGATION 0 1 0 0 286 0. 140.5
31.58 8 WP_MOVED 0 497617. 3565540. 770.
31.59 8 RAD_OF_IR 7 0 0.00211
31.63 8 ENOSE_STATUS 237 60909 0 51.091473 -0.985724 inf 237
31.68 8 GPS 0 0 0 0 0 0 0 27500 0 0
31.70 8 IR_SENSORS -961 7 1
31.73 8 COMMANDS 0,-9600,9600,-9600
31.78 8 NAVIGATION 0 1 0 0 286 0. 140.5
31.79 8 ATTITUDE 1 0 -45
31.82 8 GYRO_RATES -152 -86 -155 1.32645 -0.750492 1.35263
31.86 8 ENOSE_STATUS 237 60909 0 51.091473 -0.985724 inf 237
31.88 8 FBW_STATUS 2 1 124
31.90 8 ESTIMATOR 0. 0. 0. 0. 0.
31.92 8 BAT 0 124 0 0 29 0 0
31.97 8 GPS 0 0 0 0 0 0 0 27748 0 0
32.00 8 ACTUATORS 1500,1000,0,1200,1000
32.02 8 CALIBRATION 0. 0.02 0.5 0
32.04 8 NAVIGATION 0 1 0 0 286 0. 140.5
32.09 8 WP_MOVED 1 497586.6875 3565500. 770.
32.12 8 SERVO 9600 -9600 0
32.13 8 ENOSE_STATUS 237 60909 0 51.091473 -0.985724 inf 237
32.15 8 GPS 0 0 0 0 0 0 0 28000 0 0
32.19 8 DESIRED 0. 0. 0. 0. 761. 0.
32.22 8 IR_DEBUG 692 682 692 682
32.24 8 NAVIGATION 0 1 0 0 286 0. 140.5
32.26 8 ATTITUDE 1 0 -45
32.28 8 PPRZ_MODE 2 0 3 0 0 6 0
32.32 8 ENOSE_STATUS 237 60909 0 51.091473 -0.985724 inf 237
32.35 8 ESTIMATOR 0. 0. 0. 0. 0.
32.39 8 GPS 0 0 0 0 0 0 0 28248 0 0
32.41 8 DL_VALUE 30 0.3
32.45 8 NAVIGATION 0 1 0 0 286 0. 140.5
32.46 8 DOWNLINK_STATUS 31 13337 785 0 528. 32.
32.50 8 WP_MOVED 2 497622.6875 3565498.5 770.
32.52 8 RAD_OF_IR 7 0 0.00211
32.58 8 ENOSE_STATUS 237 60909 0 51.091473 -0.985724 inf 237
32.59 8 IR_SENSORS -961 7 1
32.65 8 GPS 0 0 0 0 0 0 0 28500 0 0
32.67 8 COMMANDS 0,-9600,9600,-9600
32.71 8 NAVIGATION 0 1 0 0 286 0. 140.5
32.72 8 ATTITUDE 1 0 -45
32.76 8 GYRO_RATES -152 -86 -155 1.32645 -0.750492 1.35263
32.79 8 ENOSE_STATUS 237 60909 0 51.091473 -0.985724 inf 237
32.80 8 FBW_STATUS 2 1 124
32.84 8 ESTIMATOR 0. 0. 0. 0. 0.
32.89 8 GPS 0 0 0 0 0 0 0 28748 0 0
32.92 8 NAVIGATION 0 1 0 0 286 0. 140.5
32.98 8 WP_MOVED 3 497546.40625 3565495.5 770.
33.01 8 ENOSE_STATUS 237 60909 0 51.091473 -0.985724 inf 237
33.10 8 DESIRED 0. 0. 0. 0. 761. 0.
33.16 8 GPS 0 0 0 0 0 0 0 29000 0 0
33.19 8 NAVIGATION 0 1 0 0 286 0. 140.5
33.19 8 ATTITUDE 1 0 -45
33.23 8 ENOSE_STATUS 237 60909 0 51.091473 -0.985724 inf 237
33.27 8 ESTIMATOR 0. 0. 0. 0. 0.
33.33 8 DL_VALUE 31 0.36
33.39 8 GPS 0 0 0 0 0 0 0 29248 0 0
33.42 8 NAVIGATION 0 1 0 0 286 0. 140.5
33.45 8 WP_MOVED 4 497575. 3565498. 0.
33.46 8 DOWNLINK_STATUS 32 13793 811 0 456. 26.
33.46 8 RAD_OF_IR 7 0 0.00211
33.50 8 ENOSE_STATUS 237 60909 0 51.091473 -0.985724 inf 237
33.53 8 IR_SENSORS -962 6 1
33.64 8 GPS 0 0 0 0 0 0 0 29500 0 0
33.66 8 COMMANDS 0,-9600,9600,-9600
33.69 8 NAVIGATION 0 1 0 0 286 0. 140.5
33.70 8 ATTITUDE 1 0 -45
33.74 8 GYRO_RATES -152 -86 -155 1.32645 -0.750492 1.35263
33.77 8 ENOSE_STATUS 237 60909 0 51.091473 -0.985724 inf 237
33.78 8 FBW_STATUS 2 1 124
33.82 8 ESTIMATOR 0. 0. 0. 0. 0.
33.84 8 BAT 0 124 0 0 31 0 0
33.88 8 CALIBRATION 0. 0.02 0.5 0
33.89 8 NAVIGATION 0 1 0 0 286 0. 140.5
33.93 8 GPS 0 0 0 0 0 0 0 29748 0 0
33.96 8 WP_MOVED 0 497617. 3565540. 770.
33.99 8 SERVO 9600 -9600 0
34.02 8 ENOSE_STATUS 237 60909 0 51.091473 -0.985724 inf 237
34.04 8 DESIRED 0. 0. 0. 0. 761. 0.
34.06 8 IR_DEBUG 693 683 693 683
34.10 8 NAVIGATION 0 1 0 0 286 0. 140.5
34.12 8 ATTITUDE 1 0 -45
34.17 8 GPS 0 0 0 0 0 0 0 30000 0 0
34.19 8 ENOSE_STATUS 237 60909 0 51.091473 -0.985724 inf 237
34.22 8 ESTIMATOR 0. 0. 0. 0. 0.
34.26 8 DL_VALUE 32 0.01
34.33 8 NAVIGATION 0 1 0 0 286 0. 140.5
34.40 8 GPS 0 0 0 0 0 0 0 30248 0 0
34.42 8 WP_MOVED 1 497586.6875 3565500. 770.
34.43 8 RAD_OF_IR 7 0 0.00211
34.47 8 ENOSE_STATUS 237 60909 0 51.091473 -0.985724 inf 237
34.47 8 DOWNLINK_STATUS 33 14312 842 0 519. 31.
34.48 8 IR_SENSORS -961 7 1
34.55 8 COMMANDS 0,-9600,9600,-9600
34.58 8 NAVIGATION 0 1 0 0 286 0. 140.5
34.61 8 ATTITUDE 1 0 -45
34.65 8 GYRO_RATES -152 -87 -155 1.32645 -0.759218 1.35263
34.68 8 ENOSE_STATUS 237 60909 0 51.091473 -0.985724 inf 237
34.71 8 GPS 0 0 0 0 0 0 0 30500 0 0
34.72 8 FBW_STATUS 2 1 124
34.76 8 ESTIMATOR 0. 0. 0. 0. 0.
34.79 8 NAVIGATION 0 1 0 0 286 0. 140.5
34.85 8 WP_MOVED 2 497622.6875 3565498.5 770.
34.89 8 ENOSE_STATUS 237 60909 0 51.091473 -0.985724 inf 237
34.93 8 GPS 0 0 0 0 0 0 0 30748 0 0
34.97 8 DESIRED 0. 0. 0. 0. 761. 0.
35.03 8 NAVIGATION 0 1 0 0 286 0. 140.5
35.05 8 ATTITUDE 1 0 -45
35.10 8 ENOSE_STATUS 237 60909 0 51.091473 -0.985724 inf 237
35.16 8 GPS 0 0 0 0 0 0 0 31000 0 0
35.20 8 ESTIMATOR 0. 0. 0. 0. 0.
35.21 8 DL_VALUE 0 761.
35.27 8 NAVIGATION 0 1 0 0 286 0. 140.5
35.31 8 WP_MOVED 3 497546.40625 3565495.5 770.
35.34 8 RAD_OF_IR 6 0 0.00211
35.38 8 ENOSE_STATUS 237 60909 0 51.091473 -0.985724 inf 237
35.44 8 GPS 0 0 0 0 0 0 0 31248 0 0
35.45 8 IR_SENSORS -961 7 1
35.46 8 DOWNLINK_STATUS 34 14761 868 0 449. 26.
35.48 8 COMMANDS 0,-9600,9600,-9600
35.53 8 NAVIGATION 0 1 0 0 286 0. 140.5
35.54 8 ATTITUDE 1 0 -45
35.57 8 GYRO_RATES -152 -86 -155 1.32645 -0.750492 1.35263
35.61 8 ENOSE_STATUS 237 60909 0 51.091473 -0.985724 inf 237
35.61 8 FBW_STATUS 2 1 123
35.66 8 ESTIMATOR 0. 0. 0. 0. 0.
35.70 8 BAT 0 123 0 0 33 0 0
35.72 8 GPS 0 0 0 0 0 0 0 31500 0 0
35.74 8 CALIBRATION 0. 0.02 0.5 0
35.77 8 NAVIGATION 0 1 0 0 286 0. 140.5
35.79 8 WP_MOVED 4 497575. 3565498. 0.
35.82 8 SERVO 9600 -9600 0
35.85 8 ENOSE_STATUS 237 60909 0 51.091473 -0.985724 inf 237
35.89 8 GPS 0 0 0 0 0 0 0 31748 0 0
35.93 8 DESIRED 0. 0. 0. 0. 761. 0.
35.95 8 IR_DEBUG 693 683 693 683
35.99 8 NAVIGATION 0 1 0 0 286 0. 140.5
36.00 8 ATTITUDE 1 0 -45
36.03 8 ENOSE_STATUS 237 60909 0 51.091473 -0.985724 inf 237
36.09 8 ESTIMATOR 0. 0. 0. 0. 0.
36.16 8 GPS 0 0 0 0 0 0 0 32000 0 0
36.20 8 DL_VALUE 1 1.
36.20 8 NAVIGATION 0 1 0 0 286 0. 140.5
36.25 8 WP_MOVED 0 497617. 3565540. 770.
36.28 8 RAD_OF_IR 6 0 0.00211
36.31 8 ENOSE_STATUS 237 60909 0 51.091473 -0.985724 inf 237
36.33 8 IR_SENSORS -961 7 1
36.39 8 GPS 0 0 0 0 0 0 0 32248 0 0
36.43 8 COMMANDS 0,-9600,9600,-9600
36.46 8 NAVIGATION 0 1 0 0 286 0. 140.5
36.46 8 DOWNLINK_STATUS 35 15278 899 0 517. 31.
36.48 8 ATTITUDE 1 0 -45
36.52 8 GYRO_RATES -152 -86 -155 1.32645 -0.750492 1.35263
36.53 8 ENOSE_STATUS 237 60909 0 51.091473 -0.985724 inf 237
36.55 8 FBW_STATUS 2 1 124
36.59 8 ESTIMATOR 0. 0. 0. 0. 0.
36.61 8 ACTUATORS 1500,1000,0,1200,1000
36.67 8 GPS 0 0 0 0 0 0 0 32500 0 0
36.71 8 NAVIGATION 0 1 0 0 286 0. 140.5
36.72 8 WP_MOVED 1 497586.6875 3565500. 770.
36.77 8 ENOSE_STATUS 237 60909 0 51.091473 -0.985724 inf 237
36.86 8 DESIRED 0. 0. 0. 0. 761. 0.
36.89 8 GPS 0 0 0 0 0 0 0 32748 0 0
36.93 8 NAVIGATION 0 1 0 0 286 0. 140.5
36.93 8 ATTITUDE 1 0 -45
36.96 8 PPRZ_MODE 2 0 3 0 0 6 0
36.99 8 ENOSE_STATUS 237 60909 0 51.091473 -0.985724 inf 237
37.02 8 ESTIMATOR 0. 0. 0. 0. 0.
37.08 8 DL_VALUE 2 0.
37.16 8 GPS 0 0 0 0 0 0 0 33000 0 0
37.18 8 NAVIGATION 0 1 0 0 286 0. 140.5
37.20 8 WP_MOVED 2 497622.6875 3565498.5 770.
37.23 8 RAD_OF_IR 7 0 0.00211
37.26 8 ENOSE_STATUS 237 60909 0 51.091473 -0.985724 inf 237
37.28 8 IR_SENSORS -961 7 1
37.36 8 COMMANDS 0,-9600,9600,-9600
37.39 8 NAVIGATION 0 1 0 0 286 0. 140.5
37.44 8 GPS 0 0 0 0 0 0 0 33248 0 0
37.46 8 ATTITUDE 1 0 -45
37.47 8 DOWNLINK_STATUS 36 15749 927 0 471. 28.
37.51 8 GYRO_RATES -152 -85 -155 1.32645 -0.741765 1.35263
37.54 8 ENOSE_STATUS 237 60909 0 51.091473 -0.985724 inf 237
37.55 8 FBW_STATUS 2 1 123
37.57 8 ESTIMATOR 0. 0. 0. 0. 0.
37.59 8 BAT 0 123 0 0 35 0 0
37.61 8 CALIBRATION 0. 0.02 0.5 0
37.65 8 NAVIGATION 0 1 0 0 286 0. 140.5
37.69 8 GPS 0 0 0 0 0 0 0 33500 0 0
37.71 8 WP_MOVED 3 497546.40625 3565495.5 770.
37.72 8 SERVO 9600 -9600 0
37.77 8 ENOSE_STATUS 237 60909 0 51.091473 -0.985724 inf 237
37.79 8 DESIRED 0. 0. 0. 0. 761. 0.
37.80 8 IR_DEBUG 692 682 692 682
37.85 8 NAVIGATION 0 1 0 0 286 0. 140.5
37.86 8 ATTITUDE 1 0 -45
37.91 8 GPS 0 0 0 0 0 0 0 33748 0 0
37.96 8 ENOSE_STATUS 237 60909 0 51.091473 -0.985724 inf 237
37.97 8 ESTIMATOR 0. 0. 0. 0. 0.
38.02 8 DL_VALUE 3 0.
38.08 8 NAVIGATION 0 1 0 0 286 0. 140.5
38.15 8 GPS 0 0 0 0 0 0 0 34000 0 0
38.20 8 WP_MOVED 4 497575. 3565498. 0.
38.22 8 RAD_OF_IR 7 0 0.00211
38.24 8 NAVIGATION_REF 497575 3565498 12
38.27 8 ENOSE_STATUS 237 60909 0 51.091473 -0.985724 inf 237
38.28 8 IR_SENSORS -961 7 1
38.30 8 COMMANDS 0,-9600,9600,-9600
38.33 8 NAVIGATION 0 1 0 0 286 0. 140.5
38.36 8 ATTITUDE 1 0 -45
38.39 8 GYRO_RATES -152 -86 -154 1.32645 -0.750492 1.343904
38.41 8 ENOSE_STATUS 237 60909 0 51.091473 -0.985724 inf 237
38.46 8 GPS 0 0 0 0 0 0 0 34248 0 0
38.47 8 DOWNLINK_STATUS 37 16289 959 0 540. 32.
38.47 8 FBW_STATUS 2 1 123
38.51 8 ESTIMATOR 0. 0. 0. 0. 0.
38.55 8 NAVIGATION 0 1 0 0 286 0. 140.5
38.60 8 WP_MOVED 0 497617. 3565540. 770.
38.64 8 ENOSE_STATUS 237 60909 0 51.091473 -0.985724 inf 237
38.68 8 GPS 0 0 0 0 0 0 0 34500 0 0
38.72 8 DESIRED 0. 0. 0. 0. 761. 0.
38.78 8 NAVIGATION 0 1 0 0 286 0. 140.5
38.80 8 ATTITUDE 1 0 -45
38.86 8 ENOSE_STATUS 237 60909 0 51.091473 -0.985724 inf 237
38.89 8 GPS 0 0 0 0 0 0 0 34748 0 0
38.94 8 ESTIMATOR 0. 0. 0. 0. 0.
38.95 8 DL_VALUE 4 2.
39.01 8 NAVIGATION 0 1 0 0 286 0. 140.5
39.08 8 WP_MOVED 1 497586.6875 3565500. 770.
39.09 8 RAD_OF_IR 7 0 0.00211
39.13 8 ENOSE_STATUS 237 60909 0 51.091473 -0.985724 inf 237
39.20 8 GPS 0 0 0 0 0 0 0 35000 0 0
39.22 8 IR_SENSORS -961 7 1
39.23 8 COMMANDS 0,-9600,9600,-9600
39.27 8 NAVIGATION 0 1 0 0 286 0. 140.5
39.30 8 ATTITUDE 1 0 -45
39.32 8 GYRO_RATES -152 -86 -155 1.32645 -0.750492 1.35263
39.35 8 ENOSE_STATUS 237 60909 0 51.091473 -0.985724 inf 237
39.36 8 FBW_STATUS 2 1 124
39.40 8 ESTIMATOR 0. 0. 0. 0. 0.
39.43 8 BAT 0 123 0 0 37 0 0
39.47 8 GPS 0 0 0 0 0 0 0 35248 0 0
39.47 8 DOWNLINK_STATUS 38 16771 987 0 482. 28.
39.51 8 CALIBRATION 0. 0.02 0.5 0
39.51 8 NAVIGATION 0 1 0 0 286 0. 140.5
39.54 8 WP_MOVED 2 497622.6875 3565498.5 770.
39.56 8 SERVO 9600 -9600 0
39.59 8 ENOSE_STATUS 237 60909 0 51.091473 -0.985724 inf 237
39.64 8 GPS 0 0 0 0 0 0 0 35500 0 0
39.69 8 DESIRED 0. 0. 0. 0. 761. 0.
39.72 8 IR_DEBUG 692 682 692 682
39.73 8 NAVIGATION 0 1 0 0 286 0. 140.5
39.74 8 ATTITUDE 1 0 -45
39.79 8 ENOSE_STATUS 237 60909 0 51.091473 -0.985724 inf 237
39.84 8 ESTIMATOR 0. 0. 0. 0. 0.
39.92 8 GPS 0 0 0 0 0 0 0 35748 0 0
39.94 8 DL_VALUE 5 0.
39.96 8 NAVIGATION 0 1 0 0 286 0. 140.5
40.00 8 WP_MOVED 3 497546.40625 3565495.5 770.
40.02 8 RAD_OF_IR 7 0 0.00211
40.08 8 ENOSE_STATUS 237 60909 0 51.091473 -0.985724 inf 237
40.08 8 IR_SENSORS -962 7 1
40.16 8 GPS 0 0 0 0 0 0 0 36000 0 0
40.19 8 COMMANDS 0,-9600,9600,-9600
40.22 8 NAVIGATION 0 1 0 0 286 0. 140.5
40.22 8 ATTITUDE 1 0 -45
40.26 8 GYRO_RATES -152 -86 -155 1.32645 -0.750492 1.35263
40.29 8 ENOSE_STATUS 237 60909 0 51.091473 -0.985724 inf 237
40.32 8 FBW_STATUS 2 1 123
40.34 8 ESTIMATOR 0. 0. 0. 0. 0.
40.40 8 GPS 0 0 0 0 0 0 0 36248 0 0
40.42 8 NAVIGATION 0 1 0 0 286 0. 140.5
40.47 8 WP_MOVED 4 497575. 3565498. 0.
40.48 8 DOWNLINK_STATUS 39 17278 1017 0 507. 30.
40.51 8 ENOSE_STATUS 237 60909 0 51.091473 -0.985724 inf 237
40.59 8 DESIRED 0. 0. 0. 0. 761. 0.
40.66 8 GPS 0 0 0 0 0 0 0 36500 0 0
40.68 8 NAVIGATION 0 1 0 0 286 0. 140.5
40.72 8 ATTITUDE 1 0 -45
40.72 8 ENOSE_STATUS 237 60909 0 51.091473 -0.985724 inf 237
40.77 8 ESTIMATOR 0. 0. 0. 0. 0.
40.83 8 DL_VALUE 6 0.
40.89 8 GPS 0 0 0 0 0 0 0 36748 0 0
40.93 8 NAVIGATION 0 1 0 0 286 0. 140.5
40.94 8 WP_MOVED 0 497617. 3565540. 770.
40.96 8 RAD_OF_IR 7 0 0.00211
41.01 8 ENOSE_STATUS 237 60909 0 51.091473 -0.985724 inf 237
41.02 8 IR_SENSORS -961 7 1
41.10 8 COMMANDS 0,-9600,9600,-9600
41.14 8 NAVIGATION 0 1 0 0 286 0. 140.5
41.21 8 GPS 0 0 0 0 0 0 0 37000 0 0
41.23 8 ATTITUDE 1 0 -45
41.24 8 GYRO_RATES -152 -86 -155 1.32645 -0.750492 1.35263
41.27 8 ENOSE_STATUS 237 60909 0 51.091473 -0.985724 inf 237
41.28 8 FBW_STATUS 2 1 124
41.31 8 ESTIMATOR 0. 0. 0. 0. 0.
41.35 8 BAT 0 124 0 0 39 0 0
41.37 8 ACTUATORS 1500,1000,0,1200,1000
41.39 8 CALIBRATION 0. 0.02 0.5 0
41.42 8 NAVIGATION 0 1 0 0 286 0. 140.5
41.46 8 GPS 0 0 0 0 0 0 0 37248 0 0
41.48 8 WP_MOVED 1 497586.6875 3565500. 770.
41.48 8 DOWNLINK_STATUS 40 17761 1045 0 483. 28.
41.50 8 SERVO 9600 -9600 0
41.53 8 ENOSE_STATUS 237 60909 0 51.091473 -0.985724 inf 237
41.57 8 DESIRED 0. 0. 0. 0. 761. 0.
41.58 8 IR_DEBUG 692 683 692 683
41.62 8 NAVIGATION 0 1 0 0 286 0. 140.5
41.63 8 ATTITUDE 1 0 -45
41.66 8 PPRZ_MODE 2 0 3 0 0 6 0
41.70 8 GPS 0 0 0 0 0 0 0 37500 0 0
41.73 8 ENOSE_STATUS 237 60909 0 51.091473 -0.985724 inf 237
41.75 8 ESTIMATOR 0. 0. 0. 0. 0.
41.77 8 DL_VALUE 7 0.
41.82 8 NAVIGATION 0 1 0 0 286 0. 140.5
41.90 8 GPS 0 0 0 0 0 0 0 37748 0 0
41.92 8 WP_MOVED 2 497622.6875 3565498.5 770.
41.94 8 RAD_OF_IR 7 0 0.00211
41.97 8 ENOSE_STATUS 237 60909 0 51.091473 -0.985724 inf 237
41.98 8 IR_SENSORS -962 6 1
42.05 8 COMMANDS 0,-9600,9600,-9600
42.08 8 NAVIGATION 0 1 0 0 286 0. 140.5
42.10 8 ATTITUDE 1 0 -45
42.13 8 GYRO_RATES -152 -87 -155 1.32645 -0.759218 1.35263
42.16 8 ENOSE_STATUS 237 60909 0 51.091473 -0.985724 inf 237
42.21 8 GPS 0 0 0 0 0 0 0 38000 0 0
42.25 8 FBW_STATUS 2 1 124
42.25 8 ESTIMATOR 0. 0. 0. 0. 0.
42.29 8 NAVIGATION 0 1 0 0 286 0. 140.5
42.35 8 WP_MOVED 3 497546.40625 3565495.5 770.
42.40 8 ENOSE_STATUS 237 60909 0 51.091473 -0.985724 inf 237
42.43 8 GPS 0 0 0 0 0 0 0 38248 0 0
42.49 8 DESIRED 0. 0. 0. 0. 761. 0.
42.49 8 DOWNLINK_STATUS 41 18276 1075 0 515. 30.
42.53 8 NAVIGATION 0 1 0 0 286 0. 140.5
42.54 8 ATTITUDE 1 0 -45
42.60 8 ENOSE_STATUS 237 60909 0 51.091473 -0.985724 inf 237
42.64 8 GPS 0 0 0 0 0 0 0 38500 0 0
42.68 8 ESTIMATOR 0. 0. 0. 0. 0.
42.72 8 DL_VALUE 8 0.
42.77 8 NAVIGATION 0 1 0 0 286 0. 140.5
42.81 8 WP_MOVED 4 497575. 3565498. 0.
42.84 8 RAD_OF_IR 7 0 0.00211
42.88 8 ENOSE_STATUS 237 60909 0 51.091473 -0.985724 inf 237
42.92 8 GPS 0 0 0 0 0 0 0 38748 0 0
42.94 8 IR_SENSORS -961 7 1
42.98 8 COMMANDS 0,-9600,9600,-9600
43.02 8 NAVIGATION 0 1 0 0 286 0. 140.5
43.04 8 ATTITUDE 1 0 -45
43.08 8 GYRO_RATES -152 -86 -155 1.32645 -0.750492 1.35263
43.10 8 ENOSE_STATUS 237 60909 0 51.091473 -0.985724 inf 237
43.11 8 FBW_STATUS 2 1 124
43.15 8 ESTIMATOR 0. 0. 0. 0. 0.
43.17 8 BAT 0 124 0 0 41 0 0
43.22 8 GPS 0 0 0 0 0 0 0 39000 0 0
43.26 8 CALIBRATION 0. 0.02 0.5 0
43.28 8 NAVIGATION 0 1 0 0 286 0. 140.5
43.29 8 WP_MOVED 0 497617. 3565540. 770.
43.30 8 SERVO 9600 -9600 0
43.34 8 ENOSE_STATUS 237 60909 0 51.091473 -0.985724 inf 237
43.40 8 GPS 0 0 0 0 0 0 0 39248 0 0
43.43 8 DESIRED 0. 0. 0. 0. 761. 0.
43.45 8 IR_DEBUG 693 683 693 683
43.47 8 NAVIGATION 0 1 0 0 286 0. 140.5
43.49 8 DOWNLINK_STATUS 42 18782 1105 0 506. 30.
43.50 8 ATTITUDE 1 0 -45
43.53 8 ENOSE_STATUS 237 60909 0 51.091473 -0.985724 inf 237
43.58 8 ESTIMATOR 0. 0. 0. 0. 0.
43.64 8 GPS 0 0 0 0 0 0 0 39500 0 0
43.66 8 DL_VALUE 9 0.
43.71 8 NAVIGATION 0 1 0 0 286 0. 140.5
43.75 8 WP_MOVED 1 497586.6875 3565500. 770.
43.77 8 RAD_OF_IR 7 0 0.00211
43.81 8 ENOSE_STATUS 237 60909 0 51.091473 -0.985724 inf 237
43.84 8 IR_SENSORS -961 7 1
43.89 8 GPS 0 0 0 0 0 0 0 39748 0 0
43.92 8 COMMANDS 0,-9600,9600,-9600
43.96 8 NAVIGATION 0 1 0 0 286 0. 140.5
43.97 8 ATTITUDE 1 0 -45
44.00 8 GYRO_RATES -152 -86 -155 1.32645 -0.750492 1.35263
44.05 8 ENOSE_STATUS 237 60909 0 51.091473 -0.985724 inf 237
44.05 8 FBW_STATUS 2 1 124
44.08 8 ESTIMATOR 0. 0. 0. 0. 0.
44.15 8 GPS 0 0 0 0 0 0 0 40000 0 0
44.18 8 NAVIGATION 0 1 0 0 286 0. 140.5
44.22 8 WP_MOVED 2 497622.6875 3565498.5 770.
44.26 8 ENOSE_STATUS 237 60909 0 51.091473 -0.985724 inf 237
44.35 8 DESIRED 0. 0. 0. 0. 761. 0.
44.39 8 GPS 0 0 0 0 0 0 0 40248 0 0
44.41 8 NAVIGATION 0 1 0 0 286 0. 140.5
44.43 8 ATTITUDE 1 0 -45
44.47 8 ENOSE_STATUS 237 60909 0 51.091473 -0.985724 inf 237
44.49 8 DOWNLINK_STATUS 43 19252 1132 0 470. 27.
44.52 8 ESTIMATOR 0. 0. 0. 0. 0.
44.58 8 DL_VALUE 10 -85.943672
44.65 8 GPS 0 0 0 0 0 0 0 40500 0 0
44.67 8 NAVIGATION 0 1 0 0 286 0. 140.5
44.71 8 WP_MOVED 3 497546.40625 3565495.5 770.
44.74 8 RAD_OF_IR 7 0 0.00211
44.75 8 ENOSE_STATUS 237 60909 0 51.091473 -0.985724 inf 237
44.77 8 IR_SENSORS -961 7 1
44.86 8 COMMANDS 0,-9600,9600,-9600
44.89 8 NAVIGATION 0 1 0 0 286 0. 140.5
44.95 8 GPS 0 0 0 0 0 0 0 40748 0 0
44.96 8 ATTITUDE 1 0 -45
44.99 8 GYRO_RATES -152 -86 -155 1.32645 -0.750492 1.35263
45.01 8 ENOSE_STATUS 237 60909 0 51.091473 -0.985724 inf 237
45.03 8 FBW_STATUS 2 1 124
45.07 8 ESTIMATOR 0. 0. 0. 0. 0.
45.11 8 BAT 0 123 0 0 43 0 0
45.13 8 CALIBRATION 0. 0.02 0.5 0
45.14 8 NAVIGATION 0 1 0 0 286 0. 140.5
45.19 8 GPS 0 0 0 0 0 0 0 41000 0 0
45.23 8 WP_MOVED 4 497575. 3565498. 0.
45.23 8 SERVO 9600 -9600 0
45.26 8 ENOSE_STATUS 237 60909 0 51.091473 -0.985724 inf 237
45.29 8 DESIRED 0. 0. 0. 0. 761. 0.
45.30 8 IR_DEBUG 692 683 692 683
45.35 8 NAVIGATION 0 1 0 0 286 0. 140.5
45.36 8 ATTITUDE 1 0 -45
45.41 8 GPS 0 0 0 0 0 0 0 41248 0 0
45.44 8 ENOSE_STATUS 237 60909 0 51.091473 -0.985724 inf 237
45.46 8 ESTIMATOR 0. 0. 0. 0. 0.
45.49 8 DOWNLINK_STATUS 44 19762 1162 0 510. 30.
45.51 8 DL_VALUE 11 1.5
45.58 8 NAVIGATION 0 1 0 0 286 0. 140.5
45.64 8 GPS 0 0 0 0 0 0 0 41500 0 0
45.67 8 WP_MOVED 0 497617. 3565540. 770.
45.68 8 RAD_OF_IR 7 0 0.00211
45.72 8 ENOSE_STATUS 237 60909 0 51.091473 -0.985724 inf 237
45.76 8 IR_SENSORS -961 7 1
45.79 8 COMMANDS 0,-9600,9600,-9600
45.85 8 NAVIGATION 0 1 0 0 286 0. 140.5
45.85 8 ATTITUDE 1 0 -45
45.88 8 GYRO_RATES -152 -86 -155 1.32645 -0.750492 1.35263
45.91 8 ENOSE_STATUS 237 60909 0 51.091473 -0.985724 inf 237
45.96 8 GPS 0 0 0 0 0 0 0 41748 0 0
45.97 8 FBW_STATUS 2 1 124
46.01 8 ESTIMATOR 0. 0. 0. 0. 0.
46.02 8 ACTUATORS 1500,1000,0,1200,1000
46.05 8 NAVIGATION 0 1 0 0 286 0. 140.5
46.09 8 WP_MOVED 1 497586.6875 3565500. 770.
46.15 8 ENOSE_STATUS 237 60909 0 51.091473 -0.985724 inf 237
46.18 8 GPS 0 0 0 0 0 0 0 42000 0 0
46.22 8 DESIRED 0. 0. 0. 0. 761. 0.
46.28 8 NAVIGATION 0 1 0 0 286 0. 140.5
46.29 8 ATTITUDE 1 0 -45
46.32 8 PPRZ_MODE 2 0 3 0 0 6 0
46.35 8 ENOSE_STATUS 237 60909 0 51.091473 -0.985724 inf 237
46.40 8 GPS 0 0 0 0 0 0 0 42248 0 0
46.43 8 ESTIMATOR 0. 0. 0. 0. 0.
46.45 8 DL_VALUE 12 1.5
46.49 8 DOWNLINK_STATUS 45 20232 1190 0 470. 28.
46.51 8 NAVIGATION 0 1 0 0 286 0. 140.5
46.56 8 WP_MOVED 2 497622.6875 3565498.5 770.
46.59 8 RAD_OF_IR 6 0 0.00211
46.61 8 NAVIGATION_REF 497575 3565498 12
46.65 8 ENOSE_STATUS 237 60909 0 51.091473 -0.985724 inf 237
46.70 8 GPS 0 0 0 0 0 0 0 42500 0 0
46.74 8 IR_SENSORS -962 6 1
46.74 8 COMMANDS 0,-9600,9600,-9600
46.79 8 NAVIGATION 0 1 0 0 286 0. 140.5
46.79 8 ATTITUDE 1 0 -45
46.84 8 GYRO_RATES -152 -86 -155 1.32645 -0.750492 1.35263
46.85 8 ENOSE_STATUS 237 60909 0 51.091473 -0.985724 inf 237
46.86 8 FBW_STATUS 2 1 124
46.90 8 ESTIMATOR 0. 0. 0. 0. 0.
46.92 8 BAT 0 124 0 0 45 0 0
46.97 8 GPS 0 0 0 0 0 0 0 42748 0 0
47.00 8 CALIBRATION 0. 0.02 0.5 0
47.01 8 NAVIGATION 0 1 0 0 286 0. 140.5
47.04 8 WP_MOVED 3 497546.40625 3565495.5 770.
47.07 8 SERVO 9600 -9600 0
47.11 8 ENOSE_STATUS 237 60909 0 51.091473 -0.985724 inf 237
47.15 8 GPS 0 0 0 0 0 0 0 43000 0 0
47.19 8 DESIRED 0. 0. 0. 0. 761. 0.
47.23 8 IR_DEBUG 692 682 692 682
47.24 8 NAVIGATION 0 1 0 0 286 0. 140.5
47.25 8 ATTITUDE 1 0 -45
47.29 8 ENOSE_STATUS 237 60909 0 51.091473 -0.985724 inf 237
47.33 8 ESTIMATOR 0. 0. 0. 0. 0.
47.40 8 GPS 0 0 0 0 0 0 0 43248 0 0
47.41 8 DL_VALUE 13 1.5
47.46 8 NAVIGATION 0 1 0 0 286 0. 140.5
47.49 8 DOWNLINK_STATUS 46 20749 1221 0 517. 31.
47.50 8 WP_MOVED 4 497575. 3565498. 0.
47.53 8 RAD_OF_IR 7 0 0.00211
47.56 8 ENOSE_STATUS 237 60909 0 51.091473 -0.985724 inf 237
47.59 8 IR_SENSORS -962 7 1
47.65 8 GPS 0 0 0 0 0 0 0 43500 0 0
47.67 8 COMMANDS 0,-9600,9600,-9600
47.70 8 NAVIGATION 0 1 0 0 286 0. 140.5
47.74 8 ATTITUDE 1 0 -45
47.76 8 GYRO_RATES -152 -86 -155 1.32645 -0.750492 1.35263
47.78 8 ENOSE_STATUS 237 60909 0 51.091473 -0.985724 inf 237
47.81 8 FBW_STATUS 2 1 124
47.83 8 ESTIMATOR 0. 0. 0. 0. 0.
47.89 8 GPS 0 0 0 0 0 0 0 43748 0 0
47.92 8 NAVIGATION 0 1 0 0 286 0. 140.5
47.98 8 WP_MOVED 0 497617. 3565540. 770.
48.01 8 ENOSE_STATUS 237 60909 0 51.091473 -0.985724 inf 237
48.09 8 DESIRED 0. 0. 0. 0. 761. 0.
48.16 8 GPS 0 0 0 0 0 0 0 44000 0 0
48.21 8 NAVIGATION 0 1 0 0 286 0. 140.5
48.24 8 ATTITUDE 1 0 -45
48.24 8 ENOSE_STATUS 237 60909 0 51.091473 -0.985724 inf 237
48.27 8 ESTIMATOR 0. 0. 0. 0. 0.
48.34 8 DL_VALUE 14 1.5
48.39 8 GPS 0 0 0 0 0 0 0 44248 0 0
48.43 8 NAVIGATION 0 1 0 0 286 0. 140.5
48.44 8 WP_MOVED 1 497586.6875 3565500. 770.
48.47 8 RAD_OF_IR 7 0 0.00211
48.50 8 DOWNLINK_STATUS 47 21215 1248 0 466. 27.
48.50 8 ENOSE_STATUS 237 60909 0 51.091473 -0.985724 inf 237
48.53 8 IR_SENSORS -962 6 1
48.60 8 COMMANDS 0,-9600,9600,-9600
48.64 8 NAVIGATION 0 1 0 0 286 0. 140.5
48.69 8 GPS 0 0 0 0 0 0 0 44500 0 0
48.72 8 ATTITUDE 1 0 -45
48.75 8 GYRO_RATES -152 -86 -155 1.32645 -0.750492 1.35263
48.76 8 ENOSE_STATUS 237 60909 0 51.091473 -0.985724 inf 237
48.78 8 FBW_STATUS 2 1 123
48.83 8 ESTIMATOR 0. 0. 0. 0. 0.
48.85 8 BAT 0 124 0 0 47 0 0
48.86 8 CALIBRATION 0. 0.02 0.5 0
48.90 8 NAVIGATION 0 1 0 0 286 0. 140.5
48.93 8 GPS 0 0 0 0 0 0 0 44748 0 0
48.96 8 WP_MOVED 2 497622.6875 3565498.5 770.
48.98 8 SERVO 9600 -9600 0
49.00 8 ENOSE_STATUS 237 60909 0 51.091473 -0.985724 inf 237
49.04 8 DESIRED 0. 0. 0. 0. 761. 0.
49.06 8 IR_DEBUG 692 682 692 682
49.09 8 NAVIGATION 0 1 0 0 286 0. 140.5
49.10 8 ATTITUDE 1 0 -45
49.16 8 GPS 0 0 0 0 0 0 0 45000 0 0
49.19 8 ENOSE_STATUS 237 60909 0 51.091473 -0.985724 inf 237
49.23 8 ESTIMATOR 0. 0. 0. 0. 0.
49.26 8 DL_VALUE 15 0.
49.32 8 NAVIGATION 0 1 0 0 286 0. 140.5
49.39 8 GPS 0 0 0 0 0 0 0 45248 0 0
49.43 8 WP_MOVED 3 497546.40625 3565495.5 770.
49.44 8 RAD_OF_IR 7 0 0.00211
49.46 8 ENOSE_STATUS 237 60909 0 51.091473 -0.985724 inf 237
49.48 8 IR_SENSORS -962 6 1
49.50 8 DOWNLINK_STATUS 48 21732 1279 0 517. 31.
49.54 8 COMMANDS 0,-9600,9600,-9600
49.58 8 NAVIGATION 0 1 0 0 286 0. 140.5
49.60 8 ATTITUDE 1 0 -45
49.63 8 GYRO_RATES -152 -87 -155 1.32645 -0.759218 1.35263
49.66 8 ENOSE_STATUS 237 60909 0 51.091473 -0.985724 inf 237
49.72 8 GPS 0 0 0 0 0 0 0 45500 0 0
49.75 8 FBW_STATUS 2 1 123
49.75 8 ESTIMATOR 0. 0. 0. 0. 0.
49.81 8 NAVIGATION 0 1 0 0 286 0. 140.5
49.84 8 WP_MOVED 4 497575. 3565498. 0.
49.89 8 ENOSE_STATUS 237 60909 0 51.091473 -0.985724 inf 237
49.93 8 GPS 0 0 0 0 0 0 0 45748 0 0
49.97 8 DESIRED 0. 0. 0. 0. 761. 0.
50.03 8 NAVIGATION 0 1 0 0 286 0. 140.5
50.04 8 ATTITUDE 1 0 -45
50.10 8 ENOSE_STATUS 237 60909 0 51.091473 -0.985724 inf 237
50.16 8 GPS 0 0 0 0 0 0 0 46000 0 0
50.19 8 ESTIMATOR 0. 0. 0. 0. 0.
50.20 8 DL_VALUE 16 1.
50.26 8 NAVIGATION 0 1 0 0 286 0. 140.5
50.33 8 WP_MOVED 0 497617. 3565540. 770.
50.34 8 RAD_OF_IR 7 0 0.00211
50.38 8 ENOSE_STATUS 237 60909 0 51.091473 -0.985724 inf 237
50.42 8 GPS 0 0 0 0 0 0 0 46248 0 0
50.45 8 IR_SENSORS -961 7 1
50.48 8 COMMANDS 0,-9600,9600,-9600
50.50 8 DOWNLINK_STATUS 49 22184 1305 0 452. 26.
50.52 8 NAVIGATION 0 1 0 0 286 0. 140.5
50.54 8 ATTITUDE 1 0 -45
50.58 8 GYRO_RATES -152 -86 -155 1.32645 -0.750492 1.35263
50.60 8 ENOSE_STATUS 237 60909 0 51.091473 -0.985724 inf 237
50.61 8 FBW_STATUS 2 1 123
50.65 8 ESTIMATOR 0. 0. 0. 0. 0.
50.68 8 BAT 0 124 0 0 49 0 0
50.72 8 GPS 0 0 0 0 0 0 0 46500 0 0
50.75 8 ACTUATORS 1500,1000,0,1200,1000
50.76 8 CALIBRATION 0. 0.02 0.5 0
50.79 8 NAVIGATION 0 1 0 0 286 0. 140.5
50.81 8 WP_MOVED 1 497586.6875 3565500. 770.
50.84 8 SERVO 9600 -9600 0
50.87 8 ENOSE_STATUS 237 60909 0 51.091473 -0.985724 inf 237
50.90 8 GPS 0 0 0 0 0 0 0 46748 0 0
50.94 8 DESIRED 0. 0. 0. 0. 761. 0.
50.96 8 IR_DEBUG 692 682 692 682
51.00 8 NAVIGATION 0 1 0 0 286 0. 140.5
51.01 8 ATTITUDE 1 0 -45
51.02 8 PPRZ_MODE 2 0 3 0 0 6 0
51.06 8 ENOSE_STATUS 237 60909 0 51.091473 -0.985724 inf 237
51.09 8 ESTIMATOR 0. 0. 0. 0. 0.
51.15 8 GPS 0 0 0 0 0 0 0 47000 0 0
51.17 8 DL_VALUE 17 470.
51.20 8 NAVIGATION 0 1 0 0 286 0. 140.5
51.25 8 WP_MOVED 2 497622.6875 3565498.5 770.
51.29 8 RAD_OF_IR 7 0 0.00211
51.31 8 ENOSE_STATUS 237 60909 0 51.091473 -0.985724 inf 237
51.33 8 IR_SENSORS -961 7 1
51.39 8 GPS 0 0 0 0 0 0 0 47248 0 0
51.42 8 COMMANDS 0,-9600,9600,-9600
51.46 8 NAVIGATION 0 1 0 0 286 0. 140.5
51.47 8 ATTITUDE 1 0 -45
51.50 8 DOWNLINK_STATUS 50 22720 1338 0 536. 33.
51.51 8 GYRO_RATES -152 -86 -155 1.32645 -0.750492 1.35263
51.53 8 ENOSE_STATUS 237 60909 0 51.091473 -0.985724 inf 237
51.55 8 FBW_STATUS 2 1 124
51.58 8 ESTIMATOR 0. 0. 0. 0. 0.
51.64 8 GPS 0 0 0 0 0 0 0 47500 0 0
51.67 8 NAVIGATION 0 1 0 0 286 0. 140.5
51.74 8 WP_MOVED 3 497546.40625 3565495.5 770.
51.77 8 ENOSE_STATUS 237 60909 0 51.091473 -0.985724 inf 237
51.84 8 DESIRED 0. 0. 0. 0. 761. 0.
51.89 8 GPS 0 0 0 0 0 0 0 47748 0 0
51.92 8 NAVIGATION 0 1 0 0 286 0. 140.5
51.93 8 ATTITUDE 1 0 -45
51.98 8 ENOSE_STATUS 237 60909 0 51.091473 -0.985724 inf 237
52.03 8 ESTIMATOR 0. 0. 0. 0. 0.
52.08 8 DL_VALUE 18 405.
52.15 8 GPS 0 0 0 0 0 0 0 48000 0 0
52.18 8 NAVIGATION 0 1 0 0 286 0. 140.5
52.21 8 WP_MOVED 4 497575. 3565498. 0.
52.24 8 RAD_OF_IR 7 0 0.00211
52.27 8 ENOSE_STATUS 237 60909 0 51.091473 -0.985724 inf 237
52.28 8 IR_SENSORS -961 7 1
52.39 8 GPS 0 0 0 0 0 0 0 48248 0 0
52.40 8 COMMANDS 0,-9600,9600,-9600
52.45 8 NAVIGATION 0 1 0 0 286 0. 140.5
52.46 8 ATTITUDE 1 0 -45
52.49 8 GYRO_RATES -152 -85 -155 1.32645 -0.741765 1.35263
52.50 8 DOWNLINK_STATUS 51 23181 1364 0 461. 26.
52.52 8 ENOSE_STATUS 237 60909 0 51.091473 -0.985724 inf 237
52.54 8 FBW_STATUS 2 1 123
52.56 8 ESTIMATOR 0. 0. 0. 0. 0.
52.59 8 BAT 0 123 0 0 51 0 0
52.61 8 CALIBRATION 0. 0.02 0.5 0
52.64 8 NAVIGATION 0 1 0 0 286 0. 140.5
52.68 8 GPS 0 0 0 0 0 0 0 48500 0 0
52.71 8 WP_MOVED 0 497617. 3565540. 770.
52.73 8 SERVO 9600 -9600 0
52.77 8 ENOSE_STATUS 237 60909 0 51.091473 -0.985724 inf 237
52.79 8 DESIRED 0. 0. 0. 0. 761. 0.
52.81 8 IR_DEBUG 692 682 692 682
52.84 8 NAVIGATION 0 1 0 0 286 0. 140.5
52.87 8 ATTITUDE 1 0 -45
52.90 8 GPS 0 0 0 0 0 0 0 48748 0 0
52.94 8 ENOSE_STATUS 237 60909 0 51.091473 -0.985724 inf 237
52.97 8 ESTIMATOR 0. 0. 0. 0. 0.
53.02 8 DL_VALUE 19 473.
53.07 8 NAVIGATION 0 1 0 0 286 0. 140.5
53.15 8 GPS 0 0 0 0 0 0 0 49000 0 0
53.18 8 WP_MOVED 1 497586.6875 3565500. 770.
53.19 8 RAD_OF_IR 7 0 0.00211
53.25 8 ENOSE_STATUS 237 60909 0 51.091473 -0.985724 inf 237
53.28 8 IR_SENSORS -961 7 1
53.29 8 COMMANDS 0,-9600,9600,-9600
53.34 8 NAVIGATION 0 1 0 0 286 0. 140.5
53.35 8 ATTITUDE 1 0 -45
53.40 8 GYRO_RATES -152 -86 -155 1.32645 -0.750492 1.35263
53.41 8 ENOSE_STATUS 237 60909 0 51.091473 -0.985724 inf 237
53.46 8 GPS 0 0 0 0 0 0 0 49248 0 0
53.47 8 FBW_STATUS 2 1 123
53.51 8 ESTIMATOR 0. 0. 0. 0. 0.
53.51 8 DOWNLINK_STATUS 52 23717 1396 0 536. 32.
53.55 8 NAVIGATION 0 1 0 0 286 0. 140.5
53.60 8 WP_MOVED 2 497622.6875 3565498.5 770.
53.64 8 ENOSE_STATUS 237 60909 0 51.091473 -0.985724 inf 237
53.68 8 GPS 0 0 0 0 0 0 0 49500 0 0
53.73 8 DESIRED 0. 0. 0. 0. 761. 0.
53.79 8 NAVIGATION 0 1 0 0 286 0. 140.5
53.82 8 ATTITUDE 1 0 -45
53.84 8 ENOSE_STATUS 237 60909 0 51.091473 -0.985724 inf 237
53.89 8 GPS 0 0 0 0 0 0 0 49748 0 0
53.92 8 ESTIMATOR 0. 0. 0. 0. 0.
53.95 8 DL_VALUE 20 0.
54.01 8 NAVIGATION 0 1 0 0 286 0. 140.5
54.06 8 WP_MOVED 3 497546.40625 3565495.5 770.
54.08 8 RAD_OF_IR 6 0 0.00211
54.12 8 ENOSE_STATUS 237 60909 0 51.091473 -0.985724 inf 237
54.17 8 GPS 0 0 0 0 0 0 0 50000 0 0
54.18 8 IR_SENSORS -961 7 1
54.25 8 COMMANDS 0,-9600,9600,-9600
54.29 8 NAVIGATION 0 1 0 0 286 0. 140.5
54.29 8 ATTITUDE 1 0 -45
54.32 8 GYRO_RATES -152 -86 -155 1.32645 -0.750492 1.35263
54.35 8 ENOSE_STATUS 237 60909 0 51.091473 -0.985724 inf 237
54.37 8 FBW_STATUS 2 1 123
54.40 8 ESTIMATOR 0. 0. 0. 0. 0.
54.42 8 BAT 0 123 0 0 53 0 0
54.47 8 GPS 0 0 0 0 0 0 0 50248 0 0
54.49 8 CALIBRATION 0. 0.02 0.5 0
54.51 8 DOWNLINK_STATUS 53 24187 1423 0 470. 27.
54.51 8 NAVIGATION 0 1 0 0 286 0. 140.5
54.54 8 WP_MOVED 4 497575. 3565498. 0.
54.56 8 SERVO 9600 -9600 0
54.59 8 ENOSE_STATUS 237 60909 0 51.091473 -0.985724 inf 237
54.64 8 GPS 0 0 0 0 0 0 0 50500 0 0
54.68 8 DESIRED 0. 0. 0. 0. 761. 0.
54.70 8 IR_DEBUG 692 682 692 682
54.73 8 NAVIGATION 0 1 0 0 286 0. 140.5
54.75 8 ATTITUDE 1 0 -45
54.79 8 ENOSE_STATUS 237 60909 0 51.091473 -0.985724 inf 237
54.83 8 ESTIMATOR 0. 0. 0. 0. 0.
54.89 8 GPS 0 0 0 0 0 0 0 50748 0 0
54.91 8 DL_VALUE 21 0.75
54.95 8 NAVIGATION 0 1 0 0 286 0. 140.5
55.00 8 WP_MOVED 0 497617. 3565540. 770.
55.03 8 RAD_OF_IR 7 0 0.00211
55.04 8 NAVIGATION_REF 497575 3565498 12
55.08 8 ENOSE_STATUS 237 60909 0 51.091473 -0.985724 inf 237
55.10 8 IR_SENSORS -961 7 1
55.16 8 GPS 0 0 0 0 0 0 0 51000 0 0
55.17 8 COMMANDS 0,-9600,9600,-9600
55.21 8 NAVIGATION 0 1 0 0 286 0. 140.5
55.22 8 ATTITUDE 1 0 -45
55.27 8 GYRO_RATES -152 -86 -155 1.32645 -0.750492 1.35263
55.30 8 ENOSE_STATUS 237 60909 0 51.091473 -0.985724 inf 237
55.30 8 FBW_STATUS 2 1 123
55.34 8 ESTIMATOR 0. 0. 0. 0. 0.
55.36 8 ACTUATORS 1500,1000,0,1200,1000
55.41 8 GPS 0 0 0 0 0 0 0 51248 0 0
55.44 8 NAVIGATION 0 1 0 0 286 0. 140.5
55.47 8 WP_MOVED 1 497586.6875 3565500. 770.
55.51 8 DOWNLINK_STATUS 54 24703 1454 0 516. 31.
55.51 8 ENOSE_STATUS 237 60909 0 51.091473 -0.985724 inf 237
55.60 8 DESIRED 0. 0. 0. 0. 761. 0.
55.64 8 GPS 0 0 0 0 0 0 0 51500 0 0
55.67 8 NAVIGATION 0 1 0 0 286 0. 140.5
55.68 8 ATTITUDE 1 0 -45
55.71 8 PPRZ_MODE 2 0 3 0 0 6 0
55.75 8 ENOSE_STATUS 237 60909 0 51.091473 -0.985724 inf 237
55.78 8 ESTIMATOR 0. 0. 0. 0. 0.
55.82 8 DL_VALUE 22 20000.
55.89 8 GPS 0 0 0 0 0 0 0 51748 0 0
55.93 8 NAVIGATION 0 1 0 0 286 0. 140.5
55.94 8 WP_MOVED 2 497622.6875 3565498.5 770.
55.98 8 RAD_OF_IR 7 0 0.00211
56.00 8 ENOSE_STATUS 237 60909 0 51.091473 -0.985724 inf 237
56.02 8 IR_SENSORS -961 7 1
56.10 8 COMMANDS 0,-9600,9600,-9600
56.15 8 NAVIGATION 0 1 0 0 286 0. 140.5
56.20 8 GPS 0 0 0 0 0 0 0 52000 0 0
56.20 8 ATTITUDE 1 0 -45
56.24 8 GYRO_RATES -152 -86 -155 1.32645 -0.750492 1.35263
56.28 8 ENOSE_STATUS 237 60909 0 51.091473 -0.985724 inf 237
56.28 8 FBW_STATUS 2 1 123
56.32 8 ESTIMATOR 0. 0. 0. 0. 0.
56.35 8 BAT 0 123 0 0 55 0 0
56.36 8 CALIBRATION 0. 0.02 0.5 0
56.39 8 NAVIGATION 0 1 0 0 286 0. 140.5
56.43 8 GPS 0 0 0 0 0 0 0 52248 0 0
56.46 8 WP_MOVED 3 497546.40625 3565495.5 770.
56.47 8 SERVO 9600 -9600 0
56.50 8 ENOSE_STATUS 237 60909 0 51.091473 -0.985724 inf 237
56.51 8 DOWNLINK_STATUS 55 25211 1484 0 508. 30.
56.54 8 DESIRED 0. 0. 0. 0. 761. 0.
56.56 8 IR_DEBUG 692 682 692 682
56.59 8 NAVIGATION 0 1 0 0 286 0. 140.5
56.60 8 ATTITUDE 1 0 -45
56.66 8 GPS 0 0 0 0 0 0 0 52500 0 0
56.70 8 ENOSE_STATUS 237 60909 0 51.091473 -0.985724 inf 237
56.72 8 ESTIMATOR 0. 0. 0. 0. 0.
56.78 8 DL_VALUE 23 20000.
56.83 8 NAVIGATION 0 1 0 0 286 0. 140.5
56.90 8 GPS 0 0 0 0 0 0 0 52748 0 0
56.93 8 WP_MOVED 4 497575. 3565498. 0.
56.94 8 RAD_OF_IR 7 0 0.00211
56.97 8 ENOSE_STATUS 237 60909 0 51.091473 -0.985724 inf 237
56.98 8 IR_SENSORS -963 7 1
57.04 8 COMMANDS 0,-9600,9600,-9600
57.08 8 NAVIGATION 0 1 0 0 286 0. 140.5
57.10 8 ATTITUDE 1 0 -45
57.13 8 GYRO_RATES -152 -87 -155 1.32645 -0.759218 1.35263
57.16 8 ENOSE_STATUS 237 60909 0 51.091473 -0.985724 inf 237
57.20 8 GPS 0 0 0 0 0 0 0 53000 0 0
57.22 8 FBW_STATUS 2 1 124
57.27 8 ESTIMATOR 0. 0. 0. 0. 0.
57.31 8 NAVIGATION 0 1 0 0 286 0. 140.5
57.35 8 WP_MOVED 0 497617. 3565540. 770.
57.39 8 ENOSE_STATUS 237 60909 0 51.091473 -0.985724 inf 237
57.43 8 GPS 0 0 0 0 0 0 0 53248 0 0
57.47 8 DESIRED 0. 0. 0. 0. 761. 0.
57.51 8 DOWNLINK_STATUS 56 25688 1511 0 477. 27.
57.53 8 NAVIGATION 0 1 0 0 286 0. 140.5
57.54 8 ATTITUDE 1 0 -45
57.59 8 ENOSE_STATUS 237 60909 0 51.091473 -0.985724 inf 237
57.64 8 GPS 0 0 0 0 0 0 0 53500 0 0
57.67 8 ESTIMATOR 0. 0. 0. 0. 0.
57.70 8 DL_VALUE 24 0.75
57.77 8 NAVIGATION 0 1 0 0 286 0. 140.5
57.82 8 WP_MOVED 1 497586.6875 3565500. 770.
57.84 8 RAD_OF_IR 7 0 0.00211
57.87 8 ENOSE_STATUS 237 60909 0 51.091473 -0.985724 inf 237
57.92 8 GPS 0 0 0 0 0 0 0 53748 0 0
57.94 8 IR_SENSORS -961 7 1
57.98 8 COMMANDS 0,-9600,9600,-9600
58.02 8 NAVIGATION 0 1 0 0 286 0. 140.5
58.04 8 ATTITUDE 1 0 -45
58.07 8 GYRO_RATES -152 -86 -155 1.32645 -0.750492 1.35263
58.10 8 ENOSE_STATUS 237 60909 0 51.091473 -0.985724 inf 237
58.12 8 FBW_STATUS 2 1 124
58.15 8 ESTIMATOR 0. 0. 0. 0. 0.
58.18 8 BAT 0 124 0 0 57 0 0
58.21 8 GPS 0 0 0 0 0 0 0 54000 0 0
58.24 8 CALIBRATION 0. 0.02 0.5 0
58.26 8 NAVIGATION 0 1 0 0 286 0. 140.5
58.31 8 WP_MOVED 2 497622.6875 3565498.5 770.
58.31 8 SERVO 9600 -9600 0
58.34 8 ENOSE_STATUS 237 60909 0 51.091473 -0.985724 inf 237
58.41 8 GPS 0 0 0 0 0 0 0 54248 0 0
58.44 8 DESIRED 0. 0. 0. 0. 761. 0.
58.46 8 IR_DEBUG 692 683 692 683
58.49 8 NAVIGATION 0 1 0 0 286 0. 140.5
58.51 8 DOWNLINK_STATUS 57 26194 1541 0 506. 30.
58.52 8 ATTITUDE 1 0 -45
58.55 8 ENOSE_STATUS 237 60909 0 51.091473 -0.985724 inf 237
58.58 8 ESTIMATOR 0. 0. 0. 0. 0.
58.64 8 GPS 0 0 0 0 0 0 0 54500 0 0
58.66 8 DL_VALUE 25 20000.
58.70 8 NAVIGATION 0 1 0 0 286 0. 140.5
58.77 8 WP_MOVED 3 497546.40625 3565495.5 770.
58.80 8 RAD_OF_IR 7 0 0.00211
58.81 8 ENOSE_STATUS 237 60909 0 51.091473 -0.985724 inf 237
58.83 8 IR_SENSORS -961 7 1
58.89 8 GPS 0 0 0 0 0 0 0 54748 0 0
58.93 8 COMMANDS 0,-9600,9600,-9600
58.95 8 NAVIGATION 0 1 0 0 286 0. 140.5
58.97 8 ATTITUDE 1 0 -45
59.01 8 GYRO_RATES -152 -86 -155 1.32645 -0.750492 1.35263
59.03 8 ENOSE_STATUS 237 60909 0 51.091473 -0.985724 inf 237
59.05 8 FBW_STATUS 2 1 124
59.08 8 ESTIMATOR 0. 0. 0. 0. 0.
59.16 8 GPS 0 0 0 0 0 0 0 55000 0 0
59.20 8 NAVIGATION 0 1 0 0 286 0. 140.5
59.23 8 WP_MOVED 4 497575. 3565498. 0.
59.26 8 ENOSE_STATUS 237 60909 0 51.091473 -0.985724 inf 237
59.34 8 DESIRED 0. 0. 0. 0. 761. 0.
59.39 8 GPS 0 0 0 0 0 0 0 55248 0 0
59.42 8 NAVIGATION 0 1 0 0 286 0. 140.5
59.43 8 ATTITUDE 1 0 -45
59.47 8 ENOSE_STATUS 237 60909 0 51.091473 -0.985724 inf 237
59.51 8 DOWNLINK_STATUS 58 26664 1568 0 470. 27.
59.52 8 ESTIMATOR 0. 0. 0. 0. 0.
59.58 8 DL_VALUE 26 20000.
59.64 8 GPS 0 0 0 0 0 0 0 55500 0 0
59.66 8 NAVIGATION 0 1 0 0 286 0. 140.5
59.69 8 WP_MOVED 0 497617. 3565540. 770.
59.71 8 RAD_OF_IR 7 0 0.00211
59.75 8 ENOSE_STATUS 237 60909 0 51.091473 -0.985724 inf 237
59.79 8 IR_SENSORS -961 6 1
59.85 8 COMMANDS 0,-9600,9600,-9600
59.89 8 NAVIGATION 0 1 0 0 286 0. 140.5
59.94 8 GPS 0 0 0 0 0 0 0 55748 0 0
59.95 8 ATTITUDE 1 0 -45
59.99 8 GYRO_RATES -152 -85 -155 1.32645 -0.741765 1.35263
60.01 8 ENOSE_STATUS 237 60909 0 51.091473 -0.985724 inf 237
60.03 8 FBW_STATUS 2 1 124
60.06 8 ESTIMATOR 0. 0. 0. 0. 0.
60.09 8 BAT 0 123 0 0 59 0 0
60.11 8 ACTUATORS 1500,1000,0,1200,1000
60.14 8 CALIBRATION 0. 0.02 0.5 0
60.16 8 NAVIGATION 0 1 0 0 286 0. 140.5
60.20 8 GPS 0 0 0 0 0 0 0 56000 0 0
60.23 8 WP_MOVED 1 497586.6875 3565500. 770.
60.25 8 SERVO 9600 -9600 0
60.29 8 ENOSE_STATUS 237 60909 0 51.091473 -0.985724 inf 237
60.31 8 DESIRED 0. 0. 0. 0. 761. 0.
60.33 8 IR_DEBUG 692 682 692 682
60.36 8 NAVIGATION 0 1 0 0 286 0. 140.5
60.38 8 ATTITUDE 1 0 -45
60.40 8 PPRZ_MODE 2 0 3 0 0 6 0
60.43 8 GPS 0 0 0 0 0 0 0 56248 0 0
60.46 8 ENOSE_STATUS 237 60909 0 51.091473 -0.985724 inf 237
60.50 8 ESTIMATOR 0. 0. 0. 0. 0.
60.51 8 DOWNLINK_STATUS 59 27196 1600 0 532. 32.
60.52 8 DL_VALUE 27 0.75
60.57 8 NAVIGATION 0 1 0 0 286 0. 140.5
60.65 8 GPS 0 0 0 0 0 0 0 56500 0 0
60.67 8 WP_MOVED 2 497622.6875 3565498.5 770.
60.68 8 RAD_OF_IR 7 0 0.00211
60.72 8 ENOSE_STATUS 237 60909 0 51.091473 -0.985724 inf 237
60.74 8 IR_SENSORS -963 7 1
60.79 8 COMMANDS 0,-9600,9600,-9600
60.83 8 NAVIGATION 0 1 0 0 286 0. 140.5
60.85 8 ATTITUDE 1 0 -45
60.88 8 GYRO_RATES -152 -85 -155 1.32645 -0.741765 1.35263
60.91 8 ENOSE_STATUS 237 60909 0 51.091473 -0.985724 inf 237
60.96 8 GPS 0 0 0 0 0 0 0 56748 0 0
60.99 8 FBW_STATUS 2 1 123
61.00 8 ESTIMATOR 0. 0. 0. 0. 0.
61.04 8 NAVIGATION 0 1 0 0 286 0. 140.5
61.09 8 WP_MOVED 3 497546.40625 3565495.5 770.
61.14 8 ENOSE_STATUS 237 60909 0 51.091473 -0.985724 inf 237
61.18 8 GPS 0 0 0 0 0 0 0 57000 0 0
61.22 8 DESIRED 0. 0. 0. 0. 761. 0.
61.28 8 NAVIGATION 0 1 0 0 286 0. 140.5
61.31 8 ATTITUDE 1 0 -45
61.35 8 ENOSE_STATUS 237 60909 0 51.091473 -0.985724 inf 237
