2.88 14 ESTIMATOR 0. 0. 0. 0. 0.
2.96 14 DL_VALUE 25 20000.
3.00 14 NAVIGATION 0 1 0 0 286 0. 140.5
3.06 14 WP_MOVED 2 497622.6875 3565498.5 770.
3.08 14 RAD_OF_IR 9 0 0.00211
3.15 14 IR_SENSORS -867 9 1
3.23 14 COMMANDS 0,-9600,9600,-9600
3.25 14 NAVIGATION 0 1 0 0 286 0. 140.5
3.27 14 ATTITUDE 1 0 -27
3.29 14 GYRO_RATES -156 -89 -159 1.361357 -0.776672 1.387537
3.31 14 FBW_STATUS 2 1 112
3.35 14 ESTIMATOR 0. 0. 0. 0. 0.
3.37 14 BAT 0 112 0 0 25 0 0
3.39 14 DOWNLINK_STATUS 1 285 20 0 285. 20.
3.44 14 CALIBRATION 0. 0.02 0.5 0
3.47 14 NAVIGATION 0 1 0 0 286 0. 140.5
3.53 14 WP_MOVED 3 497546.40625 3565495.5 770.
3.54 14 SERVO 9600 -9600 0
3.63 14 DESIRED 0. 0. 0. 0. 761. 0.
3.65 14 IR_DEBUG 626 614 626 614
3.71 14 NAVIGATION 0 1 0 0 286 0. 140.5
3.71 14 ATTITUDE 1 0 -28
3.82 14 ESTIMATOR 0. 0. 0. 0. 0.
3.90 14 DL_VALUE 26 20000.
3.94 14 NAVIGATION 0 1 0 0 286 0. 140.5
4.00 14 WP_MOVED 4 497575. 3565498. 0.
4.02 14 RAD_OF_IR 9 0 0.00211
4.09 14 IR_SENSORS -866 8 1
4.17 14 COMMANDS 0,-9600,9600,-9600
4.19 14 NAVIGATION 0 1 0 0 286 0. 140.5
4.21 14 ATTITUDE 1 0 -28
4.23 14 GYRO_RATES -154 -88 -156 1.343904 -0.767945 1.361357
4.25 14 FBW_STATUS 2 1 112
4.29 14 ESTIMATOR 0. 0. 0. 0. 0.
4.39 14 DOWNLINK_STATUS 2 567 40 0 282. 20.
4.43 14 NAVIGATION 0 1 0 0 286 0. 140.5
4.47 14 WP_MOVED 0 497617. 3565540. 770.
4.57 14 DESIRED 0. 0. 0. 0. 761. 0.
4.64 14 NAVIGATION 0 1 0 0 286 0. 140.5
4.66 14 ATTITUDE 1 0 -28
4.76 14 ESTIMATOR 0. 0. 0. 0. 0.
4.83 14 DL_VALUE 27 0.75
4.88 14 NAVIGATION 0 1 0 0 286 0. 140.5
4.94 14 WP_MOVED 1 497586.6875 3565500. 770.
4.95 14 RAD_OF_IR 9 0 0.00211
4.96 14 NAVIGATION_REF 497575 3565498 12
5.02 14 IR_SENSORS -865 8 1
5.10 14 COMMANDS 0,-9600,9600,-9600
5.13 14 NAVIGATION 0 1 0 0 286 0. 140.5
5.14 14 ATTITUDE 1 0 -28
5.16 14 GYRO_RATES -152 -86 -155 1.32645 -0.750492 1.35263
5.19 14 FBW_STATUS 2 1 112
5.23 14 ESTIMATOR 0. 0. 0. 0. 0.
5.25 14 BAT 0 112 0 0 27 0 0
5.31 14 CALIBRATION 0. 0.02 0.5 0
5.35 14 NAVIGATION 0 1 0 0 286 0. 140.5
5.39 14 DOWNLINK_STATUS 3 874 61 0 307. 21.
5.41 14 WP_MOVED 2 497622.6875 3565498.5 770.
5.42 14 SERVO 9600 -9600 0
5.51 14 DESIRED 0. 0. 0. 0. 761. 0.
5.53 14 IR_DEBUG 625 612 625 612
5.58 14 NAVIGATION 0 1 0 0 286 0. 140.5
5.59 14 ATTITUDE 1 0 -28
5.69 14 ESTIMATOR 0. 0. 0. 0. 0.
5.77 14 DL_VALUE 28 10000.
5.81 14 NAVIGATION 0 1 0 0 286 0. 140.5
5.87 14 WP_MOVED 3 497546.40625 3565495.5 770.
5.89 14 RAD_OF_IR 8 0 0.00211
5.96 14 IR_SENSORS -865 9 1
6.04 14 COMMANDS 0,-9600,9600,-9600
6.07 14 NAVIGATION 0 1 0 0 286 0. 140.5
6.08 14 ATTITUDE 1 0 -28
6.10 14 GYRO_RATES -154 -88 -157 1.343904 -0.767945 1.370083
6.13 14 FBW_STATUS 2 1 112
6.16 14 ESTIMATOR 0. 0. 0. 0. 0.
6.29 14 NAVIGATION 0 1 0 0 286 0. 140.5
6.34 14 WP_MOVED 4 497575. 3565498. 0.
6.39 14 DOWNLINK_STATUS 4 1156 81 0 282. 20.
6.46 14 DESIRED 0. 0. 0. 0. 761. 0.
6.52 14 NAVIGATION 0 1 0 0 286 0. 140.5
6.53 14 ATTITUDE 1 0 -28
6.63 14 ESTIMATOR 0. 0. 0. 0. 0.
6.71 14 DL_VALUE 29 10000.
6.75 14 NAVIGATION 0 1 0 0 286 0. 140.5
6.81 14 WP_MOVED 0 497617. 3565540. 770.
6.82 14 RAD_OF_IR 8 0 0.00211
6.90 14 IR_SENSORS -868 9 1
6.98 14 COMMANDS 0,-9600,9600,-9600
7.00 14 NAVIGATION 0 1 0 0 286 0. 140.5
7.02 14 ATTITUDE 1 0 -28
7.04 14 GYRO_RATES -155 -89 -158 1.35263 -0.776672 1.37881
7.07 14 FBW_STATUS 2 1 112
7.10 14 ESTIMATOR 0. 0. 0. 0. 0.
7.12 14 BAT 0 112 0 0 29 0 0
7.17 14 ACTUATORS 1500,1000,0,1200,1000
7.19 14 CALIBRATION 0. 0.02 0.5 0
7.22 14 NAVIGATION 0 1 0 0 286 0. 140.5
7.28 14 WP_MOVED 1 497586.6875 3565500. 770.
7.29 14 SERVO 9600 -9600 0
7.39 14 DESIRED 0. 0. 0. 0. 761. 0.
7.43 14 DOWNLINK_STATUS 5 1481 103 0 325. 22.
7.43 14 IR_DEBUG 627 614 627 614
7.45 14 NAVIGATION 0 1 0 0 286 0. 140.5
7.47 14 ATTITUDE 1 0 -28
7.48 14 PPRZ_MODE 2 0 3 0 0 6 0
7.57 14 ESTIMATOR 0. 0. 0. 0. 0.
7.65 14 DL_VALUE 30 0.3
7.69 14 NAVIGATION 0 1 0 0 286 0. 140.5
7.75 14 WP_MOVED 2 497622.6875 3565498.5 770.
7.77 14 RAD_OF_IR 9 0 0.00211
7.84 14 IR_SENSORS -868 9 1
7.91 14 COMMANDS 0,-9600,9600,-9600
7.94 14 NAVIGATION 0 1 0 0 286 0. 140.5
7.96 14 ATTITUDE 1 0 -28
7.97 14 GYRO_RATES -155 -90 -158 1.35263 -0.785398 1.37881
8.01 14 FBW_STATUS 2 1 112
8.03 14 ESTIMATOR 0. 0. 0. 0. 0.
8.16 14 NAVIGATION 0 1 0 0 286 0. 140.5
8.22 14 WP_MOVED 3 497546.40625 3565495.5 770.
8.33 14 DESIRED 0. 0. 0. 0. 761. 0.
8.39 14 NAVIGATION 0 1 0 0 286 0. 140.5
8.39 14 DOWNLINK_STATUS 6 1767 123 0 286. 20.
8.41 14 ATTITUDE 1 0 -28
8.51 14 ESTIMATOR 0. 0. 0. 0. 0.
8.59 14 DL_VALUE 31 0.36
8.63 14 NAVIGATION 0 1 0 0 286 0. 140.5
8.69 14 WP_MOVED 4 497575. 3565498. 0.
8.70 14 RAD_OF_IR 9 0 0.00211
8.77 14 IR_SENSORS -865 9 1
8.86 14 COMMANDS 0,-9600,9600,-9600
8.88 14 NAVIGATION 0 1 0 0 286 0. 140.5
8.90 14 ATTITUDE 1 0 -28
8.93 14 GYRO_RATES -152 -87 -155 1.32645 -0.759218 1.35263
8.95 14 FBW_STATUS 2 1 112
8.99 14 ESTIMATOR 0. 0. 0. 0. 0.
9.00 14 BAT 0 112 0 0 31 0 0
9.06 14 CALIBRATION 0. 0.02 0.5 0
9.10 14 NAVIGATION 0 1 0 0 286 0. 140.5
9.16 14 WP_MOVED 0 497617. 3565540. 770.
9.17 14 SERVO 9600 -9600 0
9.26 14 DESIRED 0. 0. 0. 0. 761. 0.
9.27 14 IR_DEBUG 625 612 625 612
9.34 14 NAVIGATION 0 1 0 0 286 0. 140.5
9.38 14 ATTITUDE 1 0 -28
9.39 14 DOWNLINK_STATUS 7 2071 145 0 304. 22.
9.45 14 ESTIMATOR 0. 0. 0. 0. 0.
9.52 14 DL_VALUE 32 0.01
9.57 14 NAVIGATION 0 1 0 0 286 0. 140.5
9.63 14 WP_MOVED 1 497586.6875 3565500. 770.
9.64 14 RAD_OF_IR 9 0 0.00211
9.71 14 IR_SENSORS -865 9 1
9.79 14 COMMANDS 0,-9600,9600,-9600
9.82 14 NAVIGATION 0 1 0 0 286 0. 140.5
9.87 14 ATTITUDE 1 0 -27
9.87 14 GYRO_RATES -153 -88 -157 1.335177 -0.767945 1.370083
9.88 14 FBW_STATUS 2 1 112
9.91 14 ESTIMATOR 0. 0. 0. 0. 0.
10.03 14 NAVIGATION 0 1 0 0 286 0. 140.5
10.10 14 WP_MOVED 2 497622.6875 3565498.5 770.
10.20 14 DESIRED 0. 0. 0. 0. 761. 0.
10.27 14 NAVIGATION 0 1 0 0 286 0. 140.5
10.28 14 ATTITUDE 1 0 -28
10.38 14 ESTIMATOR 0. 0. 0. 0. 0.
10.42 14 DOWNLINK_STATUS 8 2342 163 0 271. 18.
10.47 14 DL_VALUE 0 761.
10.51 14 NAVIGATION 0 1 0 0 286 0. 140.5
10.56 14 WP_MOVED 3 497546.40625 3565495.5 770.
10.58 14 RAD_OF_IR 9 0 0.00211
10.65 14 IR_SENSORS -866 9 1
10.73 14 COMMANDS 0,-9600,9600,-9600
10.76 14 NAVIGATION 0 1 0 0 286 0. 140.5
10.77 14 ATTITUDE 1 0 -27
10.79 14 GYRO_RATES -156 -90 -159 1.361357 -0.785398 1.387537
10.83 14 FBW_STATUS 2 1 112
10.88 14 ESTIMATOR 0. 0. 0. 0. 0.
10.88 14 BAT 0 112 0 0 33 0 0
10.94 14 CALIBRATION 0. 0.02 0.5 0
10.98 14 NAVIGATION 0 1 0 0 286 0. 140.5
11.04 14 WP_MOVED 4 497575. 3565498. 0.
11.05 14 SERVO 9600 -9600 0
11.13 14 DESIRED 0. 0. 0. 0. 761. 0.
11.15 14 IR_DEBUG 626 614 626 614
11.20 14 NAVIGATION 0 1 0 0 286 0. 140.5
11.21 14 ATTITUDE 1 0 -28
11.33 14 ESTIMATOR 0. 0. 0. 0. 0.
11.39 14 DOWNLINK_STATUS 9 2638 184 0 296. 21.
11.40 14 DL_VALUE 1 1.
11.44 14 NAVIGATION 0 1 0 0 286 0. 140.5
11.50 14 WP_MOVED 0 497617. 3565540. 770.
11.51 14 RAD_OF_IR 9 0 0.00211
11.59 14 IR_SENSORS -866 8 1
11.67 14 COMMANDS 0,-9600,9600,-9600
11.69 14 NAVIGATION 0 1 0 0 286 0. 140.5
11.71 14 ATTITUDE 1 0 -28
11.73 14 GYRO_RATES -154 -88 -157 1.343904 -0.767945 1.370083
11.75 14 FBW_STATUS 2 1 112
11.79 14 ESTIMATOR 0. 0. 0. 0. 0.
11.87 14 ACTUATORS 1500,1000,0,1200,1000
11.91 14 NAVIGATION 0 1 0 0 286 0. 140.5
11.97 14 WP_MOVED 1 497586.6875 3565500. 770.
12.09 14 DESIRED 0. 0. 0. 0. 761. 0.
12.14 14 NAVIGATION 0 1 0 0 286 0. 140.5
12.16 14 ATTITUDE 1 0 -28
12.17 14 PPRZ_MODE 2 0 3 0 0 6 0
12.26 14 ESTIMATOR 0. 0. 0. 0. 0.
12.35 14 DL_VALUE 2 0.
12.38 14 NAVIGATION 0 1 0 0 286 0. 140.5
12.39 14 DOWNLINK_STATUS 10 2934 205 0 296. 21.
12.44 14 WP_MOVED 2 497622.6875 3565498.5 770.
12.45 14 RAD_OF_IR 9 0 0.00211
12.52 14 IR_SENSORS -865 9 1
12.60 14 COMMANDS 0,-9600,9600,-9600
12.63 14 NAVIGATION 0 1 0 0 286 0. 140.5
12.64 14 ATTITUDE 1 0 -28
12.66 14 GYRO_RATES -153 -86 -155 1.335177 -0.750492 1.35263
12.69 14 FBW_STATUS 2 1 112
12.73 14 ESTIMATOR 0. 0. 0. 0. 0.
12.75 14 BAT 0 112 0 0 35 0 0
12.83 14 CALIBRATION 0. 0.02 0.5 0
12.86 14 NAVIGATION 0 1 0 0 286 0. 140.5
12.94 14 WP_MOVED 3 497546.40625 3565495.5 770.
12.94 14 SERVO 9600 -9600 0
13.02 14 DESIRED 0. 0. 0. 0. 761. 0.
13.03 14 IR_DEBUG 625 611 625 611
13.08 14 NAVIGATION 0 1 0 0 286 0. 140.5
13.10 14 ATTITUDE 1 0 -28
13.19 14 ESTIMATOR 0. 0. 0. 0. 0.
13.28 14 DL_VALUE 3 0.
13.33 14 NAVIGATION 0 1 0 0 286 0. 140.5
13.38 14 WP_MOVED 4 497575. 3565498. 0.
13.39 14 RAD_OF_IR 9 0 0.00211
13.39 14 DOWNLINK_STATUS 11 3255 228 0 321. 23.
13.40 14 NAVIGATION_REF 497575 3565498 12
13.46 14 IR_SENSORS -865 9 1
13.54 14 COMMANDS 0,-9600,9600,-9600
13.57 14 NAVIGATION 0 1 0 0 286 0. 140.5
13.58 14 ATTITUDE 1 0 -28
13.60 14 GYRO_RATES -153 -87 -156 1.335177 -0.759218 1.361357
13.64 14 FBW_STATUS 2 1 112
13.66 14 ESTIMATOR 0. 0. 0. 0. 0.
13.78 14 NAVIGATION 0 1 0 0 286 0. 140.5
13.85 14 WP_MOVED 0 497617. 3565540. 770.
13.95 14 DESIRED 0. 0. 0. 0. 761. 0.
14.02 14 NAVIGATION 0 1 0 0 286 0. 140.5
14.03 14 ATTITUDE 1 0 -28
14.13 14 ESTIMATOR 0. 0. 0. 0. 0.
14.21 14 DL_VALUE 4 2.
14.25 14 NAVIGATION 0 1 0 0 286 0. 140.5
14.33 14 WP_MOVED 1 497586.6875 3565500. 770.
14.33 14 RAD_OF_IR 8 0 0.00211
14.39 14 DOWNLINK_STATUS 12 3515 246 0 260. 18.
14.40 14 IR_SENSORS -868 9 1
14.48 14 COMMANDS 0,-9600,9600,-9600
14.50 14 NAVIGATION 0 1 0 0 286 0. 140.5
14.52 14 ATTITUDE 1 0 -28
14.54 14 GYRO_RATES -155 -89 -158 1.35263 -0.776672 1.37881
14.57 14 FBW_STATUS 2 1 112
14.60 14 ESTIMATOR 0. 0. 0. 0. 0.
14.62 14 BAT 0 112 0 0 37 0 0
14.69 14 CALIBRATION 0. 0.02 0.5 0
14.72 14 NAVIGATION 0 1 0 0 286 0. 140.5
14.78 14 WP_MOVED 2 497622.6875 3565498.5 770.
14.79 14 SERVO 9600 -9600 0
14.88 14 DESIRED 0. 0. 0. 0. 761. 0.
14.92 14 IR_DEBUG 627 614 627 614
14.95 14 NAVIGATION 0 1 0 0 286 0. 140.5
14.97 14 ATTITUDE 1 0 -28
15.07 14 ESTIMATOR 0. 0. 0. 0. 0.
15.15 14 DL_VALUE 5 0.
15.19 14 NAVIGATION 0 1 0 0 286 0. 140.5
15.25 14 WP_MOVED 3 497546.40625 3565495.5 770.
15.27 14 RAD_OF_IR 9 0 0.00211
15.35 14 IR_SENSORS -869 8 1
16.69 14 DOWNLINK_STATUS 15 3819 268 0 304. 22.
16.69 14 COMMANDS 0,-9600,9600,-9600
16.69 14 NAVIGATION 0 1 0 0 286 0. 140.5
16.69 14 ATTITUDE 1 0 -28
16.69 14 GYRO_RATES -156 -90 -159 1.361357 -0.785398 1.387537
16.69 14 FBW_STATUS 2 1 112
16.73 14 ESTIMATOR 0. 0. 0. 0. 0.
16.73 14 NAVIGATION 0 1 0 0 286 0. 140.5
16.73 14 WP_MOVED 4 497575. 3565498. 0.
16.73 14 DESIRED 0. 0. 0. 0. 761. 0.
16.73 14 NAVIGATION 0 1 0 0 286 0. 140.5
16.73 14 ATTITUDE 1 0 -28
16.73 14 ESTIMATOR 0. 0. 0. 0. 0.
16.73 14 DL_VALUE 6 0.
16.73 14 NAVIGATION 0 1 0 0 286 0. 140.5
16.73 14 WP_MOVED 0 497617. 3565540. 770.
16.73 14 RAD_OF_IR 9 0 0.00211
16.73 14 IR_SENSORS -866 8 1
16.73 14 COMMANDS 0,-9600,9600,-9600
16.73 14 NAVIGATION 0 1 0 0 286 0. 140.5
16.73 14 ATTITUDE 1 0 -28
16.73 14 GYRO_RATES -153 -87 -156 1.335177 -0.759218 1.361357
16.73 14 FBW_STATUS 2 1 112
16.73 14 ESTIMATOR 0. 0. 0. 0. 0.
16.73 14 BAT 0 112 0 0 39 0 0
16.74 14 ACTUATORS 1500,1000,0,1200,1000
16.74 14 CALIBRATION 0. 0.02 0.5 0
16.74 14 NAVIGATION 0 1 0 0 286 0. 140.5
16.74 14 WP_MOVED 1 497586.6875 3565500. 770.
16.74 14 SERVO 9600 -9600 0
16.76 14 DESIRED 0. 0. 0. 0. 761. 0.
16.77 14 IR_DEBUG 624 612 624 612
16.83 14 NAVIGATION 0 1 0 0 286 0. 140.5
16.85 14 ATTITUDE 1 0 -28
16.86 14 PPRZ_MODE 2 0 3 0 0 6 0
16.95 14 ESTIMATOR 0. 0. 0. 0. 0.
17.02 14 DL_VALUE 7 0.
17.07 14 NAVIGATION 0 1 0 0 286 0. 140.5
17.13 14 WP_MOVED 2 497622.6875 3565498.5 770.
17.14 14 RAD_OF_IR 9 0 0.00211
17.22 14 IR_SENSORS -865 9 1
17.29 14 COMMANDS 0,-9600,9600,-9600
17.31 14 NAVIGATION 0 1 0 0 286 0. 140.5
17.33 14 ATTITUDE 1 0 -28
17.35 14 GYRO_RATES -153 -87 -156 1.335177 -0.759218 1.361357
17.38 14 FBW_STATUS 2 1 112
17.41 14 ESTIMATOR 0. 0. 0. 0. 0.
17.53 14 NAVIGATION 0 1 0 0 286 0. 140.5
17.59 14 WP_MOVED 3 497546.40625 3565495.5 770.
17.68 14 DOWNLINK_STATUS 16 4503 316 0 684. 48.
17.71 14 DESIRED 0. 0. 0. 0. 761. 0.
17.77 14 NAVIGATION 0 1 0 0 286 0. 140.5
17.79 14 ATTITUDE 1 0 -28
17.88 14 ESTIMATOR 0. 0. 0. 0. 0.
17.96 14 DL_VALUE 8 0.
18.00 14 NAVIGATION 0 1 0 0 286 0. 140.5
18.06 14 WP_MOVED 4 497575. 3565498. 0.
18.08 14 RAD_OF_IR 8 0 0.00211
18.15 14 IR_SENSORS -867 9 1
18.23 14 COMMANDS 0,-9600,9600,-9600
18.27 14 NAVIGATION 0 1 0 0 286 0. 140.5
18.27 14 ATTITUDE 1 0 -27
18.29 14 GYRO_RATES -156 -89 -159 1.361357 -0.776672 1.387537
18.32 14 FBW_STATUS 2 1 112
18.35 14 ESTIMATOR 0. 0. 0. 0. 0.
18.37 14 BAT 0 112 0 0 41 0 0
18.44 14 CALIBRATION 0. 0.02 0.5 0
18.47 14 NAVIGATION 0 1 0 0 286 0. 140.5
18.53 14 WP_MOVED 0 497617. 3565540. 770.
18.54 14 SERVO 9600 -9600 0
18.63 14 DESIRED 0. 0. 0. 0. 761. 0.
18.65 14 IR_DEBUG 626 614 626 614
18.68 14 DOWNLINK_STATUS 17 4825 338 0 322. 22.
18.71 14 NAVIGATION 0 1 0 0 286 0. 140.5
18.75 14 ATTITUDE 1 0 -27
18.82 14 ESTIMATOR 0. 0. 0. 0. 0.
18.90 14 DL_VALUE 9 0.
18.94 14 NAVIGATION 0 1 0 0 286 0. 140.5
19.00 14 WP_MOVED 1 497586.6875 3565500. 770.
19.01 14 RAD_OF_IR 9 0 0.00211
19.09 14 IR_SENSORS -866 8 1
19.16 14 COMMANDS 0,-9600,9600,-9600
19.19 14 NAVIGATION 0 1 0 0 286 0. 140.5
19.23 14 ATTITUDE 1 0 -27
19.23 14 GYRO_RATES -155 -89 -158 1.35263 -0.776672 1.37881
19.25 14 FBW_STATUS 2 1 112
19.29 14 ESTIMATOR 0. 0. 0. 0. 0.
19.41 14 NAVIGATION 0 1 0 0 286 0. 140.5
19.47 14 WP_MOVED 2 497622.6875 3565498.5 770.
19.57 14 DESIRED 0. 0. 0. 0. 761. 0.
19.64 14 NAVIGATION 0 1 0 0 286 0. 140.5
19.65 14 ATTITUDE 1 0 -28
19.68 14 DOWNLINK_STATUS 18 5100 357 0 275. 19.
19.76 14 ESTIMATOR 0. 0. 0. 0. 0.
19.83 14 DL_VALUE 10 -85.943672
19.88 14 NAVIGATION 0 1 0 0 286 0. 140.5
19.94 14 WP_MOVED 3 497546.40625 3565495.5 770.
19.95 14 RAD_OF_IR 9 0 0.00211
20.02 14 IR_SENSORS -863 8 1
20.10 14 COMMANDS 0,-9600,9600,-9600
20.13 14 NAVIGATION 0 1 0 0 286 0. 140.5
20.14 14 ATTITUDE 1 0 -28
20.17 14 GYRO_RATES -152 -86 -155 1.32645 -0.750492 1.35263
20.19 14 FBW_STATUS 2 1 112
20.24 14 ESTIMATOR 0. 0. 0. 0. 0.
20.25 14 BAT 0 112 0 0 43 0 0
20.31 14 CALIBRATION 0. 0.02 0.5 0
20.35 14 NAVIGATION 0 1 0 0 286 0. 140.5
20.41 14 WP_MOVED 4 497575. 3565498. 0.
20.42 14 SERVO 9600 -9600 0
20.51 14 DESIRED 0. 0. 0. 0. 761. 0.
20.53 14 IR_DEBUG 624 611 624 611
20.58 14 NAVIGATION 0 1 0 0 286 0. 140.5
20.59 14 ATTITUDE 1 0 -28
20.69 14 DOWNLINK_STATUS 19 5396 378 0 296. 21.
20.70 14 ESTIMATOR 0. 0. 0. 0. 0.
20.77 14 DL_VALUE 11 1.5
20.81 14 NAVIGATION 0 1 0 0 286 0. 140.5
20.87 14 WP_MOVED 0 497617. 3565540. 770.
20.89 14 RAD_OF_IR 9 0 0.00211
20.96 14 IR_SENSORS -865 9 1
21.04 14 COMMANDS 0,-9600,9600,-9600
21.06 14 NAVIGATION 0 1 0 0 286 0. 140.5
21.08 14 ATTITUDE 1 0 -28
21.10 14 GYRO_RATES -153 -87 -156 1.335177 -0.759218 1.361357
21.13 14 FBW_STATUS 2 1 112
21.16 14 ESTIMATOR 0. 0. 0. 0. 0.
21.24 14 ACTUATORS 1500,1000,0,1200,1000
21.28 14 NAVIGATION 0 1 0 0 286 0. 140.5
21.34 14 WP_MOVED 1 497586.6875 3565500. 770.
21.45 14 DESIRED 0. 0. 0. 0. 761. 0.
21.52 14 NAVIGATION 0 1 0 0 286 0. 140.5
21.53 14 ATTITUDE 1 0 -28
21.54 14 PPRZ_MODE 2 0 3 0 0 6 0
21.63 14 ESTIMATOR 0. 0. 0. 0. 0.
21.69 14 DOWNLINK_STATUS 20 5689 398 0 293. 20.
21.72 14 DL_VALUE 12 1.5
21.76 14 NAVIGATION 0 1 0 0 286 0. 140.5
21.81 14 WP_MOVED 2 497622.6875 3565498.5 770.
21.83 14 RAD_OF_IR 7 0 0.00211
21.84 14 NAVIGATION_REF 497575 3565498 12
21.90 14 IR_SENSORS -868 9 1
21.98 14 COMMANDS 0,-9600,9600,-9600
22.00 14 NAVIGATION 0 1 0 0 286 0. 140.5
22.02 14 ATTITUDE 1 0 -28
22.04 14 GYRO_RATES -155 -89 -158 1.35263 -0.776672 1.37881
22.06 14 FBW_STATUS 2 1 112
22.10 14 ESTIMATOR 0. 0. 0. 0. 0.
22.12 14 BAT 0 112 0 0 45 0 0
22.20 14 CALIBRATION 0. 0.02 0.5 0
22.25 14 NAVIGATION 0 1 0 0 286 0. 140.5
22.28 14 WP_MOVED 3 497546.40625 3565495.5 770.
22.29 14 SERVO 9600 -9600 0
22.38 14 DESIRED 0. 0. 0. 0. 761. 0.
22.40 14 IR_DEBUG 627 614 627 614
22.45 14 NAVIGATION 0 1 0 0 286 0. 140.5
22.46 14 ATTITUDE 1 0 -28
22.57 14 ESTIMATOR 0. 0. 0. 0. 0.
22.65 14 DL_VALUE 13 1.5
22.69 14 NAVIGATION 0 1 0 0 286 0. 140.5
22.74 14 DOWNLINK_STATUS 21 6021 422 0 332. 24.
22.75 14 WP_MOVED 4 497575. 3565498. 0.
22.76 14 RAD_OF_IR 9 0 0.00211
22.83 14 IR_SENSORS -868 9 1
22.91 14 COMMANDS 0,-9600,9600,-9600
22.94 14 NAVIGATION 0 1 0 0 286 0. 140.5
22.95 14 ATTITUDE 1 0 -28
22.97 14 GYRO_RATES -156 -91 -159 1.361357 -0.794125 1.387537
23.01 14 FBW_STATUS 2 1 112
23.04 14 ESTIMATOR 0. 0. 0. 0. 0.
23.16 14 NAVIGATION 0 1 0 0 286 0. 140.5
23.23 14 WP_MOVED 0 497617. 3565540. 770.
23.32 14 DESIRED 0. 0. 0. 0. 761. 0.
23.39 14 NAVIGATION 0 1 0 0 286 0. 140.5
23.40 14 ATTITUDE 1 0 -28
23.51 14 ESTIMATOR 0. 0. 0. 0. 0.
23.58 14 DL_VALUE 14 1.5
23.63 14 NAVIGATION 0 1 0 0 286 0. 140.5
23.69 14 WP_MOVED 1 497586.6875 3565500. 770.
23.69 14 DOWNLINK_STATUS 22 6285 440 0 264. 18.
23.72 14 RAD_OF_IR 9 0 0.00211
23.77 14 IR_SENSORS -865 9 1
23.85 14 COMMANDS 0,-9600,9600,-9600
23.87 14 NAVIGATION 0 1 0 0 286 0. 140.5
23.91 14 ATTITUDE 1 0 -28
23.92 14 GYRO_RATES -153 -87 -156 1.335177 -0.759218 1.361357
23.94 14 FBW_STATUS 2 1 112
23.98 14 ESTIMATOR 0. 0. 0. 0. 0.
23.99 14 BAT 0 112 0 0 47 0 0
24.06 14 CALIBRATION 0. 0.02 0.5 0
24.09 14 NAVIGATION 0 1 0 0 286 0. 140.5
24.16 14 WP_MOVED 2 497622.6875 3565498.5 770.
24.17 14 SERVO 9600 -9600 0
24.26 14 DESIRED 0. 0. 0. 0. 761. 0.
24.30 14 IR_DEBUG 624 611 624 611
24.33 14 NAVIGATION 0 1 0 0 286 0. 140.5
24.34 14 ATTITUDE 1 0 -28
24.44 14 ESTIMATOR 0. 0. 0. 0. 0.
24.52 14 DL_VALUE 15 0.
24.57 14 NAVIGATION 0 1 0 0 286 0. 140.5
24.63 14 WP_MOVED 3 497546.40625 3565495.5 770.
24.63 14 RAD_OF_IR 9 0 0.00211
24.69 14 DOWNLINK_STATUS 23 6591 462 0 306. 22.
24.72 14 IR_SENSORS -865 9 1
24.79 14 COMMANDS 0,-9600,9600,-9600
24.81 14 NAVIGATION 0 1 0 0 286 0. 140.5
24.83 14 ATTITUDE 1 0 -28
24.85 14 GYRO_RATES -153 -88 -156 1.335177 -0.767945 1.361357
24.88 14 FBW_STATUS 2 1 112
24.91 14 ESTIMATOR 0. 0. 0. 0. 0.
25.03 14 NAVIGATION 0 1 0 0 286 0. 140.5
25.09 14 WP_MOVED 4 497575. 3565498. 0.
25.21 14 DESIRED 0. 0. 0. 0. 761. 0.
25.27 14 NAVIGATION 0 1 0 0 286 0. 140.5
25.28 14 ATTITUDE 1 0 -28
25.38 14 ESTIMATOR 0. 0. 0. 0. 0.
25.46 14 DL_VALUE 16 1.
25.50 14 NAVIGATION 0 1 0 0 286 0. 140.5
25.56 14 WP_MOVED 0 497617. 3565540. 770.
25.57 14 RAD_OF_IR 8 0 0.00211
25.65 14 IR_SENSORS -868 9 1
25.70 14 DOWNLINK_STATUS 24 6848 480 0 257. 18.
25.75 14 COMMANDS 0,-9600,9600,-9600
25.75 14 NAVIGATION 0 1 0 0 286 0. 140.5
25.76 14 ATTITUDE 1 0 -27
25.79 14 GYRO_RATES -156 -90 -159 1.361357 -0.785398 1.387537
25.82 14 FBW_STATUS 2 1 112
25.85 14 ESTIMATOR 0. 0. 0. 0. 0.
25.87 14 BAT 0 112 0 0 49 0 0
25.92 14 ACTUATORS 1500,1000,0,1200,1000
25.94 14 CALIBRATION 0. 0.02 0.5 0
25.97 14 NAVIGATION 0 1 0 0 286 0. 140.5
26.03 14 WP_MOVED 1 497586.6875 3565500. 770.
26.04 14 SERVO 9600 -9600 0
26.13 14 DESIRED 0. 0. 0. 0. 761. 0.
26.15 14 IR_DEBUG 626 614 626 614
26.22 14 NAVIGATION 0 1 0 0 286 0. 140.5
26.24 14 ATTITUDE 1 0 -28
26.25 14 PPRZ_MODE 2 0 3 0 0 6 0
26.32 14 ESTIMATOR 0. 0. 0. 0. 0.
26.40 14 DL_VALUE 17 470.
26.44 14 NAVIGATION 0 1 0 0 286 0. 140.5
26.50 14 WP_MOVED 2 497622.6875 3565498.5 770.
26.51 14 RAD_OF_IR 9 0 0.00211
26.59 14 IR_SENSORS -866 8 1
26.67 14 COMMANDS 0,-9600,9600,-9600
26.72 14 NAVIGATION 0 1 0 0 286 0. 140.5
26.74 14 DOWNLINK_STATUS 25 7195 505 0 347. 25.
26.74 14 ATTITUDE 1 0 -28
26.74 14 GYRO_RATES -154 -88 -157 1.343904 -0.767945 1.370083
26.75 14 FBW_STATUS 2 1 112
26.79 14 ESTIMATOR 0. 0. 0. 0. 0.
26.91 14 NAVIGATION 0 1 0 0 286 0. 140.5
26.97 14 WP_MOVED 3 497546.40625 3565495.5 770.
27.08 14 DESIRED 0. 0. 0. 0. 761. 0.
27.15 14 NAVIGATION 0 1 0 0 286 0. 140.5
27.16 14 ATTITUDE 1 0 -28
27.27 14 ESTIMATOR 0. 0. 0. 0. 0.
27.33 14 DL_VALUE 18 405.
27.38 14 NAVIGATION 0 1 0 0 286 0. 140.5
27.44 14 WP_MOVED 4 497575. 3565498. 0.
27.45 14 RAD_OF_IR 10 0 0.00211
27.52 14 IR_SENSORS -863 8 1
27.61 14 COMMANDS 0,-9600,9600,-9600
27.63 14 NAVIGATION 0 1 0 0 286 0. 140.5
27.64 14 ATTITUDE 1 0 -28
27.67 14 GYRO_RATES -153 -87 -156 1.335177 -0.759218 1.361357
27.69 14 FBW_STATUS 2 1 112
27.71 14 DOWNLINK_STATUS 26 7477 525 0 282. 20.
27.74 14 ESTIMATOR 0. 0. 0. 0. 0.
27.77 14 BAT 0 112 0 0 51 0 0
27.82 14 CALIBRATION 0. 0.02 0.5 0
27.85 14 NAVIGATION 0 1 0 0 286 0. 140.5
27.91 14 WP_MOVED 0 497617. 3565540. 770.
27.92 14 SERVO 9600 -9600 0
28.02 14 DESIRED 0. 0. 0. 0. 761. 0.
28.03 14 IR_DEBUG 624 611 624 611
28.08 14 NAVIGATION 0 1 0 0 286 0. 140.5
28.10 14 ATTITUDE 1 0 -28
28.19 14 ESTIMATOR 0. 0. 0. 0. 0.
28.27 14 DL_VALUE 19 473.
28.32 14 NAVIGATION 0 1 0 0 286 0. 140.5
28.37 14 WP_MOVED 1 497586.6875 3565500. 770.
28.40 14 RAD_OF_IR 9 0 0.00211
28.46 14 IR_SENSORS -865 9 1
28.54 14 COMMANDS 0,-9600,9600,-9600
28.56 14 NAVIGATION 0 1 0 0 286 0. 140.5
28.58 14 ATTITUDE 1 0 -28
28.60 14 GYRO_RATES -153 -88 -156 1.335177 -0.767945 1.361357
28.64 14 FBW_STATUS 2 1 112
28.66 14 ESTIMATOR 0. 0. 0. 0. 0.
28.71 14 DOWNLINK_STATUS 27 7795 547 0 318. 22.
28.78 14 NAVIGATION 0 1 0 0 286 0. 140.5
28.84 14 WP_MOVED 2 497622.6875 3565498.5 770.
28.95 14 DESIRED 0. 0. 0. 0. 761. 0.
29.01 14 NAVIGATION 0 1 0 0 286 0. 140.5
29.03 14 ATTITUDE 1 0 -28
29.13 14 ESTIMATOR 0. 0. 0. 0. 0.
29.22 14 DL_VALUE 20 0.
29.27 14 NAVIGATION 0 1 0 0 286 0. 140.5
29.33 14 WP_MOVED 3 497546.40625 3565495.5 770.
29.34 14 RAD_OF_IR 8 0 0.00211
29.40 14 IR_SENSORS -868 9 1
29.47 14 COMMANDS 0,-9600,9600,-9600
29.50 14 NAVIGATION 0 1 0 0 286 0. 140.5
29.52 14 ATTITUDE 1 0 -27
29.55 14 GYRO_RATES -155 -89 -158 1.35263 -0.776672 1.37881
29.56 14 FBW_STATUS 2 1 112
29.60 14 ESTIMATOR 0. 0. 0. 0. 0.
29.63 14 BAT 0 112 0 0 53 0 0
29.70 14 CALIBRATION 0. 0.02 0.5 0
29.71 14 DOWNLINK_STATUS 28 8073 566 0 278. 19.
29.73 14 NAVIGATION 0 1 0 0 286 0. 140.5
29.78 14 WP_MOVED 4 497575. 3565498. 0.
29.79 14 SERVO 9600 -9600 0
29.88 14 DESIRED 0. 0. 0. 0. 761. 0.
29.90 14 IR_DEBUG 627 614 627 614
29.95 14 NAVIGATION 0 1 0 0 286 0. 140.5
29.96 14 ATTITUDE 1 0 -28
30.07 14 ESTIMATOR 0. 0. 0. 0. 0.
30.16 14 DL_VALUE 21 0.75
30.20 14 NAVIGATION 0 1 0 0 286 0. 140.5
30.29 14 WP_MOVED 0 497617. 3565540. 770.
30.33 14 RAD_OF_IR 9 0 0.00211
30.33 14 NAVIGATION_REF 497575 3565498 12
30.35 14 IR_SENSORS -868 8 1
30.41 14 COMMANDS 0,-9600,9600,-9600
30.44 14 NAVIGATION 0 1 0 0 286 0. 140.5
30.45 14 ATTITUDE 1 0 -28
30.48 14 GYRO_RATES -155 -90 -158 1.35263 -0.785398 1.37881
30.50 14 FBW_STATUS 2 1 112
30.54 14 ESTIMATOR 0. 0. 0. 0. 0.
30.60 14 ACTUATORS 1500,1000,0,1200,1000
30.67 14 NAVIGATION 0 1 0 0 286 0. 140.5
30.71 14 DOWNLINK_STATUS 29 8382 588 0 309. 22.
30.72 14 WP_MOVED 1 497586.6875 3565500. 770.
30.82 14 DESIRED 0. 0. 0. 0. 761. 0.
30.89 14 NAVIGATION 0 1 0 0 286 0. 140.5
30.91 14 ATTITUDE 1 0 -28
30.92 14 PPRZ_MODE 2 0 3 0 0 6 0
31.01 14 ESTIMATOR 0. 0. 0. 0. 0.
31.08 14 DL_VALUE 22 20000.
31.13 14 NAVIGATION 0 1 0 0 286 0. 140.5
31.19 14 WP_MOVED 2 497622.6875 3565498.5 770.
31.20 14 RAD_OF_IR 9 0 0.00211
31.29 14 IR_SENSORS -865 8 1
31.35 14 COMMANDS 0,-9600,9600,-9600
31.37 14 NAVIGATION 0 1 0 0 286 0. 140.5
31.39 14 ATTITUDE 1 0 -28
31.41 14 GYRO_RATES -153 -87 -156 1.335177 -0.759218 1.361357
31.45 14 FBW_STATUS 2 1 112
31.48 14 ESTIMATOR 0. 0. 0. 0. 0.
31.49 14 BAT 0 112 0 0 55 0 0
31.57 14 CALIBRATION 0. 0.02 0.5 0
31.59 14 NAVIGATION 0 1 0 0 286 0. 140.5
31.66 14 WP_MOVED 3 497546.40625 3565495.5 770.
31.66 14 SERVO 9600 -9600 0
31.72 14 DOWNLINK_STATUS 30 8692 610 0 310. 22.
31.76 14 DESIRED 0. 0. 0. 0. 761. 0.
31.80 14 IR_DEBUG 625 611 625 611
31.83 14 NAVIGATION 0 1 0 0 286 0. 140.5
31.84 14 ATTITUDE 1 0 -28
31.95 14 ESTIMATOR 0. 0. 0. 0. 0.
32.02 14 DL_VALUE 23 20000.
32.07 14 NAVIGATION 0 1 0 0 286 0. 140.5
32.13 14 WP_MOVED 4 497575. 3565498. 0.
32.15 14 RAD_OF_IR 9 0 0.00211
32.22 14 IR_SENSORS -865 9 1
32.32 14 COMMANDS 0,-9600,9600,-9600
32.34 14 NAVIGATION 0 1 0 0 286 0. 140.5
32.34 14 ATTITUDE 1 0 -28
32.35 14 GYRO_RATES -153 -88 -157 1.335177 -0.767945 1.370083
32.38 14 FBW_STATUS 2 1 112
32.41 14 ESTIMATOR 0. 0. 0. 0. 0.
32.53 14 NAVIGATION 0 1 0 0 286 0. 140.5
32.60 14 WP_MOVED 0 497617. 3565540. 770.
32.70 14 DESIRED 0. 0. 0. 0. 761. 0.
32.71 14 DOWNLINK_STATUS 31 8977 629 0 285. 19.
32.77 14 NAVIGATION 0 1 0 0 286 0. 140.5
32.80 14 ATTITUDE 1 0 -28
32.88 14 ESTIMATOR 0. 0. 0. 0. 0.
32.96 14 DL_VALUE 24 0.75
33.01 14 NAVIGATION 0 1 0 0 286 0. 140.5
33.07 14 WP_MOVED 1 497586.6875 3565500. 770.
33.10 14 RAD_OF_IR 8 0 0.00211
33.15 14 IR_SENSORS -868 9 1
33.23 14 COMMANDS 0,-9600,9600,-9600
33.26 14 NAVIGATION 0 1 0 0 286 0. 140.5
33.30 14 ATTITUDE 1 0 -27
33.31 14 GYRO_RATES -156 -91 -160 1.361357 -0.794125 1.396263
33.32 14 FBW_STATUS 2 1 112
33.35 14 ESTIMATOR 0. 0. 0. 0. 0.
33.37 14 BAT 0 112 0 0 57 0 0
33.43 14 CALIBRATION 0. 0.02 0.5 0
33.47 14 NAVIGATION 0 1 0 0 286 0. 140.5
33.53 14 WP_MOVED 2 497622.6875 3565498.5 770.
33.56 14 SERVO 9600 -9600 0
33.64 14 DESIRED 0. 0. 0. 0. 761. 0.
33.66 14 IR_DEBUG 626 614 626 614
33.71 14 NAVIGATION 0 1 0 0 286 0. 140.5
33.71 14 DOWNLINK_STATUS 32 9291 651 0 314. 22.
33.72 14 ATTITUDE 1 0 -28
33.82 14 ESTIMATOR 0. 0. 0. 0. 0.
33.91 14 DL_VALUE 25 20000.
33.94 14 NAVIGATION 0 1 0 0 286 0. 140.5
34.00 14 WP_MOVED 3 497546.40625 3565495.5 770.
34.01 14 RAD_OF_IR 9 0 0.00211
34.09 14 IR_SENSORS -865 8 1
34.17 14 COMMANDS 0,-9600,9600,-9600
34.19 14 NAVIGATION 0 1 0 0 286 0. 140.5
34.20 14 ATTITUDE 1 0 -28
34.24 14 GYRO_RATES -154 -88 -157 1.343904 -0.767945 1.370083
34.27 14 FBW_STATUS 2 1 112
34.30 14 ESTIMATOR 0. 0. 0. 0. 0.
34.41 14 NAVIGATION 0 1 0 0 286 0. 140.5
34.47 14 WP_MOVED 4 497575. 3565498. 0.
34.59 14 DESIRED 0. 0. 0. 0. 761. 0.
34.65 14 NAVIGATION 0 1 0 0 286 0. 140.5
34.66 14 ATTITUDE 1 0 -28
34.71 14 DOWNLINK_STATUS 33 9548 669 0 257. 18.
34.77 14 ESTIMATOR 0. 0. 0. 0. 0.
34.85 14 DL_VALUE 26 20000.
34.88 14 NAVIGATION 0 1 0 0 286 0. 140.5
34.94 14 WP_MOVED 0 497617. 3565540. 770.
34.95 14 RAD_OF_IR 9 0 0.00211
35.02 14 IR_SENSORS -863 9 1
35.10 14 COMMANDS 0,-9600,9600,-9600
35.13 14 NAVIGATION 0 1 0 0 286 0. 140.5
35.14 14 ATTITUDE 1 0 -28
35.17 14 GYRO_RATES -152 -86 -155 1.32645 -0.750492 1.35263
35.22 14 FBW_STATUS 2 1 112
35.23 14 ESTIMATOR 0. 0. 0. 0. 0.
35.25 14 BAT 0 112 0 0 59 0 0
35.30 14 ACTUATORS 1500,1000,0,1200,1000
35.34 14 CALIBRATION 0. 0.02 0.5 0
35.34 14 NAVIGATION 0 1 0 0 286 0. 140.5
35.41 14 WP_MOVED 1 497586.6875 3565500. 770.
35.42 14 SERVO 9600 -9600 0
35.51 14 DESIRED 0. 0. 0. 0. 761. 0.
35.52 14 IR_DEBUG 624 611 624 611
35.58 14 NAVIGATION 0 1 0 0 286 0. 140.5
35.59 14 ATTITUDE 1 0 -28
35.62 14 PPRZ_MODE 2 0 3 0 0 6 0
35.69 14 ESTIMATOR 0. 0. 0. 0. 0.
35.71 14 DOWNLINK_STATUS 34 9888 693 0 340. 24.
35.77 14 DL_VALUE 27 0.75
35.81 14 NAVIGATION 0 1 0 0 286 0. 140.5
35.87 14 WP_MOVED 2 497622.6875 3565498.5 770.
35.88 14 RAD_OF_IR 8 0 0.00211
35.96 14 IR_SENSORS -866 9 1
36.04 14 COMMANDS 0,-9600,9600,-9600
36.06 14 NAVIGATION 0 1 0 0 286 0. 140.5
36.08 14 ATTITUDE 1 0 -28
36.10 14 GYRO_RATES -154 -88 -157 1.343904 -0.767945 1.370083
36.13 14 FBW_STATUS 2 1 112
36.16 14 ESTIMATOR 0. 0. 0. 0. 0.
36.31 14 NAVIGATION 0 1 0 0 286 0. 140.5
36.35 14 WP_MOVED 3 497546.40625 3565495.5 770.
36.45 14 DESIRED 0. 0. 0. 0. 761. 0.
36.51 14 NAVIGATION 0 1 0 0 286 0. 140.5
36.54 14 ATTITUDE 1 0 -27
36.65 14 ESTIMATOR 0. 0. 0. 0. 0.
36.71 14 DL_VALUE 28 10000.
36.71 14 DOWNLINK_STATUS 35 10144 711 0 256. 18.
36.75 14 NAVIGATION 0 1 0 0 286 0. 140.5
36.82 14 WP_MOVED 4 497575. 3565498. 0.
36.86 14 RAD_OF_IR 7 0 0.00211
36.90 14 IR_SENSORS -868 9 1
36.98 14 COMMANDS 0,-9600,9600,-9600
37.00 14 NAVIGATION 0 1 0 0 286 0. 140.5
37.02 14 ATTITUDE 1 0 -28
37.04 14 GYRO_RATES -155 -90 -159 1.35263 -0.785398 1.387537
37.06 14 FBW_STATUS 2 1 112
37.10 14 ESTIMATOR 0. 0. 0. 0. 0.
37.13 14 BAT 0 112 0 0 61 1 0
37.18 14 CALIBRATION 0. 0.02 0.5 0
37.24 14 NAVIGATION 0 1 0 0 286 0. 140.5
37.28 14 WP_MOVED 0 497617. 3565540. 770.
37.31 14 SERVO 9600 -9600 0
37.40 14 DESIRED 0. 0. 0. 0. 761. 0.
37.40 14 IR_DEBUG 627 614 627 614
37.45 14 NAVIGATION 0 1 0 0 286 0. 140.5
37.48 14 ATTITUDE 1 0 -28
37.57 14 ESTIMATOR 0. 0. 0. 0. 0.
37.65 14 DL_VALUE 29 10000.
37.69 14 NAVIGATION 0 1 0 0 286 0. 140.5
37.71 14 DOWNLINK_STATUS 36 10458 733 0 314. 22.
37.75 14 WP_MOVED 1 497586.6875 3565500. 770.
37.76 14 RAD_OF_IR 9 0 0.00211
37.83 14 IR_SENSORS -868 8 1
37.91 14 COMMANDS 0,-9600,9600,-9600
37.94 14 NAVIGATION 0 1 0 0 286 0. 140.5
37.96 14 ATTITUDE 1 0 -28
37.98 14 GYRO_RATES -155 -89 -158 1.35263 -0.776672 1.37881
38.00 14 FBW_STATUS 2 1 112
38.04 14 ESTIMATOR 0. 0. 0. 0. 0.
38.16 14 NAVIGATION 0 1 0 0 286 0. 140.5
38.22 14 WP_MOVED 2 497622.6875 3565498.5 770.
38.32 14 DESIRED 0. 0. 0. 0. 761. 0.
38.39 14 NAVIGATION 0 1 0 0 286 0. 140.5
38.42 14 ATTITUDE 1 0 -28
38.51 14 ESTIMATOR 0. 0. 0. 0. 0.
38.59 14 DL_VALUE 30 0.3
38.64 14 NAVIGATION 0 1 0 0 286 0. 140.5
38.69 14 WP_MOVED 3 497546.40625 3565495.5 770.
38.72 14 RAD_OF_IR 9 0 0.00211
38.72 14 NAVIGATION_REF 497575 3565498 12
38.72 14 DOWNLINK_STATUS 37 10743 753 0 285. 20.
38.77 14 IR_SENSORS -865 8 1
38.85 14 COMMANDS 0,-9600,9600,-9600
38.89 14 NAVIGATION 0 1 0 0 286 0. 140.5
38.89 14 ATTITUDE 1 0 -28
38.91 14 GYRO_RATES -153 -87 -155 1.335177 -0.759218 1.35263
38.94 14 FBW_STATUS 2 1 112
38.98 14 ESTIMATOR 0. 0. 0. 0. 0.
38.99 14 BAT 0 112 0 0 63 1 0
39.06 14 CALIBRATION 0. 0.02 0.5 0
39.09 14 NAVIGATION 0 1 0 0 286 0. 140.5
39.16 14 WP_MOVED 4 497575. 3565498. 0.
39.18 14 SERVO 9600 -9600 0
39.26 14 DESIRED 0. 0. 0. 0. 761. 0.
39.29 14 IR_DEBUG 625 611 625 611
39.34 14 NAVIGATION 0 1 0 0 286 0. 140.5
39.37 14 ATTITUDE 1 0 -28
39.45 14 ESTIMATOR 0. 0. 0. 0. 0.
39.52 14 DL_VALUE 31 0.36
39.56 14 NAVIGATION 0 1 0 0 286 0. 140.5
39.63 14 WP_MOVED 0 497617. 3565540. 770.
39.64 14 RAD_OF_IR 9 0 0.00211
39.71 14 IR_SENSORS -865 9 1
39.71 14 DOWNLINK_STATUS 38 11047 775 0 304. 22.
39.78 14 COMMANDS 0,-9600,9600,-9600
39.83 14 NAVIGATION 0 1 0 0 286 0. 140.5
39.86 14 ATTITUDE 1 0 -28
39.86 14 GYRO_RATES -154 -89 -157 1.343904 -0.776672 1.370083
39.89 14 FBW_STATUS 2 1 112
39.91 14 ESTIMATOR 0. 0. 0. 0. 0.
39.98 14 ACTUATORS 1500,1000,0,1200,1000
40.03 14 NAVIGATION 0 1 0 0 286 0. 140.5
40.11 14 WP_MOVED 1 497586.6875 3565500. 770.
40.20 14 DESIRED 0. 0. 0. 0. 761. 0.
40.27 14 NAVIGATION 0 1 0 0 286 0. 140.5
40.29 14 ATTITUDE 1 0 -27
40.30 14 PPRZ_MODE 2 0 3 0 0 6 0
40.38 14 ESTIMATOR 0. 0. 0. 0. 0.
40.46 14 DL_VALUE 32 0.01
40.50 14 NAVIGATION 0 1 0 0 286 0. 140.5
40.56 14 WP_MOVED 2 497622.6875 3565498.5 770.
40.57 14 RAD_OF_IR 8 0 0.00211
40.64 14 IR_SENSORS -868 9 1
40.71 14 DOWNLINK_STATUS 39 11318 794 0 271. 19.
40.72 14 COMMANDS 0,-9600,9600,-9600
40.75 14 NAVIGATION 0 1 0 0 286 0. 140.5
40.76 14 ATTITUDE 1 0 -27
40.79 14 GYRO_RATES -156 -90 -159 1.361357 -0.785398 1.387537
40.82 14 FBW_STATUS 2 1 112
40.86 14 ESTIMATOR 0. 0. 0. 0. 0.
40.86 14 BAT 0 112 0 0 65 1 0
40.93 14 CALIBRATION 0. 0.02 0.5 0
40.97 14 NAVIGATION 0 1 0 0 286 0. 140.5
41.03 14 WP_MOVED 3 497546.40625 3565495.5 770.
41.04 14 SERVO 9600 -9600 0
41.13 14 DESIRED 0. 0. 0. 0. 761. 0.
41.15 14 IR_DEBUG 627 614 627 614
41.20 14 NAVIGATION 0 1 0 0 286 0. 140.5
41.22 14 ATTITUDE 1 0 -28
41.35 14 ESTIMATOR 0. 0. 0. 0. 0.
41.41 14 DL_VALUE 0 761.
41.44 14 NAVIGATION 0 1 0 0 286 0. 140.5
41.50 14 WP_MOVED 4 497575. 3565498. 0.
41.52 14 RAD_OF_IR 9 0 0.00211
41.58 14 IR_SENSORS -868 8 1
41.66 14 COMMANDS 0,-9600,9600,-9600
41.70 14 NAVIGATION 0 1 0 0 286 0. 140.5
41.70 14 ATTITUDE 1 0 -28
41.71 14 DOWNLINK_STATUS 40 11651 818 0 333. 24.
41.72 14 GYRO_RATES -153 -87 -156 1.335177 -0.759218 1.361357
41.75 14 FBW_STATUS 2 1 112
41.79 14 ESTIMATOR 0. 0. 0. 0. 0.
41.91 14 NAVIGATION 0 1 0 0 286 0. 140.5
41.96 14 WP_MOVED 0 497617. 3565540. 770.
42.07 14 DESIRED 0. 0. 0. 0. 761. 0.
42.14 14 NAVIGATION 0 1 0 0 286 0. 140.5
42.15 14 ATTITUDE 1 0 -28
42.25 14 ESTIMATOR 0. 0. 0. 0. 0.
42.35 14 DL_VALUE 1 1.
42.38 14 NAVIGATION 0 1 0 0 286 0. 140.5
42.45 14 WP_MOVED 1 497586.6875 3565500. 770.
42.46 14 RAD_OF_IR 9 0 0.00211
42.52 14 IR_SENSORS -862 8 1
42.60 14 COMMANDS 0,-9600,9600,-9600
42.63 14 NAVIGATION 0 1 0 0 286 0. 140.5
42.65 14 ATTITUDE 1 0 -28
42.66 14 GYRO_RATES -152 -86 -155 1.32645 -0.750492 1.35263
42.69 14 FBW_STATUS 2 1 112
42.71 14 DOWNLINK_STATUS 41 11925 837 0 274. 19.
42.73 14 ESTIMATOR 0. 0. 0. 0. 0.
42.74 14 BAT 0 112 0 0 66 0 0
42.81 14 CALIBRATION 0. 0.02 0.5 0
42.85 14 NAVIGATION 0 1 0 0 286 0. 140.5
42.90 14 WP_MOVED 2 497622.6875 3565498.5 770.
42.92 14 SERVO 9600 -9600 0
43.01 14 DESIRED 0. 0. 0. 0. 761. 0.
43.02 14 IR_DEBUG 624 611 624 611
43.08 14 NAVIGATION 0 1 0 0 286 0. 140.5
43.09 14 ATTITUDE 1 0 -28
43.20 14 ESTIMATOR 0. 0. 0. 0. 0.
43.27 14 DL_VALUE 2 0.
43.31 14 NAVIGATION 0 1 0 0 286 0. 140.5
43.37 14 WP_MOVED 3 497546.40625 3565495.5 770.
43.42 14 RAD_OF_IR 9 0 0.00211
43.46 14 IR_SENSORS -864 9 1
43.54 14 COMMANDS 0,-9600,9600,-9600
43.56 14 NAVIGATION 0 1 0 0 286 0. 140.5
43.58 14 ATTITUDE 1 0 -28
43.61 14 GYRO_RATES -154 -88 -157 1.343904 -0.767945 1.370083
43.63 14 FBW_STATUS 2 1 112
43.66 14 ESTIMATOR 0. 0. 0. 0. 0.
43.71 14 DOWNLINK_STATUS 42 12243 859 0 318. 22.
43.78 14 NAVIGATION 0 1 0 0 286 0. 140.5
43.86 14 WP_MOVED 4 497575. 3565498. 0.
43.94 14 DESIRED 0. 0. 0. 0. 761. 0.
44.01 14 NAVIGATION 0 1 0 0 286 0. 140.5
44.03 14 ATTITUDE 1 0 -27
44.13 14 ESTIMATOR 0. 0. 0. 0. 0.
44.22 14 DL_VALUE 3 0.
44.25 14 NAVIGATION 0 1 0 0 286 0. 140.5
44.31 14 WP_MOVED 0 497617. 3565540. 770.
44.32 14 RAD_OF_IR 9 0 0.00211
44.40 14 IR_SENSORS -868 9 1
44.47 14 COMMANDS 0,-9600,9600,-9600
44.50 14 NAVIGATION 0 1 0 0 286 0. 140.5
44.52 14 ATTITUDE 1 0 -27
44.54 14 GYRO_RATES -156 -90 -159 1.361357 -0.785398 1.387537
44.57 14 FBW_STATUS 2 1 112
44.60 14 ESTIMATOR 0. 0. 0. 0. 0.
44.62 14 BAT 0 112 0 0 68 0 0
44.67 14 ACTUATORS 1500,1000,0,1200,1000
44.69 14 CALIBRATION 0. 0.02 0.5 0
44.71 14 DOWNLINK_STATUS 43 12534 879 0 291. 20.
44.72 14 NAVIGATION 0 1 0 0 286 0. 140.5
44.78 14 WP_MOVED 1 497586.6875 3565500. 770.
44.79 14 SERVO 9600 -9600 0
44.89 14 DESIRED 0. 0. 0. 0. 761. 0.
44.90 14 IR_DEBUG 626 614 626 614
44.95 14 NAVIGATION 0 1 0 0 286 0. 140.5
44.97 14 ATTITUDE 1 0 -28
44.99 14 PPRZ_MODE 2 0 3 0 0 6 0
45.08 14 ESTIMATOR 0. 0. 0. 0. 0.
45.14 14 DL_VALUE 4 2.
45.20 14 NAVIGATION 0 1 0 0 286 0. 140.5
45.25 14 WP_MOVED 2 497622.6875 3565498.5 770.
45.27 14 RAD_OF_IR 9 0 0.00211
45.33 14 IR_SENSORS -868 9 1
45.41 14 COMMANDS 0,-9600,9600,-9600
45.45 14 NAVIGATION 0 1 0 0 286 0. 140.5
45.45 14 ATTITUDE 1 0 -28
45.48 14 GYRO_RATES -155 -90 -158 1.35263 -0.785398 1.37881
45.50 14 FBW_STATUS 2 1 112
45.54 14 ESTIMATOR 0. 0. 0. 0. 0.
45.66 14 NAVIGATION 0 1 0 0 286 0. 140.5
45.72 14 DOWNLINK_STATUS 44 12828 900 0 294. 21.
45.73 14 WP_MOVED 3 497546.40625 3565495.5 770.
45.84 14 DESIRED 0. 0. 0. 0. 761. 0.
45.89 14 NAVIGATION 0 1 0 0 286 0. 140.5
45.94 14 ATTITUDE 1 0 -28
46.02 14 ESTIMATOR 0. 0. 0. 0. 0.
46.09 14 DL_VALUE 5 0.
46.12 14 NAVIGATION 0 1 0 0 286 0. 140.5
46.20 14 WP_MOVED 4 497575. 3565498. 0.
46.20 14 RAD_OF_IR 9 0 0.00211
46.27 14 IR_SENSORS -864 9 1
46.36 14 COMMANDS 0,-9600,9600,-9600
46.38 14 NAVIGATION 0 1 0 0 286 0. 140.5
46.42 14 ATTITUDE 1 0 -28
46.42 14 GYRO_RATES -153 -87 -156 1.335177 -0.759218 1.361357
46.44 14 FBW_STATUS 2 1 112
46.47 14 ESTIMATOR 0. 0. 0. 0. 0.
46.51 14 BAT 0 112 0 0 70 0 0
46.56 14 CALIBRATION 0. 0.02 0.5 0
46.59 14 NAVIGATION 0 1 0 0 286 0. 140.5
46.66 14 WP_MOVED 0 497617. 3565540. 770.
46.66 14 SERVO 9600 -9600 0
46.72 14 DOWNLINK_STATUS 45 13129 921 0 301. 21.
46.75 14 DESIRED 0. 0. 0. 0. 761. 0.
46.77 14 IR_DEBUG 624 611 624 611
46.82 14 NAVIGATION 0 1 0 0 286 0. 140.5
46.85 14 ATTITUDE 1 0 -28
46.94 14 ESTIMATOR 0. 0. 0. 0. 0.
47.04 14 DL_VALUE 6 0.
47.07 14 NAVIGATION 0 1 0 0 286 0. 140.5
47.12 14 WP_MOVED 1 497586.6875 3565500. 770.
47.14 14 RAD_OF_IR 9 0 0.00211
47.15 14 NAVIGATION_REF 497575 3565498 12
47.21 14 IR_SENSORS -865 9 1
47.28 14 COMMANDS 0,-9600,9600,-9600
47.32 14 NAVIGATION 0 1 0 0 286 0. 140.5
47.33 14 ATTITUDE 1 0 -28
47.35 14 GYRO_RATES -153 -89 -157 1.335177 -0.776672 1.370083
47.38 14 FBW_STATUS 2 1 112
47.41 14 ESTIMATOR 0. 0. 0. 0. 0.
47.54 14 NAVIGATION 0 1 0 0 286 0. 140.5
47.59 14 WP_MOVED 2 497622.6875 3565498.5 770.
47.70 14 DESIRED 0. 0. 0. 0. 761. 0.
47.72 14 DOWNLINK_STATUS 46 13425 941 0 296. 20.
47.76 14 NAVIGATION 0 1 0 0 286 0. 140.5
47.78 14 ATTITUDE 1 0 -28
47.89 14 ESTIMATOR 0. 0. 0. 0. 0.
47.96 14 DL_VALUE 7 0.
48.01 14 NAVIGATION 0 1 0 0 286 0. 140.5
48.06 14 WP_MOVED 3 497546.40625 3565495.5 770.
48.07 14 RAD_OF_IR 8 0 0.00211
48.14 14 IR_SENSORS -867 9 1
48.22 14 COMMANDS 0,-9600,9600,-9600
48.25 14 NAVIGATION 0 1 0 0 286 0. 140.5
48.26 14 ATTITUDE 1 0 -27
48.29 14 GYRO_RATES -156 -90 -159 1.361357 -0.785398 1.387537
48.31 14 FBW_STATUS 2 1 112
48.35 14 ESTIMATOR 0. 0. 0. 0. 0.
48.36 14 BAT 0 112 0 0 72 0 0
48.43 14 CALIBRATION 0. 0.02 0.5 0
48.47 14 NAVIGATION 0 1 0 0 286 0. 140.5
48.53 14 WP_MOVED 4 497575. 3565498. 0.
48.54 14 SERVO 9600 -9600 0
48.63 14 DESIRED 0. 0. 0. 0. 761. 0.
48.65 14 IR_DEBUG 627 614 627 614
48.70 14 NAVIGATION 0 1 0 0 286 0. 140.5
48.72 14 ATTITUDE 1 0 -28
48.72 14 DOWNLINK_STATUS 47 13747 964 0 322. 23.
48.82 14 ESTIMATOR 0. 0. 0. 0. 0.
48.91 14 DL_VALUE 8 0.
48.94 14 NAVIGATION 0 1 0 0 286 0. 140.5
49.00 14 WP_MOVED 0 497617. 3565540. 770.
49.02 14 RAD_OF_IR 9 0 0.00211
49.09 14 IR_SENSORS -867 9 1
49.16 14 COMMANDS 0,-9600,9600,-9600
49.19 14 NAVIGATION 0 1 0 0 286 0. 140.5
49.20 14 ATTITUDE 1 0 -28
49.24 14 GYRO_RATES -154 -88 -157 1.343904 -0.767945 1.370083
49.25 14 FBW_STATUS 2 1 112
49.28 14 ESTIMATOR 0. 0. 0. 0. 0.
49.35 14 ACTUATORS 1500,1000,0,1200,1000
49.40 14 NAVIGATION 0 1 0 0 286 0. 140.5
49.47 14 WP_MOVED 1 497586.6875 3565500. 770.
49.57 14 DESIRED 0. 0. 0. 0. 761. 0.
49.64 14 NAVIGATION 0 1 0 0 286 0. 140.5
49.65 14 ATTITUDE 1 0 -28
49.66 14 PPRZ_MODE 2 0 3 0 0 6 0
49.73 14 DOWNLINK_STATUS 48 14018 983 0 271. 19.
49.75 14 ESTIMATOR 0. 0. 0. 0. 0.
49.83 14 DL_VALUE 9 0.
49.89 14 NAVIGATION 0 1 0 0 286 0. 140.5
49.95 14 WP_MOVED 2 497622.6875 3565498.5 770.
49.95 14 RAD_OF_IR 9 0 0.00211
50.02 14 IR_SENSORS -865 8 1
50.10 14 COMMANDS 0,-9600,9600,-9600
50.12 14 NAVIGATION 0 1 0 0 286 0. 140.5
50.14 14 ATTITUDE 1 0 -28
50.17 14 GYRO_RATES -152 -86 -155 1.32645 -0.750492 1.35263
50.20 14 FBW_STATUS 2 1 112
50.22 14 ESTIMATOR 0. 0. 0. 0. 0.
50.24 14 BAT 0 112 0 0 74 0 0
50.32 14 CALIBRATION 0. 0.02 0.5 0
50.34 14 NAVIGATION 0 1 0 0 286 0. 140.5
50.42 14 WP_MOVED 3 497546.40625 3565495.5 770.
50.45 14 SERVO 9600 -9600 0
50.51 14 DESIRED 0. 0. 0. 0. 761. 0.
50.53 14 IR_DEBUG 624 610 624 610
50.58 14 NAVIGATION 0 1 0 0 286 0. 140.5
50.59 14 ATTITUDE 1 0 -28
50.69 14 ESTIMATOR 0. 0. 0. 0. 0.
50.73 14 DOWNLINK_STATUS 49 14336 1005 0 318. 22.
50.77 14 DL_VALUE 10 -85.943672
50.82 14 NAVIGATION 0 1 0 0 286 0. 140.5
50.87 14 WP_MOVED 4 497575. 3565498. 0.
50.89 14 RAD_OF_IR 9 0 0.00211
50.96 14 IR_SENSORS -863 9 1
51.04 14 COMMANDS 0,-9600,9600,-9600
51.06 14 NAVIGATION 0 1 0 0 286 0. 140.5
51.09 14 ATTITUDE 1 0 -28
51.10 14 GYRO_RATES -153 -87 -156 1.335177 -0.759218 1.361357
51.12 14 FBW_STATUS 2 1 112
51.16 14 ESTIMATOR 0. 0. 0. 0. 0.
51.28 14 NAVIGATION 0 1 0 0 286 0. 140.5
51.35 14 WP_MOVED 0 497617. 3565540. 770.
51.44 14 DESIRED 0. 0. 0. 0. 761. 0.
51.53 14 NAVIGATION 0 1 0 0 286 0. 140.5
51.53 14 ATTITUDE 1 0 -27
51.63 14 ESTIMATOR 0. 0. 0. 0. 0.
51.70 14 DL_VALUE 11 1.5
51.73 14 DOWNLINK_STATUS 50 14592 1023 0 256. 18.
51.75 14 NAVIGATION 0 1 0 0 286 0. 140.5
51.81 14 WP_MOVED 1 497586.6875 3565500. 770.
51.82 14 RAD_OF_IR 8 0 0.00211
51.90 14 IR_SENSORS -866 8 1
51.97 14 COMMANDS 0,-9600,9600,-9600
52.00 14 NAVIGATION 0 1 0 0 286 0. 140.5
52.03 14 ATTITUDE 1 0 -27
52.04 14 GYRO_RATES -156 -90 -159 1.361357 -0.785398 1.387537
52.06 14 FBW_STATUS 2 1 112
52.10 14 ESTIMATOR 0. 0. 0. 0. 0.
52.12 14 BAT 0 112 0 0 76 0 0
52.18 14 CALIBRATION 0. 0.02 0.5 0
52.23 14 NAVIGATION 0 1 0 0 286 0. 140.5
52.28 14 WP_MOVED 2 497622.6875 3565498.5 770.
52.30 14 SERVO 9600 -9600 0
52.38 14 DESIRED 0. 0. 0. 0. 761. 0.
52.41 14 IR_DEBUG 627 614 627 614
52.45 14 NAVIGATION 0 1 0 0 286 0. 140.5
52.48 14 ATTITUDE 1 0 -28
52.57 14 ESTIMATOR 0. 0. 0. 0. 0.
52.64 14 DL_VALUE 12 1.5
52.70 14 NAVIGATION 0 1 0 0 286 0. 140.5
52.73 14 DOWNLINK_STATUS 51 14906 1045 0 314. 22.
52.75 14 WP_MOVED 3 497546.40625 3565495.5 770.
52.76 14 RAD_OF_IR 9 0 0.00211
52.84 14 IR_SENSORS -868 9 1
52.92 14 COMMANDS 0,-9600,9600,-9600
52.94 14 NAVIGATION 0 1 0 0 286 0. 140.5
52.95 14 ATTITUDE 1 0 -28
52.98 14 GYRO_RATES -156 -91 -159 1.361357 -0.794125 1.387537
53.00 14 FBW_STATUS 2 1 112
53.03 14 ESTIMATOR 0. 0. 0. 0. 0.
53.16 14 NAVIGATION 0 1 0 0 286 0. 140.5
53.22 14 WP_MOVED 4 497575. 3565498. 0.
53.32 14 DESIRED 0. 0. 0. 0. 761. 0.
53.40 14 NAVIGATION 0 1 0 0 286 0. 140.5
53.41 14 ATTITUDE 1 0 -28
53.51 14 ESTIMATOR 0. 0. 0. 0. 0.
53.59 14 DL_VALUE 13 1.5
53.62 14 NAVIGATION 0 1 0 0 286 0. 140.5
53.68 14 WP_MOVED 0 497617. 3565540. 770.
53.70 14 RAD_OF_IR 9 0 0.00211
53.73 14 DOWNLINK_STATUS 52 15180 1064 0 274. 19.
53.77 14 IR_SENSORS -865 9 1
53.85 14 COMMANDS 0,-9600,9600,-9600
53.87 14 NAVIGATION 0 1 0 0 286 0. 140.5
53.90 14 ATTITUDE 1 0 -28
53.94 14 GYRO_RATES -153 -87 -156 1.335177 -0.759218 1.361357
53.94 14 FBW_STATUS 2 1 112
53.98 14 ESTIMATOR 0. 0. 0. 0. 0.
53.99 14 BAT 0 112 0 0 78 0 0
54.05 14 ACTUATORS 1500,1000,0,1200,1000
54.06 14 CALIBRATION 0. 0.02 0.5 0
54.09 14 NAVIGATION 0 1 0 0 286 0. 140.5
54.15 14 WP_MOVED 1 497586.6875 3565500. 770.
54.16 14 SERVO 9600 -9600 0
54.26 14 DESIRED 0. 0. 0. 0. 761. 0.
54.27 14 IR_DEBUG 624 611 624 611
54.34 14 NAVIGATION 0 1 0 0 286 0. 140.5
54.35 14 ATTITUDE 1 0 -28
54.35 14 PPRZ_MODE 2 0 3 0 0 6 0
54.44 14 ESTIMATOR 0. 0. 0. 0. 0.
54.52 14 DL_VALUE 14 1.5
54.56 14 NAVIGATION 0 1 0 0 286 0. 140.5
54.62 14 WP_MOVED 2 497622.6875 3565498.5 770.
54.64 14 RAD_OF_IR 9 0 0.00211
54.71 14 IR_SENSORS -864 9 1
54.73 14 DOWNLINK_STATUS 53 15506 1088 0 326. 24.
54.78 14 COMMANDS 0,-9600,9600,-9600
54.81 14 NAVIGATION 0 1 0 0 286 0. 140.5
54.84 14 ATTITUDE 1 0 -28
54.86 14 GYRO_RATES -153 -88 -156 1.335177 -0.767945 1.361357
54.87 14 FBW_STATUS 2 1 112
54.93 14 ESTIMATOR 0. 0. 0. 0. 0.
55.03 14 NAVIGATION 0 1 0 0 286 0. 140.5
55.10 14 WP_MOVED 3 497546.40625 3565495.5 770.
55.20 14 DESIRED 0. 0. 0. 0. 761. 0.
55.27 14 NAVIGATION 0 1 0 0 286 0. 140.5
55.28 14 ATTITUDE 1 0 -28
55.38 14 ESTIMATOR 0. 0. 0. 0. 0.
55.46 14 DL_VALUE 15 0.
55.53 14 NAVIGATION 0 1 0 0 286 0. 140.5
55.56 14 WP_MOVED 4 497575. 3565498. 0.
55.58 14 RAD_OF_IR 8 0 0.00211
55.59 14 NAVIGATION_REF 497575 3565498 12
55.64 14 IR_SENSORS -867 9 1
55.72 14 COMMANDS 0,-9600,9600,-9600
55.73 14 DOWNLINK_STATUS 54 15777 1107 0 271. 19.
55.75 14 NAVIGATION 0 1 0 0 286 0. 140.5
55.76 14 ATTITUDE 1 0 -28
55.78 14 GYRO_RATES -156 -90 -159 1.361357 -0.785398 1.387537
55.81 14 FBW_STATUS 2 1 112
55.85 14 ESTIMATOR 0. 0. 0. 0. 0.
55.86 14 BAT 0 112 0 0 80 0 0
55.93 14 CALIBRATION 0. 0.02 0.5 0
55.97 14 NAVIGATION 0 1 0 0 286 0. 140.5
56.04 14 WP_MOVED 0 497617. 3565540. 770.
56.04 14 SERVO 9600 -9600 0
56.13 14 DESIRED 0. 0. 0. 0. 761. 0.
56.15 14 IR_DEBUG 627 614 627 614
56.21 14 NAVIGATION 0 1 0 0 286 0. 140.5
56.23 14 ATTITUDE 1 0 -28
56.32 14 ESTIMATOR 0. 0. 0. 0. 0.
56.40 14 DL_VALUE 16 1.
56.45 14 NAVIGATION 0 1 0 0 286 0. 140.5
56.50 14 WP_MOVED 1 497586.6875 3565500. 770.
56.51 14 RAD_OF_IR 9 0 0.00211
56.58 14 IR_SENSORS -868 8 1
56.66 14 COMMANDS 0,-9600,9600,-9600
56.68 14 NAVIGATION 0 1 0 0 286 0. 140.5
56.70 14 ATTITUDE 1 0 -28
56.72 14 GYRO_RATES -155 -89 -158 1.35263 -0.776672 1.37881
56.73 14 DOWNLINK_STATUS 55 16119 1131 0 342. 24.
56.75 14 FBW_STATUS 2 1 112
56.78 14 ESTIMATOR 0. 0. 0. 0. 0.
56.92 14 NAVIGATION 0 1 0 0 286 0. 140.5
56.96 14 WP_MOVED 2 497622.6875 3565498.5 770.
57.08 14 DESIRED 0. 0. 0. 0. 761. 0.
57.14 14 NAVIGATION 0 1 0 0 286 0. 140.5
57.15 14 ATTITUDE 1 0 -28
57.25 14 ESTIMATOR 0. 0. 0. 0. 0.
57.34 14 DL_VALUE 17 470.
57.38 14 NAVIGATION 0 1 0 0 286 0. 140.5
57.44 14 WP_MOVED 3 497546.40625 3565495.5 770.
57.47 14 RAD_OF_IR 9 0 0.00211
57.53 14 IR_SENSORS -865 9 1
57.60 14 COMMANDS 0,-9600,9600,-9600
57.62 14 NAVIGATION 0 1 0 0 286 0. 140.5
57.64 14 ATTITUDE 1 0 -28
57.66 14 GYRO_RATES -152 -87 -155 1.32645 -0.759218 1.35263
57.70 14 FBW_STATUS 2 1 112
57.72 14 ESTIMATOR 0. 0. 0. 0. 0.
57.73 14 DOWNLINK_STATUS 56 16395 1150 0 276. 19.
57.74 14 BAT 0 112 0 0 82 0 0
57.81 14 CALIBRATION 0. 0.02 0.5 0
57.84 14 NAVIGATION 0 1 0 0 286 0. 140.5
57.91 14 WP_MOVED 4 497575. 3565498. 0.
57.95 14 SERVO 9600 -9600 0
58.00 14 DESIRED 0. 0. 0. 0. 761. 0.
58.03 14 IR_DEBUG 624 611 624 611
58.08 14 NAVIGATION 0 1 0 0 286 0. 140.5
58.09 14 ATTITUDE 1 0 -28
58.19 14 ESTIMATOR 0. 0. 0. 0. 0.
58.28 14 DL_VALUE 18 405.
58.33 14 NAVIGATION 0 1 0 0 286 0. 140.5
58.38 14 WP_MOVED 0 497617. 3565540. 770.
58.39 14 RAD_OF_IR 9 0 0.00211
58.48 14 IR_SENSORS -861 9 1
58.54 14 COMMANDS 0,-9600,9600,-9600
58.56 14 NAVIGATION 0 1 0 0 286 0. 140.5
58.58 14 ATTITUDE 1 0 -28
58.60 14 GYRO_RATES -153 -87 -156 1.335177 -0.759218 1.361357
58.62 14 FBW_STATUS 2 1 112
58.66 14 ESTIMATOR 0. 0. 0. 0. 0.
58.73 14 ACTUATORS 1500,1000,0,1200,1000
58.74 14 DOWNLINK_STATUS 57 16704 1172 0 309. 22.
58.79 14 NAVIGATION 0 1 0 0 286 0. 140.5
58.84 14 WP_MOVED 1 497586.6875 3565500. 770.
58.95 14 DESIRED 0. 0. 0. 0. 761. 0.
59.01 14 NAVIGATION 0 1 0 0 286 0. 140.5
59.03 14 ATTITUDE 1 0 -27
59.04 14 PPRZ_MODE 2 0 3 0 0 6 0
59.13 14 ESTIMATOR 0. 0. 0. 0. 0.
59.21 14 DL_VALUE 19 473.
59.27 14 NAVIGATION 0 1 0 0 286 0. 140.5
59.31 14 WP_MOVED 2 497622.6875 3565498.5 770.
59.33 14 RAD_OF_IR 8 0 0.00211
59.39 14 IR_SENSORS -865 9 1
59.47 14 COMMANDS 0,-9600,9600,-9600
59.51 14 NAVIGATION 0 1 0 0 286 0. 140.5
59.51 14 ATTITUDE 1 0 -27
59.54 14 GYRO_RATES -155 -89 -158 1.35263 -0.776672 1.37881
59.56 14 FBW_STATUS 2 1 112
59.60 14 ESTIMATOR 0. 0. 0. 0. 0.
59.62 14 BAT 0 112 0 0 84 0 0
59.69 14 CALIBRATION 0. 0.02 0.5 0
59.72 14 NAVIGATION 0 1 0 0 286 0. 140.5
59.73 14 DOWNLINK_STATUS 58 17009 1193 0 305. 21.
59.78 14 WP_MOVED 3 497546.40625 3565495.5 770.
59.79 14 SERVO 9600 -9600 0
59.88 14 DESIRED 0. 0. 0. 0. 761. 0.
59.93 14 IR_DEBUG 626 612 626 612
59.96 14 NAVIGATION 0 1 0 0 286 0. 140.5
59.96 14 ATTITUDE 1 0 -27
60.07 14 ESTIMATOR 0. 0. 0. 0. 0.
60.14 14 DL_VALUE 20 0.
60.19 14 NAVIGATION 0 1 0 0 286 0. 140.5
60.25 14 WP_MOVED 4 497575. 3565498. 0.
60.26 14 RAD_OF_IR 9 0 0.00211
60.33 14 IR_SENSORS -868 9 1
60.43 14 COMMANDS 0,-9600,9600,-9600
60.45 14 NAVIGATION 0 1 0 0 286 0. 140.5
60.46 14 ATTITUDE 1 0 -28
60.47 14 GYRO_RATES -156 -91 -160 1.361357 -0.794125 1.396263
60.50 14 FBW_STATUS 2 1 112
60.54 14 ESTIMATOR 0. 0. 0. 0. 0.
60.66 14 NAVIGATION 0 1 0 0 286 0. 140.5
60.72 14 WP_MOVED 0 497617. 3565540. 770.
60.76 14 DOWNLINK_STATUS 59 17291 1213 0 282. 20.
60.83 14 DESIRED 0. 0. 0. 0. 761. 0.
60.90 14 NAVIGATION 0 1 0 0 286 0. 140.5
60.90 14 ATTITUDE 1 0 -28
61.02 14 ESTIMATOR 0. 0. 0. 0. 0.
61.09 14 DL_VALUE 21 0.75
61.14 14 NAVIGATION 0 1 0 0 286 0. 140.5
61.22 14 WP_MOVED 1 497586.6875 3565500. 770.
61.22 14 RAD_OF_IR 9 0 0.00211
61.28 14 IR_SENSORS -865 9 1
61.36 14 COMMANDS 0,-9600,9600,-9600
61.37 14 NAVIGATION 0 1 0 0 286 0. 140.5
61.39 14 ATTITUDE 1 0 -28
61.43 14 GYRO_RATES -154 -88 -157 1.343904 -0.767945 1.370083
61.47 14 FBW_STATUS 2 1 112
61.48 14 ESTIMATOR 0. 0. 0. 0. 0.
61.49 14 BAT 0 112 0 0 86 0 0
61.57 14 CALIBRATION 0. 0.02 0.5 0
61.59 14 NAVIGATION 0 1 0 0 286 0. 140.5
61.66 14 WP_MOVED 2 497622.6875 3565498.5 770.
61.66 14 SERVO 9600 -9600 0
61.74 14 DOWNLINK_STATUS 60 17577 1233 0 286. 20.
61.77 14 DESIRED 0. 0. 0. 0. 761. 0.
61.78 14 IR_DEBUG 624 611 624 611
61.83 14 NAVIGATION 0 1 0 0 286 0. 140.5
61.84 14 ATTITUDE 1 0 -28
61.94 14 ESTIMATOR 0. 0. 0. 0. 0.
62.02 14 DL_VALUE 22 20000.
62.06 14 NAVIGATION 0 1 0 0 286 0. 140.5
62.12 14 WP_MOVED 3 497546.40625 3565495.5 770.
62.14 14 RAD_OF_IR 9 0 0.00211
62.22 14 IR_SENSORS -864 9 1
62.29 14 COMMANDS 0,-9600,9600,-9600
62.31 14 NAVIGATION 0 1 0 0 286 0. 140.5
62.33 14 ATTITUDE 1 0 -28
62.35 14 GYRO_RATES -153 -87 -156 1.335177 -0.759218 1.361357
62.38 14 FBW_STATUS 2 1 112
62.41 14 ESTIMATOR 0. 0. 0. 0. 0.
62.53 14 NAVIGATION 0 1 0 0 286 0. 140.5
62.60 14 WP_MOVED 4 497575. 3565498. 0.
62.69 14 DESIRED 0. 0. 0. 0. 761. 0.
62.75 14 DOWNLINK_STATUS 61 17862 1252 0 285. 19.
62.77 14 NAVIGATION 0 1 0 0 286 0. 140.5
62.78 14 ATTITUDE 1 0 -28
62.88 14 ESTIMATOR 0. 0. 0. 0. 0.
62.96 14 DL_VALUE 23 20000.
63.00 14 NAVIGATION 0 1 0 0 286 0. 140.5
63.06 14 WP_MOVED 0 497617. 3565540. 770.
63.09 14 RAD_OF_IR 9 0 0.00211
63.14 14 IR_SENSORS -866 9 1
63.22 14 COMMANDS 0,-9600,9600,-9600
63.25 14 NAVIGATION 0 1 0 0 286 0. 140.5
63.27 14 ATTITUDE 1 0 -27
63.29 14 GYRO_RATES -155 -90 -159 1.35263 -0.785398 1.387537
63.31 14 FBW_STATUS 2 1 112
63.36 14 ESTIMATOR 0. 0. 0. 0. 0.
63.36 14 BAT 0 112 0 0 88 0 0
63.44 14 ACTUATORS 1500,1000,0,1200,1000
63.46 14 CALIBRATION 0. 0.02 0.5 0
63.47 14 NAVIGATION 0 1 0 0 286 0. 140.5
63.53 14 WP_MOVED 1 497586.6875 3565500. 770.
63.56 14 SERVO 9600 -9600 0
63.63 14 DESIRED 0. 0. 0. 0. 761. 0.
63.65 14 IR_DEBUG 627 613 627 613
63.70 14 NAVIGATION 0 1 0 0 286 0. 140.5
63.72 14 ATTITUDE 1 0 -27
63.73 14 PPRZ_MODE 2 0 3 0 0 6 0
63.74 14 DOWNLINK_STATUS 62 18206 1277 0 344. 25.
63.82 14 ESTIMATOR 0. 0. 0. 0. 0.
63.90 14 DL_VALUE 24 0.75
63.97 14 NAVIGATION 0 1 0 0 286 0. 140.5
64.00 14 WP_MOVED 2 497622.6875 3565498.5 770.
64.02 14 RAD_OF_IR 8 0 0.00211
64.02 14 NAVIGATION_REF 497575 3565498 12
64.08 14 IR_SENSORS -868 8 1
64.17 14 COMMANDS 0,-9600,9600,-9600
64.18 14 NAVIGATION 0 1 0 0 286 0. 140.5
64.20 14 ATTITUDE 1 0 -28
64.22 14 GYRO_RATES -156 -90 -159 1.361357 -0.785398 1.387537
64.25 14 FBW_STATUS 2 1 112
64.28 14 ESTIMATOR 0. 0. 0. 0. 0.
64.40 14 NAVIGATION 0 1 0 0 286 0. 140.5
64.48 14 WP_MOVED 3 497546.40625 3565495.5 770.
64.57 14 DESIRED 0. 0. 0. 0. 761. 0.
64.64 14 NAVIGATION 0 1 0 0 286 0. 140.5
64.65 14 ATTITUDE 1 0 -28
64.74 14 DOWNLINK_STATUS 63 18466 1295 0 260. 18.
64.76 14 ESTIMATOR 0. 0. 0. 0. 0.
64.84 14 DL_VALUE 25 20000.
64.88 14 NAVIGATION 0 1 0 0 286 0. 140.5
64.93 14 WP_MOVED 4 497575. 3565498. 0.
64.96 14 RAD_OF_IR 9 0 0.00211
65.02 14 IR_SENSORS -866 8 1
65.11 14 COMMANDS 0,-9600,9600,-9600
65.12 14 NAVIGATION 0 1 0 0 286 0. 140.5
65.14 14 ATTITUDE 1 0 -28
65.17 14 GYRO_RATES -153 -87 -156 1.335177 -0.759218 1.361357
65.18 14 FBW_STATUS 2 1 112
65.22 14 ESTIMATOR 0. 0. 0. 0. 0.
65.24 14 BAT 0 112 0 0 90 0 0
65.31 14 CALIBRATION 0. 0.02 0.5 0
65.34 14 NAVIGATION 0 1 0 0 286 0. 140.5
65.41 14 WP_MOVED 0 497617. 3565540. 770.
65.42 14 SERVO 9600 -9600 0
65.52 14 DESIRED 0. 0. 0. 0. 761. 0.
65.56 14 IR_DEBUG 624 611 624 611
65.59 14 NAVIGATION 0 1 0 0 286 0. 140.5
65.61 14 ATTITUDE 1 0 -28
65.69 14 ESTIMATOR 0. 0. 0. 0. 0.
65.74 14 DOWNLINK_STATUS 64 18784 1317 0 318. 22.
65.79 14 DL_VALUE 26 20000.
65.84 14 NAVIGATION 0 1 0 0 286 0. 140.5
65.87 14 WP_MOVED 1 497586.6875 3565500. 770.
65.88 14 RAD_OF_IR 9 0 0.00211
65.99 14 IR_SENSORS -864 9 1
66.04 14 COMMANDS 0,-9600,9600,-9600
66.06 14 NAVIGATION 0 1 0 0 286 0. 140.5
66.08 14 ATTITUDE 1 0 -28
66.10 14 GYRO_RATES -153 -87 -156 1.335177 -0.759218 1.361357
66.12 14 FBW_STATUS 2 1 112
66.18 14 ESTIMATOR 0. 0. 0. 0. 0.
66.28 14 NAVIGATION 0 1 0 0 286 0. 140.5
66.34 14 WP_MOVED 2 497622.6875 3565498.5 770.
66.44 14 DESIRED 0. 0. 0. 0. 761. 0.
66.51 14 NAVIGATION 0 1 0 0 286 0. 140.5
66.55 14 ATTITUDE 1 0 -28
66.63 14 ESTIMATOR 0. 0. 0. 0. 0.
66.71 14 DL_VALUE 27 0.75
66.74 14 DOWNLINK_STATUS 65 19040 1335 0 256. 18.
66.75 14 NAVIGATION 0 1 0 0 286 0. 140.5
66.81 14 WP_MOVED 3 497546.40625 3565495.5 770.
66.83 14 RAD_OF_IR 8 0 0.00211
66.89 14 IR_SENSORS -866 9 1
66.97 14 COMMANDS 0,-9600,9600,-9600
67.01 14 NAVIGATION 0 1 0 0 286 0. 140.5
67.01 14 ATTITUDE 1 0 -27
67.04 14 GYRO_RATES -155 -89 -158 1.35263 -0.776672 1.37881
67.06 14 FBW_STATUS 2 1 112
67.10 14 ESTIMATOR 0. 0. 0. 0. 0.
67.12 14 BAT 0 112 0 0 92 0 0
67.19 14 CALIBRATION 0. 0.02 0.5 0
67.22 14 NAVIGATION 0 1 0 0 286 0. 140.5
67.28 14 WP_MOVED 4 497575. 3565498. 0.
67.29 14 SERVO 9600 -9600 0
67.38 14 DESIRED 0. 0. 0. 0. 761. 0.
67.40 14 IR_DEBUG 625 611 625 611
67.45 14 NAVIGATION 0 1 0 0 286 0. 140.5
67.48 14 ATTITUDE 1 0 -27
67.56 14 ESTIMATOR 0. 0. 0. 0. 0.
67.65 14 DL_VALUE 28 10000.
67.70 14 NAVIGATION 0 1 0 0 286 0. 140.5
67.74 14 DOWNLINK_STATUS 66 19354 1357 0 314. 22.
67.76 14 WP_MOVED 0 497617. 3565540. 770.
67.77 14 RAD_OF_IR 9 0 0.00211
67.83 14 IR_SENSORS -868 8 1
67.91 14 COMMANDS 0,-9600,9600,-9600
67.94 14 NAVIGATION 0 1 0 0 286 0. 140.5
67.95 14 ATTITUDE 1 0 -27
67.98 14 GYRO_RATES -156 -90 -159 1.361357 -0.785398 1.387537
68.02 14 FBW_STATUS 2 1 112
68.03 14 ESTIMATOR 0. 0. 0. 0. 0.
68.10 14 ACTUATORS 1500,1000,0,1200,1000
68.16 14 NAVIGATION 0 1 0 0 286 0. 140.5
68.22 14 WP_MOVED 1 497586.6875 3565500. 770.
68.32 14 DESIRED 0. 0. 0. 0. 761. 0.
68.40 14 NAVIGATION 0 1 0 0 286 0. 140.5
68.41 14 ATTITUDE 1 0 -27
68.42 14 PPRZ_MODE 2 0 3 0 0 6 0
68.51 14 ESTIMATOR 0. 0. 0. 0. 0.
68.58 14 DL_VALUE 29 10000.
68.62 14 NAVIGATION 0 1 0 0 286 0. 140.5
68.69 14 WP_MOVED 2 497622.6875 3565498.5 770.
68.71 14 RAD_OF_IR 9 0 0.00211
68.75 14 DOWNLINK_STATUS 67 19650 1378 0 296. 21.
68.77 14 IR_SENSORS -865 9 1
68.85 14 COMMANDS 0,-9600,9600,-9600
68.87 14 NAVIGATION 0 1 0 0 286 0. 140.5
68.89 14 ATTITUDE 1 0 -28
68.91 14 GYRO_RATES -154 -89 -157 1.343904 -0.776672 1.370083
68.94 14 FBW_STATUS 2 1 112
68.98 14 ESTIMATOR 0. 0. 0. 0. 0.
69.01 14 BAT 0 112 0 0 94 0 0
69.06 14 CALIBRATION 0. 0.02 0.5 0
69.09 14 NAVIGATION 0 1 0 0 286 0. 140.5
69.15 14 WP_MOVED 3 497546.40625 3565495.5 770.
69.16 14 SERVO 9600 -9600 0
69.25 14 DESIRED 0. 0. 0. 0. 761. 0.
69.28 14 IR_DEBUG 623 611 623 611
69.32 14 NAVIGATION 0 1 0 0 286 0. 140.5
69.34 14 ATTITUDE 1 0 -28
69.44 14 ESTIMATOR 0. 0. 0. 0. 0.
69.52 14 DL_VALUE 30 0.3
69.56 14 NAVIGATION 0 1 0 0 286 0. 140.5
69.62 14 WP_MOVED 4 497575. 3565498. 0.
69.65 14 RAD_OF_IR 9 0 0.00211
69.70 14 IR_SENSORS -864 9 1
69.75 14 DOWNLINK_STATUS 68 19954 1400 0 304. 22.
69.79 14 COMMANDS 0,-9600,9600,-9600
69.81 14 NAVIGATION 0 1 0 0 286 0. 140.5
69.82 14 ATTITUDE 1 0 -28
69.85 14 GYRO_RATES -152 -87 -155 1.32645 -0.759218 1.35263
69.88 14 FBW_STATUS 2 1 112
69.91 14 ESTIMATOR 0. 0. 0. 0. 0.
70.03 14 NAVIGATION 0 1 0 0 286 0. 140.5
70.09 14 WP_MOVED 0 497617. 3565540. 770.
70.19 14 DESIRED 0. 0. 0. 0. 761. 0.
70.28 14 NAVIGATION 0 1 0 0 286 0. 140.5
70.30 14 ATTITUDE 1 0 -28
70.38 14 ESTIMATOR 0. 0. 0. 0. 0.
70.48 14 DL_VALUE 31 0.36
70.52 14 NAVIGATION 0 1 0 0 286 0. 140.5
70.57 14 WP_MOVED 1 497586.6875 3565500. 770.
70.58 14 RAD_OF_IR 8 0 0.00211
70.64 14 IR_SENSORS -865 9 1
70.72 14 COMMANDS 0,-9600,9600,-9600
70.75 14 NAVIGATION 0 1 0 0 286 0. 140.5
70.75 14 DOWNLINK_STATUS 69 20232 1419 0 278. 19.
70.78 14 ATTITUDE 1 0 -28
70.79 14 GYRO_RATES -155 -89 -158 1.35263 -0.776672 1.37881
70.81 14 FBW_STATUS 2 1 112
70.85 14 ESTIMATOR 0. 0. 0. 0. 0.
70.87 14 BAT 0 112 0 0 96 0 0
70.93 14 CALIBRATION 0. 0.02 0.5 0
70.97 14 NAVIGATION 0 1 0 0 286 0. 140.5
71.03 14 WP_MOVED 2 497622.6875 3565498.5 770.
71.07 14 SERVO 9600 -9600 0
71.13 14 DESIRED 0. 0. 0. 0. 761. 0.
71.14 14 IR_DEBUG 627 613 627 613
71.20 14 NAVIGATION 0 1 0 0 286 0. 140.5
71.22 14 ATTITUDE 1 0 -27
71.32 14 ESTIMATOR 0. 0. 0. 0. 0.
71.40 14 DL_VALUE 32 0.01
71.44 14 NAVIGATION 0 1 0 0 286 0. 140.5
71.52 14 WP_MOVED 3 497546.40625 3565495.5 770.
71.52 14 RAD_OF_IR 8 0 0.00211
71.58 14 IR_SENSORS -868 8 1
71.66 14 COMMANDS 0,-9600,9600,-9600
71.68 14 NAVIGATION 0 1 0 0 286 0. 140.5
71.70 14 ATTITUDE 1 0 -28
71.73 14 GYRO_RATES -156 -90 -159 1.361357 -0.785398 1.387537
71.75 14 FBW_STATUS 2 1 112
71.75 14 DOWNLINK_STATUS 70 20561 1443 0 329. 24.
71.78 14 ESTIMATOR 0. 0. 0. 0. 0.
71.91 14 NAVIGATION 0 1 0 0 286 0. 140.5
71.97 14 WP_MOVED 4 497575. 3565498. 0.
72.10 14 DESIRED 0. 0. 0. 0. 761. 0.
72.14 14 NAVIGATION 0 1 0 0 286 0. 140.5
72.15 14 ATTITUDE 1 0 -28
72.25 14 ESTIMATOR 0. 0. 0. 0. 0.
72.35 14 DL_VALUE 0 761.
72.38 14 NAVIGATION 0 1 0 0 286 0. 140.5
72.43 14 WP_MOVED 0 497617. 3565540. 770.
72.45 14 RAD_OF_IR 9 0 0.00211
72.46 14 NAVIGATION_REF 497575 3565498 12
72.53 14 IR_SENSORS -866 8 1
72.60 14 COMMANDS 0,-9600,9600,-9600
72.63 14 NAVIGATION 0 1 0 0 286 0. 140.5
72.65 14 ATTITUDE 1 0 -28
72.66 14 GYRO_RATES -154 -88 -157 1.343904 -0.767945 1.370083
72.69 14 FBW_STATUS 2 1 112
72.73 14 ESTIMATOR 0. 0. 0. 0. 0.
72.74 14 BAT 0 112 0 0 98 0 0
72.75 14 DOWNLINK_STATUS 71 20857 1463 0 296. 20.
72.80 14 ACTUATORS 1500,1000,0,1200,1000
72.81 14 CALIBRATION 0. 0.02 0.5 0
72.85 14 NAVIGATION 0 1 0 0 286 0. 140.5
72.90 14 WP_MOVED 1 497586.6875 3565500. 770.
72.93 14 SERVO 9600 -9600 0
73.01 14 DESIRED 0. 0. 0. 0. 761. 0.
73.04 14 IR_DEBUG 624 612 624 612
73.08 14 NAVIGATION 0 1 0 0 286 0. 140.5
73.10 14 ATTITUDE 1 0 -28
73.11 14 PPRZ_MODE 2 0 3 0 0 6 0
73.19 14 ESTIMATOR 0. 0. 0. 0. 0.
73.27 14 DL_VALUE 1 1.
73.34 14 NAVIGATION 0 1 0 0 286 0. 140.5
73.38 14 WP_MOVED 2 497622.6875 3565498.5 770.
73.39 14 RAD_OF_IR 9 0 0.00211
73.46 14 IR_SENSORS -864 9 1
73.54 14 COMMANDS 0,-9600,9600,-9600
73.56 14 NAVIGATION 0 1 0 0 286 0. 140.5
73.58 14 ATTITUDE 1 0 -28
73.60 14 GYRO_RATES -153 -87 -156 1.335177 -0.759218 1.361357
73.64 14 FBW_STATUS 2 1 112
73.66 14 ESTIMATOR 0. 0. 0. 0. 0.
73.75 14 DOWNLINK_STATUS 72 21161 1485 0 304. 22.
73.78 14 NAVIGATION 0 1 0 0 286 0. 140.5
73.84 14 WP_MOVED 3 497546.40625 3565495.5 770.
73.96 14 DESIRED 0. 0. 0. 0. 761. 0.
74.02 14 NAVIGATION 0 1 0 0 286 0. 140.5
74.05 14 ATTITUDE 1 0 -28
74.13 14 ESTIMATOR 0. 0. 0. 0. 0.
74.21 14 DL_VALUE 2 0.
74.26 14 NAVIGATION 0 1 0 0 286 0. 140.5
74.32 14 WP_MOVED 4 497575. 3565498. 0.
74.33 14 RAD_OF_IR 8 0 0.00211
74.40 14 IR_SENSORS -865 9 1
74.47 14 COMMANDS 0,-9600,9600,-9600
74.51 14 NAVIGATION 0 1 0 0 286 0. 140.5
74.53 14 ATTITUDE 1 0 -28
74.56 14 GYRO_RATES -154 -88 -157 1.343904 -0.767945 1.370083
74.56 14 FBW_STATUS 2 1 112
74.60 14 ESTIMATOR 0. 0. 0. 0. 0.
74.62 14 BAT 0 112 0 0 100 0 0
74.68 14 CALIBRATION 0. 0.02 0.5 0
74.72 14 NAVIGATION 0 1 0 0 286 0. 140.5
74.75 14 DOWNLINK_STATUS 73 21457 1505 0 296. 20.
74.78 14 WP_MOVED 0 497617. 3565540. 770.
74.80 14 SERVO 9600 -9600 0
74.88 14 DESIRED 0. 0. 0. 0. 761. 0.
74.90 14 IR_DEBUG 626 612 626 612
74.95 14 NAVIGATION 0 1 0 0 286 0. 140.5
74.97 14 ATTITUDE 1 0 -27
75.06 14 ESTIMATOR 0. 0. 0. 0. 0.
75.16 14 DL_VALUE 3 0.
75.18 14 NAVIGATION 0 1 0 0 286 0. 140.5
75.24 14 WP_MOVED 1 497586.6875 3565500. 770.
75.26 14 RAD_OF_IR 9 0 0.00211
75.34 14 IR_SENSORS -868 9 1
75.41 14 COMMANDS 0,-9600,9600,-9600
75.43 14 NAVIGATION 0 1 0 0 286 0. 140.5
75.46 14 ATTITUDE 1 0 -27
75.47 14 GYRO_RATES -156 -90 -159 1.361357 -0.785398 1.387537
75.50 14 FBW_STATUS 2 1 112
75.55 14 ESTIMATOR 0. 0. 0. 0. 0.
75.66 14 NAVIGATION 0 1 0 0 286 0. 140.5
75.71 14 WP_MOVED 2 497622.6875 3565498.5 770.
75.75 14 DOWNLINK_STATUS 74 21739 1525 0 282. 20.
75.82 14 DESIRED 0. 0. 0. 0. 761. 0.
75.88 14 NAVIGATION 0 1 0 0 286 0. 140.5
75.90 14 ATTITUDE 1 0 -28
76.00 14 ESTIMATOR 0. 0. 0. 0. 0.
76.09 14 DL_VALUE 4 2.
76.12 14 NAVIGATION 0 1 0 0 286 0. 140.5
76.18 14 WP_MOVED 3 497546.40625 3565495.5 770.
76.20 14 RAD_OF_IR 9 0 0.00211
76.27 14 IR_SENSORS -867 9 1
76.36 14 COMMANDS 0,-9600,9600,-9600
76.37 14 NAVIGATION 0 1 0 0 286 0. 140.5
76.39 14 ATTITUDE 1 0 -28
76.41 14 GYRO_RATES -155 -90 -158 1.35263 -0.785398 1.37881
76.44 14 FBW_STATUS 2 1 112
76.47 14 ESTIMATOR 0. 0. 0. 0. 0.
76.49 14 BAT 0 112 0 0 102 0 0
76.57 14 CALIBRATION 0. 0.02 0.5 0
76.60 14 NAVIGATION 0 1 0 0 286 0. 140.5
76.66 14 WP_MOVED 4 497575. 3565498. 0.
76.66 14 SERVO 9600 -9600 0
76.76 14 DESIRED 0. 0. 0. 0. 761. 0.
76.76 14 DOWNLINK_STATUS 75 22051 1546 0 312. 21.
76.79 14 IR_DEBUG 623 611 623 611
76.82 14 NAVIGATION 0 1 0 0 286 0. 140.5
76.84 14 ATTITUDE 1 0 -28
76.94 14 ESTIMATOR 0. 0. 0. 0. 0.
77.02 14 DL_VALUE 5 0.
77.08 14 NAVIGATION 0 1 0 0 286 0. 140.5
77.12 14 WP_MOVED 0 497617. 3565540. 770.
77.13 14 RAD_OF_IR 9 0 0.00211
77.22 14 IR_SENSORS -863 9 1
77.28 14 COMMANDS 0,-9600,9600,-9600
77.31 14 NAVIGATION 0 1 0 0 286 0. 140.5
77.32 14 ATTITUDE 1 0 -28
77.34 14 GYRO_RATES -153 -87 -156 1.335177 -0.759218 1.361357
77.38 14 FBW_STATUS 2 1 112
77.41 14 ESTIMATOR 0. 0. 0. 0. 0.
77.48 14 ACTUATORS 1500,1000,0,1200,1000
77.54 14 NAVIGATION 0 1 0 0 286 0. 140.5
77.59 14 WP_MOVED 1 497586.6875 3565500. 770.
77.71 14 DESIRED 0. 0. 0. 0. 761. 0.
77.76 14 DOWNLINK_STATUS 76 22323 1565 0 272. 19.
77.76 14 NAVIGATION 0 1 0 0 286 0. 140.5
77.78 14 ATTITUDE 1 0 -28
77.80 14 PPRZ_MODE 2 0 3 0 0 6 0
77.88 14 ESTIMATOR 0. 0. 0. 0. 0.
77.96 14 DL_VALUE 6 0.
78.00 14 NAVIGATION 0 1 0 0 286 0. 140.5
78.06 14 WP_MOVED 2 497622.6875 3565498.5 770.
78.10 14 RAD_OF_IR 9 0 0.00211
78.14 14 IR_SENSORS -863 9 1
78.22 14 COMMANDS 0,-9600,9600,-9600
78.25 14 NAVIGATION 0 1 0 0 286 0. 140.5
78.27 14 ATTITUDE 1 0 -27
78.29 14 GYRO_RATES -154 -88 -157 1.343904 -0.767945 1.370083
78.31 14 FBW_STATUS 2 1 112
78.35 14 ESTIMATOR 0. 0. 0. 0. 0.
78.36 14 BAT 0 112 0 0 104 0 0
78.45 14 CALIBRATION 0. 0.02 0.5 0
78.46 14 NAVIGATION 0 1 0 0 286 0. 140.5
78.54 14 WP_MOVED 3 497546.40625 3565495.5 770.
78.54 14 SERVO 9600 -9600 0
78.63 14 DESIRED 0. 0. 0. 0. 761. 0.
78.65 14 IR_DEBUG 625 612 625 612
78.70 14 NAVIGATION 0 1 0 0 286 0. 140.5
78.71 14 ATTITUDE 1 0 -27
78.76 14 DOWNLINK_STATUS 77 22654 1589 0 331. 24.
78.81 14 ESTIMATOR 0. 0. 0. 0. 0.
78.89 14 DL_VALUE 7 0.
78.94 14 NAVIGATION 0 1 0 0 286 0. 140.5
79.00 14 WP_MOVED 4 497575. 3565498. 0.
79.01 14 RAD_OF_IR 9 0 0.00211
79.08 14 IR_SENSORS -867 9 1
79.16 14 COMMANDS 0,-9600,9600,-9600
79.18 14 NAVIGATION 0 1 0 0 286 0. 140.5
79.20 14 ATTITUDE 1 0 -27
79.22 14 GYRO_RATES -155 -90 -158 1.35263 -0.785398 1.37881
79.25 14 FBW_STATUS 2 1 112
79.28 14 ESTIMATOR 0. 0. 0. 0. 0.
79.40 14 NAVIGATION 0 1 0 0 286 0. 140.5
79.46 14 WP_MOVED 0 497617. 3565540. 770.
79.57 14 DESIRED 0. 0. 0. 0. 761. 0.
79.64 14 NAVIGATION 0 1 0 0 286 0. 140.5
79.65 14 ATTITUDE 1 0 -28
79.75 14 ESTIMATOR 0. 0. 0. 0. 0.
79.76 14 DOWNLINK_STATUS 78 22925 1607 0 271. 18.
79.83 14 DL_VALUE 8 0.
79.87 14 NAVIGATION 0 1 0 0 286 0. 140.5
79.93 14 WP_MOVED 1 497586.6875 3565500. 770.
79.95 14 RAD_OF_IR 9 0 0.00211
80.02 14 IR_SENSORS -868 8 1
80.10 14 COMMANDS 0,-9600,9600,-9600
80.13 14 NAVIGATION 0 1 0 0 286 0. 140.5
80.14 14 ATTITUDE 1 0 -28
80.16 14 GYRO_RATES -155 -89 -158 1.35263 -0.776672 1.37881
80.19 14 FBW_STATUS 2 1 112
80.22 14 ESTIMATOR 0. 0. 0. 0. 0.
80.24 14 BAT 0 112 0 0 106 0 0
80.31 14 CALIBRATION 0. 0.02 0.5 0
80.34 14 NAVIGATION 0 1 0 0 286 0. 140.5
80.40 14 WP_MOVED 2 497622.6875 3565498.5 770.
80.41 14 SERVO 9600 -9600 0
80.50 14 DESIRED 0. 0. 0. 0. 761. 0.
80.52 14 IR_DEBUG 625 613 625 613
80.59 14 NAVIGATION 0 1 0 0 286 0. 140.5
80.62 14 ATTITUDE 1 0 -28
80.69 14 ESTIMATOR 0. 0. 0. 0. 0.
80.77 14 DL_VALUE 9 0.
80.77 14 DOWNLINK_STATUS 79 23228 1629 0 303. 22.
80.81 14 NAVIGATION 0 1 0 0 286 0. 140.5
80.87 14 WP_MOVED 3 497546.40625 3565495.5 770.
80.89 14 RAD_OF_IR 9 0 0.00211
80.90 14 NAVIGATION_REF 497575 3565498 12
80.96 14 IR_SENSORS -865 8 1
81.04 14 COMMANDS 0,-9600,9600,-9600
81.06 14 NAVIGATION 0 1 0 0 286 0. 140.5
81.08 14 ATTITUDE 1 0 -28
81.10 14 GYRO_RATES -154 -88 -157 1.343904 -0.767945 1.370083
81.13 14 FBW_STATUS 2 1 112
81.16 14 ESTIMATOR 0. 0. 0. 0. 0.
81.28 14 NAVIGATION 0 1 0 0 286 0. 140.5
81.34 14 WP_MOVED 4 497575. 3565498. 0.
81.44 14 DESIRED 0. 0. 0. 0. 761. 0.
81.51 14 NAVIGATION 0 1 0 0 286 0. 140.5
81.52 14 ATTITUDE 1 0 -28
81.63 14 ESTIMATOR 0. 0. 0. 0. 0.
81.70 14 DL_VALUE 10 -85.943672
81.75 14 NAVIGATION 0 1 0 0 286 0. 140.5
81.77 14 DOWNLINK_STATUS 80 23506 1648 0 278. 19.
81.81 14 WP_MOVED 0 497617. 3565540. 770.
81.82 14 RAD_OF_IR 8 0 0.00211
81.89 14 IR_SENSORS -865 9 1
81.97 14 COMMANDS 0,-9600,9600,-9600
82.00 14 NAVIGATION 0 1 0 0 286 0. 140.5
82.01 14 ATTITUDE 1 0 -28
82.04 14 GYRO_RATES -154 -88 -157 1.343904 -0.767945 1.370083
82.08 14 FBW_STATUS 2 1 112
82.10 14 ESTIMATOR 0. 0. 0. 0. 0.
82.11 14 BAT 0 112 0 0 108 0 0
82.17 14 ACTUATORS 1500,1000,0,1200,1000
82.18 14 CALIBRATION 0. 0.02 0.5 0
82.22 14 NAVIGATION 0 1 0 0 286 0. 140.5
82.28 14 WP_MOVED 1 497586.6875 3565500. 770.
82.29 14 SERVO 9600 -9600 0
82.38 14 DESIRED 0. 0. 0. 0. 761. 0.
82.39 14 IR_DEBUG 625 612 625 612
82.45 14 NAVIGATION 0 1 0 0 286 0. 140.5
82.46 14 ATTITUDE 1 0 -28
82.48 14 PPRZ_MODE 2 0 3 0 0 6 0
82.58 14 ESTIMATOR 0. 0. 0. 0. 0.
82.64 14 DL_VALUE 11 1.5
82.68 14 NAVIGATION 0 1 0 0 286 0. 140.5
82.74 14 WP_MOVED 2 497622.6875 3565498.5 770.
82.76 14 RAD_OF_IR 8 0 0.00211
82.77 14 DOWNLINK_STATUS 81 23849 1673 0 343. 25.
82.83 14 IR_SENSORS -868 9 1
82.91 14 COMMANDS 0,-9600,9600,-9600
82.93 14 NAVIGATION 0 1 0 0 286 0. 140.5
82.95 14 ATTITUDE 1 0 -27
82.99 14 GYRO_RATES -156 -90 -159 1.361357 -0.785398 1.387537
83.01 14 FBW_STATUS 2 1 112
83.04 14 ESTIMATOR 0. 0. 0. 0. 0.
83.15 14 NAVIGATION 0 1 0 0 286 0. 140.5
83.21 14 WP_MOVED 3 497546.40625 3565495.5 770.
83.32 14 DESIRED 0. 0. 0. 0. 761. 0.
83.38 14 NAVIGATION 0 1 0 0 286 0. 140.5
83.41 14 ATTITUDE 1 0 -28
83.51 14 ESTIMATOR 0. 0. 0. 0. 0.
83.58 14 DL_VALUE 12 1.5
83.63 14 NAVIGATION 0 1 0 0 286 0. 140.5
83.68 14 WP_MOVED 4 497575. 3565498. 0.
83.70 14 RAD_OF_IR 9 0 0.00211
83.77 14 IR_SENSORS -868 8 1
83.77 14 DOWNLINK_STATUS 82 24106 1691 0 257. 18.
83.84 14 COMMANDS 0,-9600,9600,-9600
83.87 14 NAVIGATION 0 1 0 0 286 0. 140.5
83.89 14 ATTITUDE 1 0 -28
83.91 14 GYRO_RATES -157 -91 -160 1.370083 -0.794125 1.396263
83.94 14 FBW_STATUS 2 1 112
83.97 14 ESTIMATOR 0. 0. 0. 0. 0.
83.99 14 BAT 0 112 0 0 110 0 0
84.07 14 CALIBRATION 0. 0.02 0.5 0
84.10 14 NAVIGATION 0 1 0 0 286 0. 140.5
84.15 14 WP_MOVED 0 497617. 3565540. 770.
84.16 14 SERVO 9600 -9600 0
84.25 14 DESIRED 0. 0. 0. 0. 761. 0.
84.27 14 IR_DEBUG 625 613 625 613
84.32 14 NAVIGATION 0 1 0 0 286 0. 140.5
84.34 14 ATTITUDE 1 0 -28
84.44 14 ESTIMATOR 0. 0. 0. 0. 0.
84.52 14 DL_VALUE 13 1.5
84.58 14 NAVIGATION 0 1 0 0 286 0. 140.5
84.64 14 WP_MOVED 1 497586.6875 3565500. 770.
84.64 14 RAD_OF_IR 9 0 0.00211
84.70 14 IR_SENSORS -865 8 1
84.78 14 DOWNLINK_STATUS 83 24402 1712 0 296. 21.
84.78 14 COMMANDS 0,-9600,9600,-9600
84.82 14 NAVIGATION 0 1 0 0 286 0. 140.5
84.82 14 ATTITUDE 1 0 -28
84.85 14 GYRO_RATES -154 -88 -156 1.343904 -0.767945 1.361357
84.87 14 FBW_STATUS 2 1 112
84.91 14 ESTIMATOR 0. 0. 0. 0. 0.
85.03 14 NAVIGATION 0 1 0 0 286 0. 140.5
85.09 14 WP_MOVED 2 497622.6875 3565498.5 770.
85.19 14 DESIRED 0. 0. 0. 0. 761. 0.
85.26 14 NAVIGATION 0 1 0 0 286 0. 140.5
85.28 14 ATTITUDE 1 0 -28
85.38 14 ESTIMATOR 0. 0. 0. 0. 0.
85.45 14 DL_VALUE 14 1.5
85.50 14 NAVIGATION 0 1 0 0 286 0. 140.5
85.56 14 WP_MOVED 3 497546.40625 3565495.5 770.
85.57 14 RAD_OF_IR 9 0 0.00211
85.65 14 IR_SENSORS -864 9 1
85.72 14 COMMANDS 0,-9600,9600,-9600
85.74 14 NAVIGATION 0 1 0 0 286 0. 140.5
85.76 14 ATTITUDE 1 0 -28
85.77 14 DOWNLINK_STATUS 84 24688 1732 0 286. 20.
85.78 14 GYRO_RATES -153 -88 -157 1.335177 -0.767945 1.370083
85.81 14 FBW_STATUS 2 1 112
85.85 14 ESTIMATOR 0. 0. 0. 0. 0.
85.86 14 BAT 0 112 0 0 112 0 0
85.93 14 CALIBRATION 0. 0.02 0.5 0
85.96 14 NAVIGATION 0 1 0 0 286 0. 140.5
86.02 14 WP_MOVED 4 497575. 3565498. 0.
86.04 14 SERVO 9600 -9600 0
86.13 14 DESIRED 0. 0. 0. 0. 761. 0.
86.17 14 IR_DEBUG 625 611 625 611
86.20 14 NAVIGATION 0 1 0 0 286 0. 140.5
86.21 14 ATTITUDE 1 0 -28
86.32 14 ESTIMATOR 0. 0. 0. 0. 0.
86.39 14 DL_VALUE 15 0.
86.45 14 NAVIGATION 0 1 0 0 286 0. 140.5
86.50 14 WP_MOVED 0 497617. 3565540. 770.
86.51 14 RAD_OF_IR 9 0 0.00211
86.58 14 IR_SENSORS -866 9 1
86.66 14 COMMANDS 0,-9600,9600,-9600
86.68 14 NAVIGATION 0 1 0 0 286 0. 140.5
86.70 14 ATTITUDE 1 0 -27
86.72 14 GYRO_RATES -155 -90 -159 1.35263 -0.785398 1.387537
86.75 14 FBW_STATUS 2 1 112
86.77 14 DOWNLINK_STATUS 85 25009 1755 0 321. 23.
86.78 14 ESTIMATOR 0. 0. 0. 0. 0.
86.85 14 ACTUATORS 1500,1000,0,1200,1000
86.90 14 NAVIGATION 0 1 0 0 286 0. 140.5
86.96 14 WP_MOVED 1 497586.6875 3565500. 770.
87.07 14 DESIRED 0. 0. 0. 0. 761. 0.
87.14 14 NAVIGATION 0 1 0 0 286 0. 140.5
87.15 14 ATTITUDE 1 0 -27
87.16 14 PPRZ_MODE 2 0 3 0 0 6 0
87.25 14 ESTIMATOR 0. 0. 0. 0. 0.
87.33 14 DL_VALUE 16 1.
87.37 14 NAVIGATION 0 1 0 0 286 0. 140.5
87.43 14 WP_MOVED 2 497622.6875 3565498.5 770.
87.44 14 RAD_OF_IR 9 0 0.00211
87.51 14 IR_SENSORS -865 8 1
87.59 14 COMMANDS 0,-9600,9600,-9600
87.63 14 NAVIGATION 0 1 0 0 286 0. 140.5
87.64 14 ATTITUDE 1 0 -27
87.66 14 GYRO_RATES -156 -90 -159 1.361357 -0.785398 1.387537
87.69 14 FBW_STATUS 2 1 112
87.72 14 ESTIMATOR 0. 0. 0. 0. 0.
87.74 14 BAT 0 112 0 0 114 0 0
87.77 14 DOWNLINK_STATUS 86 25316 1776 0 307. 21.
87.82 14 CALIBRATION 0. 0.02 0.5 0
87.84 14 NAVIGATION 0 1 0 0 286 0. 140.5
87.90 14 WP_MOVED 3 497546.40625 3565495.5 770.
87.91 14 SERVO 9600 -9600 0
88.00 14 DESIRED 0. 0. 0. 0. 761. 0.
88.02 14 IR_DEBUG 625 613 625 613
88.07 14 NAVIGATION 0 1 0 0 286 0. 140.5
88.11 14 ATTITUDE 1 0 -27
88.19 14 ESTIMATOR 0. 0. 0. 0. 0.
88.27 14 DL_VALUE 17 470.
88.31 14 NAVIGATION 0 1 0 0 286 0. 140.5
88.37 14 WP_MOVED 4 497575. 3565498. 0.
88.38 14 RAD_OF_IR 9 0 0.00211
88.45 14 IR_SENSORS -863 8 1
88.53 14 COMMANDS 0,-9600,9600,-9600
88.56 14 NAVIGATION 0 1 0 0 286 0. 140.5
88.60 14 ATTITUDE 1 0 -28
88.60 14 GYRO_RATES -154 -88 -157 1.343904 -0.767945 1.370083
88.62 14 FBW_STATUS 2 1 112
88.65 14 ESTIMATOR 0. 0. 0. 0. 0.
88.77 14 DOWNLINK_STATUS 87 25598 1796 0 282. 20.
88.77 14 NAVIGATION 0 1 0 0 286 0. 140.5
88.84 14 WP_MOVED 0 497617. 3565540. 770.
