9.52 91 ESTIMATOR 700. 0. 0. 0. 0.
9.56 91 COMMANDS 68,-632,-3917,-934,-3605
9.60 91 NAVIGATION 0 0 0 0 286 0. 570986.7
9.62 91 ATTITUDE 0 0 0
9.63 91 DL_VALUE 9 515.
9.65 91 FBW_STATUS 0 0 121
9.81 91 NAVIGATION 0 0 0 0 286 0. 570986.7
9.86 91 WP_MOVED 1 358824.90625 4822110. 702.
9.90 91 GYRO_RATES -106 -15 2 0.925025 -0.1309 0.017453
9.98 91 DOWNLINK_STATUS 9 1353 89 0 299. 20.
10.01 91 ESTIMATOR 700. 0. 0. 0. 0.
10.04 91 NAVIGATION 0 0 0 0 286 0. 570986.7
10.06 91 ATTITUDE 0 0 0
10.26 91 DESIRED -0.03 -0.32 0. 0. 700.028 0.007
10.29 91 NAVIGATION 0 0 0 0 286 0. 570986.7
10.33 91 WP_MOVED 2 358071. 4822161. 0.
10.44 91 ESTIMATOR 700. 0. 0. 0. 0.
10.50 91 COMMANDS 67,-640,-3922,-932,-3591
10.54 91 NAVIGATION 0 0 0 0 286 0. 570986.7
10.55 91 ATTITUDE 0 0 0
10.57 91 DL_VALUE 10 480.
10.58 91 FBW_STATUS 0 0 121
10.75 91 NAVIGATION 0 0 0 0 286 0. 570986.7
10.80 91 WP_MOVED 0 358113. 4822203. 702.
10.84 91 GYRO_RATES -106 -15 2 0.925025 -0.1309 0.017453
10.91 91 ESTIMATOR 700. 0. 0. 0. 0.
10.95 91 BAT 65 121 0 0 51 51 0
10.98 91 DOWNLINK_STATUS 10 1622 106 0 269. 17.
10.98 91 NAVIGATION 0 0 0 0 286 0. 570986.7
11.00 91 ATTITUDE 0 0 0
11.02 91 CALIBRATION 0.024 0.037 0.5 0
11.07 91 SERVO -3773 -9600 71
11.20 91 DESIRED -0.03 -0.32 0. 0. 700.017 0.007
11.23 91 NAVIGATION 0 0 0 0 286 0. 570986.7
11.27 91 WP_MOVED 1 358824.90625 4822110. 702.
11.38 91 ESTIMATOR 700. 0. 0. 0. 0.
11.44 91 COMMANDS 38,-624,-3966,-927,-3593
11.48 91 NAVIGATION 0 0 0 0 286 0. 570986.7
11.49 91 ATTITUDE 0 0 0
11.51 91 DL_VALUE 11 470.
11.52 91 FBW_STATUS 0 0 121
11.68 91 NAVIGATION 0 0 0 0 286 0. 570986.7
11.74 91 WP_MOVED 2 358071. 4822161. 0.
11.78 91 GYRO_RATES -105 -15 3 0.916298 -0.1309 0.02618
11.85 91 ESTIMATOR 700. 0. 0. 0. 0.
11.92 91 NAVIGATION 0 0 0 0 286 0. 570986.7
11.94 91 ATTITUDE 0 0 0
11.97 91 DOWNLINK_STATUS 11 1904 125 0 282. 19.
12.14 91 DESIRED -0.03 -0.32 0. 0. 700.022 0.006
12.17 91 NAVIGATION 0 0 0 0 286 0. 570986.7
12.20 91 WP_MOVED 0 358113. 4822203. 702.
12.32 91 ESTIMATOR 700. 0. 0. 0. 0.
12.38 91 COMMANDS 68,-657,-3960,-947,-3671
12.41 91 NAVIGATION 0 0 0 0 286 0. 570986.7
12.43 91 ATTITUDE 0 0 0
12.47 91 DL_VALUE 12 1.35
12.47 91 FBW_STATUS 0 0 121
12.62 91 NAVIGATION 0 0 0 0 286 0. 570986.7
12.67 91 WP_MOVED 1 358824.90625 4822110. 702.
12.72 91 GYRO_RATES -106 -15 2 0.925025 -0.1309 0.017453
12.78 91 ESTIMATOR 700. 0. 0. 0. 0.
12.81 91 BAT 70 121 0 0 53 53 0
12.86 91 NAVIGATION 0 0 0 0 286 0. 570986.7
12.88 91 ATTITUDE 0 0 0
12.90 91 CALIBRATION 0.022 0.037 0.5 0
12.94 91 SERVO -3773 -9600 80
12.98 91 DOWNLINK_STATUS 12 2174 143 0 270. 18.
13.08 91 DESIRED -0.03 -0.32 0. 0. 700.026 0.004
13.10 91 NAVIGATION 0 0 0 0 286 0. 570986.7
13.14 91 WP_MOVED 2 358071. 4822161. 0.
13.26 91 ESTIMATOR 700. 0. 0. 0. 0.
13.32 91 COMMANDS 56,-624,-3958,-959,-3589
13.35 91 NAVIGATION 0 0 0 0 286 0. 570986.7
13.36 91 ATTITUDE 0 0 0
13.38 91 DL_VALUE 13 0.
13.40 91 FBW_STATUS 0 0 121
13.42 91 NAVIGATION_REF 358071 4822161 31
13.50 91 ACTUATORS 1671,1263,0,1205,1547,1687
13.56 91 NAVIGATION 0 0 0 0 286 0. 570986.7
13.61 91 WP_MOVED 0 358113. 4822203. 702.
13.65 91 GYRO_RATES -106 -15 2 0.925025 -0.1309 0.017453
13.72 91 ESTIMATOR 700. 0. 0. 0. 0.
13.80 91 NAVIGATION 0 0 0 0 286 0. 570986.7
13.81 91 ATTITUDE 0 0 0
13.98 91 DOWNLINK_STATUS 13 2433 160 0 259. 17.
14.02 91 DESIRED -0.03 -0.32 0. 0. 700.021 0.006
14.04 91 NAVIGATION 0 0 0 0 286 0. 570986.7
14.08 91 WP_MOVED 1 358824.90625 4822110. 702.
14.10 91 PPRZ_MODE 0 3 0 0 0 1 0
14.19 91 ESTIMATOR 700. 0. 0. 0. 0.
14.25 91 COMMANDS 67,-643,-3932,-942,-3588
14.29 91 NAVIGATION 0 0 0 0 286 0. 570986.7
14.30 91 ATTITUDE 0 0 0
14.32 91 DL_VALUE 14 0.
14.34 91 FBW_STATUS 0 0 121
14.50 91 NAVIGATION 0 0 0 0 286 0. 570986.7
14.55 91 WP_MOVED 2 358071. 4822161. 0.
14.59 91 GYRO_RATES -106 -15 2 0.925025 -0.1309 0.017453
14.66 91 ESTIMATOR 700. 0. 0. 0. 0.
14.68 91 BAT 72 121 0 0 55 55 0
14.73 91 NAVIGATION 0 0 0 0 286 0. 570986.7
14.75 91 ATTITUDE 0 0 0
14.77 91 CALIBRATION 0.021 0.037 0.5 0
14.82 91 SERVO -3773 -9600 60
14.95 91 DESIRED -0.03 -0.32 0. 0. 700.014 0.004
14.99 91 NAVIGATION 0 0 0 0 286 0. 570986.7
14.99 91 DOWNLINK_STATUS 14 2756 181 0 323. 21.
15.02 91 WP_MOVED 0 358113. 4822203. 702.
15.13 91 ESTIMATOR 700. 0. 0. 0. 0.
15.19 91 COMMANDS 64,-624,-3921,-969,-3591
15.22 91 NAVIGATION 0 0 0 0 286 0. 570986.7
15.24 91 ATTITUDE 0 0 0
15.26 91 DL_VALUE 15 0.75
15.27 91 FBW_STATUS 0 0 121
15.44 91 NAVIGATION 0 0 0 0 286 0. 570986.7
15.49 91 WP_MOVED 1 358824.90625 4822110. 702.
15.53 91 GYRO_RATES -106 -15 2 0.925025 -0.1309 0.017453
15.60 91 ESTIMATOR 700. 0. 0. 0. 0.
15.67 91 NAVIGATION 0 0 0 0 286 0. 570986.7
15.69 91 ATTITUDE 0 0 0
15.89 91 DESIRED -0.03 -0.32 0. 0. 700.02 0.006
15.92 91 NAVIGATION 0 0 0 0 286 0. 570986.7
15.96 91 WP_MOVED 2 358071. 4822161. 0.
16.00 91 DOWNLINK_STATUS 15 3004 197 0 248. 16.
16.07 91 ESTIMATOR 700. 0. 0. 0. 0.
16.13 91 COMMANDS 70,-635,-3932,-942,-3573
16.16 91 NAVIGATION 0 0 0 0 286 0. 570986.7
16.18 91 ATTITUDE 0 0 0
16.20 91 DL_VALUE 16 33600.
16.21 91 FBW_STATUS 0 0 121
16.37 91 NAVIGATION 0 0 0 0 286 0. 570986.7
16.42 91 WP_MOVED 0 358113. 4822203. 702.
16.46 91 GYRO_RATES -105 -15 2 0.916298 -0.1309 0.017453
16.53 91 ESTIMATOR 700. 0. 0. 0. 0.
16.56 91 BAT 66 121 0 0 57 57 0
16.61 91 NAVIGATION 0 0 0 0 286 0. 570986.7
16.62 91 ATTITUDE 0 0 0
16.65 91 CALIBRATION 0.019 0.037 0.5 0
16.69 91 SERVO -3773 -9600 71
16.83 91 DESIRED -0.03 -0.32 0. 0. 700.039 0.006
16.87 91 NAVIGATION 0 0 0 0 286 0. 570986.7
16.89 91 WP_MOVED 1 358824.90625 4822110. 702.
16.99 91 DOWNLINK_STATUS 16 3274 215 0 270. 18.
17.03 91 ESTIMATOR 700. 0. 0. 0. 0.
17.06 91 COMMANDS 68,-618,-3921,-950,-3544
17.10 91 NAVIGATION 0 0 0 0 286 0. 570986.7
17.12 91 ATTITUDE 0 0 0
17.13 91 DL_VALUE 17 33600.
17.15 91 FBW_STATUS 0 0 121
17.31 91 NAVIGATION 0 0 0 0 286 0. 570986.7
17.38 91 WP_MOVED 2 358071. 4822161. 0.
17.41 91 GYRO_RATES -106 -15 2 0.925025 -0.1309 0.017453
17.48 91 ESTIMATOR 700. 0. 0. 0. 0.
17.54 91 NAVIGATION 0 0 0 0 286 0. 570986.7
17.56 91 ATTITUDE 0 0 0
17.77 91 DESIRED -0.03 -0.32 0. 0. 700.021 0.006
17.80 91 NAVIGATION 0 0 0 0 286 0. 570986.7
17.84 91 WP_MOVED 0 358113. 4822203. 702.
17.95 91 ESTIMATOR 700. 0. 0. 0. 0.
17.99 91 DOWNLINK_STATUS 17 3529 231 0 255. 16.
18.03 91 COMMANDS 112,-632,-3829,-944,-3608
18.05 91 NAVIGATION 0 0 0 0 286 0. 570986.7
18.05 91 ATTITUDE 0 0 0
18.07 91 DL_VALUE 18 0.75
18.08 91 FBW_STATUS 0 0 121
18.20 91 ACTUATORS 1671,1266,0,1206,1552,1687
18.26 91 NAVIGATION 0 0 0 0 286 0. 570986.7
18.30 91 WP_MOVED 1 358824.90625 4822110. 702.
18.35 91 GYRO_RATES -106 -15 2 0.925025 -0.1309 0.017453
18.43 91 ESTIMATOR 700. 0. 0. 0. 0.
18.45 91 BAT 55 121 0 0 59 59 0
18.48 91 NAVIGATION 0 0 0 0 286 0. 570986.7
18.52 91 ATTITUDE 0 0 0
18.52 91 CALIBRATION 0.022 0.037 0.5 0
18.57 91 SERVO -3773 -9600 50
18.70 91 DESIRED -0.03 -0.32 0. 0. 700.023 0.008
18.73 91 NAVIGATION 0 0 0 0 286 0. 570986.7
18.77 91 WP_MOVED 2 358071. 4822161. 0.
18.79 91 PPRZ_MODE 0 3 0 0 0 1 0
18.88 91 ESTIMATOR 700. 0. 0. 0. 0.
18.94 91 COMMANDS 62,-618,-3922,-944,-3588
18.98 91 NAVIGATION 0 0 0 0 286 0. 570986.7
19.02 91 ATTITUDE 0 0 0
19.02 91 DOWNLINK_STATUS 18 3862 254 0 333. 23.
19.02 91 DL_VALUE 19 21500.
19.02 91 FBW_STATUS 0 0 121
19.18 91 NAVIGATION 0 0 0 0 286 0. 570986.7
19.24 91 WP_MOVED 0 358113. 4822203. 702.
19.28 91 GYRO_RATES -106 -15 2 0.925025 -0.1309 0.017453
19.35 91 ESTIMATOR 700. 0. 0. 0. 0.
19.42 91 NAVIGATION 0 0 0 0 286 0. 570986.7
19.44 91 ATTITUDE 0 0 0
19.64 91 DESIRED -0.03 -0.32 0. 0. 700.02 0.007
19.67 91 NAVIGATION 0 0 0 0 286 0. 570986.7
19.70 91 WP_MOVED 1 358824.90625 4822110. 702.
19.82 91 ESTIMATOR 700. 0. 0. 0. 0.
19.88 91 COMMANDS 22,-646,-3943,-847,-3600
19.91 91 NAVIGATION 0 0 0 0 286 0. 570986.7
19.93 91 ATTITUDE 0 0 0
19.94 91 DL_VALUE 20 21500.
19.96 91 FBW_STATUS 0 0 121
19.99 91 DOWNLINK_STATUS 19 4107 271 0 245. 17.
20.12 91 NAVIGATION 0 0 0 0 286 0. 570986.7
20.17 91 WP_MOVED 2 358071. 4822161. 0.
20.21 91 GYRO_RATES -106 -16 2 0.925025 -0.139626 0.017453
20.28 91 ESTIMATOR 700. 0. 0. 0. 0.
20.31 91 BAT 59 121 0 0 61 61 0
20.36 91 NAVIGATION 0 0 0 0 286 0. 570986.7
20.37 91 ATTITUDE 0 0 0
20.40 91 CALIBRATION 0.023 0.037 0.5 0
20.44 91 SERVO -3773 -9600 95
20.58 91 DESIRED -0.03 -0.32 0. 0. 700.02 0.006
20.62 91 NAVIGATION 0 0 0 0 286 0. 570986.7
20.65 91 WP_MOVED 0 358113. 4822203. 702.
20.76 91 ESTIMATOR 700. 0. 0. 0. 0.
20.81 91 COMMANDS 24,-622,-4004,-935,-3589
20.85 91 NAVIGATION 0 0 0 0 286 0. 570986.7
20.87 91 ATTITUDE 0 0 0
20.89 91 DL_VALUE 21 0.75
20.90 91 FBW_STATUS 0 0 121
20.99 91 DOWNLINK_STATUS 20 4377 289 0 270. 18.
21.06 91 NAVIGATION 0 0 0 0 286 0. 570986.7
21.11 91 WP_MOVED 1 358824.90625 4822110. 702.
21.16 91 GYRO_RATES -106 -15 2 0.925025 -0.1309 0.017453
21.22 91 ESTIMATOR 700. 0. 0. 0. 0.
21.30 91 NAVIGATION 0 0 0 0 286 0. 570986.7
21.31 91 ATTITUDE 0 0 0
21.52 91 DESIRED -0.03 -0.32 0. 0. 700.016 0.005
21.54 91 NAVIGATION 0 0 0 0 286 0. 570986.7
21.58 91 WP_MOVED 2 358071. 4822161. 0.
21.69 91 ESTIMATOR 700. 0. 0. 0. 0.
21.75 91 COMMANDS 63,-663,-3908,-940,-3601
21.79 91 NAVIGATION 0 0 0 0 286 0. 570986.7
21.81 91 ATTITUDE 0 0 0
21.82 91 DL_VALUE 22 20400.
21.84 91 FBW_STATUS 0 0 121
21.86 91 NAVIGATION_REF 358071 4822161 31
21.99 91 DOWNLINK_STATUS 21 4621 305 0 244. 16.
22.00 91 NAVIGATION 0 0 0 0 286 0. 570986.7
22.05 91 WP_MOVED 0 358113. 4822203. 702.
22.09 91 GYRO_RATES -106 -15 2 0.925025 -0.1309 0.017453
22.16 91 ESTIMATOR 700. 0. 0. 0. 0.
22.18 91 BAT 79 121 0 0 63 63 0
22.23 91 NAVIGATION 0 0 0 0 286 0. 570986.7
22.25 91 ATTITUDE 0 0 0
22.27 91 CALIBRATION 0.022 0.037 0.5 0
22.33 91 SERVO -3773 -9600 72
22.45 91 DESIRED -0.03 -0.32 0. 0. 700.021 0.007
22.48 91 NAVIGATION 0 0 0 0 286 0. 570986.7
22.52 91 WP_MOVED 1 358824.90625 4822110. 702.
22.63 91 ESTIMATOR 700. 0. 0. 0. 0.
22.69 91 COMMANDS 52,-630,-3925,-924,-3596
22.72 91 NAVIGATION 0 0 0 0 286 0. 570986.7
22.74 91 ATTITUDE 0 0 0
22.76 91 DL_VALUE 23 20400.
22.77 91 FBW_STATUS 0 0 121
22.88 91 ACTUATORS 1671,1263,0,1205,1548,1687
22.93 91 NAVIGATION 0 0 0 0 286 0. 570986.7
22.98 91 WP_MOVED 2 358071. 4822161. 0.
23.00 91 DOWNLINK_STATUS 22 4939 326 0 318. 21.
23.04 91 GYRO_RATES -106 -15 2 0.925025 -0.1309 0.017453
23.10 91 ESTIMATOR 700. 0. 0. 0. 0.
23.17 91 NAVIGATION 0 0 0 0 286 0. 570986.7
23.19 91 ATTITUDE 0 0 0
23.39 91 DESIRED -0.03 -0.32 0. 0. 700.02 0.006
23.42 91 NAVIGATION 0 0 0 0 286 0. 570986.7
23.46 91 WP_MOVED 0 358113. 4822203. 702.
23.48 91 PPRZ_MODE 0 3 0 0 0 1 0
23.57 91 ESTIMATOR 700. 0. 0. 0. 0.
23.62 91 COMMANDS 65,-613,-3900,-940,-3593
23.66 91 NAVIGATION 0 0 0 0 286 0. 570986.7
23.68 91 ATTITUDE 0 0 0
23.69 91 DL_VALUE 24 0.3
23.70 91 FBW_STATUS 0 0 121
23.87 91 NAVIGATION 0 0 0 0 286 0. 570986.7
23.92 91 WP_MOVED 1 358824.90625 4822110. 702.
23.96 91 GYRO_RATES -106 -15 2 0.925025 -0.1309 0.017453
24.00 91 DOWNLINK_STATUS 23 5201 343 0 262. 17.
24.03 91 ESTIMATOR 700. 0. 0. 0. 0.
24.07 91 BAT 64 121 0 0 65 65 0
24.11 91 NAVIGATION 0 0 0 0 286 0. 570986.7
24.12 91 ATTITUDE 0 0 0
24.15 91 CALIBRATION 0.02 0.037 0.5 0
24.19 91 SERVO -3773 -9600 55
24.33 91 DESIRED -0.03 -0.32 0. 0. 700.021 0.007
24.35 91 NAVIGATION 0 0 0 0 286 0. 570986.7
24.39 91 WP_MOVED 2 358071. 4822161. 0.
24.51 91 ESTIMATOR 700. 0. 0. 0. 0.
24.56 91 COMMANDS 88,-619,-3922,-1002,-3586
24.60 91 NAVIGATION 0 0 0 0 286 0. 570986.7
24.62 91 ATTITUDE 0 0 0
24.63 91 DL_VALUE 25 0.3
24.64 91 FBW_STATUS 0 0 121
24.81 91 NAVIGATION 0 0 0 0 286 0. 570986.7
24.86 91 WP_MOVED 0 358113. 4822203. 702.
24.90 91 GYRO_RATES -106 -15 2 0.925025 -0.1309 0.017453
24.97 91 ESTIMATOR 700. 0. 0. 0. 0.
25.01 91 DOWNLINK_STATUS 24 5493 362 0 292. 19.
25.04 91 NAVIGATION 0 0 0 0 286 0. 570986.7
25.09 91 ATTITUDE 0 0 0
25.26 91 DESIRED -0.03 -0.32 0. 0. 700.021 0.006
25.29 91 NAVIGATION 0 0 0 0 286 0. 570986.7
25.33 91 WP_MOVED 1 358824.90625 4822110. 702.
25.44 91 ESTIMATOR 700. 0. 0. 0. 0.
25.50 91 COMMANDS 66,-624,-3924,-944,-3553
25.54 91 NAVIGATION 0 0 0 0 286 0. 570986.7
25.58 91 ATTITUDE 0 0 0
25.58 91 DL_VALUE 26 0.361877
25.58 91 FBW_STATUS 0 0 121
25.74 91 NAVIGATION 0 0 0 0 286 0. 570986.7
25.80 91 WP_MOVED 2 358071. 4822161. 0.
25.84 91 GYRO_RATES -106 -15 3 0.925025 -0.1309 0.02618
25.91 91 ESTIMATOR 700. 0. 0. 0. 0.
25.94 91 BAT 0 121 0 0 67 67 0
25.98 91 NAVIGATION 0 0 0 0 286 0. 570986.7
26.00 91 ATTITUDE 0 0 0
26.01 91 DOWNLINK_STATUS 25 5766 380 0 273. 18.
26.02 91 CALIBRATION 0.021 0.037 0.5 0
26.06 91 SERVO -3773 -9600 67
26.20 91 DESIRED -0.03 -0.32 0. 0. 700.03 0.006
26.23 91 NAVIGATION 0 0 0 0 286 0. 570986.7
26.27 91 WP_MOVED 0 358113. 4822203. 702.
26.38 91 ESTIMATOR 700. 0. 0. 0. 0.
26.44 91 COMMANDS 62,-526,-3919,-935,-3539
26.47 91 NAVIGATION 0 0 0 0 286 0. 570986.7
26.49 91 ATTITUDE 0 0 0
26.51 91 DL_VALUE 27 0.007
26.52 91 FBW_STATUS 0 0 121
26.68 91 NAVIGATION 0 0 0 0 286 0. 570986.7
26.74 91 WP_MOVED 1 358824.90625 4822110. 702.
26.78 91 GYRO_RATES -106 -15 3 0.925025 -0.1309 0.02618
26.85 91 ESTIMATOR 700. 0. 0. 0. 0.
26.92 91 NAVIGATION 0 0 0 0 286 0. 570986.7
26.94 91 ATTITUDE 0 0 0
27.01 91 DOWNLINK_STATUS 26 6022 397 0 256. 17.
27.14 91 DESIRED -0.03 -0.32 0. 0. 700.02 0.006
27.18 91 NAVIGATION 0 0 0 0 286 0. 570986.7
27.20 91 WP_MOVED 2 358071. 4822161. 0.
27.32 91 ESTIMATOR 700. 0. 0. 0. 0.
27.38 91 COMMANDS 67,-632,-3917,-932,-3600
27.41 91 NAVIGATION 0 0 0 0 286 0. 570986.7
27.43 91 ATTITUDE 0 0 0
27.44 91 DL_VALUE 28 0.04
27.45 91 FBW_STATUS 0 0 121
27.56 91 ACTUATORS 1673,1265,0,1205,1548,1681
27.62 91 NAVIGATION 0 0 0 0 286 0. 570986.7
27.67 91 WP_MOVED 0 358113. 4822203. 702.
27.71 91 GYRO_RATES -106 -15 2 0.925025 -0.1309 0.017453
27.78 91 ESTIMATOR 700. 0. 0. 0. 0.
27.81 91 BAT 65 121 0 0 69 69 0
27.86 91 NAVIGATION 0 0 0 0 286 0. 570986.7
27.87 91 ATTITUDE 0 0 0
27.90 91 CALIBRATION 0.021 0.037 0.5 0
27.94 91 SERVO -3773 -9600 123
28.01 91 DOWNLINK_STATUS 27 6307 416 0 285. 19.
28.08 91 DESIRED -0.03 -0.32 0. 0. 700.027 0.006
28.12 91 NAVIGATION 0 0 0 0 286 0. 570986.7
28.14 91 WP_MOVED 1 358824.90625 4822110. 702.
28.16 91 PPRZ_MODE 0 3 0 0 0 1 0
28.25 91 ESTIMATOR 700. 0. 0. 0. 0.
28.31 91 COMMANDS 67,-633,-3922,-930,-3588
28.35 91 NAVIGATION 0 0 0 0 286 0. 570986.7
28.36 91 ATTITUDE 0 0 0
28.38 91 DL_VALUE 29 0.037
28.39 91 FBW_STATUS 0 0 121
28.56 91 NAVIGATION 0 0 0 0 286 0. 570986.7
28.61 91 WP_MOVED 2 358071. 4822161. 0.
28.65 91 GYRO_RATES -106 -16 2 0.925025 -0.139626 0.017453
28.72 91 ESTIMATOR 700. 0. 0. 0. 0.
28.79 91 NAVIGATION 0 0 0 0 286 0. 570986.7
28.81 91 ATTITUDE 0 0 0
29.01 91 DOWNLINK_STATUS 28 6549 432 0 242. 16.
29.02 91 DESIRED -0.03 -0.32 0. 0. 700.025 0.007
29.06 91 NAVIGATION 0 0 0 0 286 0. 570986.7
29.08 91 WP_MOVED 0 358113. 4822203. 702.
29.19 91 ESTIMATOR 700. 0. 0. 0. 0.
29.25 91 COMMANDS 54,-688,-3910,-895,-3554
29.28 91 NAVIGATION 0 0 0 0 286 0. 570986.7
29.30 91 ATTITUDE 0 0 0
29.32 91 DL_VALUE 30 0.
29.33 91 FBW_STATUS 0 0 121
29.50 91 NAVIGATION 0 0 0 0 286 0. 570986.7
29.55 91 WP_MOVED 1 358824.90625 4822110. 702.
29.59 91 GYRO_RATES -106 -16 2 0.925025 -0.139626 0.017453
29.66 91 ESTIMATOR 700. 0. 0. 0. 0.
29.68 91 BAT 89 121 0 0 71 71 0
29.73 91 NAVIGATION 0 0 0 0 286 0. 570986.7
29.75 91 ATTITUDE 0 0 0
29.77 91 CALIBRATION 0.023 0.037 0.5 0
29.82 91 SERVO -3585 -9600 65
29.95 91 DESIRED -0.03 -0.32 0. 0. 700.021 0.006
29.98 91 NAVIGATION 0 0 0 0 286 0. 570986.7
30.01 91 DOWNLINK_STATUS 29 6863 452 0 314. 20.
30.02 91 WP_MOVED 2 358071. 4822161. 0.
30.13 91 ESTIMATOR 700. 0. 0. 0. 0.
30.19 91 COMMANDS 67,-728,-4026,-950,-3625
30.22 91 NAVIGATION 0 0 0 0 286 0. 570986.7
30.24 91 ATTITUDE 0 0 0
30.25 91 DL_VALUE 31 0.
30.27 91 FBW_STATUS 0 0 121
30.29 91 NAVIGATION_REF 358071 4822161 31
30.43 91 NAVIGATION 0 0 0 0 286 0. 570986.7
30.48 91 WP_MOVED 0 358113. 4822203. 702.
30.53 91 GYRO_RATES -106 -15 3 0.925025 -0.1309 0.02618
30.60 91 ESTIMATOR 700. 0. 0. 0. 0.
30.67 91 NAVIGATION 0 0 0 0 286 0. 570986.7
30.68 91 ATTITUDE 0 0 0
30.89 91 DESIRED -0.03 -0.32 0. 0. 700.022 0.002
30.92 91 NAVIGATION 0 0 0 0 286 0. 570986.7
30.95 91 WP_MOVED 1 358824.90625 4822110. 702.
31.01 91 DOWNLINK_STATUS 30 7122 469 0 259. 17.
31.07 91 ESTIMATOR 700. 0. 0. 0. 0.
31.12 91 COMMANDS 48,-626,-3950,-937,-3591
31.16 91 NAVIGATION 0 0 0 0 286 0. 570986.7
31.17 91 ATTITUDE 0 0 0
31.19 91 DL_VALUE 32 0.045
31.21 91 FBW_STATUS 0 0 121
31.37 91 NAVIGATION 0 0 0 0 286 0. 570986.7
31.42 91 WP_MOVED 2 358071. 4822161. 0.
31.46 91 GYRO_RATES -106 -15 3 0.925025 -0.1309 0.02618
31.53 91 ESTIMATOR 700. 0. 0. 0. 0.
31.56 91 BAT 69 121 0 0 73 73 0
31.60 91 NAVIGATION 0 0 0 0 286 0. 570986.7
31.62 91 ATTITUDE 0 0 0
31.65 91 CALIBRATION 0.02 0.037 0.5 0
31.69 91 SERVO -3585 -9600 80
31.82 91 DESIRED -0.03 -0.32 0. 0. 700.021 0.006
31.86 91 NAVIGATION 0 0 0 0 286 0. 570986.7
31.89 91 WP_MOVED 0 358113. 4822203. 702.
32.00 91 ESTIMATOR 700. 0. 0. 0. 0.
32.01 91 DOWNLINK_STATUS 31 7414 488 0 292. 19.
32.06 91 COMMANDS 124,-635,-3928,-1069,-3591
32.10 91 NAVIGATION 0 0 0 0 286 0. 570986.7
32.11 91 ATTITUDE 0 0 0
32.13 91 DL_VALUE 33 0.045
32.14 91 FBW_STATUS 0 0 121
32.25 91 ACTUATORS 1668,1263,0,1205,1548,1690
32.31 91 NAVIGATION 0 0 0 0 286 0. 570986.7
32.36 91 WP_MOVED 1 358824.90625 4822110. 702.
32.40 91 GYRO_RATES -106 -15 2 0.925025 -0.1309 0.017453
32.47 91 ESTIMATOR 700. 0. 0. 0. 0.
32.55 91 NAVIGATION 0 0 0 0 286 0. 570986.7
32.56 91 ATTITUDE 0 0 0
32.76 91 DESIRED -0.03 -0.32 0. 0. 700.018 0.006
32.79 91 NAVIGATION 0 0 0 0 286 0. 570986.7
32.83 91 WP_MOVED 2 358071. 4822161. 0.
32.86 91 PPRZ_MODE 0 3 0 0 0 1 0
32.94 91 ESTIMATOR 700. 0. 0. 0. 0.
33.00 91 COMMANDS 83,-651,-3919,-1001,-3447
33.01 91 DOWNLINK_STATUS 32 7684 506 0 270. 18.
33.04 91 NAVIGATION 0 0 0 0 286 0. 570986.7
33.08 91 ATTITUDE 0 0 0
33.08 91 DL_VALUE 34 0.007
33.08 91 FBW_STATUS 0 0 121
33.24 91 NAVIGATION 0 0 0 0 286 0. 570986.7
33.30 91 WP_MOVED 0 358113. 4822203. 702.
33.34 91 GYRO_RATES -106 -16 2 0.925025 -0.139626 0.017453
33.41 91 ESTIMATOR 700. 0. 0. 0. 0.
33.43 91 BAT 55 121 0 0 75 75 0
33.48 91 NAVIGATION 0 0 0 0 286 0. 570986.7
33.49 91 ATTITUDE 0 0 0
33.53 91 CALIBRATION 0.019 0.037 0.5 0
33.57 91 SERVO -3773 -9600 69
33.70 91 DESIRED -0.03 -0.32 0. 0. 700.022 0.006
33.73 91 NAVIGATION 0 0 0 0 286 0. 570986.7
33.76 91 WP_MOVED 1 358824.90625 4822110. 702.
33.88 91 ESTIMATOR 700. 0. 0. 0. 0.
33.94 91 COMMANDS 79,-629,-3903,-940,-3591
33.97 91 NAVIGATION 0 0 0 0 286 0. 570986.7
33.99 91 ATTITUDE 0 0 0
34.00 91 DL_VALUE 35 0.04
34.01 91 DOWNLINK_STATUS 33 7987 527 0 303. 21.
34.02 91 FBW_STATUS 0 0 121
34.18 91 NAVIGATION 0 0 0 0 286 0. 570986.7
34.24 91 WP_MOVED 2 358071. 4822161. 0.
34.28 91 GYRO_RATES -106 -15 3 0.925025 -0.1309 0.02618
34.35 91 ESTIMATOR 700. 0. 0. 0. 0.
34.42 91 NAVIGATION 0 0 0 0 286 0. 570986.7
34.43 91 ATTITUDE 0 0 0
34.64 91 DESIRED -0.03 -0.32 0. 0. 700.02 0.006
34.66 91 NAVIGATION 0 0 0 0 286 0. 570986.7
34.70 91 WP_MOVED 0 358113. 4822203. 702.
34.82 91 ESTIMATOR 700. 0. 0. 0. 0.
34.88 91 COMMANDS 58,-565,-3881,-949,-3584
34.91 91 NAVIGATION 0 0 0 0 286 0. 570986.7
34.93 91 ATTITUDE 0 0 0
34.94 91 DL_VALUE 36 0.037
34.95 91 FBW_STATUS 0 0 121
35.01 91 DOWNLINK_STATUS 34 8225 543 0 238. 16.
35.12 91 NAVIGATION 0 0 0 0 286 0. 570986.7
35.18 91 WP_MOVED 1 358824.90625 4822110. 702.
35.21 91 GYRO_RATES -106 -16 2 0.925025 -0.139626 0.017453
35.28 91 ESTIMATOR 700. 0. 0. 0. 0.
35.31 91 BAT 68 121 0 0 77 77 0
35.36 91 NAVIGATION 0 0 0 0 286 0. 570986.7
35.37 91 ATTITUDE 0 0 0
35.40 91 CALIBRATION 0.021 0.037 0.5 0
35.44 91 SERVO -3585 -9600 67
35.58 91 DESIRED -0.03 -0.32 0. 0. 700.023 0.006
35.60 91 NAVIGATION 0 0 0 0 286 0. 570986.7
35.64 91 WP_MOVED 2 358071. 4822161. 0.
35.75 91 ESTIMATOR 700. 0. 0. 0. 0.
35.82 91 COMMANDS 76,-613,-3903,-962,-3569
35.85 91 NAVIGATION 0 0 0 0 286 0. 570986.7
35.88 91 ATTITUDE 0 0 0
35.88 91 DL_VALUE 37 0.
35.90 91 FBW_STATUS 0 0 121
36.01 91 DOWNLINK_STATUS 35 8495 561 0 270. 18.
36.06 91 NAVIGATION 0 0 0 0 286 0. 570986.7
36.11 91 WP_MOVED 0 358113. 4822203. 702.
36.15 91 GYRO_RATES -106 -15 2 0.925025 -0.1309 0.017453
36.22 91 ESTIMATOR 700. 0. 0. 0. 0.
36.29 91 NAVIGATION 0 0 0 0 286 0. 570986.7
36.31 91 ATTITUDE 0 0 0
36.51 91 DESIRED -0.03 -0.32 0. 0. 700.02 0.006
36.55 91 NAVIGATION 0 0 0 0 286 0. 570986.7
36.59 91 WP_MOVED 1 358824.90625 4822110. 702.
36.69 91 ESTIMATOR 700. 0. 0. 0. 0.
36.75 91 COMMANDS 72,-621,-3919,-954,-3586
36.78 91 NAVIGATION 0 0 0 0 286 0. 570986.7
36.80 91 ATTITUDE 0 0 0
36.81 91 DL_VALUE 38 0.
36.83 91 FBW_STATUS 0 0 121
36.94 91 ACTUATORS 1672,1264,0,1206,1548,1685
37.00 91 NAVIGATION 0 0 0 0 286 0. 570986.7
37.01 91 DOWNLINK_STATUS 36 8761 578 0 266. 17.
37.05 91 WP_MOVED 2 358071. 4822161. 0.
37.09 91 GYRO_RATES -106 -15 2 0.925025 -0.1309 0.017453
37.16 91 ESTIMATOR 700. 0. 0. 0. 0.
37.18 91 BAT 110 121 0 0 79 79 0
37.23 91 NAVIGATION 0 0 0 0 286 0. 570986.7
37.25 91 ATTITUDE 0 0 0
37.27 91 CALIBRATION 0.022 0.037 0.5 0
37.32 91 SERVO -3585 -9600 65
37.45 91 DESIRED -0.03 -0.32 0. 0. 700.035 0.01
37.48 91 NAVIGATION 0 0 0 0 286 0. 570986.7
37.52 91 WP_MOVED 0 358113. 4822203. 702.
37.54 91 PPRZ_MODE 0 3 0 0 0 1 0
37.63 91 ESTIMATOR 700. 0. 0. 0. 0.
37.69 91 COMMANDS 67,-633,-3925,-895,-3596
37.72 91 NAVIGATION 0 0 0 0 286 0. 570986.7
37.74 91 ATTITUDE 0 0 0
37.76 91 DL_VALUE 39 0.045
37.77 91 FBW_STATUS 0 0 121
37.93 91 NAVIGATION 0 0 0 0 286 0. 570986.7
37.98 91 WP_MOVED 1 358824.90625 4822110. 702.
38.01 91 DOWNLINK_STATUS 37 9055 598 0 294. 20.
38.02 91 GYRO_RATES -106 -15 2 0.925025 -0.1309 0.017453
38.10 91 ESTIMATOR 700. 0. 0. 0. 0.
38.17 91 NAVIGATION 0 0 0 0 286 0. 570986.7
38.18 91 ATTITUDE 0 0 0
38.39 91 DESIRED -0.03 -0.32 0. 0. 700.019 0.005
38.42 91 NAVIGATION 0 0 0 0 286 0. 570986.7
38.45 91 WP_MOVED 2 358071. 4822161. 0.
38.56 91 ESTIMATOR 700. 0. 0. 0. 0.
38.62 91 COMMANDS 15,-626,-3984,-899,-3594
38.66 91 NAVIGATION 0 0 0 0 286 0. 570986.7
38.67 91 ATTITUDE 0 0 0
38.69 91 DL_VALUE 40 0.045
38.71 91 FBW_STATUS 0 0 121
38.73 91 NAVIGATION_REF 358071 4822161 31
38.87 91 NAVIGATION 0 0 0 0 286 0. 570986.7
38.92 91 WP_MOVED 0 358113. 4822203. 702.
38.96 91 GYRO_RATES -106 -16 2 0.925025 -0.139626 0.017453
39.01 91 DOWNLINK_STATUS 38 9319 615 0 264. 17.
39.03 91 ESTIMATOR 700. 0. 0. 0. 0.
39.06 91 BAT 68 121 0 0 81 81 0
39.10 91 NAVIGATION 0 0 0 0 286 0. 570986.7
39.12 91 ATTITUDE 0 0 0
39.15 91 CALIBRATION 0.023 0.037 0.5 0
39.19 91 SERVO -3585 -9600 71
39.32 91 DESIRED -0.03 -0.32 0. 0. 700.007 0.007
39.35 91 NAVIGATION 0 0 0 0 286 0. 570986.7
39.39 91 WP_MOVED 1 358824.90625 4822110. 702.
39.50 91 ESTIMATOR 700. 0. 0. 0. 0.
39.56 91 COMMANDS 64,-689,-3946,-942,-3623
39.60 91 NAVIGATION 0 0 0 0 286 0. 570986.7
39.61 91 ATTITUDE 0 0 0
39.63 91 DL_VALUE 0 700.006592
39.64 91 FBW_STATUS 0 0 121
39.81 91 NAVIGATION 0 0 0 0 286 0. 570986.7
39.86 91 WP_MOVED 2 358071. 4822161. 0.
39.90 91 GYRO_RATES -106 -16 3 0.925025 -0.139626 0.02618
39.97 91 ESTIMATOR 700. 0. 0. 0. 0.
40.01 91 DOWNLINK_STATUS 39 9611 634 0 292. 19.
40.05 91 NAVIGATION 0 0 0 0 286 0. 570986.7
40.09 91 ATTITUDE 0 0 0
40.26 91 DESIRED -0.03 -0.32 0. 0. 700.002 0.005
40.29 91 NAVIGATION 0 0 0 0 286 0. 570986.7
40.33 91 WP_MOVED 0 358113. 4822203. 702.
40.44 91 ESTIMATOR 700. 0. 0. 0. 0.
40.50 91 COMMANDS 57,-627,-3925,-937,-3591
40.53 91 NAVIGATION 0 0 0 0 286 0. 570986.7
40.55 91 ATTITUDE 0 0 0
40.59 91 DL_VALUE 1 1.
40.59 91 FBW_STATUS 0 0 121
40.74 91 NAVIGATION 0 0 0 0 286 0. 570986.7
40.80 91 WP_MOVED 1 358824.90625 4822110. 702.
40.84 91 GYRO_RATES -106 -16 2 0.925025 -0.139626 0.017453
40.91 91 ESTIMATOR 700. 0. 0. 0. 0.
40.93 91 BAT 74 121 0 0 83 83 0
40.98 91 NAVIGATION 0 0 0 0 286 0. 570986.7
40.99 91 ATTITUDE 0 0 0
41.01 91 DOWNLINK_STATUS 40 9884 652 0 273. 18.
41.02 91 CALIBRATION 0.019 0.037 0.5 0
41.07 91 SERVO -3585 -9600 76
41.20 91 DESIRED -0.03 -0.32 0. 0. 700.019 0.006
41.23 91 NAVIGATION 0 0 0 0 286 0. 570986.7
41.26 91 WP_MOVED 2 358071. 4822161. 0.
41.38 91 ESTIMATOR 700. 0. 0. 0. 0.
41.43 91 COMMANDS 65,-619,-3919,-945,-3606
41.47 91 NAVIGATION 0 0 0 0 286 0. 570986.7
41.49 91 ATTITUDE 0 0 0
41.50 91 DL_VALUE 2 0.
41.52 91 FBW_STATUS 0 0 121
41.62 91 ACTUATORS 1673,1261,0,1204,1550,1687
41.68 91 NAVIGATION 0 0 0 0 286 0. 570986.7
41.73 91 WP_MOVED 0 358113. 4822203. 702.
41.77 91 GYRO_RATES -106 -16 2 0.925025 -0.139626 0.017453
41.85 91 ESTIMATOR 700. 0. 0. 0. 0.
41.92 91 NAVIGATION 0 0 0 0 286 0. 570986.7
41.93 91 ATTITUDE 0 0 0
42.01 91 DOWNLINK_STATUS 41 10155 670 0 271. 18.
42.14 91 DESIRED -0.03 -0.32 0. 0. 700.015 0.005
42.18 91 NAVIGATION 0 0 0 0 286 0. 570986.7
42.20 91 WP_MOVED 1 358824.90625 4822110. 702.
42.22 91 PPRZ_MODE 0 3 0 0 0 1 0
42.32 91 ESTIMATOR 700. 0. 0. 0. 0.
42.37 91 COMMANDS 84,-616,-3922,-947,-3581
42.41 91 NAVIGATION 0 0 0 0 286 0. 570986.7
42.42 91 ATTITUDE 0 0 0
42.44 91 DL_VALUE 3 0.
42.45 91 FBW_STATUS 0 0 121
42.62 91 NAVIGATION 0 0 0 0 286 0. 570986.7
42.67 91 WP_MOVED 2 358071. 4822161. 0.
42.71 91 GYRO_RATES -106 -16 3 0.925025 -0.139626 0.02618
42.78 91 ESTIMATOR 700. 0. 0. 0. 0.
42.81 91 BAT 67 121 0 0 84 84 0
42.86 91 NAVIGATION 0 0 0 0 286 0. 570986.7
42.87 91 ATTITUDE 0 0 0
42.90 91 CALIBRATION 0.017 0.037 0.5 0
42.94 91 SERVO -3585 -9600 62
43.01 91 DOWNLINK_STATUS 42 10434 689 0 279. 19.
43.08 91 DESIRED -0.03 -0.32 0. 0. 700.021 0.006
43.11 91 NAVIGATION 0 0 0 0 286 0. 570986.7
43.14 91 WP_MOVED 0 358113. 4822203. 702.
43.25 91 ESTIMATOR 700. 0. 0. 0. 0.
43.31 91 COMMANDS 94,-618,-3864,-944,-3598
43.34 91 NAVIGATION 0 0 0 0 286 0. 570986.7
43.36 91 ATTITUDE 0 0 0
43.38 91 DL_VALUE 4 0.
43.39 91 FBW_STATUS 0 0 121
43.56 91 NAVIGATION 0 0 0 0 286 0. 570986.7
43.61 91 WP_MOVED 1 358824.90625 4822110. 702.
43.65 91 GYRO_RATES -106 -16 3 0.925025 -0.139626 0.02618
43.72 91 ESTIMATOR 700. 0. 0. 0. 0.
43.79 91 NAVIGATION 0 0 0 0 286 0. 570986.7
43.81 91 ATTITUDE 0 0 0
44.01 91 DESIRED -0.03 -0.32 0. 0. 700.028 0.007
44.01 91 DOWNLINK_STATUS 43 10693 705 0 259. 16.
44.04 91 NAVIGATION 0 0 0 0 286 0. 570986.7
44.08 91 WP_MOVED 2 358071. 4822161. 0.
44.19 91 ESTIMATOR 700. 0. 0. 0. 0.
44.25 91 COMMANDS 54,-577,-3922,-932,-3571
44.28 91 NAVIGATION 0 0 0 0 286 0. 570986.7
44.30 91 ATTITUDE 0 0 0
44.31 91 DL_VALUE 5 0.
44.33 91 FBW_STATUS 0 0 121
44.49 91 NAVIGATION 0 0 0 0 286 0. 570986.7
44.55 91 WP_MOVED 0 358113. 4822203. 702.
44.58 91 GYRO_RATES -106 -16 3 0.925025 -0.139626 0.02618
44.66 91 ESTIMATOR 700. 0. 0. 0. 0.
44.68 91 BAT 64 121 0 0 86 86 0
44.73 91 NAVIGATION 0 0 0 0 286 0. 570986.7
44.75 91 ATTITUDE 0 0 0
44.77 91 CALIBRATION 0.02 0.037 0.5 0
44.81 91 SERVO -3585 -9600 64
44.95 91 DESIRED -0.03 -0.32 0. 0. 700.019 0.007
44.98 91 NAVIGATION 0 0 0 0 286 0. 570986.7
45.02 91 WP_MOVED 1 358824.90625 4822110. 702.
45.02 91 DOWNLINK_STATUS 44 10996 725 0 303. 20.
45.13 91 ESTIMATOR 700. 0. 0. 0. 0.
45.19 91 COMMANDS 48,-633,-3930,-905,-3626
45.22 91 NAVIGATION 0 0 0 0 286 0. 570986.7
45.23 91 ATTITUDE 0 0 0
45.25 91 DL_VALUE 6 0.
45.27 91 FBW_STATUS 0 0 121
45.43 91 NAVIGATION 0 0 0 0 286 0. 570986.7
45.48 91 WP_MOVED 2 358071. 4822161. 0.
45.52 91 GYRO_RATES -106 -16 3 0.925025 -0.139626 0.02618
45.60 91 ESTIMATOR 700. 0. 0. 0. 0.
45.67 91 NAVIGATION 0 0 0 0 286 0. 570986.7
45.68 91 ATTITUDE 0 0 0
45.89 91 DESIRED -0.03 -0.32 0. 0. 700.02 0.006
45.92 91 NAVIGATION 0 0 0 0 286 0. 570986.7
45.95 91 WP_MOVED 0 358113. 4822203. 702.
46.02 91 DOWNLINK_STATUS 45 11229 740 0 233. 15.
46.06 91 ESTIMATOR 700. 0. 0. 0. 0.
46.12 91 COMMANDS 81,-626,-3914,-957,-3591
46.16 91 NAVIGATION 0 0 0 0 286 0. 570986.7
46.17 91 ATTITUDE 0 0 0
46.19 91 DL_VALUE 7 0.
46.21 91 FBW_STATUS 0 0 121
46.31 91 ACTUATORS 1670,1266,0,1206,1551,1685
46.37 91 NAVIGATION 0 0 0 0 286 0. 570986.7
46.42 91 WP_MOVED 1 358824.90625 4822110. 702.
46.46 91 GYRO_RATES -106 -16 2 0.925025 -0.139626 0.017453
46.53 91 ESTIMATOR 700. 0. 0. 0. 0.
46.56 91 BAT 66 121 0 0 88 88 0
46.60 91 NAVIGATION 0 0 0 0 286 0. 570986.7
46.62 91 ATTITUDE 0 0 0
46.64 91 CALIBRATION 0.021 0.037 0.5 0
46.69 91 SERVO -3585 -9600 65
46.82 91 DESIRED -0.03 -0.32 0. 0. 700.023 0.005
46.85 91 NAVIGATION 0 0 0 0 286 0. 570986.7
46.89 91 WP_MOVED 2 358071. 4822161. 0.
46.91 91 PPRZ_MODE 0 3 0 0 0 1 0
47.00 91 ESTIMATOR 700. 0. 0. 0. 0.
47.02 91 DOWNLINK_STATUS 46 11545 761 0 316. 21.
47.06 91 COMMANDS 68,-752,-3898,-934,-3653
47.10 91 NAVIGATION 0 0 0 0 286 0. 570986.7
47.11 91 ATTITUDE 0 0 0
47.13 91 DL_VALUE 8 0.
47.15 91 FBW_STATUS 0 0 121
47.17 91 NAVIGATION_REF 358071 4822161 31
47.31 91 NAVIGATION 0 0 0 0 286 0. 570986.7
47.36 91 WP_MOVED 0 358113. 4822203. 702.
47.40 91 GYRO_RATES -106 -16 3 0.925025 -0.139626 0.02618
47.47 91 ESTIMATOR 700. 0. 0. 0. 0.
47.54 91 NAVIGATION 0 0 0 0 286 0. 570986.7
47.56 91 ATTITUDE 0 0 0
47.76 91 DESIRED -0.03 -0.32 0. 0. 700.021 0.007
47.79 91 NAVIGATION 0 0 0 0 286 0. 570986.7
47.83 91 WP_MOVED 1 358824.90625 4822110. 702.
47.94 91 ESTIMATOR 700. 0. 0. 0. 0.
48.00 91 COMMANDS 90,-647,-3935,-999,-3593
48.02 91 DOWNLINK_STATUS 47 11802 778 0 257. 17.
48.03 91 NAVIGATION 0 0 0 0 286 0. 570986.7
48.05 91 ATTITUDE 0 0 0
48.07 91 DL_VALUE 9 515.
48.11 91 FBW_STATUS 0 0 121
48.24 91 NAVIGATION 0 0 0 0 286 0. 570986.7
48.29 91 WP_MOVED 2 358071. 4822161. 0.
48.34 91 GYRO_RATES -106 -16 3 0.925025 -0.139626 0.02618
48.40 91 ESTIMATOR 700. 0. 0. 0. 0.
48.43 91 BAT 123 121 0 0 90 90 0
48.48 91 NAVIGATION 0 0 0 0 286 0. 570986.7
48.49 91 ATTITUDE 0 0 0
48.52 91 CALIBRATION 0.021 0.037 0.5 0
48.56 91 SERVO -3585 -9600 77
48.70 91 DESIRED -0.03 -0.32 0. 0. 700.02 0.006
48.73 91 NAVIGATION 0 0 0 0 286 0. 570986.7
48.76 91 WP_MOVED 0 358113. 4822203. 702.
48.88 91 ESTIMATOR 700. 0. 0. 0. 0.
48.93 91 COMMANDS 68,-633,-3922,-944,-3588
48.97 91 NAVIGATION 0 0 0 0 286 0. 570986.7
48.99 91 ATTITUDE 0 0 0
49.00 91 DL_VALUE 10 480.
49.02 91 FBW_STATUS 0 0 121
49.02 91 DOWNLINK_STATUS 48 12110 800 0 308. 22.
49.18 91 NAVIGATION 0 0 0 0 286 0. 570986.7
49.23 91 WP_MOVED 1 358824.90625 4822110. 702.
49.27 91 GYRO_RATES -106 -16 3 0.925025 -0.139626 0.02618
49.34 91 ESTIMATOR 700. 0. 0. 0. 0.
49.41 91 NAVIGATION 0 0 0 0 286 0. 570986.7
49.43 91 ATTITUDE 0 0 0
49.64 91 DESIRED -0.03 -0.32 0. 0. 700.021 0.006
49.66 91 NAVIGATION 0 0 0 0 286 0. 570986.7
49.70 91 WP_MOVED 2 358071. 4822161. 0.
49.82 91 ESTIMATOR 700. 0. 0. 0. 0.
49.87 91 COMMANDS 72,-621,-3921,-1001,-3578
49.91 91 NAVIGATION 0 0 0 0 286 0. 570986.7
49.92 91 ATTITUDE 0 0 0
49.94 91 DL_VALUE 11 470.
49.95 91 FBW_STATUS 0 0 121
50.02 91 DOWNLINK_STATUS 49 12343 815 0 233. 15.
50.12 91 NAVIGATION 0 0 0 0 286 0. 570986.7
50.17 91 WP_MOVED 0 358113. 4822203. 702.
50.21 91 GYRO_RATES -106 -16 3 0.925025 -0.139626 0.02618
50.28 91 ESTIMATOR 700. 0. 0. 0. 0.
50.31 91 BAT 60 121 0 0 92 92 0
50.35 91 NAVIGATION 0 0 0 0 286 0. 570986.7
50.37 91 ATTITUDE 0 0 0
50.39 91 CALIBRATION 0.021 0.037 0.5 0
50.44 91 SERVO -3585 -9600 56
50.58 91 DESIRED -0.03 -0.32 0. 0. 700.023 0.006
50.60 91 NAVIGATION 0 0 0 0 286 0. 570986.7
50.64 91 WP_MOVED 1 358824.90625 4822110. 702.
50.75 91 ESTIMATOR 700. 0. 0. 0. 0.
50.81 91 COMMANDS 73,-588,-3875,-950,-3589
50.84 91 NAVIGATION 0 0 0 0 286 0. 570986.7
50.86 91 ATTITUDE 0 0 0
50.88 91 DL_VALUE 12 1.35
50.89 91 FBW_STATUS 0 0 121
51.00 91 ACTUATORS 1671,1264,0,1205,1554,1688
51.02 91 DOWNLINK_STATUS 50 12628 834 0 285. 19.
51.06 91 NAVIGATION 0 0 0 0 286 0. 570986.7
51.11 91 WP_MOVED 2 358071. 4822161. 0.
51.15 91 GYRO_RATES -106 -16 2 0.925025 -0.139626 0.017453
51.22 91 ESTIMATOR 700. 0. 0. 0. 0.
51.29 91 NAVIGATION 0 0 0 0 286 0. 570986.7
51.31 91 ATTITUDE 0 0 0
51.51 91 DESIRED -0.03 -0.32 0. 0. 700.023 0.008
51.54 91 NAVIGATION 0 0 0 0 286 0. 570986.7
51.57 91 WP_MOVED 0 358113. 4822203. 702.
51.61 91 PPRZ_MODE 0 3 0 0 0 1 0
51.69 91 ESTIMATOR 700. 0. 0. 0. 0.
51.75 91 COMMANDS 61,-605,-3919,-942,-3583
51.78 91 NAVIGATION 0 0 0 0 286 0. 570986.7
51.80 91 ATTITUDE 0 0 0
51.81 91 DL_VALUE 13 0.
51.83 91 FBW_STATUS 0 0 121
51.99 91 NAVIGATION 0 0 0 0 286 0. 570986.7
52.02 91 DOWNLINK_STATUS 51 12888 851 0 260. 17.
52.04 91 WP_MOVED 1 358824.90625 4822110. 702.
52.08 91 GYRO_RATES -106 -16 3 0.925025 -0.139626 0.02618
52.16 91 ESTIMATOR 700. 0. 0. 0. 0.
52.18 91 BAT 68 121 0 0 94 94 0
52.23 91 NAVIGATION 0 0 0 0 286 0. 570986.7
52.24 91 ATTITUDE 0 0 0
52.27 91 CALIBRATION 0.022 0.037 0.5 0
52.31 91 SERVO -3585 -9600 65
52.45 91 DESIRED -0.03 -0.32 0. 0. 700.021 0.007
52.47 91 NAVIGATION 0 0 0 0 286 0. 570986.7
52.51 91 WP_MOVED 2 358071. 4822161. 0.
52.63 91 ESTIMATOR 700. 0. 0. 0. 0.
52.68 91 COMMANDS 34,-652,-3939,-860,-3688
52.72 91 NAVIGATION 0 0 0 0 286 0. 570986.7
52.73 91 ATTITUDE 0 0 0
52.75 91 DL_VALUE 14 0.
52.77 91 FBW_STATUS 0 0 121
52.93 91 NAVIGATION 0 0 0 0 286 0. 570986.7
52.98 91 WP_MOVED 0 358113. 4822203. 702.
53.02 91 DOWNLINK_STATUS 52 13173 870 0 285. 19.
53.02 91 GYRO_RATES -106 -16 3 0.925025 -0.139626 0.02618
53.09 91 ESTIMATOR 700. 0. 0. 0. 0.
53.16 91 NAVIGATION 0 0 0 0 286 0. 570986.7
53.18 91 ATTITUDE 0 0 0
53.39 91 DESIRED -0.03 -0.32 0. 0. 700.022 0.005
53.41 91 NAVIGATION 0 0 0 0 286 0. 570986.7
53.45 91 WP_MOVED 1 358824.90625 4822110. 702.
53.56 91 ESTIMATOR 700. 0. 0. 0. 0.
53.62 91 COMMANDS 67,-696,-3995,-949,-3613
53.65 91 NAVIGATION 0 0 0 0 286 0. 570986.7
53.67 91 ATTITUDE 0 0 0
53.69 91 DL_VALUE 15 0.75
53.70 91 FBW_STATUS 0 0 121
53.87 91 NAVIGATION 0 0 0 0 286 0. 570986.7
53.92 91 WP_MOVED 2 358071. 4822161. 0.
53.96 91 GYRO_RATES -106 -16 2 0.925025 -0.139626 0.017453
54.02 91 DOWNLINK_STATUS 53 13426 886 0 253. 16.
54.03 91 ESTIMATOR 700. 0. 0. 0. 0.
54.06 91 BAT 75 121 0 0 96 96 0
54.10 91 NAVIGATION 0 0 0 0 286 0. 570986.7
54.12 91 ATTITUDE 0 0 0
54.14 91 CALIBRATION 0.021 0.037 0.5 0
54.19 91 SERVO -3585 -9600 64
54.32 91 DESIRED -0.03 -0.32 0. 0. 700.005 0.002
54.35 91 NAVIGATION 0 0 0 0 286 0. 570986.7
54.39 91 WP_MOVED 0 358113. 4822203. 702.
54.50 91 ESTIMATOR 700. 0. 0. 0. 0.
54.56 91 COMMANDS 63,-688,-3946,-939,-3620
54.60 91 NAVIGATION 0 0 0 0 286 0. 570986.7
54.61 91 ATTITUDE 0 0 0
54.63 91 DL_VALUE 16 33600.
54.64 91 FBW_STATUS 0 0 121
54.80 91 NAVIGATION 0 0 0 0 286 0. 570986.7
54.85 91 WP_MOVED 1 358824.90625 4822110. 702.
54.90 91 GYRO_RATES -107 -16 2 0.933751 -0.139626 0.017453
54.97 91 ESTIMATOR 700. 0. 0. 0. 0.
55.02 91 DOWNLINK_STATUS 54 13718 905 0 292. 19.
55.04 91 NAVIGATION 0 0 0 0 286 0. 570986.7
55.06 91 ATTITUDE 0 0 0
55.26 91 DESIRED -0.03 -0.32 0. 0. 700.021 0.006
55.29 91 NAVIGATION 0 0 0 0 286 0. 570986.7
55.32 91 WP_MOVED 2 358071. 4822161. 0.
55.44 91 ESTIMATOR 700. 0. 0. 0. 0.
55.49 91 COMMANDS 99,-627,-3924,-997,-3600
55.53 91 NAVIGATION 0 0 0 0 286 0. 570986.7
55.55 91 ATTITUDE 0 0 0
55.56 91 DL_VALUE 17 33600.
55.60 91 FBW_STATUS 0 0 121
55.60 91 NAVIGATION_REF 358071 4822161 31
55.68 91 ACTUATORS 1671,1262,0,1205,1549,1687
55.74 91 NAVIGATION 0 0 0 0 286 0. 570986.7
55.79 91 WP_MOVED 0 358113. 4822203. 702.
55.83 91 GYRO_RATES -106 -16 2 0.925025 -0.139626 0.017453
55.90 91 ESTIMATOR 700. 0. 0. 0. 0.
55.93 91 BAT 30 121 0 0 98 98 0
55.97 91 NAVIGATION 0 0 0 0 286 0. 570986.7
55.99 91 ATTITUDE 0 0 0
56.02 91 CALIBRATION 0.018 0.037 0.5 0
56.02 91 DOWNLINK_STATUS 55 14032 926 0 314. 21.
56.06 91 SERVO -3585 -9600 44
56.20 91 DESIRED -0.03 -0.32 0. 0. 700.018 0.006
56.22 91 NAVIGATION 0 0 0 0 286 0. 570986.7
56.26 91 WP_MOVED 1 358824.90625 4822110. 702.
56.29 91 PPRZ_MODE 0 3 0 0 0 1 0
56.38 91 ESTIMATOR 700. 0. 0. 0. 0.
56.43 91 COMMANDS 62,-604,-3908,-945,-3544
56.47 91 NAVIGATION 0 0 0 0 286 0. 570986.7
56.49 91 ATTITUDE 0 0 0
56.50 91 DL_VALUE 18 0.75
56.51 91 FBW_STATUS 0 0 121
56.68 91 NAVIGATION 0 0 0 0 286 0. 570986.7
56.73 91 WP_MOVED 2 358071. 4822161. 0.
56.78 91 GYRO_RATES -106 -16 3 0.925025 -0.139626 0.02618
56.84 91 ESTIMATOR 700. 0. 0. 0. 0.
56.91 91 NAVIGATION 0 0 0 0 286 0. 570986.7
56.93 91 ATTITUDE 0 0 0
57.02 91 DOWNLINK_STATUS 56 14282 943 0 250. 17.
57.14 91 DESIRED -0.03 -0.32 0. 0. 700.031 0.01
57.17 91 NAVIGATION 0 0 0 0 286 0. 570986.7
57.20 91 WP_MOVED 0 358113. 4822203. 702.
57.31 91 ESTIMATOR 700. 0. 0. 0. 0.
57.37 91 COMMANDS 65,-526,-3922,-932,-3496
57.41 91 NAVIGATION 0 0 0 0 286 0. 570986.7
57.42 91 ATTITUDE 0 0 0
57.44 91 DL_VALUE 19 21500.
57.45 91 FBW_STATUS 0 0 121
57.62 91 NAVIGATION 0 0 0 0 286 0. 570986.7
57.67 91 WP_MOVED 1 358824.90625 4822110. 702.
57.72 91 GYRO_RATES -106 -16 2 0.925025 -0.139626 0.017453
57.78 91 ESTIMATOR 700. 0. 0. 0. 0.
57.81 91 BAT 62 121 0 0 100 100 0
57.85 91 NAVIGATION 0 0 0 0 286 0. 570986.7
57.87 91 ATTITUDE 0 0 0
57.90 91 CALIBRATION 0.019 0.037 0.5 0
57.93 91 SERVO -3585 -9600 65
58.02 91 DOWNLINK_STATUS 57 14552 961 0 270. 18.
58.07 91 DESIRED -0.03 -0.32 0. 0. 700.02 0.006
58.11 91 NAVIGATION 0 0 0 0 286 0. 570986.7
58.14 91 WP_MOVED 2 358071. 4822161. 0.
58.25 91 ESTIMATOR 700. 0. 0. 0. 0.
58.31 91 COMMANDS 61,-635,-3928,-929,-3620
58.34 91 NAVIGATION 0 0 0 0 286 0. 570986.7
58.36 91 ATTITUDE 0 0 0
58.38 91 DL_VALUE 20 21500.
58.39 91 FBW_STATUS 0 0 121
58.56 91 NAVIGATION 0 0 0 0 286 0. 570986.7
58.61 91 WP_MOVED 0 358113. 4822203. 702.
58.65 91 GYRO_RATES -107 -16 2 0.933751 -0.139626 0.017453
58.72 91 ESTIMATOR 700. 0. 0. 0. 0.
58.79 91 NAVIGATION 0 0 0 0 286 0. 570986.7
58.81 91 ATTITUDE 0 0 0
59.01 91 DESIRED -0.03 -0.32 0. 0. 700.025 0.006
59.02 91 DOWNLINK_STATUS 58 14811 977 0 259. 16.
59.04 91 NAVIGATION 0 0 0 0 286 0. 570986.7
59.08 91 WP_MOVED 1 358824.90625 4822110. 702.
59.19 91 ESTIMATOR 700. 0. 0. 0. 0.
59.25 91 COMMANDS 68,-618,-3927,-937,-3675
59.28 91 NAVIGATION 0 0 0 0 286 0. 570986.7
59.30 91 ATTITUDE 0 0 0
59.31 91 DL_VALUE 21 0.75
59.34 91 FBW_STATUS 0 0 121
59.49 91 NAVIGATION 0 0 0 0 286 0. 570986.7
59.54 91 WP_MOVED 2 358071. 4822161. 0.
59.58 91 GYRO_RATES -106 -16 3 0.925025 -0.139626 0.02618
59.65 91 ESTIMATOR 700. 0. 0. 0. 0.
59.69 91 BAT 65 121 0 0 102 102 0
59.73 91 NAVIGATION 0 0 0 0 286 0. 570986.7
59.75 91 ATTITUDE 0 0 0
59.77 91 CALIBRATION 0.022 0.037 0.5 0
59.81 91 SERVO -3585 -9600 81
59.95 91 DESIRED -0.03 -0.32 0. 0. 700.022 0.005
59.98 91 NAVIGATION 0 0 0 0 286 0. 570986.7
60.01 91 WP_MOVED 0 358113. 4822203. 702.
60.02 91 DOWNLINK_STATUS 59 15114 997 0 303. 20.
60.13 91 ESTIMATOR 700. 0. 0. 0. 0.
60.18 91 COMMANDS 65,-731,-3910,-935,-3668
60.22 91 NAVIGATION 0 0 0 0 286 0. 570986.7
60.23 91 ATTITUDE 0 0 0
60.25 91 DL_VALUE 22 20400.
60.27 91 FBW_STATUS 0 0 121
60.37 91 ACTUATORS 1671,1264,0,1206,1549,1686
60.43 91 NAVIGATION 0 0 0 0 286 0. 570986.7
60.48 91 WP_MOVED 1 358824.90625 4822110. 702.
60.53 91 GYRO_RATES -106 -16 3 0.925025 -0.139626 0.02618
60.59 91 ESTIMATOR 700. 0. 0. 0. 0.
60.66 91 NAVIGATION 0 0 0 0 286 0. 570986.7
60.68 91 ATTITUDE 0 0 0
60.89 91 DESIRED -0.03 -0.32 0. 0. 700.022 0.006
60.91 91 NAVIGATION 0 0 0 0 286 0. 570986.7
60.95 91 WP_MOVED 2 358071. 4822161. 0.
60.97 91 PPRZ_MODE 0 3 0 0 0 1 0
61.02 91 DOWNLINK_STATUS 60 15371 1014 0 257. 17.
61.06 91 ESTIMATOR 700. 0. 0. 0. 0.
61.12 91 COMMANDS 124,-641,-3930,-1071,-3594
61.16 91 NAVIGATION 0 0 0 0 286 0. 570986.7
61.17 91 ATTITUDE 0 0 0
61.19 91 DL_VALUE 23 20400.
61.20 91 FBW_STATUS 0 0 121
61.37 91 NAVIGATION 0 0 0 0 286 0. 570986.7
61.42 91 WP_MOVED 0 358113. 4822203. 702.
61.46 91 GYRO_RATES -106 -16 2 0.925025 -0.139626 0.017453
61.53 91 ESTIMATOR 700. 0. 0. 0. 0.
61.55 91 BAT 83 121 0 0 104 104 0
61.61 91 NAVIGATION 0 0 0 0 286 0. 570986.7
61.65 91 ATTITUDE 0 0 0
61.65 91 CALIBRATION 0.022 0.037 0.5 0
61.69 91 SERVO -3585 -9600 55
61.82 91 DESIRED -0.03 -0.32 0. 0. 700.018 0.006
61.85 91 NAVIGATION 0 0 0 0 286 0. 570986.7
61.89 91 WP_MOVED 1 358824.90625 4822110. 702.
62.00 91 ESTIMATOR 700. 0. 0. 0. 0.
62.02 91 DOWNLINK_STATUS 61 15663 1033 0 292. 19.
62.06 91 COMMANDS 88,-660,-3919,-986,-3442
62.09 91 NAVIGATION 0 0 0 0 286 0. 570986.7
62.13 91 ATTITUDE 0 0 0
62.13 91 DL_VALUE 24 0.3
62.14 91 FBW_STATUS 0 0 121
62.30 91 NAVIGATION 0 0 0 0 286 0. 570986.7
62.35 91 WP_MOVED 2 358071. 4822161. 0.
62.39 91 GYRO_RATES -106 -16 2 0.925025 -0.139626 0.017453
62.47 91 ESTIMATOR 700. 0. 0. 0. 0.
64.31 91 DOWNLINK_STATUS 63 15789 1042 0 126. 9.
64.31 91 NAVIGATION 0 0 0 0 286 0. 570986.7
64.31 91 ATTITUDE 0 0 0
64.31 91 DESIRED -0.03 -0.32 0. 0. 700.029 0.005
64.34 91 NAVIGATION 0 0 0 0 286 0. 570986.7
64.34 91 WP_MOVED 0 358113. 4822203. 702.
64.34 91 ESTIMATOR 700. 0. 0. 0. 0.
64.34 91 COMMANDS 73,-619,-3919,-996,-3579
64.34 91 NAVIGATION 0 0 0 0 286 0. 570986.7
64.34 91 ATTITUDE 0 0 0
64.34 91 DL_VALUE 25 0.3
64.34 91 FBW_STATUS 0 0 121
64.34 91 NAVIGATION 0 0 0 0 286 0. 570986.7
64.34 91 WP_MOVED 1 358824.90625 4822110. 702.
64.34 91 GYRO_RATES -107 -16 2 0.933751 -0.139626 0.017453
64.34 91 ESTIMATOR 700. 0. 0. 0. 0.
64.34 91 BAT 58 121 0 0 106 106 0
64.34 91 NAVIGATION 0 0 0 0 286 0. 570986.7
64.34 91 ATTITUDE 0 0 0
64.35 91 CALIBRATION 0.022 0.037 0.5 0
64.35 91 SERVO -3585 -9600 31
64.35 91 DESIRED -0.03 -0.32 0. 0. 700.025 0.007
64.35 91 NAVIGATION 0 0 0 0 286 0. 570986.7
64.35 91 WP_MOVED 2 358071. 4822161. 0.
64.35 91 ESTIMATOR 700. 0. 0. 0. 0.
64.35 91 COMMANDS 71,-610,-3897,-945,-3591
64.35 91 NAVIGATION 0 0 0 0 286 0. 570986.7
64.35 91 ATTITUDE 0 0 0
64.35 91 DL_VALUE 26 0.363032
64.35 91 FBW_STATUS 0 0 121
64.35 91 NAVIGATION_REF 358071 4822161 31
64.35 91 NAVIGATION 0 0 0 0 286 0. 570986.7
64.35 91 WP_MOVED 0 358113. 4822203. 702.
64.35 91 GYRO_RATES -106 -16 3 0.925025 -0.139626 0.02618
64.36 91 ESTIMATOR 700. 0. 0. 0. 0.
64.41 91 NAVIGATION 0 0 0 0 286 0. 570986.7
64.43 91 ATTITUDE 0 0 0
64.63 91 DESIRED -0.03 -0.32 0. 0. 700.027 0.007
64.66 91 NAVIGATION 0 0 0 0 286 0. 570986.7
64.70 91 WP_MOVED 1 358824.90625 4822110. 702.
64.81 91 ESTIMATOR 700. 0. 0. 0. 0.
64.87 91 COMMANDS 69,-632,-3916,-914,-3608
64.91 91 NAVIGATION 0 0 0 0 286 0. 570986.7
64.92 91 ATTITUDE 0 0 0
64.94 91 DL_VALUE 27 0.007
64.95 91 FBW_STATUS 0 0 121
65.06 91 ACTUATORS 1669,1266,0,1207,1549,1687
65.11 91 NAVIGATION 0 0 0 0 286 0. 570986.7
65.17 91 WP_MOVED 2 358071. 4822161. 0.
65.21 91 GYRO_RATES -106 -16 2 0.925025 -0.139626 0.017453
65.28 91 ESTIMATOR 700. 0. 0. 0. 0.
65.30 91 DOWNLINK_STATUS 64 16551 1092 0 762. 50.
65.34 91 BAT 67 121 0 0 108 108 0
65.35 91 NAVIGATION 0 0 0 0 286 0. 570986.7
65.37 91 ATTITUDE 0 0 0
65.39 91 CALIBRATION 0.023 0.037 0.5 0
65.43 91 SERVO -3585 -9600 69
65.57 91 DESIRED -0.03 -0.32 0. 0. 700.021 0.006
65.60 91 NAVIGATION 0 0 0 0 286 0. 570986.7
65.63 91 WP_MOVED 0 358113. 4822203. 702.
65.66 91 PPRZ_MODE 0 3 0 0 0 1 0
65.75 91 ESTIMATOR 700. 0. 0. 0. 0.
65.81 91 COMMANDS 34,-641,-3935,-872,-3681
65.84 91 NAVIGATION 0 0 0 0 286 0. 570986.7
65.86 91 ATTITUDE 0 0 0
65.87 91 DL_VALUE 28 0.04
65.89 91 FBW_STATUS 0 0 121
66.05 91 NAVIGATION 0 0 0 0 286 0. 570986.7
66.11 91 WP_MOVED 1 358824.90625 4822110. 702.
66.14 91 GYRO_RATES -107 -16 2 0.933751 -0.139626 0.017453
66.22 91 ESTIMATOR 700. 0. 0. 0. 0.
66.29 91 NAVIGATION 0 0 0 0 286 0. 570986.7
66.30 91 DOWNLINK_STATUS 65 16848 1112 0 297. 20.
66.34 91 ATTITUDE 0 0 0
66.51 91 DESIRED -0.03 -0.32 0. 0. 700.022 0.006
66.53 91 NAVIGATION 0 0 0 0 286 0. 570986.7
66.57 91 WP_MOVED 2 358071. 4822161. 0.
66.69 91 ESTIMATOR 700. 0. 0. 0. 0.
66.75 91 COMMANDS 68,-688,-3984,-949,-3638
66.78 91 NAVIGATION 0 0 0 0 286 0. 570986.7
66.80 91 ATTITUDE 0 0 0
66.85 91 DL_VALUE 29 0.037
66.85 91 FBW_STATUS 0 0 121
66.99 91 NAVIGATION 0 0 0 0 286 0. 570986.7
67.04 91 WP_MOVED 0 358113. 4822203. 702.
67.08 91 GYRO_RATES -107 -16 2 0.933751 -0.139626 0.017453
67.15 91 ESTIMATOR 700. 0. 0. 0. 0.
67.18 91 BAT 64 121 0 0 110 110 0
67.23 91 NAVIGATION 0 0 0 0 286 0. 570986.7
67.24 91 ATTITUDE 0 0 0
67.27 91 CALIBRATION 0.021 0.037 0.5 0
67.30 91 DOWNLINK_STATUS 66 17118 1130 0 270. 18.
67.34 91 SERVO -3585 -9600 65
67.45 91 DESIRED -0.03 -0.32 0. 0. 700.005 0.004
67.47 91 NAVIGATION 0 0 0 0 286 0. 570986.7
67.51 91 WP_MOVED 1 358824.90625 4822110. 702.
67.62 91 ESTIMATOR 700. 0. 0. 0. 0.
67.68 91 COMMANDS 68,-626,-3917,-974,-3593
67.72 91 NAVIGATION 0 0 0 0 286 0. 570986.7
67.73 91 ATTITUDE 0 0 0
67.75 91 DL_VALUE 30 0.
67.77 91 FBW_STATUS 0 0 121
67.93 91 NAVIGATION 0 0 0 0 286 0. 570986.7
67.98 91 WP_MOVED 2 358071. 4822161. 0.
68.02 91 GYRO_RATES -106 -16 3 0.925025 -0.139626 0.02618
68.09 91 ESTIMATOR 700. 0. 0. 0. 0.
68.16 91 NAVIGATION 0 0 0 0 286 0. 570986.7
68.18 91 ATTITUDE 0 0 0
68.30 91 DOWNLINK_STATUS 67 17359 1146 0 241. 16.
68.38 91 DESIRED -0.03 -0.32 0. 0. 700.021 0.006
68.41 91 NAVIGATION 0 0 0 0 286 0. 570986.7
68.45 91 WP_MOVED 0 358113. 4822203. 702.
68.56 91 ESTIMATOR 700. 0. 0. 0. 0.
68.62 91 COMMANDS 91,-624,-3921,-991,-3591
68.65 91 NAVIGATION 0 0 0 0 286 0. 570986.7
68.67 91 ATTITUDE 0 0 0
68.69 91 DL_VALUE 31 0.
68.70 91 FBW_STATUS 0 0 121
68.87 91 NAVIGATION 0 0 0 0 286 0. 570986.7
68.92 91 WP_MOVED 1 358824.90625 4822110. 702.
68.96 91 GYRO_RATES -106 -16 2 0.925025 -0.139626 0.017453
69.03 91 ESTIMATOR 700. 0. 0. 0. 0.
69.05 91 BAT 30 121 0 0 112 112 0
69.10 91 NAVIGATION 0 0 0 0 286 0. 570986.7
69.12 91 ATTITUDE 0 0 0
69.14 91 CALIBRATION 0.019 0.037 0.5 0
69.19 91 SERVO -3585 -9600 38
69.30 91 DOWNLINK_STATUS 68 17629 1164 0 270. 18.
69.33 91 DESIRED -0.03 -0.32 0. 0. 700.021 0.006
69.35 91 NAVIGATION 0 0 0 0 286 0. 570986.7
69.39 91 WP_MOVED 2 358071. 4822161. 0.
69.50 91 ESTIMATOR 700. 0. 0. 0. 0.
69.56 91 COMMANDS 65,-624,-3922,-947,-3568
69.59 91 NAVIGATION 0 0 0 0 286 0. 570986.7
69.61 91 ATTITUDE 0 0 0
69.63 91 DL_VALUE 32 0.045
69.64 91 FBW_STATUS 0 0 121
69.75 91 ACTUATORS 1671,1263,0,1206,1550,1687
69.80 91 NAVIGATION 0 0 0 0 286 0. 570986.7
69.85 91 WP_MOVED 0 358113. 4822203. 702.
69.89 91 GYRO_RATES -107 -16 2 0.933751 -0.139626 0.017453
69.97 91 ESTIMATOR 700. 0. 0. 0. 0.
70.04 91 NAVIGATION 0 0 0 0 286 0. 570986.7
70.05 91 ATTITUDE 0 0 0
70.26 91 DESIRED -0.03 -0.32 0. 0. 700.022 0.007
70.29 91 NAVIGATION 0 0 0 0 286 0. 570986.7
70.30 91 DOWNLINK_STATUS 69 17921 1182 0 292. 18.
70.34 91 WP_MOVED 1 358824.90625 4822110. 702.
70.35 91 PPRZ_MODE 0 3 0 0 0 1 0
70.43 91 ESTIMATOR 700. 0. 0. 0. 0.
70.50 91 COMMANDS 79,-612,-3895,-838,-3578
70.53 91 NAVIGATION 0 0 0 0 286 0. 570986.7
70.55 91 ATTITUDE 0 0 0
70.56 91 DL_VALUE 33 0.045
70.58 91 FBW_STATUS 0 0 120
70.74 91 NAVIGATION 0 0 0 0 286 0. 570986.7
70.79 91 WP_MOVED 2 358071. 4822161. 0.
70.84 91 GYRO_RATES -106 -16 3 0.925025 -0.139626 0.02618
70.90 91 ESTIMATOR 700. 0. 0. 0. 0.
70.93 91 BAT 62 121 0 0 114 114 0
70.97 91 NAVIGATION 0 0 0 0 286 0. 570986.7
70.99 91 ATTITUDE 0 0 0
71.02 91 CALIBRATION 0.019 0.037 0.5 0
71.06 91 SERVO -3585 -9600 58
71.19 91 DESIRED -0.03 -0.32 0. 0. 700.02 0.006
71.22 91 NAVIGATION 0 0 0 0 286 0. 570986.7
71.26 91 WP_MOVED 0 358113. 4822203. 702.
71.30 91 DOWNLINK_STATUS 70 18215 1202 0 294. 20.
71.37 91 ESTIMATOR 700. 0. 0. 0. 0.
71.43 91 COMMANDS 44,-633,-3939,-905,-3613
71.47 91 NAVIGATION 0 0 0 0 286 0. 570986.7
71.48 91 ATTITUDE 0 0 0
71.50 91 DL_VALUE 34 0.007
71.51 91 FBW_STATUS 0 0 121
71.68 91 NAVIGATION 0 0 0 0 286 0. 570986.7
71.73 91 WP_MOVED 1 358824.90625 4822110. 702.
71.77 91 GYRO_RATES -107 -16 2 0.933751 -0.139626 0.017453
71.84 91 ESTIMATOR 700. 0. 0. 0. 0.
71.91 91 NAVIGATION 0 0 0 0 286 0. 570986.7
71.93 91 ATTITUDE 0 0 0
72.13 91 DESIRED -0.03 -0.32 0. 0. 700.034 0.009
72.16 91 NAVIGATION 0 0 0 0 286 0. 570986.7
72.20 91 WP_MOVED 2 358071. 4822161. 0.
72.30 91 DOWNLINK_STATUS 71 18448 1217 0 233. 15.
72.31 91 ESTIMATOR 700. 0. 0. 0. 0.
72.37 91 COMMANDS 68,-654,-3947,-942,-3676
72.41 91 NAVIGATION 0 0 0 0 286 0. 570986.7
72.42 91 ATTITUDE 0 0 0
72.44 91 DL_VALUE 35 0.04
72.45 91 FBW_STATUS 0 0 121
72.47 91 NAVIGATION_REF 358071 4822161 31
72.61 91 NAVIGATION 0 0 0 0 286 0. 570986.7
72.67 91 WP_MOVED 0 358113. 4822203. 702.
72.71 91 GYRO_RATES -106 -16 3 0.925025 -0.139626 0.02618
72.78 91 ESTIMATOR 700. 0. 0. 0. 0.
72.81 91 BAT 69 120 0 0 116 116 0
72.85 91 NAVIGATION 0 0 0 0 286 0. 570986.7
72.87 91 ATTITUDE 0 0 0
72.89 91 CALIBRATION 0.022 0.037 0.5 0
72.94 91 SERVO -3585 -9600 73
73.07 91 DESIRED -0.03 -0.32 0. 0. 700.023 0.005
73.11 91 NAVIGATION 0 0 0 0 286 0. 570986.7
73.13 91 WP_MOVED 1 358824.90625 4822110. 702.
73.25 91 ESTIMATOR 700. 0. 0. 0. 0.
73.31 91 COMMANDS 50,-624,-3957,-955,-3593
73.35 91 DOWNLINK_STATUS 72 18764 1238 0 316. 21.
73.35 91 NAVIGATION 0 0 0 0 286 0. 570986.7
73.37 91 ATTITUDE 0 0 0
73.38 91 DL_VALUE 36 0.037
73.40 91 FBW_STATUS 0 0 120
73.55 91 NAVIGATION 0 0 0 0 286 0. 570986.7
73.60 91 WP_MOVED 2 358071. 4822161. 0.
73.64 91 GYRO_RATES -107 -16 3 0.933751 -0.139626 0.02618
73.72 91 ESTIMATOR 700. 0. 0. 0. 0.
73.79 91 NAVIGATION 0 0 0 0 286 0. 570986.7
73.81 91 ATTITUDE 0 0 0
74.02 91 DESIRED -0.03 -0.32 0. 0. 700.021 0.006
74.04 91 NAVIGATION 0 0 0 0 286 0. 570986.7
74.08 91 WP_MOVED 0 358113. 4822203. 702.
74.19 91 ESTIMATOR 700. 0. 0. 0. 0.
74.25 91 COMMANDS 131,-636,-3925,-1074,-3591
74.29 91 NAVIGATION 0 0 0 0 286 0. 570986.7
74.31 91 ATTITUDE 0 0 0
74.33 91 DL_VALUE 37 0.
74.37 91 DOWNLINK_STATUS 73 19030 1256 0 266. 18.
74.37 91 FBW_STATUS 0 0 121
74.43 91 ACTUATORS 1668,1262,0,1205,1548,1687
74.49 91 NAVIGATION 0 0 0 0 286 0. 570986.7
74.55 91 WP_MOVED 1 358824.90625 4822110. 702.
74.58 91 GYRO_RATES -107 -16 3 0.933751 -0.139626 0.02618
74.65 91 ESTIMATOR 700. 0. 0. 0. 0.
74.69 91 BAT 69 121 0 0 118 118 0
74.73 91 NAVIGATION 0 0 0 0 286 0. 570986.7
74.74 91 ATTITUDE 0 0 0
74.78 91 CALIBRATION 0.022 0.037 0.5 0
74.82 91 SERVO -3398 -9600 48
74.95 91 DESIRED -0.03 -0.32 0. 0. 700.016 0.006
74.98 91 NAVIGATION 0 0 0 0 286 0. 570986.7
75.02 91 WP_MOVED 2 358071. 4822161. 0.
75.05 91 PPRZ_MODE 0 3 0 0 0 17 0
75.12 91 ESTIMATOR 700. 0. 0. 0. 0.
75.18 91 COMMANDS 81,-582,-3854,-969,-3569
75.21 91 NAVIGATION 0 0 0 0 286 0. 570986.7
75.23 91 ATTITUDE 0 0 0
75.25 91 DL_VALUE 38 0.
75.26 91 FBW_STATUS 0 0 121
75.33 91 DOWNLINK_STATUS 74 19329 1277 0 299. 21.
75.43 91 NAVIGATION 0 0 0 0 286 0. 570986.7
75.48 91 WP_MOVED 0 358113. 4822203. 702.
75.52 91 GYRO_RATES -107 -16 3 0.933751 -0.139626 0.02618
75.60 91 ESTIMATOR 700. 0. 0. 0. 0.
75.67 91 NAVIGATION 0 0 0 0 286 0. 570986.7
75.68 91 ATTITUDE 0 0 0
75.89 91 DESIRED -0.03 -0.32 0. 0. 700.021 0.007
75.91 91 NAVIGATION 0 0 0 0 286 0. 570986.7
75.95 91 WP_MOVED 1 358824.90625 4822110. 702.
76.06 91 ESTIMATOR 700. 0. 0. 0. 0.
76.12 91 COMMANDS 86,-622,-3881,-982,-3573
76.15 91 NAVIGATION 0 0 0 0 286 0. 570986.7
76.17 91 ATTITUDE 0 0 0
76.19 91 DL_VALUE 39 0.045
76.21 91 FBW_STATUS 0 0 121
76.33 91 DOWNLINK_STATUS 75 19562 1292 0 233. 15.
76.37 91 NAVIGATION 0 0 0 0 286 0. 570986.7
76.41 91 WP_MOVED 2 358071. 4822161. 0.
76.45 91 GYRO_RATES -107 -16 2 0.933751 -0.139626 0.017453
76.53 91 ESTIMATOR 700. 0. 0. 0. 0.
76.55 91 BAT 67 121 0 0 120 120 0
76.61 91 NAVIGATION 0 0 0 0 286 0. 570986.7
76.62 91 ATTITUDE 0 0 0
76.64 91 CALIBRATION 0.022 0.037 0.5 0
76.70 91 SERVO -3585 -9600 63
76.82 91 DESIRED -0.03 -0.32 0. 0. 700.026 0.007
76.87 91 NAVIGATION 0 0 0 0 286 0. 570986.7
76.90 91 WP_MOVED 0 358113. 4822203. 702.
77.00 91 ESTIMATOR 700. 0. 0. 0. 0.
77.06 91 COMMANDS 47,-619,-3949,-939,-3601
77.11 91 NAVIGATION 0 0 0 0 286 0. 570986.7
77.12 91 ATTITUDE 0 0 0
77.13 91 DL_VALUE 40 0.045
77.15 91 FBW_STATUS 0 0 121
77.30 91 NAVIGATION 0 0 0 0 286 0. 570986.7
77.33 91 DOWNLINK_STATUS 76 19850 1311 0 288. 19.
77.38 91 WP_MOVED 1 358824.90625 4822110. 702.
77.41 91 GYRO_RATES -106 -16 3 0.925025 -0.139626 0.02618
77.48 91 ESTIMATOR 700. 0. 0. 0. 0.
77.55 91 NAVIGATION 0 0 0 0 286 0. 570986.7
77.56 91 ATTITUDE 0 0 0
77.76 91 DESIRED -0.03 -0.32 0. 0. 700.028 0.008
77.81 91 NAVIGATION 0 0 0 0 286 0. 570986.7
77.83 91 WP_MOVED 2 358071. 4822161. 0.
77.94 91 ESTIMATOR 700. 0. 0. 0. 0.
78.00 91 COMMANDS 69,-622,-3928,-909,-3635
78.05 91 NAVIGATION 0 0 0 0 286 0. 570986.7
78.06 91 ATTITUDE 0 0 0
78.07 91 DL_VALUE 0 700.027527
78.10 91 FBW_STATUS 0 0 121
78.24 91 NAVIGATION 0 0 0 0 286 0. 570986.7
78.30 91 WP_MOVED 0 358113. 4822203. 702.
78.33 91 GYRO_RATES -107 -16 3 0.933751 -0.139626 0.02618
78.38 91 DOWNLINK_STATUS 77 20118 1328 0 268. 17.
78.41 91 ESTIMATOR 700. 0. 0. 0. 0.
78.43 91 BAT 83 121 0 0 122 122 0
78.47 91 NAVIGATION 0 0 0 0 286 0. 570986.7
78.49 91 ATTITUDE 0 0 0
78.52 91 CALIBRATION 0.023 0.037 0.5 0
78.56 91 SERVO -3398 -9600 72
78.69 91 DESIRED -0.03 -0.32 0. 0. 700.023 0.007
78.73 91 NAVIGATION 0 0 0 0 286 0. 570986.7
78.76 91 WP_MOVED 1 358824.90625 4822110. 702.
78.87 91 ESTIMATOR 700. 0. 0. 0. 0.
78.93 91 COMMANDS 63,-627,-3928,-945,-3591
78.98 91 NAVIGATION 0 0 0 0 286 0. 570986.7
78.98 91 ATTITUDE 0 0 0
79.00 91 DL_VALUE 1 1.
79.02 91 FBW_STATUS 0 0 121
79.12 91 ACTUATORS 1671,1264,0,1206,1549,1687
79.18 91 NAVIGATION 0 0 0 0 286 0. 570986.7
79.23 91 WP_MOVED 2 358071. 4822161. 0.
79.29 91 GYRO_RATES -112 2 14 0.977384 0.017453 0.122173
79.34 91 DOWNLINK_STATUS 78 20403 1347 0 285. 19.
79.36 91 ESTIMATOR 700. 0. 0. 0. 0.
79.42 91 NAVIGATION 0 0 0 0 286 0. 570986.7
79.43 91 ATTITUDE 0 0 0
79.64 91 DESIRED -0.03 -0.32 0. 0. 700.021 0.006
79.67 91 NAVIGATION 0 0 0 0 286 0. 570986.7
79.71 91 WP_MOVED 0 358113. 4822203. 702.
79.72 91 PPRZ_MODE 0 3 0 0 0 17 0
79.81 91 ESTIMATOR 700. 0. 0. 0. 0.
79.90 91 COMMANDS 50,-627,-3917,-909,-3598
79.93 91 NAVIGATION 0 0 0 0 286 0. 570986.7
79.93 91 ATTITUDE 0 0 0
79.95 91 DL_VALUE 2 0.
79.96 91 FBW_STATUS 0 0 121
80.11 91 NAVIGATION 0 0 0 0 286 0. 570986.7
80.17 91 WP_MOVED 1 358824.90625 4822110. 702.
80.23 91 GYRO_RATES -90 -44 -17 0.785398 -0.383972 -0.148353
80.29 91 ESTIMATOR 700. 0. 0. 0. 0.
80.30 91 BAT 58 121 0 0 124 124 0
80.33 91 DOWNLINK_STATUS 79 20681 1365 0 278. 18.
80.35 91 NAVIGATION 0 0 0 0 286 0. 570986.7
80.39 91 ATTITUDE 0 0 0
80.39 91 CALIBRATION 0.023 0.037 0.5 0
80.43 91 SERVO -4899 -9600 76
80.57 91 DESIRED -0.03 -0.32 0. 0. 700.02 0.005
80.60 91 NAVIGATION 0 0 0 0 286 0. 570986.7
80.63 91 WP_MOVED 2 358071. 4822161. 0.
80.76 91 ESTIMATOR 700. 0. 0. 0. 0.
80.81 91 COMMANDS 72,-576,-3865,-944,-3556
80.85 91 NAVIGATION 0 0 0 0 286 0. 570986.7
80.89 91 ATTITUDE 0 0 0
80.89 91 DL_VALUE 3 0.
80.90 91 FBW_STATUS 0 0 121
80.92 91 NAVIGATION_REF 358071 4822161 31
81.05 91 NAVIGATION 0 0 0 0 286 0. 570986.7
81.11 91 WP_MOVED 0 358113. 4822203. 702.
81.14 91 GYRO_RATES -112 -35 -9 0.977384 -0.305433 -0.07854
81.22 91 ESTIMATOR 700. 0. 0. 0. 0.
81.29 91 NAVIGATION 0 0 0 0 286 0. 570986.7
81.30 91 ATTITUDE 0 0 0
81.33 91 DOWNLINK_STATUS 80 20974 1385 0 293. 20.
81.51 91 DESIRED -0.03 -0.32 0. 0. 700.02 0.008
81.55 91 NAVIGATION 0 0 0 0 286 0. 570986.7
81.58 91 WP_MOVED 1 358824.90625 4822110. 702.
81.68 91 ESTIMATOR 700. 0. 0. 0. 0.
81.74 91 COMMANDS 70,-632,-3906,-942,-3586
81.79 91 NAVIGATION 0 0 0 0 286 0. 570986.7
81.80 91 ATTITUDE 0 0 0
81.81 91 DL_VALUE 4 0.
81.83 91 FBW_STATUS 0 0 121
81.99 91 NAVIGATION 0 0 0 0 286 0. 570986.7
82.04 91 WP_MOVED 2 358071. 4822161. 0.
82.10 91 GYRO_RATES -109 -17 0 0.951204 -0.148353 0.
82.15 91 ESTIMATOR 700. 0. 0. 0. 0.
82.18 91 BAT 69 121 0 0 126 126 0
82.23 91 NAVIGATION 0 0 0 0 286 0. 570986.7
82.24 91 ATTITUDE 0 0 0
82.27 91 CALIBRATION 0.022 0.037 0.5 0
82.31 91 SERVO -3398 -9600 59
82.33 91 DOWNLINK_STATUS 81 21244 1403 0 270. 18.
82.45 91 DESIRED -0.03 -0.32 0. 0. 700.023 0.007
82.48 91 NAVIGATION 0 0 0 0 286 0. 570986.7
82.51 91 WP_MOVED 0 358113. 4822203. 702.
82.62 91 ESTIMATOR 700. 0. 0. 0. 0.
82.69 91 COMMANDS 76,-622,-3895,-940,-3594
82.72 91 NAVIGATION 0 0 0 0 286 0. 570986.7
82.73 91 ATTITUDE 0 0 0
82.76 91 DL_VALUE 5 0.
82.77 91 FBW_STATUS 0 0 121
82.93 91 NAVIGATION 0 0 0 0 286 0. 570986.7
82.98 91 WP_MOVED 1 358824.90625 4822110. 702.
83.04 91 GYRO_RATES -102 -8 14 0.890118 -0.069813 0.122173
83.09 91 ESTIMATOR 700. 0. 0. 0. 0.
83.16 91 NAVIGATION 0 0 0 0 286 0. 570986.7
83.18 91 ATTITUDE 0 0 0
83.34 91 DOWNLINK_STATUS 82 21477 1418 0 233. 15.
83.40 91 DESIRED -0.03 -0.32 0. 0. 700.022 0.007
83.44 91 NAVIGATION 0 0 0 0 286 0. 570986.7
83.46 91 WP_MOVED 2 358071. 4822161. 0.
83.56 91 ESTIMATOR 700. 0. 0. 0. 0.
83.62 91 COMMANDS 67,-622,-3919,-935,-3603
83.65 91 NAVIGATION 0 0 0 0 286 0. 570986.7
83.67 91 ATTITUDE 0 0 0
83.69 91 DL_VALUE 6 0.
83.70 91 FBW_STATUS 0 0 121
83.81 91 ACTUATORS 1672,1264,0,1204,1549,1687
83.87 91 NAVIGATION 0 0 0 0 286 0. 570986.7
83.91 91 WP_MOVED 0 358113. 4822203. 702.
83.95 91 GYRO_RATES -96 -24 -2 0.837758 -0.20944 -0.017453
84.03 91 ESTIMATOR 700. 0. 0. 0. 0.
84.06 91 BAT 72 121 0 0 128 128 0
84.10 91 NAVIGATION 0 0 0 0 286 0. 570986.7
84.11 91 ATTITUDE 0 0 0
84.14 91 CALIBRATION 0.021 0.037 0.5 0
84.19 91 SERVO -4899 -9600 82
84.32 91 DESIRED -0.03 -0.32 0. 0. 700.023 0.006
84.33 91 DOWNLINK_STATUS 83 21788 1438 0 311. 20.
84.35 91 NAVIGATION 0 0 0 0 286 0. 570986.7
84.38 91 WP_MOVED 1 358824.90625 4822110. 702.
84.42 91 PPRZ_MODE 0 3 0 0 0 17 0
84.50 91 ESTIMATOR 700. 0. 0. 0. 0.
84.56 91 COMMANDS 58,-626,-3950,-954,-3591
84.59 91 NAVIGATION 0 0 0 0 286 0. 570986.7
84.61 91 ATTITUDE 0 0 0
84.62 91 DL_VALUE 7 0.
84.65 91 FBW_STATUS 0 0 121
84.80 91 NAVIGATION 0 0 0 0 286 0. 570986.7
84.86 91 WP_MOVED 2 358071. 4822161. 0.
84.91 91 GYRO_RATES -119 -15 9 1.038471 -0.1309 0.07854
84.98 91 ESTIMATOR 700. 0. 0. 0. 0.
85.03 91 NAVIGATION 0 0 0 0 286 0. 570986.7
85.06 91 ATTITUDE 0 0 0
85.26 91 DESIRED -0.03 -0.32 0. 0. 700.021 0.006
85.30 91 NAVIGATION 0 0 0 0 286 0. 570986.7
85.34 91 WP_MOVED 0 358113. 4822203. 702.
85.35 91 DOWNLINK_STATUS 84 22063 1456 0 275. 18.
85.43 91 ESTIMATOR 700. 0. 0. 0. 0.
85.50 91 COMMANDS 73,-626,-3914,-959,-3593
85.53 91 NAVIGATION 0 0 0 0 286 0. 570986.7
85.55 91 ATTITUDE 0 0 0
85.56 91 DL_VALUE 8 0.
85.58 91 FBW_STATUS 0 0 121
85.75 91 NAVIGATION 0 0 0 0 286 0. 570986.7
85.79 91 WP_MOVED 1 358824.90625 4822110. 702.
85.83 91 GYRO_RATES -129 -15 12 1.125737 -0.1309 0.10472
85.91 91 ESTIMATOR 700. 0. 0. 0. 0.
85.93 91 BAT 76 121 0 0 130 130 0
85.97 91 NAVIGATION 0 0 0 0 286 0. 570986.7
85.99 91 ATTITUDE 0 0 0
86.02 91 CALIBRATION 0.022 0.037 0.5 0
86.06 91 SERVO -3398 -9600 69
86.20 91 DESIRED -0.03 -0.32 0. 0. 700.019 0.006
86.23 91 NAVIGATION 0 0 0 0 286 0. 570986.7
86.26 91 WP_MOVED 2 358071. 4822161. 0.
86.35 91 DOWNLINK_STATUS 85 22333 1474 0 270. 18.
86.37 91 ESTIMATOR 700. 0. 0. 0. 0.
86.43 91 COMMANDS 78,-661,-3939,-932,-3523
86.47 91 NAVIGATION 0 0 0 0 286 0. 570986.7
86.48 91 ATTITUDE 0 0 0
86.50 91 DL_VALUE 9 515.
86.51 91 FBW_STATUS 0 0 121
86.67 91 NAVIGATION 0 0 0 0 286 0. 570986.7
86.73 91 WP_MOVED 0 358113. 4822203. 702.
86.77 91 GYRO_RATES -108 -16 6 0.942478 -0.139626 0.05236
86.84 91 ESTIMATOR 700. 0. 0. 0. 0.
86.91 91 NAVIGATION 0 0 0 0 286 0. 570986.7
86.93 91 ATTITUDE 0 0 0
87.14 91 DESIRED -0.03 -0.32 0. 0. 700.02 0.006
87.16 91 NAVIGATION 0 0 0 0 286 0. 570986.7
87.20 91 WP_MOVED 1 358824.90625 4822110. 702.
87.32 91 ESTIMATOR 700. 0. 0. 0. 0.
87.34 91 DOWNLINK_STATUS 86 22588 1490 0 255. 16.
87.37 91 COMMANDS 86,-630,-3878,-944,-3598
87.42 91 NAVIGATION 0 0 0 0 286 0. 570986.7
87.45 91 ATTITUDE 0 0 0
87.45 91 DL_VALUE 10 480.
87.45 91 FBW_STATUS 0 0 121
87.61 91 NAVIGATION 0 0 0 0 286 0. 570986.7
87.67 91 WP_MOVED 2 358071. 4822161. 0.
87.72 91 GYRO_RATES -108 -17 5 0.942478 -0.148353 0.043633
87.78 91 ESTIMATOR 700. 0. 0. 0. 0.
87.82 91 BAT 75 121 0 0 132 132 0
87.85 91 NAVIGATION 0 0 0 0 286 0. 570986.7
87.88 91 ATTITUDE 0 0 0
87.90 91 CALIBRATION 0.021 0.037 0.5 0
87.93 91 SERVO -3585 -9600 55
88.08 91 DESIRED -0.03 -0.32 0. 0. 700.023 0.006
88.09 91 NAVIGATION 0 0 0 0 286 0. 570986.7
88.13 91 WP_MOVED 0 358113. 4822203. 702.
88.25 91 ESTIMATOR 700. 0. 0. 0. 0.
88.31 91 COMMANDS 69,-604,-3900,-950,-3584
88.34 91 NAVIGATION 0 0 0 0 286 0. 570986.7
88.34 91 DOWNLINK_STATUS 87 22889 1510 0 301. 20.
88.36 91 ATTITUDE 0 0 0
88.37 91 DL_VALUE 11 470.
88.39 91 FBW_STATUS 0 0 121
88.49 91 ACTUATORS 1671,1264,0,1206,1550,1687
88.55 91 NAVIGATION 0 0 0 0 286 0. 570986.7
88.62 91 WP_MOVED 1 358824.90625 4822110. 702.
88.64 91 GYRO_RATES -108 -17 5 0.942478 -0.148353 0.043633
88.71 91 ESTIMATOR 700. 0. 0. 0. 0.
88.79 91 NAVIGATION 0 0 0 0 286 0. 570986.7
88.80 91 ATTITUDE 0 0 0
89.01 91 DESIRED -0.03 -0.32 0. 0. 700.022 0.007
89.06 91 NAVIGATION 0 0 0 0 286 0. 570986.7
89.09 91 WP_MOVED 2 358071. 4822161. 0.
89.10 91 PPRZ_MODE 0 3 0 0 0 17 0
89.18 91 ESTIMATOR 700. 0. 0. 0. 0.
89.25 91 COMMANDS 67,-605,-3917,-919,-3601
89.29 91 NAVIGATION 0 0 0 0 286 0. 570986.7
89.30 91 ATTITUDE 0 0 0
89.32 91 DL_VALUE 12 1.35
89.33 91 FBW_STATUS 0 0 121
89.35 91 DOWNLINK_STATUS 88 23166 1530 0 277. 20.
89.36 91 NAVIGATION_REF 358071 4822161 31
89.49 91 NAVIGATION 0 0 0 0 286 0. 570986.7
89.54 91 WP_MOVED 0 358113. 4822203. 702.
89.60 91 GYRO_RATES -107 -16 6 0.933751 -0.139626 0.05236
89.67 91 ESTIMATOR 700. 0. 0. 0. 0.
89.70 91 BAT 64 121 0 0 134 134 0
89.72 91 NAVIGATION 0 0 0 0 286 0. 570986.7
89.75 91 ATTITUDE 0 0 0
89.77 91 CALIBRATION 0.021 0.037 0.5 0
89.82 91 SERVO -3398 -9600 64
89.95 91 DESIRED -0.03 -0.32 0. 0. 700.021 0.006
89.98 91 NAVIGATION 0 0 0 0 286 0. 570986.7
90.01 91 WP_MOVED 1 358824.90625 4822110. 702.
90.13 91 ESTIMATOR 700. 0. 0. 0. 0.
90.18 91 COMMANDS 66,-624,-3921,-937,-3591
90.23 91 NAVIGATION 0 0 0 0 286 0. 570986.7
90.23 91 ATTITUDE 0 0 0
90.25 91 DL_VALUE 13 0.
90.26 91 FBW_STATUS 0 0 121
90.35 91 DOWNLINK_STATUS 89 23447 1549 0 281. 19.
90.43 91 NAVIGATION 0 0 0 0 286 0. 570986.7
90.48 91 WP_MOVED 2 358071. 4822161. 0.
90.52 91 GYRO_RATES -109 -17 6 0.951204 -0.148353 0.05236
90.59 91 ESTIMATOR 700. 0. 0. 0. 0.
90.66 91 NAVIGATION 0 0 0 0 286 0. 570986.7
90.68 91 ATTITUDE 0 0 0
90.88 91 DESIRED -0.03 -0.32 0. 0. 700.02 0.006
90.91 91 NAVIGATION 0 0 0 0 286 0. 570986.7
90.95 91 WP_MOVED 0 358113. 4822203. 702.
91.06 91 ESTIMATOR 700. 0. 0. 0. 0.
91.12 91 COMMANDS 67,-621,-3922,-929,-3626
91.15 91 NAVIGATION 0 0 0 0 286 0. 570986.7
91.17 91 ATTITUDE 0 0 0
91.19 91 DL_VALUE 14 0.
91.20 91 FBW_STATUS 0 0 121
91.35 91 DOWNLINK_STATUS 90 23680 1564 0 233. 15.
91.36 91 NAVIGATION 0 0 0 0 286 0. 570986.7
91.41 91 WP_MOVED 1 358824.90625 4822110. 702.
91.45 91 GYRO_RATES -107 -16 5 0.933751 -0.139626 0.043633
91.53 91 ESTIMATOR 700. 0. 0. 0. 0.
91.55 91 BAT 74 121 0 0 136 136 0
91.60 91 NAVIGATION 0 0 0 0 286 0. 570986.7
91.61 91 ATTITUDE 0 0 0
91.64 91 CALIBRATION 0.021 0.037 0.5 0
91.69 91 SERVO -3398 -9600 69
91.82 91 DESIRED -0.03 -0.32 0. 0. 700.022 0.007
91.85 91 NAVIGATION 0 0 0 0 286 0. 570986.7
91.88 91 WP_MOVED 2 358071. 4822161. 0.
91.99 91 ESTIMATOR 700. 0. 0. 0. 0.
92.05 91 COMMANDS 66,-626,-3925,-947,-3591
92.09 91 NAVIGATION 0 0 0 0 286 0. 570986.7
92.11 91 ATTITUDE 0 0 0
92.12 91 DL_VALUE 15 0.75
92.14 91 FBW_STATUS 0 0 121
92.30 91 NAVIGATION 0 0 0 0 286 0. 570986.7
92.35 91 WP_MOVED 0 358113. 4822203. 702.
92.35 91 DOWNLINK_STATUS 91 23983 1584 0 303. 20.
92.39 91 GYRO_RATES -108 -17 5 0.942478 -0.148353 0.043633
92.47 91 ESTIMATOR 700. 0. 0. 0. 0.
92.53 91 NAVIGATION 0 0 0 0 286 0. 570986.7
92.55 91 ATTITUDE 0 0 0
92.75 91 DESIRED -0.03 -0.32 0. 0. 700.024 0.006
92.78 91 NAVIGATION 0 0 0 0 286 0. 570986.7
92.82 91 WP_MOVED 1 358824.90625 4822110. 702.
92.93 91 ESTIMATOR 700. 0. 0. 0. 0.
92.99 91 COMMANDS 64,-626,-3913,-944,-3594
93.03 91 NAVIGATION 0 0 0 0 286 0. 570986.7
