7.98 14 CALIBRATION 0. 0.02 0.5 0
8.03 14 NAVIGATION 0 1 0 0 286 0. 140.5
8.07 14 WP_MOVED 3 497546.40625 3565495.5 770.
8.60 14 SERVO 9600 -9600 0
8.61 14 VN100_STATUS 33.330002 33.330002 33.330002
8.61 14 DESIRED 0. 0. 0. 0. 761. 0.
8.70 14 IR_DEBUG 637 624 637 624
8.70 14 NAVIGATION 0 1 0 0 286 0. 140.5
8.72 14 ATTITUDE 1 0 -31
8.72 14 VN100_STATUS 33.330002 33.330002 33.330002
8.72 14 ESTIMATOR 0. 0. 0. 0. 0.
8.80 14 DL_VALUE 20 0.
8.80 14 NAVIGATION 0 1 0 0 286 0. 140.5
8.88 14 WP_MOVED 4 497575. 3565498. 0.
8.97 14 RAD_OF_IR 9 0 0.00211
9.03 14 VN100_STATUS 33.330002 33.330002 33.330002
9.03 14 IR_SENSORS -884 9 1
9.03 14 COMMANDS 0,-9600,9600,-9600
9.03 14 NAVIGATION 0 1 0 0 286 0. 140.5
9.03 14 ATTITUDE 1 0 -31
9.06 14 GYRO_RATES -184 -118 -187 1.605703 -1.029744 1.631883
9.06 14 VN100_STATUS 33.330002 33.330002 33.330002
9.26 14 FBW_STATUS 2 1 114
9.26 14 ESTIMATOR 0. 0. 0. 0. 0.
9.26 14 NAVIGATION 0 1 0 0 286 0. 140.5
9.41 14 WP_MOVED 0 497617. 3565540. 770.
9.41 14 VN100_STATUS 33.330002 33.330002 33.330002
9.41 14 DOWNLINK_STATUS 8 1424 100 0 385. 27.
9.41 14 DESIRED 0. 0. 0. 0. 761. 0.
9.41 14 NAVIGATION 0 1 0 0 286 0. 140.5
9.42 14 ATTITUDE 1 0 -31
9.42 14 VN100_STATUS 33.330002 33.330002 33.330002
9.42 14 ESTIMATOR 0. 0. 0. 0. 0.
9.42 14 DL_VALUE 21 0.75
9.42 14 NAVIGATION 0 1 0 0 286 0. 140.5
9.42 14 WP_MOVED 1 497586.6875 3565500. 770.
9.42 14 RAD_OF_IR 9 0 0.00211
9.42 14 VN100_STATUS 33.330002 33.330002 33.330002
9.42 14 IR_SENSORS -885 9 1
9.42 14 COMMANDS 0,-9600,9600,-9600
9.42 14 NAVIGATION 0 1 0 0 286 0. 140.5
9.42 14 ATTITUDE 1 0 -31
9.42 14 GYRO_RATES -184 -118 -187 1.605703 -1.029744 1.631883
9.43 14 VN100_STATUS 33.330002 33.330002 33.330002
9.43 14 FBW_STATUS 2 1 114
9.43 14 ESTIMATOR 0. 0. 0. 0. 0.
9.43 14 BAT 0 114 0 0 86 0 0
9.43 14 CALIBRATION 0. 0.02 0.5 0
9.43 14 NAVIGATION 0 1 0 0 286 0. 140.5
9.43 14 WP_MOVED 2 497622.6875 3565498.5 770.
9.43 14 SERVO 9600 -9600 0
9.43 14 VN100_STATUS 33.330002 33.330002 33.330002
9.43 14 DESIRED 0. 0. 0. 0. 761. 0.
9.43 14 IR_DEBUG 638 626 638 626
9.43 14 NAVIGATION 0 1 0 0 286 0. 140.5
9.43 14 ATTITUDE 1 0 -31
9.44 14 VN100_STATUS 33.330002 33.330002 33.330002
9.44 14 ESTIMATOR 0. 0. 0. 0. 0.
9.44 14 DL_VALUE 22 20000.
9.44 14 NAVIGATION 0 1 0 0 286 0. 140.5
9.44 14 WP_MOVED 3 497546.40625 3565495.5 770.
9.44 14 RAD_OF_IR 9 0 0.00211
9.44 14 VN100_STATUS 33.330002 33.330002 33.330002
9.44 14 IR_SENSORS -884 9 1
9.44 14 COMMANDS 0,-9600,9600,-9600
9.44 14 NAVIGATION 0 1 0 0 286 0. 140.5
9.44 14 ATTITUDE 1 0 -31
9.44 14 GYRO_RATES -183 -117 -185 1.596976 -1.021018 1.61443
9.44 14 VN100_STATUS 33.330002 33.330002 33.330002
9.45 14 FBW_STATUS 2 1 114
9.45 14 ESTIMATOR 0. 0. 0. 0. 0.
9.45 14 NAVIGATION 0 1 0 0 286 0. 140.5
9.45 14 WP_MOVED 4 497575. 3565498. 0.
9.45 14 VN100_STATUS 33.330002 33.330002 33.330002
9.45 14 DESIRED 0. 0. 0. 0. 761. 0.
9.45 14 NAVIGATION 0 1 0 0 286 0. 140.5
9.45 14 ATTITUDE 1 0 -31
9.45 14 VN100_STATUS 33.330002 33.330002 33.330002
9.45 14 ESTIMATOR 0. 0. 0. 0. 0.
9.45 14 DL_VALUE 23 20000.
9.45 14 NAVIGATION 0 1 0 0 286 0. 140.5
9.45 14 WP_MOVED 0 497617. 3565540. 770.
9.46 14 RAD_OF_IR 9 0 0.00211
9.46 14 VN100_STATUS 33.330002 33.330002 33.330002
9.46 14 IR_SENSORS -882 9 1
9.46 14 COMMANDS 0,-9600,9600,-9600
9.46 14 NAVIGATION 0 1 0 0 286 0. 140.5
9.46 14 ATTITUDE 1 0 -31
9.46 14 GYRO_RATES -182 -116 -185 1.58825 -1.012291 1.61443
9.46 14 VN100_STATUS 33.330002 33.330002 33.330002
9.46 14 FBW_STATUS 2 1 114
9.46 14 ESTIMATOR 0. 0. 0. 0. 0.
9.46 14 BAT 0 114 0 0 88 0 0
9.46 14 ACTUATORS 1500,1000,0,1200,1000
9.46 14 CALIBRATION 0. 0.02 0.5 0
9.47 14 NAVIGATION 0 1 0 0 286 0. 140.5
9.47 14 WP_MOVED 1 497586.6875 3565500. 770.
9.47 14 SERVO 9600 -9600 0
9.47 14 VN100_STATUS 33.330002 33.330002 33.330002
9.63 14 DESIRED 0. 0. 0. 0. 761. 0.
9.63 14 IR_DEBUG 638 624 638 624
9.63 14 NAVIGATION 0 1 0 0 286 0. 140.5
9.63 14 ATTITUDE 1 0 -31
9.63 14 PPRZ_MODE 2 0 3 0 0 6 0
9.76 14 VN100_STATUS 33.330002 33.330002 33.330002
9.76 14 ESTIMATOR 0. 0. 0. 0. 0.
9.85 14 DL_VALUE 24 0.75
9.85 14 NAVIGATION 0 1 0 0 286 0. 140.5
9.93 14 DOWNLINK_STATUS 8 2568 180 0 1144. 80.
10.03 14 WP_MOVED 2 497622.6875 3565498.5 770.
10.27 14 RAD_OF_IR 8 0 0.00211
10.55 14 NAVIGATION_REF 497575 3565498 12
10.55 14 VN100_STATUS 33.330002 33.330002 33.330002
10.63 14 IR_SENSORS -884 8 1
10.64 14 COMMANDS 0,-9600,9600,-9600
10.64 14 NAVIGATION 0 1 0 0 286 0. 140.5
10.64 14 ATTITUDE 1 0 -31
10.65 14 GYRO_RATES -184 -118 -187 1.605703 -1.029744 1.631883
10.65 14 VN100_STATUS 33.330002 33.330002 33.330002
10.65 14 FBW_STATUS 2 1 114
10.65 14 ESTIMATOR 0. 0. 0. 0. 0.
10.65 14 NAVIGATION 0 1 0 0 286 0. 140.5
10.74 14 WP_MOVED 3 497546.40625 3565495.5 770.
10.74 14 VN100_STATUS 33.330002 33.330002 33.330002
10.75 14 DESIRED 0. 0. 0. 0. 761. 0.
10.75 14 NAVIGATION 0 1 0 0 286 0. 140.5
10.75 14 ATTITUDE 1 0 -31
10.75 14 VN100_STATUS 33.330002 33.330002 33.330002
10.75 14 ESTIMATOR 0. 0. 0. 0. 0.
10.83 14 DL_VALUE 25 20000.
10.83 14 NAVIGATION 0 1 0 0 286 0. 140.5
10.83 14 WP_MOVED 4 497575. 3565498. 0.
10.92 14 RAD_OF_IR 9 0 0.00211
10.93 14 VN100_STATUS 33.330002 33.330002 33.330002
10.98 14 IR_SENSORS -884 8 1
11.01 14 DOWNLINK_STATUS 9 2931 206 0 363. 26.
11.01 14 COMMANDS 0,-9600,9600,-9600
11.01 14 NAVIGATION 0 1 0 0 286 0. 140.5
11.02 14 ATTITUDE 1 0 -31
11.58 14 GYRO_RATES -183 -117 -186 1.596976 -1.021018 1.623156
11.58 14 VN100_STATUS 33.330002 33.330002 33.330002
11.58 14 FBW_STATUS 2 1 114
11.58 14 ESTIMATOR 0. 0. 0. 0. 0.
11.72 14 BAT 0 114 0 0 90 0 0
11.72 14 CALIBRATION 0. 0.02 0.5 0
11.73 14 NAVIGATION 0 1 0 0 286 0. 140.5
11.83 14 WP_MOVED 0 497617. 3565540. 770.
11.83 14 SERVO 9600 -9600 0
11.83 14 VN100_STATUS 33.330002 33.330002 33.330002
11.84 14 DESIRED 0. 0. 0. 0. 761. 0.
11.84 14 IR_DEBUG 638 626 638 626
11.84 14 NAVIGATION 0 1 0 0 286 0. 140.5
11.84 14 ATTITUDE 1 0 -31
11.84 14 VN100_STATUS 33.330002 33.330002 33.330002
11.84 14 ESTIMATOR 0. 0. 0. 0. 0.
11.93 14 DL_VALUE 26 20000.
11.93 14 NAVIGATION 0 1 0 0 286 0. 140.5
11.93 14 WP_MOVED 1 497586.6875 3565500. 770.
11.94 14 RAD_OF_IR 9 0 0.00211
11.94 14 VN100_STATUS 33.330002 33.330002 33.330002
12.02 14 IR_SENSORS -884 7 1
12.03 14 COMMANDS 0,-9600,9600,-9600
12.03 14 NAVIGATION 0 1 0 0 286 0. 140.5
12.03 14 ATTITUDE 1 0 -31
12.21 14 GYRO_RATES -182 -116 -185 1.58825 -1.012291 1.61443
12.22 14 VN100_STATUS 33.330002 33.330002 33.330002
12.22 14 FBW_STATUS 2 1 114
12.31 14 DOWNLINK_STATUS 11 3359 237 0 428. 31.
12.32 14 ESTIMATOR 0. 0. 0. 0. 0.
12.32 14 NAVIGATION 0 1 0 0 286 0. 140.5
12.50 14 WP_MOVED 2 497622.6875 3565498.5 770.
12.50 14 VN100_STATUS 33.330002 33.330002 33.330002
12.51 14 DESIRED 0. 0. 0. 0. 761. 0.
12.51 14 NAVIGATION 0 1 0 0 286 0. 140.5
12.51 14 ATTITUDE 1 0 -31
12.51 14 VN100_STATUS 33.330002 33.330002 33.330002
12.51 14 ESTIMATOR 0. 0. 0. 0. 0.
12.64 14 DL_VALUE 27 0.75
12.64 14 NAVIGATION 0 1 0 0 286 0. 140.5
12.78 14 WP_MOVED 3 497546.40625 3565495.5 770.
12.78 14 RAD_OF_IR 8 0 0.00211
12.78 14 VN100_STATUS 33.330002 33.330002 33.330002
12.79 14 IR_SENSORS -884 9 1
12.85 14 COMMANDS 0,-9600,9600,-9600
12.88 14 NAVIGATION 0 1 0 0 286 0. 140.5
12.89 14 ATTITUDE 1 0 -31
12.92 14 GYRO_RATES -183 -117 -186 1.596976 -1.021018 1.623156
12.94 14 VN100_STATUS 33.330002 33.330002 33.330002
12.98 14 FBW_STATUS 2 1 114
12.98 14 ESTIMATOR 0. 0. 0. 0. 0.
12.99 14 BAT 0 114 0 0 92 0 0
13.04 14 DOWNLINK_STATUS 11 3700 260 0 341. 23.
13.06 14 CALIBRATION 0. 0.02 0.5 0
13.10 14 NAVIGATION 0 1 0 0 286 0. 140.5
13.16 14 WP_MOVED 4 497575. 3565498. 0.
13.18 14 SERVO 9600 -9600 0
13.19 14 VN100_STATUS 33.330002 33.330002 33.330002
13.27 14 DESIRED 0. 0. 0. 0. 761. 0.
13.28 14 IR_DEBUG 638 625 638 625
13.34 14 NAVIGATION 0 1 0 0 286 0. 140.5
13.35 14 ATTITUDE 1 0 -31
13.41 14 VN100_STATUS 33.330002 33.330002 33.330002
13.45 14 ESTIMATOR 0. 0. 0. 0. 0.
13.53 14 DL_VALUE 28 10000.
13.57 14 NAVIGATION 0 1 0 0 286 0. 140.5
13.63 14 WP_MOVED 0 497617. 3565540. 770.
13.65 14 RAD_OF_IR 8 0 0.00211
13.67 14 VN100_STATUS 33.330002 33.330002 33.330002
13.72 14 IR_SENSORS -885 9 1
13.79 14 COMMANDS 0,-9600,9600,-9600
13.81 14 NAVIGATION 0 1 0 0 286 0. 140.5
13.84 14 ATTITUDE 1 0 -31
13.86 14 GYRO_RATES -184 -118 -187 1.605703 -1.029744 1.631883
13.89 14 VN100_STATUS 33.330002 33.330002 33.330002
13.90 14 FBW_STATUS 2 1 114
13.91 14 ESTIMATOR 0. 0. 0. 0. 0.
13.98 14 ACTUATORS 1500,1000,0,1200,1000
14.04 14 NAVIGATION 0 1 0 0 286 0. 140.5
14.04 14 DOWNLINK_STATUS 12 4069 286 0 369. 26.
14.12 14 WP_MOVED 1 497586.6875 3565500. 770.
14.13 14 VN100_STATUS 33.330002 33.330002 33.330002
14.23 14 DESIRED 0. 0. 0. 0. 761. 0.
14.28 14 NAVIGATION 0 1 0 0 286 0. 140.5
14.29 14 ATTITUDE 1 0 -31
14.31 14 PPRZ_MODE 2 0 3 0 0 6 0
14.34 14 VN100_STATUS 33.330002 33.330002 33.330002
14.38 14 ESTIMATOR 0. 0. 0. 0. 0.
14.48 14 DL_VALUE 29 10000.
14.52 14 NAVIGATION 0 1 0 0 286 0. 140.5
14.59 14 WP_MOVED 2 497622.6875 3565498.5 770.
14.61 14 RAD_OF_IR 9 0 0.00211
14.61 14 VN100_STATUS 33.330002 33.330002 33.330002
14.67 14 IR_SENSORS -884 9 1
14.73 14 COMMANDS 0,-9600,9600,-9600
14.76 14 NAVIGATION 0 1 0 0 286 0. 140.5
14.77 14 ATTITUDE 1 0 -31
14.81 14 GYRO_RATES -183 -117 -186 1.596976 -1.021018 1.623156
14.82 14 VN100_STATUS 33.330002 33.330002 33.330002
14.83 14 FBW_STATUS 2 1 114
14.85 14 ESTIMATOR 0. 0. 0. 0. 0.
14.87 14 BAT 0 114 0 0 94 0 0
14.94 14 CALIBRATION 0. 0.02 0.5 0
14.99 14 NAVIGATION 0 1 0 0 286 0. 140.5
15.04 14 WP_MOVED 3 497546.40625 3565495.5 770.
15.05 14 DOWNLINK_STATUS 13 4427 311 0 358. 25.
15.05 14 SERVO 9600 -9600 0
15.07 14 VN100_STATUS 33.330002 33.330002 33.330002
15.13 14 DESIRED 0. 0. 0. 0. 761. 0.
15.17 14 IR_DEBUG 638 625 638 625
15.22 14 NAVIGATION 0 1 0 0 286 0. 140.5
15.22 14 ATTITUDE 1 0 -31
15.28 14 VN100_STATUS 33.330002 33.330002 33.330002
15.32 14 ESTIMATOR 0. 0. 0. 0. 0.
15.40 14 DL_VALUE 30 0.3
15.45 14 NAVIGATION 0 1 0 0 286 0. 140.5
15.50 14 WP_MOVED 4 497575. 3565498. 0.
15.55 14 RAD_OF_IR 9 0 0.00211
15.55 14 VN100_STATUS 33.330002 33.330002 33.330002
15.58 14 IR_SENSORS -882 9 1
15.67 14 COMMANDS 0,-9600,9600,-9600
15.69 14 NAVIGATION 0 1 0 0 286 0. 140.5
15.72 14 ATTITUDE 1 0 -31
15.73 14 GYRO_RATES -182 -117 -185 1.58825 -1.021018 1.61443
15.76 14 VN100_STATUS 33.330002 33.330002 33.330002
15.78 14 FBW_STATUS 2 1 114
15.80 14 ESTIMATOR 0. 0. 0. 0. 0.
15.91 14 NAVIGATION 0 1 0 0 286 0. 140.5
15.97 14 WP_MOVED 0 497617. 3565540. 770.
16.00 14 VN100_STATUS 33.330002 33.330002 33.330002
16.04 14 DOWNLINK_STATUS 14 4764 335 0 337. 24.
16.08 14 DESIRED 0. 0. 0. 0. 761. 0.
16.14 14 NAVIGATION 0 1 0 0 286 0. 140.5
16.17 14 ATTITUDE 1 0 -31
16.22 14 VN100_STATUS 33.330002 33.330002 33.330002
16.25 14 ESTIMATOR 0. 0. 0. 0. 0.
16.34 14 DL_VALUE 31 0.36
16.38 14 NAVIGATION 0 1 0 0 286 0. 140.5
16.44 14 WP_MOVED 1 497586.6875 3565500. 770.
16.47 14 RAD_OF_IR 8 0 0.00211
16.48 14 VN100_STATUS 33.330002 33.330002 33.330002
16.53 14 IR_SENSORS -883 9 1
16.62 14 COMMANDS 0,-9600,9600,-9600
16.63 14 NAVIGATION 0 1 0 0 286 0. 140.5
16.65 14 ATTITUDE 1 0 -31
16.67 14 GYRO_RATES -183 -118 -186 1.596976 -1.029744 1.623156
16.70 14 VN100_STATUS 33.330002 33.330002 33.330002
16.72 14 FBW_STATUS 2 1 114
16.73 14 ESTIMATOR 0. 0. 0. 0. 0.
16.74 14 BAT 0 114 0 0 96 0 0
16.81 14 CALIBRATION 0. 0.02 0.5 0
16.85 14 NAVIGATION 0 1 0 0 286 0. 140.5
16.91 14 WP_MOVED 2 497622.6875 3565498.5 770.
16.92 14 SERVO 9600 -9600 0
16.93 14 VN100_STATUS 33.330002 33.330002 33.330002
17.01 14 DESIRED 0. 0. 0. 0. 761. 0.
17.03 14 IR_DEBUG 639 625 639 625
17.05 14 DOWNLINK_STATUS 15 5142 361 0 378. 26.
17.08 14 NAVIGATION 0 1 0 0 286 0. 140.5
17.09 14 ATTITUDE 1 0 -31
17.16 14 VN100_STATUS 33.330002 33.330002 33.330002
17.19 14 ESTIMATOR 0. 0. 0. 0. 0.
17.27 14 DL_VALUE 32 0.01
17.32 14 NAVIGATION 0 1 0 0 286 0. 140.5
17.38 14 WP_MOVED 3 497546.40625 3565495.5 770.
17.40 14 RAD_OF_IR 9 0 0.00211
17.42 14 VN100_STATUS 33.330002 33.330002 33.330002
17.46 14 IR_SENSORS -884 8 1
17.55 14 COMMANDS 0,-9600,9600,-9600
17.59 14 NAVIGATION 0 1 0 0 286 0. 140.5
17.59 14 ATTITUDE 1 0 -31
17.61 14 GYRO_RATES -183 -118 -187 1.596976 -1.029744 1.631883
17.63 14 VN100_STATUS 33.330002 33.330002 33.330002
17.65 14 FBW_STATUS 2 1 114
17.67 14 ESTIMATOR 0. 0. 0. 0. 0.
17.80 14 NAVIGATION 0 1 0 0 286 0. 140.5
17.86 14 WP_MOVED 4 497575. 3565498. 0.
17.87 14 VN100_STATUS 33.330002 33.330002 33.330002
17.95 14 DESIRED 0. 0. 0. 0. 761. 0.
18.02 14 NAVIGATION 0 1 0 0 286 0. 140.5
18.03 14 ATTITUDE 1 0 -31
18.05 14 DOWNLINK_STATUS 16 5473 384 0 331. 23.
18.11 14 VN100_STATUS 33.330002 33.330002 33.330002
18.13 14 ESTIMATOR 0. 0. 0. 0. 0.
18.23 14 DL_VALUE 0 761.
18.28 14 NAVIGATION 0 1 0 0 286 0. 140.5
18.31 14 WP_MOVED 0 497617. 3565540. 770.
18.34 14 RAD_OF_IR 9 0 0.00211
18.34 14 NAVIGATION_REF 497575 3565498 12
18.36 14 VN100_STATUS 33.330002 33.330002 33.330002
18.40 14 IR_SENSORS -883 8 1
18.48 14 COMMANDS 0,-9600,9600,-9600
18.51 14 NAVIGATION 0 1 0 0 286 0. 140.5
18.53 14 ATTITUDE 1 0 -31
18.56 14 GYRO_RATES -182 -116 -185 1.58825 -1.012291 1.61443
18.56 14 VN100_STATUS 33.330002 33.330002 33.330002
18.57 14 FBW_STATUS 2 1 114
18.60 14 ESTIMATOR 0. 0. 0. 0. 0.
18.62 14 BAT 0 114 0 0 98 0 0
18.69 14 ACTUATORS 1500,1000,0,1200,1000
18.69 14 CALIBRATION 0. 0.02 0.5 0
18.73 14 NAVIGATION 0 1 0 0 286 0. 140.5
18.79 14 WP_MOVED 1 497586.6875 3565500. 770.
18.81 14 SERVO 9600 -9600 0
18.81 14 VN100_STATUS 33.330002 33.330002 33.330002
18.89 14 DESIRED 0. 0. 0. 0. 761. 0.
18.90 14 IR_DEBUG 637 624 637 624
18.96 14 NAVIGATION 0 1 0 0 286 0. 140.5
18.98 14 ATTITUDE 1 0 -31
18.98 14 PPRZ_MODE 2 0 3 0 0 6 0
19.03 14 VN100_STATUS 33.330002 33.330002 33.330002
19.08 14 DOWNLINK_STATUS 17 5872 413 0 399. 29.
19.08 14 ESTIMATOR 0. 0. 0. 0. 0.
19.16 14 DL_VALUE 1 1.
19.20 14 NAVIGATION 0 1 0 0 286 0. 140.5
19.25 14 WP_MOVED 2 497622.6875 3565498.5 770.
19.27 14 RAD_OF_IR 9 0 0.00211
19.29 14 VN100_STATUS 33.330002 33.330002 33.330002
19.34 14 IR_SENSORS -883 9 1
19.43 14 COMMANDS 0,-9600,9600,-9600
19.44 14 NAVIGATION 0 1 0 0 286 0. 140.5
19.46 14 ATTITUDE 1 0 -31
19.49 14 GYRO_RATES -183 -117 -186 1.596976 -1.021018 1.623156
19.51 14 VN100_STATUS 33.330002 33.330002 33.330002
19.52 14 FBW_STATUS 2 1 114
19.54 14 ESTIMATOR 0. 0. 0. 0. 0.
19.66 14 NAVIGATION 0 1 0 0 286 0. 140.5
19.72 14 WP_MOVED 3 497546.40625 3565495.5 770.
19.76 14 VN100_STATUS 33.330002 33.330002 33.330002
19.83 14 DESIRED 0. 0. 0. 0. 761. 0.
19.89 14 NAVIGATION 0 1 0 0 286 0. 140.5
19.90 14 ATTITUDE 1 0 -31
19.97 14 VN100_STATUS 33.330002 33.330002 33.330002
20.01 14 ESTIMATOR 0. 0. 0. 0. 0.
20.06 14 DOWNLINK_STATUS 18 6199 435 0 327. 22.
20.10 14 DL_VALUE 2 0.
20.14 14 NAVIGATION 0 1 0 0 286 0. 140.5
20.19 14 WP_MOVED 4 497575. 3565498. 0.
20.21 14 RAD_OF_IR 9 0 0.00211
20.22 14 VN100_STATUS 33.330002 33.330002 33.330002
20.27 14 IR_SENSORS -884 9 1
20.35 14 COMMANDS 0,-9600,9600,-9600
20.38 14 NAVIGATION 0 1 0 0 286 0. 140.5
20.39 14 ATTITUDE 1 0 -31
20.42 14 GYRO_RATES -184 -118 -187 1.605703 -1.029744 1.631883
20.44 14 VN100_STATUS 33.330002 33.330002 33.330002
20.45 14 FBW_STATUS 2 1 114
20.47 14 ESTIMATOR 0. 0. 0. 0. 0.
20.49 14 BAT 0 114 0 0 100 0 0
20.56 14 CALIBRATION 0. 0.02 0.5 0
20.60 14 NAVIGATION 0 1 0 0 286 0. 140.5
20.66 14 WP_MOVED 0 497617. 3565540. 770.
20.67 14 SERVO 9600 -9600 0
20.69 14 VN100_STATUS 33.330002 33.330002 33.330002
20.76 14 DESIRED 0. 0. 0. 0. 761. 0.
20.78 14 IR_DEBUG 638 626 638 626
20.83 14 NAVIGATION 0 1 0 0 286 0. 140.5
20.85 14 ATTITUDE 1 0 -31
20.91 14 VN100_STATUS 33.330002 33.330002 33.330002
20.95 14 ESTIMATOR 0. 0. 0. 0. 0.
21.02 14 DL_VALUE 3 0.
21.06 14 DOWNLINK_STATUS 19 6558 461 0 359. 26.
21.10 14 NAVIGATION 0 1 0 0 286 0. 140.5
21.14 14 WP_MOVED 1 497586.6875 3565500. 770.
21.15 14 RAD_OF_IR 9 0 0.00211
21.15 14 VN100_STATUS 33.330002 33.330002 33.330002
21.22 14 IR_SENSORS -885 9 1
21.29 14 COMMANDS 0,-9600,9600,-9600
21.32 14 NAVIGATION 0 1 0 0 286 0. 140.5
21.33 14 ATTITUDE 1 0 -31
21.36 14 GYRO_RATES -184 -118 -187 1.605703 -1.029744 1.631883
21.37 14 VN100_STATUS 33.330002 33.330002 33.330002
21.39 14 FBW_STATUS 2 1 114
21.43 14 ESTIMATOR 0. 0. 0. 0. 0.
21.55 14 NAVIGATION 0 1 0 0 286 0. 140.5
21.60 14 WP_MOVED 2 497622.6875 3565498.5 770.
21.64 14 VN100_STATUS 33.330002 33.330002 33.330002
21.70 14 DESIRED 0. 0. 0. 0. 761. 0.
21.79 14 NAVIGATION 0 1 0 0 286 0. 140.5
21.80 14 ATTITUDE 1 0 -31
21.85 14 VN100_STATUS 33.330002 33.330002 33.330002
21.89 14 ESTIMATOR 0. 0. 0. 0. 0.
21.97 14 DL_VALUE 4 2.
22.02 14 NAVIGATION 0 1 0 0 286 0. 140.5
22.06 14 DOWNLINK_STATUS 20 6881 483 0 323. 22.
22.10 14 WP_MOVED 3 497546.40625 3565495.5 770.
22.10 14 RAD_OF_IR 9 0 0.00211
22.10 14 VN100_STATUS 33.330002 33.330002 33.330002
22.15 14 IR_SENSORS -883 8 1
22.23 14 COMMANDS 0,-9600,9600,-9600
22.25 14 NAVIGATION 0 1 0 0 286 0. 140.5
22.27 14 ATTITUDE 1 0 -31
22.31 14 GYRO_RATES -182 -117 -185 1.58825 -1.021018 1.61443
22.31 14 VN100_STATUS 33.330002 33.330002 33.330002
22.33 14 FBW_STATUS 2 1 114
22.35 14 ESTIMATOR 0. 0. 0. 0. 0.
22.37 14 BAT 0 114 0 0 102 0 0
22.44 14 CALIBRATION 0. 0.02 0.5 0
22.47 14 NAVIGATION 0 1 0 0 286 0. 140.5
22.54 14 WP_MOVED 4 497575. 3565498. 0.
22.55 14 SERVO 9600 -9600 0
22.58 14 VN100_STATUS 33.330002 33.330002 33.330002
22.63 14 DESIRED 0. 0. 0. 0. 761. 0.
22.65 14 IR_DEBUG 637 625 637 625
22.71 14 NAVIGATION 0 1 0 0 286 0. 140.5
22.72 14 ATTITUDE 1 0 -31
22.78 14 VN100_STATUS 33.330002 33.330002 33.330002
22.82 14 ESTIMATOR 0. 0. 0. 0. 0.
22.90 14 DL_VALUE 5 0.
22.96 14 NAVIGATION 0 1 0 0 286 0. 140.5
23.01 14 WP_MOVED 0 497617. 3565540. 770.
23.02 14 RAD_OF_IR 9 0 0.00211
23.05 14 VN100_STATUS 33.330002 33.330002 33.330002
23.07 14 DOWNLINK_STATUS 21 7272 511 0 391. 28.
23.11 14 IR_SENSORS -882 9 1
23.18 14 COMMANDS 0,-9600,9600,-9600
23.19 14 NAVIGATION 0 1 0 0 286 0. 140.5
23.21 14 ATTITUDE 1 0 -31
23.24 14 GYRO_RATES -183 -117 -186 1.596976 -1.021018 1.623156
23.25 14 VN100_STATUS 33.330002 33.330002 33.330002
23.27 14 FBW_STATUS 2 1 114
23.30 14 ESTIMATOR 0. 0. 0. 0. 0.
23.35 14 ACTUATORS 1500,1000,0,1200,1000
23.43 14 NAVIGATION 0 1 0 0 286 0. 140.5
23.48 14 WP_MOVED 1 497586.6875 3565500. 770.
23.49 14 VN100_STATUS 33.330002 33.330002 33.330002
23.57 14 DESIRED 0. 0. 0. 0. 761. 0.
23.64 14 NAVIGATION 0 1 0 0 286 0. 140.5
23.66 14 ATTITUDE 1 0 -31
23.67 14 PPRZ_MODE 2 0 3 0 0 6 0
23.72 14 VN100_STATUS 33.330002 33.330002 33.330002
23.77 14 ESTIMATOR 0. 0. 0. 0. 0.
23.85 14 DL_VALUE 6 0.
23.88 14 NAVIGATION 0 1 0 0 286 0. 140.5
23.94 14 WP_MOVED 2 497622.6875 3565498.5 770.
23.96 14 RAD_OF_IR 9 0 0.00211
23.97 14 VN100_STATUS 33.330002 33.330002 33.330002
24.02 14 IR_SENSORS -884 9 1
24.07 14 DOWNLINK_STATUS 22 7607 535 0 335. 24.
24.11 14 COMMANDS 0,-9600,9600,-9600
24.13 14 NAVIGATION 0 1 0 0 286 0. 140.5
24.15 14 ATTITUDE 1 0 -31
24.17 14 GYRO_RATES -183 -118 -186 1.596976 -1.029744 1.623156
24.20 14 VN100_STATUS 33.330002 33.330002 33.330002
24.21 14 FBW_STATUS 2 1 114
24.23 14 ESTIMATOR 0. 0. 0. 0. 0.
24.24 14 BAT 0 114 0 0 104 0 0
24.31 14 CALIBRATION 0. 0.02 0.5 0
24.35 14 NAVIGATION 0 1 0 0 286 0. 140.5
24.41 14 WP_MOVED 3 497546.40625 3565495.5 770.
24.43 14 SERVO 9600 -9600 0
24.45 14 VN100_STATUS 33.330002 33.330002 33.330002
24.52 14 DESIRED 0. 0. 0. 0. 761. 0.
24.53 14 IR_DEBUG 639 626 639 626
24.58 14 NAVIGATION 0 1 0 0 286 0. 140.5
24.59 14 ATTITUDE 1 0 -31
24.65 14 VN100_STATUS 33.330002 33.330002 33.330002
24.69 14 ESTIMATOR 0. 0. 0. 0. 0.
24.80 14 DL_VALUE 7 0.
24.82 14 NAVIGATION 0 1 0 0 286 0. 140.5
24.88 14 WP_MOVED 4 497575. 3565498. 0.
24.90 14 RAD_OF_IR 9 0 0.00211
24.91 14 VN100_STATUS 33.330002 33.330002 33.330002
24.96 14 IR_SENSORS -884 9 1
25.04 14 COMMANDS 0,-9600,9600,-9600
25.07 14 NAVIGATION 0 1 0 0 286 0. 140.5
25.12 14 DOWNLINK_STATUS 23 7988 562 0 381. 27.
25.12 14 ATTITUDE 1 0 -31
25.13 14 GYRO_RATES -183 -117 -186 1.596976 -1.021018 1.623156
25.14 14 VN100_STATUS 33.330002 33.330002 33.330002
25.15 14 FBW_STATUS 2 1 114
25.17 14 ESTIMATOR 0. 0. 0. 0. 0.
25.30 14 NAVIGATION 0 1 0 0 286 0. 140.5
25.35 14 WP_MOVED 0 497617. 3565540. 770.
25.37 14 VN100_STATUS 33.330002 33.330002 33.330002
25.45 14 DESIRED 0. 0. 0. 0. 761. 0.
25.52 14 NAVIGATION 0 1 0 0 286 0. 140.5
25.53 14 ATTITUDE 1 0 -31
25.59 14 VN100_STATUS 33.330002 33.330002 33.330002
25.63 14 ESTIMATOR 0. 0. 0. 0. 0.
25.71 14 DL_VALUE 8 0.
25.77 14 NAVIGATION 0 1 0 0 286 0. 140.5
25.82 14 WP_MOVED 1 497586.6875 3565500. 770.
25.83 14 RAD_OF_IR 9 0 0.00211
25.85 14 VN100_STATUS 33.330002 33.330002 33.330002
25.90 14 IR_SENSORS -883 8 1
25.98 14 COMMANDS 0,-9600,9600,-9600
26.00 14 NAVIGATION 0 1 0 0 286 0. 140.5
26.02 14 ATTITUDE 1 0 -31
26.05 14 GYRO_RATES -182 -116 -185 1.58825 -1.012291 1.61443
26.06 14 VN100_STATUS 33.330002 33.330002 33.330002
26.07 14 FBW_STATUS 2 1 114
26.08 14 DOWNLINK_STATUS 24 8340 587 0 352. 25.
26.10 14 ESTIMATOR 0. 0. 0. 0. 0.
26.15 14 BAT 0 114 0 0 106 0 0
26.19 14 CALIBRATION 0. 0.02 0.5 0
26.22 14 NAVIGATION 0 1 0 0 286 0. 140.5
26.28 14 WP_MOVED 2 497622.6875 3565498.5 770.
26.29 14 SERVO 9600 -9600 0
26.31 14 VN100_STATUS 33.330002 33.330002 33.330002
26.40 14 DESIRED 0. 0. 0. 0. 761. 0.
26.41 14 IR_DEBUG 637 623 637 623
26.46 14 NAVIGATION 0 1 0 0 286 0. 140.5
26.48 14 ATTITUDE 1 0 -31
26.56 14 VN100_STATUS 33.330002 33.330002 33.330002
26.57 14 ESTIMATOR 0. 0. 0. 0. 0.
26.65 14 DL_VALUE 9 0.
26.70 14 NAVIGATION 0 1 0 0 286 0. 140.5
26.75 14 WP_MOVED 3 497546.40625 3565495.5 770.
26.78 14 RAD_OF_IR 8 0 0.00211
26.80 14 NAVIGATION_REF 497575 3565498 12
26.82 14 VN100_STATUS 33.330002 33.330002 33.330002
26.85 14 IR_SENSORS -883 9 1
26.91 14 COMMANDS 0,-9600,9600,-9600
26.95 14 NAVIGATION 0 1 0 0 286 0. 140.5
26.96 14 ATTITUDE 1 0 -31
26.98 14 GYRO_RATES -183 -117 -186 1.596976 -1.021018 1.623156
27.00 14 VN100_STATUS 33.330002 33.330002 33.330002
27.01 14 FBW_STATUS 2 1 114
27.04 14 ESTIMATOR 0. 0. 0. 0. 0.
27.08 14 DOWNLINK_STATUS 25 8725 614 0 385. 27.
27.16 14 NAVIGATION 0 1 0 0 286 0. 140.5
27.22 14 WP_MOVED 4 497575. 3565498. 0.
27.24 14 VN100_STATUS 33.330002 33.330002 33.330002
27.33 14 DESIRED 0. 0. 0. 0. 761. 0.
27.39 14 NAVIGATION 0 1 0 0 286 0. 140.5
27.40 14 ATTITUDE 1 0 -31
27.50 14 VN100_STATUS 33.330002 33.330002 33.330002
27.52 14 ESTIMATOR 0. 0. 0. 0. 0.
27.59 14 DL_VALUE 10 -85.943672
27.63 14 NAVIGATION 0 1 0 0 286 0. 140.5
27.69 14 WP_MOVED 0 497617. 3565540. 770.
27.72 14 RAD_OF_IR 8 0 0.00211
27.73 14 VN100_STATUS 33.330002 33.330002 33.330002
27.78 14 IR_SENSORS -884 9 1
27.86 14 COMMANDS 0,-9600,9600,-9600
27.90 14 NAVIGATION 0 1 0 0 286 0. 140.5
27.91 14 ATTITUDE 1 0 -31
27.94 14 GYRO_RATES -184 -118 -187 1.605703 -1.029744 1.631883
27.95 14 VN100_STATUS 33.330002 33.330002 33.330002
27.96 14 FBW_STATUS 2 1 114
27.98 14 ESTIMATOR 0. 0. 0. 0. 0.
27.99 14 BAT 0 114 0 0 108 0 0
28.07 14 ACTUATORS 1500,1000,0,1200,1000
28.10 14 CALIBRATION 0. 0.02 0.5 0
28.10 14 DOWNLINK_STATUS 26 9072 638 0 347. 24.
28.14 14 NAVIGATION 0 1 0 0 286 0. 140.5
28.17 14 WP_MOVED 1 497586.6875 3565500. 770.
28.18 14 SERVO 9600 -9600 0
28.19 14 VN100_STATUS 33.330002 33.330002 33.330002
28.26 14 DESIRED 0. 0. 0. 0. 761. 0.
28.28 14 IR_DEBUG 639 626 639 626
28.33 14 NAVIGATION 0 1 0 0 286 0. 140.5
28.35 14 ATTITUDE 1 0 -31
28.36 14 PPRZ_MODE 2 0 3 0 0 6 0
28.40 14 VN100_STATUS 33.330002 33.330002 33.330002
28.45 14 ESTIMATOR 0. 0. 0. 0. 0.
28.52 14 DL_VALUE 11 1.5
28.56 14 NAVIGATION 0 1 0 0 286 0. 140.5
28.63 14 WP_MOVED 2 497622.6875 3565498.5 770.
28.67 14 RAD_OF_IR 9 0 0.00211
28.67 14 VN100_STATUS 33.330002 33.330002 33.330002
28.71 14 IR_SENSORS -885 9 1
28.80 14 COMMANDS 0,-9600,9600,-9600
28.81 14 NAVIGATION 0 1 0 0 286 0. 140.5
28.83 14 ATTITUDE 1 0 -31
28.86 14 GYRO_RATES -183 -117 -186 1.596976 -1.021018 1.623156
28.88 14 VN100_STATUS 33.330002 33.330002 33.330002
28.88 14 FBW_STATUS 2 1 114
28.91 14 ESTIMATOR 0. 0. 0. 0. 0.
29.03 14 NAVIGATION 0 1 0 0 286 0. 140.5
29.09 14 DOWNLINK_STATUS 27 9422 663 0 350. 25.
29.11 14 WP_MOVED 3 497546.40625 3565495.5 770.
29.13 14 VN100_STATUS 33.330002 33.330002 33.330002
29.20 14 DESIRED 0. 0. 0. 0. 761. 0.
29.26 14 NAVIGATION 0 1 0 0 286 0. 140.5
29.28 14 ATTITUDE 1 0 -31
29.34 14 VN100_STATUS 33.330002 33.330002 33.330002
29.38 14 ESTIMATOR 0. 0. 0. 0. 0.
29.47 14 DL_VALUE 12 1.5
29.51 14 NAVIGATION 0 1 0 0 286 0. 140.5
29.60 14 WP_MOVED 4 497575. 3565498. 0.
29.60 14 RAD_OF_IR 9 0 0.00211
29.60 14 VN100_STATUS 33.330002 33.330002 33.330002
29.65 14 IR_SENSORS -882 9 1
29.72 14 COMMANDS 0,-9600,9600,-9600
29.75 14 NAVIGATION 0 1 0 0 286 0. 140.5
29.77 14 ATTITUDE 1 0 -31
29.80 14 GYRO_RATES -183 -117 -185 1.596976 -1.021018 1.61443
29.84 14 VN100_STATUS 33.330002 33.330002 33.330002
29.84 14 FBW_STATUS 2 1 114
29.86 14 ESTIMATOR 0. 0. 0. 0. 0.
29.87 14 BAT 0 114 0 0 110 0 0
29.94 14 CALIBRATION 0. 0.02 0.5 0
29.97 14 NAVIGATION 0 1 0 0 286 0. 140.5
30.03 14 WP_MOVED 0 497617. 3565540. 770.
30.04 14 SERVO 9600 -9600 0
30.06 14 VN100_STATUS 33.330002 33.330002 33.330002
30.10 14 DOWNLINK_STATUS 28 9793 689 0 371. 26.
30.13 14 DESIRED 0. 0. 0. 0. 761. 0.
30.18 14 IR_DEBUG 637 624 637 624
30.20 14 NAVIGATION 0 1 0 0 286 0. 140.5
30.22 14 ATTITUDE 1 0 -31
30.28 14 VN100_STATUS 33.330002 33.330002 33.330002
30.33 14 ESTIMATOR 0. 0. 0. 0. 0.
30.40 14 DL_VALUE 13 1.5
30.44 14 NAVIGATION 0 1 0 0 286 0. 140.5
30.51 14 WP_MOVED 1 497586.6875 3565500. 770.
30.53 14 RAD_OF_IR 9 0 0.00211
30.55 14 VN100_STATUS 33.330002 33.330002 33.330002
30.58 14 IR_SENSORS -882 9 1
30.66 14 COMMANDS 0,-9600,9600,-9600
30.70 14 NAVIGATION 0 1 0 0 286 0. 140.5
30.71 14 ATTITUDE 1 0 -31
30.74 14 GYRO_RATES -183 -118 -186 1.596976 -1.029744 1.623156
30.78 14 VN100_STATUS 33.330002 33.330002 33.330002
30.78 14 FBW_STATUS 2 1 114
30.80 14 ESTIMATOR 0. 0. 0. 0. 0.
30.91 14 NAVIGATION 0 1 0 0 286 0. 140.5
30.98 14 WP_MOVED 2 497622.6875 3565498.5 770.
30.99 14 VN100_STATUS 33.330002 33.330002 33.330002
31.07 14 DESIRED 0. 0. 0. 0. 761. 0.
31.09 14 DOWNLINK_STATUS 29 10134 712 0 341. 23.
31.14 14 NAVIGATION 0 1 0 0 286 0. 140.5
31.16 14 ATTITUDE 1 0 -31
31.22 14 VN100_STATUS 33.330002 33.330002 33.330002
31.26 14 ESTIMATOR 0. 0. 0. 0. 0.
31.34 14 DL_VALUE 14 1.5
31.38 14 NAVIGATION 0 1 0 0 286 0. 140.5
31.44 14 WP_MOVED 3 497546.40625 3565495.5 770.
31.48 14 RAD_OF_IR 9 0 0.00211
31.50 14 VN100_STATUS 33.330002 33.330002 33.330002
31.53 14 IR_SENSORS -884 9 1
31.60 14 COMMANDS 0,-9600,9600,-9600
31.63 14 NAVIGATION 0 1 0 0 286 0. 140.5
31.64 14 ATTITUDE 1 0 -31
31.68 14 GYRO_RATES -183 -118 -187 1.596976 -1.029744 1.631883
31.69 14 VN100_STATUS 33.330002 33.330002 33.330002
31.70 14 FBW_STATUS 2 1 114
31.74 14 ESTIMATOR 0. 0. 0. 0. 0.
31.75 14 BAT 0 114 0 0 112 0 0
31.81 14 CALIBRATION 0. 0.02 0.5 0
31.84 14 NAVIGATION 0 1 0 0 286 0. 140.5
31.91 14 WP_MOVED 4 497575. 3565498. 0.
31.93 14 SERVO 9600 -9600 0
31.94 14 VN100_STATUS 33.330002 33.330002 33.330002
32.02 14 DESIRED 0. 0. 0. 0. 761. 0.
32.02 14 IR_DEBUG 639 625 639 625
32.08 14 NAVIGATION 0 1 0 0 286 0. 140.5
32.09 14 ATTITUDE 1 0 -31
32.09 14 DOWNLINK_STATUS 30 10512 739 0 378. 27.
32.15 14 VN100_STATUS 33.330002 33.330002 33.330002
32.20 14 ESTIMATOR 0. 0. 0. 0. 0.
32.28 14 DL_VALUE 15 0.
32.31 14 NAVIGATION 0 1 0 0 286 0. 140.5
32.38 14 WP_MOVED 0 497617. 3565540. 770.
32.39 14 RAD_OF_IR 9 0 0.00211
32.41 14 VN100_STATUS 33.330002 33.330002 33.330002
32.46 14 IR_SENSORS -884 9 1
32.54 14 COMMANDS 0,-9600,9600,-9600
32.57 14 NAVIGATION 0 1 0 0 286 0. 140.5
32.58 14 ATTITUDE 1 0 -31
32.62 14 GYRO_RATES -182 -117 -186 1.58825 -1.021018 1.623156
32.62 14 VN100_STATUS 33.330002 33.330002 33.330002
32.64 14 FBW_STATUS 2 1 114
32.66 14 ESTIMATOR 0. 0. 0. 0. 0.
32.73 14 ACTUATORS 1500,1000,0,1200,1000
32.78 14 NAVIGATION 0 1 0 0 286 0. 140.5
32.85 14 WP_MOVED 1 497586.6875 3565500. 770.
32.87 14 VN100_STATUS 33.330002 33.330002 33.330002
32.95 14 DESIRED 0. 0. 0. 0. 761. 0.
33.02 14 NAVIGATION 0 1 0 0 286 0. 140.5
33.04 14 ATTITUDE 1 0 -31
33.05 14 PPRZ_MODE 2 0 3 0 0 6 0
33.10 14 VN100_STATUS 33.330002 33.330002 33.330002
33.10 14 DOWNLINK_STATUS 31 10853 763 0 341. 24.
33.13 14 ESTIMATOR 0. 0. 0. 0. 0.
33.21 14 DL_VALUE 16 1.
33.25 14 NAVIGATION 0 1 0 0 286 0. 140.5
33.32 14 WP_MOVED 2 497622.6875 3565498.5 770.
33.34 14 RAD_OF_IR 9 0 0.00211
33.34 14 VN100_STATUS 33.330002 33.330002 33.330002
33.40 14 IR_SENSORS -882 9 1
33.48 14 COMMANDS 0,-9600,9600,-9600
33.50 14 NAVIGATION 0 1 0 0 286 0. 140.5
33.52 14 ATTITUDE 1 0 -31
33.54 14 GYRO_RATES -182 -116 -185 1.58825 -1.012291 1.61443
33.58 14 VN100_STATUS 33.330002 33.330002 33.330002
33.58 14 FBW_STATUS 2 1 114
33.60 14 ESTIMATOR 0. 0. 0. 0. 0.
33.61 14 BAT 0 114 0 0 114 0 0
33.68 14 CALIBRATION 0. 0.02 0.5 0
33.72 14 NAVIGATION 0 1 0 0 286 0. 140.5
33.78 14 WP_MOVED 3 497546.40625 3565495.5 770.
33.79 14 SERVO 9600 -9600 0
33.81 14 VN100_STATUS 33.330002 33.330002 33.330002
33.88 14 DESIRED 0. 0. 0. 0. 761. 0.
33.90 14 IR_DEBUG 637 623 637 623
33.95 14 NAVIGATION 0 1 0 0 286 0. 140.5
33.97 14 ATTITUDE 1 0 -31
34.02 14 VN100_STATUS 33.330002 33.330002 33.330002
34.07 14 ESTIMATOR 0. 0. 0. 0. 0.
34.09 14 DOWNLINK_STATUS 32 11227 789 0 374. 26.
34.16 14 DL_VALUE 17 470.
34.19 14 NAVIGATION 0 1 0 0 286 0. 140.5
34.25 14 WP_MOVED 4 497575. 3565498. 0.
34.26 14 RAD_OF_IR 9 0 0.00211
34.28 14 VN100_STATUS 33.330002 33.330002 33.330002
34.34 14 IR_SENSORS -883 9 1
34.41 14 COMMANDS 0,-9600,9600,-9600
34.44 14 NAVIGATION 0 1 0 0 286 0. 140.5
34.46 14 ATTITUDE 1 0 -31
34.48 14 GYRO_RATES -184 -118 -187 1.605703 -1.029744 1.631883
34.50 14 VN100_STATUS 33.330002 33.330002 33.330002
34.51 14 FBW_STATUS 2 1 114
34.54 14 ESTIMATOR 0. 0. 0. 0. 0.
34.66 14 NAVIGATION 0 1 0 0 286 0. 140.5
34.72 14 WP_MOVED 0 497617. 3565540. 770.
34.74 14 VN100_STATUS 33.330002 33.330002 33.330002
34.82 14 DESIRED 0. 0. 0. 0. 761. 0.
