48.99 66 ESTIMATOR 0. 0. 0. 0. 0.
49.02 66 BAT 0 120 0 0 0 0 0
49.06 66 ACTUATORS 1500,1500,0,1200,1500
49.06 66 CALIBRATION 0. 0.02 0.5 0
49.08 66 WP_MOVED 1 497586.6875 3565500. 770.
49.08 66 ATTITUDE 1 0 -40
49.10 66 PPRZ_MODE 2 0 3 0 0 0 0
49.12 66 ESTIMATOR 0. 0. 0. 0. 0.
49.15 66 DL_VALUE 0 761.
49.19 66 NAVIGATION 0 1 0 0 286 0. 140.5
49.26 66 WP_MOVED 2 497622.6875 3565498.5 770.
49.26 66 RAD_OF_IR 7 0 0.00211
49.28 66 NAVIGATION_REF 497575 3565498 12
49.34 66 ACCEL_RATES -528 -516 -509 -5.28 -5.16 -5.09
49.35 66 IR_SENSORS -935 7 1
49.43 66 COMMANDS 0,0,0,0
49.43 66 NAVIGATION 0 1 0 0 286 0. 140.5
49.45 66 ATTITUDE 1 0 -40
49.47 66 GYRO_RATES -1 75 -9 0.008727 0.654498 0.07854
49.51 66 PPRZ_MODE 2 0 3 0 0 6 0
49.51 66 FBW_STATUS 2 1 120
49.52 66 DOWNLINK_STATUS 47 296 24 0 296. 24.
49.53 66 ESTIMATOR 0. 0. 0. 0. 0.
49.65 66 NAVIGATION 0 1 0 0 286 0. 140.5
49.72 66 WP_MOVED 3 497546.40625 3565495.5 770.
49.81 66 ACCEL_RATES -528 -516 -509 -5.28 -5.16 -5.09
49.84 66 DESIRED 0. 0. 0. 0. 761. 0.
49.89 66 NAVIGATION 0 1 0 0 286 0. 140.5
49.90 66 ATTITUDE 1 0 -40
50.52 66 DOWNLINK_STATUS 48 423 31 0 127. 7.
51.53 66 DOWNLINK_STATUS 49 423 31 0 0. 0.
52.53 66 DOWNLINK_STATUS 50 423 31 0 0. 0.
53.53 66 DOWNLINK_STATUS 51 423 31 0 0. 0.
54.54 66 DOWNLINK_STATUS 52 423 31 0 0. 0.
55.54 66 DOWNLINK_STATUS 53 423 31 0 0. 0.
56.54 66 DOWNLINK_STATUS 54 423 31 0 0. 0.
57.53 66 DOWNLINK_STATUS 55 423 31 0 0. 0.
58.54 66 DOWNLINK_STATUS 56 423 31 0 0. 0.
59.56 66 DOWNLINK_STATUS 57 423 31 0 0. 0.
60.55 66 DOWNLINK_STATUS 58 423 31 0 0. 0.
61.55 66 DOWNLINK_STATUS 59 423 31 0 0. 0.
62.55 66 DOWNLINK_STATUS 60 423 31 0 0. 0.
63.55 66 DOWNLINK_STATUS 61 423 31 0 0. 0.
64.55 66 DOWNLINK_STATUS 62 423 31 0 0. 0.
65.55 66 DOWNLINK_STATUS 63 423 31 0 0. 0.
66.56 66 DOWNLINK_STATUS 64 423 31 0 0. 0.
67.54 66 BOOT 1
67.58 66 PPRZ_MODE 2 0 0 0 0 1 0
67.58 66 FBW_STATUS 0 0 0
67.58 66 DOWNLINK_STATUS 65 441 34 0 18. 3.
67.59 66 ESTIMATOR 0. 0. 0. 0. 0.
67.61 66 BAT 0 111 0 0 0 0 0
67.63 66 ACTUATORS 1500,1500,0,1200,1500
67.64 66 CALIBRATION 0. 0.02 0.5 0
67.67 66 WP_MOVED 1 497586.6875 3565500. 770.
67.69 66 ATTITUDE 1 0 -26
67.69 66 PPRZ_MODE 2 0 3 0 0 0 0
67.72 66 ESTIMATOR 0. 0. 0. 0. 0.
67.74 66 DL_VALUE 0 761.
67.79 66 NAVIGATION 0 1 0 0 286 0. 140.5
67.84 66 WP_MOVED 2 497622.6875 3565498.5 770.
67.87 66 RAD_OF_IR 8 0 0.00211
67.87 66 NAVIGATION_REF 497575 3565498 12
67.94 66 ACCEL_RATES -528 -516 -509 -5.28 -5.16 -5.09
67.96 66 IR_SENSORS -859 8 1
68.02 66 COMMANDS 0,0,0,0
68.04 66 NAVIGATION 0 1 0 0 286 0. 140.5
68.08 66 ATTITUDE 1 0 -26
68.09 66 GYRO_RATES -1 75 -9 0.008727 0.654498 0.07854
68.09 66 PPRZ_MODE 2 0 3 0 0 6 0
68.11 66 FBW_STATUS 2 1 111
68.13 66 ESTIMATOR 0. 0. 0. 0. 0.
68.25 66 NAVIGATION 0 1 0 0 286 0. 140.5
68.32 66 WP_MOVED 3 497546.40625 3565495.5 770.
68.41 66 ACCEL_RATES -528 -516 -509 -5.28 -5.16 -5.09
68.44 66 DESIRED 0. 0. 0. 0. 761. 0.
68.50 66 NAVIGATION 0 1 0 0 286 0. 140.5
68.51 66 ATTITUDE 1 0 -26
68.58 66 DOWNLINK_STATUS 66 846 62 0 405. 28.
69.47 66 BOOT 1
69.51 66 PPRZ_MODE 2 0 0 0 0 1 0
69.51 66 FBW_STATUS 0 0 0
69.53 66 ESTIMATOR 0. 0. 0. 0. 0.
69.56 66 BAT 0 111 0 0 0 0 0
69.61 66 ACTUATORS 1500,1500,0,1200,1500
69.61 66 CALIBRATION 0. 0.02 0.5 0
69.61 66 DOWNLINK_STATUS 67 928 69 0 82. 7.
69.62 66 WP_MOVED 1 497586.6875 3565500. 770.
69.62 66 ATTITUDE 1 0 -26
69.64 66 PPRZ_MODE 2 0 3 0 0 0 0
69.66 66 ESTIMATOR 0. 0. 0. 0. 0.
69.68 66 DL_VALUE 0 761.
69.72 66 NAVIGATION 0 1 0 0 286 0. 140.5
69.78 66 WP_MOVED 2 497622.6875 3565498.5 770.
69.80 66 RAD_OF_IR 8 0 0.00211
69.81 66 NAVIGATION_REF 497575 3565498 12
69.88 66 ACCEL_RATES -528 -516 -509 -5.28 -5.16 -5.09
69.89 66 IR_SENSORS -859 8 1
69.95 66 COMMANDS 0,0,0,0
69.97 66 NAVIGATION 0 1 0 0 286 0. 140.5
69.99 66 ATTITUDE 1 0 -26
70.02 66 GYRO_RATES -1 75 -9 0.008727 0.654498 0.07854
70.03 66 PPRZ_MODE 2 0 3 0 0 6 0
70.04 66 FBW_STATUS 2 1 111
70.11 66 ESTIMATOR 0. 0. 0. 0. 0.
70.21 66 NAVIGATION 0 1 0 0 286 0. 140.5
70.25 66 WP_MOVED 3 497546.40625 3565495.5 770.
70.35 66 ACCEL_RATES -528 -516 -509 -5.28 -5.16 -5.09
70.38 66 DESIRED 0. 0. 0. 0. 761. 0.
70.42 66 NAVIGATION 0 1 0 0 286 0. 140.5
70.44 66 ATTITUDE 1 0 -26
70.54 66 ESTIMATOR 0. 0. 0. 0. 0.
70.59 66 DOWNLINK_STATUS 68 1291 94 0 363. 25.
70.63 66 DL_VALUE 1 1.
70.66 66 NAVIGATION 0 1 0 0 286 0. 140.5
70.73 66 WP_MOVED 4 497575. 3565498. 0.
70.74 66 RAD_OF_IR 9 0 0.00211
70.81 66 ACCEL_RATES -528 -516 -509 -5.28 -5.16 -5.09
70.83 66 IR_SENSORS -858 9 1
70.88 66 COMMANDS 0,-554,-6037,-785
70.91 66 NAVIGATION 0 1 0 0 286 0. 140.5
70.93 66 ATTITUDE 1 0 -26
70.95 66 GYRO_RATES -1 75 -9 0.008727 0.654498 0.07854
70.97 66 FBW_STATUS 2 1 111
71.01 66 ESTIMATOR 0. 0. 0. 0. 0.
71.03 66 BAT 0 111 0 0 2 1 0
71.10 66 CALIBRATION 0. 0.02 0.5 0
71.14 66 NAVIGATION 0 1 0 0 286 0. 140.5
71.19 66 WP_MOVED 0 497617. 3565540. 770.
71.20 66 SERVO -6084 -602 0
71.30 66 ACCEL_RATES -528 -516 -509 -5.28 -5.16 -5.09
71.33 66 DESIRED 0. 0. 0. 0. 761. 0.
71.34 66 IR_DEBUG 620 608 620 608
71.36 66 NAVIGATION 0 1 0 0 286 0. 140.5
71.37 66 ATTITUDE 1 0 -26
71.47 66 ESTIMATOR 0. 0. 0. 0. 0.
71.56 66 DL_VALUE 2 0.
71.59 66 DOWNLINK_STATUS 69 1634 118 0 343. 24.
71.60 66 NAVIGATION 0 1 0 0 286 0. 140.5
71.67 66 WP_MOVED 1 497586.6875 3565500. 770.
71.67 66 RAD_OF_IR 8 0 0.00211
71.75 66 ACCEL_RATES -528 -516 -509 -5.28 -5.16 -5.09
71.77 66 IR_SENSORS -858 8 1
71.82 66 COMMANDS 0,-554,-6037,-785
71.85 66 NAVIGATION 0 1 0 0 286 0. 140.5
71.86 66 ATTITUDE 1 0 -26
71.89 66 GYRO_RATES -1 75 -8 0.008727 0.654498 0.069813
71.92 66 FBW_STATUS 2 1 111
71.96 66 ESTIMATOR 0. 0. 0. 0. 0.
72.08 66 NAVIGATION 0 1 0 0 286 0. 140.5
72.13 66 WP_MOVED 2 497622.6875 3565498.5 770.
72.22 66 ACCEL_RATES -528 -516 -509 -5.28 -5.16 -5.09
72.26 66 DESIRED 0. 0. 0. 0. 761. 0.
72.30 66 NAVIGATION 0 1 0 0 286 0. 140.5
72.33 66 ATTITUDE 1 0 -26
72.42 66 ESTIMATOR 0. 0. 0. 0. 0.
72.49 66 DL_VALUE 3 0.
72.53 66 NAVIGATION 0 1 0 0 286 0. 140.5
72.59 66 DOWNLINK_STATUS 70 1941 138 0 307. 20.
72.64 66 WP_MOVED 3 497546.40625 3565495.5 770.
72.64 66 RAD_OF_IR 9 0 0.00211
72.69 66 ACCEL_RATES -528 -516 -509 -5.28 -5.16 -5.09
72.71 66 IR_SENSORS -858 8 1
72.76 66 COMMANDS 0,-602,-6084,-698
72.80 66 NAVIGATION 0 1 0 0 286 0. 140.5
72.82 66 ATTITUDE 1 0 -26
72.84 66 GYRO_RATES -1 75 -9 0.008727 0.654498 0.07854
72.87 66 FBW_STATUS 2 1 111
72.88 66 ESTIMATOR 0. 0. 0. 0. 0.
72.90 66 BAT 0 111 0 0 4 1 0
72.98 66 CALIBRATION 0. 0.02 0.5 0
73.00 66 NAVIGATION 0 1 0 0 286 0. 140.5
73.08 66 WP_MOVED 4 497575. 3565498. 0.
73.10 66 SERVO -6084 -602 0
73.18 66 ACCEL_RATES -528 -516 -509 -5.28 -5.16 -5.09
73.20 66 DESIRED 0. 0. 0. 0. 761. 0.
73.21 66 IR_DEBUG 620 608 620 608
73.23 66 NAVIGATION 0 1 0 0 286 0. 140.5
73.25 66 ATTITUDE 1 0 -26
73.37 66 ESTIMATOR 0. 0. 0. 0. 0.
73.44 66 DL_VALUE 4 2.
73.47 66 NAVIGATION 0 1 0 0 286 0. 140.5
73.54 66 WP_MOVED 0 497617. 3565540. 770.
73.54 66 RAD_OF_IR 9 0 0.00211
73.60 66 DOWNLINK_STATUS 71 2302 163 0 361. 25.
73.63 66 ACCEL_RATES -528 -516 -509 -5.28 -5.16 -5.09
73.64 66 IR_SENSORS -859 8 1
73.70 66 COMMANDS 0,-554,-6084,-785
73.72 66 NAVIGATION 0 1 0 0 286 0. 140.5
73.74 66 ATTITUDE 1 0 -26
73.76 66 GYRO_RATES -1 75 -9 0.008727 0.654498 0.07854
73.79 66 FBW_STATUS 2 1 111
73.82 66 ESTIMATOR 0. 0. 0. 0. 0.
73.89 66 ACTUATORS 1152,1785,0,1200,1536
73.94 66 NAVIGATION 0 1 0 0 286 0. 140.5
74.00 66 WP_MOVED 1 497586.6875 3565500. 770.
74.10 66 ACCEL_RATES -528 -516 -509 -5.28 -5.16 -5.09
74.13 66 DESIRED 0. 0. 0. 0. 761. 0.
74.17 66 NAVIGATION 0 1 0 0 286 0. 140.5
74.19 66 ATTITUDE 1 0 -26
74.20 66 PPRZ_MODE 2 0 3 0 0 6 0
74.29 66 ESTIMATOR 0. 0. 0. 0. 0.
74.39 66 DL_VALUE 5 0.
74.44 66 NAVIGATION 0 1 0 0 286 0. 140.5
74.48 66 WP_MOVED 2 497622.6875 3565498.5 770.
74.49 66 RAD_OF_IR 7 0 0.00211
74.56 66 ACCEL_RATES -528 -516 -509 -5.28 -5.16 -5.09
74.59 66 IR_SENSORS -859 8 1
74.63 66 DOWNLINK_STATUS 72 2641 186 0 339. 23.
74.63 66 COMMANDS 0,-602,-6132,-785
74.66 66 NAVIGATION 0 1 0 0 286 0. 140.5
74.67 66 ATTITUDE 1 0 -26
74.70 66 GYRO_RATES -1 75 -9 0.008727 0.654498 0.07854
74.72 66 FBW_STATUS 2 1 111
74.76 66 ESTIMATOR 0. 0. 0. 0. 0.
74.77 66 BAT 0 111 0 0 6 1 0
74.84 66 CALIBRATION 0. 0.02 0.5 0
74.88 66 NAVIGATION 0 1 0 0 286 0. 140.5
74.95 66 WP_MOVED 3 497546.40625 3565495.5 770.
74.98 66 SERVO -6037 -554 0
75.03 66 ACCEL_RATES -528 -516 -509 -5.28 -5.16 -5.09
75.08 66 DESIRED 0. 0. 0. 0. 761. 0.
75.12 66 IR_DEBUG 620 607 620 607
75.12 66 NAVIGATION 0 1 0 0 286 0. 140.5
75.13 66 ATTITUDE 1 0 -26
75.23 66 ESTIMATOR 0. 0. 0. 0. 0.
75.30 66 DL_VALUE 6 0.
75.38 66 NAVIGATION 0 1 0 0 286 0. 140.5
75.41 66 WP_MOVED 4 497575. 3565498. 0.
75.42 66 RAD_OF_IR 9 0 0.00211
75.50 66 ACCEL_RATES -528 -516 -509 -5.28 -5.16 -5.09
75.52 66 IR_SENSORS -858 9 1
75.58 66 COMMANDS 0,-602,-6084,-698
75.61 66 NAVIGATION 0 1 0 0 286 0. 140.5
75.61 66 DOWNLINK_STATUS 73 3006 211 0 365. 25.
75.61 66 ATTITUDE 1 0 -26
75.63 66 GYRO_RATES -1 75 -9 0.008727 0.654498 0.07854
75.66 66 FBW_STATUS 2 1 111
75.69 66 ESTIMATOR 0. 0. 0. 0. 0.
75.82 66 NAVIGATION 0 1 0 0 286 0. 140.5
75.88 66 WP_MOVED 0 497617. 3565540. 770.
75.97 66 ACCEL_RATES -528 -516 -509 -5.28 -5.16 -5.09
76.01 66 DESIRED 0. 0. 0. 0. 761. 0.
76.05 66 NAVIGATION 0 1 0 0 286 0. 140.5
76.06 66 ATTITUDE 1 0 -26
76.16 66 ESTIMATOR 0. 0. 0. 0. 0.
76.25 66 DL_VALUE 7 0.
76.30 66 NAVIGATION 0 1 0 0 286 0. 140.5
76.35 66 WP_MOVED 1 497586.6875 3565500. 770.
76.38 66 RAD_OF_IR 9 0 0.00211
76.46 66 ACCEL_RATES -528 -516 -509 -5.28 -5.16 -5.09
76.48 66 IR_SENSORS -858 9 1
76.51 66 COMMANDS 0,-554,-6084,-698
76.54 66 NAVIGATION 0 1 0 0 286 0. 140.5
76.55 66 ATTITUDE 1 0 -26
76.57 66 GYRO_RATES -1 75 -9 0.008727 0.654498 0.07854
76.59 66 FBW_STATUS 2 1 111
76.64 66 DOWNLINK_STATUS 74 3328 233 0 322. 22.
76.64 66 ESTIMATOR 0. 0. 0. 0. 0.
76.65 66 BAT 0 111 0 0 7 0 0
76.73 66 CALIBRATION 0. 0.02 0.5 0
76.76 66 NAVIGATION 0 1 0 0 286 0. 140.5
76.82 66 WP_MOVED 2 497622.6875 3565498.5 770.
76.83 66 SERVO -6084 -554 0
76.91 66 ACCEL_RATES -528 -516 -509 -5.28 -5.16 -5.09
76.95 66 DESIRED 0. 0. 0. 0. 761. 0.
76.96 66 IR_DEBUG 620 607 620 607
76.99 66 NAVIGATION 0 1 0 0 286 0. 140.5
76.99 66 ATTITUDE 1 0 -26
77.10 66 ESTIMATOR 0. 0. 0. 0. 0.
77.18 66 DL_VALUE 8 0.
77.24 66 NAVIGATION 0 1 0 0 286 0. 140.5
77.29 66 WP_MOVED 3 497546.40625 3565495.5 770.
77.30 66 RAD_OF_IR 8 0 0.00211
77.37 66 ACCEL_RATES -528 -516 -509 -5.28 -5.16 -5.09
77.40 66 IR_SENSORS -858 8 1
77.45 66 COMMANDS 0,-554,-6037,-785
77.47 66 NAVIGATION 0 1 0 0 286 0. 140.5
77.49 66 ATTITUDE 1 0 -26
77.52 66 GYRO_RATES -1 75 -9 0.008727 0.654498 0.07854
77.53 66 FBW_STATUS 2 1 111
77.57 66 ESTIMATOR 0. 0. 0. 0. 0.
77.63 66 DOWNLINK_STATUS 75 3686 257 0 358. 24.
77.69 66 NAVIGATION 0 1 0 0 286 0. 140.5
77.75 66 WP_MOVED 4 497575. 3565498. 0.
77.85 66 ACCEL_RATES -528 -516 -509 -5.28 -5.16 -5.09
77.88 66 DESIRED 0. 0. 0. 0. 761. 0.
77.93 66 NAVIGATION 0 1 0 0 286 0. 140.5
77.94 66 ATTITUDE 1 0 -26
78.04 66 ESTIMATOR 0. 0. 0. 0. 0.
78.13 66 DL_VALUE 9 -1.5
78.18 66 NAVIGATION 0 1 0 0 286 0. 140.5
78.22 66 WP_MOVED 0 497617. 3565540. 770.
78.23 66 RAD_OF_IR 9 0 0.00211
78.24 66 NAVIGATION_REF 497575 3565498 12
78.32 66 ACCEL_RATES -528 -516 -509 -5.28 -5.16 -5.09
78.33 66 IR_SENSORS -858 8 1
78.38 66 COMMANDS 0,-602,-6084,-698
78.41 66 NAVIGATION 0 1 0 0 286 0. 140.5
78.43 66 ATTITUDE 1 0 -26
78.45 66 GYRO_RATES -1 75 -9 0.008727 0.654498 0.07854
78.47 66 FBW_STATUS 2 1 111
78.51 66 ESTIMATOR 0. 0. 0. 0. 0.
78.53 66 BAT 0 111 0 0 9 0 0
78.58 66 ACTUATORS 1155,1788,0,1200,1536
78.60 66 CALIBRATION 0. 0.02 0.5 0
78.64 66 DOWNLINK_STATUS 76 4028 280 0 342. 23.
78.64 66 NAVIGATION 0 1 0 0 286 0. 140.5
78.69 66 WP_MOVED 1 497586.6875 3565500. 770.
78.70 66 SERVO -6084 -602 0
78.78 66 ACCEL_RATES -528 -516 -509 -5.28 -5.16 -5.09
78.83 66 DESIRED 0. 0. 0. 0. 761. 0.
78.85 66 IR_DEBUG 620 608 620 608
78.86 66 NAVIGATION 0 1 0 0 286 0. 140.5
78.88 66 ATTITUDE 1 0 -26
78.89 66 PPRZ_MODE 2 0 3 0 0 6 0
78.97 66 ESTIMATOR 0. 0. 0. 0. 0.
79.06 66 DL_VALUE 10 1.5
79.12 66 NAVIGATION 0 1 0 0 286 0. 140.5
79.17 66 WP_MOVED 2 497622.6875 3565498.5 770.
79.18 66 RAD_OF_IR 9 0 0.00211
79.26 66 ACCEL_RATES -528 -516 -509 -5.28 -5.16 -5.09
79.28 66 IR_SENSORS -858 8 1
79.33 66 COMMANDS 0,-602,-6084,-785
79.35 66 NAVIGATION 0 1 0 0 286 0. 140.5
79.36 66 ATTITUDE 1 0 -26
79.38 66 GYRO_RATES -1 75 -8 0.008727 0.654498 0.069813
79.41 66 FBW_STATUS 2 1 111
79.45 66 ESTIMATOR 0. 0. 0. 0. 0.
79.57 66 NAVIGATION 0 1 0 0 286 0. 140.5
79.62 66 DOWNLINK_STATUS 77 4362 303 0 334. 23.
79.68 66 WP_MOVED 3 497546.40625 3565495.5 770.
79.74 66 ACCEL_RATES -528 -516 -509 -5.28 -5.16 -5.09
79.75 66 DESIRED 0. 0. 0. 0. 761. 0.
79.80 66 NAVIGATION 0 1 0 0 286 0. 140.5
79.81 66 ATTITUDE 1 0 -26
79.92 66 ESTIMATOR 0. 0. 0. 0. 0.
80.00 66 DL_VALUE 11 1.5
80.05 66 NAVIGATION 0 1 0 0 286 0. 140.5
80.10 66 WP_MOVED 4 497575. 3565498. 0.
80.11 66 RAD_OF_IR 8 0 0.00211
80.20 66 ACCEL_RATES -528 -516 -509 -5.28 -5.16 -5.09
80.23 66 IR_SENSORS -858 9 1
80.26 66 COMMANDS 0,-602,-6084,-698
80.29 66 NAVIGATION 0 1 0 0 286 0. 140.5
80.30 66 ATTITUDE 1 0 -26
80.32 66 GYRO_RATES -1 75 -8 0.008727 0.654498 0.069813
80.34 66 FBW_STATUS 2 1 111
80.38 66 ESTIMATOR 0. 0. 0. 0. 0.
80.40 66 BAT 0 111 0 0 11 0 0
80.47 66 CALIBRATION 0. 0.02 0.5 0
80.50 66 NAVIGATION 0 1 0 0 286 0. 140.5
80.56 66 WP_MOVED 0 497617. 3565540. 770.
80.57 66 SERVO -6037 -554 0
80.65 66 DOWNLINK_STATUS 78 4703 326 0 341. 23.
80.66 66 ACCEL_RATES -528 -516 -509 -5.28 -5.16 -5.09
80.69 66 DESIRED 0. 0. 0. 0. 761. 0.
80.71 66 IR_DEBUG 619 607 619 607
80.73 66 NAVIGATION 0 1 0 0 286 0. 140.5
80.75 66 ATTITUDE 1 0 -26
80.85 66 ESTIMATOR 0. 0. 0. 0. 0.
80.92 66 DL_VALUE 12 1.5
80.98 66 NAVIGATION 0 1 0 0 286 0. 140.5
81.03 66 WP_MOVED 1 497586.6875 3565500. 770.
81.05 66 RAD_OF_IR 8 0 0.00211
81.22 66 ACCEL_RATES -528 -516 -509 -5.28 -5.16 -5.09
81.22 66 IR_SENSORS -858 9 1
81.22 66 COMMANDS 0,-554,-6084,-698
81.22 66 NAVIGATION 0 1 0 0 286 0. 140.5
81.24 66 ATTITUDE 1 0 -26
81.25 66 GYRO_RATES -1 75 -8 0.008727 0.654498 0.069813
81.28 66 FBW_STATUS 2 1 111
81.31 66 ESTIMATOR 0. 0. 0. 0. 0.
81.44 66 NAVIGATION 0 1 0 0 286 0. 140.5
81.51 66 WP_MOVED 2 497622.6875 3565498.5 770.
81.60 66 ACCEL_RATES -528 -516 -509 -5.28 -5.16 -5.09
81.64 66 DESIRED 0. 0. 0. 0. 761. 0.
81.67 66 DOWNLINK_STATUS 79 5048 348 0 345. 22.
81.68 66 NAVIGATION 0 1 0 0 286 0. 140.5
81.68 66 ATTITUDE 1 0 -26
81.78 66 ESTIMATOR 0. 0. 0. 0. 0.
81.87 66 DL_VALUE 13 1.5
81.91 66 NAVIGATION 0 1 0 0 286 0. 140.5
81.97 66 WP_MOVED 3 497546.40625 3565495.5 770.
81.98 66 RAD_OF_IR 8 0 0.00211
82.06 66 ACCEL_RATES -528 -516 -509 -5.28 -5.16 -5.09
82.07 66 IR_SENSORS -859 8 1
82.14 66 COMMANDS 0,-554,-6084,-785
82.16 66 NAVIGATION 0 1 0 0 286 0. 140.5
82.17 66 ATTITUDE 1 0 -26
82.19 66 GYRO_RATES -1 75 -8 0.008727 0.654498 0.069813
82.22 66 FBW_STATUS 2 1 111
82.25 66 ESTIMATOR 0. 0. 0. 0. 0.
82.27 66 BAT 0 111 0 0 13 0 0
82.34 66 CALIBRATION 0. 0.02 0.5 0
82.37 66 NAVIGATION 0 1 0 0 286 0. 140.5
82.44 66 WP_MOVED 4 497575. 3565498. 0.
82.46 66 SERVO -6037 -554 0
82.53 66 ACCEL_RATES -528 -516 -509 -5.28 -5.16 -5.09
82.56 66 DESIRED 0. 0. 0. 0. 761. 0.
82.58 66 IR_DEBUG 619 607 619 607
82.61 66 NAVIGATION 0 1 0 0 286 0. 140.5
82.62 66 ATTITUDE 1 0 -26
82.65 66 DOWNLINK_STATUS 80 5410 373 0 362. 25.
82.73 66 ESTIMATOR 0. 0. 0. 0. 0.
82.82 66 DL_VALUE 14 0.
82.84 66 NAVIGATION 0 1 0 0 286 0. 140.5
82.91 66 WP_MOVED 0 497617. 3565540. 770.
82.92 66 RAD_OF_IR 9 0 0.00211
82.99 66 ACCEL_RATES -528 -516 -509 -5.28 -5.16 -5.09
83.01 66 IR_SENSORS -859 8 1
83.07 66 COMMANDS 0,-602,-6084,-698
83.09 66 NAVIGATION 0 1 0 0 286 0. 140.5
83.11 66 ATTITUDE 1 0 -26
83.13 66 GYRO_RATES -1 75 -8 0.008727 0.654498 0.069813
83.17 66 FBW_STATUS 2 1 111
83.19 66 ESTIMATOR 0. 0. 0. 0. 0.
83.26 66 ACTUATORS 1152,1785,0,1200,1536
83.31 66 NAVIGATION 0 1 0 0 286 0. 140.5
83.39 66 WP_MOVED 1 497586.6875 3565500. 770.
83.47 66 ACCEL_RATES -528 -516 -509 -5.28 -5.16 -5.09
83.50 66 DESIRED 0. 0. 0. 0. 761. 0.
83.54 66 NAVIGATION 0 1 0 0 286 0. 140.5
83.56 66 ATTITUDE 1 0 -26
83.57 66 PPRZ_MODE 2 0 3 0 0 6 0
83.64 66 DOWNLINK_STATUS 81 5721 394 0 311. 21.
83.66 66 ESTIMATOR 0. 0. 0. 0. 0.
83.74 66 DL_VALUE 15 0.5
83.78 66 NAVIGATION 0 1 0 0 286 0. 140.5
83.86 66 WP_MOVED 2 497622.6875 3565498.5 770.
83.86 66 RAD_OF_IR 9 0 0.00211
83.93 66 ACCEL_RATES -528 -516 -509 -5.28 -5.16 -5.09
83.95 66 IR_SENSORS -858 9 1
84.00 66 COMMANDS 0,-602,-6084,-698
84.05 66 NAVIGATION 0 1 0 0 286 0. 140.5
84.07 66 ATTITUDE 1 0 -26
84.07 66 GYRO_RATES -1 75 -8 0.008727 0.654498 0.069813
84.09 66 FBW_STATUS 2 1 111
84.14 66 ESTIMATOR 0. 0. 0. 0. 0.
84.18 66 BAT 0 111 0 0 15 0 0
84.21 66 CALIBRATION 0. 0.02 0.5 0
84.25 66 NAVIGATION 0 1 0 0 286 0. 140.5
84.31 66 WP_MOVED 3 497546.40625 3565495.5 770.
84.32 66 SERVO -6084 -427 0
84.40 66 ACCEL_RATES -528 -516 -509 -5.28 -5.16 -5.09
84.43 66 DESIRED 0. 0. 0. 0. 761. 0.
84.46 66 IR_DEBUG 620 607 620 607
84.48 66 NAVIGATION 0 1 0 0 286 0. 140.5
84.49 66 ATTITUDE 1 0 -26
84.60 66 ESTIMATOR 0. 0. 0. 0. 0.
84.65 66 DOWNLINK_STATUS 82 6079 418 0 358. 24.
84.68 66 DL_VALUE 16 0.5
84.73 66 NAVIGATION 0 1 0 0 286 0. 140.5
84.78 66 WP_MOVED 4 497575. 3565498. 0.
84.79 66 RAD_OF_IR 8 0 0.00211
84.87 66 ACCEL_RATES -528 -516 -509 -5.28 -5.16 -5.09
84.89 66 IR_SENSORS -858 8 1
84.95 66 COMMANDS 0,-602,-6084,-698
84.97 66 NAVIGATION 0 1 0 0 286 0. 140.5
84.98 66 ATTITUDE 1 0 -26
85.01 66 GYRO_RATES -1 75 -9 0.008727 0.654498 0.07854
85.04 66 FBW_STATUS 2 1 111
85.07 66 ESTIMATOR 0. 0. 0. 0. 0.
85.19 66 NAVIGATION 0 1 0 0 286 0. 140.5
85.25 66 WP_MOVED 0 497617. 3565540. 770.
85.34 66 ACCEL_RATES -528 -516 -509 -5.28 -5.16 -5.09
85.38 66 DESIRED 0. 0. 0. 0. 761. 0.
85.42 66 NAVIGATION 0 1 0 0 286 0. 140.5
85.44 66 ATTITUDE 1 0 -26
85.54 66 ESTIMATOR 0. 0. 0. 0. 0.
85.61 66 DL_VALUE 17 0.5
85.66 66 NAVIGATION 0 1 0 0 286 0. 140.5
85.72 66 DOWNLINK_STATUS 83 6393 439 0 314. 21.
85.73 66 WP_MOVED 1 497586.6875 3565500. 770.
85.75 66 RAD_OF_IR 9 0 0.00211
85.81 66 ACCEL_RATES -528 -516 -509 -5.28 -5.16 -5.09
85.84 66 IR_SENSORS -858 8 1
85.88 66 COMMANDS 0,-602,-6084,-698
85.90 66 NAVIGATION 0 1 0 0 286 0. 140.5
85.92 66 ATTITUDE 1 0 -26
85.95 66 GYRO_RATES -1 75 -8 0.008727 0.654498 0.069813
85.98 66 FBW_STATUS 2 1 111
86.01 66 ESTIMATOR 0. 0. 0. 0. 0.
86.03 66 BAT 0 111 0 0 17 0 0
86.09 66 CALIBRATION 0. 0.02 0.5 0
86.12 66 NAVIGATION 0 1 0 0 286 0. 140.5
86.18 66 WP_MOVED 2 497622.6875 3565498.5 770.
86.23 66 SERVO -6084 -602 0
86.28 66 ACCEL_RATES -528 -516 -509 -5.28 -5.16 -5.09
86.33 66 DESIRED 0. 0. 0. 0. 761. 0.
86.33 66 IR_DEBUG 620 608 620 608
86.35 66 NAVIGATION 0 1 0 0 286 0. 140.5
86.37 66 ATTITUDE 1 0 -26
86.47 66 ESTIMATOR 0. 0. 0. 0. 0.
86.56 66 DL_VALUE 18 470.
86.61 66 NAVIGATION 0 1 0 0 286 0. 140.5
86.67 66 WP_MOVED 3 497546.40625 3565495.5 770.
86.71 66 DOWNLINK_STATUS 84 6744 463 0 351. 24.
86.71 66 RAD_OF_IR 9 0 0.00211
86.71 66 NAVIGATION_REF 497575 3565498 12
86.77 66 ACCEL_RATES -528 -516 -509 -5.28 -5.16 -5.09
86.77 66 IR_SENSORS -858 8 1
86.82 66 COMMANDS 0,-380,-6037,-698
86.84 66 NAVIGATION 0 1 0 0 286 0. 140.5
86.86 66 ATTITUDE 1 0 -26
86.88 66 GYRO_RATES -1 75 -8 0.008727 0.654498 0.069813
86.91 66 FBW_STATUS 2 1 111
86.94 66 ESTIMATOR 0. 0. 0. 0. 0.
87.07 66 NAVIGATION 0 1 0 0 286 0. 140.5
87.13 66 WP_MOVED 4 497575. 3565498. 0.
87.21 66 ACCEL_RATES -528 -516 -509 -5.28 -5.16 -5.09
87.25 66 DESIRED 0. 0. 0. 0. 761. 0.
87.30 66 NAVIGATION 0 1 0 0 286 0. 140.5
87.31 66 ATTITUDE 1 0 -26
87.41 66 ESTIMATOR 0. 0. 0. 0. 0.
87.49 66 DL_VALUE 19 405.
87.55 66 NAVIGATION 0 1 0 0 286 0. 140.5
87.60 66 WP_MOVED 0 497617. 3565540. 770.
87.62 66 RAD_OF_IR 8 0 0.00211
87.68 66 DOWNLINK_STATUS 85 7054 484 0 310. 21.
87.73 66 ACCEL_RATES -528 -516 -509 -5.28 -5.16 -5.09
87.73 66 IR_SENSORS -858 9 1
87.77 66 COMMANDS 0,-554,-6084,-698
87.79 66 NAVIGATION 0 1 0 0 286 0. 140.5
87.80 66 ATTITUDE 1 0 -26
87.82 66 GYRO_RATES -1 75 -8 0.008727 0.654498 0.069813
87.84 66 FBW_STATUS 2 1 111
87.88 66 ESTIMATOR 0. 0. 0. 0. 0.
87.89 66 BAT 0 111 0 0 19 0 0
87.96 66 ACTUATORS 1157,1785,0,1200,1536
87.97 66 CALIBRATION 0. 0.02 0.5 0
88.00 66 NAVIGATION 0 1 0 0 286 0. 140.5
88.07 66 WP_MOVED 1 497586.6875 3565500. 770.
88.07 66 SERVO -6037 -554 0
88.17 66 ACCEL_RATES -528 -516 -509 -5.28 -5.16 -5.09
88.19 66 DESIRED 0. 0. 0. 0. 761. 0.
88.20 66 IR_DEBUG 620 607 620 607
88.25 66 NAVIGATION 0 1 0 0 286 0. 140.5
88.26 66 ATTITUDE 1 0 -26
88.26 66 PPRZ_MODE 2 0 3 0 0 6 0
88.35 66 ESTIMATOR 0. 0. 0. 0. 0.
88.42 66 DL_VALUE 20 473.
88.47 66 NAVIGATION 0 1 0 0 286 0. 140.5
88.53 66 WP_MOVED 2 497622.6875 3565498.5 770.
88.55 66 RAD_OF_IR 9 0 0.00211
88.62 66 ACCEL_RATES -528 -516 -509 -5.28 -5.16 -5.09
88.65 66 IR_SENSORS -858 9 1
88.70 66 DOWNLINK_STATUS 86 7440 511 0 386. 27.
88.73 66 COMMANDS 0,-554,-6084,-698
88.73 66 NAVIGATION 0 1 0 0 286 0. 140.5
88.73 66 ATTITUDE 1 0 -26
88.75 66 GYRO_RATES -1 75 -8 0.008727 0.654498 0.069813
88.78 66 FBW_STATUS 2 1 111
88.83 66 ESTIMATOR 0. 0. 0. 0. 0.
88.94 66 NAVIGATION 0 1 0 0 286 0. 140.5
89.00 66 WP_MOVED 3 497546.40625 3565495.5 770.
89.09 66 ACCEL_RATES -528 -516 -509 -5.28 -5.16 -5.09
89.13 66 DESIRED 0. 0. 0. 0. 761. 0.
89.17 66 NAVIGATION 0 1 0 0 286 0. 140.5
89.21 66 ATTITUDE 1 0 -26
89.29 66 ESTIMATOR 0. 0. 0. 0. 0.
89.37 66 DL_VALUE 21 0.01
89.42 66 NAVIGATION 0 1 0 0 286 0. 140.5
89.47 66 WP_MOVED 4 497575. 3565498. 0.
89.49 66 RAD_OF_IR 8 0 0.00211
89.57 66 ACCEL_RATES -528 -516 -509 -5.28 -5.16 -5.09
89.58 66 IR_SENSORS -859 8 1
89.63 66 COMMANDS 0,-554,-6084,-698
89.69 66 NAVIGATION 0 1 0 0 286 0. 140.5
89.71 66 ATTITUDE 1 0 -26
89.71 66 DOWNLINK_STATUS 87 7766 533 0 326. 22.
89.72 66 GYRO_RATES -1 75 -8 0.008727 0.654498 0.069813
89.72 66 FBW_STATUS 2 1 111
89.75 66 ESTIMATOR 0. 0. 0. 0. 0.
89.77 66 BAT 0 111 0 0 21 0 0
89.85 66 CALIBRATION 0. 0.02 0.5 0
89.88 66 NAVIGATION 0 1 0 0 286 0. 140.5
89.94 66 WP_MOVED 0 497617. 3565540. 770.
89.95 66 SERVO -6084 -602 0
90.03 66 ACCEL_RATES -528 -516 -509 -5.28 -5.16 -5.09
90.07 66 DESIRED 0. 0. 0. 0. 761. 0.
90.08 66 IR_DEBUG 620 607 620 607
90.11 66 NAVIGATION 0 1 0 0 286 0. 140.5
90.12 66 ATTITUDE 1 0 -26
90.22 66 ESTIMATOR 0. 0. 0. 0. 0.
90.32 66 DL_VALUE 22 0.01
90.35 66 NAVIGATION 0 1 0 0 286 0. 140.5
90.40 66 WP_MOVED 1 497586.6875 3565500. 770.
90.42 66 RAD_OF_IR 9 0 0.00211
90.51 66 ACCEL_RATES -528 -516 -509 -5.28 -5.16 -5.09
90.52 66 IR_SENSORS -859 8 1
90.57 66 COMMANDS 0,-602,-6084,-698
90.61 66 NAVIGATION 0 1 0 0 286 0. 140.5
90.61 66 ATTITUDE 1 0 -26
90.65 66 GYRO_RATES -1 75 -8 0.008727 0.654498 0.069813
90.66 66 FBW_STATUS 2 1 111
90.73 66 ESTIMATOR 0. 0. 0. 0. 0.
90.74 66 DOWNLINK_STATUS 88 8149 559 0 383. 26.
90.81 66 NAVIGATION 0 1 0 0 286 0. 140.5
90.87 66 WP_MOVED 2 497622.6875 3565498.5 770.
90.97 66 ACCEL_RATES -528 -516 -509 -5.28 -5.16 -5.09
91.00 66 DESIRED 0. 0. 0. 0. 761. 0.
91.04 66 NAVIGATION 0 1 0 0 286 0. 140.5
91.06 66 ATTITUDE 1 0 -26
91.16 66 ESTIMATOR 0. 0. 0. 0. 0.
91.24 66 DL_VALUE 23 0.01
91.29 66 NAVIGATION 0 1 0 0 286 0. 140.5
91.35 66 WP_MOVED 3 497546.40625 3565495.5 770.
91.35 66 RAD_OF_IR 8 0 0.00211
91.44 66 ACCEL_RATES -528 -516 -509 -5.28 -5.16 -5.09
91.45 66 IR_SENSORS -858 9 1
91.50 66 COMMANDS 0,-602,-6084,-698
91.54 66 NAVIGATION 0 1 0 0 286 0. 140.5
91.55 66 ATTITUDE 1 0 -26
91.58 66 GYRO_RATES -1 75 -8 0.008727 0.654498 0.069813
91.60 66 FBW_STATUS 2 1 111
91.63 66 ESTIMATOR 0. 0. 0. 0. 0.
91.65 66 BAT 0 111 0 0 23 0 0
91.71 66 DOWNLINK_STATUS 89 8452 579 0 303. 20.
91.74 66 CALIBRATION 0. 0.02 0.5 0
91.75 66 NAVIGATION 0 1 0 0 286 0. 140.5
91.82 66 WP_MOVED 4 497575. 3565498. 0.
91.83 66 SERVO -6084 -554 0
91.91 66 ACCEL_RATES -528 -516 -509 -5.28 -5.16 -5.09
91.94 66 DESIRED 0. 0. 0. 0. 761. 0.
91.96 66 IR_DEBUG 620 607 620 607
91.98 66 NAVIGATION 0 1 0 0 286 0. 140.5
91.99 66 ATTITUDE 1 0 -26
92.10 66 ESTIMATOR 0. 0. 0. 0. 0.
92.19 66 DL_VALUE 24 528.
92.22 66 NAVIGATION 0 1 0 0 286 0. 140.5
92.28 66 WP_MOVED 0 497617. 3565540. 770.
92.29 66 RAD_OF_IR 8 0 0.00211
92.37 66 ACCEL_RATES -528 -516 -509 -5.28 -5.16 -5.09
92.39 66 IR_SENSORS -858 9 1
92.45 66 COMMANDS 0,-554,-6037,-698
92.48 66 NAVIGATION 0 1 0 0 286 0. 140.5
92.48 66 ATTITUDE 1 0 -26
92.50 66 GYRO_RATES -1 75 -8 0.008727 0.654498 0.069813
92.53 66 FBW_STATUS 2 1 111
92.57 66 ESTIMATOR 0. 0. 0. 0. 0.
92.64 66 ACTUATORS 1155,1788,0,1200,1536
92.71 66 NAVIGATION 0 1 0 0 286 0. 140.5
92.75 66 DOWNLINK_STATUS 90 8805 603 0 353. 24.
92.75 66 WP_MOVED 1 497586.6875 3565500. 770.
92.84 66 ACCEL_RATES -528 -516 -509 -5.28 -5.16 -5.09
92.88 66 DESIRED 0. 0. 0. 0. 761. 0.
92.92 66 NAVIGATION 0 1 0 0 286 0. 140.5
92.94 66 ATTITUDE 1 0 -26
92.95 66 PPRZ_MODE 2 0 3 0 0 6 0
93.04 66 ESTIMATOR 0. 0. 0. 0. 0.
93.11 66 DL_VALUE 25 516.
93.18 66 NAVIGATION 0 1 0 0 286 0. 140.5
93.24 66 WP_MOVED 2 497622.6875 3565498.5 770.
93.26 66 RAD_OF_IR 9 0 0.00211
93.31 66 ACCEL_RATES -528 -516 -509 -5.28 -5.16 -5.09
93.33 66 IR_SENSORS -858 8 1
93.38 66 COMMANDS 0,-554,-6037,-698
93.40 66 NAVIGATION 0 1 0 0 286 0. 140.5
93.42 66 ATTITUDE 1 0 -26
93.45 66 GYRO_RATES -1 75 -8 0.008727 0.654498 0.069813
93.47 66 FBW_STATUS 2 1 111
93.50 66 ESTIMATOR 0. 0. 0. 0. 0.
93.53 66 BAT 0 111 0 0 25 0 0
93.59 66 CALIBRATION 0. 0.02 0.5 0
93.62 66 NAVIGATION 0 1 0 0 286 0. 140.5
93.69 66 WP_MOVED 3 497546.40625 3565495.5 770.
93.73 66 SERVO -6084 -602 0
93.77 66 DOWNLINK_STATUS 91 9155 627 0 350. 24.
93.80 66 ACCEL_RATES -528 -516 -509 -5.28 -5.16 -5.09
93.83 66 DESIRED 0. 0. 0. 0. 761. 0.
93.83 66 IR_DEBUG 620 608 620 608
93.87 66 NAVIGATION 0 1 0 0 286 0. 140.5
93.88 66 ATTITUDE 1 0 -26
93.97 66 ESTIMATOR 0. 0. 0. 0. 0.
94.05 66 DL_VALUE 26 509.
94.11 66 NAVIGATION 0 1 0 0 286 0. 140.5
94.15 66 WP_MOVED 4 497575. 3565498. 0.
94.17 66 RAD_OF_IR 8 0 0.00211
94.25 66 ACCEL_RATES -528 -516 -509 -5.28 -5.16 -5.09
94.29 66 IR_SENSORS -858 8 1
94.32 66 COMMANDS 0,-602,-6084,-698
94.34 66 NAVIGATION 0 1 0 0 286 0. 140.5
94.36 66 ATTITUDE 1 0 -26
94.38 66 GYRO_RATES -1 75 -8 0.008727 0.654498 0.069813
94.41 66 FBW_STATUS 2 1 111
94.44 66 ESTIMATOR 0. 0. 0. 0. 0.
94.56 66 NAVIGATION 0 1 0 0 286 0. 140.5
94.62 66 WP_MOVED 0 497617. 3565540. 770.
94.74 66 ACCEL_RATES -528 -516 -509 -5.28 -5.16 -5.09
94.74 66 DOWNLINK_STATUS 92 9474 648 0 319. 21.
94.79 66 DESIRED 0. 0. 0. 0. 761. 0.
94.83 66 NAVIGATION 0 1 0 0 286 0. 140.5
94.83 66 ATTITUDE 1 0 -26
94.91 66 ESTIMATOR 0. 0. 0. 0. 0.
94.99 66 DL_VALUE 27 0.
95.04 66 NAVIGATION 0 1 0 0 286 0. 140.5
95.09 66 WP_MOVED 1 497586.6875 3565500. 770.
95.11 66 RAD_OF_IR 9 0 0.00211
95.13 66 NAVIGATION_REF 497575 3565498 12
95.19 66 ACCEL_RATES -528 -516 -509 -5.28 -5.16 -5.09
95.21 66 IR_SENSORS -858 9 1
95.26 66 COMMANDS 0,-427,-6084,-698
95.28 66 NAVIGATION 0 1 0 0 286 0. 140.5
95.30 66 ATTITUDE 1 0 -26
95.32 66 GYRO_RATES -1 75 -8 0.008727 0.654498 0.069813
95.35 66 FBW_STATUS 2 1 111
95.38 66 ESTIMATOR 0. 0. 0. 0. 0.
95.41 66 BAT 0 111 0 0 27 0 0
95.46 66 CALIBRATION 0. 0.02 0.5 0
95.50 66 NAVIGATION 0 1 0 0 286 0. 140.5
95.56 66 WP_MOVED 2 497622.6875 3565498.5 770.
95.57 66 SERVO -6084 -602 0
95.65 66 ACCEL_RATES -528 -516 -509 -5.28 -5.16 -5.09
95.69 66 DESIRED 0. 0. 0. 0. 761. 0.
95.72 66 IR_DEBUG 620 607 620 607
95.75 66 DOWNLINK_STATUS 93 9847 673 0 373. 25.
95.75 66 NAVIGATION 0 1 0 0 286 0. 140.5
95.75 66 ATTITUDE 1 0 -26
95.85 66 ESTIMATOR 0. 0. 0. 0. 0.
95.92 66 DL_VALUE 28 0.
95.98 66 NAVIGATION 0 1 0 0 286 0. 140.5
96.03 66 WP_MOVED 3 497546.40625 3565495.5 770.
96.04 66 RAD_OF_IR 8 0 0.00211
96.12 66 ACCEL_RATES -528 -516 -509 -5.28 -5.16 -5.09
96.14 66 IR_SENSORS -858 9 1
96.19 66 COMMANDS 0,-554,-6084,-698
96.22 66 NAVIGATION 0 1 0 0 286 0. 140.5
96.25 66 ATTITUDE 1 0 -26
96.26 66 GYRO_RATES -1 75 -8 0.008727 0.654498 0.069813
96.28 66 FBW_STATUS 2 1 111
96.32 66 ESTIMATOR 0. 0. 0. 0. 0.
96.44 66 NAVIGATION 0 1 0 0 286 0. 140.5
96.50 66 WP_MOVED 4 497575. 3565498. 0.
96.60 66 ACCEL_RATES -528 -516 -509 -5.28 -5.16 -5.09
96.63 66 DESIRED 0. 0. 0. 0. 761. 0.
96.67 66 NAVIGATION 0 1 0 0 286 0. 140.5
96.68 66 ATTITUDE 1 0 -26
96.73 66 DOWNLINK_STATUS 94 10162 694 0 315. 21.
96.78 66 ESTIMATOR 0. 0. 0. 0. 0.
96.86 66 DL_VALUE 29 0.
96.90 66 NAVIGATION 0 1 0 0 286 0. 140.5
96.96 66 WP_MOVED 0 497617. 3565540. 770.
96.98 66 RAD_OF_IR 8 0 0.00211
97.06 66 ACCEL_RATES -528 -516 -509 -5.28 -5.16 -5.09
97.08 66 IR_SENSORS -859 8 1
97.13 66 COMMANDS 0,-554,-6084,-698
97.16 66 NAVIGATION 0 1 0 0 286 0. 140.5
97.17 66 ATTITUDE 1 0 -26
97.19 66 GYRO_RATES 0 75 -8 -0. 0.654498 0.069813
97.23 66 FBW_STATUS 2 1 111
97.26 66 ESTIMATOR 0. 0. 0. 0. 0.
97.27 66 BAT 0 111 0 0 29 0 0
97.33 66 ACTUATORS 1155,1788,0,1200,1536
97.34 66 CALIBRATION 0. 0.02 0.5 0
97.38 66 NAVIGATION 0 1 0 0 286 0. 140.5
97.45 66 WP_MOVED 1 497586.6875 3565500. 770.
97.46 66 SERVO -6084 -602 0
97.53 66 ACCEL_RATES -528 -516 -509 -5.28 -5.16 -5.09
97.56 66 DESIRED 0. 0. 0. 0. 761. 0.
97.58 66 IR_DEBUG 619 607 619 607
97.61 66 NAVIGATION 0 1 0 0 286 0. 140.5
97.62 66 ATTITUDE 1 0 -26
97.64 66 PPRZ_MODE 2 0 3 0 0 6 0
97.74 66 ESTIMATOR 0. 0. 0. 0. 0.
97.74 66 DOWNLINK_STATUS 95 10542 720 0 380. 26.
97.80 66 DL_VALUE 30 0.75
97.84 66 NAVIGATION 0 1 0 0 286 0. 140.5
97.90 66 WP_MOVED 2 497622.6875 3565498.5 770.
97.92 66 RAD_OF_IR 9 0 0.00211
98.01 66 ACCEL_RATES -528 -516 -509 -5.28 -5.16 -5.09
98.02 66 IR_SENSORS -858 9 1
98.07 66 COMMANDS 0,-427,-6084,-698
98.11 66 NAVIGATION 0 1 0 0 286 0. 140.5
98.11 66 ATTITUDE 1 0 -26
98.13 66 GYRO_RATES -1 75 -8 0.008727 0.654498 0.069813
98.16 66 FBW_STATUS 2 1 111
98.20 66 ESTIMATOR 0. 0. 0. 0. 0.
98.31 66 NAVIGATION 0 1 0 0 286 0. 140.5
98.39 66 WP_MOVED 3 497546.40625 3565495.5 770.
98.47 66 ACCEL_RATES -528 -516 -509 -5.28 -5.16 -5.09
98.50 66 DESIRED 0. 0. 0. 0. 761. 0.
98.54 66 NAVIGATION 0 1 0 0 286 0. 140.5
98.56 66 ATTITUDE 1 0 -26
98.66 66 ESTIMATOR 0. 0. 0. 0. 0.
98.74 66 DL_VALUE 31 20000.
98.78 66 DOWNLINK_STATUS 96 10838 740 0 296. 20.
98.79 66 NAVIGATION 0 1 0 0 286 0. 140.5
98.84 66 WP_MOVED 4 497575. 3565498. 0.
98.86 66 RAD_OF_IR 9 0 0.00211
98.94 66 ACCEL_RATES -528 -516 -509 -5.28 -5.16 -5.09
98.95 66 IR_SENSORS -858 9 1
99.01 66 COMMANDS 0,-602,-6084,-698
99.03 66 NAVIGATION 0 1 0 0 286 0. 140.5
99.05 66 ATTITUDE 1 0 -26
99.07 66 GYRO_RATES -1 75 -8 0.008727 0.654498 0.069813
99.10 66 FBW_STATUS 2 1 111
99.13 66 ESTIMATOR 0. 0. 0. 0. 0.
99.15 66 BAT 0 111 0 0 31 0 0
99.23 66 CALIBRATION 0. 0.02 0.5 0
99.26 66 NAVIGATION 0 1 0 0 286 0. 140.5
99.31 66 WP_MOVED 0 497617. 3565540. 770.
99.33 66 SERVO -6084 -554 0
99.40 66 ACCEL_RATES -528 -516 -509 -5.28 -5.16 -5.09
99.44 66 DESIRED 0. 0. 0. 0. 761. 0.
99.46 66 IR_DEBUG 619 607 619 607
99.48 66 NAVIGATION 0 1 0 0 286 0. 140.5
99.50 66 ATTITUDE 1 0 -26
99.60 66 ESTIMATOR 0. 0. 0. 0. 0.
99.68 66 DL_VALUE 32 20000.
99.74 66 NAVIGATION 0 1 0 0 286 0. 140.5
99.76 66 DOWNLINK_STATUS 97 11192 764 0 354. 24.
99.79 66 WP_MOVED 1 497586.6875 3565500. 770.
99.79 66 RAD_OF_IR 9 0 0.00211
99.88 66 ACCEL_RATES -528 -516 -509 -5.28 -5.16 -5.09
99.90 66 IR_SENSORS -858 9 1
99.94 66 COMMANDS 0,-427,-6084,-698
99.97 66 NAVIGATION 0 1 0 0 286 0. 140.5
99.98 66 ATTITUDE 1 0 -26
100.00 66 GYRO_RATES -1 75 -8 0.008727 0.654498 0.069813
100.03 66 FBW_STATUS 2 1 111
100.07 66 ESTIMATOR 0. 0. 0. 0. 0.
100.19 66 NAVIGATION 0 1 0 0 286 0. 140.5
100.26 66 WP_MOVED 2 497622.6875 3565498.5 770.
100.35 66 ACCEL_RATES -528 -516 -509 -5.28 -5.16 -5.09
100.38 66 DESIRED 0. 0. 0. 0. 761. 0.
100.42 66 NAVIGATION 0 1 0 0 286 0. 140.5
100.43 66 ATTITUDE 1 0 -26
100.54 66 ESTIMATOR 0. 0. 0. 0. 0.
100.63 66 DL_VALUE 33 0.75
100.67 66 NAVIGATION 0 1 0 0 286 0. 140.5
100.72 66 WP_MOVED 3 497546.40625 3565495.5 770.
100.76 66 RAD_OF_IR 9 0 0.00211
100.79 66 DOWNLINK_STATUS 98 11506 785 0 314. 21.
100.82 66 ACCEL_RATES -528 -516 -509 -5.28 -5.16 -5.09
100.84 66 IR_SENSORS -858 9 1
100.88 66 COMMANDS 0,-602,-6084,-698
100.90 66 NAVIGATION 0 1 0 0 286 0. 140.5
100.92 66 ATTITUDE 1 0 -26
100.94 66 GYRO_RATES -1 75 -8 0.008727 0.654498 0.069813
100.98 66 FBW_STATUS 2 1 111
101.00 66 ESTIMATOR 0. 0. 0. 0. 0.
101.03 66 BAT 0 111 0 0 33 0 0
101.09 66 CALIBRATION 0. 0.02 0.5 0
101.12 66 NAVIGATION 0 1 0 0 286 0. 140.5
101.19 66 WP_MOVED 4 497575. 3565498. 0.
101.20 66 SERVO -6084 -554 0
101.31 66 ACCEL_RATES -528 -516 -509 -5.28 -5.16 -5.09
101.33 66 DESIRED 0. 0. 0. 0. 761. 0.
101.33 66 IR_DEBUG 620 607 620 607
101.36 66 NAVIGATION 0 1 0 0 286 0. 140.5
101.37 66 ATTITUDE 1 0 -26
101.47 66 ESTIMATOR 0. 0. 0. 0. 0.
101.55 66 DL_VALUE 34 20000.
101.61 66 NAVIGATION 0 1 0 0 286 0. 140.5
101.65 66 WP_MOVED 0 497617. 3565540. 770.
101.67 66 RAD_OF_IR 9 0 0.00211
101.75 66 ACCEL_RATES -528 -516 -509 -5.28 -5.16 -5.09
101.77 66 IR_SENSORS -858 8 1
101.77 66 DOWNLINK_STATUS 99 11870 810 0 364. 25.
101.82 66 COMMANDS 0,-380,-6037,-698
101.84 66 NAVIGATION 0 1 0 0 286 0. 140.5
101.87 66 ATTITUDE 1 0 -26
101.88 66 GYRO_RATES -1 75 -8 0.008727 0.654498 0.069813
101.91 66 FBW_STATUS 2 1 111
101.94 66 ESTIMATOR 0. 0. 0. 0. 0.
102.01 66 ACTUATORS 1152,1785,0,1200,1536
102.06 66 NAVIGATION 0 1 0 0 286 0. 140.5
102.12 66 WP_MOVED 1 497586.6875 3565500. 770.
102.22 66 ACCEL_RATES -528 -516 -509 -5.28 -5.16 -5.09
102.25 66 DESIRED 0. 0. 0. 0. 761. 0.
102.30 66 NAVIGATION 0 1 0 0 286 0. 140.5
102.31 66 ATTITUDE 1 0 -26
102.32 66 PPRZ_MODE 2 0 3 0 0 6 0
102.41 66 ESTIMATOR 0. 0. 0. 0. 0.
102.49 66 DL_VALUE 35 20000.
102.54 66 NAVIGATION 0 1 0 0 286 0. 140.5
102.59 66 WP_MOVED 2 497622.6875 3565498.5 770.
102.61 66 RAD_OF_IR 9 0 0.00211
102.68 66 ACCEL_RATES -528 -516 -509 -5.28 -5.16 -5.09
102.70 66 IR_SENSORS -858 9 1
102.76 66 COMMANDS 0,-427,-6084,-698
102.77 66 DOWNLINK_STATUS 100 12192 832 0 322. 22.
102.79 66 NAVIGATION 0 1 0 0 286 0. 140.5
102.80 66 ATTITUDE 1 0 -26
102.82 66 GYRO_RATES -1 75 -8 0.008727 0.654498 0.069813
102.84 66 FBW_STATUS 2 1 111
102.89 66 ESTIMATOR 0. 0. 0. 0. 0.
102.91 66 BAT 0 111 0 0 35 0 0
102.96 66 CALIBRATION 0. 0.02 0.5 0
103.00 66 NAVIGATION 0 1 0 0 286 0. 140.5
103.06 66 WP_MOVED 3 497546.40625 3565495.5 770.
103.09 66 SERVO -6084 -602 0
103.15 66 ACCEL_RATES -528 -516 -509 -5.28 -5.16 -5.09
103.19 66 DESIRED 0. 0. 0. 0. 761. 0.
103.20 66 IR_DEBUG 619 607 619 607
103.24 66 NAVIGATION 0 1 0 0 286 0. 140.5
103.26 66 ATTITUDE 1 0 -26
103.35 66 ESTIMATOR 0. 0. 0. 0. 0.
103.42 66 DL_VALUE 36 0.75
103.47 66 NAVIGATION 0 1 0 0 286 0. 140.5
103.53 66 WP_MOVED 4 497575. 3565498. 0.
103.55 66 RAD_OF_IR 8 0 0.00211
103.55 66 NAVIGATION_REF 497575 3565498 12
103.62 66 ACCEL_RATES -528 -516 -509 -5.28 -5.16 -5.09
103.64 66 IR_SENSORS -858 9 1
103.70 66 COMMANDS 0,-554,-6084,-698
103.72 66 NAVIGATION 0 1 0 0 286 0. 140.5
103.73 66 ATTITUDE 1 0 -26
103.77 66 GYRO_RATES 0 75 -8 -0. 0.654498 0.069813
103.80 66 DOWNLINK_STATUS 101 12585 859 0 393. 27.
103.80 66 FBW_STATUS 2 1 111
103.83 66 ESTIMATOR 0. 0. 0. 0. 0.
103.94 66 NAVIGATION 0 1 0 0 286 0. 140.5
104.00 66 WP_MOVED 0 497617. 3565540. 770.
104.09 66 ACCEL_RATES -528 -516 -509 -5.28 -5.16 -5.09
104.12 66 DESIRED 0. 0. 0. 0. 761. 0.
104.17 66 NAVIGATION 0 1 0 0 286 0. 140.5
104.18 66 ATTITUDE 1 0 -26
104.30 66 ESTIMATOR 0. 0. 0. 0. 0.
104.37 66 DL_VALUE 37 10000.
104.43 66 NAVIGATION 0 1 0 0 286 0. 140.5
104.48 66 WP_MOVED 1 497586.6875 3565500. 770.
104.49 66 RAD_OF_IR 8 0 0.00211
104.56 66 ACCEL_RATES -528 -516 -509 -5.28 -5.16 -5.09
104.58 66 IR_SENSORS -858 9 1
104.64 66 COMMANDS 0,-554,-6259,-698
104.65 66 NAVIGATION 0 1 0 0 286 0. 140.5
104.67 66 ATTITUDE 1 0 -26
104.69 66 GYRO_RATES 0 74 -8 -0. 0.645772 0.069813
104.72 66 FBW_STATUS 2 1 111
104.78 66 ESTIMATOR 0. 0. 0. 0. 0.
104.82 66 BAT 0 111 0 0 37 0 0
104.82 66 DOWNLINK_STATUS 102 12915 881 0 330. 22.
104.84 66 CALIBRATION 0. 0.02 0.5 0
104.87 66 NAVIGATION 0 1 0 0 286 0. 140.5
104.94 66 WP_MOVED 2 497622.6875 3565498.5 770.
104.94 66 SERVO -6084 -602 0
105.03 66 ACCEL_RATES -528 -516 -509 -5.28 -5.16 -5.09
105.07 66 DESIRED 0. 0. 0. 0. 761. 0.
105.08 66 IR_DEBUG 619 607 619 607
105.11 66 NAVIGATION 0 1 0 0 286 0. 140.5
105.13 66 ATTITUDE 1 0 -26
105.22 66 ESTIMATOR 0. 0. 0. 0. 0.
105.33 66 DL_VALUE 38 10000.
105.37 66 NAVIGATION 0 1 0 0 286 0. 140.5
105.40 66 WP_MOVED 3 497546.40625 3565495.5 770.
105.42 66 RAD_OF_IR 9 0 0.00211
105.50 66 ACCEL_RATES -528 -516 -509 -5.28 -5.16 -5.09
105.52 66 IR_SENSORS -858 9 1
105.57 66 COMMANDS 0,-554,-5910,-698
105.59 66 NAVIGATION 0 1 0 0 286 0. 140.5
105.61 66 ATTITUDE 1 0 -26
105.63 66 GYRO_RATES 0 75 -8 -0. 0.654498 0.069813
105.66 66 FBW_STATUS 2 1 111
105.69 66 ESTIMATOR 0. 0. 0. 0. 0.
105.80 66 DOWNLINK_STATUS 103 13237 903 0 322. 22.
105.81 66 NAVIGATION 0 1 0 0 286 0. 140.5
105.87 66 WP_MOVED 4 497575. 3565498. 0.
105.96 66 ACCEL_RATES -528 -516 -509 -5.28 -5.16 -5.09
106.00 66 DESIRED 0. 0. 0. 0. 761. 0.
106.05 66 NAVIGATION 0 1 0 0 286 0. 140.5
106.06 66 ATTITUDE 1 0 -26
106.16 66 ESTIMATOR 0. 0. 0. 0. 0.
106.24 66 DL_VALUE 39 0.3
106.30 66 NAVIGATION 0 1 0 0 286 0. 140.5
106.35 66 WP_MOVED 0 497617. 3565540. 770.
106.36 66 RAD_OF_IR 8 0 0.00211
106.44 66 ACCEL_RATES -528 -516 -509 -5.28 -5.16 -5.09
106.45 66 IR_SENSORS -859 8 1
106.50 66 COMMANDS 0,-602,-6084,-698
106.53 66 NAVIGATION 0 1 0 0 286 0. 140.5
106.54 66 ATTITUDE 1 0 -26
106.58 66 GYRO_RATES -1 75 -8 0.008727 0.654498 0.069813
106.60 66 FBW_STATUS 2 1 111
106.64 66 ESTIMATOR 0. 0. 0. 0. 0.
106.65 66 BAT 0 111 0 0 39 0 0
106.71 66 ACTUATORS 1155,1788,0,1200,1536
106.72 66 CALIBRATION 0. 0.02 0.5 0
106.76 66 NAVIGATION 0 1 0 0 286 0. 140.5
106.80 66 DOWNLINK_STATUS 104 13586 926 0 349. 23.
106.83 66 WP_MOVED 1 497586.6875 3565500. 770.
106.84 66 SERVO -6084 -602 0
106.91 66 ACCEL_RATES -528 -516 -509 -5.28 -5.16 -5.09
106.94 66 DESIRED 0. 0. 0. 0. 761. 0.
106.96 66 IR_DEBUG 620 607 620 607
106.98 66 NAVIGATION 0 1 0 0 286 0. 140.5
107.00 66 ATTITUDE 1 0 -26
107.01 66 PPRZ_MODE 2 0 3 0 0 6 0
107.10 66 ESTIMATOR 0. 0. 0. 0. 0.
107.18 66 DL_VALUE 40 0.36
107.22 66 NAVIGATION 0 1 0 0 286 0. 140.5
107.30 66 WP_MOVED 2 497622.6875 3565498.5 770.
107.32 66 RAD_OF_IR 8 0 0.00211
107.37 66 ACCEL_RATES -528 -516 -509 -5.28 -5.16 -5.09
107.39 66 IR_SENSORS -858 8 1
107.44 66 COMMANDS 0,-427,-6084,-698
107.48 66 NAVIGATION 0 1 0 0 286 0. 140.5
107.50 66 ATTITUDE 1 0 -26
107.51 66 GYRO_RATES -1 75 -8 0.008727 0.654498 0.069813
107.54 66 FBW_STATUS 2 1 111
107.56 66 ESTIMATOR 0. 0. 0. 0. 0.
107.69 66 NAVIGATION 0 1 0 0 286 0. 140.5
107.75 66 WP_MOVED 3 497546.40625 3565495.5 770.
107.81 66 DOWNLINK_STATUS 105 13917 949 0 331. 23.
107.84 66 ACCEL_RATES -528 -516 -509 -5.28 -5.16 -5.09
107.88 66 DESIRED 0. 0. 0. 0. 761. 0.
107.92 66 NAVIGATION 0 1 0 0 286 0. 140.5
107.93 66 ATTITUDE 1 0 -26
108.03 66 ESTIMATOR 0. 0. 0. 0. 0.
108.11 66 DL_VALUE 41 0.01
108.18 66 NAVIGATION 0 1 0 0 286 0. 140.5
108.22 66 WP_MOVED 4 497575. 3565498. 0.
108.23 66 RAD_OF_IR 9 0 0.00211
108.32 66 ACCEL_RATES -528 -516 -509 -5.28 -5.16 -5.09
108.35 66 IR_SENSORS -858 8 1
108.39 66 COMMANDS 0,-427,-6084,-698
108.40 66 NAVIGATION 0 1 0 0 286 0. 140.5
108.43 66 ATTITUDE 1 0 -26
108.44 66 GYRO_RATES -1 74 -8 0.008727 0.645772 0.069813
108.47 66 FBW_STATUS 2 1 111
108.50 66 ESTIMATOR 0. 0. 0. 0. 0.
108.52 66 BAT 0 111 0 0 41 0 0
108.59 66 CALIBRATION 0. 0.02 0.5 0
108.62 66 NAVIGATION 0 1 0 0 286 0. 140.5
108.69 66 WP_MOVED 0 497617. 3565540. 770.
108.71 66 SERVO -6084 -602 0
108.79 66 ACCEL_RATES -528 -516 -509 -5.28 -5.16 -5.09
108.82 66 DOWNLINK_STATUS 106 14263 972 0 346. 23.
108.83 66 DESIRED 0. 0. 0. 0. 761. 0.
108.84 66 IR_DEBUG 620 608 620 608
108.86 66 NAVIGATION 0 1 0 0 286 0. 140.5
108.89 66 ATTITUDE 1 0 -26
108.98 66 ESTIMATOR 0. 0. 0. 0. 0.
109.05 66 DL_VALUE 42 0.02
109.09 66 NAVIGATION 0 1 0 0 286 0. 140.5
109.15 66 WP_MOVED 1 497586.6875 3565500. 770.
109.17 66 RAD_OF_IR 8 0 0.00211
109.26 66 ACCEL_RATES -528 -516 -509 -5.28 -5.16 -5.09
109.27 66 IR_SENSORS -858 8 1
109.32 66 COMMANDS 0,-602,-6084,-698
109.36 66 NAVIGATION 0 1 0 0 286 0. 140.5
109.36 66 ATTITUDE 1 0 -26
109.38 66 GYRO_RATES -1 75 -8 0.008727 0.654498 0.069813
109.41 66 FBW_STATUS 2 1 111
109.45 66 ESTIMATOR 0. 0. 0. 0. 0.
109.56 66 NAVIGATION 0 1 0 0 286 0. 140.5
109.63 66 WP_MOVED 2 497622.6875 3565498.5 770.
109.72 66 ACCEL_RATES -528 -516 -509 -5.28 -5.16 -5.09
109.75 66 DESIRED 0. 0. 0. 0. 761. 0.
109.80 66 NAVIGATION 0 1 0 0 286 0. 140.5
109.84 66 DOWNLINK_STATUS 107 14606 994 0 343. 22.
109.84 66 ATTITUDE 1 0 -26
109.92 66 ESTIMATOR 0. 0. 0. 0. 0.
110.00 66 DL_VALUE 43 0.
110.03 66 NAVIGATION 0 1 0 0 286 0. 140.5
110.09 66 WP_MOVED 3 497546.40625 3565495.5 770.
110.10 66 RAD_OF_IR 8 0 0.00211
110.18 66 ACCEL_RATES -528 -516 -509 -5.28 -5.16 -5.09
110.20 66 IR_SENSORS -858 9 1
110.25 66 COMMANDS 0,-602,-6084,-698
110.29 66 NAVIGATION 0 1 0 0 286 0. 140.5
110.32 66 ATTITUDE 1 0 -26
110.32 66 GYRO_RATES -1 75 -8 0.008727 0.654498 0.069813
110.34 66 FBW_STATUS 2 1 111
110.38 66 ESTIMATOR 0. 0. 0. 0. 0.
110.40 66 BAT 0 111 0 0 43 0 0
110.46 66 CALIBRATION 0. 0.02 0.5 0
110.50 66 NAVIGATION 0 1 0 0 286 0. 140.5
110.56 66 WP_MOVED 4 497575. 3565498. 0.
110.58 66 SERVO -6084 -602 0
110.65 66 ACCEL_RATES -528 -516 -509 -5.28 -5.16 -5.09
110.69 66 DESIRED 0. 0. 0. 0. 761. 0.
110.70 66 IR_DEBUG 619 607 619 607
110.73 66 NAVIGATION 0 1 0 0 286 0. 140.5
110.75 66 ATTITUDE 1 0 -26
110.81 66 DOWNLINK_STATUS 108 14950 1018 0 344. 24.
110.85 66 ESTIMATOR 0. 0. 0. 0. 0.
110.94 66 DL_VALUE 44 0.01
110.97 66 NAVIGATION 0 1 0 0 286 0. 140.5
111.04 66 WP_MOVED 0 497617. 3565540. 770.
111.05 66 RAD_OF_IR 8 0 0.00211
111.12 66 ACCEL_RATES -528 -516 -509 -5.28 -5.16 -5.09
111.14 66 IR_SENSORS -858 8 1
111.19 66 COMMANDS 0,-554,-6084,-698
111.22 66 NAVIGATION 0 1 0 0 286 0. 140.5
111.23 66 ATTITUDE 1 0 -26
111.26 66 GYRO_RATES -1 75 -8 0.008727 0.654498 0.069813
111.29 66 FBW_STATUS 2 1 111
111.32 66 ESTIMATOR 0. 0. 0. 0. 0.
111.38 66 ACTUATORS 1150,1792,0,1200,1536
111.44 66 NAVIGATION 0 1 0 0 286 0. 140.5
111.50 66 WP_MOVED 1 497586.6875 3565500. 770.
111.59 66 ACCEL_RATES -528 -516 -509 -5.28 -5.16 -5.09
111.63 66 DESIRED 0. 0. 0. 0. 761. 0.
111.68 66 NAVIGATION 0 1 0 0 286 0. 140.5
111.72 66 ATTITUDE 1 0 -26
111.72 66 PPRZ_MODE 2 0 3 0 0 6 0
111.79 66 ESTIMATOR 0. 0. 0. 0. 0.
111.82 66 DOWNLINK_STATUS 109 15283 1040 0 333. 22.
111.86 66 DL_VALUE 45 0.
111.91 66 NAVIGATION 0 1 0 0 286 0. 140.5
111.96 66 WP_MOVED 2 497622.6875 3565498.5 770.
111.98 66 RAD_OF_IR 8 0 0.00211
111.99 66 NAVIGATION_REF 497575 3565498 12
112.06 66 ACCEL_RATES -528 -516 -509 -5.28 -5.16 -5.09
112.08 66 IR_SENSORS -858 9 1
112.14 66 COMMANDS 0,-554,-6084,-698
112.15 66 NAVIGATION 0 1 0 0 286 0. 140.5
112.17 66 ATTITUDE 1 0 -26
112.19 66 GYRO_RATES -1 75 -8 0.008727 0.654498 0.069813
112.22 66 FBW_STATUS 2 1 111
112.26 66 ESTIMATOR 0. 0. 0. 0. 0.
112.28 66 BAT 0 111 0 0 45 0 0
112.34 66 CALIBRATION 0. 0.02 0.5 0
112.38 66 NAVIGATION 0 1 0 0 286 0. 140.5
112.44 66 WP_MOVED 3 497546.40625 3565495.5 770.
112.46 66 SERVO -6084 -554 0
112.53 66 ACCEL_RATES -528 -516 -509 -5.28 -5.16 -5.09
112.57 66 DESIRED 0. 0. 0. 0. 761. 0.
112.58 66 IR_DEBUG 619 607 619 607
112.60 66 NAVIGATION 0 1 0 0 286 0. 140.5
112.62 66 ATTITUDE 1 0 -26
112.73 66 ESTIMATOR 0. 0. 0. 0. 0.
112.82 66 DL_VALUE 46 1.
112.84 66 DOWNLINK_STATUS 110 15637 1065 0 354. 25.
112.85 66 NAVIGATION 0 1 0 0 286 0. 140.5
112.92 66 WP_MOVED 4 497575. 3565498. 0.
112.92 66 RAD_OF_IR 8 0 0.00211
113.00 66 ACCEL_RATES -528 -516 -509 -5.28 -5.16 -5.09
113.01 66 IR_SENSORS -859 8 1
113.06 66 COMMANDS 0,-427,-5910,-698
113.09 66 NAVIGATION 0 1 0 0 286 0. 140.5
113.12 66 ATTITUDE 1 0 -26
113.13 66 GYRO_RATES 0 75 -8 -0. 0.654498 0.069813
113.16 66 FBW_STATUS 2 1 111
113.19 66 ESTIMATOR 0. 0. 0. 0. 0.
113.31 66 NAVIGATION 0 1 0 0 286 0. 140.5
113.37 66 WP_MOVED 0 497617. 3565540. 770.
113.48 66 ACCEL_RATES -528 -516 -509 -5.28 -5.16 -5.09
113.50 66 DESIRED 0. 0. 0. 0. 761. 0.
113.56 66 NAVIGATION 0 1 0 0 286 0. 140.5
113.57 66 ATTITUDE 1 0 -26
113.66 66 ESTIMATOR 0. 0. 0. 0. 0.
113.75 66 DL_VALUE 47 0.44
113.79 66 NAVIGATION 0 1 0 0 286 0. 140.5
113.84 66 DOWNLINK_STATUS 111 15944 1085 0 307. 20.
113.87 66 WP_MOVED 1 497586.6875 3565500. 770.
113.87 66 RAD_OF_IR 8 0 0.00211
113.95 66 ACCEL_RATES -528 -516 -509 -5.28 -5.16 -5.09
113.95 66 IR_SENSORS -858 9 1
114.00 66 COMMANDS 0,-427,-6084,-698
114.04 66 NAVIGATION 0 1 0 0 286 0. 140.5
114.04 66 ATTITUDE 1 0 -26
114.07 66 GYRO_RATES 0 74 -8 -0. 0.645772 0.069813
114.09 66 FBW_STATUS 2 1 111
114.13 66 ESTIMATOR 0. 0. 0. 0. 0.
114.16 66 BAT 0 111 0 0 47 0 0
114.21 66 CALIBRATION 0. 0.02 0.5 0
114.25 66 NAVIGATION 0 1 0 0 286 0. 140.5
114.31 66 WP_MOVED 2 497622.6875 3565498.5 770.
114.35 66 SERVO -6084 -380 0
114.42 66 ACCEL_RATES -528 -516 -509 -5.28 -5.16 -5.09
114.44 66 DESIRED 0. 0. 0. 0. 761. 0.
114.45 66 IR_DEBUG 620 607 620 607
114.48 66 NAVIGATION 0 1 0 0 286 0. 140.5
114.50 66 ATTITUDE 1 0 -26
114.60 66 ESTIMATOR 0. 0. 0. 0. 0.
114.68 66 DL_VALUE 48 0.36
114.73 66 NAVIGATION 0 1 0 0 286 0. 140.5
114.78 66 WP_MOVED 3 497546.40625 3565495.5 770.
114.79 66 RAD_OF_IR 8 0 0.00211
114.85 66 DOWNLINK_STATUS 112 16305 1110 0 361. 25.
114.89 66 ACCEL_RATES -528 -516 -509 -5.28 -5.16 -5.09
114.89 66 IR_SENSORS -858 9 1
114.94 66 COMMANDS 0,-554,-6037,-698
114.96 66 NAVIGATION 0 1 0 0 286 0. 140.5
115.00 66 ATTITUDE 1 0 -26
115.00 66 GYRO_RATES -1 74 -8 0.008727 0.645772 0.069813
115.03 66 FBW_STATUS 2 1 111
115.06 66 ESTIMATOR 0. 0. 0. 0. 0.
115.19 66 NAVIGATION 0 1 0 0 286 0. 140.5
115.25 66 WP_MOVED 4 497575. 3565498. 0.
115.35 66 ACCEL_RATES -528 -516 -509 -5.28 -5.16 -5.09
115.39 66 DESIRED 0. 0. 0. 0. 761. 0.
115.42 66 NAVIGATION 0 1 0 0 286 0. 140.5
115.43 66 ATTITUDE 1 0 -26
115.53 66 ESTIMATOR 0. 0. 0. 0. 0.
115.61 66 DL_VALUE 49 0.1
115.69 66 NAVIGATION 0 1 0 0 286 0. 140.5
115.75 66 WP_MOVED 0 497617. 3565540. 770.
115.75 66 RAD_OF_IR 9 0 0.00211
115.82 66 ACCEL_RATES -528 -516 -509 -5.28 -5.16 -5.09
115.82 66 IR_SENSORS -858 8 1
115.84 66 DOWNLINK_STATUS 113 16622 1131 0 317. 21.
115.88 66 COMMANDS 0,-602,-6084,-698
115.92 66 NAVIGATION 0 1 0 0 286 0. 140.5
115.94 66 ATTITUDE 1 0 -26
115.94 66 GYRO_RATES -1 74 -8 0.008727 0.645772 0.069813
115.97 66 FBW_STATUS 2 1 111
116.01 66 ESTIMATOR 0. 0. 0. 0. 0.
116.03 66 BAT 0 111 0 0 49 0 0
116.09 66 ACTUATORS 1152,1785,0,1200,1536
116.09 66 CALIBRATION 0. 0.02 0.5 0
116.14 66 NAVIGATION 0 1 0 0 286 0. 140.5
116.19 66 WP_MOVED 1 497586.6875 3565500. 770.
116.21 66 SERVO -6084 -427 0
116.28 66 ACCEL_RATES -528 -516 -509 -5.28 -5.16 -5.09
116.32 66 DESIRED 0. 0. 0. 0. 761. 0.
116.36 66 IR_DEBUG 620 608 620 608
116.36 66 NAVIGATION 0 1 0 0 286 0. 140.5
116.37 66 ATTITUDE 1 0 -26
116.38 66 PPRZ_MODE 2 0 3 0 0 6 0
116.47 66 ESTIMATOR 0. 0. 0. 0. 0.
116.56 66 DL_VALUE 50 0.
116.59 66 NAVIGATION 0 1 0 0 286 0. 140.5
116.66 66 WP_MOVED 2 497622.6875 3565498.5 770.
116.66 66 RAD_OF_IR 8 0 0.00211
116.74 66 ACCEL_RATES -528 -516 -509 -5.28 -5.16 -5.09
116.78 66 IR_SENSORS -858 8 1
116.83 66 COMMANDS 0,-427,-6084,-698
116.86 66 NAVIGATION 0 1 0 0 286 0. 140.5
116.86 66 DOWNLINK_STATUS 114 17009 1158 0 387. 27.
116.86 66 ATTITUDE 1 0 -26
116.88 66 GYRO_RATES 0 74 -8 -0. 0.645772 0.069813
116.91 66 FBW_STATUS 2 1 111
116.94 66 ESTIMATOR 0. 0. 0. 0. 0.
117.06 66 NAVIGATION 0 1 0 0 286 0. 140.5
117.12 66 WP_MOVED 3 497546.40625 3565495.5 770.
117.22 66 ACCEL_RATES -528 -516 -509 -5.28 -5.16 -5.09
117.25 66 DESIRED 0. 0. 0. 0. 761. 0.
117.29 66 NAVIGATION 0 1 0 0 286 0. 140.5
117.34 66 ATTITUDE 1 0 -26
117.41 66 ESTIMATOR 0. 0. 0. 0. 0.
117.49 66 DL_VALUE 51 0.5
117.53 66 NAVIGATION 0 1 0 0 286 0. 140.5
117.60 66 WP_MOVED 4 497575. 3565498. 0.
117.61 66 RAD_OF_IR 8 0 0.00211
117.68 66 ACCEL_RATES -528 -516 -509 -5.28 -5.16 -5.09
117.70 66 IR_SENSORS -858 9 1
117.75 66 COMMANDS 0,-554,-6084,-698
117.78 66 NAVIGATION 0 1 0 0 286 0. 140.5
117.80 66 ATTITUDE 1 0 -26
117.83 66 GYRO_RATES 0 75 -8 -0. 0.654498 0.069813
117.86 66 FBW_STATUS 2 1 111
117.86 66 DOWNLINK_STATUS 115 17331 1180 0 322. 22.
117.88 66 ESTIMATOR 0. 0. 0. 0. 0.
117.90 66 BAT 0 111 0 0 51 0 0
117.97 66 CALIBRATION 0. 0.02 0.5 0
118.00 66 NAVIGATION 0 1 0 0 286 0. 140.5
118.06 66 WP_MOVED 0 497617. 3565540. 770.
118.07 66 SERVO -6037 -380 0
118.15 66 ACCEL_RATES -528 -516 -509 -5.28 -5.16 -5.09
118.18 66 DESIRED 0. 0. 0. 0. 761. 0.
118.21 66 IR_DEBUG 620 607 620 607
118.23 66 NAVIGATION 0 1 0 0 286 0. 140.5
118.25 66 ATTITUDE 1 0 -26
118.35 66 ESTIMATOR 0. 0. 0. 0. 0.
118.43 66 DL_VALUE 52 1.
118.47 66 NAVIGATION 0 1 0 0 286 0. 140.5
118.53 66 WP_MOVED 1 497586.6875 3565500. 770.
118.54 66 RAD_OF_IR 8 0 0.00211
118.63 66 ACCEL_RATES -528 -516 -509 -5.28 -5.16 -5.09
118.64 66 IR_SENSORS -858 9 1
118.69 66 COMMANDS 0,-380,-5910,-698
118.72 66 NAVIGATION 0 1 0 0 286 0. 140.5
118.74 66 ATTITUDE 1 0 -26
118.76 66 GYRO_RATES 0 74 -8 -0. 0.645772 0.069813
118.78 66 FBW_STATUS 2 1 111
118.82 66 ESTIMATOR 0. 0. 0. 0. 0.
118.86 66 DOWNLINK_STATUS 116 17689 1204 0 358. 24.
118.94 66 NAVIGATION 0 1 0 0 286 0. 140.5
119.00 66 WP_MOVED 2 497622.6875 3565498.5 770.
119.09 66 ACCEL_RATES -528 -516 -509 -5.28 -5.16 -5.09
119.12 66 DESIRED 0. 0. 0. 0. 761. 0.
119.17 66 NAVIGATION 0 1 0 0 286 0. 140.5
119.19 66 ATTITUDE 1 0 -26
119.29 66 ESTIMATOR 0. 0. 0. 0. 0.
119.36 66 DL_VALUE 53 0.
119.41 66 NAVIGATION 0 1 0 0 286 0. 140.5
119.47 66 WP_MOVED 3 497546.40625 3565495.5 770.
119.48 66 RAD_OF_IR 8 0 0.00211
119.56 66 ACCEL_RATES -528 -516 -509 -5.28 -5.16 -5.09
119.58 66 IR_SENSORS -859 8 1
119.63 66 COMMANDS 0,-380,-6084,-698
119.65 66 NAVIGATION 0 1 0 0 286 0. 140.5
119.67 66 ATTITUDE 1 0 -26
119.69 66 GYRO_RATES 0 75 -8 -0. 0.654498 0.069813
119.72 66 FBW_STATUS 2 1 111
119.76 66 ESTIMATOR 0. 0. 0. 0. 0.
119.77 66 BAT 0 111 0 0 53 0 0
119.85 66 CALIBRATION 0. 0.02 0.5 0
119.88 66 DOWNLINK_STATUS 117 18007 1225 0 318. 21.
119.88 66 NAVIGATION 0 1 0 0 286 0. 140.5
119.93 66 WP_MOVED 4 497575. 3565498. 0.
119.96 66 SERVO -6084 -427 0
120.04 66 ACCEL_RATES -528 -516 -509 -5.28 -5.16 -5.09
120.06 66 DESIRED 0. 0. 0. 0. 761. 0.
120.08 66 IR_DEBUG 620 607 620 607
120.12 66 NAVIGATION 0 1 0 0 286 0. 140.5
120.12 66 ATTITUDE 1 0 -26
120.22 66 ESTIMATOR 0. 0. 0. 0. 0.
120.31 66 DL_VALUE 0 761.
120.36 66 NAVIGATION 0 1 0 0 286 0. 140.5
120.42 66 WP_MOVED 0 497617. 3565540. 770.
120.43 66 RAD_OF_IR 9 0 0.00211
120.43 66 NAVIGATION_REF 497575 3565498 12
120.50 66 ACCEL_RATES -528 -516 -509 -5.28 -5.16 -5.09
120.51 66 IR_SENSORS -859 8 1
120.56 66 COMMANDS 0,-427,-5910,-698
120.59 66 NAVIGATION 0 1 0 0 286 0. 140.5
120.61 66 ATTITUDE 1 0 -26
120.64 66 GYRO_RATES -1 75 -8 0.008727 0.654498 0.069813
120.65 66 FBW_STATUS 2 1 111
120.70 66 ESTIMATOR 0. 0. 0. 0. 0.
120.76 66 ACTUATORS 1155,1788,0,1200,1536
120.81 66 NAVIGATION 0 1 0 0 286 0. 140.5
120.86 66 DOWNLINK_STATUS 118 18356 1249 0 349. 24.
120.89 66 WP_MOVED 1 497586.6875 3565500. 770.
120.98 66 ACCEL_RATES -528 -516 -509 -5.28 -5.16 -5.09
121.00 66 DESIRED 0. 0. 0. 0. 761. 0.
121.04 66 NAVIGATION 0 1 0 0 286 0. 140.5
121.06 66 ATTITUDE 1 0 -26
121.07 66 PPRZ_MODE 2 0 3 0 0 6 0
121.16 66 ESTIMATOR 0. 0. 0. 0. 0.
121.26 66 DL_VALUE 1 1.
121.28 66 NAVIGATION 0 1 0 0 286 0. 140.5
121.35 66 WP_MOVED 2 497622.6875 3565498.5 770.
121.35 66 RAD_OF_IR 9 0 0.00211
121.43 66 ACCEL_RATES -528 -516 -509 -5.28 -5.16 -5.09
121.46 66 IR_SENSORS -858 8 1
121.50 66 COMMANDS 0,-427,-6084,-698
121.54 66 NAVIGATION 0 1 0 0 286 0. 140.5
121.56 66 ATTITUDE 1 0 -26
121.57 66 GYRO_RATES 0 75 -8 -0. 0.654498 0.069813
121.59 66 FBW_STATUS 2 1 111
121.63 66 ESTIMATOR 0. 0. 0. 0. 0.
121.64 66 BAT 0 111 0 0 55 0 0
121.72 66 CALIBRATION 0. 0.02 0.5 0
121.75 66 NAVIGATION 0 1 0 0 286 0. 140.5
121.82 66 WP_MOVED 3 497546.40625 3565495.5 770.
121.83 66 SERVO -6084 -427 0
121.85 66 DOWNLINK_STATUS 119 18706 1273 0 350. 24.
121.90 66 ACCEL_RATES -528 -516 -509 -5.28 -5.16 -5.09
121.94 66 DESIRED 0. 0. 0. 0. 761. 0.
121.95 66 IR_DEBUG 620 607 620 607
121.99 66 NAVIGATION 0 1 0 0 286 0. 140.5
122.00 66 ATTITUDE 1 0 -26
122.10 66 ESTIMATOR 0. 0. 0. 0. 0.
122.18 66 DL_VALUE 2 0.
122.22 66 NAVIGATION 0 1 0 0 286 0. 140.5
122.28 66 WP_MOVED 4 497575. 3565498. 0.
122.31 66 RAD_OF_IR 9 0 0.00211
122.37 66 ACCEL_RATES -528 -516 -509 -5.28 -5.16 -5.09
122.41 66 IR_SENSORS -858 8 1
122.45 66 COMMANDS 0,-380,-6037,-698
122.47 66 NAVIGATION 0 1 0 0 286 0. 140.5
122.48 66 ATTITUDE 1 0 -26
122.50 66 GYRO_RATES 0 75 -8 -0. 0.654498 0.069813
122.53 66 FBW_STATUS 2 1 111
122.56 66 ESTIMATOR 0. 0. 0. 0. 0.
122.68 66 NAVIGATION 0 1 0 0 286 0. 140.5
122.75 66 WP_MOVED 0 497617. 3565540. 770.
122.86 66 ACCEL_RATES -528 -516 -509 -5.28 -5.16 -5.09
122.86 66 DOWNLINK_STATUS 120 19025 1294 0 319. 21.
122.89 66 DESIRED 0. 0. 0. 0. 761. 0.
122.92 66 NAVIGATION 0 1 0 0 286 0. 140.5
122.94 66 ATTITUDE 1 0 -26
123.03 66 ESTIMATOR 0. 0. 0. 0. 0.
123.11 66 DL_VALUE 3 0.
123.16 66 NAVIGATION 0 1 0 0 286 0. 140.5
123.23 66 WP_MOVED 1 497586.6875 3565500. 770.
123.23 66 RAD_OF_IR 9 0 0.00211
123.32 66 ACCEL_RATES -528 -516 -509 -5.28 -5.16 -5.09
123.32 66 IR_SENSORS -858 8 1
123.38 66 COMMANDS 0,-427,-5910,-698
123.42 66 NAVIGATION 0 1 0 0 286 0. 140.5
123.43 66 ATTITUDE 1 0 -26
123.44 66 GYRO_RATES -1 75 -8 0.008727 0.654498 0.069813
123.46 66 FBW_STATUS 2 1 111
123.50 66 ESTIMATOR 0. 0. 0. 0. 0.
123.52 66 BAT 0 111 0 0 57 0 0
123.59 66 CALIBRATION 0. 0.02 0.5 0
123.62 66 NAVIGATION 0 1 0 0 286 0. 140.5
123.69 66 WP_MOVED 2 497622.6875 3565498.5 770.
123.70 66 SERVO -6084 -427 0
123.80 66 ACCEL_RATES -528 -516 -509 -5.28 -5.16 -5.09
123.81 66 DESIRED 0. 0. 0. 0. 761. 0.
123.83 66 IR_DEBUG 620 607 620 607
123.87 66 NAVIGATION 0 1 0 0 286 0. 140.5
123.92 66 DOWNLINK_STATUS 121 19405 1319 0 380. 25.
123.92 66 ATTITUDE 1 0 -26
123.99 66 ESTIMATOR 0. 0. 0. 0. 0.
124.06 66 DL_VALUE 4 2.
124.09 66 NAVIGATION 0 1 0 0 286 0. 140.5
124.15 66 WP_MOVED 3 497546.40625 3565495.5 770.
124.16 66 RAD_OF_IR 8 0 0.00211
124.26 66 ACCEL_RATES -528 -516 -509 -5.28 -5.16 -5.09
124.26 66 IR_SENSORS -858 8 1
124.33 66 COMMANDS 0,-427,-6084,-698
124.34 66 NAVIGATION 0 1 0 0 286 0. 140.5
124.37 66 ATTITUDE 1 0 -26
124.40 66 GYRO_RATES 0 75 -8 -0. 0.654498 0.069813
124.40 66 FBW_STATUS 2 1 111
124.44 66 ESTIMATOR 0. 0. 0. 0. 0.
124.56 66 NAVIGATION 0 1 0 0 286 0. 140.5
124.63 66 WP_MOVED 4 497575. 3565498. 0.
124.72 66 ACCEL_RATES -528 -516 -509 -5.28 -5.16 -5.09
124.76 66 DESIRED 0. 0. 0. 0. 761. 0.
124.79 66 NAVIGATION 0 1 0 0 286 0. 140.5
124.81 66 ATTITUDE 1 0 -26
124.89 66 DOWNLINK_STATUS 122 19702 1339 0 297. 20.
124.92 66 ESTIMATOR 0. 0. 0. 0. 0.
125.00 66 DL_VALUE 5 0.
125.06 66 NAVIGATION 0 1 0 0 286 0. 140.5
125.09 66 WP_MOVED 0 497617. 3565540. 770.
125.10 66 RAD_OF_IR 8 0 0.00211
125.18 66 ACCEL_RATES -528 -516 -509 -5.28 -5.16 -5.09
125.20 66 IR_SENSORS -858 8 1
125.26 66 COMMANDS 0,-427,-6084,-698
125.28 66 NAVIGATION 0 1 0 0 286 0. 140.5
125.30 66 ATTITUDE 1 0 -26
125.32 66 GYRO_RATES 0 75 -8 -0. 0.654498 0.069813
125.35 66 FBW_STATUS 2 1 111
125.40 66 ESTIMATOR 0. 0. 0. 0. 0.
125.44 66 BAT 0 111 0 0 59 0 0
125.46 66 ACTUATORS 1152,1785,0,1200,1536
125.48 66 CALIBRATION 0. 0.02 0.5 0
125.50 66 NAVIGATION 0 1 0 0 286 0. 140.5
125.57 66 WP_MOVED 1 497586.6875 3565500. 770.
125.57 66 SERVO -6084 -602 0
125.65 66 ACCEL_RATES -528 -516 -509 -5.28 -5.16 -5.09
125.68 66 DESIRED 0. 0. 0. 0. 761. 0.
125.72 66 IR_DEBUG 619 607 619 607
125.73 66 NAVIGATION 0 1 0 0 286 0. 140.5
125.75 66 ATTITUDE 1 0 -26
125.77 66 PPRZ_MODE 2 0 3 0 0 6 0
125.84 66 ESTIMATOR 0. 0. 0. 0. 0.
125.89 66 DOWNLINK_STATUS 123 20082 1365 0 380. 26.
125.92 66 DL_VALUE 6 0.
125.98 66 NAVIGATION 0 1 0 0 286 0. 140.5
126.03 66 WP_MOVED 2 497622.6875 3565498.5 770.
126.04 66 RAD_OF_IR 8 0 0.00211
126.12 66 ACCEL_RATES -528 -516 -509 -5.28 -5.16 -5.09
126.15 66 IR_SENSORS -858 8 1
126.19 66 COMMANDS 0,-380,-5910,-698
126.22 66 NAVIGATION 0 1 0 0 286 0. 140.5
126.23 66 ATTITUDE 1 0 -26
126.26 66 GYRO_RATES 0 75 -8 -0. 0.654498 0.069813
126.28 66 FBW_STATUS 2 1 111
126.32 66 ESTIMATOR 0. 0. 0. 0. 0.
126.44 66 NAVIGATION 0 1 0 0 286 0. 140.5
126.50 66 WP_MOVED 3 497546.40625 3565495.5 770.
126.59 66 ACCEL_RATES -528 -516 -509 -5.28 -5.16 -5.09
126.63 66 DESIRED 0. 0. 0. 0. 761. 0.
126.67 66 NAVIGATION 0 1 0 0 286 0. 140.5
126.68 66 ATTITUDE 1 0 -26
126.79 66 ESTIMATOR 0. 0. 0. 0. 0.
126.87 66 DL_VALUE 7 0.
126.91 66 DOWNLINK_STATUS 124 20378 1385 0 296. 20.
126.95 66 NAVIGATION 0 1 0 0 286 0. 140.5
126.98 66 WP_MOVED 4 497575. 3565498. 0.
126.98 66 RAD_OF_IR 8 0 0.00211
127.07 66 ACCEL_RATES -528 -516 -509 -5.28 -5.16 -5.09
127.07 66 IR_SENSORS -858 9 1
127.13 66 COMMANDS 0,-427,-5957,-698
127.17 66 NAVIGATION 0 1 0 0 286 0. 140.5
127.17 66 ATTITUDE 1 0 -26
127.19 66 GYRO_RATES 0 75 -8 -0. 0.654498 0.069813
127.22 66 FBW_STATUS 2 1 111
127.25 66 ESTIMATOR 0. 0. 0. 0. 0.
127.27 66 BAT 0 111 0 0 61 1 0
127.34 66 CALIBRATION 0. 0.02 0.5 0
127.38 66 NAVIGATION 0 1 0 0 286 0. 140.5
127.43 66 WP_MOVED 0 497617. 3565540. 770.
127.44 66 SERVO -6084 -427 0
127.53 66 ACCEL_RATES -528 -516 -509 -5.28 -5.16 -5.09
127.56 66 DESIRED 0. 0. 0. 0. 761. 0.
127.58 66 IR_DEBUG 619 607 619 607
127.60 66 NAVIGATION 0 1 0 0 286 0. 140.5
127.63 66 ATTITUDE 1 0 -26
127.72 66 ESTIMATOR 0. 0. 0. 0. 0.
127.80 66 DL_VALUE 8 0.
127.85 66 NAVIGATION 0 1 0 0 286 0. 140.5
127.90 66 DOWNLINK_STATUS 125 20732 1409 0 354. 24.
127.93 66 WP_MOVED 1 497586.6875 3565500. 770.
127.93 66 RAD_OF_IR 8 0 0.00211
128.00 66 ACCEL_RATES -528 -516 -509 -5.28 -5.16 -5.09
128.01 66 IR_SENSORS -858 9 1
128.07 66 COMMANDS 0,-427,-5910,-698
128.12 66 NAVIGATION 0 1 0 0 286 0. 140.5
128.12 66 ATTITUDE 1 0 -26
128.14 66 GYRO_RATES 0 75 -8 -0. 0.654498 0.069813
128.16 66 FBW_STATUS 2 1 111
128.19 66 ESTIMATOR 0. 0. 0. 0. 0.
128.32 66 NAVIGATION 0 1 0 0 286 0. 140.5
128.38 66 WP_MOVED 2 497622.6875 3565498.5 770.
128.48 66 ACCEL_RATES -528 -516 -509 -5.28 -5.16 -5.09
128.52 66 DESIRED 0. 0. 0. 0. 761. 0.
128.54 66 NAVIGATION 0 1 0 0 286 0. 140.5
128.55 66 ATTITUDE 1 0 -26
128.66 66 ESTIMATOR 0. 0. 0. 0. 0.
128.74 66 DL_VALUE 9 -1.5
128.80 66 NAVIGATION 0 1 0 0 286 0. 140.5
128.84 66 WP_MOVED 3 497546.40625 3565495.5 770.
128.87 66 RAD_OF_IR 9 0 0.00211
128.89 66 NAVIGATION_REF 497575 3565498 12
128.93 66 DOWNLINK_STATUS 126 21057 1431 0 325. 22.
128.93 66 ACCEL_RATES -528 -516 -509 -5.28 -5.16 -5.09
128.96 66 IR_SENSORS -858 9 1
129.02 66 COMMANDS 0,-602,-6084,-698
129.03 66 NAVIGATION 0 1 0 0 286 0. 140.5
129.04 66 ATTITUDE 1 0 -26
129.08 66 GYRO_RATES 0 75 -8 -0. 0.654498 0.069813
129.10 66 FBW_STATUS 2 1 111
129.13 66 ESTIMATOR 0. 0. 0. 0. 0.
129.14 66 BAT 0 111 0 0 63 1 0
129.22 66 CALIBRATION 0. 0.02 0.5 0
129.26 66 NAVIGATION 0 1 0 0 286 0. 140.5
129.31 66 WP_MOVED 4 497575. 3565498. 0.
129.34 66 SERVO -6084 -380 0
129.40 66 ACCEL_RATES -528 -516 -509 -5.28 -5.16 -5.09
129.44 66 DESIRED 0. 0. 0. 0. 761. 0.
129.45 66 IR_DEBUG 620 607 620 607
129.48 66 NAVIGATION 0 1 0 0 286 0. 140.5
129.50 66 ATTITUDE 1 0 -26
129.60 66 ESTIMATOR 0. 0. 0. 0. 0.
129.68 66 DL_VALUE 10 1.5
129.74 66 NAVIGATION 0 1 0 0 286 0. 140.5
129.78 66 WP_MOVED 0 497617. 3565540. 770.
129.79 66 RAD_OF_IR 9 0 0.00211
129.89 66 ACCEL_RATES -528 -516 -509 -5.28 -5.16 -5.09
129.90 66 IR_SENSORS -858 8 1
129.93 66 DOWNLINK_STATUS 127 21421 1456 0 364. 25.
129.94 66 COMMANDS 0,-380,-5862,-698
129.97 66 NAVIGATION 0 1 0 0 286 0. 140.5
129.98 66 ATTITUDE 1 0 -26
130.01 66 GYRO_RATES -1 75 -8 0.008727 0.654498 0.069813
130.03 66 FBW_STATUS 2 1 111
130.07 66 ESTIMATOR 0. 0. 0. 0. 0.
130.13 66 ACTUATORS 1173,1788,0,1200,1536
130.19 66 NAVIGATION 0 1 0 0 286 0. 140.5
130.25 66 WP_MOVED 1 497586.6875 3565500. 770.
130.36 66 ACCEL_RATES -528 -516 -509 -5.28 -5.16 -5.09
130.40 66 DESIRED 0. 0. 0. 0. 761. 0.
130.45 66 NAVIGATION 0 1 0 0 286 0. 140.5
130.46 66 ATTITUDE 1 0 -26
130.46 66 PPRZ_MODE 2 0 3 0 0 6 0
130.53 66 ESTIMATOR 0. 0. 0. 0. 0.
130.62 66 DL_VALUE 11 1.5
130.68 66 NAVIGATION 0 1 0 0 286 0. 140.5
130.72 66 WP_MOVED 2 497622.6875 3565498.5 770.
130.75 66 RAD_OF_IR 8 0 0.00211
130.82 66 ACCEL_RATES -528 -516 -509 -5.28 -5.16 -5.09
130.84 66 IR_SENSORS -858 8 1
130.94 66 COMMANDS 0,-602,-6084,-698
130.94 66 NAVIGATION 0 1 0 0 286 0. 140.5
130.94 66 ATTITUDE 1 0 -26
130.94 66 DOWNLINK_STATUS 128 21769 1480 0 348. 24.
130.94 66 GYRO_RATES 0 75 -8 -0. 0.654498 0.069813
130.96 66 FBW_STATUS 2 1 111
131.00 66 ESTIMATOR 0. 0. 0. 0. 0.
131.02 66 BAT 0 111 0 0 65 1 0
131.09 66 CALIBRATION 0. 0.02 0.5 0
131.12 66 NAVIGATION 0 1 0 0 286 0. 140.5
131.19 66 WP_MOVED 3 497546.40625 3565495.5 770.
131.22 66 SERVO -6084 -427 0
131.28 66 ACCEL_RATES -528 -516 -509 -5.28 -5.16 -5.09
131.31 66 DESIRED 0. 0. 0. 0. 761. 0.
131.33 66 IR_DEBUG 620 607 620 607
131.36 66 NAVIGATION 0 1 0 0 286 0. 140.5
131.37 66 ATTITUDE 1 0 -26
131.47 66 ESTIMATOR 0. 0. 0. 0. 0.
131.55 66 DL_VALUE 12 1.5
131.60 66 NAVIGATION 0 1 0 0 286 0. 140.5
131.66 66 WP_MOVED 4 497575. 3565498. 0.
131.68 66 RAD_OF_IR 9 0 0.00211
131.76 66 ACCEL_RATES -528 -516 -509 -5.28 -5.16 -5.09
131.78 66 IR_SENSORS -858 8 1
131.82 66 COMMANDS 0,-427,-6084,-698
131.85 66 NAVIGATION 0 1 0 0 286 0. 140.5
131.86 66 ATTITUDE 1 0 -26
131.90 66 GYRO_RATES 0 74 -8 -0. 0.645772 0.069813
131.93 66 FBW_STATUS 2 1 111
131.93 66 DOWNLINK_STATUS 129 22130 1505 0 361. 25.
131.94 66 ESTIMATOR 0. 0. 0. 0. 0.
132.06 66 NAVIGATION 0 1 0 0 286 0. 140.5
132.13 66 WP_MOVED 0 497617. 3565540. 770.
132.21 66 ACCEL_RATES -528 -516 -509 -5.28 -5.16 -5.09
132.25 66 DESIRED 0. 0. 0. 0. 761. 0.
132.29 66 NAVIGATION 0 1 0 0 286 0. 140.5
132.31 66 ATTITUDE 1 0 -26
132.42 66 ESTIMATOR 0. 0. 0. 0. 0.
132.49 66 DL_VALUE 13 1.5
132.53 66 NAVIGATION 0 1 0 0 286 0. 140.5
132.59 66 WP_MOVED 1 497586.6875 3565500. 770.
132.63 66 RAD_OF_IR 9 0 0.00211
132.69 66 ACCEL_RATES -528 -516 -509 -5.28 -5.16 -5.09
132.70 66 IR_SENSORS -858 8 1
132.76 66 COMMANDS 0,-427,-6084,-698
132.78 66 NAVIGATION 0 1 0 0 286 0. 140.5
132.79 66 ATTITUDE 1 0 -26
132.82 66 GYRO_RATES 0 75 -8 -0. 0.654498 0.069813
132.85 66 FBW_STATUS 2 1 111
132.89 66 ESTIMATOR 0. 0. 0. 0. 0.
132.90 66 BAT 0 111 0 0 66 0 0
132.95 66 DOWNLINK_STATUS 130 22455 1526 0 325. 21.
132.98 66 CALIBRATION 0. 0.02 0.5 0
133.00 66 NAVIGATION 0 1 0 0 286 0. 140.5
133.06 66 WP_MOVED 2 497622.6875 3565498.5 770.
133.07 66 SERVO -5910 -427 0
133.15 66 ACCEL_RATES -528 -516 -509 -5.28 -5.16 -5.09
133.19 66 DESIRED 0. 0. 0. 0. 761. 0.
133.20 66 IR_DEBUG 620 607 620 607
133.23 66 NAVIGATION 0 1 0 0 286 0. 140.5
133.25 66 ATTITUDE 1 0 -26
133.35 66 ESTIMATOR 0. 0. 0. 0. 0.
133.43 66 DL_VALUE 14 0.
133.47 66 NAVIGATION 0 1 0 0 286 0. 140.5
133.54 66 WP_MOVED 3 497546.40625 3565495.5 770.
133.54 66 RAD_OF_IR 9 0 0.00211
133.62 66 ACCEL_RATES -528 -516 -509 -5.28 -5.16 -5.09
133.64 66 IR_SENSORS -858 8 1
133.70 66 COMMANDS 0,-380,-6084,-698
133.74 66 NAVIGATION 0 1 0 0 286 0. 140.5
133.75 66 ATTITUDE 1 0 -26
133.76 66 GYRO_RATES 0 75 -8 -0. 0.654498 0.069813
133.79 66 FBW_STATUS 2 1 111
133.81 66 ESTIMATOR 0. 0. 0. 0. 0.
133.96 66 NAVIGATION 0 1 0 0 286 0. 140.5
133.96 66 DOWNLINK_STATUS 131 22795 1549 0 340. 23.
134.00 66 WP_MOVED 4 497575. 3565498. 0.
134.09 66 ACCEL_RATES -528 -516 -509 -5.28 -5.16 -5.09
134.13 66 DESIRED 0. 0. 0. 0. 761. 0.
134.17 66 NAVIGATION 0 1 0 0 286 0. 140.5
134.18 66 ATTITUDE 1 0 -26
134.29 66 ESTIMATOR 0. 0. 0. 0. 0.
134.37 66 DL_VALUE 15 0.5
134.42 66 NAVIGATION 0 1 0 0 286 0. 140.5
134.47 66 WP_MOVED 0 497617. 3565540. 770.
134.51 66 RAD_OF_IR 8 0 0.00211
134.56 66 ACCEL_RATES -528 -516 -509 -5.28 -5.16 -5.09
134.58 66 IR_SENSORS -858 9 1
134.63 66 COMMANDS 0,-380,-6084,-698
134.65 66 NAVIGATION 0 1 0 0 286 0. 140.5
134.67 66 ATTITUDE 1 0 -26
134.69 66 GYRO_RATES 0 75 -8 -0. 0.654498 0.069813
134.72 66 FBW_STATUS 2 1 111
134.75 66 ESTIMATOR 0. 0. 0. 0. 0.
134.77 66 BAT 0 111 0 0 68 0 0
134.84 66 ACTUATORS 1161,1794,0,1200,1536
134.85 66 CALIBRATION 0. 0.02 0.5 0
134.87 66 NAVIGATION 0 1 0 0 286 0. 140.5
134.94 66 WP_MOVED 1 497586.6875 3565500. 770.
134.95 66 SERVO -6084 -427 0
134.95 66 DOWNLINK_STATUS 132 23149 1573 0 354. 24.
135.04 66 ACCEL_RATES -528 -516 -509 -5.28 -5.16 -5.09
135.06 66 DESIRED 0. 0. 0. 0. 761. 0.
135.08 66 IR_DEBUG 619 607 619 607
135.12 66 NAVIGATION 0 1 0 0 286 0. 140.5
135.13 66 ATTITUDE 1 0 -26
135.13 66 PPRZ_MODE 2 0 3 0 0 6 0
135.22 66 ESTIMATOR 0. 0. 0. 0. 0.
135.30 66 DL_VALUE 16 0.5
135.34 66 NAVIGATION 0 1 0 0 286 0. 140.5
135.42 66 WP_MOVED 2 497622.6875 3565498.5 770.
135.43 66 RAD_OF_IR 9 0 0.00211
135.50 66 ACCEL_RATES -528 -516 -509 -5.28 -5.16 -5.09
135.54 66 IR_SENSORS -858 9 1
135.57 66 COMMANDS 0,-380,-5910,-698
135.59 66 NAVIGATION 0 1 0 0 286 0. 140.5
135.62 66 ATTITUDE 1 0 -26
135.63 66 GYRO_RATES 0 75 -8 -0. 0.654498 0.069813
135.66 66 FBW_STATUS 2 1 111
135.69 66 ESTIMATOR 0. 0. 0. 0. 0.
135.81 66 NAVIGATION 0 1 0 0 286 0. 140.5
135.87 66 WP_MOVED 3 497546.40625 3565495.5 770.
135.96 66 DOWNLINK_STATUS 133 23457 1594 0 308. 21.
135.98 66 ACCEL_RATES -528 -516 -509 -5.28 -5.16 -5.09
136.00 66 DESIRED 0. 0. 0. 0. 761. 0.
136.04 66 NAVIGATION 0 1 0 0 286 0. 140.5
136.05 66 ATTITUDE 1 0 -26
136.16 66 ESTIMATOR 0. 0. 0. 0. 0.
136.24 66 DL_VALUE 17 0.5
136.30 66 NAVIGATION 0 1 0 0 286 0. 140.5
136.36 66 WP_MOVED 4 497575. 3565498. 0.
136.36 66 RAD_OF_IR 9 0 0.00211
136.45 66 ACCEL_RATES -528 -516 -509 -5.28 -5.16 -5.09
136.45 66 IR_SENSORS -858 8 1
136.50 66 COMMANDS 0,-380,-6084,-698
136.53 66 NAVIGATION 0 1 0 0 286 0. 140.5
136.54 66 ATTITUDE 1 0 -26
136.56 66 GYRO_RATES 0 75 -8 -0. 0.654498 0.069813
136.60 66 FBW_STATUS 2 1 111
136.63 66 ESTIMATOR 0. 0. 0. 0. 0.
136.65 66 BAT 0 111 0 0 70 0 0
136.71 66 CALIBRATION 0. 0.02 0.5 0
136.75 66 NAVIGATION 0 1 0 0 286 0. 140.5
136.81 66 WP_MOVED 0 497617. 3565540. 770.
136.83 66 SERVO -5910 -380 0
136.93 66 ACCEL_RATES -528 -516 -509 -5.28 -5.16 -5.09
136.96 66 DESIRED 0. 0. 0. 0. 761. 0.
137.00 66 IR_DEBUG 619 607 619 607
137.00 66 DOWNLINK_STATUS 134 23839 1619 0 382. 25.
137.00 66 NAVIGATION 0 1 0 0 286 0. 140.5
137.01 66 ATTITUDE 1 0 -26
137.10 66 ESTIMATOR 0. 0. 0. 0. 0.
137.18 66 DL_VALUE 18 470.
137.23 66 NAVIGATION 0 1 0 0 286 0. 140.5
137.28 66 WP_MOVED 1 497586.6875 3565500. 770.
137.30 66 RAD_OF_IR 8 0 0.00211
137.33 66 NAVIGATION_REF 497575 3565498 12
137.37 66 ACCEL_RATES -528 -516 -509 -5.28 -5.16 -5.09
137.39 66 IR_SENSORS -858 8 1
137.46 66 COMMANDS 0,-380,-6084,-698
137.47 66 NAVIGATION 0 1 0 0 286 0. 140.5
137.48 66 ATTITUDE 1 0 -26
137.51 66 GYRO_RATES -1 75 -8 0.008727 0.654498 0.069813
137.54 66 FBW_STATUS 2 1 111
137.57 66 ESTIMATOR 0. 0. 0. 0. 0.
137.69 66 NAVIGATION 0 1 0 0 286 0. 140.5
137.75 66 WP_MOVED 2 497622.6875 3565498.5 770.
137.84 66 ACCEL_RATES -528 -516 -509 -5.28 -5.16 -5.09
137.87 66 DESIRED 0. 0. 0. 0. 761. 0.
137.92 66 NAVIGATION 0 1 0 0 286 0. 140.5
137.93 66 ATTITUDE 1 0 -26
138.00 66 DOWNLINK_STATUS 135 24165 1641 0 326. 22.
138.05 66 ESTIMATOR 0. 0. 0. 0. 0.
138.12 66 DL_VALUE 19 405.
138.17 66 NAVIGATION 0 1 0 0 286 0. 140.5
138.22 66 WP_MOVED 3 497546.40625 3565495.5 770.
138.24 66 RAD_OF_IR 9 0 0.00211
138.32 66 ACCEL_RATES -528 -516 -509 -5.28 -5.16 -5.09
138.33 66 IR_SENSORS -858 8 1
138.39 66 COMMANDS 0,-427,-5910,-698
138.40 66 NAVIGATION 0 1 0 0 286 0. 140.5
138.42 66 ATTITUDE 1 0 -26
138.44 66 GYRO_RATES 0 75 -8 -0. 0.654498 0.069813
138.48 66 FBW_STATUS 2 1 111
138.51 66 ESTIMATOR 0. 0. 0. 0. 0.
138.53 66 BAT 0 111 0 0 72 0 0
138.59 66 CALIBRATION 0. 0.02 0.5 0
138.62 66 NAVIGATION 0 1 0 0 286 0. 140.5
138.70 66 WP_MOVED 4 497575. 3565498. 0.
138.70 66 SERVO -5910 -427 0
138.78 66 ACCEL_RATES -528 -516 -509 -5.28 -5.16 -5.09
138.81 66 DESIRED 0. 0. 0. 0. 761. 0.
138.82 66 IR_DEBUG 620 607 620 607
138.85 66 NAVIGATION 0 1 0 0 286 0. 140.5
138.87 66 ATTITUDE 1 0 -26
138.97 66 ESTIMATOR 0. 0. 0. 0. 0.
138.99 66 DOWNLINK_STATUS 136 24523 1665 0 358. 24.
139.05 66 DL_VALUE 20 473.
139.10 66 NAVIGATION 0 1 0 0 286 0. 140.5
139.16 66 WP_MOVED 0 497617. 3565540. 770.
139.16 66 RAD_OF_IR 8 0 0.00211
140.02 66 DOWNLINK_STATUS 137 24573 1669 0 50. 4.
141.03 66 DOWNLINK_STATUS 138 24573 1669 0 0. 0.
142.03 66 DOWNLINK_STATUS 139 24573 1669 0 0. 0.
143.04 66 DOWNLINK_STATUS 140 24573 1669 0 0. 0.
144.04 66 DOWNLINK_STATUS 141 24573 1669 0 0. 0.
145.05 66 DOWNLINK_STATUS 142 24573 1669 0 0. 0.
146.05 66 DOWNLINK_STATUS 143 24573 1669 0 0. 0.
147.06 66 DOWNLINK_STATUS 145 24573 1669 0 0. 0.
148.06 66 DOWNLINK_STATUS 146 24573 1669 0 0. 0.
149.07 66 DOWNLINK_STATUS 147 24573 1669 0 0. 0.
150.07 66 DOWNLINK_STATUS 148 24573 1669 0 0. 0.
151.08 66 DOWNLINK_STATUS 149 24573 1669 0 0. 0.
152.08 66 DOWNLINK_STATUS 150 24573 1669 0 0. 0.
153.07 66 DOWNLINK_STATUS 151 24573 1669 0 0. 0.
154.08 66 DOWNLINK_STATUS 152 24573 1669 0 0. 0.
155.08 66 DOWNLINK_STATUS 153 24573 1669 0 0. 0.
156.07 66 DOWNLINK_STATUS 154 24573 1669 0 0. 0.
157.07 66 DOWNLINK_STATUS 155 24573 1669 0 0. 0.
158.08 66 DOWNLINK_STATUS 156 24573 1669 0 0. 0.
159.07 66 DOWNLINK_STATUS 157 24573 1669 0 0. 0.
160.07 66 DOWNLINK_STATUS 158 24573 1669 0 0. 0.
161.08 66 DOWNLINK_STATUS 159 24573 1669 0 0. 0.
162.07 66 DOWNLINK_STATUS 160 24573 1669 0 0. 0.
163.08 66 DOWNLINK_STATUS 161 24573 1669 0 0. 0.
164.07 66 DOWNLINK_STATUS 162 24573 1669 0 0. 0.
165.08 66 DOWNLINK_STATUS 163 24573 1669 0 0. 0.
166.08 66 DOWNLINK_STATUS 164 24573 1669 0 0. 0.
167.08 66 DOWNLINK_STATUS 165 24573 1669 0 0. 0.
168.08 66 DOWNLINK_STATUS 166 24573 1669 0 0. 0.
169.07 66 DOWNLINK_STATUS 167 24573 1669 0 0. 0.
170.08 66 DOWNLINK_STATUS 168 24573 1669 0 0. 0.
171.08 66 DOWNLINK_STATUS 169 24573 1669 0 0. 0.
172.08 66 DOWNLINK_STATUS 170 24573 1669 0 0. 0.
173.08 66 DOWNLINK_STATUS 171 24573 1669 0 0. 0.
174.08 66 DOWNLINK_STATUS 172 24573 1669 0 0. 0.
175.08 66 DOWNLINK_STATUS 173 24573 1669 0 0. 0.
176.08 66 DOWNLINK_STATUS 174 24573 1669 0 0. 0.
177.08 66 DOWNLINK_STATUS 175 24573 1669 0 0. 0.
178.08 66 DOWNLINK_STATUS 176 24573 1669 0 0. 0.
179.08 66 DOWNLINK_STATUS 177 24573 1669 0 0. 0.
180.08 66 DOWNLINK_STATUS 178 24573 1669 0 0. 0.
181.09 66 DOWNLINK_STATUS 179 24573 1669 0 0. 0.
182.09 66 DOWNLINK_STATUS 180 24573 1669 0 0. 0.
183.09 66 DOWNLINK_STATUS 181 24573 1669 0 0. 0.
184.09 66 DOWNLINK_STATUS 182 24573 1669 0 0. 0.
185.10 66 DOWNLINK_STATUS 183 24573 1669 0 0. 0.
186.11 66 DOWNLINK_STATUS 184 24573 1669 0 0. 0.
187.11 66 DOWNLINK_STATUS 185 24573 1669 0 0. 0.
188.11 66 DOWNLINK_STATUS 186 24573 1669 0 0. 0.
189.11 66 DOWNLINK_STATUS 187 24573 1669 0 0. 0.
190.11 66 DOWNLINK_STATUS 188 24573 1669 0 0. 0.
191.11 66 DOWNLINK_STATUS 189 24573 1669 0 0. 0.
192.12 66 DOWNLINK_STATUS 190 24573 1669 0 0. 0.
193.12 66 DOWNLINK_STATUS 191 24573 1669 0 0. 0.
194.12 66 DOWNLINK_STATUS 192 24573 1669 0 0. 0.
195.15 66 DOWNLINK_STATUS 193 24573 1669 0 0. 0.
196.13 66 DOWNLINK_STATUS 194 24573 1669 0 0. 0.
197.13 66 DOWNLINK_STATUS 195 24573 1669 0 0. 0.
198.14 66 DOWNLINK_STATUS 196 24573 1669 0 0. 0.
199.14 66 DOWNLINK_STATUS 197 24573 1669 0 0. 0.
200.14 66 DOWNLINK_STATUS 198 24573 1669 0 0. 0.
201.14 66 DOWNLINK_STATUS 199 24573 1669 0 0. 0.
202.14 66 DOWNLINK_STATUS 200 24573 1669 0 0. 0.
203.14 66 DOWNLINK_STATUS 201 24573 1669 0 0. 0.
204.15 66 DOWNLINK_STATUS 202 24573 1669 0 0. 0.
205.15 66 DOWNLINK_STATUS 203 24573 1669 0 0. 0.
206.15 66 DOWNLINK_STATUS 204 24573 1669 0 0. 0.
207.16 66 DOWNLINK_STATUS 205 24573 1669 0 0. 0.
208.16 66 DOWNLINK_STATUS 206 24573 1669 0 0. 0.
209.19 66 DOWNLINK_STATUS 207 24573 1669 0 0. 0.
210.17 66 DOWNLINK_STATUS 208 24573 1669 0 0. 0.
211.18 66 DOWNLINK_STATUS 209 24573 1669 0 0. 0.
212.18 66 DOWNLINK_STATUS 210 24573 1669 0 0. 0.
213.18 66 DOWNLINK_STATUS 211 24573 1669 0 0. 0.
214.18 66 DOWNLINK_STATUS 212 24573 1669 0 0. 0.
215.19 66 DOWNLINK_STATUS 213 24573 1669 0 0. 0.
216.20 66 DOWNLINK_STATUS 214 24573 1669 0 0. 0.
217.22 66 DOWNLINK_STATUS 215 24573 1669 0 0. 0.
218.22 66 DOWNLINK_STATUS 216 24573 1669 0 0. 0.
219.24 66 DOWNLINK_STATUS 217 24573 1669 0 0. 0.
220.24 66 DOWNLINK_STATUS 218 24573 1669 0 0. 0.
221.24 66 DOWNLINK_STATUS 219 24573 1669 0 0. 0.
222.24 66 DOWNLINK_STATUS 220 24573 1669 0 0. 0.
223.24 66 DOWNLINK_STATUS 221 24573 1669 0 0. 0.
224.24 66 DOWNLINK_STATUS 222 24573 1669 0 0. 0.
225.26 66 DOWNLINK_STATUS 223 24573 1669 0 0. 0.
226.30 66 DOWNLINK_STATUS 224 24573 1669 0 0. 0.
227.27 66 DOWNLINK_STATUS 225 24573 1669 0 0. 0.
228.27 66 DOWNLINK_STATUS 226 24573 1669 0 0. 0.
229.28 66 DOWNLINK_STATUS 227 24573 1669 0 0. 0.
230.27 66 DOWNLINK_STATUS 228 24573 1669 0 0. 0.
231.27 66 DOWNLINK_STATUS 229 24573 1669 0 0. 0.
232.27 66 DOWNLINK_STATUS 230 24573 1669 0 0. 0.
233.27 66 DOWNLINK_STATUS 231 24573 1669 0 0. 0.
234.27 66 DOWNLINK_STATUS 232 24573 1669 0 0. 0.
235.27 66 DOWNLINK_STATUS 233 24573 1669 0 0. 0.
236.27 66 DOWNLINK_STATUS 234 24573 1669 0 0. 0.
237.27 66 DOWNLINK_STATUS 235 24573 1669 0 0. 0.
238.27 66 DOWNLINK_STATUS 236 24573 1669 0 0. 0.
239.27 66 DOWNLINK_STATUS 237 24573 1669 0 0. 0.
240.29 66 DOWNLINK_STATUS 238 24573 1669 0 0. 0.
241.28 66 DOWNLINK_STATUS 239 24573 1669 0 0. 0.
242.29 66 DOWNLINK_STATUS 240 24573 1669 0 0. 0.
243.29 66 DOWNLINK_STATUS 241 24573 1669 0 0. 0.
244.29 66 DOWNLINK_STATUS 242 24573 1669 0 0. 0.
245.29 66 DOWNLINK_STATUS 243 24573 1669 0 0. 0.
246.29 66 DOWNLINK_STATUS 244 24573 1669 0 0. 0.
247.28 66 DOWNLINK_STATUS 245 24573 1669 0 0. 0.
248.29 66 DOWNLINK_STATUS 246 24573 1669 0 0. 0.
249.29 66 DOWNLINK_STATUS 247 24573 1669 0 0. 0.
250.28 66 DOWNLINK_STATUS 248 24573 1669 0 0. 0.
251.28 66 DOWNLINK_STATUS 249 24573 1669 0 0. 0.
252.28 66 DOWNLINK_STATUS 250 24573 1669 0 0. 0.
253.28 66 DOWNLINK_STATUS 251 24573 1669 0 0. 0.
254.29 66 DOWNLINK_STATUS 252 24573 1669 0 0. 0.
255.29 66 DOWNLINK_STATUS 253 24573 1669 0 0. 0.
256.29 66 DOWNLINK_STATUS 254 24573 1669 0 0. 0.
257.29 66 DOWNLINK_STATUS 255 24573 1669 0 0. 0.
258.29 66 DOWNLINK_STATUS 256 24573 1669 0 0. 0.
259.29 66 DOWNLINK_STATUS 257 24573 1669 0 0. 0.
260.28 66 DOWNLINK_STATUS 258 24573 1669 0 0. 0.
261.29 66 DOWNLINK_STATUS 259 24573 1669 0 0. 0.
262.29 66 DOWNLINK_STATUS 260 24573 1669 0 0. 0.
263.29 66 DOWNLINK_STATUS 261 24573 1669 0 0. 0.
264.29 66 DOWNLINK_STATUS 262 24573 1669 0 0. 0.
265.29 66 DOWNLINK_STATUS 263 24573 1669 0 0. 0.
266.29 66 DOWNLINK_STATUS 264 24573 1669 0 0. 0.
267.29 66 DOWNLINK_STATUS 265 24573 1669 0 0. 0.
268.29 66 DOWNLINK_STATUS 266 24573 1669 0 0. 0.
269.29 66 DOWNLINK_STATUS 267 24573 1669 0 0. 0.
270.30 66 DOWNLINK_STATUS 268 24573 1669 0 0. 0.
271.30 66 DOWNLINK_STATUS 269 24573 1669 0 0. 0.
272.30 66 DOWNLINK_STATUS 270 24573 1669 0 0. 0.
273.31 66 DOWNLINK_STATUS 271 24573 1669 0 0. 0.
274.30 66 DOWNLINK_STATUS 272 24573 1669 0 0. 0.
275.31 66 DOWNLINK_STATUS 273 24573 1669 0 0. 0.
276.31 66 DOWNLINK_STATUS 274 24573 1669 0 0. 0.
277.31 66 DOWNLINK_STATUS 275 24573 1669 0 0. 0.
278.32 66 DOWNLINK_STATUS 276 24573 1669 0 0. 0.
279.32 66 DOWNLINK_STATUS 277 24573 1669 0 0. 0.
280.33 66 DOWNLINK_STATUS 278 24573 1669 0 0. 0.
281.32 66 DOWNLINK_STATUS 279 24573 1669 0 0. 0.
282.33 66 DOWNLINK_STATUS 280 24573 1669 0 0. 0.
283.32 66 DOWNLINK_STATUS 281 24573 1669 0 0. 0.
284.33 66 DOWNLINK_STATUS 282 24573 1669 0 0. 0.
285.33 66 DOWNLINK_STATUS 283 24573 1669 0 0. 0.
286.34 66 DOWNLINK_STATUS 284 24573 1669 0 0. 0.
287.34 66 DOWNLINK_STATUS 285 24573 1669 0 0. 0.
288.34 66 DOWNLINK_STATUS 286 24573 1669 0 0. 0.
289.35 66 DOWNLINK_STATUS 287 24573 1669 0 0. 0.
290.36 66 DOWNLINK_STATUS 288 24573 1669 0 0. 0.
291.35 66 DOWNLINK_STATUS 289 24573 1669 0 0. 0.
292.35 66 DOWNLINK_STATUS 290 24573 1669 0 0. 0.
293.36 66 DOWNLINK_STATUS 291 24573 1669 0 0. 0.
294.35 66 DOWNLINK_STATUS 292 24573 1669 0 0. 0.
295.36 66 DOWNLINK_STATUS 293 24573 1669 0 0. 0.
296.36 66 DOWNLINK_STATUS 294 24573 1669 0 0. 0.
297.35 66 DOWNLINK_STATUS 295 24573 1669 0 0. 0.
298.35 66 DOWNLINK_STATUS 296 24573 1669 0 0. 0.
299.35 66 DOWNLINK_STATUS 297 24573 1669 0 0. 0.
300.35 66 DOWNLINK_STATUS 298 24573 1669 0 0. 0.
301.36 66 DOWNLINK_STATUS 299 24573 1669 0 0. 0.
302.36 66 DOWNLINK_STATUS 300 24573 1669 0 0. 0.
303.35 66 DOWNLINK_STATUS 301 24573 1669 0 0. 0.
304.35 66 DOWNLINK_STATUS 302 24573 1669 0 0. 0.
305.35 66 DOWNLINK_STATUS 303 24573 1669 0 0. 0.
306.35 66 DOWNLINK_STATUS 304 24573 1669 0 0. 0.
307.35 66 DOWNLINK_STATUS 305 24573 1669 0 0. 0.
308.36 66 DOWNLINK_STATUS 306 24573 1669 0 0. 0.
309.36 66 DOWNLINK_STATUS 307 24573 1669 0 0. 0.
310.36 66 DOWNLINK_STATUS 308 24573 1669 0 0. 0.
311.36 66 DOWNLINK_STATUS 309 24573 1669 0 0. 0.
