9.31 44 ESTIMATOR 700. 0. 0. 0. 0.
9.35 44 BAT 0 121 0 0 0 0 0
9.36 44 PPRZ_MODE 2 3 1 0 0 5 0
9.37 44 FBW_STATUS 0 1 121
9.42 44 ESTIMATOR 709.193481 -0.221776 919.350037 -22.177582 920.610046
9.45 44 BAT 0 121 0 0 2 2 0
9.46 44 PPRZ_MODE 1 3 1 0 0 21 0
9.49 44 CALIBRATION -3.666 0.037 0.5 1
9.52 44 NAVIGATION 0 0 0 0 286 0. 570986.7
9.55 44 WP_MOVED 2 358071. 4822161. 0.
9.56 44 SERVO 9600 -9600 57
9.64 44 DESIRED -0. 0.01 0. 0. 700.012 -2.
9.71 44 NAVIGATION 0 0 0 0 286 0. 570986.7
9.72 44 ATTITUDE 0 0 0
9.75 44 DOWNLINK_STATUS 8 221 17 0 221. 17.
9.82 44 ESTIMATOR 709.315002 0.08289 931.5 8.288994 918.450073
9.88 44 DL_VALUE 2 0.
9.94 44 NAVIGATION 0 0 0 0 286 0. 570986.7
9.99 44 WP_MOVED 0 358113. 4822203. 702.
10.16 44 COMMANDS 55,-9600,9600,-9600
10.20 44 NAVIGATION 0 0 0 0 286 0. 570986.7
10.22 44 ATTITUDE 0 0 0
10.25 44 GYRO_RATES -152 -178 -147 1.32645 -1.553343 1.282817
10.26 44 FBW_STATUS 0 1 121
10.30 44 ESTIMATOR 709.328491 -0.038555 932.850037 -3.855476 919.350159
10.41 44 NAVIGATION 0 0 0 0 286 0. 570986.7
10.46 44 WP_MOVED 1 358824.90625 4822110. 702.
10.58 44 DESIRED -0. 0.01 0. 0. 700.012 -2.
10.64 44 NAVIGATION 0 0 0 0 286 0. 570986.7
10.66 44 ATTITUDE 0 0 0
10.75 44 DOWNLINK_STATUS 9 452 32 0 231. 15.
10.76 44 ESTIMATOR 709.301514 -0.042284 930.150024 -4.228401 918.720032
10.82 44 DL_VALUE 3 0.
10.88 44 NAVIGATION 0 0 0 0 286 0. 570986.7
10.93 44 WP_MOVED 2 358071. 4822161. 0.
11.10 44 COMMANDS 61,-9600,9600,-9600
11.14 44 NAVIGATION 0 0 0 0 286 0. 570986.7
11.15 44 ATTITUDE 0 0 0
11.19 44 GYRO_RATES -160 -187 -157 1.396263 -1.631883 1.370083
11.20 44 FBW_STATUS 0 1 121
11.23 44 ESTIMATOR 709.193481 -0.083646 919.350037 -8.364563 919.26001
11.26 44 BAT 53 121 0 0 4 4 0
11.30 44 CALIBRATION -7.311 0.037 0.5 1
11.35 44 NAVIGATION 0 0 0 0 286 0. 570986.7
11.40 44 WP_MOVED 0 358113. 4822203. 702.
11.42 44 SERVO 9600 -9600 52
11.52 44 DESIRED -0.01 0.01 0. 0. 700.016 -2.
11.58 44 NAVIGATION 0 0 0 0 286 0. 570986.7
11.60 44 ATTITUDE 0 0 0
11.70 44 ESTIMATOR 709.072021 0.037828 907.200012 3.782845 917.819946
11.75 44 DOWNLINK_STATUS 10 742 51 0 290. 19.
11.76 44 DL_VALUE 4 1.
11.82 44 NAVIGATION 0 0 0 0 286 0. 570986.7
11.87 44 WP_MOVED 1 358824.90625 4822110. 702.
12.04 44 COMMANDS 48,-9600,9600,-9600
12.07 44 NAVIGATION 0 0 0 0 286 0. 570986.7
12.09 44 ATTITUDE 0 0 0
12.12 44 GYRO_RATES -172 -198 -168 1.500983 -1.727876 1.466077
12.15 44 FBW_STATUS 0 1 121
12.18 44 ESTIMATOR 709.072021 0.039473 907.200012 3.947334 920.429932
12.23 44 ACTUATORS 1500,2000,0,1204,1000
12.29 44 NAVIGATION 0 0 0 0 286 0. 570986.7
12.34 44 WP_MOVED 2 358071. 4822161. 0.
12.46 44 DESIRED -0. 0.01 0. 0. 700.014 -2.
12.52 44 NAVIGATION 0 0 0 0 286 0. 570986.7
12.54 44 ATTITUDE 0 0 0
12.57 44 PPRZ_MODE 1 3 0 0 0 5 0
12.64 44 ESTIMATOR 709.08551 0.085671 908.549988 8.567123 921.330078
12.70 44 DL_VALUE 5 0.
12.75 44 DOWNLINK_STATUS 11 1002 69 0 260. 18.
12.75 44 NAVIGATION 0 0 0 0 286 0. 570986.7
12.80 44 WP_MOVED 0 358113. 4822203. 702.
12.97 44 COMMANDS 56,-9600,9600,-9600
13.01 44 NAVIGATION 0 0 0 0 286 0. 570986.7
13.03 44 ATTITUDE 0 0 0
13.06 44 GYRO_RATES -162 -188 -158 1.413717 -1.64061 1.37881
13.07 44 FBW_STATUS 0 1 121
13.10 44 ESTIMATOR 709.166504 0.053648 916.650024 5.364838 919.980042
13.13 44 BAT 61 121 0 0 6 6 0
13.18 44 CALIBRATION -9.194 0.037 0.5 1
13.22 44 NAVIGATION 0 0 0 0 286 0. 570986.7
13.27 44 WP_MOVED 1 358824.90625 4822110. 702.
13.30 44 SERVO 9600 -9600 59
13.40 44 DESIRED -0. 0.01 0. 0. 700.014 -2.
13.46 44 NAVIGATION 0 0 0 0 286 0. 570986.7
13.47 44 ATTITUDE 0 0 0
13.57 44 ESTIMATOR 709.315002 -0.01277 931.5 -1.277008 919.349976
13.63 44 DL_VALUE 6 0.
13.69 44 NAVIGATION 0 0 0 0 286 0. 570986.7
13.74 44 WP_MOVED 2 358071. 4822161. 0.
13.75 44 DOWNLINK_STATUS 12 1303 89 0 301. 20.
13.91 44 COMMANDS 64,-9600,9600,-9600
13.95 44 NAVIGATION 0 0 0 0 286 0. 570986.7
13.96 44 ATTITUDE 0 0 0
14.00 44 GYRO_RATES -153 -178 -148 1.335177 -1.553343 1.291544
14.01 44 FBW_STATUS 0 1 121
14.04 44 ESTIMATOR 709.301514 0.018415 930.150024 1.841469 919.889954
14.16 44 NAVIGATION 0 0 0 0 286 0. 570986.7
14.21 44 WP_MOVED 0 358113. 4822203. 702.
14.33 44 DESIRED -0. 0.01 0. 0. 700.012 -2.
14.40 44 NAVIGATION 0 0 0 0 286 0. 570986.7
14.41 44 ATTITUDE 0 0 0
14.51 44 ESTIMATOR 709.288025 -0.080811 928.799988 -8.081055 918.720032
14.57 44 DL_VALUE 7 0.
14.63 44 NAVIGATION 0 0 0 0 286 0. 570986.7
14.68 44 WP_MOVED 1 358824.90625 4822110. 702.
14.75 44 DOWNLINK_STATUS 13 1534 104 0 231. 15.
14.85 44 COMMANDS 52,-9600,9600,-9600
14.89 44 NAVIGATION 0 0 0 0 286 0. 570986.7
14.90 44 ATTITUDE 0 0 0
14.94 44 GYRO_RATES -163 -189 -160 1.422443 -1.649336 1.396263
14.95 44 FBW_STATUS 0 1 121
14.98 44 ESTIMATOR 709.193481 -0.070065 919.350037 -7.006454 918.720032
15.01 44 BAT 70 121 0 0 7 7 0
15.06 44 CALIBRATION -9.178 0.037 0.5 1
15.10 44 NAVIGATION 0 0 0 0 286 0. 570986.7
15.15 44 WP_MOVED 2 358071. 4822161. 0.
15.17 44 SERVO 9600 -9600 62
15.27 44 DESIRED -0. 0.01 0. 0. 700.01 -2.
15.33 44 NAVIGATION 0 0 0 0 286 0. 570986.7
15.37 44 ATTITUDE 0 0 0
15.45 44 ESTIMATOR 709.058472 0.048385 905.850037 4.838524 919.170105
15.51 44 DL_VALUE 8 0.
15.56 44 NAVIGATION 0 0 0 0 286 0. 570986.7
15.62 44 WP_MOVED 0 358113. 4822203. 702.
15.75 44 DOWNLINK_STATUS 14 1802 122 0 268. 18.
15.79 44 COMMANDS 57,-9600,9600,-9600
15.83 44 NAVIGATION 0 0 0 0 286 0. 570986.7
15.84 44 ATTITUDE 0 0 0
15.87 44 GYRO_RATES -172 -198 -167 1.500983 -1.727876 1.45735
15.88 44 FBW_STATUS 0 1 121
15.92 44 ESTIMATOR 709.072021 0.00278 907.200012 0.278015 919.980103
16.04 44 NAVIGATION 0 0 0 0 286 0. 570986.7
16.08 44 WP_MOVED 1 358824.90625 4822110. 702.
16.21 44 DESIRED -0. 0.01 0. 0. 700.013 -2.
16.27 44 NAVIGATION 0 0 0 0 286 0. 570986.7
16.30 44 ATTITUDE 0 0 0
16.39 44 ESTIMATOR 709.112488 0.082808 911.25 8.280792 920.160095
16.44 44 DL_VALUE 9 466.
16.50 44 NAVIGATION 0 0 0 0 286 0. 570986.7
16.56 44 WP_MOVED 2 358071. 4822161. 0.
16.58 44 NAVIGATION_REF 358071 4822161 31
16.72 44 COMMANDS 59,-9600,9600,-9600
16.75 44 DOWNLINK_STATUS 15 2055 139 0 253. 17.
16.76 44 NAVIGATION 0 0 0 0 286 0. 570986.7
16.78 44 ATTITUDE 0 0 0
16.83 44 GYRO_RATES -160 -186 -154 1.396263 -1.623156 1.343904
16.86 44 FBW_STATUS 0 1 121
16.87 44 ESTIMATOR 709.234009 0.062371 923.400024 6.237144 921.06012
16.88 44 BAT 48 121 0 0 9 9 0
16.92 44 ACTUATORS 1500,2000,0,1204,1000
16.94 44 CALIBRATION -9.188 0.037 0.5 1
16.97 44 NAVIGATION 0 0 0 0 286 0. 570986.7
17.02 44 WP_MOVED 0 358113. 4822203. 702.
17.04 44 SERVO 9600 -9600 52
17.14 44 DESIRED -0.01 0.01 0. 0. 700.019 -2.
17.21 44 NAVIGATION 0 0 0 0 286 0. 570986.7
17.22 44 ATTITUDE 0 0 0
17.24 44 PPRZ_MODE 1 3 0 0 0 5 0
17.33 44 ESTIMATOR 709.328491 -0.053164 932.850037 -5.316353 919.980042
17.38 44 DL_VALUE 10 492.
17.44 44 NAVIGATION 0 0 0 0 286 0. 570986.7
17.49 44 WP_MOVED 1 358824.90625 4822110. 702.
17.66 44 COMMANDS 55,-9600,9600,-9600
17.70 44 NAVIGATION 0 0 0 0 286 0. 570986.7
17.72 44 ATTITUDE 0 0 0
17.75 44 GYRO_RATES -154 -179 -148 1.343904 -1.56207 1.291544
17.75 44 DOWNLINK_STATUS 16 2391 162 0 336. 23.
17.76 44 FBW_STATUS 0 1 121
17.82 44 ESTIMATOR 709.301514 -0.020144 930.150024 -2.014427 918.81012
17.91 44 NAVIGATION 0 0 0 0 286 0. 570986.7
17.96 44 WP_MOVED 2 358071. 4822161. 0.
18.08 44 DESIRED -0. 0.01 0. 0. 700.014 -2.
18.14 44 NAVIGATION 0 0 0 0 286 0. 570986.7
18.16 44 ATTITUDE 0 0 0
18.26 44 ESTIMATOR 709.288025 -0.05092 928.799988 -5.091972 918.990051
18.33 44 DL_VALUE 11 461.
18.38 44 NAVIGATION 0 0 0 0 286 0. 570986.7
18.43 44 WP_MOVED 0 358113. 4822203. 702.
18.60 44 COMMANDS 71,-9600,9600,-9600
18.64 44 NAVIGATION 0 0 0 0 286 0. 570986.7
18.65 44 ATTITUDE 0 0 0
18.69 44 GYRO_RATES -163 -190 -160 1.422443 -1.658063 1.396263
18.69 44 FBW_STATUS 0 1 121
18.73 44 ESTIMATOR 709.179993 -0.071957 918. -7.195663 919.530029
18.75 44 DOWNLINK_STATUS 17 2649 179 0 258. 17.
18.76 44 BAT 52 121 0 0 11 11 0
18.83 44 CALIBRATION -9.181 0.037 0.5 1
18.85 44 NAVIGATION 0 0 0 0 286 0. 570986.7
18.90 44 WP_MOVED 1 358824.90625 4822110. 702.
18.92 44 SERVO 9600 -9600 58
19.02 44 DESIRED 0. 0.01 0. 0. 700.013 -2.
19.08 44 NAVIGATION 0 0 0 0 286 0. 570986.7
19.10 44 ATTITUDE 0 0 0
19.20 44 ESTIMATOR 709.031494 0.030053 903.150024 3.005257 918.360107
19.26 44 DL_VALUE 12 1.35
19.32 44 NAVIGATION 0 0 0 0 286 0. 570986.7
19.37 44 WP_MOVED 2 358071. 4822161. 0.
19.54 44 COMMANDS 57,-9600,9600,-9600
19.57 44 NAVIGATION 0 0 0 0 286 0. 570986.7
19.59 44 ATTITUDE 0 0 0
19.62 44 GYRO_RATES -171 -197 -167 1.492257 -1.719149 1.45735
19.63 44 FBW_STATUS 0 1 121
19.67 44 ESTIMATOR 709.08551 0.054889 908.549988 5.488853 919.350098
19.75 44 DOWNLINK_STATUS 18 2917 197 0 268. 18.
19.79 44 NAVIGATION 0 0 0 0 286 0. 570986.7
19.84 44 WP_MOVED 0 358113. 4822203. 702.
19.96 44 DESIRED -0. 0.01 0. 0. 700.012 -2.
20.02 44 NAVIGATION 0 0 0 0 286 0. 570986.7
20.03 44 ATTITUDE 0 0 0
20.14 44 ESTIMATOR 709.072021 0.102979 907.200012 10.297852 920.340088
20.19 44 DL_VALUE 13 0.
20.25 44 NAVIGATION 0 0 0 0 286 0. 570986.7
20.31 44 WP_MOVED 1 358824.90625 4822110. 702.
20.47 44 COMMANDS 44,-9600,9600,-9600
20.51 44 NAVIGATION 0 0 0 0 286 0. 570986.7
20.53 44 ATTITUDE 0 0 0
20.56 44 GYRO_RATES -162 -186 -156 1.413717 -1.623156 1.361357
20.57 44 FBW_STATUS 0 1 121
20.60 44 ESTIMATOR 709.234009 0.040096 923.400024 4.009628 919.53009
20.63 44 BAT 76 121 0 0 13 13 0
20.68 44 CALIBRATION -9.189 0.037 0.5 1
20.72 44 NAVIGATION 0 0 0 0 286 0. 570986.7
20.75 44 DOWNLINK_STATUS 19 3195 215 0 278. 18.
20.77 44 WP_MOVED 2 358071. 4822161. 0.
20.81 44 SERVO 9600 -9600 79
20.90 44 DESIRED -0. 0.01 0. 0. 700.013 -2.
20.96 44 NAVIGATION 0 0 0 0 286 0. 570986.7
20.97 44 ATTITUDE 0 0 0
21.07 44 ESTIMATOR 709.35553 -0.044444 935.549988 -4.444351 919.709961
21.13 44 DL_VALUE 14 0.
21.19 44 NAVIGATION 0 0 0 0 286 0. 570986.7
21.24 44 WP_MOVED 0 358113. 4822203. 702.
21.41 44 COMMANDS 46,-9600,9600,-9600
21.45 44 NAVIGATION 0 0 0 0 286 0. 570986.7
21.46 44 ATTITUDE 0 0 0
21.50 44 GYRO_RATES -153 -178 -149 1.335177 -1.553343 1.30027
21.51 44 FBW_STATUS 0 1 121
21.54 44 ESTIMATOR 709.301514 -0.016254 930.150024 -1.625404 919.170044
21.60 44 ACTUATORS 1500,2000,0,1203,1000
21.66 44 NAVIGATION 0 0 0 0 286 0. 570986.7
21.71 44 WP_MOVED 1 358824.90625 4822110. 702.
21.75 44 DOWNLINK_STATUS 20 3462 233 0 267. 18.
21.85 44 DESIRED -0. 0.01 0. 0. 700.012 -2.
21.90 44 NAVIGATION 0 0 0 0 286 0. 570986.7
21.91 44 ATTITUDE 0 0 0
21.93 44 PPRZ_MODE 1 3 0 0 0 5 0
22.01 44 ESTIMATOR 709.288025 -0.127979 928.799988 -12.79789 918.5401
22.07 44 DL_VALUE 15 0.75
22.13 44 NAVIGATION 0 0 0 0 286 0. 570986.7
22.18 44 WP_MOVED 2 358071. 4822161. 0.
22.36 44 COMMANDS 57,-9600,9600,-9600
22.38 44 NAVIGATION 0 0 0 0 286 0. 570986.7
22.40 44 ATTITUDE 0 0 0
22.44 44 GYRO_RATES -166 -192 -160 1.448623 -1.675516 1.396263
22.45 44 FBW_STATUS 0 1 121
22.48 44 ESTIMATOR 709.125977 -0.022816 912.600037 -2.28157 918.269958
22.51 44 BAT 34 121 0 0 15 15 0
22.56 44 CALIBRATION -9.185 0.037 0.5 1
22.60 44 NAVIGATION 0 0 0 0 286 0. 570986.7
22.65 44 WP_MOVED 0 358113. 4822203. 702.
22.67 44 SERVO 9600 -9600 27
22.75 44 DOWNLINK_STATUS 21 3739 252 0 277. 19.
22.77 44 DESIRED -0.01 0.01 0. 0. 700.02 -2.
22.84 44 NAVIGATION 0 0 0 0 286 0. 570986.7
22.88 44 ATTITUDE 0 0 0
22.95 44 ESTIMATOR 709.044983 0.091611 904.5 9.161148 920.25
23.00 44 DL_VALUE 16 25000.
23.06 44 NAVIGATION 0 0 0 0 286 0. 570986.7
23.12 44 WP_MOVED 1 358824.90625 4822110. 702.
23.29 44 COMMANDS 62,-9600,9600,-9600
23.32 44 NAVIGATION 0 0 0 0 286 0. 570986.7
23.35 44 ATTITUDE 0 0 0
23.37 44 GYRO_RATES -170 -196 -165 1.48353 -1.710423 1.439897
23.38 44 FBW_STATUS 0 1 121
23.42 44 ESTIMATOR 709.08551 0.018226 908.549988 1.822586 920.790039
23.53 44 NAVIGATION 0 0 0 0 286 0. 570986.7
23.58 44 WP_MOVED 2 358071. 4822161. 0.
23.71 44 DESIRED -0. 0.01 0. 0. 700.013 -2.
23.75 44 DOWNLINK_STATUS 22 3996 268 0 257. 16.
23.77 44 NAVIGATION 0 0 0 0 286 0. 570986.7
23.79 44 ATTITUDE 0 0 0
23.88 44 ESTIMATOR 709.139526 0.048951 913.950012 4.895134 919.800049
23.94 44 DL_VALUE 17 25000.
24.00 44 NAVIGATION 0 0 0 0 286 0. 570986.7
24.05 44 WP_MOVED 0 358113. 4822203. 702.
24.22 44 COMMANDS 56,-9600,9600,-9600
24.26 44 NAVIGATION 0 0 0 0 286 0. 570986.7
24.27 44 ATTITUDE 0 0 0
24.33 44 GYRO_RATES -156 -182 -152 1.361357 -1.58825 1.32645
24.36 44 FBW_STATUS 0 1 121
24.36 44 ESTIMATOR 709.301514 -0.00513 930.150024 -0.512962 919.710022
24.38 44 BAT 66 121 0 0 17 17 0
24.43 44 CALIBRATION -9.173 0.037 0.5 1
24.47 44 NAVIGATION 0 0 0 0 286 0. 570986.7
24.52 44 WP_MOVED 1 358824.90625 4822110. 702.
24.54 44 SERVO 9600 -9600 56
24.64 44 DESIRED -0. 0.01 0. 0. 700.011 -2.
24.71 44 NAVIGATION 0 0 0 0 286 0. 570986.7
24.72 44 ATTITUDE 0 0 0
24.75 44 DOWNLINK_STATUS 23 4290 288 0 294. 20.
24.82 44 ESTIMATOR 709.34198 -0.051085 934.200012 -5.108452 919.080017
24.88 44 DL_VALUE 18 0.75
24.94 44 NAVIGATION 0 0 0 0 286 0. 570986.7
24.99 44 WP_MOVED 2 358071. 4822161. 0.
25.01 44 NAVIGATION_REF 358071 4822161 31
25.16 44 COMMANDS 58,-9600,9600,-9600
25.20 44 NAVIGATION 0 0 0 0 286 0. 570986.7
25.21 44 ATTITUDE 0 0 0
25.25 44 GYRO_RATES -155 -180 -150 1.35263 -1.570796 1.308997
25.26 44 FBW_STATUS 0 1 121
25.31 44 ESTIMATOR 709.288025 -0.036531 928.799988 -3.653107 918.
25.41 44 NAVIGATION 0 0 0 0 286 0. 570986.7
25.46 44 WP_MOVED 0 358113. 4822203. 702.
25.58 44 DESIRED -0. 0.01 0. 0. 700.012 -2.
25.64 44 NAVIGATION 0 0 0 0 286 0. 570986.7
25.66 44 ATTITUDE 0 0 0
25.75 44 DOWNLINK_STATUS 24 4532 304 0 242. 16.
25.76 44 ESTIMATOR 709.247498 -0.026759 924.75 -2.675934 919.890076
25.83 44 DL_VALUE 19 13000.
25.88 44 NAVIGATION 0 0 0 0 286 0. 570986.7
25.93 44 WP_MOVED 1 358824.90625 4822110. 702.
26.09 44 COMMANDS 59,-9600,9600,-9600
26.13 44 NAVIGATION 0 0 0 0 286 0. 570986.7
26.15 44 ATTITUDE 0 0 0
26.18 44 GYRO_RATES -168 -192 -164 1.466077 -1.675516 1.43117
26.19 44 FBW_STATUS 0 1 122
26.23 44 ESTIMATOR 709.098999 -0.001648 909.900024 -0.164795 921.510132
26.26 44 BAT 45 122 0 0 19 19 0
26.30 44 ACTUATORS 1500,2000,0,1204,1000
26.33 44 CALIBRATION -9.191 0.037 0.5 1
26.35 44 NAVIGATION 0 0 0 0 286 0. 570986.7
26.40 44 WP_MOVED 2 358071. 4822161. 0.
26.42 44 SERVO 9600 -9600 47
26.52 44 DESIRED -0.01 0.01 0. 0. 700.02 -2.
26.58 44 NAVIGATION 0 0 0 0 286 0. 570986.7
26.60 44 ATTITUDE 0 0 0
26.61 44 PPRZ_MODE 1 3 0 0 0 5 0
26.70 44 ESTIMATOR 709.072021 0.020279 907.200012 2.027931 920.25
26.75 44 DOWNLINK_STATUS 25 4844 325 0 312. 21.
26.75 44 DL_VALUE 20 13000.
26.83 44 NAVIGATION 0 0 0 0 286 0. 570986.7
26.87 44 WP_MOVED 0 358113. 4822203. 702.
27.03 44 COMMANDS 65,-9600,9600,-9600
27.07 44 NAVIGATION 0 0 0 0 286 0. 570986.7
27.09 44 ATTITUDE 0 0 0
27.12 44 GYRO_RATES -162 -186 -156 1.413717 -1.623156 1.361357
27.13 44 FBW_STATUS 0 1 122
27.17 44 ESTIMATOR 709.139526 0.05389 913.950012 5.389023 921.51001
27.29 44 NAVIGATION 0 0 0 0 286 0. 570986.7
27.35 44 WP_MOVED 1 358824.90625 4822110. 702.
27.46 44 DESIRED -0. 0.01 0. 0. 700.013 -2.
27.52 44 NAVIGATION 0 0 0 0 286 0. 570986.7
27.53 44 ATTITUDE 0 0 0
27.64 44 ESTIMATOR 709.179993 0.124064 918. 12.406425 923.670105
27.69 44 DL_VALUE 21 0.75
27.75 44 NAVIGATION 0 0 0 0 286 0. 570986.7
27.75 44 DOWNLINK_STATUS 26 5100 342 0 256. 17.
27.82 44 WP_MOVED 2 358071. 4822161. 0.
27.97 44 COMMANDS 58,-9600,9600,-9600
28.01 44 NAVIGATION 0 0 0 0 286 0. 570986.7
28.03 44 ATTITUDE 0 0 0
28.06 44 GYRO_RATES -154 -180 -148 1.343904 -1.570796 1.291544
28.07 44 FBW_STATUS 0 1 122
28.10 44 ESTIMATOR 709.35553 -0.074521 935.549988 -7.452087 922.140137
28.13 44 BAT 42 122 0 0 21 21 0
28.75 44 DOWNLINK_STATUS 27 5213 350 0 113. 8.
29.75 44 DOWNLINK_STATUS 28 5213 350 0 0. 0.
30.75 44 DOWNLINK_STATUS 29 5213 350 0 0. 0.
31.75 44 DOWNLINK_STATUS 30 5213 350 0 0. 0.
32.75 44 DOWNLINK_STATUS 31 5213 350 0 0. 0.
33.75 44 DOWNLINK_STATUS 32 5213 350 0 0. 0.
34.75 44 DOWNLINK_STATUS 33 5213 350 0 0. 0.
35.75 44 DOWNLINK_STATUS 34 5213 350 0 0. 0.
36.75 44 DOWNLINK_STATUS 35 5213 350 0 0. 0.
37.75 44 DOWNLINK_STATUS 36 5213 350 0 0. 0.
38.75 44 DOWNLINK_STATUS 37 5213 350 0 0. 0.
39.75 44 DOWNLINK_STATUS 38 5213 350 0 0. 0.
40.75 44 DOWNLINK_STATUS 39 5213 350 0 0. 0.
41.75 44 DOWNLINK_STATUS 40 5213 350 0 0. 0.
42.75 44 DOWNLINK_STATUS 41 5213 350 0 0. 0.
43.75 44 DOWNLINK_STATUS 42 5213 350 0 0. 0.
44.75 44 DOWNLINK_STATUS 43 5213 350 0 0. 0.
45.75 44 DOWNLINK_STATUS 44 5213 350 0 0. 0.
46.75 44 DOWNLINK_STATUS 45 5213 350 0 0. 0.
47.75 44 DOWNLINK_STATUS 46 5213 350 0 0. 0.
48.75 44 DOWNLINK_STATUS 47 5213 350 0 0. 0.
49.75 44 DOWNLINK_STATUS 48 5213 350 0 0. 0.
50.05 44 BOOT 1
50.09 44 PPRZ_MODE 2 0 0 0 0 1 0
50.09 44 FBW_STATUS 0 0 0
50.14 44 ESTIMATOR 700. 0. 0. 0. 0.
50.16 44 BAT 0 122 0 0 0 0 0
50.18 44 FBW_STATUS 2 1 122
50.23 44 ESTIMATOR 709.34198 -0.342305 934.200012 -34.230537 921.600037
50.25 44 BAT 0 122 0 0 2 2 0
50.29 44 CALIBRATION -3.649 0.037 0.5 2
50.34 44 NAVIGATION 0 0 0 0 286 0. 570986.7
50.36 44 WP_MOVED 2 358071. 4822161. 0.
50.38 44 SERVO 9600 -9600 0
50.47 44 DESIRED 0. 0. 0. 0. 700. -2.
50.53 44 NAVIGATION 0 0 0 0 286 0. 570986.7
50.55 44 ATTITUDE 0 0 0
50.65 44 ESTIMATOR 709.274475 -0.013337 927.450012 -1.333733 915.930054
50.71 44 DL_VALUE 2 0.
50.75 44 DOWNLINK_STATUS 49 5445 367 0 232. 17.
50.77 44 NAVIGATION 0 0 0 0 286 0. 570986.7
50.83 44 WP_MOVED 0 358113. 4822203. 702.
50.99 44 COMMANDS 0,-9600,9600,-9600
51.02 44 NAVIGATION 0 0 0 0 286 0. 570986.7
51.04 44 ATTITUDE 0 0 0
51.07 44 GYRO_RATES -156 -180 -151 1.361357 -1.570796 1.317724
51.09 44 FBW_STATUS 2 1 121
51.12 44 ESTIMATOR 709.274475 -0.044226 927.450012 -4.422569 915.660034
51.23 44 NAVIGATION 0 0 0 0 286 0. 570986.7
51.32 44 WP_MOVED 1 358824.90625 4822110. 702.
51.41 44 DESIRED 0. 0. 0. 0. 700. -2.
51.47 44 NAVIGATION 0 0 0 0 286 0. 570986.7
51.49 44 ATTITUDE 0 0 0
51.59 44 ESTIMATOR 709.22052 -0.03637 922.049988 -3.636971 918.000061
51.65 44 DL_VALUE 3 0.
51.70 44 NAVIGATION 0 0 0 0 286 0. 570986.7
51.75 44 WP_MOVED 2 358071. 4822161. 0.
51.76 44 DOWNLINK_STATUS 50 5709 384 0 264. 17.
51.92 44 COMMANDS 0,-9600,9600,-9600
51.96 44 NAVIGATION 0 0 0 0 286 0. 570986.7
51.98 44 ATTITUDE 0 0 0
52.01 44 GYRO_RATES -167 -193 -163 1.45735 -1.684243 1.422443
52.02 44 FBW_STATUS 2 1 122
52.05 44 ESTIMATOR 709.072021 0.0233 907.200012 2.329979 919.979919
52.08 44 BAT 0 122 0 0 4 4 0
52.13 44 CALIBRATION -7.316 0.037 0.5 2
52.17 44 NAVIGATION 0 0 0 0 286 0. 570986.7
52.23 44 WP_MOVED 0 358113. 4822203. 702.
52.25 44 SERVO 9600 -9600 0
52.35 44 DESIRED 0. 0. 0. 0. 700. -2.
52.41 44 NAVIGATION 0 0 0 0 286 0. 570986.7
52.43 44 ATTITUDE 0 0 0
52.53 44 ESTIMATOR 709.072021 0.057835 907.200012 5.783501 919.799927
52.58 44 DL_VALUE 4 2.
52.64 44 NAVIGATION 0 0 0 0 286 0. 570986.7
52.69 44 WP_MOVED 1 358824.90625 4822110. 702.
52.76 44 DOWNLINK_STATUS 51 5977 402 0 268. 18.
52.86 44 COMMANDS 0,-9600,9600,-9600
52.90 44 NAVIGATION 0 0 0 0 286 0. 570986.7
52.91 44 ATTITUDE 0 0 0
52.95 44 GYRO_RATES -168 -194 -162 1.466077 -1.692969 1.413717
52.96 44 FBW_STATUS 2 1 122
52.99 44 ESTIMATOR 709.139526 0.030726 913.950012 3.072586 921.149902
53.05 44 ACTUATORS 1500,2000,0,1200,1000
53.11 44 NAVIGATION 0 0 0 0 286 0. 570986.7
53.16 44 WP_MOVED 2 358071. 4822161. 0.
53.29 44 DESIRED 0. 0. 0. 0. 700. -2.
53.35 44 NAVIGATION 0 0 0 0 286 0. 570986.7
53.36 44 ATTITUDE 0 0 0
53.38 44 PPRZ_MODE 2 3 1 0 0 6 0
53.46 44 ESTIMATOR 709.125977 0.117371 912.600037 11.737099 920.970154
53.52 44 DL_VALUE 5 0.
53.58 44 NAVIGATION 0 0 0 0 286 0. 570986.7
53.63 44 WP_MOVED 0 358113. 4822203. 702.
53.76 44 DOWNLINK_STATUS 52 6230 419 0 253. 17.
53.81 44 COMMANDS 0,-9600,9600,-9600
53.84 44 NAVIGATION 0 0 0 0 286 0. 570986.7
53.85 44 ATTITUDE 0 0 0
53.89 44 GYRO_RATES -155 -181 -151 1.35263 -1.579523 1.317724
53.90 44 FBW_STATUS 2 1 122
53.93 44 ESTIMATOR 709.315002 -0.032103 931.5 -3.210335 920.160034
53.96 44 BAT 0 121 0 0 6 6 0
54.01 44 CALIBRATION -9.195 0.037 0.5 2
54.05 44 NAVIGATION 0 0 0 0 286 0. 570986.7
54.10 44 WP_MOVED 1 358824.90625 4822110. 702.
54.12 44 SERVO 9600 -9600 0
54.22 44 DESIRED 0. 0. 0. 0. 700. -2.
54.29 44 NAVIGATION 0 0 0 0 286 0. 570986.7
54.33 44 ATTITUDE 0 0 0
54.40 44 ESTIMATOR 709.328491 -0.044335 932.850037 -4.433517 919.349915
54.46 44 DL_VALUE 6 0.
54.51 44 NAVIGATION 0 0 0 0 286 0. 570986.7
54.57 44 WP_MOVED 2 358071. 4822161. 0.
54.73 44 COMMANDS 0,-9600,9600,-9600
54.76 44 DOWNLINK_STATUS 53 6509 438 0 279. 19.
54.77 44 NAVIGATION 0 0 0 0 286 0. 570986.7
54.79 44 ATTITUDE 0 0 0
54.84 44 GYRO_RATES -156 -182 -151 1.361357 -1.58825 1.317724
54.84 44 FBW_STATUS 2 1 121
54.87 44 ESTIMATOR 709.288025 -0.006562 928.799988 -0.656166 919.799988
54.99 44 NAVIGATION 0 0 0 0 286 0. 570986.7
55.04 44 WP_MOVED 0 358113. 4822203. 702.
55.16 44 DESIRED 0. 0. 0. 0. 700. -2.
55.22 44 NAVIGATION 0 0 0 0 286 0. 570986.7
55.24 44 ATTITUDE 0 0 0
55.34 44 ESTIMATOR 709.193481 -0.110565 919.350037 -11.05648 919.439941
55.39 44 DL_VALUE 7 0.
55.45 44 NAVIGATION 0 0 0 0 286 0. 570986.7
55.51 44 WP_MOVED 1 358824.90625 4822110. 702.
55.67 44 COMMANDS 0,-9600,9600,-9600
55.71 44 NAVIGATION 0 0 0 0 286 0. 570986.7
55.73 44 ATTITUDE 0 0 0
55.76 44 DOWNLINK_STATUS 54 6766 455 0 257. 17.
55.76 44 GYRO_RATES -170 -195 -166 1.48353 -1.701696 1.448623
55.77 44 FBW_STATUS 2 1 121
55.82 44 ESTIMATOR 709.072021 0.0648 907.200012 6.480026 919.440002
55.85 44 BAT 0 121 0 0 7 7 0
55.88 44 CALIBRATION -9.216 0.037 0.5 2
55.92 44 NAVIGATION 0 0 0 0 286 0. 570986.7
55.97 44 WP_MOVED 2 358071. 4822161. 0.
55.99 44 SERVO 9600 -9600 0
56.09 44 DESIRED 0. 0. 0. 0. 700. -2.
56.16 44 NAVIGATION 0 0 0 0 286 0. 570986.7
56.17 44 ATTITUDE 0 0 0
56.27 44 ESTIMATOR 709.08551 0.060667 908.549988 6.066704 921.419983
56.33 44 DL_VALUE 8 0.
56.39 44 NAVIGATION 0 0 0 0 286 0. 570986.7
56.44 44 WP_MOVED 0 358113. 4822203. 702.
56.61 44 COMMANDS 0,-9600,9600,-9600
56.65 44 NAVIGATION 0 0 0 0 286 0. 570986.7
56.67 44 ATTITUDE 0 0 0
56.70 44 GYRO_RATES -167 -192 -161 1.45735 -1.675516 1.40499
56.71 44 FBW_STATUS 2 1 121
56.75 44 ESTIMATOR 709.125977 -0.0108 912.600037 -1.079979 921.68988
56.76 44 DOWNLINK_STATUS 55 7081 476 0 315. 21.
56.86 44 NAVIGATION 0 0 0 0 286 0. 570986.7
56.91 44 WP_MOVED 1 358824.90625 4822110. 702.
57.03 44 DESIRED 0. 0. 0. 0. 700. -2.
57.09 44 NAVIGATION 0 0 0 0 286 0. 570986.7
57.11 44 ATTITUDE 0 0 0
57.21 44 ESTIMATOR 709.22052 0.072062 922.049988 7.206192 920.609924
57.27 44 DL_VALUE 9 466.
57.34 44 NAVIGATION 0 0 0 0 286 0. 570986.7
57.38 44 WP_MOVED 2 358071. 4822161. 0.
57.41 44 NAVIGATION_REF 358071 4822161 31
57.55 44 COMMANDS 0,-9600,9600,-9600
57.59 44 NAVIGATION 0 0 0 0 286 0. 570986.7
57.60 44 ATTITUDE 0 0 0
57.64 44 GYRO_RATES -153 -179 -147 1.335177 -1.56207 1.282817
57.65 44 FBW_STATUS 2 1 121
57.68 44 ESTIMATOR 709.395996 -0.061858 939.600037 -6.185837 920.789978
57.71 44 BAT 0 121 0 0 9 9 0
57.74 44 ACTUATORS 1500,2000,0,1200,1000
57.76 44 DOWNLINK_STATUS 56 7350 494 0 269. 18.
57.77 44 CALIBRATION -9.183 0.037 0.5 2
57.80 44 NAVIGATION 0 0 0 0 286 0. 570986.7
57.85 44 WP_MOVED 0 358113. 4822203. 702.
57.87 44 SERVO 9600 -9600 0
57.97 44 DESIRED 0. 0. 0. 0. 700. -2.
58.03 44 NAVIGATION 0 0 0 0 286 0. 570986.7
58.05 44 ATTITUDE 0 0 0
58.07 44 PPRZ_MODE 2 3 1 0 0 6 0
58.15 44 ESTIMATOR 709.328491 -0.075034 932.850037 -7.503433 920.250061
58.21 44 DL_VALUE 10 492.
58.27 44 NAVIGATION 0 0 0 0 286 0. 570986.7
58.32 44 WP_MOVED 1 358824.90625 4822110. 702.
58.49 44 COMMANDS 0,-9600,9600,-9600
58.52 44 NAVIGATION 0 0 0 0 286 0. 570986.7
58.54 44 ATTITUDE 0 0 0
58.57 44 GYRO_RATES -158 -182 -152 1.37881 -1.58825 1.32645
58.59 44 FBW_STATUS 2 1 121
58.62 44 ESTIMATOR 709.274475 -0.022061 927.450012 -2.206116 919.169922
58.73 44 NAVIGATION 0 0 0 0 286 0. 570986.7
58.76 44 DOWNLINK_STATUS 57 7631 513 0 281. 19.
58.80 44 WP_MOVED 2 358071. 4822161. 0.
58.91 44 DESIRED 0. 0. 0. 0. 700. -2.
58.97 44 NAVIGATION 0 0 0 0 286 0. 570986.7
58.99 44 ATTITUDE 0 0 0
59.09 44 ESTIMATOR 709.193481 -0.054621 919.350037 -5.462112 919.800049
59.14 44 DL_VALUE 11 461.
59.20 44 NAVIGATION 0 0 0 0 286 0. 570986.7
59.25 44 WP_MOVED 0 358113. 4822203. 702.
59.42 44 COMMANDS 0,-9600,9600,-9600
59.46 44 NAVIGATION 0 0 0 0 286 0. 570986.7
59.48 44 ATTITUDE 0 0 0
59.51 44 GYRO_RATES -168 -194 -165 1.466077 -1.692969 1.439897
59.52 44 FBW_STATUS 2 1 121
59.55 44 ESTIMATOR 709.072021 0.039745 907.200012 3.974457 921.420105
59.58 44 BAT 0 121 0 0 11 11 0
59.63 44 CALIBRATION -9.216 0.037 0.5 2
59.67 44 NAVIGATION 0 0 0 0 286 0. 570986.7
59.72 44 WP_MOVED 1 358824.90625 4822110. 702.
59.75 44 SERVO 9600 -9600 0
59.76 44 DOWNLINK_STATUS 58 7914 532 0 283. 19.
59.85 44 DESIRED 0. 0. 0. 0. 700. -2.
59.91 44 NAVIGATION 0 0 0 0 286 0. 570986.7
59.92 44 ATTITUDE 0 0 0
60.02 44 ESTIMATOR 709.08551 0.038529 908.549988 3.852882 920.429932
60.08 44 DL_VALUE 12 1.35
60.14 44 NAVIGATION 0 0 0 0 286 0. 570986.7
60.19 44 WP_MOVED 2 358071. 4822161. 0.
60.36 44 COMMANDS 0,-9600,9600,-9600
60.40 44 NAVIGATION 0 0 0 0 286 0. 570986.7
60.41 44 ATTITUDE 0 0 0
60.45 44 GYRO_RATES -166 -192 -160 1.448623 -1.675516 1.396263
60.46 44 FBW_STATUS 2 1 122
60.49 44 ESTIMATOR 709.153015 0.075979 915.299988 7.597885 922.410034
60.61 44 NAVIGATION 0 0 0 0 286 0. 570986.7
60.66 44 WP_MOVED 0 358113. 4822203. 702.
60.76 44 DOWNLINK_STATUS 59 8145 547 0 231. 15.
60.79 44 DESIRED 0. 0. 0. 0. 700. -2.
60.85 44 NAVIGATION 0 0 0 0 286 0. 570986.7
60.86 44 ATTITUDE 0 0 0
60.96 44 ESTIMATOR 709.22052 0.070041 922.049988 7.004051 922.679993
61.02 44 DL_VALUE 13 0.
61.08 44 NAVIGATION 0 0 0 0 286 0. 570986.7
61.13 44 WP_MOVED 1 358824.90625 4822110. 702.
61.31 44 COMMANDS 0,-9600,9600,-9600
61.34 44 NAVIGATION 0 0 0 0 286 0. 570986.7
61.35 44 ATTITUDE 0 0 0
61.39 44 GYRO_RATES -152 -177 -147 1.32645 -1.544616 1.282817
61.40 44 FBW_STATUS 2 1 122
61.76 44 DOWNLINK_STATUS 60 8321 559 0 176. 12.
62.76 44 DOWNLINK_STATUS 61 8321 559 0 0. 0.
63.76 44 DOWNLINK_STATUS 62 8321 559 0 0. 0.
64.76 44 DOWNLINK_STATUS 63 8321 559 0 0. 0.
65.76 44 DOWNLINK_STATUS 64 8321 559 0 0. 0.
66.76 44 DOWNLINK_STATUS 65 8321 559 0 0. 0.
67.76 44 DOWNLINK_STATUS 66 8321 559 0 0. 0.
68.76 44 DOWNLINK_STATUS 67 8321 559 0 0. 0.
69.76 44 DOWNLINK_STATUS 68 8321 559 0 0. 0.
70.76 44 DOWNLINK_STATUS 69 8321 559 0 0. 0.
71.76 44 DOWNLINK_STATUS 70 8321 559 0 0. 0.
72.76 44 DOWNLINK_STATUS 71 8321 559 0 0. 0.
73.76 44 DOWNLINK_STATUS 72 8321 559 0 0. 0.
74.76 44 DOWNLINK_STATUS 73 8321 559 0 0. 0.
75.76 44 DOWNLINK_STATUS 74 8321 559 0 0. 0.
76.25 44 BOOT 1
76.30 44 PPRZ_MODE 2 0 0 0 0 1 0
76.32 44 FBW_STATUS 0 0 0
76.34 44 ESTIMATOR 700. 0. 0. 0. 0.
76.37 44 BAT 0 122 0 0 0 0 0
76.39 44 PPRZ_MODE 2 3 1 0 0 5 0
76.40 44 FBW_STATUS 0 1 122
76.45 44 ESTIMATOR 709.395996 0.096416 939.600037 9.641647 913.049927
76.47 44 BAT 0 122 0 0 2 2 0
76.49 44 PPRZ_MODE 1 3 1 0 0 21 0
76.51 44 CALIBRATION -3.675 0.037 0.5 1
76.55 44 NAVIGATION 0 0 0 0 286 0. 570986.7
76.57 44 WP_MOVED 2 358071. 4822161. 0.
76.59 44 SERVO 9600 -9600 60
76.67 44 DESIRED -0. 0.01 0. 0. 700.015 -2.
76.73 44 NAVIGATION 0 0 0 0 286 0. 570986.7
76.75 44 ATTITUDE 0 0 0
76.76 44 DOWNLINK_STATUS 75 8542 576 0 221. 17.
76.85 44 ESTIMATOR 709.260986 -0.111753 926.100037 -11.175308 921.869873
76.91 44 DL_VALUE 2 0.
76.97 44 NAVIGATION 0 0 0 0 286 0. 570986.7
77.02 44 WP_MOVED 0 358113. 4822203. 702.
77.19 44 COMMANDS 67,-9600,9600,-9600
77.23 44 NAVIGATION 0 0 0 0 286 0. 570986.7
77.25 44 ATTITUDE 0 0 0
77.28 44 GYRO_RATES -165 -190 -161 1.439897 -1.658063 1.40499
77.30 44 FBW_STATUS 0 1 122
77.33 44 ESTIMATOR 709.139526 -0.017038 913.950012 -1.703758 919.979919
77.43 44 NAVIGATION 0 0 0 0 286 0. 570986.7
77.49 44 WP_MOVED 1 358824.90625 4822110. 702.
77.61 44 DESIRED 0. 0.01 0. 0. 700.014 -2.
77.67 44 NAVIGATION 0 0 0 0 286 0. 570986.7
77.69 44 ATTITUDE 0 0 0
77.76 44 DOWNLINK_STATUS 76 8773 591 0 231. 15.
77.80 44 ESTIMATOR 709.058472 0.057832 905.850037 5.783195 921.239929
77.85 44 DL_VALUE 3 0.
77.91 44 NAVIGATION 0 0 0 0 286 0. 570986.7
77.96 44 WP_MOVED 2 358071. 4822161. 0.
78.13 44 COMMANDS 65,-9600,9600,-9600
78.17 44 NAVIGATION 0 0 0 0 286 0. 570986.7
78.18 44 ATTITUDE 0 0 0
78.22 44 GYRO_RATES -172 -196 -167 1.500983 -1.710423 1.45735
78.22 44 FBW_STATUS 0 1 122
78.26 44 ESTIMATOR 709.112488 0.014392 911.25 1.439209 922.859924
78.30 44 BAT 87 122 0 0 4 4 0
78.34 44 CALIBRATION -7.388 0.037 0.5 1
78.38 44 NAVIGATION 0 0 0 0 286 0. 570986.7
78.43 44 WP_MOVED 0 358113. 4822203. 702.
78.45 44 SERVO 9600 -9600 93
78.55 44 DESIRED -0. 0.01 0. 0. 700.008 -2.
78.61 44 NAVIGATION 0 0 0 0 286 0. 570986.7
78.63 44 ATTITUDE 0 0 0
78.73 44 ESTIMATOR 709.125977 0.100116 912.600037 10.011559 921.329834
78.76 44 DOWNLINK_STATUS 77 9063 610 0 290. 19.
78.79 44 DL_VALUE 4 1.
78.85 44 NAVIGATION 0 0 0 0 286 0. 570986.7
78.90 44 WP_MOVED 1 358824.90625 4822110. 702.
79.07 44 COMMANDS 70,-9600,9600,-9600
79.10 44 NAVIGATION 0 0 0 0 286 0. 570986.7
79.12 44 ATTITUDE 0 0 0
79.15 44 GYRO_RATES -160 -186 -154 1.396263 -1.623156 1.343904
79.16 44 FBW_STATUS 0 1 122
79.20 44 ESTIMATOR 709.260986 0.037288 926.100037 3.72879 921.419861
79.26 44 ACTUATORS 1500,2000,0,1205,1000
79.32 44 NAVIGATION 0 0 0 0 286 0. 570986.7
79.37 44 WP_MOVED 2 358071. 4822161. 0.
79.48 44 DESIRED -0. 0. 0. 0. 700.013 -2.
79.55 44 NAVIGATION 0 0 0 0 286 0. 570986.7
79.57 44 ATTITUDE 0 0 0
79.59 44 PPRZ_MODE 1 3 0 0 0 5 0
79.67 44 ESTIMATOR 709.34198 -0.014418 934.200012 -1.441841 920.069885
79.73 44 DL_VALUE 5 0.
79.76 44 DOWNLINK_STATUS 78 9323 628 0 260. 18.
79.78 44 NAVIGATION 0 0 0 0 286 0. 570986.7
79.84 44 WP_MOVED 0 358113. 4822203. 702.
80.00 44 COMMANDS 47,-9600,9600,-9600
80.04 44 NAVIGATION 0 0 0 0 286 0. 570986.7
80.06 44 ATTITUDE 0 0 0
80.09 44 GYRO_RATES -155 -180 -149 1.35263 -1.570796 1.30027
80.10 44 FBW_STATUS 0 1 122
80.13 44 ESTIMATOR 709.34198 -0.066475 934.200012 -6.647453 920.699951
80.16 44 BAT 72 122 0 0 6 6 0
80.21 44 CALIBRATION -9.195 0.037 0.5 1
80.25 44 NAVIGATION 0 0 0 0 286 0. 570986.7
80.31 44 WP_MOVED 1 358824.90625 4822110. 702.
80.36 44 SERVO 9600 -9600 73
80.43 44 DESIRED -0. 0. 0. 0. 700.019 -2.
80.49 44 NAVIGATION 0 0 0 0 286 0. 570986.7
80.50 44 ATTITUDE 0 0 0
80.61 44 ESTIMATOR 709.301514 -0.082727 930.150024 -8.272705 920.789917
80.66 44 DL_VALUE 6 0.
80.72 44 NAVIGATION 0 0 0 0 286 0. 570986.7
80.76 44 DOWNLINK_STATUS 79 9609 647 0 286. 19.
80.77 44 WP_MOVED 2 358071. 4822161. 0.
80.94 44 COMMANDS 70,-9600,9600,-9600
80.98 44 NAVIGATION 0 0 0 0 286 0. 570986.7
81.00 44 ATTITUDE 0 0 0
81.03 44 GYRO_RATES -166 -193 -162 1.448623 -1.684243 1.413717
81.04 44 FBW_STATUS 0 1 122
81.07 44 ESTIMATOR 709.179993 -0.005348 918. -0.534821 922.320007
81.19 44 NAVIGATION 0 0 0 0 286 0. 570986.7
81.25 44 WP_MOVED 0 358113. 4822203. 702.
81.36 44 DESIRED -0. 0. 0. 0. 700.018 -2.
81.43 44 NAVIGATION 0 0 0 0 286 0. 570986.7
81.44 44 ATTITUDE 0 0 0
81.54 44 ESTIMATOR 709.058472 -0.020061 905.850037 -2.006149 921.68988
81.60 44 DL_VALUE 7 0.
81.66 44 NAVIGATION 0 0 0 0 286 0. 570986.7
81.71 44 WP_MOVED 1 358824.90625 4822110. 702.
81.77 44 DOWNLINK_STATUS 80 9855 663 0 246. 16.
81.88 44 COMMANDS 96,-9600,9600,-9600
81.92 44 NAVIGATION 0 0 0 0 286 0. 570986.7
81.93 44 ATTITUDE 0 0 0
81.97 44 GYRO_RATES -172 -198 -167 1.500983 -1.727876 1.45735
81.98 44 FBW_STATUS 0 1 122
82.01 44 ESTIMATOR 709.112488 0.049112 911.25 4.911156 922.049866
82.04 44 BAT 64 122 0 0 7 7 0
82.09 44 CALIBRATION -9.228 0.037 0.5 1
82.13 44 NAVIGATION 0 0 0 0 286 0. 570986.7
82.18 44 WP_MOVED 2 358071. 4822161. 0.
82.20 44 SERVO 9600 -9600 70
82.31 44 DESIRED 0. 0.01 0. 0. 700.016 -2.
82.37 44 NAVIGATION 0 0 0 0 286 0. 570986.7
82.38 44 ATTITUDE 0 0 0
82.48 44 ESTIMATOR 709.139526 0.074953 913.950012 7.49527 922.589844
82.54 44 DL_VALUE 8 0.
82.59 44 NAVIGATION 0 0 0 0 286 0. 570986.7
82.65 44 WP_MOVED 0 358113. 4822203. 702.
82.77 44 DOWNLINK_STATUS 81 10123 681 0 268. 18.
82.82 44 COMMANDS 72,-9600,9600,-9600
82.86 44 NAVIGATION 0 0 0 0 286 0. 570986.7
82.87 44 ATTITUDE 0 0 0
82.91 44 GYRO_RATES -160 -185 -154 1.396263 -1.61443 1.343904
82.91 44 FBW_STATUS 0 1 122
82.95 44 ESTIMATOR 709.247498 0.035344 924.75 3.534355 921.779907
83.07 44 NAVIGATION 0 0 0 0 286 0. 570986.7
83.12 44 WP_MOVED 1 358824.90625 4822110. 702.
83.24 44 DESIRED 0. 0.01 0. 0. 700.014 -2.
83.30 44 NAVIGATION 0 0 0 0 286 0. 570986.7
83.32 44 ATTITUDE 0 0 0
83.42 44 ESTIMATOR 709.382507 -0.051191 938.25 -5.119133 921.239868
83.47 44 DL_VALUE 9 466.
83.53 44 NAVIGATION 0 0 0 0 286 0. 570986.7
83.59 44 WP_MOVED 2 358071. 4822161. 0.
83.61 44 NAVIGATION_REF 358071 4822161 31
83.75 44 COMMANDS 93,-9600,9600,-9600
83.77 44 DOWNLINK_STATUS 82 10376 698 0 253. 17.
83.79 44 NAVIGATION 0 0 0 0 286 0. 570986.7
83.82 44 ATTITUDE 0 0 0
83.87 44 GYRO_RATES -153 -178 -149 1.335177 -1.553343 1.30027
83.87 44 FBW_STATUS 0 1 122
83.89 44 ESTIMATOR 709.382507 -0.062558 938.25 -6.255798 920.699829
83.91 44 BAT 38 122 0 0 9 9 0
83.95 44 ACTUATORS 1500,2000,0,1206,1000
83.97 44 CALIBRATION -9.175 0.037 0.5 1
84.00 44 NAVIGATION 0 0 0 0 286 0. 570986.7
84.05 44 WP_MOVED 0 358113. 4822203. 702.
84.07 44 SERVO 9600 -9600 61
84.17 44 DESIRED 0. 0. 0. 0. 700.014 -2.
84.24 44 NAVIGATION 0 0 0 0 286 0. 570986.7
84.25 44 ATTITUDE 0 0 0
84.27 44 PPRZ_MODE 1 3 0 0 0 5 0
84.36 44 ESTIMATOR 709.288025 -0.073008 928.799988 -7.300758 920.69989
84.41 44 DL_VALUE 10 492.
84.47 44 NAVIGATION 0 0 0 0 286 0. 570986.7
84.52 44 WP_MOVED 1 358824.90625 4822110. 702.
84.69 44 COMMANDS 69,-9600,9600,-9600
84.73 44 NAVIGATION 0 0 0 0 286 0. 570986.7
84.75 44 ATTITUDE 0 0 0
84.78 44 GYRO_RATES -168 -193 -162 1.466077 -1.684243 1.413717
84.78 44 DOWNLINK_STATUS 83 10712 721 0 336. 23.
84.79 44 FBW_STATUS 0 1 122
84.84 44 ESTIMATOR 709.166504 -0.044983 916.650024 -4.498253 919.619812
84.93 44 NAVIGATION 0 0 0 0 286 0. 570986.7
84.99 44 WP_MOVED 2 358071. 4822161. 0.
85.11 44 DESIRED 0. 0.01 0. 0. 700.011 -2.
85.17 44 NAVIGATION 0 0 0 0 286 0. 570986.7
85.19 44 ATTITUDE 0 0 0
85.29 44 ESTIMATOR 709.08551 0.070444 908.549988 7.044373 921.869934
85.36 44 DL_VALUE 11 461.
85.41 44 NAVIGATION 0 0 0 0 286 0. 570986.7
85.46 44 WP_MOVED 0 358113. 4822203. 702.
85.63 44 COMMANDS 65,-9600,9600,-9600
85.66 44 NAVIGATION 0 0 0 0 286 0. 570986.7
85.68 44 ATTITUDE 0 0 0
85.72 44 GYRO_RATES -171 -196 -166 1.492257 -1.710423 1.448623
85.72 44 FBW_STATUS 0 1 122
85.76 44 ESTIMATOR 709.125977 -0.006832 912.600037 -0.683212 923.489929
85.78 44 DOWNLINK_STATUS 84 10970 738 0 258. 17.
85.79 44 BAT 107 122 0 0 11 11 0
85.84 44 CALIBRATION -9.224 0.037 0.5 1
85.88 44 NAVIGATION 0 0 0 0 286 0. 570986.7
85.93 44 WP_MOVED 1 358824.90625 4822110. 702.
85.94 44 SERVO 9600 -9600 97
86.05 44 DESIRED 0. 0. 0. 0. 700.012 -2.
86.11 44 NAVIGATION 0 0 0 0 286 0. 570986.7
86.13 44 ATTITUDE 0 0 0
86.23 44 ESTIMATOR 709.179993 0.013392 918. 1.339188 921.779785
86.28 44 DL_VALUE 12 1.35
86.37 44 NAVIGATION 0 0 0 0 286 0. 570986.7
86.40 44 WP_MOVED 2 358071. 4822161. 0.
86.57 44 COMMANDS 70,-9600,9600,-9600
86.60 44 NAVIGATION 0 0 0 0 286 0. 570986.7
86.62 44 ATTITUDE 0 0 0
86.65 44 GYRO_RATES -152 -178 -148 1.32645 -1.553343 1.291544
86.66 44 FBW_STATUS 0 1 122
86.70 44 ESTIMATOR 709.260986 0.02581 926.100037 2.581024 921.239868
86.78 44 DOWNLINK_STATUS 85 11238 756 0 268. 18.
86.81 44 NAVIGATION 0 0 0 0 286 0. 570986.7
86.87 44 WP_MOVED 0 358113. 4822203. 702.
86.98 44 DESIRED -0. 0. 0. 0. 700.015 -2.
87.05 44 NAVIGATION 0 0 0 0 286 0. 570986.7
87.06 44 ATTITUDE 0 0 0
87.17 44 ESTIMATOR 709.274475 -0.002888 927.450012 -0.288773 921.509827
87.22 44 DL_VALUE 13 0.
87.28 44 NAVIGATION 0 0 0 0 286 0. 570986.7
87.33 44 WP_MOVED 1 358824.90625 4822110. 702.
87.50 44 COMMANDS 64,-9600,9600,-9600
87.54 44 NAVIGATION 0 0 0 0 286 0. 570986.7
87.56 44 ATTITUDE 0 0 0
87.59 44 GYRO_RATES -151 -177 -147 1.317724 -1.544616 1.282817
87.60 44 FBW_STATUS 0 1 122
87.63 44 ESTIMATOR 709.260986 -0.048112 926.100037 -4.811249 921.059753
87.66 44 BAT 92 122 0 0 13 13 0
87.71 44 CALIBRATION -9.193 0.037 0.5 1
87.75 44 NAVIGATION 0 0 0 0 286 0. 570986.7
87.78 44 DOWNLINK_STATUS 86 11516 774 0 278. 18.
87.80 44 WP_MOVED 2 358071. 4822161. 0.
87.82 44 SERVO 9600 -9600 100
87.93 44 DESIRED -0. 0. 0. 0. 700.007 -2.
87.99 44 NAVIGATION 0 0 0 0 286 0. 570986.7
88.00 44 ATTITUDE 0 0 0
88.10 44 ESTIMATOR 709.20697 -0.033698 920.700012 -3.369789 920.789673
88.16 44 DL_VALUE 14 0.
88.22 44 NAVIGATION 0 0 0 0 286 0. 570986.7
88.27 44 WP_MOVED 0 358113. 4822203. 702.
88.44 44 COMMANDS 70,-9600,9600,-9600
88.48 44 NAVIGATION 0 0 0 0 286 0. 570986.7
88.49 44 ATTITUDE 0 0 0
88.53 44 GYRO_RATES -160 -186 -156 1.396263 -1.623156 1.361357
88.54 44 FBW_STATUS 0 1 122
88.57 44 ESTIMATOR 709.153015 0.019493 915.299988 1.949348 921.9599
88.63 44 ACTUATORS 1500,2000,0,1204,1000
88.69 44 NAVIGATION 0 0 0 0 286 0. 570986.7
88.74 44 WP_MOVED 1 358824.90625 4822110. 702.
88.79 44 DOWNLINK_STATUS 87 11783 792 0 267. 18.
88.87 44 DESIRED -0. 0. 0. 0. 700.014 -2.
88.93 44 NAVIGATION 0 0 0 0 286 0. 570986.7
88.94 44 ATTITUDE 0 0 0
88.96 44 PPRZ_MODE 1 3 0 0 0 5 0
89.04 44 ESTIMATOR 709.112488 -0.007587 911.25 -0.758667 921.419861
89.10 44 DL_VALUE 15 0.75
89.16 44 NAVIGATION 0 0 0 0 286 0. 570986.7
89.21 44 WP_MOVED 2 358071. 4822161. 0.
89.38 44 COMMANDS 65,-9600,9600,-9600
89.41 44 NAVIGATION 0 0 0 0 286 0. 570986.7
89.43 44 ATTITUDE 0 0 0
89.47 44 GYRO_RATES -162 -188 -158 1.413717 -1.64061 1.37881
89.48 44 FBW_STATUS 0 1 122
89.51 44 ESTIMATOR 709.139526 0.034587 913.950012 3.45871 921.149719
89.54 44 BAT 80 122 0 0 15 15 0
89.59 44 CALIBRATION -9.237 0.037 0.5 1
89.63 44 NAVIGATION 0 0 0 0 286 0. 570986.7
89.68 44 WP_MOVED 0 358113. 4822203. 702.
89.70 44 SERVO 9600 -9600 64
89.79 44 DOWNLINK_STATUS 88 12060 811 0 277. 19.
89.80 44 DESIRED -0. 0. 0. 0. 700.02 -2.
89.87 44 NAVIGATION 0 0 0 0 286 0. 570986.7
89.91 44 ATTITUDE 0 0 0
89.98 44 ESTIMATOR 709.20697 0.054782 920.700012 5.478249 921.959778
90.04 44 DL_VALUE 16 25000.
90.09 44 NAVIGATION 0 0 0 0 286 0. 570986.7
90.15 44 WP_MOVED 1 358824.90625 4822110. 702.
90.79 44 DOWNLINK_STATUS 89 12174 818 0 114. 7.
91.80 44 DOWNLINK_STATUS 90 12174 818 0 0. 0.
92.80 44 DOWNLINK_STATUS 91 12174 818 0 0. 0.
93.80 44 DOWNLINK_STATUS 92 12174 818 0 0. 0.
94.80 44 DOWNLINK_STATUS 93 12174 818 0 0. 0.
95.80 44 DOWNLINK_STATUS 94 12174 818 0 0. 0.
96.80 44 DOWNLINK_STATUS 95 12174 818 0 0. 0.
97.80 44 DOWNLINK_STATUS 96 12174 818 0 0. 0.
98.80 44 DOWNLINK_STATUS 97 12174 818 0 0. 0.
99.80 44 DOWNLINK_STATUS 98 12174 818 0 0. 0.
100.80 44 DOWNLINK_STATUS 99 12174 818 0 0. 0.
101.80 44 DOWNLINK_STATUS 100 12174 818 0 0. 0.
102.80 44 DOWNLINK_STATUS 101 12174 818 0 0. 0.
103.80 44 DOWNLINK_STATUS 102 12174 818 0 0. 0.
104.80 44 DOWNLINK_STATUS 103 12174 818 0 0. 0.
105.80 44 DOWNLINK_STATUS 104 12174 818 0 0. 0.
106.80 44 DOWNLINK_STATUS 105 12174 818 0 0. 0.
107.80 44 DOWNLINK_STATUS 106 12174 818 0 0. 0.
108.80 44 DOWNLINK_STATUS 107 12174 818 0 0. 0.
109.80 44 DOWNLINK_STATUS 108 12174 818 0 0. 0.
110.80 44 DOWNLINK_STATUS 109 12174 818 0 0. 0.
111.80 44 DOWNLINK_STATUS 110 12174 818 0 0. 0.
112.80 44 DOWNLINK_STATUS 111 12174 818 0 0. 0.
113.81 44 DOWNLINK_STATUS 112 12174 818 0 0. 0.
114.17 44 BOOT 1
114.20 44 PPRZ_MODE 2 0 0 0 0 1 0
114.20 44 FBW_STATUS 0 0 0
114.25 44 ESTIMATOR 700. 0. 0. 0. 0.
114.28 44 BAT 0 122 0 0 0 0 0
114.30 44 PPRZ_MODE 2 3 1 0 0 5 0
114.31 44 FBW_STATUS 0 1 122
114.36 44 ESTIMATOR 709.20697 -0.144612 920.700012 -14.461174 927.5401
114.39 44 BAT 0 122 0 0 2 2 0
114.40 44 PPRZ_MODE 1 3 1 0 0 21 0
114.44 44 CALIBRATION -3.687 0.037 0.5 1
114.48 44 NAVIGATION 0 0 0 0 286 0. 570986.7
114.50 44 WP_MOVED 2 358071. 4822161. 0.
114.50 44 SERVO 9600 -9600 111
114.58 44 DESIRED -0. 0. 0. 0. 700.011 -2.
114.65 44 NAVIGATION 0 0 0 0 286 0. 570986.7
114.66 44 ATTITUDE 0 0 0
114.76 44 ESTIMATOR 709.234009 0.089666 923.400024 8.966637 922.859985
114.81 44 DOWNLINK_STATUS 113 12417 836 0 243. 18.
114.82 44 DL_VALUE 2 0.
114.88 44 NAVIGATION 0 0 0 0 286 0. 570986.7
114.95 44 WP_MOVED 0 358113. 4822203. 702.
115.10 44 COMMANDS 72,-9600,9600,-9600
115.14 44 NAVIGATION 0 0 0 0 286 0. 570986.7
115.16 44 ATTITUDE 0 0 0
115.19 44 GYRO_RATES -153 -179 -148 1.335177 -1.56207 1.291544
115.20 44 FBW_STATUS 0 1 122
115.24 44 ESTIMATOR 709.34198 -0.023301 934.200012 -2.330093 922.679993
115.35 44 NAVIGATION 0 0 0 0 286 0. 570986.7
115.40 44 WP_MOVED 1 358824.90625 4822110. 702.
115.53 44 DESIRED -0. 0. 0. 0. 700.015 -2.
115.58 44 NAVIGATION 0 0 0 0 286 0. 570986.7
115.60 44 ATTITUDE 0 0 0
115.70 44 ESTIMATOR 709.34198 -0.053918 934.200012 -5.391808 921.600098
115.76 44 DL_VALUE 3 0.
115.81 44 DOWNLINK_STATUS 114 12655 852 0 238. 16.
115.82 44 NAVIGATION 0 0 0 0 286 0. 570986.7
115.87 44 WP_MOVED 2 358071. 4822161. 0.
116.04 44 COMMANDS 79,-9600,9600,-9600
116.07 44 NAVIGATION 0 0 0 0 286 0. 570986.7
116.09 44 ATTITUDE 0 0 0
116.12 44 GYRO_RATES -156 -182 -152 1.361357 -1.58825 1.32645
116.14 44 FBW_STATUS 0 1 122
116.17 44 ESTIMATOR 709.301514 -0.029753 930.150024 -2.975349 921.600159
116.20 44 BAT 66 122 0 0 4 4 0
116.24 44 CALIBRATION -7.341 0.037 0.5 1
116.29 44 NAVIGATION 0 0 0 0 286 0. 570986.7
116.34 44 WP_MOVED 0 358113. 4822203. 702.
116.36 44 SERVO 9600 -9600 57
116.48 44 DESIRED -0. 0. 0. 0. 700.021 -2.
116.52 44 NAVIGATION 0 0 0 0 286 0. 570986.7
116.54 44 ATTITUDE 0 0 0
116.64 44 ESTIMATOR 709.20697 -0.072981 920.700012 -7.298088 920.52002
116.70 44 DL_VALUE 4 1.
116.76 44 NAVIGATION 0 0 0 0 286 0. 570986.7
116.81 44 WP_MOVED 1 358824.90625 4822110. 702.
116.82 44 DOWNLINK_STATUS 115 12956 872 0 301. 20.
117.00 44 COMMANDS 79,-9600,9600,-9600
117.02 44 NAVIGATION 0 0 0 0 286 0. 570986.7
117.03 44 ATTITUDE 0 0 0
117.06 44 GYRO_RATES -171 -196 -167 1.492257 -1.710423 1.45735
117.08 44 FBW_STATUS 0 1 122
117.11 44 ESTIMATOR 709.098999 0.018494 909.900024 1.849403 921.329956
117.17 44 ACTUATORS 1500,2000,0,1205,1000
117.22 44 NAVIGATION 0 0 0 0 286 0. 570986.7
117.28 44 WP_MOVED 2 358071. 4822161. 0.
117.40 44 DESIRED -0. 0.01 0. 0. 700.018 -2.
117.47 44 NAVIGATION 0 0 0 0 286 0. 570986.7
117.52 44 ATTITUDE 0 0 0
117.52 44 PPRZ_MODE 1 3 0 0 0 5 0
117.58 44 ESTIMATOR 709.058472 0.102113 905.850037 10.211334 922.679993
117.63 44 DL_VALUE 5 0.
117.69 44 NAVIGATION 0 0 0 0 286 0. 570986.7
117.74 44 WP_MOVED 0 358113. 4822203. 702.
117.82 44 DOWNLINK_STATUS 116 13209 889 0 253. 17.
117.91 44 COMMANDS 98,-9600,9600,-9600
117.95 44 NAVIGATION 0 0 0 0 286 0. 570986.7
117.97 44 ATTITUDE 0 0 0
118.02 44 GYRO_RATES -163 -189 -159 1.422443 -1.649336 1.387537
118.02 44 FBW_STATUS 0 1 122
118.04 44 ESTIMATOR 709.179993 0.027729 918. 2.772865 923.310059
118.07 44 BAT 64 122 0 0 6 6 0
118.12 44 CALIBRATION -9.223 0.037 0.5 1
118.16 44 NAVIGATION 0 0 0 0 286 0. 570986.7
118.21 44 WP_MOVED 1 358824.90625 4822110. 702.
118.24 44 SERVO 9600 -9600 79
118.34 44 DESIRED 0. 0.01 0. 0. 700.014 -2.
118.40 44 NAVIGATION 0 0 0 0 286 0. 570986.7
118.41 44 ATTITUDE 0 0 0
118.51 44 ESTIMATOR 709.20697 0.074953 920.700012 7.49527 923.309998
118.57 44 DL_VALUE 6 0.
118.63 44 NAVIGATION 0 0 0 0 286 0. 570986.7
118.68 44 WP_MOVED 2 358071. 4822161. 0.
118.82 44 DOWNLINK_STATUS 117 13477 907 0 268. 18.
118.85 44 COMMANDS 73,-9600,9600,-9600
118.88 44 NAVIGATION 0 0 0 0 286 0. 570986.7
118.90 44 ATTITUDE 0 0 0
118.94 44 GYRO_RATES -155 -180 -149 1.35263 -1.570796 1.30027
118.95 44 FBW_STATUS 0 1 122
118.99 44 ESTIMATOR 709.35553 0.018197 935.549988 1.819725 923.76001
119.10 44 NAVIGATION 0 0 0 0 286 0. 570986.7
119.15 44 WP_MOVED 0 358113. 4822203. 702.
119.27 44 DESIRED -0. 0. 0. 0. 700.015 -2.
119.34 44 NAVIGATION 0 0 0 0 286 0. 570986.7
119.35 44 ATTITUDE 0 0 0
119.45 44 ESTIMATOR 709.328491 -0.097281 932.850037 -9.72805 922.230042
119.52 44 DL_VALUE 7 0.
119.57 44 NAVIGATION 0 0 0 0 286 0. 570986.7
119.62 44 WP_MOVED 1 358824.90625 4822110. 702.
119.79 44 COMMANDS 64,-9600,9600,-9600
119.82 44 NAVIGATION 0 0 0 0 286 0. 570986.7
119.82 44 DOWNLINK_STATUS 118 13737 924 0 260. 17.
119.84 44 ATTITUDE 0 0 0
119.88 44 GYRO_RATES -157 -182 -152 1.370083 -1.58825 1.32645
119.89 44 FBW_STATUS 0 1 122
119.92 44 ESTIMATOR 709.301514 -0.069227 930.150024 -6.922684 920.250122
119.95 44 BAT 107 122 0 0 7 7 0
120.02 44 CALIBRATION -9.19 0.037 0.5 1
120.05 44 NAVIGATION 0 0 0 0 286 0. 570986.7
120.09 44 WP_MOVED 2 358071. 4822161. 0.
120.11 44 SERVO 9600 -9600 97
120.21 44 DESIRED 0. 0. 0. 0. 700.014 -2.
120.27 44 NAVIGATION 0 0 0 0 286 0. 570986.7
120.29 44 ATTITUDE 0 0 0
120.39 44 ESTIMATOR 709.22052 -0.044062 922.049988 -4.406166 921.150146
120.44 44 DL_VALUE 8 0.
120.52 44 NAVIGATION 0 0 0 0 286 0. 570986.7
120.56 44 WP_MOVED 0 358113. 4822203. 702.
120.72 44 COMMANDS 70,-9600,9600,-9600
120.76 44 NAVIGATION 0 0 0 0 286 0. 570986.7
120.78 44 ATTITUDE 0 0 0
120.81 44 GYRO_RATES -169 -195 -164 1.474803 -1.701696 1.43117
120.82 44 FBW_STATUS 0 1 122
120.82 44 DOWNLINK_STATUS 119 14038 945 0 301. 21.
120.86 44 ESTIMATOR 709.044983 -0.006643 904.5 -0.664253 921.149963
120.97 44 NAVIGATION 0 0 0 0 286 0. 570986.7
121.03 44 WP_MOVED 1 358824.90625 4822110. 702.
121.15 44 DESIRED -0. 0. 0. 0. 700.015 -2.
121.21 44 NAVIGATION 0 0 0 0 286 0. 570986.7
121.22 44 ATTITUDE 0 0 0
121.32 44 ESTIMATOR 709.072021 0.024004 907.200012 2.40036 919.170105
121.38 44 DL_VALUE 9 466.
121.44 44 NAVIGATION 0 0 0 0 286 0. 570986.7
121.51 44 WP_MOVED 2 358071. 4822161. 0.
121.53 44 NAVIGATION_REF 358071 4822161 31
121.66 44 COMMANDS 65,-9600,9600,-9600
121.70 44 NAVIGATION 0 0 0 0 286 0. 570986.7
121.72 44 ATTITUDE 0 0 0
121.75 44 GYRO_RATES -164 -190 -159 1.43117 -1.658063 1.387537
121.76 44 FBW_STATUS 0 1 121
121.80 44 ESTIMATOR 709.139526 0.010421 913.950012 1.042137 918.270081
121.82 44 BAT 69 121 0 0 9 9 0
121.83 44 DOWNLINK_STATUS 120 14316 963 0 278. 18.
121.85 44 ACTUATORS 1500,2000,0,1206,1000
121.88 44 CALIBRATION -9.21 0.037 0.5 1
121.91 44 NAVIGATION 0 0 0 0 286 0. 570986.7
121.96 44 WP_MOVED 0 358113. 4822203. 702.
121.98 44 SERVO 9600 -9600 96
122.08 44 DESIRED -0. 0. 0. 0. 700.02 -2.
122.15 44 NAVIGATION 0 0 0 0 286 0. 570986.7
122.16 44 ATTITUDE 0 0 0
122.18 44 PPRZ_MODE 1 3 0 0 0 5 0
122.26 44 ESTIMATOR 709.125977 0.000702 912.600037 0.07019 915.480164
122.32 44 DL_VALUE 10 492.
122.38 44 NAVIGATION 0 0 0 0 286 0. 570986.7
122.43 44 WP_MOVED 1 358824.90625 4822110. 702.
122.60 44 COMMANDS 96,-9600,9600,-9600
122.64 44 NAVIGATION 0 0 0 0 286 0. 570986.7
122.66 44 ATTITUDE 0 0 0
122.69 44 GYRO_RATES -153 -178 -149 1.335177 -1.553343 1.30027
122.70 44 FBW_STATUS 0 1 120
122.73 44 ESTIMATOR 709.247498 -0.02808 924.75 -2.807999 911.970276
122.83 44 DOWNLINK_STATUS 121 14592 982 0 276. 19.
122.85 44 NAVIGATION 0 0 0 0 286 0. 570986.7
122.90 44 WP_MOVED 2 358071. 4822161. 0.
123.04 44 DESIRED 0.08 0. 0. 0. 700.021 -2.
123.08 44 NAVIGATION 0 0 0 0 286 0. 570986.7
123.10 44 ATTITUDE 0 0 0
123.20 44 ESTIMATOR 709.22052 -0.025949 922.049988 -2.59491 911.160095
123.26 44 DL_VALUE 11 461.
123.32 44 NAVIGATION 0 0 0 0 286 0. 570986.7
123.37 44 WP_MOVED 0 358113. 4822203. 702.
123.56 44 COMMANDS 103,-9600,9600,-9600
123.57 44 NAVIGATION 0 0 0 0 286 0. 570986.7
123.59 44 ATTITUDE 0 0 0
123.62 44 GYRO_RATES -157 -183 -153 1.370083 -1.596976 1.335177
123.64 44 FBW_STATUS 0 1 120
123.67 44 ESTIMATOR 709.20697 -0.044172 920.700012 -4.417152 912.150024
123.70 44 BAT 87 120 0 0 11 11 0
123.74 44 CALIBRATION -9.136 0.037 0.5 1
123.78 44 NAVIGATION 0 0 0 0 286 0. 570986.7
123.83 44 DOWNLINK_STATUS 122 14870 1000 0 278. 18.
123.84 44 WP_MOVED 1 358824.90625 4822110. 702.
123.86 44 SERVO 9600 -9600 72
123.96 44 DESIRED -0.04 0. 0. 0. 700.015 -2.
124.04 44 NAVIGATION 0 0 0 0 286 0. 570986.7
124.07 44 ATTITUDE 0 0 0
124.14 44 ESTIMATOR 709.072021 -0.030511 907.200012 -3.051071 911.610107
124.20 44 DL_VALUE 12 1.35
124.26 44 NAVIGATION 0 0 0 0 286 0. 570986.7
124.31 44 WP_MOVED 2 358071. 4822161. 0.
124.47 44 COMMANDS 91,-9600,9600,-9600
124.52 44 NAVIGATION 0 0 0 0 286 0. 570986.7
124.56 44 ATTITUDE 0 0 0
124.58 44 GYRO_RATES -170 -195 -165 1.48353 -1.701696 1.439897
124.58 44 FBW_STATUS 0 1 120
124.61 44 ESTIMATOR 708.991028 0.042499 899.100037 4.249916 912.510071
124.72 44 NAVIGATION 0 0 0 0 286 0. 570986.7
124.78 44 WP_MOVED 0 358113. 4822203. 702.
124.83 44 DOWNLINK_STATUS 123 15124 1017 0 254. 17.
124.90 44 DESIRED -0.02 0.11 0. 0. 700.015 -2.
124.96 44 NAVIGATION 0 0 0 0 286 0. 570986.7
124.98 44 ATTITUDE 0 0 0
125.08 44 ESTIMATOR 709.004517 0.056779 900.450012 5.677872 913.860107
125.13 44 DL_VALUE 13 0.
125.19 44 NAVIGATION 0 0 0 0 286 0. 570986.7
125.24 44 WP_MOVED 1 358824.90625 4822110. 702.
125.41 44 COMMANDS 62,-9600,9600,-9600
125.45 44 NAVIGATION 0 0 0 0 286 0. 570986.7
125.47 44 ATTITUDE 0 0 0
125.50 44 GYRO_RATES -166 -190 -160 1.448623 -1.658063 1.396263
125.51 44 FBW_STATUS 0 1 120
125.55 44 ESTIMATOR 709.08551 0.024786 908.549988 2.4786 913.410034
125.59 44 BAT 116 120 0 0 13 13 0
125.62 44 CALIBRATION -9.138 0.037 0.5 1
125.66 44 NAVIGATION 0 0 0 0 286 0. 570986.7
125.71 44 WP_MOVED 2 358071. 4822161. 0.
125.74 44 SERVO 9600 -9600 83
125.83 44 DESIRED -0. 0. 0. 0. 700.015 -2.
125.83 44 DOWNLINK_STATUS 124 15418 1036 0 294. 19.
125.90 44 NAVIGATION 0 0 0 0 286 0. 570986.7
125.91 44 ATTITUDE 0 0 0
126.01 44 ESTIMATOR 709.193481 0.022868 919.350037 2.286758 912.870056
126.07 44 DL_VALUE 14 0.
126.13 44 NAVIGATION 0 0 0 0 286 0. 570986.7
126.18 44 WP_MOVED 0 358113. 4822203. 702.
126.35 44 COMMANDS 701,-9600,9600,-9600
126.38 44 NAVIGATION 0 0 0 0 286 0. 570986.7
126.40 44 ATTITUDE 0 0 0
126.44 44 GYRO_RATES -152 -178 -147 1.32645 -1.553343 1.282817
126.45 44 FBW_STATUS 0 1 120
126.48 44 ESTIMATOR 709.260986 -0.004805 926.100037 -0.480499 913.410095
126.55 44 ACTUATORS 1500,2000,0,1248,1000
126.60 44 NAVIGATION 0 0 0 0 286 0. 570986.7
126.65 44 WP_MOVED 1 358824.90625 4822110. 702.
126.77 44 DESIRED -0.01 -0. 0. 0. 700.196 -2.
126.83 44 NAVIGATION 0 0 0 0 286 0. 570986.7
126.83 44 DOWNLINK_STATUS 125 15680 1053 0 262. 17.
126.85 44 ATTITUDE 0 0 0
126.87 44 PPRZ_MODE 1 3 0 0 0 5 0
126.95 44 ESTIMATOR 709.234009 -0.093366 923.400024 -9.336624 911.610107
127.01 44 DL_VALUE 15 0.75
127.07 44 NAVIGATION 0 0 0 0 286 0. 570986.7
127.12 44 WP_MOVED 2 358071. 4822161. 0.
127.29 44 COMMANDS 1194,-9600,9600,-9600
127.32 44 NAVIGATION 0 0 0 0 286 0. 570986.7
127.34 44 ATTITUDE 0 0 0
127.38 44 GYRO_RATES -160 -185 -154 1.396263 -1.61443 1.343904
127.39 44 FBW_STATUS 0 1 120
127.42 44 ESTIMATOR 709.166504 -0.071173 916.650024 -7.11731 911.250061
127.44 44 BAT 1183 120 0 0 15 15 0
127.49 44 CALIBRATION -9.052 0.037 0.5 1
127.54 44 NAVIGATION 0 0 0 0 286 0. 570986.7
127.59 44 WP_MOVED 0 358113. 4822203. 702.
127.61 44 SERVO 9600 -9600 1166
127.71 44 DESIRED -0. 0. 0. 0. 700.256 -2.
127.77 44 NAVIGATION 0 0 0 0 286 0. 570986.7
127.79 44 ATTITUDE 0 0 0
127.84 44 DOWNLINK_STATUS 126 15965 1073 0 285. 20.
127.89 44 ESTIMATOR 709.08551 0.034938 908.549988 3.493843 912.869995
127.94 44 DL_VALUE 16 25000.
128.00 44 NAVIGATION 0 0 0 0 286 0. 570986.7
128.07 44 WP_MOVED 1 358824.90625 4822110. 702.
128.22 44 COMMANDS 1203,-9600,9600,-9600
128.26 44 NAVIGATION 0 0 0 0 286 0. 570986.7
128.28 44 ATTITUDE 0 0 0
128.31 44 GYRO_RATES -169 -195 -165 1.474803 -1.701696 1.439897
128.32 44 FBW_STATUS 0 1 121
128.36 44 ESTIMATOR 709.004517 0.044362 900.450012 4.436226 914.940125
128.47 44 NAVIGATION 0 0 0 0 286 0. 570986.7
128.52 44 WP_MOVED 2 358071. 4822161. 0.
128.65 44 DESIRED -0. 0.01 0. 0. 700.247 -2.
128.71 44 NAVIGATION 0 0 0 0 286 0. 570986.7
128.72 44 ATTITUDE 0 0 0
128.82 44 ESTIMATOR 709.098999 0.047114 909.900024 4.71138 916.56012
128.84 44 DOWNLINK_STATUS 127 16218 1089 0 253. 16.
128.88 44 DL_VALUE 17 25000.
128.94 44 NAVIGATION 0 0 0 0 286 0. 570986.7
128.99 44 WP_MOVED 0 358113. 4822203. 702.
129.16 44 COMMANDS 1182,-9600,9600,-9600
129.20 44 NAVIGATION 0 0 0 0 286 0. 570986.7
129.22 44 ATTITUDE 0 0 0
129.25 44 GYRO_RATES -161 -187 -157 1.40499 -1.631883 1.370083
129.26 44 FBW_STATUS 0 1 121
129.30 44 ESTIMATOR 709.20697 0.063369 920.700012 6.336861 918.719971
129.32 44 BAT 1220 121 0 0 17 17 0
129.37 44 CALIBRATION -8.991 0.037 0.5 1
129.41 44 NAVIGATION 0 0 0 0 286 0. 570986.7
129.46 44 WP_MOVED 1 358824.90625 4822110. 702.
129.48 44 SERVO 9600 -9600 1216
129.60 44 DESIRED -0. 0. 0. 0. 700.245 -2.
129.64 44 NAVIGATION 0 0 0 0 286 0. 570986.7
129.66 44 ATTITUDE 0 0 0
129.76 44 ESTIMATOR 709.274475 -0.023301 927.450012 -2.330055 918.809998
129.82 44 DL_VALUE 18 0.75
129.84 44 DOWNLINK_STATUS 128 16493 1108 0 275. 19.
129.88 44 NAVIGATION 0 0 0 0 286 0. 570986.7
129.93 44 WP_MOVED 2 358071. 4822161. 0.
129.96 44 NAVIGATION_REF 358071 4822161 31
130.10 44 COMMANDS 1188,-9600,9600,-9600
130.14 44 NAVIGATION 0 0 0 0 286 0. 570986.7
130.16 44 ATTITUDE 0 0 0
130.19 44 GYRO_RATES -152 -177 -147 1.32645 -1.544616 1.282817
130.20 44 FBW_STATUS 0 1 121
130.23 44 ESTIMATOR 709.315002 -0.011529 931.5 -1.152916 917.640076
130.35 44 NAVIGATION 0 0 0 0 286 0. 570986.7
130.40 44 WP_MOVED 0 358113. 4822203. 702.
130.52 44 DESIRED -0.01 0. 0. 0. 700.247 -2.
130.59 44 NAVIGATION 0 0 0 0 286 0. 570986.7
130.63 44 ATTITUDE 0 0 0
130.70 44 ESTIMATOR 709.260986 -0.04617 926.100037 -4.616966 917.909973
130.76 44 DL_VALUE 19 13000.
130.82 44 NAVIGATION 0 0 0 0 286 0. 570986.7
130.85 44 DOWNLINK_STATUS 129 16753 1125 0 260. 17.
130.87 44 WP_MOVED 1 358824.90625 4822110. 702.
131.04 44 COMMANDS 1172,-9600,9600,-9600
131.09 44 NAVIGATION 0 0 0 0 286 0. 570986.7
131.12 44 ATTITUDE 0 0 0
131.12 44 GYRO_RATES -162 -186 -158 1.413717 -1.623156 1.37881
131.14 44 FBW_STATUS 0 1 121
131.17 44 ESTIMATOR 709.166504 -0.098038 916.650024 -9.803772 917.100098
131.20 44 BAT 1173 121 0 0 19 19 0
131.23 44 ACTUATORS 1500,2000,0,1298,1000
131.26 44 CALIBRATION -8.923 0.037 0.5 1
131.29 44 NAVIGATION 0 0 0 0 286 0. 570986.7
131.34 44 WP_MOVED 2 358071. 4822161. 0.
131.36 44 SERVO 9600 -9600 1207
131.46 44 DESIRED -0. 0.01 0. 0. 700.25 -2.
131.52 44 NAVIGATION 0 0 0 0 286 0. 570986.7
131.54 44 ATTITUDE 0 0 0
131.57 44 PPRZ_MODE 1 3 0 0 0 5 0
131.64 44 ESTIMATOR 709.044983 0.029134 904.5 2.913361 916.02002
131.70 44 DL_VALUE 20 13000.
131.76 44 NAVIGATION 0 0 0 0 286 0. 570986.7
131.80 44 WP_MOVED 0 358113. 4822203. 702.
131.85 44 DOWNLINK_STATUS 130 17058 1146 0 305. 21.
131.97 44 COMMANDS 1195,-9600,9600,-9600
132.01 44 NAVIGATION 0 0 0 0 286 0. 570986.7
132.03 44 ATTITUDE 0 0 0
132.07 44 GYRO_RATES -170 -196 -166 1.48353 -1.710423 1.448623
132.11 44 FBW_STATUS 0 1 121
132.11 44 ESTIMATOR 709.058472 0.034643 905.850037 3.464317 916.649963
132.22 44 NAVIGATION 0 0 0 0 286 0. 570986.7
132.28 44 WP_MOVED 1 358824.90625 4822110. 702.
132.40 44 DESIRED -0. 0.01 0. 0. 700.246 -2.
132.46 44 NAVIGATION 0 0 0 0 286 0. 570986.7
132.48 44 ATTITUDE 0 0 0
132.60 44 ESTIMATOR 709.058472 0.109701 905.850037 10.970116 918.360168
132.63 44 DL_VALUE 21 0.75
132.69 44 NAVIGATION 0 0 0 0 286 0. 570986.7
132.74 44 WP_MOVED 2 358071. 4822161. 0.
132.85 44 DOWNLINK_STATUS 131 17289 1161 0 231. 15.
132.91 44 COMMANDS 1193,-9600,9600,-9600
132.95 44 NAVIGATION 0 0 0 0 286 0. 570986.7
132.97 44 ATTITUDE 0 0 0
133.00 44 GYRO_RATES -162 -188 -157 1.413717 -1.64061 1.370083
133.01 44 FBW_STATUS 0 1 121
133.04 44 ESTIMATOR 709.179993 0.0324 918. 3.240013 917.55011
133.08 44 BAT 1189 121 0 0 21 21 0
133.12 44 CALIBRATION -8.932 0.037 0.5 1
133.16 44 NAVIGATION 0 0 0 0 286 0. 570986.7
133.21 44 WP_MOVED 0 358113. 4822203. 702.
133.24 44 SERVO 9600 -9600 1246
133.33 44 DESIRED -0. 0. 0. 0. 700.245 -2.
133.40 44 NAVIGATION 0 0 0 0 286 0. 570986.7
133.41 44 ATTITUDE 0 0 0
133.51 44 ESTIMATOR 709.315002 -0.026136 931.5 -2.613564 916.56012
133.57 44 DL_VALUE 22 18000.
133.63 44 NAVIGATION 0 0 0 0 286 0. 570986.7
133.68 44 WP_MOVED 1 358824.90625 4822110. 702.
133.85 44 COMMANDS 1190,-9600,9600,-9600
133.85 44 DOWNLINK_STATUS 132 17568 1180 0 279. 19.
133.88 44 NAVIGATION 0 0 0 0 286 0. 570986.7
133.90 44 ATTITUDE 0 0 0
133.94 44 GYRO_RATES -152 -177 -146 1.32645 -1.544616 1.27409
133.95 44 FBW_STATUS 0 1 121
133.98 44 ESTIMATOR 709.288025 0.005941 928.799988 0.594063 918.
134.11 44 NAVIGATION 0 0 0 0 286 0. 570986.7
134.15 44 WP_MOVED 2 358071. 4822161. 0.
134.27 44 DESIRED -0.01 0. 0. 0. 700.247 -2.
134.33 44 NAVIGATION 0 0 0 0 286 0. 570986.7
134.35 44 ATTITUDE 0 0 0
134.45 44 ESTIMATOR 709.247498 -0.108728 924.75 -10.872841 917.999939
134.51 44 DL_VALUE 23 18000.
134.57 44 NAVIGATION 0 0 0 0 286 0. 570986.7
134.63 44 WP_MOVED 0 358113. 4822203. 702.
134.78 44 COMMANDS 1176,-9600,9600,-9600
134.83 44 NAVIGATION 0 0 0 0 286 0. 570986.7
134.84 44 ATTITUDE 0 0 0
134.85 44 DOWNLINK_STATUS 133 17825 1197 0 257. 17.
134.88 44 GYRO_RATES -165 -192 -161 1.439897 -1.675516 1.40499
134.88 44 FBW_STATUS 0 1 121
134.92 44 ESTIMATOR 709.098999 0.031158 909.900024 3.115845 918.720093
134.94 44 BAT 1186 122 0 0 23 23 1
134.99 44 CALIBRATION -8.93 0.037 0.5 1
135.04 44 NAVIGATION 0 0 0 0 286 0. 570986.7
135.11 44 WP_MOVED 1 358824.90625 4822110. 702.
135.14 44 SERVO 9600 -9600 1181
135.21 44 DESIRED -0. 0. 0. 0. 700.248 -2.
135.27 44 NAVIGATION 0 0 0 0 286 0. 570986.7
135.29 44 ATTITUDE 0 0 0
135.39 44 ESTIMATOR 709.08551 0.059696 908.549988 5.96962 920.970093
135.44 44 DL_VALUE 24 0.3
135.50 44 NAVIGATION 0 0 0 0 286 0. 570986.7
135.56 44 WP_MOVED 2 358071. 4822161. 0.
135.72 44 COMMANDS 1191,-9600,9600,-9600
135.76 44 NAVIGATION 0 0 0 0 286 0. 570986.7
135.78 44 ATTITUDE 0 0 0
135.81 44 GYRO_RATES -168 -194 -163 1.466077 -1.692969 1.422443
135.82 44 FBW_STATUS 0 1 122
135.85 44 DOWNLINK_STATUS 134 18118 1217 0 293. 20.
135.86 44 ESTIMATOR 709.098999 0.04328 909.900024 4.328003 921.780212
135.92 44 ACTUATORS 1500,2000,0,1300,1000
135.97 44 NAVIGATION 0 0 0 0 286 0. 570986.7
136.02 44 WP_MOVED 0 358113. 4822203. 702.
136.15 44 DESIRED -0. 0.01 0. 0. 700.247 -2.
136.21 44 NAVIGATION 0 0 0 0 286 0. 570986.7
136.22 44 ATTITUDE 0 0 0
136.24 44 PPRZ_MODE 1 3 0 0 0 5 0
136.32 44 ESTIMATOR 709.179993 0.07109 918. 7.108955 921.330078
136.38 44 DL_VALUE 25 0.243211
136.44 44 NAVIGATION 0 0 0 0 286 0. 570986.7
136.49 44 WP_MOVED 1 358824.90625 4822110. 702.
136.66 44 COMMANDS 1182,-9600,9600,-9600
136.70 44 NAVIGATION 0 0 0 0 286 0. 570986.7
136.72 44 ATTITUDE 0 0 0
136.75 44 GYRO_RATES -156 -180 -150 1.361357 -1.570796 1.308997
136.76 44 FBW_STATUS 0 1 122
136.79 44 ESTIMATOR 709.35553 -0.030994 935.549988 -3.099365 921.330017
136.82 44 BAT 1204 121 0 0 25 25 1
136.85 44 DOWNLINK_STATUS 135 18407 1236 0 289. 19.
136.87 44 CALIBRATION -8.935 0.037 0.5 1
136.91 44 NAVIGATION 0 0 0 0 286 0. 570986.7
136.96 44 WP_MOVED 2 358071. 4822161. 0.
136.98 44 SERVO 9600 -9600 1216
137.10 44 DESIRED -0. 0. 0. 0. 700.248 -2.
137.14 44 NAVIGATION 0 0 0 0 286 0. 570986.7
137.16 44 ATTITUDE 0 0 0
137.26 44 ESTIMATOR 709.315002 -0.078083 931.5 -7.808266 919.980103
137.32 44 DL_VALUE 26 0.005
137.38 44 NAVIGATION 0 0 0 0 286 0. 570986.7
137.43 44 WP_MOVED 0 358113. 4822203. 702.
137.60 44 COMMANDS 1187,-9600,9600,-9600
137.65 44 NAVIGATION 0 0 0 0 286 0. 570986.7
137.65 44 ATTITUDE 0 0 0
137.69 44 GYRO_RATES -155 -180 -151 1.35263 -1.570796 1.317724
137.70 44 FBW_STATUS 0 1 121
137.73 44 ESTIMATOR 709.260986 -0.026865 926.100037 -2.686462 918.180054
137.85 44 NAVIGATION 0 0 0 0 286 0. 570986.7
137.85 44 DOWNLINK_STATUS 136 18679 1254 0 272. 18.
137.90 44 WP_MOVED 1 358824.90625 4822110. 702.
138.02 44 DESIRED -0.01 0. 0. 0. 700.248 -2.
138.08 44 NAVIGATION 0 0 0 0 286 0. 570986.7
138.11 44 ATTITUDE 0 0 0
138.20 44 ESTIMATOR 709.166504 -0.072061 916.650024 -7.206078 918.450073
138.26 44 DL_VALUE 27 0.037
138.32 44 NAVIGATION 0 0 0 0 286 0. 570986.7
138.37 44 WP_MOVED 2 358071. 4822161. 0.
138.39 44 NAVIGATION_REF 358071 4822161 31
138.54 44 COMMANDS 1169,-9600,9600,-9600
138.57 44 NAVIGATION 0 0 0 0 286 0. 570986.7
138.59 44 ATTITUDE 0 0 0
138.63 44 GYRO_RATES -169 -194 -164 1.474803 -1.692969 1.43117
138.67 44 FBW_STATUS 0 1 121
138.67 44 ESTIMATOR 709.072021 0.01944 907.200012 1.944046 918.360107
138.70 44 BAT 1191 121 0 0 27 27 1
138.74 44 CALIBRATION -8.964 0.037 0.5 1
138.78 44 NAVIGATION 0 0 0 0 286 0. 570986.7
138.84 44 WP_MOVED 0 358113. 4822203. 702.
138.85 44 DOWNLINK_STATUS 137 18965 1273 0 286. 19.
138.86 44 SERVO 9600 -9600 1202
138.96 44 DESIRED -0. 0. 0. 0. 700.249 -2.
139.02 44 NAVIGATION 0 0 0 0 286 0. 570986.7
139.04 44 ATTITUDE 0 0 0
139.15 44 ESTIMATOR 709.072021 0.063585 907.200012 6.358452 919.440125
139.20 44 DL_VALUE 28 0.
139.25 44 NAVIGATION 0 0 0 0 286 0. 570986.7
139.30 44 WP_MOVED 1 358824.90625 4822110. 702.
139.47 44 COMMANDS 1190,-9600,9600,-9600
139.51 44 NAVIGATION 0 0 0 0 286 0. 570986.7
139.53 44 ATTITUDE 0 0 0
139.56 44 GYRO_RATES -168 -193 -163 1.466077 -1.684243 1.422443
139.57 44 FBW_STATUS 0 1 121
139.61 44 ESTIMATOR 709.112488 0.036449 911.25 3.644905 920.160034
139.72 44 NAVIGATION 0 0 0 0 286 0. 570986.7
139.78 44 WP_MOVED 2 358071. 4822161. 0.
139.85 44 DOWNLINK_STATUS 138 19204 1289 0 239. 16.
139.90 44 DESIRED -0. 0.01 0. 0. 700.255 -2.
139.96 44 NAVIGATION 0 0 0 0 286 0. 570986.7
139.98 44 ATTITUDE 0 0 0
140.08 44 ESTIMATOR 709.193481 0.1009 919.350037 10.089989 920.790039
140.14 44 DL_VALUE 29 0.045
140.19 44 NAVIGATION 0 0 0 0 286 0. 570986.7
140.85 44 DOWNLINK_STATUS 139 19303 1295 0 99. 6.
141.85 44 DOWNLINK_STATUS 140 19303 1295 0 0. 0.
142.85 44 DOWNLINK_STATUS 141 19303 1295 0 0. 0.
143.85 44 DOWNLINK_STATUS 142 19303 1295 0 0. 0.
144.85 44 DOWNLINK_STATUS 143 19303 1295 0 0. 0.
145.85 44 DOWNLINK_STATUS 144 19303 1295 0 0. 0.
146.85 44 DOWNLINK_STATUS 145 19303 1295 0 0. 0.
147.85 44 DOWNLINK_STATUS 146 19303 1295 0 0. 0.
148.85 44 DOWNLINK_STATUS 147 19303 1295 0 0. 0.
149.85 44 DOWNLINK_STATUS 148 19303 1295 0 0. 0.
150.85 44 DOWNLINK_STATUS 149 19303 1295 0 0. 0.
151.85 44 DOWNLINK_STATUS 150 19303 1295 0 0. 0.
152.85 44 DOWNLINK_STATUS 151 19303 1295 0 0. 0.
153.85 44 DOWNLINK_STATUS 152 19303 1295 0 0. 0.
154.85 44 DOWNLINK_STATUS 153 19303 1295 0 0. 0.
155.85 44 DOWNLINK_STATUS 154 19303 1295 0 0. 0.
156.85 44 DOWNLINK_STATUS 155 19303 1295 0 0. 0.
157.85 44 DOWNLINK_STATUS 156 19303 1295 0 0. 0.
158.85 44 DOWNLINK_STATUS 157 19303 1295 0 0. 0.
159.85 44 DOWNLINK_STATUS 158 19303 1295 0 0. 0.
160.85 44 DOWNLINK_STATUS 159 19303 1295 0 0. 0.
161.85 44 DOWNLINK_STATUS 160 19303 1295 0 0. 0.
162.85 44 DOWNLINK_STATUS 161 19303 1295 0 0. 0.
163.85 44 DOWNLINK_STATUS 162 19303 1295 0 0. 0.
164.85 44 DOWNLINK_STATUS 163 19303 1295 0 0. 0.
165.85 44 DOWNLINK_STATUS 164 19303 1295 0 0. 0.
166.85 44 DOWNLINK_STATUS 165 19303 1295 0 0. 0.
167.85 44 DOWNLINK_STATUS 166 19303 1295 0 0. 0.
168.85 44 DOWNLINK_STATUS 167 19303 1295 0 0. 0.
169.85 44 DOWNLINK_STATUS 168 19303 1295 0 0. 0.
170.85 44 DOWNLINK_STATUS 169 19303 1295 0 0. 0.
171.85 44 DOWNLINK_STATUS 170 19303 1295 0 0. 0.
172.85 44 DOWNLINK_STATUS 171 19303 1295 0 0. 0.
173.85 44 DOWNLINK_STATUS 172 19303 1295 0 0. 0.
174.47 44 BOOT 1
174.50 44 PPRZ_MODE 2 0 0 0 0 1 0
174.51 44 FBW_STATUS 0 0 0
174.56 44 ESTIMATOR 700. 0. 0. 0. 0.
174.59 44 BAT 0 121 0 0 0 0 0
174.62 44 FBW_STATUS 0 1 121
174.66 44 ESTIMATOR 709.369019 -0.180333 936.900024 -18.033295 912.959961
174.68 44 BAT 0 121 0 0 2 2 0
174.69 44 PPRZ_MODE 1 3 1 0 0 21 0
174.71 44 CALIBRATION -3.574 0.037 0.5 1
174.75 44 NAVIGATION 0 0 0 0 286 0. 570986.7
174.77 44 WP_MOVED 2 358071. 4822161. 0.
174.79 44 SERVO 9600 -9600 1168
174.85 44 DOWNLINK_STATUS 173 19463 1308 0 160. 13.
174.89 44 DESIRED -0. 0.01 0. 0. 700.248 -2.
174.95 44 NAVIGATION 0 0 0 0 286 0. 570986.7
174.97 44 ATTITUDE 0 0 0
175.07 44 ESTIMATOR 709.288025 -0.038421 928.799988 -3.842125 917.280029
175.14 44 DL_VALUE 2 0.
175.19 44 NAVIGATION 0 0 0 0 286 0. 570986.7
175.24 44 WP_MOVED 0 358113. 4822203. 702.
175.41 44 COMMANDS 1186,-9600,9600,-9600
175.44 44 NAVIGATION 0 0 0 0 286 0. 570986.7
175.46 44 ATTITUDE 0 0 0
175.49 44 GYRO_RATES -158 -182 -153 1.37881 -1.58825 1.335177
175.51 44 FBW_STATUS 0 1 121
175.54 44 ESTIMATOR 709.247498 -0.050949 924.75 -5.094872 916.650146
175.67 44 NAVIGATION 0 0 0 0 286 0. 570986.7
175.71 44 WP_MOVED 1 358824.90625 4822110. 702.
175.83 44 DESIRED -0.01 0. 0. 0. 700.248 -2.
175.85 44 DOWNLINK_STATUS 174 19720 1324 0 257. 16.
175.89 44 NAVIGATION 0 0 0 0 286 0. 570986.7
175.91 44 ATTITUDE 0 0 0
176.01 44 ESTIMATOR 709.166504 -0.062371 916.650024 -6.237068 916.920105
176.07 44 DL_VALUE 3 0.
176.14 44 NAVIGATION 0 0 0 0 286 0. 570986.7
176.18 44 WP_MOVED 2 358071. 4822161. 0.
176.35 44 COMMANDS 1187,-9600,9600,-9600
176.38 44 NAVIGATION 0 0 0 0 286 0. 570986.7
176.40 44 ATTITUDE 0 0 0
176.43 44 GYRO_RATES -168 -194 -164 1.466077 -1.692969 1.43117
176.45 44 FBW_STATUS 0 1 121
176.48 44 ESTIMATOR 709.058472 0.04347 905.850037 4.347 919.080017
176.50 44 BAT 1196 121 0 0 4 4 0
176.55 44 CALIBRATION -7.154 0.037 0.5 1
176.59 44 NAVIGATION 0 0 0 0 286 0. 570986.7
176.65 44 WP_MOVED 0 358113. 4822203. 702.
176.69 44 SERVO 9600 -9600 1207
176.77 44 DESIRED -0. 0. 0. 0. 700.248 -2.
176.83 44 NAVIGATION 0 0 0 0 286 0. 570986.7
176.85 44 ATTITUDE 0 0 0
176.85 44 DOWNLINK_STATUS 175 20014 1344 0 294. 20.
176.95 44 ESTIMATOR 709.058472 0.045224 905.850037 4.522438 918.630066
177.00 44 DL_VALUE 4 1.
177.06 44 NAVIGATION 0 0 0 0 286 0. 570986.7
177.13 44 WP_MOVED 1 358824.90625 4822110. 702.
177.28 44 COMMANDS 1189,-9600,9600,-9600
177.32 44 NAVIGATION 0 0 0 0 286 0. 570986.7
177.34 44 ATTITUDE 0 0 0
177.37 44 GYRO_RATES -168 -194 -162 1.466077 -1.692969 1.413717
177.38 44 FBW_STATUS 0 1 121
177.42 44 ESTIMATOR 709.125977 0.078893 912.600037 7.889252 919.440186
177.47 44 ACTUATORS 1500,2000,0,1298,1000
177.53 44 NAVIGATION 0 0 0 0 286 0. 570986.7
177.58 44 WP_MOVED 2 358071. 4822161. 0.
177.71 44 DESIRED -0.01 0. 0. 0. 700.251 -2.
177.77 44 NAVIGATION 0 0 0 0 286 0. 570986.7
177.78 44 ATTITUDE 0 0 0
177.80 44 PPRZ_MODE 1 3 0 0 0 5 0
177.85 44 DOWNLINK_STATUS 176 20267 1361 0 253. 17.
177.88 44 ESTIMATOR 709.166504 0.105733 916.650024 10.573273 920.34021
177.94 44 DL_VALUE 5 0.
178.00 44 NAVIGATION 0 0 0 0 286 0. 570986.7
178.05 44 WP_MOVED 0 358113. 4822203. 702.
178.22 44 COMMANDS 1167,-9600,9600,-9600
178.26 44 NAVIGATION 0 0 0 0 286 0. 570986.7
178.27 44 ATTITUDE 0 0 0
178.31 44 GYRO_RATES -152 -178 -148 1.32645 -1.553343 1.291544
178.32 44 FBW_STATUS 0 1 121
178.35 44 ESTIMATOR 709.288025 -0.087914 928.799988 -8.791351 918.180054
178.38 44 BAT 1188 121 0 0 6 6 0
178.43 44 CALIBRATION -8.932 0.037 0.5 1
178.47 44 NAVIGATION 0 0 0 0 286 0. 570986.7
178.52 44 WP_MOVED 1 358824.90625 4822110. 702.
178.54 44 SERVO 9600 -9600 1187
178.65 44 DESIRED -0. 0.01 0. 0. 700.249 -2.
178.70 44 NAVIGATION 0 0 0 0 286 0. 570986.7
178.72 44 ATTITUDE 0 0 0
178.82 44 ESTIMATOR 709.301514 -0.036532 930.150024 -3.653221 915.210144
178.85 44 DOWNLINK_STATUS 177 20557 1380 0 290. 19.
178.88 44 DL_VALUE 6 0.
178.94 44 NAVIGATION 0 0 0 0 286 0. 570986.7
178.99 44 WP_MOVED 2 358071. 4822161. 0.
179.16 44 COMMANDS 1195,-9600,9600,-9600
179.19 44 NAVIGATION 0 0 0 0 286 0. 570986.7
179.21 44 ATTITUDE 0 0 0
179.25 44 GYRO_RATES -157 -184 -154 1.370083 -1.605703 1.343904
179.26 44 FBW_STATUS 0 1 121
179.29 44 ESTIMATOR 709.247498 -0.013256 924.75 -1.325569 918.540161
179.41 44 NAVIGATION 0 0 0 0 286 0. 570986.7
179.46 44 WP_MOVED 0 358113. 4822203. 702.
179.58 44 DESIRED -0. 0.01 0. 0. 700.249 -2.
179.66 44 NAVIGATION 0 0 0 0 286 0. 570986.7
179.70 44 ATTITUDE 0 0 0
179.76 44 ESTIMATOR 709.08551 -0.157762 908.549988 -15.776176 915.030212
179.81 44 DL_VALUE 7 0.
179.85 44 DOWNLINK_STATUS 178 20795 1396 0 238. 16.
179.87 44 NAVIGATION 0 0 0 0 286 0. 570986.7
179.93 44 WP_MOVED 1 358824.90625 4822110. 702.
180.09 44 COMMANDS 78,-9600,9600,-9600
180.14 44 NAVIGATION 0 0 0 0 286 0. 570986.7
180.17 44 ATTITUDE 0 0 0
180.18 44 GYRO_RATES -172 -198 -168 1.500983 -1.727876 1.466077
180.19 44 FBW_STATUS 0 1 120
180.23 44 ESTIMATOR 708.991028 0.046386 899.100037 4.638634 912.510254
180.25 44 BAT 86 120 0 0 7 7 0
180.30 44 CALIBRATION -8.96 0.037 0.5 1
180.34 44 NAVIGATION 0 0 0 0 286 0. 570986.7
180.39 44 WP_MOVED 2 358071. 4822161. 0.
180.42 44 SERVO 9600 -9600 2829
180.52 44 DESIRED -0. 0. 0. 0. 700.595 -2.
180.58 44 NAVIGATION 0 0 0 0 286 0. 570986.7
180.59 44 ATTITUDE 0 0 0
180.69 44 ESTIMATOR 709.004517 0.021034 900.450012 2.103386 913.590149
180.75 44 DL_VALUE 8 0.
180.81 44 NAVIGATION 0 0 0 0 286 0. 570986.7
180.85 44 DOWNLINK_STATUS 179 21081 1415 0 286. 19.
180.86 44 WP_MOVED 0 358113. 4822203. 702.
181.03 44 COMMANDS 2951,-9600,9600,-9600
181.07 44 NAVIGATION 0 0 0 0 286 0. 570986.7
181.09 44 ATTITUDE 0 0 0
181.14 44 GYRO_RATES -164 -189 -159 1.43117 -1.649336 1.387537
181.17 44 FBW_STATUS 0 1 120
181.17 44 ESTIMATOR 709.044983 0.08362 904.5 8.362045 912.780151
181.28 44 NAVIGATION 0 0 0 0 286 0. 570986.7
181.33 44 WP_MOVED 1 358824.90625 4822110. 702.
181.45 44 DESIRED -0. 0. 0. 0. 700.617 -2.
181.51 44 NAVIGATION 0 0 0 0 286 0. 570986.7
181.53 44 PPRZ_MODE 2 3 0 0 0 21 0
181.55 44 ATTITUDE 0 0 0
181.66 44 ESTIMATOR 709.20697 -0.026325 920.700012 -2.632484 911.610107
181.69 44 DL_VALUE 9 466.
181.75 44 NAVIGATION 0 0 0 0 286 0. 570986.7
181.80 44 WP_MOVED 2 358071. 4822161. 0.
181.83 44 NAVIGATION_REF 358071 4822161 31
181.85 44 DOWNLINK_STATUS 180 21347 1433 0 266. 18.
181.97 44 COMMANDS 2486,-9600,9600,-9600
182.01 44 NAVIGATION 0 0 0 0 286 0. 570986.7
182.03 44 ATTITUDE 0 0 0
182.06 44 GYRO_RATES -153 -178 -148 1.335177 -1.553343 1.291544
182.07 44 FBW_STATUS 0 1 120
182.10 44 ESTIMATOR 709.301514 -0.048251 930.150024 -4.825096 911.880188
182.15 44 BAT 2056 120 0 0 9 9 1
182.18 44 ACTUATORS 1500,2000,0,1371,1000
182.19 44 CALIBRATION -8.768 0.037 0.5 2
182.22 44 NAVIGATION 0 0 0 0 286 0. 570986.7
182.27 44 WP_MOVED 0 358113. 4822203. 702.
182.29 44 SERVO 9600 -9600 2070
182.39 44 DESIRED -0.29 -0. 0. 0. 700.619 -2.
182.45 44 NAVIGATION 0 0 0 0 286 0. 570986.7
182.47 44 ATTITUDE 0 0 0
182.49 44 PPRZ_MODE 2 3 1 0 0 5 0
182.57 44 ESTIMATOR 709.166504 -0.07984 916.650024 -7.984047 909.630188
182.64 44 DL_VALUE 10 492.
182.69 44 NAVIGATION 0 0 0 0 286 0. 570986.7
182.74 44 WP_MOVED 1 358824.90625 4822110. 702.
182.85 44 DOWNLINK_STATUS 181 21637 1453 0 290. 20.
182.91 44 COMMANDS 2079,-9600,9600,-9600
182.94 44 NAVIGATION 0 0 0 0 286 0. 570986.7
182.96 44 ATTITUDE 0 0 0
182.99 44 GYRO_RATES -161 -186 -156 1.40499 -1.623156 1.361357
183.01 44 FBW_STATUS 0 1 120
183.04 44 ESTIMATOR 709.112488 -0.068284 911.25 -6.828423 907.830139
183.09 44 PPRZ_MODE 1 3 1 0 0 21 0
183.16 44 NAVIGATION 0 0 0 0 286 0. 570986.7
183.21 44 WP_MOVED 2 358071. 4822161. 0.
183.33 44 DESIRED -0.01 0.01 0. 0. 700.626 -2.
183.39 44 NAVIGATION 0 0 0 0 286 0. 570986.7
183.41 44 ATTITUDE 0 0 0
183.47 44 PPRZ_MODE 0 3 0 0 0 17 0
183.51 44 ESTIMATOR 709.031494 0.110189 903.150024 11.018867 910.620117
183.57 44 DL_VALUE 11 461.
183.64 44 NAVIGATION 0 0 0 0 286 0. 570986.7
183.68 44 WP_MOVED 0 358113. 4822203. 702.
183.84 44 COMMANDS 2961,-65,67,-1455
183.85 44 DOWNLINK_STATUS 182 21897 1471 0 260. 18.
183.88 44 NAVIGATION 0 0 0 0 286 0. 570986.7
183.90 44 ATTITUDE 0 0 0
183.93 44 GYRO_RATES -169 -194 -165 1.474803 -1.692969 1.439897
183.94 44 FBW_STATUS 0 0 121
183.98 44 ESTIMATOR 709.031494 0.002914 903.150024 0.291405 914.400146
184.00 44 BAT 2932 121 0 0 11 11 1
184.02 44 PPRZ_MODE 2 3 0 0 0 21 0
184.05 44 CALIBRATION -8.64 0.037 0.5 2
184.09 44 NAVIGATION 0 0 0 0 286 0. 570986.7
184.17 44 WP_MOVED 1 358824.90625 4822110. 702.
184.19 44 SERVO 9600 -9600 2123
184.27 44 DESIRED -0. 0.01 0. 0. 700.617 -2.
184.33 44 NAVIGATION 0 0 0 0 286 0. 570986.7
184.35 44 ATTITUDE 0 0 0
184.45 44 ESTIMATOR 709.044983 0.089612 904.5 8.961182 915.03009
184.50 44 DL_VALUE 12 1.35
184.56 44 NAVIGATION 0 0 0 0 286 0. 570986.7
184.62 44 WP_MOVED 2 358071. 4822161. 0.
184.78 44 COMMANDS 2095,-9600,9600,-9600
184.82 44 NAVIGATION 0 0 0 0 286 0. 570986.7
184.84 44 ATTITUDE 0 0 0
184.85 44 DOWNLINK_STATUS 183 22200 1492 0 303. 21.
184.87 44 GYRO_RATES -161 -188 -156 1.40499 -1.64061 1.361357
184.88 44 FBW_STATUS 0 1 121
184.92 44 ESTIMATOR 709.125977 0.070065 912.600037 7.006454 915.570068
185.03 44 NAVIGATION 0 0 0 0 286 0. 570986.7
185.08 44 WP_MOVED 0 358113. 4822203. 702.
185.20 44 DESIRED -0. 0.01 0. 0. 700.613 -2.
185.27 44 NAVIGATION 0 0 0 0 286 0. 570986.7
185.28 44 ATTITUDE 0 0 0
185.38 44 ESTIMATOR 709.20697 -0.007884 920.700012 -0.788422 913.770203
185.44 44 DL_VALUE 13 0.
185.50 44 NAVIGATION 0 0 0 0 286 0. 570986.7
185.55 44 WP_MOVED 1 358824.90625 4822110. 702.
185.72 44 COMMANDS 2088,-9600,9600,-9600
185.75 44 NAVIGATION 0 0 0 0 286 0. 570986.7
185.77 44 ATTITUDE 0 0 0
185.81 44 GYRO_RATES -179 -204 -174 1.56207 -1.780236 1.518436
185.82 44 FBW_STATUS 0 1 121
185.85 44 ESTIMATOR 709.301514 -0.016391 930.150024 -1.639137 913.860168
185.85 44 DOWNLINK_STATUS 184 22478 1510 0 278. 18.
185.88 44 BAT 2071 121 0 0 13 13 1
185.93 44 CALIBRATION -8.483 0.037 0.5 2
185.97 44 NAVIGATION 0 0 0 0 286 0. 570986.7
186.02 44 WP_MOVED 2 358071. 4822161. 0.
186.04 44 SERVO 9600 -9600 2037
186.14 44 DESIRED -0.01 0. 0. 0. 700.618 -2.
186.20 44 NAVIGATION 0 0 0 0 286 0. 570986.7
186.22 44 ATTITUDE 0 0 0
186.32 44 ESTIMATOR 709.274475 -0.034587 927.450012 -3.458672 918.000244
186.38 44 DL_VALUE 14 0.
186.44 44 NAVIGATION 0 0 0 0 286 0. 570986.7
186.49 44 WP_MOVED 0 358113. 4822203. 702.
186.67 44 COMMANDS 2060,-9600,9600,-9600
186.69 44 NAVIGATION 0 0 0 0 286 0. 570986.7
186.71 44 ATTITUDE 0 0 0
186.75 44 GYRO_RATES -164 -189 -160 1.43117 -1.649336 1.396263
186.75 44 FBW_STATUS 0 1 121
186.79 44 ESTIMATOR 709.098999 -0.060397 909.900024 -6.039658 917.280151
186.85 44 ACTUATORS 1500,2000,0,1339,1000
186.85 44 DOWNLINK_STATUS 185 22759 1529 0 281. 19.
186.91 44 NAVIGATION 0 0 0 0 286 0. 570986.7
186.96 44 WP_MOVED 1 358824.90625 4822110. 702.
187.08 44 DESIRED -0. 0.01 0. 0. 700.635 -2.
187.16 44 NAVIGATION 0 0 0 0 286 0. 570986.7
187.19 44 ATTITUDE 0 0 0
187.19 44 PPRZ_MODE 2 3 1 0 0 5 0
187.26 44 ESTIMATOR 708.991028 -0.03167 899.100037 -3.166962 913.860168
187.31 44 DL_VALUE 15 0.75
187.37 44 NAVIGATION 0 0 0 0 286 0. 570986.7
187.43 44 WP_MOVED 2 358071. 4822161. 0.
187.59 44 COMMANDS 1711,-9600,9600,-9600
187.63 44 NAVIGATION 0 0 0 0 286 0. 570986.7
187.67 44 ATTITUDE 0 0 0
187.68 44 GYRO_RATES -176 -202 -171 1.53589 -1.762783 1.492257
187.69 44 FBW_STATUS 0 1 121
187.73 44 ESTIMATOR 709.031494 0.002834 903.150024 0.283432 912.960144
187.75 44 BAT 1681 121 0 0 15 15 2
187.78 44 PPRZ_MODE 1 3 1 0 0 21 0
187.81 44 CALIBRATION -8.55 0.037 0.5 1
187.84 44 NAVIGATION 0 0 0 0 286 0. 570986.7
187.85 44 DOWNLINK_STATUS 186 23055 1549 0 296. 20.
187.89 44 WP_MOVED 0 358113. 4822203. 702.
187.92 44 SERVO 9600 -9600 2973
188.02 44 DESIRED -0. 0. 0. 0. 700.618 -2.
188.08 44 NAVIGATION 0 0 0 0 286 0. 570986.7
188.09 44 ATTITUDE 0 0 0
188.16 44 PPRZ_MODE 0 3 0 0 0 17 0
188.20 44 ESTIMATOR 709.08551 0.10106 908.549988 10.105972 912.960083
188.25 44 DL_VALUE 16 25000.
188.31 44 NAVIGATION 0 0 0 0 286 0. 570986.7
188.36 44 WP_MOVED 1 358824.90625 4822110. 702.
188.53 44 COMMANDS 2967,-133,82,-1484
188.57 44 NAVIGATION 0 0 0 0 286 0. 570986.7
188.59 44 ATTITUDE 0 0 0
188.63 44 GYRO_RATES -280 -306 -274 2.443461 -2.670354 2.391101
188.66 44 FBW_STATUS 0 0 120
188.67 44 ESTIMATOR 709.166504 -0.001242 916.650024 -0.124245 912.330078
188.78 44 NAVIGATION 0 0 0 0 286 0. 570986.7
188.83 44 WP_MOVED 2 358071. 4822161. 0.
188.85 44 DOWNLINK_STATUS 187 23318 1567 0 263. 18.
188.95 44 DESIRED -0.01 0.01 0. 0. 700.614 -2.
189.01 44 NAVIGATION 0 0 0 0 286 0. 570986.7
189.03 44 ATTITUDE 0 0 0
189.16 44 ESTIMATOR 709.179993 -0.047221 918. -4.722099 910.080078
189.19 44 DL_VALUE 17 25000.
189.25 44 NAVIGATION 0 0 0 0 286 0. 570986.7
189.30 44 WP_MOVED 0 358113. 4822203. 702.
189.47 44 COMMANDS 2974,-29,93,-1464
189.51 44 NAVIGATION 0 0 0 0 286 0. 570986.7
189.53 44 ATTITUDE 0 0 0
189.56 44 GYRO_RATES -279 -304 -273 2.434734 -2.6529 2.382375
189.57 44 FBW_STATUS 0 0 120
189.60 44 ESTIMATOR 709.247498 -0.043334 924.75 -4.33342 910.170166
189.63 44 BAT 2973 120 0 0 17 17 2
189.67 44 CALIBRATION -8.496 0.037 0.5 0
189.72 44 NAVIGATION 0 0 0 0 286 0. 570986.7
189.77 44 WP_MOVED 1 358824.90625 4822110. 702.
189.79 44 SERVO 9600 -9600 2977
189.85 44 DOWNLINK_STATUS 188 23586 1585 0 268. 18.
189.89 44 DESIRED -0.01 0.01 0. 0. 700.619 -2.
189.95 44 NAVIGATION 0 0 0 0 286 0. 570986.7
189.97 44 ATTITUDE 0 0 0
190.07 44 ESTIMATOR 709.098999 -0.075923 909.900024 -7.592316 911.070007
190.13 44 DL_VALUE 18 0.75
190.19 44 NAVIGATION 0 0 0 0 286 0. 570986.7
190.24 44 WP_MOVED 2 358071. 4822161. 0.
190.26 44 NAVIGATION_REF 358071 4822161 31
190.41 44 COMMANDS 2954,2196,940,-1449
190.44 44 NAVIGATION 0 0 0 0 286 0. 570986.7
190.46 44 ATTITUDE 0 0 0
190.49 44 GYRO_RATES -291 -317 -287 2.539454 -2.766347 2.504547
190.51 44 FBW_STATUS 0 0 120
190.54 44 ESTIMATOR 708.991028 0.045468 899.100037 4.546776 911.430115
190.66 44 NAVIGATION 0 0 0 0 286 0. 570986.7
190.71 44 WP_MOVED 0 358113. 4822203. 702.
190.83 44 DESIRED -0.01 0.01 0. 0. 700.619 -2.
190.86 44 DOWNLINK_STATUS 189 23854 1602 0 268. 17.
190.89 44 NAVIGATION 0 0 0 0 286 0. 570986.7
190.91 44 ATTITUDE 0 0 0
191.01 44 ESTIMATOR 709.058472 0.097283 905.850037 9.728317 913.680176
191.07 44 DL_VALUE 19 13000.
191.13 44 NAVIGATION 0 0 0 0 286 0. 570986.7
191.17 44 WP_MOVED 1 358824.90625 4822110. 702.
191.34 44 COMMANDS 2958,4362,51,-1469
191.38 44 NAVIGATION 0 0 0 0 286 0. 570986.7
191.40 44 ATTITUDE 0 0 0
191.43 44 GYRO_RATES -282 -308 -276 2.460914 -2.687807 2.408554
191.44 44 FBW_STATUS 0 0 120
191.48 44 ESTIMATOR 709.098999 -0.024168 909.900024 -2.41684 914.580139
191.50 44 BAT 2969 120 0 0 19 19 3
191.53 44 ACTUATORS 1330,1341,0,1446,1423
191.56 44 CALIBRATION -8.528 0.037 0.5 0
191.59 44 NAVIGATION 0 0 0 0 286 0. 570986.7
191.66 44 WP_MOVED 2 358071. 4822161. 0.
191.69 44 SERVO 9600 -9600 2976
191.77 44 DESIRED -0.01 0.01 0. 0. 700.617 -2.
191.83 44 NAVIGATION 0 0 0 0 286 0. 570986.7
191.85 44 ATTITUDE 0 0 0
191.86 44 DOWNLINK_STATUS 190 24161 1623 0 307. 21.
191.86 44 PPRZ_MODE 0 3 0 0 0 1 0
191.95 44 ESTIMATOR 709.153015 -0.016634 915.299988 -1.663361 911.700134
192.00 44 DL_VALUE 20 13000.
192.06 44 NAVIGATION 0 0 0 0 286 0. 570986.7
192.12 44 WP_MOVED 0 358113. 4822203. 702.
192.28 44 COMMANDS 2970,-56,80,-1474
192.32 44 NAVIGATION 0 0 0 0 286 0. 570986.7
192.34 44 ATTITUDE 0 0 0
192.37 44 GYRO_RATES -276 -302 -271 2.408554 -2.635447 2.364921
192.38 44 FBW_STATUS 0 0 120
192.42 44 ESTIMATOR 709.234009 0.001947 923.400024 0.194702 911.520142
192.53 44 NAVIGATION 0 0 0 0 286 0. 570986.7
192.58 44 WP_MOVED 1 358824.90625 4822110. 702.
192.70 44 DESIRED -0.01 0.01 0. 0. 700.614 -2.
192.77 44 NAVIGATION 0 0 0 0 286 0. 570986.7
192.78 44 ATTITUDE 0 0 0
192.86 44 DOWNLINK_STATUS 191 24401 1639 0 240. 16.
192.88 44 ESTIMATOR 709.153015 -0.032777 915.299988 -3.277702 912.150085
192.94 44 DL_VALUE 21 0.75
193.00 44 NAVIGATION 0 0 0 0 286 0. 570986.7
193.05 44 WP_MOVED 2 358071. 4822161. 0.
193.22 44 COMMANDS 2968,-7405,171,-1494
193.25 44 NAVIGATION 0 0 0 0 286 0. 570986.7
193.27 44 ATTITUDE 0 0 0
193.31 44 GYRO_RATES -283 -308 -279 2.469641 -2.687807 2.434734
193.32 44 FBW_STATUS 0 0 120
193.35 44 ESTIMATOR 709.153015 -0.087612 915.299988 -8.761215 910.800049
193.38 44 BAT 2965 120 0 0 21 21 3
193.43 44 CALIBRATION -8.494 0.037 0.5 0
193.47 44 NAVIGATION 0 0 0 0 286 0. 570986.7
193.52 44 WP_MOVED 0 358113. 4822203. 702.
193.54 44 SERVO 9600 -9600 2966
193.65 44 DESIRED -0.01 0.01 0. 0. 700.625 -2.
193.70 44 NAVIGATION 0 0 0 0 286 0. 570986.7
193.72 44 ATTITUDE 0 0 0
193.82 44 ESTIMATOR 709.072021 0.0098 907.200012 0.979996 911.610046
193.86 44 DOWNLINK_STATUS 192 24691 1658 0 290. 19.
193.88 44 DL_VALUE 22 18000.
193.94 44 NAVIGATION 0 0 0 0 286 0. 570986.7
193.99 44 WP_MOVED 1 358824.90625 4822110. 702.
194.15 44 COMMANDS 2968,-57,80,-1417
194.19 44 NAVIGATION 0 0 0 0 286 0. 570986.7
194.21 44 ATTITUDE 0 0 0
194.25 44 GYRO_RATES -287 -313 -283 2.504547 -2.73144 2.469641
194.25 44 FBW_STATUS 0 0 120
194.29 44 ESTIMATOR 709.031494 0.016389 903.150024 1.63887 912.780029
194.41 44 NAVIGATION 0 0 0 0 286 0. 570986.7
194.46 44 WP_MOVED 2 358071. 4822161. 0.
194.58 44 DESIRED -0.01 0.01 0. 0. 700.619 -2.
194.66 44 NAVIGATION 0 0 0 0 286 0. 570986.7
194.69 44 ATTITUDE 0 0 0
194.76 44 ESTIMATOR 709.08551 0.040446 908.549988 4.044609 913.860168
194.81 44 DL_VALUE 23 18000.
194.86 44 DOWNLINK_STATUS 193 24929 1674 0 238. 16.
194.87 44 NAVIGATION 0 0 0 0 286 0. 570986.7
194.93 44 WP_MOVED 0 358113. 4822203. 702.
195.09 44 COMMANDS 2970,-43,79,-1482
195.15 44 NAVIGATION 0 0 0 0 286 0. 570986.7
195.18 44 ATTITUDE 0 0 0
195.18 44 GYRO_RATES -279 -303 -272 2.434734 -2.644174 2.373648
195.19 44 FBW_STATUS 0 0 120
195.23 44 ESTIMATOR 709.153015 0.022948 915.299988 2.294846 913.590088
195.25 44 BAT 2973 120 0 0 23 23 4
195.30 44 CALIBRATION -8.512 0.037 0.5 0
195.34 44 NAVIGATION 0 0 0 0 286 0. 570986.7
195.39 44 WP_MOVED 1 358824.90625 4822110. 702.
195.42 44 SERVO 9600 -9600 2984
195.51 44 DESIRED -0.01 0.01 0. 0. 700.615 -2.
195.58 44 NAVIGATION 0 0 0 0 286 0. 570986.7
195.59 44 ATTITUDE 0 0 0
195.69 44 ESTIMATOR 709.247498 -0.030914 924.75 -3.091393 913.950134
195.75 44 DL_VALUE 24 0.3
195.81 44 NAVIGATION 0 0 0 0 286 0. 570986.7
195.86 44 DOWNLINK_STATUS 194 25215 1693 0 286. 19.
195.86 44 WP_MOVED 2 358071. 4822161. 0.
196.03 44 COMMANDS 2994,-54,97,-1507
196.07 44 NAVIGATION 0 0 0 0 286 0. 570986.7
196.09 44 ATTITUDE 0 0 0
196.13 44 GYRO_RATES -277 -303 -272 2.417281 -2.644174 2.373648
196.16 44 FBW_STATUS 0 0 121
196.17 44 ESTIMATOR 709.193481 -0.026867 919.350037 -2.686691 912.060181
196.22 44 ACTUATORS 1500,1507,0,1447,1422
196.28 44 NAVIGATION 0 0 0 0 286 0. 570986.7
196.33 44 WP_MOVED 0 358113. 4822203. 702.
196.45 44 DESIRED -0.01 0.01 0. 0. 700.618 -2.
196.51 44 NAVIGATION 0 0 0 0 286 0. 570986.7
196.53 44 ATTITUDE 0 0 0
196.55 44 PPRZ_MODE 0 3 0 0 0 1 0
196.65 44 ESTIMATOR 709.153015 -0.021087 915.299988 -2.108688 912.510193
196.69 44 DL_VALUE 25 0.253731
196.75 44 NAVIGATION 0 0 0 0 286 0. 570986.7
196.80 44 WP_MOVED 1 358824.90625 4822110. 702.
196.86 44 DOWNLINK_STATUS 195 25483 1711 0 268. 18.
196.97 44 COMMANDS 2969,66,132,-1490
197.01 44 NAVIGATION 0 0 0 0 286 0. 570986.7
197.02 44 ATTITUDE 0 0 0
197.06 44 GYRO_RATES -284 -310 -280 2.478368 -2.70526 2.443461
197.07 44 FBW_STATUS 0 0 121
197.10 44 ESTIMATOR 709.098999 0.000271 909.900024 0.027084 913.410034
197.13 44 BAT 2957 121 0 0 25 25 4
197.17 44 CALIBRATION -8.51 0.037 0.5 0
197.22 44 NAVIGATION 0 0 0 0 286 0. 570986.7
197.27 44 WP_MOVED 2 358071. 4822161. 0.
197.29 44 SERVO 9600 -9600 2948
197.39 44 DESIRED -0.01 0.01 0. 0. 700.628 -2.
197.45 44 NAVIGATION 0 0 0 0 286 0. 570986.7
197.47 44 ATTITUDE 0 0 0
197.57 44 ESTIMATOR 709.018005 0.016309 901.799988 1.630898 913.589966
197.63 44 DL_VALUE 26 0.005
197.69 44 NAVIGATION 0 0 0 0 286 0. 570986.7
197.74 44 WP_MOVED 0 358113. 4822203. 702.
197.86 44 DOWNLINK_STATUS 196 25751 1729 0 268. 18.
198.86 44 DOWNLINK_STATUS 197 25751 1729 0 0. 0.
199.86 44 DOWNLINK_STATUS 198 25751 1729 0 0. 0.
200.86 44 DOWNLINK_STATUS 199 25751 1729 0 0. 0.
201.86 44 DOWNLINK_STATUS 200 25751 1729 0 0. 0.
202.86 44 DOWNLINK_STATUS 201 25751 1729 0 0. 0.
203.86 44 DOWNLINK_STATUS 202 25751 1729 0 0. 0.
204.86 44 DOWNLINK_STATUS 203 25751 1729 0 0. 0.
205.86 44 DOWNLINK_STATUS 204 25751 1729 0 0. 0.
206.86 44 DOWNLINK_STATUS 205 25751 1729 0 0. 0.
207.86 44 DOWNLINK_STATUS 206 25751 1729 0 0. 0.
208.86 44 DOWNLINK_STATUS 207 25751 1729 0 0. 0.
209.86 44 DOWNLINK_STATUS 208 25751 1729 0 0. 0.
210.86 44 DOWNLINK_STATUS 209 25751 1729 0 0. 0.
211.86 44 DOWNLINK_STATUS 210 25751 1729 0 0. 0.
212.86 44 DOWNLINK_STATUS 211 25751 1729 0 0. 0.
213.86 44 DOWNLINK_STATUS 212 25751 1729 0 0. 0.
214.86 44 DOWNLINK_STATUS 213 25751 1729 0 0. 0.
215.86 44 DOWNLINK_STATUS 214 25751 1729 0 0. 0.
216.86 44 DOWNLINK_STATUS 215 25751 1729 0 0. 0.
217.86 44 DOWNLINK_STATUS 216 25751 1729 0 0. 0.
218.86 44 DOWNLINK_STATUS 217 25751 1729 0 0. 0.
219.86 44 DOWNLINK_STATUS 218 25751 1729 0 0. 0.
220.86 44 DOWNLINK_STATUS 219 25751 1729 0 0. 0.
221.86 44 DOWNLINK_STATUS 220 25751 1729 0 0. 0.
222.86 44 DOWNLINK_STATUS 221 25751 1729 0 0. 0.
223.86 44 DOWNLINK_STATUS 222 25751 1729 0 0. 0.
224.86 44 DOWNLINK_STATUS 223 25751 1729 0 0. 0.
225.86 44 DOWNLINK_STATUS 224 25751 1729 0 0. 0.
226.86 44 DOWNLINK_STATUS 225 25751 1729 0 0. 0.
227.86 44 DOWNLINK_STATUS 226 25751 1729 0 0. 0.
228.86 44 DOWNLINK_STATUS 227 25751 1729 0 0. 0.
229.86 44 DOWNLINK_STATUS 228 25751 1729 0 0. 0.
230.86 44 DOWNLINK_STATUS 229 25751 1729 0 0. 0.
231.86 44 DOWNLINK_STATUS 230 25751 1729 0 0. 0.
232.86 44 DOWNLINK_STATUS 231 25751 1729 0 0. 0.
233.86 44 DOWNLINK_STATUS 232 25751 1729 0 0. 0.
234.86 44 DOWNLINK_STATUS 233 25751 1729 0 0. 0.
235.86 44 DOWNLINK_STATUS 234 25751 1729 0 0. 0.
236.86 44 DOWNLINK_STATUS 235 25751 1729 0 0. 0.
237.86 44 DOWNLINK_STATUS 236 25751 1729 0 0. 0.
238.86 44 DOWNLINK_STATUS 237 25751 1729 0 0. 0.
239.86 44 DOWNLINK_STATUS 238 25751 1729 0 0. 0.
240.86 44 DOWNLINK_STATUS 239 25751 1729 0 0. 0.
241.86 44 DOWNLINK_STATUS 240 25751 1729 0 0. 0.
242.86 44 DOWNLINK_STATUS 241 25751 1729 0 0. 0.
243.86 44 DOWNLINK_STATUS 242 25751 1729 0 0. 0.
244.86 44 DOWNLINK_STATUS 243 25751 1729 0 0. 0.
245.86 44 DOWNLINK_STATUS 244 25751 1729 0 0. 0.
246.86 44 DOWNLINK_STATUS 245 25751 1729 0 0. 0.
247.86 44 DOWNLINK_STATUS 246 25751 1729 0 0. 0.
248.86 44 DOWNLINK_STATUS 247 25751 1729 0 0. 0.
249.86 44 DOWNLINK_STATUS 248 25751 1729 0 0. 0.
250.86 44 DOWNLINK_STATUS 249 25751 1729 0 0. 0.
251.86 44 DOWNLINK_STATUS 250 25751 1729 0 0. 0.
252.86 44 DOWNLINK_STATUS 251 25751 1729 0 0. 0.
253.86 44 DOWNLINK_STATUS 252 25751 1729 0 0. 0.
254.87 44 DOWNLINK_STATUS 253 25751 1729 0 0. 0.
255.87 44 DOWNLINK_STATUS 254 25751 1729 0 0. 0.
256.88 44 DOWNLINK_STATUS 255 25751 1729 0 0. 0.
257.88 44 DOWNLINK_STATUS 256 25751 1729 0 0. 0.
258.88 44 DOWNLINK_STATUS 257 25751 1729 0 0. 0.
259.89 44 DOWNLINK_STATUS 258 25751 1729 0 0. 0.
260.89 44 DOWNLINK_STATUS 259 25751 1729 0 0. 0.
261.89 44 DOWNLINK_STATUS 260 25751 1729 0 0. 0.
262.90 44 DOWNLINK_STATUS 261 25751 1729 0 0. 0.
263.90 44 DOWNLINK_STATUS 262 25751 1729 0 0. 0.
264.91 44 DOWNLINK_STATUS 263 25751 1729 0 0. 0.
265.91 44 DOWNLINK_STATUS 264 25751 1729 0 0. 0.
266.91 44 DOWNLINK_STATUS 265 25751 1729 0 0. 0.
267.91 44 DOWNLINK_STATUS 266 25751 1729 0 0. 0.
268.91 44 DOWNLINK_STATUS 267 25751 1729 0 0. 0.
269.91 44 DOWNLINK_STATUS 268 25751 1729 0 0. 0.
270.91 44 DOWNLINK_STATUS 269 25751 1729 0 0. 0.
271.91 44 DOWNLINK_STATUS 270 25751 1729 0 0. 0.
272.91 44 DOWNLINK_STATUS 271 25751 1729 0 0. 0.
273.91 44 DOWNLINK_STATUS 272 25751 1729 0 0. 0.
274.91 44 DOWNLINK_STATUS 273 25751 1729 0 0. 0.
275.91 44 DOWNLINK_STATUS 274 25751 1729 0 0. 0.
276.91 44 DOWNLINK_STATUS 275 25751 1729 0 0. 0.
277.91 44 DOWNLINK_STATUS 276 25751 1729 0 0. 0.
278.91 44 DOWNLINK_STATUS 277 25751 1729 0 0. 0.
279.91 44 DOWNLINK_STATUS 278 25751 1729 0 0. 0.
280.91 44 DOWNLINK_STATUS 279 25751 1729 0 0. 0.
281.91 44 DOWNLINK_STATUS 280 25751 1729 0 0. 0.
282.91 44 DOWNLINK_STATUS 281 25751 1729 0 0. 0.
283.91 44 DOWNLINK_STATUS 282 25751 1729 0 0. 0.
284.91 44 DOWNLINK_STATUS 283 25751 1729 0 0. 0.
285.91 44 DOWNLINK_STATUS 284 25751 1729 0 0. 0.
286.91 44 DOWNLINK_STATUS 285 25751 1729 0 0. 0.
287.91 44 DOWNLINK_STATUS 286 25751 1729 0 0. 0.
288.91 44 DOWNLINK_STATUS 287 25751 1729 0 0. 0.
289.91 44 DOWNLINK_STATUS 288 25751 1729 0 0. 0.
290.91 44 DOWNLINK_STATUS 289 25751 1729 0 0. 0.
291.91 44 DOWNLINK_STATUS 290 25751 1729 0 0. 0.
292.91 44 DOWNLINK_STATUS 291 25751 1729 0 0. 0.
293.91 44 DOWNLINK_STATUS 292 25751 1729 0 0. 0.
294.91 44 DOWNLINK_STATUS 293 25751 1729 0 0. 0.
295.91 44 DOWNLINK_STATUS 294 25751 1729 0 0. 0.
296.91 44 DOWNLINK_STATUS 295 25751 1729 0 0. 0.
297.91 44 DOWNLINK_STATUS 296 25751 1729 0 0. 0.
298.91 44 DOWNLINK_STATUS 297 25751 1729 0 0. 0.
299.91 44 DOWNLINK_STATUS 298 25751 1729 0 0. 0.
300.91 44 DOWNLINK_STATUS 299 25751 1729 0 0. 0.
301.91 44 DOWNLINK_STATUS 300 25751 1729 0 0. 0.
302.91 44 DOWNLINK_STATUS 301 25751 1729 0 0. 0.
303.91 44 DOWNLINK_STATUS 302 25751 1729 0 0. 0.
304.91 44 DOWNLINK_STATUS 303 25751 1729 0 0. 0.
305.91 44 DOWNLINK_STATUS 304 25751 1729 0 0. 0.
306.91 44 DOWNLINK_STATUS 305 25751 1729 0 0. 0.
307.91 44 DOWNLINK_STATUS 306 25751 1729 0 0. 0.
308.91 44 DOWNLINK_STATUS 307 25751 1729 0 0. 0.
309.91 44 DOWNLINK_STATUS 308 25751 1729 0 0. 0.
310.91 44 DOWNLINK_STATUS 309 25751 1729 0 0. 0.
311.91 44 DOWNLINK_STATUS 310 25751 1729 0 0. 0.
312.91 44 DOWNLINK_STATUS 311 25751 1729 0 0. 0.
313.91 44 DOWNLINK_STATUS 312 25751 1729 0 0. 0.
314.91 44 DOWNLINK_STATUS 313 25751 1729 0 0. 0.
315.91 44 DOWNLINK_STATUS 314 25751 1729 0 0. 0.
316.91 44 DOWNLINK_STATUS 315 25751 1729 0 0. 0.
317.91 44 DOWNLINK_STATUS 316 25751 1729 0 0. 0.
318.92 44 DOWNLINK_STATUS 317 25751 1729 0 0. 0.
319.92 44 DOWNLINK_STATUS 318 25751 1729 0 0. 0.
320.92 44 DOWNLINK_STATUS 319 25751 1729 0 0. 0.
