51.63 12 ESTIMATOR 709.422974 0.011448 942.299988 1.144753 946.079895 698
51.67 12 DL_VALUE 7 0.
51.73 12 NAVIGATION 0 0 0 0 286 0. 570986.7
51.78 12 WP_MOVED 2 358071. 4822161. 0.
51.82 12 NAVIGATION_REF 358071 4822161 31
51.93 12 DOWNLINK_STATUS 51 211 14 0 211. 14.
51.95 12 COMMANDS 29,43,-110,535
51.99 12 NAVIGATION 0 0 0 0 286 0. 570986.7
52.01 12 ATTITUDE 0 0 0
52.04 12 GYRO_RATES 4 -12 13 -0.034907 -0.10472 -0.113446
52.09 12 FBW_STATUS 0 0 125
52.10 12 ESTIMATOR 709.463501 -0.008692 946.350037 -0.869217 945.269958 701
52.12 12 BAT 63 125 0 0 45 45 0
52.17 12 CALIBRATION -9.446 0.037 0.5 0
52.20 12 NAVIGATION 0 0 0 0 286 0. 570986.7
52.27 12 WP_MOVED 0 358113. 4822203. 702.
52.28 12 SERVO 1318 853 62
52.37 12 DESIRED -0. -0. 0. 0. 700.013 -2.
52.44 12 NAVIGATION 0 0 0 0 286 0. 570986.7
52.45 12 ATTITUDE 0 0 0
52.55 12 ESTIMATOR 709.450012 0.001946 945. 0.194626 945.359924 700
52.61 12 DL_VALUE 8 0.
52.67 12 NAVIGATION 0 0 0 0 286 0. 570986.7
52.72 12 WP_MOVED 1 358824.90625 4822110. 702.
52.89 12 COMMANDS 69,58,-78,493
52.92 12 NAVIGATION 0 0 0 0 286 0. 570986.7
52.92 12 DOWNLINK_STATUS 52 512 34 0 301. 20.
52.94 12 ATTITUDE 0 0 0
52.98 12 GYRO_RATES 4 -12 13 -0.034907 -0.10472 -0.113446
52.99 12 FBW_STATUS 0 0 125
53.02 12 ESTIMATOR 709.450012 0.003888 945. 0.388756 945.899902 700
53.13 12 NAVIGATION 0 0 0 0 286 0. 570986.7
53.19 12 WP_MOVED 2 358071. 4822161. 0.
53.31 12 DESIRED -0. -0. 0. 0. 700.014 -2.
53.37 12 NAVIGATION 0 0 0 0 286 0. 570986.7
53.39 12 ATTITUDE 0 0 0
53.49 12 ESTIMATOR 709.450012 -0.023111 945. -2.311134 945.179871 700
53.55 12 DL_VALUE 9 466.
53.61 12 NAVIGATION 0 0 0 0 286 0. 570986.7
53.66 12 WP_MOVED 0 358113. 4822203. 702.
53.83 12 COMMANDS 60,29,-93,515
53.88 12 NAVIGATION 0 0 0 0 286 0. 570986.7
53.89 12 ATTITUDE 0 0 0
53.92 12 GYRO_RATES 4 -11 13 -0.034907 -0.095993 -0.113446
53.95 12 FBW_STATUS 0 0 125
53.95 12 DOWNLINK_STATUS 53 780 52 0 268. 18.
53.99 12 ESTIMATOR 709.450012 -2e-06 945. -0.000153 945.359924 700
54.01 12 BAT 72 125 0 0 47 47 0
54.04 12 CALIBRATION -9.443 0.037 0.5 0
54.08 12 NAVIGATION 0 0 0 0 286 0. 570986.7
54.13 12 WP_MOVED 1 358824.90625 4822110. 702.
54.14 12 SERVO 1318 853 67
54.25 12 DESIRED -0. -0. 0. 0. 700.013 -2.
54.33 12 NAVIGATION 0 0 0 0 286 0. 570986.7
54.33 12 ATTITUDE 0 0 0
54.43 12 ESTIMATOR 709.463501 0.010556 946.350037 1.055641 945.629883 701
54.48 12 DL_VALUE 10 492.
54.54 12 NAVIGATION 0 0 0 0 286 0. 570986.7
54.60 12 WP_MOVED 2 358071. 4822161. 0.
54.77 12 COMMANDS 77,40,-81,503
54.80 12 NAVIGATION 0 0 0 0 286 0. 570986.7
54.82 12 ATTITUDE 0 0 0
54.86 12 GYRO_RATES 4 -12 13 -0.034907 -0.10472 -0.113446
54.88 12 FBW_STATUS 0 0 125
54.91 12 ESTIMATOR 709.450012 -0.016363 945. -1.636276 945.269836 700
54.95 12 DOWNLINK_STATUS 54 1076 71 0 296. 19.
55.01 12 NAVIGATION 0 0 0 0 286 0. 570986.7
55.07 12 WP_MOVED 0 358113. 4822203. 702.
55.19 12 DESIRED -0. -0. 0. 0. 700.014 -2.
55.25 12 NAVIGATION 0 0 0 0 286 0. 570986.7
55.26 12 ATTITUDE 0 0 0
55.37 12 ESTIMATOR 709.463501 -0.001942 946.350037 -0.194244 945.179871 701
55.43 12 DL_VALUE 11 461.
55.48 12 NAVIGATION 0 0 0 0 286 0. 570986.7
55.55 12 WP_MOVED 1 358824.90625 4822110. 702.
55.71 12 COMMANDS 44,64,-94,508
55.75 12 NAVIGATION 0 0 0 0 286 0. 570986.7
55.75 12 ATTITUDE 0 0 0
55.80 12 GYRO_RATES 5 -12 13 -0.043633 -0.10472 -0.113446
55.80 12 FBW_STATUS 0 0 125
55.85 12 ESTIMATOR 709.47699 0.018333 947.700012 1.833267 946.439941 702
55.87 12 BAT 62 125 0 0 49 49 0
55.89 12 ACTUATORS 1494,1511,0,1204,1525
55.92 12 CALIBRATION -9.442 0.037 0.5 0
55.94 12 DOWNLINK_STATUS 55 1353 89 0 277. 18.
55.95 12 NAVIGATION 0 0 0 0 286 0. 570986.7
56.01 12 WP_MOVED 2 358071. 4822161. 0.
56.03 12 SERVO 1318 1071 71
56.13 12 DESIRED -0. -0. 0. 0. 700.01 -2.
56.19 12 NAVIGATION 0 0 0 0 286 0. 570986.7
56.20 12 ATTITUDE 0 0 0
56.22 12 PPRZ_MODE 0 3 0 0 0 1 0
56.31 12 ESTIMATOR 709.436523 -0.03572 943.650024 -3.571968 945.449768 699
56.37 12 DL_VALUE 12 1.35
56.42 12 NAVIGATION 0 0 0 0 286 0. 570986.7
56.47 12 WP_MOVED 0 358113. 4822203. 702.
56.64 12 COMMANDS 44,54,-140,540
56.69 12 NAVIGATION 0 0 0 0 286 0. 570986.7
56.70 12 ATTITUDE 0 0 0
56.74 12 GYRO_RATES 4 -12 13 -0.034907 -0.10472 -0.113446
56.75 12 FBW_STATUS 0 0 125
56.77 12 ESTIMATOR 709.450012 0.026004 945. 2.600403 945.089844 700
56.89 12 NAVIGATION 0 0 0 0 286 0. 570986.7
56.93 12 WP_MOVED 1 358824.90625 4822110. 702.
56.95 12 DOWNLINK_STATUS 56 1638 108 0 285. 19.
57.07 12 DESIRED -0. -0. 0. 0. 700.009 -2.
57.12 12 NAVIGATION 0 0 0 0 286 0. 570986.7
57.14 12 ATTITUDE 0 0 0
57.24 12 ESTIMATOR 709.463501 0.018304 946.350037 1.830406 946.080017 701
57.30 12 DL_VALUE 13 0.
57.36 12 NAVIGATION 0 0 0 0 286 0. 570986.7
57.41 12 WP_MOVED 2 358071. 4822161. 0.
57.58 12 COMMANDS 55,151,-39,531
57.61 12 NAVIGATION 0 0 0 0 286 0. 570986.7
57.63 12 ATTITUDE 0 0 0
57.66 12 GYRO_RATES 4 -12 13 -0.034907 -0.10472 -0.113446
57.67 12 FBW_STATUS 0 0 125
57.72 12 ESTIMATOR 709.450012 -0.029835 945. -2.983475 945.809998 700
57.75 12 BAT 72 125 0 0 51 51 0
57.78 12 CALIBRATION -9.444 0.037 0.5 0
57.83 12 NAVIGATION 0 0 0 0 286 0. 570986.7
57.88 12 WP_MOVED 0 358113. 4822203. 702.
57.89 12 SERVO 1318 853 57
57.95 12 DOWNLINK_STATUS 57 1910 126 0 272. 18.
57.99 12 DESIRED -0. -0. 0. 0. 700.013 -2.
58.06 12 NAVIGATION 0 0 0 0 286 0. 570986.7
58.07 12 ATTITUDE 0 0 0
58.18 12 ESTIMATOR 709.436523 0.015443 943.650024 1.544342 944.999878 699
58.24 12 DL_VALUE 14 0.
58.29 12 NAVIGATION 0 0 0 0 286 0. 570986.7
58.35 12 WP_MOVED 1 358824.90625 4822110. 702.
58.51 12 COMMANDS 35,66,-100,485
58.55 12 NAVIGATION 0 0 0 0 286 0. 570986.7
58.57 12 ATTITUDE 0 0 0
58.62 12 GYRO_RATES 4 -12 13 -0.034907 -0.10472 -0.113446
58.62 12 FBW_STATUS 0 0 125
58.65 12 ESTIMATOR 709.436523 0.032725 943.650024 3.272476 945.449829 699
58.76 12 NAVIGATION 0 0 0 0 286 0. 570986.7
58.81 12 WP_MOVED 2 358071. 4822161. 0.
58.94 12 DESIRED -0. -0. 0. 0. 700.013 -2.
58.96 12 DOWNLINK_STATUS 58 2171 142 0 261. 16.
59.01 12 NAVIGATION 0 0 0 0 286 0. 570986.7
59.03 12 ATTITUDE 0 0 0
59.13 12 ESTIMATOR 709.436523 -0.009746 943.650024 -0.974617 945.809814 699
59.18 12 DL_VALUE 15 0.75
59.23 12 NAVIGATION 0 0 0 0 286 0. 570986.7
59.29 12 WP_MOVED 0 358113. 4822203. 702.
59.45 12 COMMANDS 58,57,-86,535
59.49 12 NAVIGATION 0 0 0 0 286 0. 570986.7
59.50 12 ATTITUDE 0 0 0
59.54 12 GYRO_RATES 4 -12 13 -0.034907 -0.10472 -0.113446
59.55 12 FBW_STATUS 0 0 125
59.60 12 ESTIMATOR 709.450012 0.010611 945. 1.061134 945.089844 700
59.64 12 BAT 64 125 0 0 53 53 0
59.66 12 CALIBRATION -9.445 0.037 0.5 0
59.70 12 NAVIGATION 0 0 0 0 286 0. 570986.7
59.75 12 WP_MOVED 1 358824.90625 4822110. 702.
59.77 12 SERVO 1318 853 81
59.87 12 DESIRED -0. -0. 0. 0. 700.015 -2.
59.94 12 NAVIGATION 0 0 0 0 286 0. 570986.7
59.95 12 ATTITUDE 0 0 0
59.97 12 DOWNLINK_STATUS 59 2469 162 0 298. 20.
60.05 12 ESTIMATOR 709.490479 -0.024113 949.049988 -2.411308 945.269836 703
60.11 12 DL_VALUE 16 25000.
60.17 12 NAVIGATION 0 0 0 0 286 0. 570986.7
60.22 12 WP_MOVED 2 358071. 4822161. 0.
60.26 12 NAVIGATION_REF 358071 4822161 31
60.39 12 COMMANDS 67,12,-78,532
60.42 12 NAVIGATION 0 0 0 0 286 0. 570986.7
60.44 12 ATTITUDE 0 0 0
60.48 12 GYRO_RATES 5 -12 13 -0.043633 -0.10472 -0.113446
60.51 12 FBW_STATUS 0 0 125
60.54 12 ESTIMATOR 709.450012 -0.007616 945. -0.761566 945.71991 700
60.59 12 ACTUATORS 1495,1500,0,1206,1524
60.64 12 NAVIGATION 0 0 0 0 286 0. 570986.7
60.69 12 WP_MOVED 0 358113. 4822203. 702.
60.81 12 DESIRED -0. -0. 0. 0. 700.008 -2.
60.88 12 NAVIGATION 0 0 0 0 286 0. 570986.7
60.89 12 ATTITUDE 0 0 0
60.91 12 PPRZ_MODE 0 3 0 0 0 1 0
60.97 12 DOWNLINK_STATUS 60 2737 180 0 268. 18.
61.00 12 ESTIMATOR 709.463501 -0.046278 946.350037 -4.6278 944.909973 701
61.07 12 DL_VALUE 17 25000.
61.11 12 NAVIGATION 0 0 0 0 286 0. 570986.7
61.16 12 WP_MOVED 1 358824.90625 4822110. 702.
61.33 12 COMMANDS 76,46,-88,505
61.37 12 NAVIGATION 0 0 0 0 286 0. 570986.7
61.39 12 ATTITUDE 0 0 0
61.41 12 GYRO_RATES 5 -12 13 -0.043633 -0.10472 -0.113446
61.42 12 FBW_STATUS 0 0 125
61.47 12 ESTIMATOR 709.450012 0.006779 945. 0.677872 944.999878 700
61.48 12 BAT 66 125 0 0 55 55 0
61.53 12 CALIBRATION -9.44 0.037 0.5 0
61.58 12 NAVIGATION 0 0 0 0 286 0. 570986.7
61.64 12 WP_MOVED 2 358071. 4822161. 0.
61.67 12 SERVO 1318 853 34
61.75 12 DESIRED -0. -0. 0. 0. 700.014 -2.
61.81 12 NAVIGATION 0 0 0 0 286 0. 570986.7
61.83 12 ATTITUDE 0 0 0
61.93 12 ESTIMATOR 709.463501 -0.034723 946.350037 -3.472252 944.819824 701
61.97 12 DOWNLINK_STATUS 61 3033 199 0 296. 19.
61.98 12 DL_VALUE 18 0.75
62.05 12 NAVIGATION 0 0 0 0 286 0. 570986.7
62.10 12 WP_MOVED 0 358113. 4822203. 702.
62.27 12 COMMANDS 65,80,-86,479
62.30 12 NAVIGATION 0 0 0 0 286 0. 570986.7
62.32 12 ATTITUDE 0 0 0
62.36 12 GYRO_RATES 4 -12 13 -0.034907 -0.10472 -0.113446
62.37 12 FBW_STATUS 0 0 125
62.40 12 ESTIMATOR 709.450012 0.018306 945. 1.830597 944.369812 700
62.51 12 NAVIGATION 0 0 0 0 286 0. 570986.7
62.57 12 WP_MOVED 1 358824.90625 4822110. 702.
62.69 12 DESIRED -0. -0. 0. 0. 700.01 -2.
62.75 12 NAVIGATION 0 0 0 0 286 0. 570986.7
62.76 12 ATTITUDE 0 0 0
62.87 12 ESTIMATOR 709.450012 0.016415 945. 1.641541 945.269958 700
62.94 12 DL_VALUE 19 13000.
62.99 12 DOWNLINK_STATUS 62 3275 215 0 242. 16.
63.01 12 NAVIGATION 0 0 0 0 286 0. 570986.7
63.04 12 WP_MOVED 2 358071. 4822161. 0.
63.20 12 COMMANDS 75,55,-66,493
63.24 12 NAVIGATION 0 0 0 0 286 0. 570986.7
63.26 12 ATTITUDE 0 0 0
63.29 12 GYRO_RATES 4 -12 14 -0.034907 -0.10472 -0.122173
63.32 12 FBW_STATUS 0 0 125
63.35 12 ESTIMATOR 709.463501 -0.00281 946.350037 -0.280952 945.539856 701
63.37 12 BAT 73 125 0 0 57 57 0
63.41 12 CALIBRATION -9.44 0.037 0.5 0
63.45 12 NAVIGATION 0 0 0 0 286 0. 570986.7
63.50 12 WP_MOVED 0 358113. 4822203. 702.
63.52 12 SERVO 1318 853 77
63.63 12 DESIRED -0. -0. 0. 0. 700.014 -2.
63.68 12 NAVIGATION 0 0 0 0 286 0. 570986.7
63.70 12 ATTITUDE 0 0 0
63.81 12 ESTIMATOR 709.463501 -0.030942 946.350037 -3.094177 945.44989 701
63.86 12 DL_VALUE 20 13000.
63.91 12 NAVIGATION 0 0 0 0 286 0. 570986.7
63.97 12 WP_MOVED 1 358824.90625 4822110. 702.
63.97 12 DOWNLINK_STATUS 63 3580 235 0 305. 20.
64.14 12 COMMANDS 51,63,-94,534
64.18 12 NAVIGATION 0 0 0 0 286 0. 570986.7
64.19 12 ATTITUDE 0 0 0
64.23 12 GYRO_RATES 5 -12 14 -0.043633 -0.10472 -0.122173
64.25 12 FBW_STATUS 0 0 125
64.28 12 ESTIMATOR 709.450012 0.009612 945. 0.961227 945.179932 700
64.39 12 NAVIGATION 0 0 0 0 286 0. 570986.7
64.45 12 WP_MOVED 2 358071. 4822161. 0.
64.56 12 DESIRED -0. -0. 0. 0. 700.011 -2.
64.62 12 NAVIGATION 0 0 0 0 286 0. 570986.7
64.64 12 ATTITUDE 0 0 0
64.74 12 ESTIMATOR 709.450012 0.045358 945. 4.535789 945.809814 700
64.82 12 DL_VALUE 21 0.75
64.86 12 NAVIGATION 0 0 0 0 286 0. 570986.7
64.91 12 WP_MOVED 0 358113. 4822203. 702.
64.98 12 DOWNLINK_STATUS 64 3815 250 0 235. 15.
65.07 12 COMMANDS 61,63,-85,498
65.11 12 NAVIGATION 0 0 0 0 286 0. 570986.7
65.15 12 ATTITUDE 0 0 0
65.18 12 GYRO_RATES 4 -12 13 -0.034907 -0.10472 -0.113446
65.18 12 FBW_STATUS 0 0 125
65.22 12 ESTIMATOR 709.463501 -0.056809 946.350037 -5.680885 945.989868 701
65.23 12 BAT 54 125 0 0 59 59 0
65.27 12 ACTUATORS 1493,1501,0,1205,1525
65.29 12 CALIBRATION -9.44 0.037 0.5 0
65.32 12 NAVIGATION 0 0 0 0 286 0. 570986.7
65.38 12 WP_MOVED 1 358824.90625 4822110. 702.
65.39 12 SERVO 1318 1071 57
65.49 12 DESIRED -0. -0. 0. 0. 700.015 -2.
65.57 12 NAVIGATION 0 0 0 0 286 0. 570986.7
65.57 12 ATTITUDE 0 0 0
65.59 12 PPRZ_MODE 0 3 0 0 0 1 0
65.68 12 ESTIMATOR 709.450012 0.006778 945. 0.677757 944.909912 700
65.74 12 DL_VALUE 22 18000.
65.81 12 NAVIGATION 0 0 0 0 286 0. 570986.7
65.84 12 WP_MOVED 2 358071. 4822161. 0.
65.99 12 DOWNLINK_STATUS 65 4109 270 0 294. 20.
66.01 12 COMMANDS 59,23,-107,529
66.05 12 NAVIGATION 0 0 0 0 286 0. 570986.7
66.07 12 ATTITUDE 0 0 0
66.10 12 GYRO_RATES 5 -12 14 -0.043633 -0.10472 -0.122173
66.12 12 FBW_STATUS 0 0 125
66.15 12 ESTIMATOR 709.463501 -0.000946 946.350037 -0.094604 945.720032 701
66.26 12 NAVIGATION 0 0 0 0 286 0. 570986.7
66.31 12 WP_MOVED 0 358113. 4822203. 702.
66.44 12 DESIRED -0. -0. 0. 0. 700.013 -2.
66.50 12 NAVIGATION 0 0 0 0 286 0. 570986.7
66.51 12 ATTITUDE 0 0 0
66.62 12 ESTIMATOR 709.436523 -0.010693 943.650024 -1.06926 945.629944 699
66.68 12 DL_VALUE 23 18000.
66.73 12 NAVIGATION 0 0 0 0 286 0. 570986.7
66.79 12 WP_MOVED 1 358824.90625 4822110. 702.
66.95 12 COMMANDS 59,43,-94,485
66.99 12 DOWNLINK_STATUS 66 4355 286 0 246. 16.
67.00 12 NAVIGATION 0 0 0 0 286 0. 570986.7
67.00 12 ATTITUDE 0 0 0
67.04 12 GYRO_RATES 5 -12 14 -0.043633 -0.10472 -0.122173
67.05 12 FBW_STATUS 0 0 125
67.10 12 ESTIMATOR 709.436523 0.006725 943.650024 0.672455 944.639832 699
67.12 12 BAT 56 125 0 0 61 61 0
67.15 12 CALIBRATION -9.442 0.037 0.5 0
67.20 12 NAVIGATION 0 0 0 0 286 0. 570986.7
67.25 12 WP_MOVED 2 358071. 4822161. 0.
67.27 12 SERVO 1318 1071 45
67.38 12 DESIRED -0. -0. 0. 0. 700.012 -2.
67.43 12 NAVIGATION 0 0 0 0 286 0. 570986.7
67.45 12 ATTITUDE 0 0 0
67.55 12 ESTIMATOR 709.47699 -0.009721 947.700012 -0.972099 944.999817 702
67.61 12 DL_VALUE 24 0.3
67.67 12 NAVIGATION 0 0 0 0 286 0. 570986.7
67.73 12 WP_MOVED 0 358113. 4822203. 702.
67.90 12 COMMANDS 42,37,-86,509
67.93 12 NAVIGATION 0 0 0 0 286 0. 570986.7
67.94 12 ATTITUDE 0 0 0
67.99 12 GYRO_RATES 4 -12 13 -0.034907 -0.10472 -0.113446
68.00 12 FBW_STATUS 0 0 125
68.00 12 DOWNLINK_STATUS 67 4678 308 0 323. 22.
68.03 12 ESTIMATOR 709.450012 -0.000863 945. -0.086327 945.539856 700
68.14 12 NAVIGATION 0 0 0 0 286 0. 570986.7
68.20 12 WP_MOVED 1 358824.90625 4822110. 702.
68.30 12 DESIRED -0. -0. 0. 0. 700.012 -2.
68.37 12 NAVIGATION 0 0 0 0 286 0. 570986.7
68.39 12 ATTITUDE 0 0 0
68.49 12 ESTIMATOR 709.450012 -0.002888 945. -0.288849 945.179871 700
68.55 12 DL_VALUE 25 -0.323563
68.60 12 NAVIGATION 0 0 0 0 286 0. 570986.7
68.66 12 WP_MOVED 2 358071. 4822161. 0.
68.71 12 NAVIGATION_REF 358071 4822161 31
68.83 12 COMMANDS 67,18,-44,545
68.89 12 NAVIGATION 0 0 0 0 286 0. 570986.7
68.91 12 ATTITUDE 0 0 0
68.94 12 GYRO_RATES 5 -12 14 -0.043633 -0.10472 -0.122173
68.94 12 FBW_STATUS 0 0 125
68.97 12 ESTIMATOR 709.450012 -0.011583 945. -1.158295 945.089905 700
68.98 12 BAT 65 125 0 0 63 63 0
69.00 12 DOWNLINK_STATUS 68 4962 326 0 284. 18.
69.03 12 CALIBRATION -9.439 0.037 0.5 0
69.07 12 NAVIGATION 0 0 0 0 286 0. 570986.7
69.14 12 WP_MOVED 0 358113. 4822203. 702.
69.15 12 SERVO 1318 1071 78
69.26 12 DESIRED -0. -0. 0. 0. 700.014 -2.
69.31 12 NAVIGATION 0 0 0 0 286 0. 570986.7
69.32 12 ATTITUDE 0 0 0
69.44 12 ESTIMATOR 709.463501 0.032751 946.350037 3.275146 946.169922 701
69.50 12 DL_VALUE 26 0.007
69.54 12 NAVIGATION 0 0 0 0 286 0. 570986.7
69.59 12 WP_MOVED 1 358824.90625 4822110. 702.
69.77 12 COMMANDS 49,27,-134,506
69.81 12 NAVIGATION 0 0 0 0 286 0. 570986.7
69.83 12 ATTITUDE 0 0 0
69.88 12 GYRO_RATES 5 -12 14 -0.043633 -0.10472 -0.122173
69.88 12 FBW_STATUS 0 0 125
69.91 12 ESTIMATOR 709.450012 -0.023166 945. -2.316589 944.639893 700
69.96 12 ACTUATORS 1494,1501,0,1207,1526
70.01 12 DOWNLINK_STATUS 69 5233 344 0 271. 18.
70.03 12 NAVIGATION 0 0 0 0 286 0. 570986.7
70.06 12 WP_MOVED 2 358071. 4822161. 0.
70.18 12 DESIRED -0. -0. 0. 0. 700.011 -2.
70.26 12 NAVIGATION 0 0 0 0 286 0. 570986.7
70.26 12 ATTITUDE 0 0 0
70.28 12 PPRZ_MODE 0 3 0 0 0 1 0
70.37 12 ESTIMATOR 709.463501 -0.003833 946.350037 -0.383263 944.999878 701
70.44 12 DL_VALUE 27 0.037
70.48 12 NAVIGATION 0 0 0 0 286 0. 570986.7
70.54 12 WP_MOVED 0 358113. 4822203. 702.
70.70 12 COMMANDS 72,38,-69,499
70.74 12 NAVIGATION 0 0 0 0 286 0. 570986.7
70.75 12 ATTITUDE 0 0 0
70.79 12 GYRO_RATES 4 -12 14 -0.034907 -0.10472 -0.122173
70.83 12 FBW_STATUS 0 0 125
70.86 12 ESTIMATOR 709.47699 0.004834 947.700012 0.483398 945.629883 702
70.87 12 BAT 70 125 0 0 65 65 0
70.91 12 CALIBRATION -9.44 0.037 0.5 0
70.95 12 NAVIGATION 0 0 0 0 286 0. 570986.7
71.01 12 WP_MOVED 1 358824.90625 4822110. 702.
71.02 12 DOWNLINK_STATUS 70 5539 364 0 306. 20.
71.02 12 SERVO 1318 853 76
71.13 12 DESIRED -0. -0. 0. 0. 700.014 -2.
71.18 12 NAVIGATION 0 0 0 0 286 0. 570986.7
71.21 12 ATTITUDE 0 0 0
71.30 12 ESTIMATOR 709.422974 -0.028918 942.299988 -2.891808 944.819824 698
71.37 12 DL_VALUE 28 0.
71.42 12 NAVIGATION 0 0 0 0 286 0. 570986.7
71.47 12 WP_MOVED 2 358071. 4822161. 0.
71.64 12 COMMANDS 44,37,-111,527
71.69 12 NAVIGATION 0 0 0 0 286 0. 570986.7
71.70 12 ATTITUDE 0 0 0
71.73 12 GYRO_RATES 4 -12 14 -0.034907 -0.10472 -0.122173
71.74 12 FBW_STATUS 0 0 125
71.77 12 ESTIMATOR 709.463501 -0.027 946.350037 -2.699966 943.559692 701
71.88 12 NAVIGATION 0 0 0 0 286 0. 570986.7
71.94 12 WP_MOVED 0 358113. 4822203. 702.
72.03 12 DOWNLINK_STATUS 71 5782 380 0 243. 16.
72.08 12 DESIRED -0. -0. 0. 0. 700.009 -2.
72.12 12 NAVIGATION 0 0 0 0 286 0. 570986.7
72.14 12 ATTITUDE 0 0 0
72.25 12 ESTIMATOR 709.422974 0.059806 942.299988 5.980568 944.549805 698
72.30 12 DL_VALUE 29 0.045
72.36 12 NAVIGATION 0 0 0 0 286 0. 570986.7
72.41 12 WP_MOVED 1 358824.90625 4822110. 702.
72.58 12 COMMANDS 81,47,-69,515
72.62 12 NAVIGATION 0 0 0 0 286 0. 570986.7
72.64 12 ATTITUDE 0 0 0
72.67 12 GYRO_RATES 5 -12 14 -0.043633 -0.10472 -0.122173
72.69 12 FBW_STATUS 0 0 125
72.74 12 ESTIMATOR 709.450012 -0.013473 945. -1.347313 945.17981 700
72.74 12 BAT 20 125 0 0 66 66 0
72.81 12 CALIBRATION -9.439 0.037 0.5 0
72.85 12 NAVIGATION 0 0 0 0 286 0. 570986.7
72.87 12 WP_MOVED 2 358071. 4822161. 0.
72.89 12 SERVO 1318 853 47
73.01 12 DESIRED -0. -0. 0. 0. 700.009 -2.
73.03 12 DOWNLINK_STATUS 72 6080 399 0 298. 19.
73.06 12 NAVIGATION 0 0 0 0 286 0. 570986.7
73.07 12 ATTITUDE 0 0 0
73.18 12 ESTIMATOR 709.436523 -0.000945 943.650024 -0.094452 944.549683 699
73.24 12 DL_VALUE 30 1.
73.29 12 NAVIGATION 0 0 0 0 286 0. 570986.7
73.34 12 WP_MOVED 0 358113. 4822203. 702.
73.52 12 COMMANDS 93,128,-39,487
73.55 12 NAVIGATION 0 0 0 0 286 0. 570986.7
73.57 12 ATTITUDE 0 0 0
73.60 12 GYRO_RATES 4 -12 14 -0.034907 -0.10472 -0.122173
73.63 12 FBW_STATUS 0 0 125
73.67 12 ESTIMATOR 709.450012 0.036613 945. 3.661346 945.089722 700
73.76 12 NAVIGATION 0 0 0 0 286 0. 570986.7
73.82 12 WP_MOVED 1 358824.90625 4822110. 702.
73.94 12 DESIRED -0. -0. 0. 0. 700.015 -2.
74.01 12 NAVIGATION 0 0 0 0 286 0. 570986.7
74.02 12 ATTITUDE 0 0 0
74.04 12 DOWNLINK_STATUS 73 6341 416 0 261. 17.
74.12 12 ESTIMATOR 709.436523 -0.028082 943.650024 -2.808151 945.899841 699
74.17 12 DL_VALUE 31 0.
74.23 12 NAVIGATION 0 0 0 0 286 0. 570986.7
74.28 12 WP_MOVED 2 358071. 4822161. 0.
74.45 12 COMMANDS 68,71,-66,493
74.49 12 NAVIGATION 0 0 0 0 286 0. 570986.7
74.51 12 ATTITUDE 0 0 0
74.54 12 GYRO_RATES 5 -12 14 -0.043633 -0.10472 -0.122173
74.56 12 FBW_STATUS 0 0 125
74.60 12 ESTIMATOR 709.450012 0.011584 945. 1.158447 944.459778 700
74.61 12 BAT 60 125 0 0 68 68 0
74.64 12 ACTUATORS 1494,1500,0,1205,1526
74.67 12 CALIBRATION -9.436 0.037 0.5 0
74.70 12 NAVIGATION 0 0 0 0 286 0. 570986.7
74.75 12 WP_MOVED 0 358113. 4822203. 702.
74.77 12 SERVO 1318 1071 62
74.88 12 DESIRED -0. -0. 0. 0. 700.018 -2.
74.95 12 NAVIGATION 0 0 0 0 286 0. 570986.7
74.95 12 ATTITUDE 0 0 0
74.97 12 PPRZ_MODE 0 3 0 0 0 17 0
75.04 12 DOWNLINK_STATUS 74 6635 436 0 294. 20.
75.06 12 ESTIMATOR 709.450012 0.000944 945. 0.094414 944.729797 700
75.11 12 DL_VALUE 32 0.
75.17 12 NAVIGATION 0 0 0 0 286 0. 570986.7
75.22 12 WP_MOVED 1 358824.90625 4822110. 702.
75.39 12 COMMANDS 62,71,-75,466
75.42 12 NAVIGATION 0 0 0 0 286 0. 570986.7
75.44 12 ATTITUDE 0 0 0
75.48 12 GYRO_RATES 4 -12 14 -0.034907 -0.10472 -0.122173
75.50 12 FBW_STATUS 0 0 125
75.53 12 ESTIMATOR 709.463501 0.001027 946.350037 0.102692 945.449829 701
75.64 12 NAVIGATION 0 0 0 0 286 0. 570986.7
75.70 12 WP_MOVED 2 358071. 4822161. 0.
75.81 12 DESIRED -0. -0. 0. 0. 700.007 -2.
75.88 12 NAVIGATION 0 0 0 0 286 0. 570986.7
75.89 12 ATTITUDE 0 0 0
75.99 12 ESTIMATOR 709.436523 -0.010585 943.650024 -1.058464 944.819763 699
76.04 12 DOWNLINK_STATUS 75 6894 452 0 259. 16.
76.04 12 DL_VALUE 33 0.1
76.10 12 NAVIGATION 0 0 0 0 286 0. 570986.7
76.16 12 WP_MOVED 0 358113. 4822203. 702.
76.33 12 COMMANDS 56,85,-72,490
76.36 12 NAVIGATION 0 0 0 0 286 0. 570986.7
76.38 12 ATTITUDE 0 0 0
76.41 12 GYRO_RATES 5 -12 14 -0.043633 -0.10472 -0.122173
76.45 12 FBW_STATUS 0 0 125
76.48 12 ESTIMATOR 709.436523 0.005777 943.650024 0.577736 944.549683 699
76.49 12 BAT 83 125 0 0 70 70 0
76.54 12 CALIBRATION -9.435 0.037 0.5 0
76.57 12 NAVIGATION 0 0 0 0 286 0. 570986.7
76.62 12 WP_MOVED 1 358824.90625 4822110. 702.
76.64 12 SERVO 1318 853 65
76.75 12 DESIRED -0. -0. 0. 0. 700.01 -2.
76.81 12 NAVIGATION 0 0 0 0 286 0. 570986.7
76.83 12 ATTITUDE 0 0 0
76.93 12 ESTIMATOR 709.450012 0.034671 945. 3.467102 945.539856 700
77.01 12 DL_VALUE 34 0.
77.04 12 DOWNLINK_STATUS 76 7173 471 0 279. 19.
77.04 12 NAVIGATION 0 0 0 0 286 0. 570986.7
77.09 12 WP_MOVED 2 358071. 4822161. 0.
77.12 12 NAVIGATION_REF 358071 4822161 31
77.27 12 COMMANDS 72,12,-102,474
77.30 12 NAVIGATION 0 0 0 0 286 0. 570986.7
77.32 12 ATTITUDE 0 0 0
77.35 12 GYRO_RATES 5 -12 14 -0.043633 -0.10472 -0.122173
77.36 12 FBW_STATUS 0 0 125
77.40 12 ESTIMATOR 709.436523 -0.026973 943.650024 -2.697334 944.639709 699
77.51 12 NAVIGATION 0 0 0 0 286 0. 570986.7
77.58 12 WP_MOVED 0 358113. 4822203. 702.
77.70 12 DESIRED -0. -0. 0. 0. 700.018 -2.
77.77 12 NAVIGATION 0 0 0 0 286 0. 570986.7
77.80 12 ATTITUDE 0 0 0
77.87 12 ESTIMATOR 709.450012 0.014446 945. 1.444588 944.549683 700
77.94 12 DL_VALUE 35 0.5
78.01 12 NAVIGATION 0 0 0 0 286 0. 570986.7
78.04 12 WP_MOVED 1 358824.90625 4822110. 702.
78.05 12 DOWNLINK_STATUS 77 7452 489 0 279. 18.
78.21 12 COMMANDS 48,-1,-149,498
78.23 12 NAVIGATION 0 0 0 0 286 0. 570986.7
78.28 12 ATTITUDE 0 0 0
78.29 12 GYRO_RATES 5 -12 14 -0.043633 -0.10472 -0.122173
78.30 12 FBW_STATUS 0 0 125
78.35 12 ESTIMATOR 709.490479 0.004776 949.049988 0.477638 945.629761 703
78.37 12 BAT 68 125 0 0 72 72 0
78.41 12 CALIBRATION -9.431 0.037 0.5 0
78.45 12 NAVIGATION 0 0 0 0 286 0. 570986.7
78.51 12 WP_MOVED 2 358071. 4822161. 0.
78.52 12 SERVO 1318 853 28
78.62 12 DESIRED -0. -0. 0. 0. 700.021 -2.
78.68 12 NAVIGATION 0 0 0 0 286 0. 570986.7
78.71 12 ATTITUDE 0 0 0
78.81 12 ESTIMATOR 709.450012 -0.054 945. -5.400047 944.819763 700
78.88 12 DL_VALUE 36 1.
78.92 12 NAVIGATION 0 0 0 0 286 0. 570986.7
78.97 12 WP_MOVED 0 358113. 4822203. 702.
79.05 12 DOWNLINK_STATUS 78 7724 507 0 272. 18.
79.13 12 COMMANDS 75,17,-110,486
79.17 12 NAVIGATION 0 0 0 0 286 0. 570986.7
79.19 12 ATTITUDE 0 0 0
79.23 12 GYRO_RATES 4 -12 14 -0.034907 -0.10472 -0.122173
79.24 12 FBW_STATUS 0 0 125
79.28 12 ESTIMATOR 709.450012 0.01736 945. 1.736031 944.09967 700
79.33 12 ACTUATORS 1491,1509,0,1203,1527
79.38 12 NAVIGATION 0 0 0 0 286 0. 570986.7
79.45 12 WP_MOVED 1 358824.90625 4822110. 702.
79.56 12 DESIRED -0. -0. 0. 0. 700.008 -2.
79.62 12 NAVIGATION 0 0 0 0 286 0. 570986.7
79.64 12 ATTITUDE 0 0 0
79.66 12 PPRZ_MODE 0 3 0 0 0 17 0
79.75 12 ESTIMATOR 709.450012 0.010639 945. 1.063919 944.999817 700
79.83 12 DL_VALUE 37 0.
79.88 12 NAVIGATION 0 0 0 0 286 0. 570986.7
79.92 12 WP_MOVED 2 358071. 4822161. 0.
80.05 12 DOWNLINK_STATUS 79 7981 524 0 257. 17.
80.07 12 COMMANDS 58,-10,-97,509
80.11 12 NAVIGATION 0 0 0 0 286 0. 570986.7
80.13 12 ATTITUDE 0 0 0
80.16 12 GYRO_RATES 5 -12 14 -0.043633 -0.10472 -0.122173
80.17 12 FBW_STATUS 0 0 125
80.21 12 ESTIMATOR 709.450012 -0.039502 945. -3.950157 944.909729 700
80.23 12 BAT 34 125 0 0 74 74 0
80.29 12 CALIBRATION -9.436 0.037 0.5 0
80.33 12 NAVIGATION 0 0 0 0 286 0. 570986.7
80.38 12 WP_MOVED 0 358113. 4822203. 702.
80.40 12 SERVO 1318 1071 100
80.49 12 DESIRED -0. -0. 0. 0. 700.013 -2.
80.56 12 NAVIGATION 0 0 0 0 286 0. 570986.7
80.58 12 ATTITUDE 0 0 0
80.68 12 ESTIMATOR 709.450012 0.00775 945. 0.775032 944.009644 700
80.74 12 DL_VALUE 0 700.012939
80.79 12 NAVIGATION 0 0 0 0 286 0. 570986.7
80.84 12 WP_MOVED 1 358824.90625 4822110. 702.
81.01 12 COMMANDS 43,55,-99,571
81.06 12 NAVIGATION 0 0 0 0 286 0. 570986.7
81.06 12 DOWNLINK_STATUS 80 8282 544 0 301. 20.
81.07 12 ATTITUDE 0 0 0
81.10 12 GYRO_RATES 4 -12 14 -0.034907 -0.10472 -0.122173
81.11 12 FBW_STATUS 0 0 125
81.15 12 ESTIMATOR 709.450012 0.032751 945. 3.27507 944.999756 700
81.26 12 NAVIGATION 0 0 0 0 286 0. 570986.7
81.32 12 WP_MOVED 2 358071. 4822161. 0.
81.45 12 DESIRED -0. -0. 0. 0. 700.008 -2.
81.51 12 NAVIGATION 0 0 0 0 286 0. 570986.7
81.52 12 ATTITUDE 0 0 0
81.62 12 ESTIMATOR 709.422974 -0.027108 942.299988 -2.7108 945.359741 698
81.68 12 DL_VALUE 1 1.
81.74 12 NAVIGATION 0 0 0 0 286 0. 570986.7
81.78 12 WP_MOVED 0 358113. 4822203. 702.
81.95 12 COMMANDS 60,44,-97,472
81.99 12 NAVIGATION 0 0 0 0 286 0. 570986.7
82.02 12 ATTITUDE 0 0 0
82.04 12 GYRO_RATES 5 -12 14 -0.043633 -0.10472 -0.122173
82.07 12 FBW_STATUS 0 0 125
82.07 12 DOWNLINK_STATUS 81 8550 562 0 268. 18.
82.11 12 ESTIMATOR 709.436523 0.010611 943.650024 1.061096 943.919678 699
82.13 12 BAT 38 125 0 0 76 76 0
82.16 12 CALIBRATION -9.433 0.037 0.5 0
82.20 12 NAVIGATION 0 0 0 0 286 0. 570986.7
82.25 12 WP_MOVED 1 358824.90625 4822110. 702.
82.29 12 SERVO 1318 1071 71
82.38 12 DESIRED -0. -0. 0. 0. 700.016 -2.
82.43 12 NAVIGATION 0 0 0 0 286 0. 570986.7
82.45 12 ATTITUDE 0 0 0
82.56 12 ESTIMATOR 709.517517 -0.029888 951.75 -2.988815 944.729614 705
82.60 12 DL_VALUE 2 0.
82.67 12 NAVIGATION 0 0 0 0 286 0. 570986.7
82.72 12 WP_MOVED 2 358071. 4822161. 0.
82.90 12 COMMANDS 57,24,-102,515
82.93 12 NAVIGATION 0 0 0 0 286 0. 570986.7
82.94 12 ATTITUDE 0 0 0
82.98 12 GYRO_RATES 5 -12 14 -0.043633 -0.10472 -0.122173
82.99 12 FBW_STATUS 0 0 125
83.03 12 ESTIMATOR 709.436523 0.008777 943.650024 0.877686 945.629761 699
83.07 12 DOWNLINK_STATUS 82 8846 581 0 296. 19.
83.14 12 NAVIGATION 0 0 0 0 286 0. 570986.7
83.19 12 WP_MOVED 0 358113. 4822203. 702.
83.31 12 DESIRED -0. -0. 0. 0. 700.012 -2.
83.37 12 NAVIGATION 0 0 0 0 286 0. 570986.7
83.40 12 ATTITUDE 0 0 0
83.49 12 ESTIMATOR 709.436523 -0.024084 943.650024 -2.408447 944.459717 699
83.56 12 DL_VALUE 3 0.
83.60 12 NAVIGATION 0 0 0 0 286 0. 570986.7
83.66 12 WP_MOVED 1 358824.90625 4822110. 702.
83.82 12 COMMANDS 69,30,-93,505
83.86 12 NAVIGATION 0 0 0 0 286 0. 570986.7
83.88 12 ATTITUDE 0 0 0
83.91 12 GYRO_RATES 5 -12 14 -0.043633 -0.10472 -0.122173
83.92 12 FBW_STATUS 0 0 125
83.97 12 ESTIMATOR 709.450012 1e-06 945. 0.000114 944.279602 700
83.99 12 BAT 49 125 0 0 78 78 0
84.01 12 ACTUATORS 1493,1504,0,1205,1523
84.04 12 CALIBRATION -9.433 0.037 0.5 0
84.07 12 DOWNLINK_STATUS 83 9123 599 0 277. 18.
84.07 12 NAVIGATION 0 0 0 0 286 0. 570986.7
84.12 12 WP_MOVED 2 358071. 4822161. 0.
84.15 12 SERVO 1318 1071 67
84.25 12 DESIRED -0. -0. 0. 0. 700.016 -2.
84.31 12 NAVIGATION 0 0 0 0 286 0. 570986.7
84.35 12 ATTITUDE 0 0 0
84.35 12 PPRZ_MODE 0 3 0 0 0 17 0
84.43 12 ESTIMATOR 709.450012 0.014445 945. 1.444473 945.179749 700
84.50 12 DL_VALUE 4 0.
84.55 12 NAVIGATION 0 0 0 0 286 0. 570986.7
84.59 12 WP_MOVED 0 358113. 4822203. 702.
84.76 12 COMMANDS 72,77,-91,518
84.81 12 NAVIGATION 0 0 0 0 286 0. 570986.7
84.81 12 ATTITUDE 0 0 0
84.85 12 GYRO_RATES 5 -12 14 -0.043633 -0.10472 -0.122173
84.86 12 FBW_STATUS 0 0 125
84.90 12 ESTIMATOR 709.422974 -0.002861 942.299988 -0.28614 944.09967 698
85.01 12 NAVIGATION 0 0 0 0 286 0. 570986.7
85.06 12 WP_MOVED 1 358824.90625 4822110. 702.
85.08 12 DOWNLINK_STATUS 84 9408 618 0 285. 19.
85.19 12 DESIRED -0. -0. 0. 0. 700.011 -2.
85.24 12 NAVIGATION 0 0 0 0 286 0. 570986.7
85.27 12 ATTITUDE 0 0 0
85.37 12 ESTIMATOR 709.450012 0.006724 945. 0.672417 944.189636 700
85.42 12 DL_VALUE 5 0.
85.47 12 NAVIGATION 0 0 0 0 286 0. 570986.7
85.53 12 WP_MOVED 2 358071. 4822161. 0.
85.55 12 NAVIGATION_REF 358071 4822161 31
85.71 12 COMMANDS 58,112,-64,477
85.74 12 NAVIGATION 0 0 0 0 286 0. 570986.7
85.75 12 ATTITUDE 0 0 0
85.79 12 GYRO_RATES 4 -12 15 -0.034907 -0.10472 -0.1309
85.83 12 FBW_STATUS 0 0 125
85.84 12 ESTIMATOR 709.47699 -0.003862 947.700012 -0.386162 945.0896 702
85.86 12 BAT 57 125 0 0 80 80 0
85.91 12 CALIBRATION -9.433 0.037 0.5 0
85.95 12 NAVIGATION 0 0 0 0 286 0. 570986.7
86.00 12 WP_MOVED 0 358113. 4822203. 702.
86.02 12 SERVO 1318 853 86
86.08 12 DOWNLINK_STATUS 85 9691 637 0 283. 19.
86.12 12 DESIRED -0. -0. 0. 0. 700.013 -2.
86.18 12 NAVIGATION 0 0 0 0 286 0. 570986.7
86.21 12 ATTITUDE 0 0 0
86.30 12 ESTIMATOR 709.450012 -0.018357 945. -1.83567 944.729736 700
86.36 12 DL_VALUE 6 0.
86.41 12 NAVIGATION 0 0 0 0 286 0. 570986.7
86.47 12 WP_MOVED 1 358824.90625 4822110. 702.
86.64 12 COMMANDS 72,49,-115,453
86.67 12 NAVIGATION 0 0 0 0 286 0. 570986.7
86.69 12 ATTITUDE 0 0 0
86.72 12 GYRO_RATES 5 -12 15 -0.043633 -0.10472 -0.1309
86.74 12 FBW_STATUS 0 0 125
86.77 12 ESTIMATOR 709.450012 0.001915 945. 0.191536 944.459778 700
86.88 12 NAVIGATION 0 0 0 0 286 0. 570986.7
86.94 12 WP_MOVED 2 358071. 4822161. 0.
87.06 12 DESIRED -0. -0. 0. 0. 700.006 -2.
87.09 12 DOWNLINK_STATUS 86 9952 653 0 261. 16.
87.12 12 NAVIGATION 0 0 0 0 286 0. 570986.7
87.13 12 ATTITUDE 0 0 0
87.24 12 ESTIMATOR 709.436523 0.022192 943.650024 2.2192 944.819763 699
87.30 12 DL_VALUE 7 0.
87.35 12 NAVIGATION 0 0 0 0 286 0. 570986.7
87.41 12 WP_MOVED 0 358113. 4822203. 702.
87.57 12 COMMANDS 58,27,-122,493
87.61 12 NAVIGATION 0 0 0 0 286 0. 570986.7
87.63 12 ATTITUDE 0 0 0
87.66 12 GYRO_RATES 5 -12 15 -0.043633 -0.10472 -0.1309
87.67 12 FBW_STATUS 0 0 125
87.72 12 ESTIMATOR 709.436523 -0.023087 943.650024 -2.308693 944.36969 699
87.74 12 BAT 58 125 0 0 82 82 0
87.78 12 CALIBRATION -9.437 0.037 0.5 0
87.82 12 NAVIGATION 0 0 0 0 286 0. 570986.7
87.87 12 WP_MOVED 1 358824.90625 4822110. 702.
87.89 12 SERVO 1318 853 46
87.99 12 DESIRED -0. -0. 0. 0. 700.014 -2.
88.06 12 NAVIGATION 0 0 0 0 286 0. 570986.7
88.07 12 ATTITUDE 0 0 0
88.09 12 DOWNLINK_STATUS 87 10250 673 0 298. 20.
88.17 12 ESTIMATOR 709.436523 0.015444 943.650024 1.54438 944.09967 699
88.23 12 DL_VALUE 8 0.
88.29 12 NAVIGATION 0 0 0 0 286 0. 570986.7
88.36 12 WP_MOVED 2 358071. 4822161. 0.
88.52 12 COMMANDS 44,-24,-162,515
88.55 12 NAVIGATION 0 0 0 0 286 0. 570986.7
88.57 12 ATTITUDE 0 0 0
88.60 12 GYRO_RATES 5 -12 15 -0.043633 -0.10472 -0.1309
88.61 12 FBW_STATUS 0 0 125
88.65 12 ESTIMATOR 709.436523 0.028862 943.650024 2.8862 945.089722 699
88.72 12 ACTUATORS 1495,1514,0,1203,1527
88.77 12 NAVIGATION 0 0 0 0 286 0. 570986.7
88.81 12 WP_MOVED 0 358113. 4822203. 702.
88.94 12 DESIRED -0. -0. 0. 0. 700.01 -2.
88.99 12 NAVIGATION 0 0 0 0 286 0. 570986.7
89.01 12 ATTITUDE 0 0 0
89.03 12 PPRZ_MODE 0 3 0 0 0 17 0
89.10 12 DOWNLINK_STATUS 88 10507 690 0 257. 17.
89.12 12 ESTIMATOR 709.422974 -0.012636 942.299988 -1.26358 944.999695 698
89.17 12 DL_VALUE 9 466.
89.23 12 NAVIGATION 0 0 0 0 286 0. 570986.7
89.29 12 WP_MOVED 1 358824.90625 4822110. 702.
89.45 12 COMMANDS 39,46,-135,521
89.49 12 NAVIGATION 0 0 0 0 286 0. 570986.7
89.50 12 ATTITUDE 0 0 0
89.54 12 GYRO_RATES 5 -12 15 -0.043633 -0.10472 -0.1309
89.55 12 FBW_STATUS 0 0 125
89.61 12 ESTIMATOR 709.436523 0.008665 943.650024 0.866508 943.82959 699
89.62 12 BAT 65 125 0 0 84 84 0
89.65 12 CALIBRATION -9.436 0.037 0.5 0
89.69 12 NAVIGATION 0 0 0 0 286 0. 570986.7
89.75 12 WP_MOVED 2 358071. 4822161. 0.
89.77 12 SERVO 1318 1071 62
89.88 12 DESIRED -0. -0. 0. 0. 700.01 -2.
89.93 12 NAVIGATION 0 0 0 0 286 0. 570986.7
89.95 12 ATTITUDE 0 0 0
90.05 12 ESTIMATOR 709.504028 -0.021221 950.400024 -2.122078 944.549561 704
90.12 12 DOWNLINK_STATUS 89 10803 709 0 296. 19.
90.14 12 DL_VALUE 10 492.
90.17 12 NAVIGATION 0 0 0 0 286 0. 570986.7
90.23 12 WP_MOVED 0 358113. 4822203. 702.
90.38 12 COMMANDS 56,114,-48,509
90.42 12 NAVIGATION 0 0 0 0 286 0. 570986.7
90.44 12 ATTITUDE 0 0 0
90.49 12 GYRO_RATES 5 -12 15 -0.043633 -0.10472 -0.1309
90.50 12 FBW_STATUS 0 0 125
90.54 12 ESTIMATOR 709.450012 -0.017278 945. -1.727791 945.269714 700
90.63 12 NAVIGATION 0 0 0 0 286 0. 570986.7
90.69 12 WP_MOVED 1 358824.90625 4822110. 702.
90.81 12 DESIRED -0. -0. 0. 0. 700.006 -2.
90.89 12 NAVIGATION 0 0 0 0 286 0. 570986.7
90.90 12 ATTITUDE 0 0 0
90.99 12 ESTIMATOR 709.450012 -0.005752 945. -0.575218 944.549744 700
91.06 12 DL_VALUE 11 461.
91.10 12 NAVIGATION 0 0 0 0 286 0. 570986.7
91.10 12 DOWNLINK_STATUS 90 11063 726 0 260. 17.
91.16 12 WP_MOVED 2 358071. 4822161. 0.
91.36 12 COMMANDS 77,57,-45,521
91.38 12 NAVIGATION 0 0 0 0 286 0. 570986.7
91.39 12 ATTITUDE 0 0 0
91.41 12 GYRO_RATES 5 -12 15 -0.043633 -0.10472 -0.1309
91.42 12 FBW_STATUS 0 0 125
91.46 12 ESTIMATOR 709.436523 -0.007697 943.650024 -0.76973 944.279663 699
91.49 12 BAT 93 125 0 0 86 86 0
91.53 12 CALIBRATION -9.432 0.037 0.5 0
91.58 12 NAVIGATION 0 0 0 0 286 0. 570986.7
91.62 12 WP_MOVED 0 358113. 4822203. 702.
91.65 12 SERVO 1318 853 97
91.74 12 DESIRED -0. -0. 0. 0. 700.01 -2.
91.82 12 NAVIGATION 0 0 0 0 286 0. 570986.7
91.82 12 ATTITUDE 0 0 0
91.93 12 ESTIMATOR 709.436523 0.014471 943.650024 1.447105 944.189575 699
91.98 12 DL_VALUE 12 1.35
92.04 12 NAVIGATION 0 0 0 0 286 0. 570986.7
92.10 12 WP_MOVED 1 358824.90625 4822110. 702.
92.12 12 DOWNLINK_STATUS 91 11350 745 0 287. 19.
92.26 12 COMMANDS 54,95,-56,515
92.30 12 NAVIGATION 0 0 0 0 286 0. 570986.7
92.32 12 ATTITUDE 0 0 0
92.37 12 GYRO_RATES 5 -12 14 -0.043633 -0.10472 -0.122173
92.37 12 FBW_STATUS 0 0 125
92.39 12 ESTIMATOR 709.436523 -0.000945 943.650024 -0.094452 943.55957 699
92.51 12 NAVIGATION 0 0 0 0 286 0. 570986.7
92.56 12 WP_MOVED 2 358071. 4822161. 0.
92.69 12 DESIRED -0. -0. 0. 0. 700.017 -2.
92.75 12 NAVIGATION 0 0 0 0 286 0. 570986.7
92.76 12 ATTITUDE 0 0 0
92.87 12 ESTIMATOR 709.436523 0.019279 943.650024 1.92791 944.099548 699
92.92 12 DL_VALUE 13 0.
92.98 12 NAVIGATION 0 0 0 0 286 0. 570986.7
93.03 12 WP_MOVED 0 358113. 4822203. 702.
93.13 12 DOWNLINK_STATUS 92 11585 760 0 235. 15.
93.20 12 COMMANDS 59,32,-111,460
93.25 12 NAVIGATION 0 0 0 0 286 0. 570986.7
93.26 12 ATTITUDE 0 0 0
93.29 12 GYRO_RATES 5 -12 15 -0.043633 -0.10472 -0.1309
93.32 12 FBW_STATUS 0 0 125
93.36 12 ESTIMATOR 709.47699 0.002942 947.700012 0.294151 944.909607 702
93.40 12 BAT 86 125 0 0 88 88 0
93.40 12 ACTUATORS 1490,1501,0,1203,1528
93.41 12 CALIBRATION -9.431 0.037 0.5 0
93.45 12 NAVIGATION 0 0 0 0 286 0. 570986.7
93.50 12 WP_MOVED 1 358824.90625 4822110. 702.
93.52 12 SERVO 1318 1071 86
93.62 12 DESIRED -0. -0. 0. 0. 700.009 -2.
93.69 12 NAVIGATION 0 0 0 0 286 0. 570986.7
93.70 12 ATTITUDE 0 0 0
93.72 12 PPRZ_MODE 0 3 0 0 0 17 0
93.81 12 ESTIMATOR 709.450012 -0.03958 945. -3.958015 944.639648 700
93.86 12 DL_VALUE 14 0.
93.91 12 NAVIGATION 0 0 0 0 286 0. 570986.7
93.97 12 WP_MOVED 2 358071. 4822161. 0.
93.99 12 NAVIGATION_REF 358071 4822161 31
94.12 12 DOWNLINK_STATUS 93 11890 781 0 305. 21.
94.14 12 COMMANDS 37,64,-96,529
94.17 12 NAVIGATION 0 0 0 0 286 0. 570986.7
94.19 12 ATTITUDE 0 0 0
94.22 12 GYRO_RATES 5 -12 15 -0.043633 -0.10472 -0.1309
94.23 12 FBW_STATUS 0 0 125
94.28 12 ESTIMATOR 709.450012 -0.007723 945. -0.772324 944.009583 700
94.38 12 NAVIGATION 0 0 0 0 286 0. 570986.7
94.43 12 WP_MOVED 0 358113. 4822203. 702.
94.56 12 DESIRED -0. -0. 0. 0. 700.016 -2.
94.62 12 NAVIGATION 0 0 0 0 286 0. 570986.7
94.63 12 ATTITUDE 0 0 0
94.74 12 ESTIMATOR 709.436523 0.052109 943.650024 5.210876 944.999634 699
94.80 12 DL_VALUE 15 0.75
94.87 12 NAVIGATION 0 0 0 0 286 0. 570986.7
94.92 12 WP_MOVED 1 358824.90625 4822110. 702.
95.08 12 COMMANDS 30,61,-66,534
95.11 12 NAVIGATION 0 0 0 0 286 0. 570986.7
95.13 12 ATTITUDE 0 0 0
95.13 12 DOWNLINK_STATUS 94 12162 799 0 272. 18.
95.16 12 GYRO_RATES 5 -12 15 -0.043633 -0.10472 -0.1309
95.18 12 FBW_STATUS 0 0 125
95.21 12 ESTIMATOR 709.436523 -0.048168 943.650024 -4.816818 944.909668 699
95.23 12 BAT 65 125 0 0 90 90 0
95.28 12 CALIBRATION -9.432 0.037 0.5 0
95.32 12 NAVIGATION 0 0 0 0 286 0. 570986.7
95.38 12 WP_MOVED 2 358071. 4822161. 0.
95.42 12 SERVO 1318 1071 38
95.51 12 DESIRED -0. -0. 0. 0. 700.013 -2.
95.55 12 NAVIGATION 0 0 0 0 286 0. 570986.7
95.57 12 ATTITUDE 0 0 0
95.68 12 ESTIMATOR 709.436523 -1e-06 943.650024 -7.6e-05 943.829529 699
95.73 12 DL_VALUE 16 25000.
95.79 12 NAVIGATION 0 0 0 0 286 0. 570986.7
95.85 12 WP_MOVED 0 358113. 4822203. 702.
96.02 12 COMMANDS 79,-1,-72,502
96.06 12 NAVIGATION 0 0 0 0 286 0. 570986.7
96.08 12 ATTITUDE 0 0 0
96.10 12 GYRO_RATES 5 -12 15 -0.043633 -0.10472 -0.1309
96.11 12 FBW_STATUS 0 0 125
96.13 12 DOWNLINK_STATUS 95 12459 819 0 297. 20.
96.16 12 ESTIMATOR 709.450012 -0.011557 945. -1.155701 943.919556 700
96.26 12 NAVIGATION 0 0 0 0 286 0. 570986.7
96.31 12 WP_MOVED 1 358824.90625 4822110. 702.
96.46 12 DESIRED -0. -0. 0. 0. 700.012 -2.
96.51 12 NAVIGATION 0 0 0 0 286 0. 570986.7
96.52 12 ATTITUDE 0 0 0
96.61 12 ESTIMATOR 709.436523 0.002806 943.650024 0.280647 944.369568 699
96.68 12 DL_VALUE 17 25000.
96.74 12 NAVIGATION 0 0 0 0 286 0. 570986.7
96.78 12 WP_MOVED 2 358071. 4822161. 0.
96.95 12 COMMANDS 26,91,-126,566
96.99 12 NAVIGATION 0 0 0 0 286 0. 570986.7
97.02 12 ATTITUDE 0 0 0
97.04 12 GYRO_RATES 5 -12 15 -0.043633 -0.10472 -0.1309
97.05 12 FBW_STATUS 0 0 125
97.10 12 ESTIMATOR 709.436523 0.012555 943.650024 1.255455 943.82959 699
97.12 12 BAT 46 125 0 0 92 92 0
97.16 12 DOWNLINK_STATUS 96 12732 836 0 273. 17.
97.19 12 CALIBRATION -9.43 0.037 0.5 0
97.20 12 NAVIGATION 0 0 0 0 286 0. 570986.7
97.26 12 WP_MOVED 0 358113. 4822203. 702.
97.28 12 SERVO 1318 1071 65
97.37 12 DESIRED -0. -0. 0. 0. 700.014 -2.
97.43 12 NAVIGATION 0 0 0 0 286 0. 570986.7
97.45 12 ATTITUDE 0 0 0
97.56 12 ESTIMATOR 709.436523 0.001919 943.650024 0.191879 944.189636 699
97.61 12 DL_VALUE 18 0.75
97.66 12 NAVIGATION 0 0 0 0 286 0. 570986.7
97.72 12 WP_MOVED 1 358824.90625 4822110. 702.
97.90 12 COMMANDS 14,49,-163,587
97.94 12 NAVIGATION 0 0 0 0 286 0. 570986.7
97.95 12 ATTITUDE 0 0 0
97.99 12 GYRO_RATES 5 -12 15 -0.043633 -0.10472 -0.1309
97.99 12 FBW_STATUS 0 0 125
98.02 12 ESTIMATOR 709.436523 0.003888 943.650024 0.388832 944.639587 699
98.09 12 ACTUATORS 1491,1500,0,1203,1527
98.15 12 NAVIGATION 0 0 0 0 286 0. 570986.7
98.18 12 DOWNLINK_STATUS 97 13021 855 0 289. 19.
98.20 12 WP_MOVED 2 358071. 4822161. 0.
98.31 12 DESIRED -0. -0. 0. 0. 700.016 -2.
98.38 12 NAVIGATION 0 0 0 0 286 0. 570986.7
98.42 12 ATTITUDE 0 0 0
98.42 12 PPRZ_MODE 0 3 0 0 0 17 0
98.50 12 ESTIMATOR 709.436523 0.000999 943.650024 0.099869 944.009583 699
98.54 12 DL_VALUE 19 13000.
98.60 12 NAVIGATION 0 0 0 0 286 0. 570986.7
98.66 12 WP_MOVED 0 358113. 4822203. 702.
98.83 12 COMMANDS 63,1,-81,544
98.87 12 NAVIGATION 0 0 0 0 286 0. 570986.7
98.89 12 ATTITUDE 0 0 0
98.92 12 GYRO_RATES 5 -12 15 -0.043633 -0.10472 -0.1309
98.92 12 FBW_STATUS 0 0 125
98.97 12 ESTIMATOR 709.436523 -1e-06 943.650024 -0.000114 944.189575 699
98.98 12 BAT 63 125 0 0 94 94 0
99.03 12 CALIBRATION -9.426 0.037 0.5 0
99.07 12 NAVIGATION 0 0 0 0 286 0. 570986.7
99.12 12 WP_MOVED 1 358824.90625 4822110. 702.
99.14 12 SERVO 1318 1071 86
99.16 12 DOWNLINK_STATUS 98 13317 875 0 296. 20.
99.24 12 DESIRED -0. -0. 0. 0. 700.012 -2.
99.31 12 NAVIGATION 0 0 0 0 286 0. 570986.7
99.33 12 ATTITUDE 0 0 0
99.43 12 ESTIMATOR 709.436523 0.030807 943.650024 3.080673 945.179565 699
99.48 12 DL_VALUE 20 13000.
99.54 12 NAVIGATION 0 0 0 0 286 0. 570986.7
99.59 12 WP_MOVED 2 358071. 4822161. 0.
99.76 12 COMMANDS 46,51,-93,541
99.79 12 NAVIGATION 0 0 0 0 286 0. 570986.7
99.82 12 ATTITUDE 0 0 0
99.85 12 GYRO_RATES 5 -12 15 -0.043633 -0.10472 -0.1309
99.86 12 FBW_STATUS 0 0 125
99.90 12 ESTIMATOR 709.436523 -0.015417 943.650024 -1.541748 943.919556 699
100.01 12 NAVIGATION 0 0 0 0 286 0. 570986.7
100.06 12 WP_MOVED 0 358113. 4822203. 702.
100.16 12 DOWNLINK_STATUS 99 13552 890 0 235. 15.
100.19 12 DESIRED -0. -0. 0. 0. 700.016 -2.
100.25 12 NAVIGATION 0 0 0 0 286 0. 570986.7
100.26 12 ATTITUDE 0 0 0
100.37 12 ESTIMATOR 709.450012 -0.003835 945. -0.383453 944.009583 700
100.45 12 DL_VALUE 21 0.75
100.48 12 NAVIGATION 0 0 0 0 286 0. 570986.7
100.53 12 WP_MOVED 1 358824.90625 4822110. 702.
100.70 12 COMMANDS 64,77,-91,528
100.74 12 NAVIGATION 0 0 0 0 286 0. 570986.7
100.76 12 ATTITUDE 0 0 0
100.79 12 GYRO_RATES 5 -12 15 -0.043633 -0.10472 -0.1309
100.80 12 FBW_STATUS 0 0 125
100.84 12 ESTIMATOR 709.422974 0.025111 942.299988 2.511139 944.279602 698
100.88 12 BAT 88 125 0 0 96 96 0
100.93 12 CALIBRATION -9.431 0.037 0.5 0
100.96 12 NAVIGATION 0 0 0 0 286 0. 570986.7
101.01 12 WP_MOVED 2 358071. 4822161. 0.
101.01 12 SERVO 1318 1071 46
101.12 12 DESIRED -0. -0. 0. 0. 700.01 -2.
101.16 12 DOWNLINK_STATUS 100 13850 909 0 298. 19.
101.19 12 NAVIGATION 0 0 0 0 286 0. 570986.7
101.20 12 ATTITUDE 0 0 0
101.30 12 ESTIMATOR 709.436523 -0.034803 943.650024 -3.480263 943.739624 699
101.37 12 DL_VALUE 22 18000.
101.43 12 NAVIGATION 0 0 0 0 286 0. 570986.7
101.49 12 WP_MOVED 0 358113. 4822203. 702.
101.63 12 COMMANDS 69,51,-67,511
101.67 12 NAVIGATION 0 0 0 0 286 0. 570986.7
101.69 12 ATTITUDE 0 0 0
101.72 12 GYRO_RATES 5 -12 15 -0.043633 -0.10472 -0.1309
101.73 12 FBW_STATUS 0 0 125
101.78 12 ESTIMATOR 709.436523 0.021195 943.650024 2.119522 943.55957 699
101.88 12 NAVIGATION 0 0 0 0 286 0. 570986.7
101.95 12 WP_MOVED 1 358824.90625 4822110. 702.
102.06 12 DESIRED -0. -0. 0. 0. 700.015 -2.
102.12 12 NAVIGATION 0 0 0 0 286 0. 570986.7
102.13 12 ATTITUDE 0 0 0
102.16 12 DOWNLINK_STATUS 101 14111 926 0 261. 17.
102.24 12 ESTIMATOR 709.436523 0.036639 943.650024 3.66394 944.369507 699
102.31 12 DL_VALUE 23 18000.
102.36 12 NAVIGATION 0 0 0 0 286 0. 570986.7
102.41 12 WP_MOVED 2 358071. 4822161. 0.
102.45 12 NAVIGATION_REF 358071 4822161 31
102.58 12 COMMANDS 84,60,-56,514
102.62 12 NAVIGATION 0 0 0 0 286 0. 570986.7
102.64 12 ATTITUDE 0 0 0
102.66 12 GYRO_RATES 5 -12 15 -0.043633 -0.10472 -0.1309
102.67 12 FBW_STATUS 0 0 125
102.72 12 ESTIMATOR 709.436523 -0.035667 943.650024 -3.566666 944.369629 699
102.74 12 BAT 48 125 0 0 98 98 0
102.76 12 ACTUATORS 1490,1504,0,1203,1525
102.79 12 CALIBRATION -9.433 0.037 0.5 0
102.83 12 NAVIGATION 0 0 0 0 286 0. 570986.7
102.87 12 WP_MOVED 0 358113. 4822203. 702.
102.90 12 SERVO 1318 1071 68
103.00 12 DESIRED -0. -0. 0. 0. 700.018 -2.
103.06 12 NAVIGATION 0 0 0 0 286 0. 570986.7
103.07 12 ATTITUDE 0 0 0
103.09 12 PPRZ_MODE 0 3 0 0 0 1 0
103.16 12 DOWNLINK_STATUS 102 14416 947 0 305. 21.
103.19 12 ESTIMATOR 709.436523 0.002888 943.650024 0.288773 943.289551 699
103.23 12 DL_VALUE 24 0.3
103.29 12 NAVIGATION 0 0 0 0 286 0. 570986.7
103.34 12 WP_MOVED 1 358824.90625 4822110. 702.
103.51 12 COMMANDS 67,32,-74,508
103.56 12 NAVIGATION 0 0 0 0 286 0. 570986.7
103.58 12 ATTITUDE 0 0 0
103.60 12 GYRO_RATES 5 -12 15 -0.043633 -0.10472 -0.1309
103.61 12 FBW_STATUS 0 0 125
103.65 12 ESTIMATOR 709.436523 0.035641 943.650024 3.564072 944.189514 699
103.76 12 NAVIGATION 0 0 0 0 286 0. 570986.7
103.82 12 WP_MOVED 2 358071. 4822161. 0.
103.95 12 DESIRED -0. -0. 0. 0. 700.01 -2.
104.00 12 NAVIGATION 0 0 0 0 286 0. 570986.7
104.03 12 ATTITUDE 0 0 0
104.12 12 ESTIMATOR 709.422974 -0.014581 942.299988 -1.458054 944.639526 698
104.17 12 DL_VALUE 25 -0.851843
104.17 12 DOWNLINK_STATUS 103 14682 964 0 266. 17.
104.23 12 NAVIGATION 0 0 0 0 286 0. 570986.7
104.28 12 WP_MOVED 0 358113. 4822203. 702.
104.46 12 COMMANDS 62,57,-63,502
104.50 12 NAVIGATION 0 0 0 0 286 0. 570986.7
104.51 12 ATTITUDE 0 0 0
104.54 12 GYRO_RATES 5 -12 15 -0.043633 -0.10472 -0.1309
104.55 12 FBW_STATUS 0 0 125
104.60 12 ESTIMATOR 709.436523 0.012555 943.650024 1.255493 943.649597 699
104.62 12 BAT 31 125 0 0 100 100 0
104.67 12 CALIBRATION -9.43 0.037 0.5 0
104.70 12 NAVIGATION 0 0 0 0 286 0. 570986.7
104.75 12 WP_MOVED 1 358824.90625 4822110. 702.
104.78 12 SERVO 1318 1071 85
104.87 12 DESIRED -0. -0. 0. 0. 700.016 -2.
104.94 12 NAVIGATION 0 0 0 0 286 0. 570986.7
104.98 12 ATTITUDE 0 0 0
105.06 12 ESTIMATOR 709.450012 0.006725 945. 0.672455 944.189636 700
105.11 12 DL_VALUE 26 0.007
105.17 12 NAVIGATION 0 0 0 0 286 0. 570986.7
105.17 12 DOWNLINK_STATUS 104 14972 983 0 290. 19.
105.21 12 WP_MOVED 2 358071. 4822161. 0.
105.39 12 COMMANDS 40,74,-89,563
105.43 12 NAVIGATION 0 0 0 0 286 0. 570986.7
105.47 12 ATTITUDE 0 0 0
105.47 12 GYRO_RATES 5 -12 15 -0.043633 -0.10472 -0.1309
105.48 12 FBW_STATUS 0 0 125
105.52 12 ESTIMATOR 709.450012 -0.009587 945. -0.958672 944.639648 700
105.63 12 NAVIGATION 0 0 0 0 286 0. 570986.7
105.69 12 WP_MOVED 0 358113. 4822203. 702.
105.81 12 DESIRED -0. -0. 0. 0. 700.009 -2.
105.87 12 NAVIGATION 0 0 0 0 286 0. 570986.7
105.89 12 ATTITUDE 0 0 0
106.00 12 ESTIMATOR 709.436523 -0.013476 943.650024 -1.34758 943.82959 699
106.04 12 DL_VALUE 27 0.037
106.10 12 NAVIGATION 0 0 0 0 286 0. 570986.7
106.16 12 WP_MOVED 1 358824.90625 4822110. 702.
106.20 12 DOWNLINK_STATUS 105 15222 999 0 250. 16.
106.33 12 COMMANDS 58,13,-145,447
106.37 12 NAVIGATION 0 0 0 0 286 0. 570986.7
106.39 12 ATTITUDE 0 0 0
106.41 12 GYRO_RATES 5 -12 16 -0.043633 -0.10472 -0.139626
106.42 12 FBW_STATUS 0 0 125
106.50 12 ESTIMATOR 709.436523 0.003861 943.650024 0.386124 944.009521 699
106.50 12 BAT 39 125 0 0 102 102 0
106.53 12 CALIBRATION -9.427 0.037 0.5 0
106.57 12 NAVIGATION 0 0 0 0 286 0. 570986.7
106.62 12 WP_MOVED 2 358071. 4822161. 0.
106.64 12 SERVO 1318 1071 38
106.74 12 DESIRED -0. -0. 0. 0. 700.013 -2.
106.81 12 NAVIGATION 0 0 0 0 286 0. 570986.7
106.82 12 ATTITUDE 0 0 0
106.93 12 ESTIMATOR 709.436523 0.030833 943.650024 3.083344 944.999512 699
107.01 12 DL_VALUE 28 0.
107.05 12 NAVIGATION 0 0 0 0 286 0. 570986.7
107.09 12 WP_MOVED 0 358113. 4822203. 702.
107.19 12 DOWNLINK_STATUS 106 15494 1017 0 272. 18.
107.27 12 COMMANDS 101,60,-4,505
107.29 12 NAVIGATION 0 0 0 0 286 0. 570986.7
107.31 12 ATTITUDE 0 0 0
107.35 12 GYRO_RATES 5 -12 15 -0.043633 -0.10472 -0.1309
107.36 12 FBW_STATUS 0 0 125
107.39 12 ESTIMATOR 709.422974 -0.008691 942.299988 -0.869141 943.829651 698
107.46 12 ACTUATORS 1492,1501,0,1203,1526
107.51 12 NAVIGATION 0 0 0 0 286 0. 570986.7
107.57 12 WP_MOVED 1 358824.90625 4822110. 702.
107.68 12 DESIRED -0. -0. 0. 0. 700.018 -2.
107.75 12 NAVIGATION 0 0 0 0 286 0. 570986.7
107.76 12 ATTITUDE 0 0 0
107.78 12 PPRZ_MODE 0 3 0 0 0 1 0
107.86 12 ESTIMATOR 709.436523 0.010611 943.650024 1.061096 943.82959 699
107.93 12 DL_VALUE 29 0.045
108.01 12 NAVIGATION 0 0 0 0 286 0. 570986.7
108.04 12 WP_MOVED 2 358071. 4822161. 0.
108.19 12 DOWNLINK_STATUS 107 15751 1034 0 257. 17.
108.21 12 COMMANDS 49,27,-86,560
108.24 12 NAVIGATION 0 0 0 0 286 0. 570986.7
108.25 12 ATTITUDE 0 0 0
108.29 12 GYRO_RATES 5 -12 15 -0.043633 -0.10472 -0.1309
108.30 12 FBW_STATUS 0 0 125
108.34 12 ESTIMATOR 709.490479 0.001918 949.049988 0.191803 944.909607 703
108.37 12 BAT 38 125 0 0 104 104 0
108.40 12 CALIBRATION -9.432 0.037 0.5 0
108.45 12 NAVIGATION 0 0 0 0 286 0. 570986.7
108.50 12 WP_MOVED 0 358113. 4822203. 702.
108.51 12 SERVO 1318 1071 39
108.62 12 DESIRED -0. -0. 0. 0. 700.015 -2.
108.68 12 NAVIGATION 0 0 0 0 286 0. 570986.7
108.70 12 ATTITUDE 0 0 0
108.81 12 ESTIMATOR 709.436523 -0.036668 943.650024 -3.66684 944.189636 699
108.85 12 DL_VALUE 30 1.
108.91 12 NAVIGATION 0 0 0 0 286 0. 570986.7
108.97 12 WP_MOVED 1 358824.90625 4822110. 702.
109.14 12 COMMANDS 44,17,-93,560
109.18 12 NAVIGATION 0 0 0 0 286 0. 570986.7
109.20 12 ATTITUDE 0 0 0
109.20 12 DOWNLINK_STATUS 108 16060 1055 0 309. 21.
109.25 12 GYRO_RATES 5 -12 16 -0.043633 -0.10472 -0.139626
109.25 12 FBW_STATUS 0 0 125
109.28 12 ESTIMATOR 709.450012 -0.001942 945. -0.194244 943.739624 700
109.38 12 NAVIGATION 0 0 0 0 286 0. 570986.7
109.44 12 WP_MOVED 2 358071. 4822161. 0.
109.56 12 DESIRED -0. -0. 0. 0. 700.011 -2.
109.62 12 NAVIGATION 0 0 0 0 286 0. 570986.7
109.63 12 ATTITUDE 0 0 0
109.74 12 ESTIMATOR 709.436523 0.027971 943.650024 2.797127 944.279541 699
109.81 12 DL_VALUE 31 0.
109.86 12 NAVIGATION 0 0 0 0 286 0. 570986.7
109.91 12 WP_MOVED 0 358113. 4822203. 702.
110.07 12 COMMANDS 46,66,-61,525
110.11 12 NAVIGATION 0 0 0 0 286 0. 570986.7
110.13 12 ATTITUDE 0 0 0
110.17 12 GYRO_RATES 5 -12 16 -0.043633 -0.10472 -0.139626
110.17 12 FBW_STATUS 0 0 125
110.20 12 DOWNLINK_STATUS 109 16320 1072 0 260. 17.
110.21 12 ESTIMATOR 709.436523 -0.042389 943.650024 -4.238892 943.919556 699
110.23 12 BAT 58 125 0 0 106 106 0
110.28 12 CALIBRATION -9.433 0.037 0.5 0
110.32 12 NAVIGATION 0 0 0 0 286 0. 570986.7
110.38 12 WP_MOVED 1 358824.90625 4822110. 702.
110.40 12 SERVO 1318 1071 80
110.50 12 DESIRED -0. -0. 0. 0. 700.014 -2.
110.55 12 NAVIGATION 0 0 0 0 286 0. 570986.7
110.57 12 ATTITUDE 0 0 0
110.68 12 ESTIMATOR 709.422974 0.021223 942.299988 2.122345 943.379639 698
110.73 12 DL_VALUE 32 0.
