8.13 12 FBW_STATUS 2 1 120
8.16 12 DL_VALUE 1 1.
8.16 12 PPRZ_MODE 2 3 1 0 0 5 0
8.16 12 FBW_STATUS 0 1 120
8.16 12 ESTIMATOR 706.88501 -0.022195 688.5 -2.219467 686.699646
8.16 12 BAT 0 120 0 0 2 2 0
8.16 12 PPRZ_MODE 0 3 1 0 0 17 0
8.16 12 CALIBRATION -2.745 0.037 0.5 0
8.16 12 NAVIGATION 0 0 0 0 286 0. 570986.7
8.30 12 SERVO -1739 -2388 0
8.30 12 DESIRED 0. -0.27 0. 0. 700.003 -2.
8.30 12 NAVIGATION 0 0 0 0 286 0. 570986.7
8.30 12 ATTITUDE 0 0 0
8.30 12 ESTIMATOR 706.898499 0.008667 689.850037 0.866661 687.779846
8.30 12 DL_VALUE 2 0.
8.65 12 WP_MOVED 0 358113. 4822203. 702.
8.65 12 COMMANDS 10,7,-3282,-544
8.65 12 NAVIGATION 0 0 0 0 286 0. 570986.7
8.65 12 ATTITUDE 0 0 0
8.65 12 GYRO_RATES -11 -15 11 0.095993 -0.1309 -0.095993
8.65 12 FBW_STATUS 0 0 120
8.65 12 DOWNLINK_STATUS 7 380 30 0 380. 30.
8.67 12 ESTIMATOR 706.898499 -0.004806 689.850037 -0.480614 688.589905
8.68 12 NAVIGATION 0 0 0 0 286 0. 570986.7
9.09 12 WP_MOVED 1 358824.90625 4822110. 702.
9.09 12 DESIRED 0. -0.27 0. 0. 700.003 -2.
9.09 12 NAVIGATION 0 0 0 0 286 0. 570986.7
9.09 12 ATTITUDE 0 0 0
9.09 12 ESTIMATOR 706.88501 0.020304 688.5 2.030373 688.499878
9.53 12 DL_VALUE 3 0.
9.53 12 NAVIGATION 0 0 0 0 286 0. 570986.7
9.53 12 WP_MOVED 2 358071. 4822161. 0.
9.53 12 COMMANDS 17,1,-3271,-539
9.53 12 NAVIGATION 0 0 0 0 286 0. 570986.7
9.53 12 ATTITUDE 0 0 0
9.53 12 GYRO_RATES -11 -14 10 0.095993 -0.122173 -0.087266
9.64 12 DOWNLINK_STATUS 8 606 44 0 226. 14.
9.70 12 FBW_STATUS 0 0 120
9.70 12 ESTIMATOR 706.898499 -0.03861 689.850037 -3.861046 688.499878
9.70 12 BAT 9 120 0 0 4 4 0
9.70 12 CALIBRATION -5.498 0.037 0.5 0
9.70 12 NAVIGATION 0 0 0 0 286 0. 570986.7
9.70 12 WP_MOVED 0 358113. 4822203. 702.
9.70 12 SERVO -1739 -2388 9
9.77 12 DESIRED 0. -0.27 0. 0. 700.001 -2.
9.99 12 NAVIGATION 0 0 0 0 286 0. 570986.7
9.99 12 ATTITUDE 0 0 0
10.00 12 ESTIMATOR 706.88501 0.003888 688.5 0.388794 688.499756
10.00 12 DL_VALUE 4 0.
10.10 12 NAVIGATION 0 0 0 0 286 0. 570986.7
10.10 12 WP_MOVED 1 358824.90625 4822110. 702.
10.51 12 COMMANDS 8,-10,-3291,-544
10.51 12 NAVIGATION 0 0 0 0 286 0. 570986.7
10.51 12 ATTITUDE 0 0 0
10.52 12 GYRO_RATES -10 -14 11 0.087266 -0.122173 -0.095993
10.64 12 DOWNLINK_STATUS 9 874 62 0 268. 18.
10.92 12 FBW_STATUS 0 0 120
10.92 12 ESTIMATOR 706.898499 0.01161 689.850037 1.161003 688.589844
10.92 12 ACTUATORS 1330,1672,0,1200,1528,1200
10.92 12 NAVIGATION 0 0 0 0 286 0. 570986.7
10.92 12 WP_MOVED 2 358071. 4822161. 0.
10.92 12 DESIRED 0. -0.27 0. 0. 700. -2.
10.97 12 NAVIGATION 0 0 0 0 286 0. 570986.7
10.97 12 ATTITUDE 0 0 0
10.98 12 PPRZ_MODE 0 3 0 0 0 1 0
10.98 12 ESTIMATOR 706.88501 -0.021195 688.5 -2.119522 688.950012
10.99 12 DL_VALUE 5 0.
10.99 12 NAVIGATION 0 0 0 0 286 0. 570986.7
11.06 12 WP_MOVED 0 358113. 4822203. 702.
11.65 12 DOWNLINK_STATUS 10 1072 75 0 198. 13.
11.73 12 COMMANDS 10,6,-3285,-539
11.73 12 NAVIGATION 0 0 0 0 286 0. 570986.7
11.74 12 ATTITUDE 0 0 0
11.74 12 GYRO_RATES -11 -14 10 0.095993 -0.122173 -0.087266
11.74 12 FBW_STATUS 0 0 120
11.74 12 ESTIMATOR 706.911987 -0.007695 691.200012 -0.769463 688.050049
11.74 12 BAT 26 120 0 0 6 6 0
12.13 12 NAVIGATION 0 0 0 0 286 0. 570986.7
12.13 12 WP_MOVED 1 358824.90625 4822110. 702.
12.13 12 SERVO -1739 -2388 13
12.13 12 DESIRED 0. -0.27 0. 0. 700.008 -2.
12.13 12 NAVIGATION 0 0 0 0 286 0. 570986.7
12.13 12 ATTITUDE 0 0 0
12.17 12 DL_VALUE 6 0.
12.18 12 NAVIGATION 0 0 0 0 286 0. 570986.7
12.18 12 WP_MOVED 2 358071. 4822161. 0.
12.39 12 COMMANDS 14,-115,-3402,-536
12.39 12 NAVIGATION 0 0 0 0 286 0. 570986.7
12.39 12 ATTITUDE 0 0 0
12.39 12 GYRO_RATES -11 -14 10 0.095993 -0.122173 -0.087266
12.39 12 FBW_STATUS 0 0 120
12.39 12 ESTIMATOR 706.871521 0.012529 687.150024 1.252899 688.409912
12.65 12 DOWNLINK_STATUS 11 1387 97 0 315. 22.
12.71 12 NAVIGATION 0 0 0 0 286 0. 570986.7
12.71 12 WP_MOVED 0 358113. 4822203. 702.
12.72 12 DESIRED 0. -0.27 0. 0. 700. -2.
12.72 12 NAVIGATION 0 0 0 0 286 0. 570986.7
12.72 12 ATTITUDE 0 0 0
13.11 12 ESTIMATOR 706.911987 -0.021222 691.200012 -2.122231 688.320007
13.11 12 DL_VALUE 7 0.
13.11 12 NAVIGATION 0 0 0 0 286 0. 570986.7
13.12 12 WP_MOVED 1 358824.90625 4822110. 702.
13.32 12 COMMANDS 0,1,-3350,-581
13.32 12 NAVIGATION 0 0 0 0 286 0. 570986.7
13.32 12 ATTITUDE 0 0 0
13.32 12 GYRO_RATES -11 -14 11 0.095993 -0.122173 -0.095993
13.32 12 FBW_STATUS 0 0 120
13.32 12 ESTIMATOR 706.871521 -0.002863 687.150024 -0.286293 688.319946
13.32 12 BAT 50 120 0 0 7 7 0
13.32 12 CALIBRATION -6.883 0.037 0.5 0
13.49 12 NAVIGATION 0 0 0 0 286 0. 570986.7
13.65 12 DOWNLINK_STATUS 12 1665 115 0 278. 18.
13.93 12 WP_MOVED 2 358071. 4822161. 0.
13.93 12 SERVO -1739 -2169 38
13.93 12 DESIRED 0. -0.27 0. 0. 700.003 -2.
13.93 12 NAVIGATION 0 0 0 0 286 0. 570986.7
13.93 12 ATTITUDE 0 0 0
13.93 12 ESTIMATOR 706.898499 0.001918 689.850037 0.191765 688.22998
14.35 12 DL_VALUE 8 0.
14.35 12 NAVIGATION 0 0 0 0 286 0. 570986.7
14.35 12 WP_MOVED 0 358113. 4822203. 702.
14.35 12 COMMANDS 18,137,-3280,-558
14.35 12 NAVIGATION 0 0 0 0 286 0. 570986.7
14.35 12 ATTITUDE 0 0 0
14.35 12 GYRO_RATES -11 -14 10 0.095993 -0.122173 -0.087266
14.35 12 FBW_STATUS 0 0 120
14.49 12 NAVIGATION 0 0 0 0 286 0. 570986.7
14.49 12 WP_MOVED 1 358824.90625 4822110. 702.
14.49 12 DESIRED 0. -0.27 0. 0. 700.003 -2.
14.65 12 DOWNLINK_STATUS 13 1923 132 0 258. 17.
15.13 12 NAVIGATION 0 0 0 0 286 0. 570986.7
15.13 12 ATTITUDE 0 0 0
15.13 12 ESTIMATOR 706.88501 -0.003861 688.5 -0.386086 688.590088
15.13 12 DL_VALUE 9 466.
15.13 12 NAVIGATION 0 0 0 0 286 0. 570986.7
15.13 12 WP_MOVED 2 358071. 4822161. 0.
15.13 12 NAVIGATION_REF 358071 4822161 31
15.22 12 COMMANDS 0,23,-3260,-494
15.22 12 NAVIGATION 0 0 0 0 286 0. 570986.7
15.22 12 ATTITUDE 0 0 0
15.22 12 GYRO_RATES -10 -14 11 0.087266 -0.122173 -0.095993
15.22 12 FBW_STATUS 0 0 120
15.22 12 ESTIMATOR 706.898499 -0.011555 689.850037 -1.155548 688.770081
15.22 12 BAT 13 120 0 0 9 9 0
15.63 12 ACTUATORS 1328,1669,0,1201,1528,1201
15.63 12 CALIBRATION -6.883 0.037 0.5 0
15.63 12 NAVIGATION 0 0 0 0 286 0. 570986.7
15.63 12 WP_MOVED 0 358113. 4822203. 702.
15.63 12 SERVO -1739 -2388 10
15.63 12 DESIRED 0. -0.27 0. 0. 700.004 -2.
15.66 12 DOWNLINK_STATUS 14 2217 152 0 294. 20.
16.02 12 ATTITUDE 0 0 0
16.02 12 PPRZ_MODE 0 3 0 0 0 1 0
16.02 12 ESTIMATOR 706.857971 0.020251 685.799988 2.025108 688.229919
16.02 12 DL_VALUE 10 492.
16.02 12 NAVIGATION 0 0 0 0 286 0. 570986.7
16.02 12 WP_MOVED 1 358824.90625 4822110. 702.
16.09 12 COMMANDS 11,15,-3266,-538
16.09 12 NAVIGATION 0 0 0 0 286 0. 570986.7
16.09 12 ATTITUDE 0 0 0
16.09 12 GYRO_RATES -10 -14 11 0.087266 -0.122173 -0.095993
16.09 12 FBW_STATUS 0 0 120
16.09 12 ESTIMATOR 706.844482 0.016442 684.450012 1.644249 687.779968
16.53 12 NAVIGATION 0 0 0 0 286 0. 570986.7
16.53 12 WP_MOVED 2 358071. 4822161. 0.
16.53 12 DESIRED 0. -0.27 0. 0. 700.003 -2.
16.53 12 NAVIGATION 0 0 0 0 286 0. 570986.7
16.53 12 ATTITUDE 0 0 0
16.57 12 ESTIMATOR 706.871521 0.0135 687.150024 1.350021 688.139893
16.59 12 DL_VALUE 11 461.
16.59 12 NAVIGATION 0 0 0 0 286 0. 570986.7
16.65 12 DOWNLINK_STATUS 15 2512 172 0 295. 20.
16.66 12 WP_MOVED 0 358113. 4822203. 702.
17.01 12 COMMANDS 12,-15,-3284,-549
17.01 12 NAVIGATION 0 0 0 0 286 0. 570986.7
17.01 12 ATTITUDE 0 0 0
17.02 12 GYRO_RATES -10 -14 11 0.087266 -0.122173 -0.095993
17.43 12 FBW_STATUS 0 0 120
17.43 12 ESTIMATOR 706.88501 -0.011556 688.5 -1.155624 688.319946
17.43 12 BAT 3 120 0 0 11 11 0
17.43 12 CALIBRATION -6.884 0.037 0.5 0
17.44 12 NAVIGATION 0 0 0 0 286 0. 570986.7
17.44 12 WP_MOVED 1 358824.90625 4822110. 702.
17.44 12 SERVO -1739 -2169 9
17.65 12 DOWNLINK_STATUS 16 2681 184 0 169. 12.
17.87 12 NAVIGATION 0 0 0 0 286 0. 570986.7
17.87 12 ATTITUDE 0 0 0
17.87 12 ESTIMATOR 706.871521 0.019278 687.150024 1.927795 688.499939
17.87 12 DL_VALUE 12 1.35
17.87 12 NAVIGATION 0 0 0 0 286 0. 570986.7
17.87 12 WP_MOVED 2 358071. 4822161. 0.
17.89 12 COMMANDS 13,-9,-3277,-551
17.89 12 NAVIGATION 0 0 0 0 286 0. 570986.7
17.89 12 ATTITUDE 0 0 0
17.89 12 GYRO_RATES -10 -14 11 0.087266 -0.122173 -0.095993
18.08 12 FBW_STATUS 0 0 120
18.08 12 ESTIMATOR 706.88501 -0.006749 688.5 -0.674934 688.860046
18.08 12 NAVIGATION 0 0 0 0 286 0. 570986.7
18.08 12 WP_MOVED 0 358113. 4822203. 702.
18.29 12 DESIRED 0. -0.27 0. 0. 700.011 -2.
18.65 12 DOWNLINK_STATUS 17 2912 199 0 231. 15.
18.72 12 NAVIGATION 0 0 0 0 286 0. 570986.7
18.72 12 ATTITUDE 0 0 0
18.72 12 ESTIMATOR 706.871521 0.009666 687.150024 0.966644 688.320007
18.72 12 DL_VALUE 13 0.
18.72 12 NAVIGATION 0 0 0 0 286 0. 570986.7
18.91 12 WP_MOVED 1 358824.90625 4822110. 702.
18.91 12 COMMANDS 12,7,-3285,-539
18.91 12 NAVIGATION 0 0 0 0 286 0. 570986.7
18.91 12 ATTITUDE 0 0 0
18.91 12 GYRO_RATES -11 -14 10 0.095993 -0.122173 -0.087266
18.91 12 FBW_STATUS 0 0 120
18.91 12 ESTIMATOR 706.88501 0.017335 688.5 1.733475 688.769897
18.91 12 CALIBRATION -6.882 0.037 0.5 0
19.01 12 NAVIGATION 0 0 0 0 286 0. 570986.7
19.01 12 WP_MOVED 2 358071. 4822161. 0.
19.01 12 SERVO -1739 -2388 5
19.20 12 DESIRED 0. -0.27 0. 0. 700.001 -2.
19.34 12 NAVIGATION 0 0 0 0 286 0. 570986.7
19.34 12 ATTITUDE 0 0 0
19.34 12 ESTIMATOR 706.88501 -0.002862 688.5 -0.286179 688.679871
19.65 12 DOWNLINK_STATUS 18 3214 219 0 302. 20.
20.00 12 DL_VALUE 14 0.
20.00 12 NAVIGATION 0 0 0 0 286 0. 570986.7
20.00 12 WP_MOVED 0 358113. 4822203. 702.
20.11 12 COMMANDS 5,6,-3291,-688
20.11 12 NAVIGATION 0 0 0 0 286 0. 570986.7
20.11 12 ATTITUDE 0 0 0
20.11 12 GYRO_RATES -10 -14 11 0.087266 -0.122173 -0.095993
20.11 12 FBW_STATUS 0 0 120
20.11 12 ESTIMATOR 706.898499 -0.02025 689.850037 -2.024994 688.769775
20.11 12 ACTUATORS 1324,1671,0,1201,1524,1201
20.20 12 WP_MOVED 1 358824.90625 4822110. 702.
20.20 12 DESIRED 0. -0.27 0. 0. 700.002 -2.
20.20 12 NAVIGATION 0 0 0 0 286 0. 570986.7
20.20 12 ATTITUDE 0 0 0
20.20 12 PPRZ_MODE 0 3 0 0 0 1 0
20.65 12 DOWNLINK_STATUS 19 3429 234 0 215. 15.
20.93 12 ESTIMATOR 706.88501 -2.7e-05 688.5 -0.002708 688.049866
20.93 12 DL_VALUE 15 0.75
20.95 12 NAVIGATION 0 0 0 0 286 0. 570986.7
20.95 12 WP_MOVED 2 358071. 4822161. 0.
21.03 12 COMMANDS 53,10,-3198,-544
21.03 12 NAVIGATION 0 0 0 0 286 0. 570986.7
21.03 12 ATTITUDE 0 0 0
21.03 12 GYRO_RATES -10 -13 11 0.087266 -0.113446 -0.095993
21.03 12 FBW_STATUS 0 0 120
21.03 12 ESTIMATOR 706.88501 -0.00575 688.5 -0.574989 688.22998
21.03 12 BAT 10 120 0 0 15 15 0
21.21 12 NAVIGATION 0 0 0 0 286 0. 570986.7
21.21 12 WP_MOVED 0 358113. 4822203. 702.
21.21 12 SERVO -1739 -2169 8
21.21 12 DESIRED 0. -0.27 0. 0. 700. -2.
21.21 12 NAVIGATION 0 0 0 0 286 0. 570986.7
21.21 12 ATTITUDE 0 0 0
21.22 12 ESTIMATOR 706.898499 0.000998 689.850037 0.099831 688.320007
21.49 12 DL_VALUE 16 25000.
21.49 12 NAVIGATION 0 0 0 0 286 0. 570986.7
21.65 12 DOWNLINK_STATUS 20 3729 254 0 300. 20.
21.93 12 WP_MOVED 1 358824.90625 4822110. 702.
21.93 12 COMMANDS 5,-12,-3306,-534
21.93 12 NAVIGATION 0 0 0 0 286 0. 570986.7
21.93 12 ATTITUDE 0 0 0
21.93 12 GYRO_RATES -11 -14 10 0.095993 -0.122173 -0.087266
21.94 12 FBW_STATUS 0 0 120
21.94 12 ESTIMATOR 706.88501 -0.00675 688.5 -0.675011 688.499939
22.33 12 NAVIGATION 0 0 0 0 286 0. 570986.7
22.33 12 WP_MOVED 2 358071. 4822161. 0.
22.33 12 DESIRED 0. -0.27 0. 0. 700. -2.
22.33 12 NAVIGATION 0 0 0 0 286 0. 570986.7
22.33 12 ATTITUDE 0 0 0
22.40 12 ESTIMATOR 706.871521 -0.016389 687.150024 -1.63887 688.229919
22.40 12 DL_VALUE 17 25000.
22.40 12 NAVIGATION 0 0 0 0 286 0. 570986.7
22.40 12 WP_MOVED 0 358113. 4822203. 702.
22.65 12 DOWNLINK_STATUS 21 3975 270 0 246. 16.
22.81 12 COMMANDS 10,-46,-3337,-523
22.81 12 NAVIGATION 0 0 0 0 286 0. 570986.7
22.81 12 ATTITUDE 0 0 0
22.81 12 GYRO_RATES -10 -14 11 0.087266 -0.122173 -0.095993
22.81 12 FBW_STATUS 0 0 120
22.82 12 ESTIMATOR 706.88501 0.024111 688.5 2.411079 688.589844
22.82 12 BAT 8 120 0 0 17 17 0
22.91 12 NAVIGATION 0 0 0 0 286 0. 570986.7
22.95 12 WP_MOVED 1 358824.90625 4822110. 702.
22.95 12 SERVO -1853 -2169 17
22.95 12 DESIRED 0. -0.27 0. 0. 700.002 -2.
22.97 12 NAVIGATION 0 0 0 0 286 0. 570986.7
22.97 12 ATTITUDE 0 0 0
23.19 12 ESTIMATOR 706.898499 -0.010611 689.850037 -1.061134 688.769958
23.35 12 DL_VALUE 18 0.75
23.35 12 NAVIGATION 0 0 0 0 286 0. 570986.7
23.35 12 WP_MOVED 2 358071. 4822161. 0.
23.35 12 NAVIGATION_REF 358071 4822161 31
23.50 12 COMMANDS 0,3,-3373,-626
23.50 12 NAVIGATION 0 0 0 0 286 0. 570986.7
23.50 12 ATTITUDE 0 0 0
23.50 12 GYRO_RATES -11 -13 11 0.095993 -0.113446 -0.095993
23.50 12 FBW_STATUS 0 0 120
23.67 12 DOWNLINK_STATUS 22 4301 293 0 326. 23.
23.70 12 ESTIMATOR 706.871521 -0.005751 687.150024 -0.575066 688.499878
23.70 12 NAVIGATION 0 0 0 0 286 0. 570986.7
23.70 12 WP_MOVED 0 358113. 4822203. 702.
24.43 12 DESIRED 0. -0.27 0. 0. 700.002 -2.
24.43 12 NAVIGATION 0 0 0 0 286 0. 570986.7
24.43 12 ATTITUDE 0 0 0
24.43 12 ESTIMATOR 706.88501 0.022195 688.5 2.219467 688.769836
24.55 12 DL_VALUE 19 13000.
24.55 12 NAVIGATION 0 0 0 0 286 0. 570986.7
24.55 12 WP_MOVED 1 358824.90625 4822110. 702.
24.55 12 COMMANDS 34,17,-3232,-543
24.55 12 NAVIGATION 0 0 0 0 286 0. 570986.7
24.55 12 ATTITUDE 0 0 0
24.56 12 GYRO_RATES -10 -14 10 0.087266 -0.122173 -0.087266
24.56 12 FBW_STATUS 0 0 120
24.61 12 BAT 9 120 0 0 19 19 0
24.61 12 ACTUATORS 1330,1670,0,1200,1528,1200
24.61 12 CALIBRATION -6.885 0.037 0.5 0
24.61 12 NAVIGATION 0 0 0 0 286 0. 570986.7
24.65 12 DOWNLINK_STATUS 23 4594 312 0 293. 19.
24.67 12 WP_MOVED 2 358071. 4822161. 0.
24.67 12 SERVO -1739 -2169 7
24.90 12 DESIRED 0. -0.27 0. 0. 700.001 -2.
24.90 12 NAVIGATION 0 0 0 0 286 0. 570986.7
24.90 12 ATTITUDE 0 0 0
24.90 12 PPRZ_MODE 0 3 0 0 0 1 0
25.32 12 ESTIMATOR 706.88501 0.018333 688.5 1.833267 688.589966
25.32 12 DL_VALUE 20 13000.
25.46 12 NAVIGATION 0 0 0 0 286 0. 570986.7
25.47 12 WP_MOVED 0 358113. 4822203. 702.
25.47 12 COMMANDS 12,7,-3277,-546
25.47 12 NAVIGATION 0 0 0 0 286 0. 570986.7
25.47 12 ATTITUDE 0 0 0
25.47 12 GYRO_RATES -10 -13 11 0.087266 -0.113446 -0.095993
25.66 12 DOWNLINK_STATUS 24 4797 326 0 203. 14.
26.66 12 DOWNLINK_STATUS 25 4797 326 0 0. 0.
27.66 12 DOWNLINK_STATUS 26 4797 326 0 0. 0.
28.66 12 DOWNLINK_STATUS 27 4797 326 0 0. 0.
29.66 12 DOWNLINK_STATUS 28 4797 326 0 0. 0.
30.67 12 DOWNLINK_STATUS 29 4797 326 0 0. 0.
31.67 12 DOWNLINK_STATUS 30 4797 326 0 0. 0.
31.74 12 FBW_STATUS 0 0 120
31.74 12 ESTIMATOR 706.88501 -0.004807 688.5 -0.48069 688.94989
31.74 12 NAVIGATION 0 0 0 0 286 0. 570986.7
31.74 12 WP_MOVED 1 358824.90625 4822110. 702.
31.74 12 DESIRED 0. -0.27 0. 0. 700.001 -2.
31.85 12 NAVIGATION 0 0 0 0 286 0. 570986.7
31.85 12 ATTITUDE 0 0 0
31.85 12 ESTIMATOR 706.898499 0.001916 689.850037 0.191612 688.859863
31.85 12 DL_VALUE 27 0.037
31.85 12 NAVIGATION 0 0 0 0 286 0. 570986.7
31.85 12 WP_MOVED 2 358071. 4822161. 0.
31.85 12 NAVIGATION_REF 358071 4822161 31
32.02 12 COMMANDS 8,9,-3279,-541
32.02 12 NAVIGATION 0 0 0 0 286 0. 570986.7
32.02 12 ATTITUDE 0 0 0
32.02 12 GYRO_RATES -10 -14 10 0.087266 -0.122173 -0.087266
32.02 12 FBW_STATUS 0 0 120
32.02 12 ESTIMATOR 706.88501 -0.0135 688.5 -1.350021 688.77002
32.02 12 BAT 10 120 0 0 27 27 0
32.20 12 CALIBRATION -6.886 0.037 0.5 0
32.20 12 NAVIGATION 0 0 0 0 286 0. 570986.7
32.20 12 WP_MOVED 0 358113. 4822203. 702.
32.20 12 SERVO -1739 -2169 15
32.29 12 DESIRED 0. -0.27 0. 0. 700.003 -2.
32.61 12 NAVIGATION 0 0 0 0 286 0. 570986.7
32.61 12 ATTITUDE 0 0 0
32.61 12 ESTIMATOR 706.88501 -0.011529 688.5 -1.152878 688.139893
32.61 12 DL_VALUE 28 0.
32.61 12 NAVIGATION 0 0 0 0 286 0. 570986.7
32.66 12 DOWNLINK_STATUS 31 5235 355 0 438. 29.
32.78 12 WP_MOVED 1 358824.90625 4822110. 702.
33.68 12 DOWNLINK_STATUS 32 5250 356 0 15. 1.
34.37 12 PPRZ_MODE 0 3 0 0 0 1 0
34.37 12 ESTIMATOR 706.857971 0.029889 685.799988 2.98893 688.229919
34.37 12 GYRO_RATES -10 -14 11 0.087266 -0.122173 -0.095993
34.37 12 FBW_STATUS 0 0 120
34.37 12 ESTIMATOR 706.88501 -0.027028 688.5 -2.702827 688.499878
34.37 12 BAT 9 120 0 0 29 29 0
34.47 12 CALIBRATION -6.885 0.037 0.5 0
34.47 12 NAVIGATION 0 0 0 0 286 0. 570986.7
34.47 12 WP_MOVED 1 358824.90625 4822110. 702.
34.47 12 SERVO -1739 -2169 6
34.47 12 DESIRED 0. -0.27 0. 0. 700.003 -2.
34.47 12 NAVIGATION 0 0 0 0 286 0. 570986.7
34.47 12 ATTITUDE 0 0 0
34.67 12 DOWNLINK_STATUS 33 5450 369 0 200. 13.
34.87 12 PPRZ_MODE 0 3 0 0 0 1 0
34.87 12 ESTIMATOR 706.857971 0.029889 685.799988 2.98893 688.229919
34.87 12 DL_VALUE 30 1.
34.87 12 NAVIGATION 0 0 0 0 286 0. 570986.7
34.87 12 WP_MOVED 2 358071. 4822161. 0.
34.87 12 COMMANDS 0,68,-3213,-483
34.87 12 NAVIGATION 0 0 0 0 286 0. 570986.7
34.87 12 ATTITUDE 0 0 0
34.89 12 FBW_STATUS 0 0 120
34.89 12 ESTIMATOR 706.88501 0.011555 688.5 1.155548 688.319824
35.38 12 NAVIGATION 0 0 0 0 286 0. 570986.7
35.38 12 WP_MOVED 0 358113. 4822203. 702.
35.38 12 DESIRED 0. -0.27 0. 0. 700.01 -2.
35.38 12 NAVIGATION 0 0 0 0 286 0. 570986.7
35.38 12 ATTITUDE 0 0 0
35.38 12 ESTIMATOR 706.88501 -0.015471 688.5 -1.54705 688.949951
35.42 12 DL_VALUE 31 0.
35.42 12 NAVIGATION 0 0 0 0 286 0. 570986.7
35.42 12 WP_MOVED 1 358824.90625 4822110. 702.
35.65 12 COMMANDS 12,-60,-3350,-446
35.65 12 NAVIGATION 0 0 0 0 286 0. 570986.7
35.65 12 ATTITUDE 0 0 0
35.65 12 GYRO_RATES -10 -13 11 0.087266 -0.113446 -0.095993
35.67 12 DOWNLINK_STATUS 34 5789 392 0 339. 23.
35.79 12 FBW_STATUS 0 0 120
35.79 12 ESTIMATOR 706.857971 0.000973 685.799988 0.097275 688.140015
35.79 12 BAT 16 120 0 0 31 31 0
35.81 12 CALIBRATION -6.885 0.037 0.5 0
35.81 12 NAVIGATION 0 0 0 0 286 0. 570986.7
36.21 12 WP_MOVED 2 358071. 4822161. 0.
36.25 12 SERVO -1739 -2169 0
36.25 12 DESIRED 0. -0.27 0. 0. 700. -2.
36.25 12 NAVIGATION 0 0 0 0 286 0. 570986.7
36.25 12 ATTITUDE 0 0 0
36.25 12 ESTIMATOR 706.88501 0.013446 688.5 1.344604 688.499939
36.39 12 DL_VALUE 32 0.
36.39 12 NAVIGATION 0 0 0 0 286 0. 570986.7
36.39 12 WP_MOVED 0 358113. 4822203. 702.
36.64 12 COMMANDS 10,17,-3284,-544
36.64 12 NAVIGATION 0 0 0 0 286 0. 570986.7
36.64 12 ATTITUDE 0 0 0
36.64 12 GYRO_RATES -10 -13 11 0.087266 -0.113446 -0.095993
36.64 12 FBW_STATUS 0 0 120
36.64 12 ESTIMATOR 706.898499 0.013554 689.850037 1.3554 688.859985
36.69 12 DOWNLINK_STATUS 35 6084 412 0 295. 20.
36.81 12 NAVIGATION 0 0 0 0 286 0. 570986.7
36.81 12 WP_MOVED 1 358824.90625 4822110. 702.
37.02 12 DESIRED 0. -0.27 0. 0. 700.002 -0.052
37.44 12 NAVIGATION 0 0 0 0 286 0. 570986.7
37.44 12 ATTITUDE 0 0 0
37.44 12 ESTIMATOR 700.189026 -9.569636 18.9 -956.963623 242.009964
37.44 12 DL_VALUE 33 0.037
37.44 12 NAVIGATION 0 0 0 0 286 0. 570986.7
37.53 12 WP_MOVED 2 358071. 4822161. 0.
37.53 12 COMMANDS 12,15,-3268,-543
37.53 12 NAVIGATION 0 0 0 0 286 0. 570986.7
37.53 12 ATTITUDE 0 0 0
37.53 12 GYRO_RATES -9 -2 10 0.07854 -0.017453 -0.087266
37.53 12 FBW_STATUS 0 0 120
37.60 12 ESTIMATOR 700.27002 -0.020196 27. -2.019598 19.349934
37.60 12 BAT 10 120 0 0 33 33 0
37.68 12 DOWNLINK_STATUS 36 6329 428 0 245. 16.
37.93 12 CALIBRATION -5.541 0.037 0.5 0
37.93 12 NAVIGATION 0 0 0 0 286 0. 570986.7
37.93 12 WP_MOVED 0 358113. 4822203. 702.
37.94 12 SERVO -4008 -1079 15
38.01 12 DESIRED 0. -0.27 0. 0. 700.003 -0.044
38.01 12 NAVIGATION 0 0 0 0 286 0. 570986.7
38.01 12 ATTITUDE 0 0 0
38.08 12 ESTIMATOR 700.189026 8.656336 18.9 865.633545 153.71994
38.10 12 DL_VALUE 34 0.037
38.18 12 NAVIGATION 0 0 0 0 286 0. 570986.7
38.20 12 WP_MOVED 1 358824.90625 4822110. 702.
38.70 12 DOWNLINK_STATUS 37 6499 439 0 170. 11.
39.70 12 DOWNLINK_STATUS 38 6499 439 0 0. 0.
40.70 12 DOWNLINK_STATUS 39 6499 439 0 0. 0.
41.70 12 DOWNLINK_STATUS 40 6499 439 0 0. 0.
42.71 12 DOWNLINK_STATUS 41 6499 439 0 0. 0.
42.86 12 COMMANDS 8,-6,-3288,-548
42.86 12 NAVIGATION 0 0 0 0 286 0. 570986.7
42.86 12 ATTITUDE 0 0 0
42.86 12 GYRO_RATES -10 -14 11 0.087266 -0.122173 -0.095993
42.86 12 FBW_STATUS 0 0 120
42.86 12 ESTIMATOR 706.88501 0.003889 688.5 0.388947 688.230103
42.86 12 NAVIGATION 0 0 0 0 286 0. 570986.7
42.95 12 DESIRED 0. -0.27 0. 0. 700.004 -2.
42.95 12 NAVIGATION 0 0 0 0 286 0. 570986.7
42.95 12 ATTITUDE 0 0 0
42.95 12 ESTIMATOR 706.88501 -0.011528 688.5 -1.15284 688.320007
42.95 12 DL_VALUE 39 0.045
42.95 12 NAVIGATION 0 0 0 0 286 0. 570986.7
43.72 12 DOWNLINK_STATUS 42 6700 452 0 201. 13.
44.72 12 DOWNLINK_STATUS 43 6700 452 0 0. 0.
45.72 12 DOWNLINK_STATUS 44 6700 452 0 0. 0.
46.73 12 DOWNLINK_STATUS 45 6700 452 0 0. 0.
47.74 12 DOWNLINK_STATUS 46 6700 452 0 0. 0.
48.27 12 ATTITUDE 0 0 0
48.27 12 GYRO_RATES 2 82 11 -0.017453 0.715585 -0.095993
48.27 12 FBW_STATUS 0 0 120
48.27 12 ESTIMATOR 706.88501 -0.028891 688.5 -2.889099 688.499939
48.27 12 ACTUATORS 1331,1671,0,1200,1529,1200
48.27 12 NAVIGATION 0 0 0 0 286 0. 570986.7
48.27 12 WP_MOVED 1 358824.90625 4822110. 702.
48.44 12 NAVIGATION 0 0 0 0 286 0. 570986.7
48.44 12 ATTITUDE 0 0 0
48.44 12 PPRZ_MODE 0 3 0 0 0 1 0
48.44 12 ESTIMATOR 706.88501 0.013446 688.5 1.344643 688.410095
48.44 12 DL_VALUE 0 700.012939
48.62 12 NAVIGATION 0 0 0 0 286 0. 570986.7
48.74 12 DOWNLINK_STATUS 47 6885 465 0 185. 13.
49.07 12 WP_MOVED 2 358071. 4822161. 0.
49.07 12 NAVIGATION_REF 358071 4822161 31
49.07 12 COMMANDS 10,4,-3276,-539
49.07 12 NAVIGATION 0 0 0 0 286 0. 570986.7
49.07 12 ATTITUDE 0 0 0
49.07 12 GYRO_RATES -6 -2 10 0.05236 -0.017453 -0.087266
49.07 12 FBW_STATUS 0 0 120
49.07 12 ESTIMATOR 706.88501 0.006778 688.5 0.677795 688.320068
49.48 12 CALIBRATION -6.882 0.037 0.5 0
49.48 12 NAVIGATION 0 0 0 0 286 0. 570986.7
49.48 12 WP_MOVED 0 358113. 4822203. 702.
49.48 12 SERVO -2080 5247 0
49.48 12 DESIRED 0. -0.27 0. 0. 700. -2.
49.48 12 NAVIGATION 0 0 0 0 286 0. 570986.7
49.54 12 ESTIMATOR 706.871521 0.001944 687.150024 0.194435 688.140076
49.54 12 DL_VALUE 1 1.
49.54 12 NAVIGATION 0 0 0 0 286 0. 570986.7
49.54 12 WP_MOVED 1 358824.90625 4822110. 702.
49.72 12 COMMANDS 10,0,-3279,-529
49.72 12 NAVIGATION 0 0 0 0 286 0. 570986.7
49.72 12 ATTITUDE 0 0 0
49.72 12 GYRO_RATES -6 12 11 0.05236 0.10472 -0.095993
49.75 12 DOWNLINK_STATUS 48 7214 487 0 329. 22.
49.90 12 FBW_STATUS 0 0 120
49.90 12 ESTIMATOR 706.857971 0.009639 685.799988 0.963898 688.05011
50.39 12 NAVIGATION 0 0 0 0 286 0. 570986.7
50.41 12 WP_MOVED 2 358071. 4822161. 0.
50.41 12 DESIRED 0. -0.27 0. 0. 700.001 -2.
50.41 12 NAVIGATION 0 0 0 0 286 0. 570986.7
50.41 12 ATTITUDE 0 0 0
50.41 12 ESTIMATOR 706.88501 0.0125 688.5 1.250038 687.960083
50.75 12 DL_VALUE 2 0.
50.79 12 NAVIGATION 0 0 0 0 286 0. 570986.7
50.79 12 WP_MOVED 0 358113. 4822203. 702.
50.79 12 COMMANDS 9,6,-3291,-553
50.79 12 NAVIGATION 0 0 0 0 286 0. 570986.7
50.79 12 ATTITUDE 0 0 0
50.79 12 GYRO_RATES -46 -133 8 0.401426 -1.160644 -0.069813
50.79 12 FBW_STATUS 0 0 120
50.79 12 BAT 8 120 0 0 47 47 0
50.79 12 DOWNLINK_STATUS 49 7464 504 0 250. 17.
50.82 12 CALIBRATION -6.883 0.037 0.5 0
50.82 12 NAVIGATION 0 0 0 0 286 0. 570986.7
51.47 12 WP_MOVED 1 358824.90625 4822110. 702.
51.48 12 SERVO 3705 -3478 7
51.48 12 DESIRED 0. -0.27 0. 0. 700.002 -2.
51.48 12 NAVIGATION 0 0 0 0 286 0. 570986.7
51.48 12 ATTITUDE 0 0 0
51.48 12 ESTIMATOR 706.88501 0.005833 688.5 0.583305 688.590088
51.75 12 DOWNLINK_STATUS 50 7594 512 0 130. 8.
51.87 12 DL_VALUE 3 0.
51.87 12 NAVIGATION 0 0 0 0 286 0. 570986.7
51.87 12 WP_MOVED 2 358071. 4822161. 0.
51.87 12 COMMANDS 76,-9,-3159,-546
51.87 12 NAVIGATION 0 0 0 0 286 0. 570986.7
51.87 12 ATTITUDE 0 0 0
51.87 12 GYRO_RATES -21 -101 10 0.18326 -0.881391 -0.087266
51.87 12 FBW_STATUS 0 0 120
51.91 12 NAVIGATION 0 0 0 0 286 0. 570986.7
51.91 12 WP_MOVED 0 358113. 4822203. 702.
52.37 12 DESIRED 0. -0.27 0. 0. 700. -2.
52.41 12 NAVIGATION 0 0 0 0 286 0. 570986.7
52.41 12 ATTITUDE 0 0 0
52.41 12 ESTIMATOR 706.88501 -0.071442 688.5 -7.144241 687.06012
52.41 12 DL_VALUE 4 0.
52.41 12 NAVIGATION 0 0 0 0 286 0. 570986.7
52.75 12 DOWNLINK_STATUS 51 7828 528 0 234. 16.
52.80 12 WP_MOVED 1 358824.90625 4822110. 702.
52.80 12 COMMANDS 38,119,-3263,-603
52.80 12 NAVIGATION 0 0 0 0 286 0. 570986.7
52.80 12 ATTITUDE 0 0 0
52.80 12 GYRO_RATES -13 -30 10 0.113446 -0.261799 -0.087266
52.80 12 FBW_STATUS 0 0 120
52.80 12 ESTIMATOR 706.88501 0.078948 688.5 7.894821 686.610046
52.83 12 ACTUATORS 1329,1672,0,1200,1528,1200
52.83 12 CALIBRATION -6.881 0.037 0.5 0
52.83 12 NAVIGATION 0 0 0 0 286 0. 570986.7
52.83 12 WP_MOVED 2 358071. 4822161. 0.
52.83 12 SERVO -151 -2606 0
52.91 12 DESIRED 0. -0.27 0. 0. 700.003 -2.
53.57 12 NAVIGATION 0 0 0 0 286 0. 570986.7
53.61 12 ATTITUDE 0 0 0
53.61 12 PPRZ_MODE 0 3 0 0 0 1 0
53.61 12 ESTIMATOR 706.871521 0.020278 687.150024 2.027779 688.140076
53.61 12 DL_VALUE 5 0.
53.61 12 NAVIGATION 0 0 0 0 286 0. 570986.7
53.61 12 WP_MOVED 0 358113. 4822203. 702.
53.75 12 DOWNLINK_STATUS 52 8121 548 0 293. 20.
54.77 12 DOWNLINK_STATUS 53 8121 548 0 0. 0.
54.88 12 ATTITUDE 0 0 0
54.88 12 WP_MOVED 2 358071. 4822161. 0.
54.88 12 COMMANDS 9,0,-3287,-539
54.88 12 NAVIGATION 0 0 0 0 286 0. 570986.7
54.88 12 ATTITUDE 0 0 0
54.88 12 GYRO_RATES -10 -13 10 0.087266 -0.113446 -0.087266
54.88 12 FBW_STATUS 0 0 120
54.98 12 BAT 6 120 0 0 51 51 0
54.98 12 CALIBRATION -6.88 0.037 0.5 0
54.98 12 NAVIGATION 0 0 0 0 286 0. 570986.7
54.98 12 WP_MOVED 0 358113. 4822203. 702.
54.98 12 SERVO -1853 -2169 2
54.98 12 DESIRED 0. -0.27 0. 0. 700. -2.
55.77 12 DOWNLINK_STATUS 54 8302 561 0 181. 13.
56.56 12 SERVO -1739 -2169 10
56.57 12 ATTITUDE 0 0 0
56.57 12 ESTIMATOR 706.88501 -0.011528 688.5 -1.152802 688.050049
56.57 12 DL_VALUE 8 0.
56.57 12 NAVIGATION 0 0 0 0 286 0. 570986.7
56.57 12 WP_MOVED 0 358113. 4822203. 702.
56.68 12 COMMANDS 3,4,-3298,-544
56.68 12 NAVIGATION 0 0 0 0 286 0. 570986.7
56.68 12 ATTITUDE 0 0 0
56.68 12 GYRO_RATES -10 -13 11 0.087266 -0.113446 -0.095993
56.68 12 FBW_STATUS 0 0 120
56.68 12 ESTIMATOR 706.88501 -0.006776 688.5 -0.677605 688.320068
56.68 12 BAT 8 120 0 0 53 53 0
56.77 12 DOWNLINK_STATUS 55 8478 574 0 176. 13.
57.78 12 PPRZ_MODE 0 3 0 0 0 1 0
57.78 12 ESTIMATOR 706.871521 0.018306 687.150024 1.830559 688.5
57.78 12 NAVIGATION_REF 358071 4822161 31
57.78 12 COMMANDS 13,-155,-3282,-549
57.78 12 NAVIGATION 0 0 0 0 286 0. 570986.7
57.78 12 ATTITUDE 0 0 0
57.78 12 GYRO_RATES -10 -13 10 0.087266 -0.113446 -0.087266
57.78 12 DOWNLINK_STATUS 56 8577 581 0 99. 7.
57.88 12 ESTIMATOR 706.871521 0.025028 687.150024 2.502785 688.409973
57.88 12 ACTUATORS 1329,1670,0,1200,1528,1200
57.88 12 NAVIGATION 0 0 0 0 286 0. 570986.7
57.88 12 WP_MOVED 0 358113. 4822203. 702.
57.88 12 DESIRED 0. -0.27 0. 0. 700. -2.
58.28 12 PPRZ_MODE 0 3 0 0 0 1 0
58.28 12 ESTIMATOR 706.871521 0.018306 687.150024 1.830559 688.5
58.28 12 DL_VALUE 10 492.
58.28 12 NAVIGATION 0 0 0 0 286 0. 570986.7
58.28 12 WP_MOVED 1 358824.90625 4822110. 702.
58.28 12 COMMANDS 24,159,-3276,-573
58.28 12 NAVIGATION 0 0 0 0 286 0. 570986.7
58.78 12 DOWNLINK_STATUS 57 8773 593 0 196. 12.
59.82 12 DOWNLINK_STATUS 58 8773 593 0 0. 0.
60.82 12 DOWNLINK_STATUS 59 8773 593 0 0. 0.
60.89 12 CALIBRATION -6.88 0.037 0.5 0
60.89 12 NAVIGATION 0 0 0 0 286 0. 570986.7
60.89 12 WP_MOVED 0 358113. 4822203. 702.
60.89 12 SERVO -1739 -2169 15
60.89 12 DESIRED 0. -0.27 0. 0. 700.003 -2.
60.89 12 NAVIGATION 0 0 0 0 286 0. 570986.7
60.89 12 ATTITUDE 0 0 0
61.08 12 DL_VALUE 13 0.
61.08 12 NAVIGATION 0 0 0 0 286 0. 570986.7
61.08 12 WP_MOVED 1 358824.90625 4822110. 702.
61.08 12 COMMANDS 9,6,-3279,-518
61.08 12 NAVIGATION 0 0 0 0 286 0. 570986.7
61.08 12 ATTITUDE 0 0 0
61.48 12 FBW_STATUS 0 0 120
61.49 12 ESTIMATOR 706.898499 -0.01639 689.850037 -1.638985 688.320129
61.49 12 NAVIGATION 0 0 0 0 286 0. 570986.7
61.49 12 WP_MOVED 2 358071. 4822161. 0.
61.49 12 DESIRED 0. -0.27 0. 0. 700.002 -2.
61.49 12 NAVIGATION 0 0 0 0 286 0. 570986.7
61.81 12 DOWNLINK_STATUS 60 9062 612 0 289. 19.
61.86 12 ESTIMATOR 706.88501 -0.004805 688.5 -0.480537 688.230103
61.86 12 DL_VALUE 14 0.
61.86 12 NAVIGATION 0 0 0 0 286 0. 570986.7
61.86 12 WP_MOVED 0 358113. 4822203. 702.
62.28 12 COMMANDS 3,-17,-3315,-538
62.28 12 NAVIGATION 0 0 0 0 286 0. 570986.7
62.28 12 ATTITUDE 0 0 0
62.28 12 GYRO_RATES -10 -13 10 0.087266 -0.113446 -0.087266
62.28 12 FBW_STATUS 0 0 120
62.28 12 ESTIMATOR 706.88501 0.009695 688.5 0.969467 688.500183
62.28 12 BAT 6 120 0 0 59 59 0
62.84 12 DOWNLINK_STATUS 61 9222 623 0 160. 11.
63.28 12 ATTITUDE 0 0 0
63.28 12 DL_VALUE 15 0.75
63.28 12 NAVIGATION 0 0 0 0 286 0. 570986.7
63.28 12 WP_MOVED 2 358071. 4822161. 0.
63.28 12 COMMANDS 11,-151,-3282,-546
63.28 12 NAVIGATION 0 0 0 0 286 0. 570986.7
63.28 12 ATTITUDE 0 0 0
63.83 12 DOWNLINK_STATUS 62 9307 630 0 85. 7.
64.83 12 DOWNLINK_STATUS 63 9307 630 0 0. 0.
65.84 12 DOWNLINK_STATUS 64 9307 630 0 0. 0.
66.59 12 CALIBRATION -6.879 0.037 0.5 0
66.59 12 NAVIGATION 0 0 0 0 286 0. 570986.7
66.59 12 WP_MOVED 0 358113. 4822203. 702.
66.59 12 SERVO -1853 -2169 0
66.59 12 DESIRED 0. -0.27 0. 0. 700. -2.
66.59 12 NAVIGATION 0 0 0 0 286 0. 570986.7
66.69 12 ESTIMATOR 706.88501 -0.029915 688.5 -2.991524 687.330017
66.69 12 DL_VALUE 19 13000.
66.69 12 NAVIGATION 0 0 0 0 286 0. 570986.7
66.69 12 WP_MOVED 1 358824.90625 4822110. 702.
66.69 12 COMMANDS 12,-4,-3280,-548
66.69 12 NAVIGATION 0 0 0 0 286 0. 570986.7
66.69 12 ATTITUDE 0 0 0
66.84 12 DOWNLINK_STATUS 65 9506 643 0 199. 13.
67.08 12 FBW_STATUS 0 0 120
67.08 12 ESTIMATOR 706.898499 0.011611 689.850037 1.161079 687.780029
67.08 12 ACTUATORS 1330,1671,0,1200,1528,1200
67.08 12 NAVIGATION 0 0 0 0 286 0. 570986.7
67.08 12 WP_MOVED 2 358071. 4822161. 0.
67.08 12 DESIRED 0. -0.27 0. 0. 700.002 -2.
67.48 12 NAVIGATION 0 0 0 0 286 0. 570986.7
67.48 12 ATTITUDE 0 0 0
67.48 12 PPRZ_MODE 0 3 0 0 0 1 0
67.48 12 ESTIMATOR 706.88501 -0.00675 688.5 -0.675011 688.140076
67.48 12 DL_VALUE 20 13000.
67.48 12 NAVIGATION 0 0 0 0 286 0. 570986.7
67.48 12 WP_MOVED 0 358113. 4822203. 702.
67.84 12 DOWNLINK_STATUS 66 9704 656 0 198. 13.
67.89 12 COMMANDS 17,1,-3277,-554
67.89 12 NAVIGATION 0 0 0 0 286 0. 570986.7
67.89 12 ATTITUDE 0 0 0
67.89 12 GYRO_RATES -10 -13 10 0.087266 -0.113446 -0.087266
67.89 12 FBW_STATUS 0 0 120
67.89 12 ESTIMATOR 706.898499 -6.029748 689.850037 -602.974854 601.560059
67.89 12 BAT 10 120 0 0 65 65 0
68.39 12 NAVIGATION 0 0 0 0 286 0. 570986.7
68.39 12 WP_MOVED 1 358824.90625 4822110. 702.
68.39 12 SERVO -1626 -2388 10
68.39 12 DESIRED 0. -0.27 0. 0. 700.002 -2.
68.39 12 NAVIGATION 0 0 0 0 286 0. 570986.7
68.39 12 ATTITUDE 0 0 0
68.84 12 DOWNLINK_STATUS 67 9895 669 0 191. 13.
69.84 12 DOWNLINK_STATUS 68 9895 669 0 0. 0.
70.84 12 DOWNLINK_STATUS 69 9895 669 0 0. 0.
71.84 12 DOWNLINK_STATUS 70 9895 669 0 0. 0.
72.84 12 DOWNLINK_STATUS 71 9895 669 0 0. 0.
73.84 12 DOWNLINK_STATUS 72 9895 669 0 0. 0.
74.84 12 DOWNLINK_STATUS 73 9895 669 0 0. 0.
75.84 12 DOWNLINK_STATUS 74 9895 669 0 0. 0.
76.84 12 DOWNLINK_STATUS 75 9895 669 0 0. 0.
77.84 12 DOWNLINK_STATUS 76 9895 669 0 0. 0.
78.84 12 DOWNLINK_STATUS 77 9895 669 0 0. 0.
79.84 12 DOWNLINK_STATUS 78 9895 669 0 0. 0.
80.84 12 DOWNLINK_STATUS 79 9895 669 0 0. 0.
81.84 12 DOWNLINK_STATUS 80 9895 669 0 0. 0.
82.84 12 DOWNLINK_STATUS 81 9895 669 0 0. 0.
83.84 12 DOWNLINK_STATUS 82 9895 669 0 0. 0.
84.84 12 DOWNLINK_STATUS 83 9895 669 0 0. 0.
