7.72 44 DL_VALUE 1 1.
7.76 44 PPRZ_MODE 2 3 1 0 0 5 0
7.76 44 FBW_STATUS 0 1 124
7.76 44 ESTIMATOR 700.634521 0.045306 63.450001 4.530606 61.649998
7.76 44 BAT 0 124 0 0 2 2 0
7.76 44 PPRZ_MODE 0 3 1 0 0 17 0
7.76 44 CALIBRATION -0.222 0.037 0.5 0
7.76 44 NAVIGATION 0 0 0 0 286 0. 570986.7
7.76 44 WP_MOVED 2 358071. 4822161. 0.
7.76 44 SERVO 7741 958 211
7.86 44 DESIRED 0. -0.01 0. 0. 700.044 -0.165
7.98 44 NAVIGATION 0 0 0 0 286 0. 570986.7
7.98 44 ATTITUDE 0 0 0
8.05 44 ESTIMATOR 700.674988 -0.05103 67.5 -5.102997 62.549999
8.15 44 DL_VALUE 2 0.
8.16 44 NAVIGATION 0 0 0 0 286 0. 570986.7
8.25 44 WP_MOVED 0 358113. 4822203. 702.
8.32 44 DOWNLINK_STATUS 6 344 26 0 344. 26.
8.47 44 COMMANDS 211,44,-83,-523
8.47 44 NAVIGATION 0 0 0 0 286 0. 570986.7
8.47 44 ATTITUDE 0 0 0
8.47 44 GYRO_RATES 3 -68 -38 -0.02618 -0.593412 0.331613
8.47 44 FBW_STATUS 0 0 124
8.53 44 ESTIMATOR 700.607483 -0.014364 60.75 -1.436388 62.009998
8.63 44 NAVIGATION 0 0 0 0 286 0. 570986.7
8.72 44 WP_MOVED 1 358824.90625 4822110. 702.
8.90 44 DESIRED 0. -0.01 0. 0. 700.043 -0.189
8.90 44 NAVIGATION 0 0 0 0 286 0. 570986.7
8.90 44 ATTITUDE 0 0 0
8.96 44 ESTIMATOR 700.661499 -0.091584 66.150002 -9.158406 61.919998
9.05 44 DL_VALUE 3 0.
9.08 44 NAVIGATION 0 0 0 0 286 0. 570986.7
9.16 44 WP_MOVED 2 358071. 4822161. 0.
9.32 44 DOWNLINK_STATUS 7 575 41 0 231. 15.
9.41 44 COMMANDS 209,47,-88,-518
9.41 44 NAVIGATION 0 0 0 0 286 0. 570986.7
9.41 44 ATTITUDE 0 0 0
9.41 44 GYRO_RATES 3 -68 -38 -0.02618 -0.593412 0.331613
9.41 44 FBW_STATUS 0 0 124
9.47 44 ESTIMATOR 700.607483 0.049221 60.75 4.92209 62.099998
9.47 44 BAT 212 124 0 0 4 4 0
9.57 44 CALIBRATION -0.449 0.037 0.5 0
9.57 44 NAVIGATION 0 0 0 0 286 0. 570986.7
9.66 44 WP_MOVED 0 358113. 4822203. 702.
9.66 44 SERVO 7741 740 212
9.83 44 DESIRED 0. -0.01 0. 0. 700.044 -0.185
9.83 44 NAVIGATION 0 0 0 0 286 0. 570986.7
9.83 44 ATTITUDE 0 0 0
9.90 44 ESTIMATOR 700.661499 -0.051354 66.150002 -5.135403 62.639999
9.99 44 DL_VALUE 4 0.
10.02 44 NAVIGATION 0 0 0 0 286 0. 570986.7
10.09 44 WP_MOVED 1 358824.90625 4822110. 702.
10.32 44 DOWNLINK_STATUS 8 843 59 0 268. 18.
10.44 44 COMMANDS 211,47,-85,-518
10.44 44 NAVIGATION 0 0 0 0 286 0. 570986.7
10.44 44 ATTITUDE 0 0 0
10.44 44 GYRO_RATES 3 -68 -39 -0.02618 -0.593412 0.340339
10.51 44 FBW_STATUS 0 0 124
10.51 44 ESTIMATOR 700.674988 -0.031887 67.5 -3.188694 60.659996
10.51 44 ACTUATORS 1501,1494,0,1217,1473
10.52 44 NAVIGATION 0 0 0 0 286 0. 570986.7
10.60 44 WP_MOVED 2 358071. 4822161. 0.
10.89 44 DESIRED 0. -0.01 0. 0. 700.044 -0.177
10.93 44 NAVIGATION 0 0 0 0 286 0. 570986.7
10.93 44 ATTITUDE 0 0 0
10.93 44 PPRZ_MODE 0 3 0 0 0 1 0
10.94 44 ESTIMATOR 700.620972 0.032886 62.100002 3.288596 61.379997
10.96 44 DL_VALUE 5 0.
10.96 44 NAVIGATION 0 0 0 0 286 0. 570986.7
11.05 44 WP_MOVED 0 358113. 4822203. 702.
11.28 44 COMMANDS 211,46,-85,-521
11.28 44 NAVIGATION 0 0 0 0 286 0. 570986.7
11.28 44 ATTITUDE 0 0 0
11.28 44 GYRO_RATES 3 -69 -39 -0.02618 -0.602139 0.340339
11.28 44 FBW_STATUS 0 0 124
11.32 44 DOWNLINK_STATUS 9 1158 81 0 315. 22.
11.34 44 ESTIMATOR 700.593994 -0.050058 59.400002 -5.005789 60.749996
11.34 44 BAT 211 124 0 0 6 6 0
11.44 44 CALIBRATION -0.564 0.037 0.5 0
11.44 44 NAVIGATION 0 0 0 0 286 0. 570986.7
11.54 44 WP_MOVED 1 358824.90625 4822110. 702.
11.54 44 SERVO 7741 740 211
11.71 44 DESIRED 0. -0.01 0. 0. 700.044 -0.161
11.71 44 NAVIGATION 0 0 0 0 286 0. 570986.7
11.71 44 ATTITUDE 0 0 0
11.77 44 ESTIMATOR 700.553528 0.066528 55.350002 6.652808 61.199997
11.86 44 DL_VALUE 6 0.
11.89 44 NAVIGATION 0 0 0 0 286 0. 570986.7
11.97 44 WP_MOVED 2 358071. 4822161. 0.
12.22 44 COMMANDS 211,46,-85,-521
12.22 44 NAVIGATION 0 0 0 0 286 0. 570986.7
12.22 44 ATTITUDE 0 0 0
12.22 44 GYRO_RATES 3 -68 -39 -0.02618 -0.593412 0.340339
12.22 44 FBW_STATUS 0 0 124
12.28 44 ESTIMATOR 700.553528 -0.018441 55.350002 -1.844091 60.389996
12.32 44 DOWNLINK_STATUS 10 1448 100 0 290. 19.
12.38 44 NAVIGATION 0 0 0 0 286 0. 570986.7
12.47 44 WP_MOVED 0 358113. 4822203. 702.
12.65 44 DESIRED 0. -0.01 0. 0. 700.044 -0.181
12.65 44 NAVIGATION 0 0 0 0 286 0. 570986.7
12.65 44 ATTITUDE 0 0 0
12.71 44 ESTIMATOR 700.661499 -0.010584 66.150002 -1.058409 60.299995
12.80 44 DL_VALUE 7 0.
12.83 44 NAVIGATION 0 0 0 0 286 0. 570986.7
12.90 44 WP_MOVED 1 358824.90625 4822110. 702.
13.17 44 COMMANDS 211,47,-85,-524
13.17 44 NAVIGATION 0 0 0 0 286 0. 570986.7
13.17 44 ATTITUDE 0 0 0
13.17 44 GYRO_RATES 3 -69 -39 -0.02618 -0.602139 0.340339
13.17 44 FBW_STATUS 0 0 124
13.22 44 ESTIMATOR 700.64801 0.045279 64.800003 4.527891 62.73
13.22 44 BAT 210 124 0 0 7 7 0
13.32 44 CALIBRATION -0.569 0.037 0.5 0
13.32 44 NAVIGATION 0 0 0 0 286 0. 570986.7
13.32 44 DOWNLINK_STATUS 11 1726 118 0 278. 18.
13.42 44 WP_MOVED 2 358071. 4822161. 0.
13.42 44 SERVO 7628 740 211
13.59 44 DESIRED 0. -0.01 0. 0. 700.044 -0.165
13.59 44 NAVIGATION 0 0 0 0 286 0. 570986.7
13.59 44 ATTITUDE 0 0 0
13.66 44 ESTIMATOR 700.607483 -0.026784 60.75 -2.678401 61.649998
13.74 44 DL_VALUE 8 0.
13.77 44 NAVIGATION 0 0 0 0 286 0. 570986.7
13.84 44 WP_MOVED 0 358113. 4822203. 702.
14.09 44 COMMANDS 211,46,-83,-519
14.09 44 NAVIGATION 0 0 0 0 286 0. 570986.7
14.09 44 ATTITUDE 0 0 0
14.09 44 GYRO_RATES 3 -69 -40 -0.02618 -0.602139 0.349066
14.09 44 FBW_STATUS 0 0 124
14.16 44 ESTIMATOR 700.620972 -0.038475 62.100002 -3.847506 61.649998
14.26 44 NAVIGATION 0 0 0 0 286 0. 570986.7
14.32 44 DOWNLINK_STATUS 12 1965 134 0 239. 16.
14.35 44 WP_MOVED 1 358824.90625 4822110. 702.
14.52 44 DESIRED 0. -0.01 0. 0. 700.044 -0.185
14.52 44 NAVIGATION 0 0 0 0 286 0. 570986.7
14.52 44 ATTITUDE 0 0 0
14.59 44 ESTIMATOR 700.553528 0.011556 55.350002 1.155617 59.489994
14.69 44 DL_VALUE 9 466.
14.71 44 NAVIGATION 0 0 0 0 286 0. 570986.7
14.79 44 WP_MOVED 2 358071. 4822161. 0.
14.79 44 NAVIGATION_REF 358071 4822161 31
15.04 44 COMMANDS 211,47,-83,-521
15.04 44 NAVIGATION 0 0 0 0 286 0. 570986.7
15.04 44 ATTITUDE 0 0 0
15.04 44 GYRO_RATES 3 -68 -40 -0.02618 -0.593412 0.349066
15.04 44 FBW_STATUS 0 0 124
15.10 44 ESTIMATOR 700.620972 -0.019332 62.100002 -1.933196 58.859993
15.10 44 BAT 211 124 0 0 9 9 0
15.20 44 ACTUATORS 1502,1494,0,1217,1473
15.20 44 CALIBRATION -0.572 0.037 0.5 0
15.20 44 NAVIGATION 0 0 0 0 286 0. 570986.7
15.29 44 WP_MOVED 0 358113. 4822203. 702.
15.29 44 SERVO 7741 740 211
15.32 44 DOWNLINK_STATUS 13 2272 155 0 307. 21.
15.47 44 DESIRED 0. -0.01 0. 0. 700.044 -0.193
15.47 44 NAVIGATION 0 0 0 0 286 0. 570986.7
15.47 44 ATTITUDE 0 0 0
15.47 44 PPRZ_MODE 0 3 0 0 0 1 0
15.53 44 ESTIMATOR 700.661499 0.064449 66.150002 6.444912 62.189999
15.66 44 DL_VALUE 10 492.
15.66 44 NAVIGATION 0 0 0 0 286 0. 570986.7
15.73 44 WP_MOVED 1 358824.90625 4822110. 702.
15.97 44 COMMANDS 211,46,-83,-521
15.97 44 NAVIGATION 0 0 0 0 286 0. 570986.7
15.97 44 ATTITUDE 0 0 0
15.97 44 GYRO_RATES 3 -68 -40 -0.02618 -0.593412 0.349066
15.97 44 FBW_STATUS 0 0 124
16.04 44 ESTIMATOR 700.620972 -0.052056 62.100002 -5.205603 61.289997
16.14 44 NAVIGATION 0 0 0 0 286 0. 570986.7
16.22 44 WP_MOVED 2 358071. 4822161. 0.
16.32 44 DOWNLINK_STATUS 14 2512 171 0 240. 16.
16.40 44 DESIRED 0. -0.01 0. 0. 700.044 -0.185
16.40 44 NAVIGATION 0 0 0 0 286 0. 570986.7
16.40 44 ATTITUDE 0 0 0
16.46 44 ESTIMATOR 700.661499 -0.016362 66.150002 -1.636193 60.839996
16.55 44 DL_VALUE 11 461.
16.58 44 NAVIGATION 0 0 0 0 286 0. 570986.7
16.66 44 WP_MOVED 0 358113. 4822203. 702.
16.92 44 COMMANDS 212,47,-81,-524
16.92 44 NAVIGATION 0 0 0 0 286 0. 570986.7
16.92 44 ATTITUDE 0 0 0
16.92 44 GYRO_RATES 3 -69 -40 -0.02618 -0.602139 0.349066
16.92 44 FBW_STATUS 0 0 124
16.97 44 ESTIMATOR 700.567017 0.031806 56.700001 3.18058 60.659996
16.97 44 BAT 211 124 0 0 11 11 0
17.07 44 CALIBRATION -0.582 0.037 0.5 0
17.07 44 NAVIGATION 0 0 0 0 286 0. 570986.7
17.17 44 WP_MOVED 1 358824.90625 4822110. 702.
17.17 44 SERVO 7741 740 211
17.32 44 DOWNLINK_STATUS 15 2780 189 0 268. 18.
17.33 44 DESIRED 0. -0.01 0. 0. 700.044 -0.153
17.33 44 NAVIGATION 0 0 0 0 286 0. 570986.7
17.33 44 ATTITUDE 0 0 0
17.40 44 ESTIMATOR 700.567017 0.071334 56.700001 7.133393 60.479996
17.49 44 DL_VALUE 12 1.35
17.52 44 NAVIGATION 0 0 0 0 286 0. 570986.7
17.59 44 WP_MOVED 2 358071. 4822161. 0.
17.84 44 COMMANDS 211,43,-86,-521
17.84 44 NAVIGATION 0 0 0 0 286 0. 570986.7
17.85 44 ATTITUDE 0 0 0
17.85 44 GYRO_RATES 3 -69 -40 -0.02618 -0.602139 0.349066
17.85 44 FBW_STATUS 0 0 123
17.90 44 ESTIMATOR 700.64801 0.014445 64.800003 1.444495 59.579994
18.00 44 NAVIGATION 0 0 0 0 286 0. 570986.7
18.10 44 WP_MOVED 0 358113. 4822203. 702.
18.27 44 DESIRED 0. -0.01 0. 0. 700.044 -0.165
18.27 44 NAVIGATION 0 0 0 0 286 0. 570986.7
18.27 44 ATTITUDE 0 0 0
18.32 44 DOWNLINK_STATUS 16 3063 207 0 283. 18.
18.34 44 ESTIMATOR 700.620972 0.045414 62.100002 4.541388 61.649998
18.43 44 DL_VALUE 13 0.
18.46 44 NAVIGATION 0 0 0 0 286 0. 570986.7
18.53 44 WP_MOVED 1 358824.90625 4822110. 702.
18.78 44 COMMANDS 212,47,-83,-521
18.78 44 NAVIGATION 0 0 0 0 286 0. 570986.7
18.78 44 ATTITUDE 0 0 0
18.78 44 GYRO_RATES 3 -69 -41 -0.02618 -0.602139 0.357792
18.78 44 FBW_STATUS 0 0 124
18.85 44 ESTIMATOR 700.64801 -0.045522 64.800003 -4.5522 62.189999
18.85 44 BAT 211 124 0 0 13 13 0
18.94 44 CALIBRATION -0.562 0.037 0.5 0
18.94 44 NAVIGATION 0 0 0 0 286 0. 570986.7
19.04 44 WP_MOVED 2 358071. 4822161. 0.
19.04 44 SERVO 7628 740 211
19.21 44 DESIRED 0. -0.01 0. 0. 700.044 -0.165
19.21 44 NAVIGATION 0 0 0 0 286 0. 570986.7
19.21 44 ATTITUDE 0 0 0
19.27 44 ESTIMATOR 700.634521 0.027027 63.450001 2.702689 61.649998
19.32 44 DOWNLINK_STATUS 17 3353 226 0 290. 19.
19.36 44 DL_VALUE 14 0.
19.39 44 NAVIGATION 0 0 0 0 286 0. 570986.7
19.47 44 WP_MOVED 0 358113. 4822203. 702.
19.77 44 COMMANDS 211,46,-85,-524
19.77 44 NAVIGATION 0 0 0 0 286 0. 570986.7
19.77 44 ATTITUDE 0 0 0
19.77 44 GYRO_RATES 3 -68 -40 -0.02618 -0.593412 0.349066
19.77 44 FBW_STATUS 0 0 124
19.77 44 ESTIMATOR 700.634521 0.0027 63.450001 0.270019 63.630001
19.82 44 ACTUATORS 1502,1494,0,1217,1473
19.92 44 NAVIGATION 0 0 0 0 286 0. 570986.7
19.93 44 WP_MOVED 1 358824.90625 4822110. 702.
20.03 44 DESIRED 0. -0.01 0. 0. 700.044 -0.153
20.15 44 NAVIGATION 0 0 0 0 286 0. 570986.7
20.15 44 ATTITUDE 0 0 0
20.15 44 PPRZ_MODE 0 3 0 0 0 1 0
20.22 44 ESTIMATOR 700.553528 0.070443 55.350002 7.044294 62.279999
20.32 44 DOWNLINK_STATUS 18 3606 243 0 253. 17.
20.33 44 DL_VALUE 15 0.75
20.33 44 NAVIGATION 0 0 0 0 286 0. 570986.7
20.41 44 WP_MOVED 2 358071. 4822161. 0.
20.66 44 COMMANDS 211,46,-85,-521
20.66 44 NAVIGATION 0 0 0 0 286 0. 570986.7
20.66 44 ATTITUDE 0 0 0
20.66 44 GYRO_RATES 3 -69 -41 -0.02618 -0.602139 0.357792
20.68 44 FBW_STATUS 0 0 124
20.73 44 ESTIMATOR 700.620972 -0.021411 62.100002 -2.141106 62.73
20.73 44 BAT 211 124 0 0 15 15 0
20.83 44 CALIBRATION -0.564 0.037 0.5 0
20.83 44 NAVIGATION 0 0 0 0 286 0. 570986.7
20.92 44 WP_MOVED 0 358113. 4822203. 702.
20.92 44 SERVO 7741 740 211
21.08 44 DESIRED 0. -0.01 0. 0. 700.044 -0.189
21.08 44 NAVIGATION 0 0 0 0 286 0. 570986.7
21.09 44 ATTITUDE 0 0 0
21.15 44 ESTIMATOR 700.64801 0.04914 64.800003 4.914002 64.170006
21.24 44 DL_VALUE 16 25000.
21.29 44 NAVIGATION 0 0 0 0 286 0. 570986.7
21.32 44 DOWNLINK_STATUS 19 3899 263 0 293. 20.
21.34 44 WP_MOVED 1 358824.90625 4822110. 702.
21.59 44 COMMANDS 211,49,-83,-521
21.59 44 NAVIGATION 0 0 0 0 286 0. 570986.7
21.59 44 ATTITUDE 0 0 0
21.59 44 GYRO_RATES 4 -68 -41 -0.034907 -0.593412 0.357792
21.59 44 FBW_STATUS 0 0 124
21.65 44 ESTIMATOR 700.661499 -0.064611 66.150002 -6.461103 62.550003
21.75 44 NAVIGATION 0 0 0 0 286 0. 570986.7
21.85 44 WP_MOVED 2 358071. 4822161. 0.
22.02 44 DESIRED 0. -0.01 0. 0. 700.044 -0.169
22.02 44 NAVIGATION 0 0 0 0 286 0. 570986.7
22.02 44 ATTITUDE 0 0 0
22.09 44 ESTIMATOR 700.674988 -0.059751 67.5 -5.975101 61.110001
22.19 44 DL_VALUE 17 25000.
22.21 44 NAVIGATION 0 0 0 0 286 0. 570986.7
22.29 44 WP_MOVED 0 358113. 4822203. 702.
22.32 44 DOWNLINK_STATUS 20 4145 279 0 246. 16.
22.53 44 COMMANDS 211,46,-83,-521
22.53 44 NAVIGATION 0 0 0 0 286 0. 570986.7
22.53 44 ATTITUDE 0 0 0
22.53 44 GYRO_RATES 3 -68 -41 -0.02618 -0.593412 0.357792
22.53 44 FBW_STATUS 0 0 124
22.60 44 ESTIMATOR 700.688477 -0.027891 68.849998 -2.789102 62.280003
22.60 44 BAT 211 124 0 0 17 17 0
22.70 44 CALIBRATION -0.573 0.037 0.5 0
22.70 44 NAVIGATION 0 0 0 0 286 0. 570986.7
22.79 44 WP_MOVED 1 358824.90625 4822110. 702.
22.79 44 SERVO 7628 740 211
22.96 44 DESIRED 0. -0.01 0. 0. 700.044 -0.185
22.96 44 NAVIGATION 0 0 0 0 286 0. 570986.7
22.96 44 ATTITUDE 0 0 0
23.02 44 ESTIMATOR 700.593994 -0.038448 59.400002 -3.844788 62.910004
23.12 44 DL_VALUE 18 0.75
23.14 44 NAVIGATION 0 0 0 0 286 0. 570986.7
23.24 44 WP_MOVED 2 358071. 4822161. 0.
23.27 44 NAVIGATION_REF 358071 4822161 31
23.32 44 DOWNLINK_STATUS 21 4424 298 0 279. 19.
23.47 44 COMMANDS 211,47,-85,-519
23.47 44 NAVIGATION 0 0 0 0 286 0. 570986.7
23.47 44 ATTITUDE 0 0 0
23.47 44 GYRO_RATES 3 -68 -41 -0.02618 -0.593412 0.357792
23.47 44 FBW_STATUS 0 0 124
23.53 44 ESTIMATOR 700.567017 0.052866 56.700001 5.286617 62.460003
23.62 44 NAVIGATION 0 0 0 0 286 0. 570986.7
23.72 44 WP_MOVED 0 358113. 4822203. 702.
23.90 44 DESIRED 0. -0.01 0. 0. 700.044 -0.153
23.90 44 NAVIGATION 0 0 0 0 286 0. 570986.7
23.90 44 ATTITUDE 0 0 0
23.98 44 ESTIMATOR 700.607483 -0.003861 60.75 -0.386083 61.740002
24.05 44 DL_VALUE 19 13000.
24.06 44 DL_VALUE 9 512.
24.08 44 NAVIGATION 0 0 0 0 286 0. 570986.7
24.15 44 WP_MOVED 1 358824.90625 4822110. 702.
24.32 44 DOWNLINK_STATUS 22 4662 314 0 238. 16.
24.40 44 COMMANDS 211,46,-83,-519
24.41 44 NAVIGATION 0 0 0 0 286 0. 570986.7
24.41 44 ATTITUDE 0 0 0
24.41 44 GYRO_RATES -43 -69 -41 0.375246 -0.602139 0.357792
24.41 44 FBW_STATUS 0 0 124
24.48 44 ESTIMATOR 700.580505 0.038745 58.049999 3.87449 60.299999
24.48 44 BAT 211 124 0 0 19 19 0
24.58 44 ACTUATORS 1501,1494,0,1217,1474
24.58 44 CALIBRATION -0.573 0.037 0.5 0
24.58 44 NAVIGATION 0 0 0 0 286 0. 570986.7
24.66 44 WP_MOVED 2 358071. 4822161. 0.
24.66 44 SERVO 7628 -9295 211
24.85 44 DESIRED 0. -0.01 0. 0. 700.044 -0.189
24.85 44 NAVIGATION 0 0 0 0 286 0. 570986.7
24.85 44 ATTITUDE 0 0 0
24.85 44 PPRZ_MODE 0 3 0 0 0 1 0
24.91 44 ESTIMATOR 700.593994 0.023004 59.400002 2.300394 61.650002
25.02 44 DL_VALUE 20 13000.
25.02 44 NAVIGATION 0 0 0 0 286 0. 570986.7
25.10 44 WP_MOVED 0 358113. 4822203. 702.
25.32 44 DOWNLINK_STATUS 23 4952 334 0 290. 20.
25.34 44 COMMANDS 211,46,-83,-521
25.34 44 NAVIGATION 0 0 0 0 286 0. 570986.7
25.34 44 ATTITUDE 0 0 0
25.34 44 GYRO_RATES -43 -68 -41 0.375246 -0.593412 0.357792
25.34 44 FBW_STATUS 0 0 124
25.40 44 ESTIMATOR 700.607483 -0.009531 60.75 -0.953093 61.470001
25.50 44 NAVIGATION 0 0 0 0 286 0. 570986.7
25.59 44 WP_MOVED 1 358824.90625 4822110. 702.
25.77 44 DESIRED 0. -0.01 0. 0. 700.044 -0.149
25.77 44 NAVIGATION 0 0 0 0 286 0. 570986.7
25.77 44 ATTITUDE 0 0 0
25.83 44 ESTIMATOR 700.567017 0.025974 56.700001 2.597399 60.389999
25.93 44 DL_VALUE 21 0.75
25.96 44 NAVIGATION 0 0 0 0 286 0. 570986.7
26.03 44 WP_MOVED 2 358071. 4822161. 0.
26.28 44 COMMANDS 212,47,-81,-524
26.28 44 NAVIGATION 0 0 0 0 286 0. 570986.7
26.28 44 ATTITUDE 0 0 0
26.28 44 GYRO_RATES -43 -68 -41 0.375246 -0.593412 0.357792
26.28 44 FBW_STATUS 0 0 124
26.32 44 DOWNLINK_STATUS 24 5245 354 0 293. 20.
26.34 44 ESTIMATOR 700.620972 0.029106 62.100002 2.910602 61.470001
26.34 44 BAT 211 124 0 0 21 21 0
26.44 44 CALIBRATION -0.568 0.037 0.5 0
26.44 44 NAVIGATION 0 0 0 0 286 0. 570986.7
26.54 44 WP_MOVED 0 358113. 4822203. 702.
26.54 44 SERVO 7741 -9295 211
26.71 44 DESIRED 0. -0.01 0. 0. 700.044 -0.189
26.71 44 NAVIGATION 0 0 0 0 286 0. 570986.7
26.71 44 ATTITUDE 0 0 0
26.77 44 ESTIMATOR 700.567017 -0.006831 56.700001 -0.683084 63.090004
26.86 44 DL_VALUE 22 18000.
26.89 44 NAVIGATION 0 0 0 0 286 0. 570986.7
26.97 44 WP_MOVED 1 358824.90625 4822110. 702.
27.23 44 COMMANDS 212,46,-81,-521
27.23 44 NAVIGATION 0 0 0 0 286 0. 570986.7
27.23 44 ATTITUDE 0 0 0
27.23 44 GYRO_RATES -43 -68 -41 0.375246 -0.593412 0.357792
27.24 44 FBW_STATUS 0 0 124
27.27 44 ESTIMATOR 700.634521 -0.038556 63.450001 -3.855622 61.02
27.33 44 DOWNLINK_STATUS 25 5535 373 0 290. 19.
27.38 44 NAVIGATION 0 0 0 0 286 0. 570986.7
27.47 44 WP_MOVED 2 358071. 4822161. 0.
27.64 44 DESIRED 0. -0.01 0. 0. 700.044 -0.173
27.64 44 NAVIGATION 0 0 0 0 286 0. 570986.7
27.65 44 ATTITUDE 0 0 0
27.72 44 ESTIMATOR 700.674988 -0.035586 67.5 -3.558598 61.200001
27.80 44 DL_VALUE 23 18000.
27.83 44 NAVIGATION 0 0 0 0 286 0. 570986.7
27.90 44 WP_MOVED 0 358113. 4822203. 702.
28.15 44 COMMANDS 213,46,-80,-523
28.16 44 NAVIGATION 0 0 0 0 286 0. 570986.7
28.16 44 ATTITUDE 0 0 0
28.16 44 GYRO_RATES -43 -68 -41 0.375246 -0.593412 0.357792
28.16 44 FBW_STATUS 0 0 124
28.25 44 ESTIMATOR 700.580505 -0.003834 58.049999 -0.383396 60.48
28.27 44 BAT 210 124 0 0 23 23 0
28.32 44 CALIBRATION -0.565 0.037 0.5 0
28.32 44 NAVIGATION 0 0 0 0 286 0. 570986.7
28.33 44 DOWNLINK_STATUS 26 5813 391 0 278. 18.
28.41 44 WP_MOVED 1 358824.90625 4822110. 702.
28.42 44 SERVO 7628 -9295 211
28.58 44 DESIRED 0. -0.01 0. 0. 700.044 -0.181
28.58 44 NAVIGATION 0 0 0 0 286 0. 570986.7
28.58 44 ATTITUDE 0 0 0
28.65 44 ESTIMATOR 700.553528 0.099225 55.350002 9.922485 60.93
28.78 44 DL_VALUE 24 0.3
28.82 44 NAVIGATION 0 0 0 0 286 0. 570986.7
28.84 44 WP_MOVED 2 358071. 4822161. 0.
29.09 44 COMMANDS 211,44,-85,-519
29.09 44 NAVIGATION 0 0 0 0 286 0. 570986.7
29.09 44 ATTITUDE 0 0 0
29.09 44 GYRO_RATES -43 -69 -41 0.375246 -0.602139 0.357792
29.09 44 FBW_STATUS 0 0 124
29.15 44 ESTIMATOR 700.593994 -0.020439 59.400002 -2.04391 60.119999
29.19 44 ACTUATORS 1501,1494,0,1217,1473
29.26 44 NAVIGATION 0 0 0 0 286 0. 570986.7
29.33 44 DOWNLINK_STATUS 27 6065 408 0 252. 17.
29.36 44 WP_MOVED 0 358113. 4822203. 702.
29.54 44 DESIRED 0. -0.01 0. 0. 700.044 -0.157
29.54 44 NAVIGATION 0 0 0 0 286 0. 570986.7
29.54 44 ATTITUDE 0 0 0
29.54 44 PPRZ_MODE 0 3 0 0 0 1 0
29.59 44 ESTIMATOR 700.539978 0.057834 54. 5.78341 61.110001
29.71 44 DL_VALUE 25 0.455802
29.71 44 NAVIGATION 0 0 0 0 286 0. 570986.7
29.79 44 WP_MOVED 1 358824.90625 4822110. 702.
30.03 44 COMMANDS 210,47,-85,-518
30.03 44 NAVIGATION 0 0 0 0 286 0. 570986.7
30.03 44 ATTITUDE 0 0 0
30.03 44 GYRO_RATES -43 -69 -41 0.375246 -0.602139 0.357792
30.03 44 FBW_STATUS 0 0 124
30.10 44 ESTIMATOR 700.674988 -0.014472 67.5 -1.447194 60.48
30.10 44 BAT 211 124 0 0 25 25 0
30.20 44 CALIBRATION -0.56 0.037 0.5 0
30.20 44 NAVIGATION 0 0 0 0 286 0. 570986.7
30.30 44 WP_MOVED 2 358071. 4822161. 0.
30.30 44 SERVO 7741 -9295 211
30.33 44 DOWNLINK_STATUS 28 6357 428 0 292. 20.
30.47 44 DESIRED 0. -0.01 0. 0. 700.044 -0.173
30.47 44 NAVIGATION 0 0 0 0 286 0. 570986.7
30.47 44 DL_VALUE 9 465.845001
30.47 44 ATTITUDE 0 0 0
30.53 44 ESTIMATOR 700.688477 -0.05103 68.849998 -5.103002 60.57
30.64 44 DL_VALUE 26 0.005
30.64 44 NAVIGATION 0 0 0 0 286 0. 570986.7
30.73 44 WP_MOVED 0 358113. 4822203. 702.
30.96 44 COMMANDS 211,44,-83,-519
30.96 44 NAVIGATION 0 0 0 0 286 0. 570986.7
30.97 44 ATTITUDE 0 0 0
30.97 44 GYRO_RATES 3 -69 -41 -0.02618 -0.602139 0.357792
30.97 44 FBW_STATUS 0 0 124
31.02 44 ESTIMATOR 700.607483 0.030051 60.75 3.005118 60.93
31.12 44 NAVIGATION 0 0 0 0 286 0. 570986.7
31.22 44 WP_MOVED 1 358824.90625 4822110. 702.
31.33 44 DOWNLINK_STATUS 29 6595 444 0 238. 16.
31.40 44 DESIRED 0. -0.01 0. 0. 700.044 -0.185
31.40 44 NAVIGATION 0 0 0 0 286 0. 570986.7
31.40 44 ATTITUDE 0 0 0
31.46 44 ESTIMATOR 700.567017 -0.021168 56.700001 -2.116809 61.290001
31.55 44 DL_VALUE 27 0.037
31.58 44 NAVIGATION 0 0 0 0 286 0. 570986.7
31.66 44 WP_MOVED 2 358071. 4822161. 0.
31.66 44 NAVIGATION_REF 358071 4822161 31
31.90 44 COMMANDS 211,47,-83,-521
31.94 44 NAVIGATION 0 0 0 0 286 0. 570986.7
31.94 44 ATTITUDE 0 0 0
31.94 44 GYRO_RATES 3 -68 -41 -0.02618 -0.593412 0.357792
31.94 44 FBW_STATUS 0 0 124
31.97 44 ESTIMATOR 700.661499 0.050841 66.150002 5.084105 62.010002
31.97 44 BAT 211 124 0 0 27 27 0
32.07 44 CALIBRATION -0.575 0.037 0.5 0
32.07 44 NAVIGATION 0 0 0 0 286 0. 570986.7
32.17 44 WP_MOVED 0 358113. 4822203. 702.
32.17 44 SERVO 7628 740 208
32.33 44 DESIRED 0. -0.01 0. 0. 700.044 -0.161
32.37 44 NAVIGATION 0 0 0 0 286 0. 570986.7
32.37 44 ATTITUDE 0 0 0
32.37 44 DOWNLINK_STATUS 30 6926 466 0 331. 22.
32.39 44 ESTIMATOR 700.674988 -0.124308 67.5 -12.430801 62.010002
32.49 44 DL_VALUE 28 0.
32.53 44 NAVIGATION 0 0 0 0 286 0. 570986.7
32.59 44 WP_MOVED 1 358824.90625 4822110. 702.
32.85 44 COMMANDS 211,46,-83,-523
32.85 44 NAVIGATION 0 0 0 0 286 0. 570986.7
32.85 44 ATTITUDE 0 0 0
32.85 44 GYRO_RATES 4 -69 -41 -0.034907 -0.602139 0.357792
32.85 44 FBW_STATUS 0 0 124
32.91 44 ESTIMATOR 700.674988 -0.003699 67.5 -0.36988 61.02
33.00 44 NAVIGATION 0 0 0 0 286 0. 570986.7
33.09 44 WP_MOVED 2 358071. 4822161. 0.
33.27 44 DESIRED 0. -0.01 0. 0. 700.044 -0.189
33.27 44 NAVIGATION 0 0 0 0 286 0. 570986.7
33.27 44 ATTITUDE 0 0 0
33.33 44 DOWNLINK_STATUS 31 7157 481 0 231. 15.
33.46 44 ESTIMATOR 700.580505 -0.035694 58.049999 -3.5694 60.84
33.47 44 DL_VALUE 29 0.045
33.47 44 NAVIGATION 0 0 0 0 286 0. 570986.7
33.53 44 WP_MOVED 0 358113. 4822203. 702.
33.78 44 COMMANDS 214,40,-85,-508
33.78 44 NAVIGATION 0 0 0 0 286 0. 570986.7
33.78 44 ATTITUDE 0 0 0
33.78 44 GYRO_RATES 3 -69 -41 -0.02618 -0.602139 0.357792
33.79 44 FBW_STATUS 0 0 124
33.84 44 ESTIMATOR 700.553528 0.020169 55.350002 2.016904 57.959995
33.84 44 BAT 211 124 0 0 29 29 0
33.95 44 ACTUATORS 1501,1494,0,1217,1473
33.95 44 CALIBRATION -0.573 0.037 0.5 0
33.95 44 NAVIGATION 0 0 0 0 286 0. 570986.7
34.04 44 WP_MOVED 1 358824.90625 4822110. 702.
34.04 44 SERVO 7741 740 231
34.23 44 DESIRED 0. -0.01 0. 0. 700.044 -0.19
34.23 44 NAVIGATION 0 0 0 0 286 0. 570986.7
34.25 44 ATTITUDE 0 0 0
34.25 44 PPRZ_MODE 0 3 0 0 0 1 0
34.28 44 ESTIMATOR 700.607483 0.037557 60.75 3.755696 60.299999
34.33 44 DOWNLINK_STATUS 32 7469 502 0 312. 21.
34.39 44 DL_VALUE 30 1.
34.40 44 NAVIGATION 0 0 0 0 286 0. 570986.7
34.48 44 WP_MOVED 2 358071. 4822161. 0.
34.72 44 COMMANDS 211,47,-83,-519
34.73 44 NAVIGATION 0 0 0 0 286 0. 570986.7
34.73 44 ATTITUDE 0 0 0
34.73 44 GYRO_RATES 3 -69 -41 -0.02618 -0.602139 0.357792
34.78 44 FBW_STATUS 0 0 124
34.78 44 ESTIMATOR 700.567017 0.054027 56.700001 5.402706 61.920002
34.87 44 NAVIGATION 0 0 0 0 286 0. 570986.7
34.97 44 WP_MOVED 0 358113. 4822203. 702.
35.14 44 DESIRED 0. -0.01 0. 0. 700.044 -0.153
35.14 44 NAVIGATION 0 0 0 0 286 0. 570986.7
35.14 44 ATTITUDE 0 0 0
35.22 44 ESTIMATOR 700.634521 0.004617 63.450001 0.461707 62.190002
35.30 44 DL_VALUE 31 0.
35.34 44 NAVIGATION 0 0 0 0 286 0. 570986.7
35.34 44 DOWNLINK_STATUS 33 7725 519 0 256. 17.
35.40 44 WP_MOVED 1 358824.90625 4822110. 702.
35.65 44 COMMANDS 211,46,-83,-521
35.65 44 NAVIGATION 0 0 0 0 286 0. 570986.7
35.65 44 ATTITUDE 0 0 0
35.65 44 GYRO_RATES 4 -68 -41 -0.034907 -0.593412 0.357792
35.65 44 FBW_STATUS 0 0 124
35.73 44 ESTIMATOR 700.607483 -0.026919 60.75 -2.691884 62.100002
35.73 44 BAT 210 124 0 0 31 31 0
35.82 44 CALIBRATION -0.576 0.037 0.5 0
35.82 44 NAVIGATION 0 0 0 0 286 0. 570986.7
35.91 44 WP_MOVED 2 358071. 4822161. 0.
35.91 44 SERVO 7628 740 210
36.09 44 DESIRED 0. -0.01 0. 0. 700.044 -0.189
36.09 44 NAVIGATION 0 0 0 0 286 0. 570986.7
36.09 44 ATTITUDE 0 0 0
36.15 44 ESTIMATOR 700.553528 0.035775 55.350002 3.577483 61.470001
36.24 44 DL_VALUE 32 0.
36.28 44 NAVIGATION 0 0 0 0 286 0. 570986.7
36.34 44 WP_MOVED 0 358113. 4822203. 702.
36.34 44 DOWNLINK_STATUS 34 8008 538 0 283. 19.
36.59 44 COMMANDS 211,46,-81,-521
36.59 44 NAVIGATION 0 0 0 0 286 0. 570986.7
36.59 44 ATTITUDE 0 0 0
36.59 44 GYRO_RATES 3 -69 -41 -0.02618 -0.602139 0.357792
36.60 44 FBW_STATUS 0 0 124
36.65 44 ESTIMATOR 700.580505 2.7e-05 58.049999 0.002711 60.66
36.75 44 NAVIGATION 0 0 0 0 286 0. 570986.7
36.85 44 WP_MOVED 1 358824.90625 4822110. 702.
37.02 44 DESIRED 0. -0.01 0. 0. 700.044 -0.149
37.02 44 NAVIGATION 0 0 0 0 286 0. 570986.7
37.02 44 ATTITUDE 0 0 0
37.08 44 ESTIMATOR 700.567017 0.061668 56.700001 6.166799 60.389999
37.17 44 DL_VALUE 33 0.037
37.20 44 NAVIGATION 0 0 0 0 286 0. 570986.7
37.28 44 WP_MOVED 2 358071. 4822161. 0.
37.34 44 DOWNLINK_STATUS 35 8239 553 0 231. 15.
37.53 44 COMMANDS 212,46,-81,-523
37.53 44 NAVIGATION 0 0 0 0 286 0. 570986.7
37.53 44 ATTITUDE 0 0 0
37.53 44 GYRO_RATES 3 -69 -41 -0.02618 -0.602139 0.357792
37.53 44 FBW_STATUS 0 0 124
37.59 44 ESTIMATOR 700.634521 0.003888 63.450001 0.388792 60.93
37.59 44 BAT 211 124 0 0 33 33 0
37.69 44 CALIBRATION -0.573 0.037 0.5 0
37.69 44 NAVIGATION 0 0 0 0 286 0. 570986.7
37.79 44 WP_MOVED 0 358113. 4822203. 702.
37.83 44 SERVO 7741 740 211
37.96 44 DESIRED 0. -0.01 0. 0. 700.044 -0.157
37.96 44 NAVIGATION 0 0 0 0 286 0. 570986.7
37.96 44 ATTITUDE 0 0 0
38.02 44 ESTIMATOR 700.580505 0.010692 58.049999 1.069221 60.84
38.13 44 DL_VALUE 34 0.037
38.14 44 NAVIGATION 0 0 0 0 286 0. 570986.7
38.22 44 WP_MOVED 1 358824.90625 4822110. 702.
38.34 44 DOWNLINK_STATUS 36 8507 571 0 268. 18.
38.46 44 COMMANDS 211,44,-85,-521
38.46 44 NAVIGATION 0 0 0 0 286 0. 570986.7
38.47 44 ATTITUDE 0 0 0
38.47 44 GYRO_RATES 3 -69 -42 -0.02618 -0.602139 0.366519
38.47 44 FBW_STATUS 0 0 124
38.52 44 ESTIMATOR 700.567017 0.019224 56.700001 1.9224 60.57
38.55 44 ACTUATORS 1502,1494,0,1217,1473
38.62 44 NAVIGATION 0 0 0 0 286 0. 570986.7
38.72 44 WP_MOVED 2 358071. 4822161. 0.
38.91 44 DESIRED 0. -0.01 0. 0. 700.044 -0.185
38.91 44 NAVIGATION 0 0 0 0 286 0. 570986.7
38.91 44 ATTITUDE 0 0 0
38.91 44 PPRZ_MODE 0 3 0 0 0 1 0
38.97 44 ESTIMATOR 700.553528 0.071334 55.350002 7.133412 59.759998
39.08 44 DL_VALUE 35 0.
39.08 44 NAVIGATION 0 0 0 0 286 0. 570986.7
39.17 44 WP_MOVED 0 358113. 4822203. 702.
39.34 44 DOWNLINK_STATUS 37 8760 588 0 253. 17.
39.40 44 COMMANDS 211,44,-85,-521
39.40 44 NAVIGATION 0 0 0 0 286 0. 570986.7
39.40 44 ATTITUDE 0 0 0
39.40 44 GYRO_RATES 4 -68 -41 -0.034907 -0.593412 0.357792
39.40 44 FBW_STATUS 0 0 124
39.47 44 ESTIMATOR 700.607483 0.060588 60.75 6.058812 62.460003
39.47 44 BAT 211 124 0 0 35 35 0
39.57 44 CALIBRATION -0.561 0.037 0.5 0
39.57 44 NAVIGATION 0 0 0 0 286 0. 570986.7
39.66 44 WP_MOVED 1 358824.90625 4822110. 702.
39.66 44 SERVO 7741 740 211
39.83 44 DESIRED 0. -0.01 0. 0. 700.044 -0.185
39.83 44 NAVIGATION 0 0 0 0 286 0. 570986.7
39.83 44 ATTITUDE 0 0 0
39.90 44 ESTIMATOR 700.674988 -0.107919 67.5 -10.791901 60.299999
39.99 44 DL_VALUE 36 0.
40.01 44 NAVIGATION 0 0 0 0 286 0. 570986.7
40.09 44 WP_MOVED 2 358071. 4822161. 0.
40.09 44 NAVIGATION_REF 358071 4822161 31
40.34 44 COMMANDS 211,46,-83,-519
40.34 44 NAVIGATION 0 0 0 0 286 0. 570986.7
40.34 44 ATTITUDE 0 0 0
40.34 44 GYRO_RATES 3 -69 -41 -0.02618 -0.602139 0.357792
40.34 44 DOWNLINK_STATUS 38 9096 611 0 336. 23.
40.34 44 FBW_STATUS 0 0 124
40.40 44 ESTIMATOR 700.661499 0.061857 66.150002 6.185689 62.010002
40.50 44 NAVIGATION 0 0 0 0 286 0. 570986.7
40.59 44 WP_MOVED 0 358113. 4822203. 702.
40.77 44 DESIRED 0. -0.01 0. 0. 700.044 -0.185
40.77 44 NAVIGATION 0 0 0 0 286 0. 570986.7
40.77 44 ATTITUDE 0 0 0
40.83 44 ESTIMATOR 700.567017 0.09072 56.700001 9.072001 63.180004
