37.83 21 ESTIMATOR 706.979492 0.003835 697.950012 0.383492 699.659912
37.83 21 DL_VALUE 7 0.
37.83 21 NAVIGATION 0 0 0 0 286 0. 570986.7
37.83 21 WP_MOVED 0 358113. 4822203. 702.
37.83 21 DOWNLINK_STATUS 35 1373 91 0 294. 20.
37.83 21 COMMANDS 0,-9600,9600,-9600,0
37.83 21 NAVIGATION 0 0 0 0 286 0. 570986.7
37.83 21 ATTITUDE 0 0 0
37.83 21 GYRO_RATES -162 -187 -157 1.413717 -1.631883 1.370083
37.83 21 FBW_STATUS 2 1 121
37.83 21 ESTIMATOR 706.992981 0.004804 699.299988 0.480385 699.119934
37.83 21 NAVIGATION 0 0 0 0 286 0. 570986.7
37.83 21 WP_MOVED 1 358824.90625 4822110. 702.
37.83 21 DESIRED 0. 0. 0. 0. 700. -2.
37.83 21 NAVIGATION 0 0 0 0 286 0. 570986.7
37.83 21 ATTITUDE 0 0 0
37.83 21 ESTIMATOR 706.992981 0.003835 699.299988 0.383492 699.659729
37.83 21 DL_VALUE 8 0.
37.89 21 NAVIGATION 0 0 0 0 286 0. 570986.7
37.94 21 WP_MOVED 2 358071. 4822161. 0.
38.09 21 DOWNLINK_STATUS 36 1606 106 0 233. 15.
38.11 21 COMMANDS 0,-9600,9600,-9600,0
38.15 21 NAVIGATION 0 0 0 0 286 0. 570986.7
38.16 21 ATTITUDE 0 0 0
38.20 21 GYRO_RATES -152 -177 -147 1.32645 -1.544616 1.282817
38.21 21 FBW_STATUS 2 1 121
38.24 21 ESTIMATOR 707.00647 -0.001917 700.650024 -0.191689 699.299805
38.27 21 BAT 0 121 0 0 51 51 0
38.31 21 CALIBRATION -6.998 0.037 0.5 2
38.35 21 NAVIGATION 0 0 0 0 286 0. 570986.7
38.41 21 WP_MOVED 0 358113. 4822203. 702.
38.43 21 SERVO 9600 -9600 0
38.53 21 DESIRED 0. 0. 0. 0. 700. -2.
38.59 21 NAVIGATION 0 0 0 0 286 0. 570986.7
38.61 21 ATTITUDE 0 0 0
38.71 21 ESTIMATOR 706.992981 -0.011582 699.299988 -1.15818 699.569885
38.77 21 DL_VALUE 9 466.
38.83 21 NAVIGATION 0 0 0 0 286 0. 570986.7
38.87 21 WP_MOVED 1 358824.90625 4822110. 702.
39.05 21 COMMANDS 0,-9600,9600,-9600,0
39.08 21 NAVIGATION 0 0 0 0 286 0. 570986.7
39.09 21 DOWNLINK_STATUS 37 1907 126 0 301. 20.
39.10 21 ATTITUDE 0 0 0
39.13 21 GYRO_RATES -154 -179 -149 1.343904 -1.56207 1.30027
39.15 21 FBW_STATUS 2 1 121
39.18 21 ESTIMATOR 707.00647 0.008667 700.650024 0.866699 699.389832
39.29 21 NAVIGATION 0 0 0 0 286 0. 570986.7
39.35 21 WP_MOVED 2 358071. 4822161. 0.
39.47 21 DESIRED 0. 0. 0. 0. 700. -2.
39.54 21 NAVIGATION 0 0 0 0 286 0. 570986.7
39.55 21 ATTITUDE 0 0 0
39.65 21 ESTIMATOR 707.00647 -0.008667 700.650024 -0.866737 699.839905
39.71 21 DL_VALUE 10 492.
39.76 21 NAVIGATION 0 0 0 0 286 0. 570986.7
39.81 21 WP_MOVED 0 358113. 4822203. 702.
39.99 21 COMMANDS 0,-9600,9600,-9600,0
40.02 21 NAVIGATION 0 0 0 0 286 0. 570986.7
40.04 21 ATTITUDE 0 0 0
40.07 21 GYRO_RATES -163 -189 -159 1.422443 -1.649336 1.387537
40.08 21 FBW_STATUS 2 1 121
40.09 21 DOWNLINK_STATUS 38 2173 144 0 266. 18.
40.12 21 ESTIMATOR 706.992981 -0.005778 699.299988 -0.577812 699.569763
40.14 21 BAT 0 121 0 0 53 53 0
40.19 21 CALIBRATION -6.999 0.037 0.5 2
40.23 21 NAVIGATION 0 0 0 0 286 0. 570986.7
40.28 21 WP_MOVED 1 358824.90625 4822110. 702.
40.30 21 SERVO 9600 -9600 0
40.40 21 DESIRED 0. 0. 0. 0. 700. -2.
40.47 21 NAVIGATION 0 0 0 0 286 0. 570986.7
40.48 21 ATTITUDE 0 0 0
40.58 21 ESTIMATOR 707.00647 -0.001916 700.650024 -0.191612 699.65979
40.64 21 DL_VALUE 11 461.
40.70 21 NAVIGATION 0 0 0 0 286 0. 570986.7
40.75 21 WP_MOVED 2 358071. 4822161. 0.
40.77 21 NAVIGATION_REF 358071 4822161 31
40.92 21 COMMANDS 0,-9600,9600,-9600,0
40.96 21 NAVIGATION 0 0 0 0 286 0. 570986.7
40.98 21 ATTITUDE 0 0 0
41.01 21 GYRO_RATES -163 -189 -157 1.422443 -1.649336 1.370083
41.02 21 FBW_STATUS 2 1 121
41.05 21 ESTIMATOR 706.992981 -0.004806 699.299988 -0.480614 699.659851
41.09 21 DOWNLINK_STATUS 39 2476 164 0 303. 20.
41.11 21 ACTUATORS 1500,1500,0,1200,1000,2000
41.17 21 NAVIGATION 0 0 0 0 286 0. 570986.7
41.22 21 WP_MOVED 0 358113. 4822203. 702.
41.35 21 DESIRED 0. 0. 0. 0. 700. -2.
41.41 21 NAVIGATION 0 0 0 0 286 0. 570986.7
41.42 21 ATTITUDE 0 0 0
41.44 21 PPRZ_MODE 2 3 1 0 0 6 0
41.52 21 ESTIMATOR 706.992981 0.011557 699.299988 1.155701 699.389832
41.58 21 DL_VALUE 12 1.35
41.64 21 NAVIGATION 0 0 0 0 286 0. 570986.7
41.69 21 WP_MOVED 1 358824.90625 4822110. 702.
41.88 21 COMMANDS 0,-9600,9600,-9600,0
41.91 21 NAVIGATION 0 0 0 0 286 0. 570986.7
41.91 21 ATTITUDE 0 0 0
41.95 21 GYRO_RATES -153 -178 -148 1.335177 -1.553343 1.291544
41.96 21 FBW_STATUS 2 1 121
41.99 21 ESTIMATOR 706.992981 -0.009639 699.299988 -0.963936 699.569824
42.02 21 BAT 0 121 0 0 55 55 0
42.06 21 CALIBRATION -6.996 0.037 0.5 2
42.09 21 DOWNLINK_STATUS 40 2762 183 0 286. 19.
42.11 21 NAVIGATION 0 0 0 0 286 0. 570986.7
42.16 21 WP_MOVED 2 358071. 4822161. 0.
42.18 21 SERVO 9600 -9600 0
42.28 21 DESIRED 0. 0. 0. 0. 700. -2.
42.35 21 NAVIGATION 0 0 0 0 286 0. 570986.7
42.38 21 ATTITUDE 0 0 0
42.46 21 ESTIMATOR 706.979492 0.005805 697.950012 0.580482 698.849854
42.51 21 DL_VALUE 13 0.
42.58 21 NAVIGATION 0 0 0 0 286 0. 570986.7
42.63 21 WP_MOVED 0 358113. 4822203. 702.
42.80 21 COMMANDS 0,-9600,9600,-9600,0
42.83 21 NAVIGATION 0 0 0 0 286 0. 570986.7
42.86 21 ATTITUDE 0 0 0
42.90 21 GYRO_RATES -153 -179 -149 1.335177 -1.56207 1.30027
42.90 21 FBW_STATUS 2 1 121
42.93 21 ESTIMATOR 706.992981 0.016362 699.299988 1.636162 699.569885
43.04 21 NAVIGATION 0 0 0 0 286 0. 570986.7
43.09 21 DOWNLINK_STATUS 41 3021 200 0 259. 17.
43.10 21 WP_MOVED 1 358824.90625 4822110. 702.
43.22 21 DESIRED 0. 0. 0. 0. 700. -2.
43.28 21 NAVIGATION 0 0 0 0 286 0. 570986.7
43.29 21 ATTITUDE 0 0 0
43.40 21 ESTIMATOR 707.00647 -0.007721 700.650024 -0.772057 699.569824
43.45 21 DL_VALUE 14 4.
43.51 21 NAVIGATION 0 0 0 0 286 0. 570986.7
43.56 21 WP_MOVED 2 358071. 4822161. 0.
43.73 21 COMMANDS 0,-9600,9600,-9600,0
43.77 21 NAVIGATION 0 0 0 0 286 0. 570986.7
43.79 21 ATTITUDE 0 0 0
43.82 21 GYRO_RATES -163 -188 -158 1.422443 -1.64061 1.37881
43.86 21 FBW_STATUS 2 1 121
43.89 21 ESTIMATOR 706.992981 0.001945 699.299988 0.194473 699.839905
43.89 21 BAT 0 121 0 0 57 57 0
43.94 21 CALIBRATION -6.996 0.037 0.5 2
43.98 21 NAVIGATION 0 0 0 0 286 0. 570986.7
44.03 21 WP_MOVED 0 358113. 4822203. 702.
44.05 21 SERVO 9600 -9600 0
44.09 21 DOWNLINK_STATUS 42 3306 219 0 285. 19.
44.15 21 DESIRED 0. 0. 0. 0. 700. -2.
44.21 21 NAVIGATION 0 0 0 0 286 0. 570986.7
44.23 21 ATTITUDE 0 0 0
44.33 21 ESTIMATOR 706.992981 0.007748 699.299988 0.774803 699.749817
44.42 21 DL_VALUE 15 0.
44.46 21 NAVIGATION 0 0 0 0 286 0. 570986.7
44.50 21 WP_MOVED 1 358824.90625 4822110. 702.
44.67 21 COMMANDS 0,-9600,9600,-9600,0
44.71 21 NAVIGATION 0 0 0 0 286 0. 570986.7
44.73 21 ATTITUDE 0 0 0
44.76 21 GYRO_RATES -160 -185 -155 1.396263 -1.61443 1.35263
44.77 21 FBW_STATUS 2 1 121
44.81 21 ESTIMATOR 707.00647 -0.015443 700.650024 -1.544304 699.839783
44.92 21 NAVIGATION 0 0 0 0 286 0. 570986.7
44.98 21 WP_MOVED 2 358071. 4822161. 0.
45.09 21 DESIRED 0. 0. 0. 0. 700. -2.
45.09 21 DOWNLINK_STATUS 43 3565 235 0 259. 16.
45.15 21 NAVIGATION 0 0 0 0 286 0. 570986.7
45.17 21 ATTITUDE 0 0 0
45.27 21 ESTIMATOR 706.992981 0.012556 699.299988 1.255569 699.839844
45.33 21 DL_VALUE 16 0.75
45.40 21 NAVIGATION 0 0 0 0 286 0. 570986.7
45.45 21 WP_MOVED 0 358113. 4822203. 702.
45.61 21 COMMANDS 0,-9600,9600,-9600,0
45.65 21 NAVIGATION 0 0 0 0 286 0. 570986.7
45.66 21 ATTITUDE 0 0 0
45.70 21 GYRO_RATES -151 -177 -147 1.317724 -1.544616 1.282817
45.71 21 FBW_STATUS 2 1 121
45.74 21 ESTIMATOR 707.00647 -0.00386 700.650024 -0.386009 700.109985
45.77 21 BAT 0 121 0 0 59 59 0
45.80 21 ACTUATORS 1500,1500,0,1200,1000,2000
45.82 21 CALIBRATION -6.996 0.037 0.5 2
45.86 21 NAVIGATION 0 0 0 0 286 0. 570986.7
45.91 21 WP_MOVED 1 358824.90625 4822110. 702.
45.93 21 SERVO 9600 -9600 0
46.03 21 DESIRED 0. 0. 0. 0. 700. -2.
46.09 21 NAVIGATION 0 0 0 0 286 0. 570986.7
46.09 21 DOWNLINK_STATUS 44 3868 255 0 303. 20.
46.11 21 ATTITUDE 0 0 0
46.13 21 PPRZ_MODE 2 3 1 0 0 6 0
46.21 21 ESTIMATOR 706.992981 -0.008667 699.299988 -0.866661 699.659851
46.27 21 DL_VALUE 17 25000.
46.32 21 NAVIGATION 0 0 0 0 286 0. 570986.7
46.37 21 WP_MOVED 2 358071. 4822161. 0.
46.55 21 COMMANDS 0,-9600,9600,-9600,0
46.58 21 NAVIGATION 0 0 0 0 286 0. 570986.7
46.60 21 ATTITUDE 0 0 0
46.63 21 GYRO_RATES -153 -179 -148 1.335177 -1.56207 1.291544
46.65 21 FBW_STATUS 2 1 121
46.68 21 ESTIMATOR 706.992981 0.003861 699.299988 0.386086 699.569763
46.80 21 NAVIGATION 0 0 0 0 286 0. 570986.7
46.86 21 WP_MOVED 0 358113. 4822203. 702.
46.97 21 DESIRED 0. 0. 0. 0. 700. -2.
47.03 21 NAVIGATION 0 0 0 0 286 0. 570986.7
47.05 21 ATTITUDE 0 0 0
47.09 21 DOWNLINK_STATUS 45 4118 272 0 250. 17.
47.15 21 ESTIMATOR 707.00647 -0.003862 700.650024 -0.386162 699.659851
47.20 21 DL_VALUE 18 25000.
47.26 21 NAVIGATION 0 0 0 0 286 0. 570986.7
47.31 21 WP_MOVED 1 358824.90625 4822110. 702.
47.49 21 COMMANDS 0,-9600,9600,-9600,0
47.53 21 NAVIGATION 0 0 0 0 286 0. 570986.7
47.54 21 ATTITUDE 0 0 0
47.57 21 GYRO_RATES -163 -188 -159 1.422443 -1.64061 1.387537
47.58 21 FBW_STATUS 2 1 121
47.61 21 ESTIMATOR 706.992981 -0.006723 699.299988 -0.672264 699.389832
47.65 21 BAT 0 121 0 0 61 61 0
47.69 21 CALIBRATION -6.997 0.037 0.5 2
47.73 21 NAVIGATION 0 0 0 0 286 0. 570986.7
47.78 21 WP_MOVED 2 358071. 4822161. 0.
47.81 21 SERVO 9600 -9600 0
47.93 21 DESIRED 0. 0. 0. 0. 700. -2.
47.97 21 NAVIGATION 0 0 0 0 286 0. 570986.7
47.98 21 ATTITUDE 0 0 0
48.08 21 ESTIMATOR 707.00647 0.000972 700.650024 0.097198 699.749817
48.09 21 DOWNLINK_STATUS 46 4410 291 0 292. 19.
48.14 21 DL_VALUE 19 0.75
48.20 21 NAVIGATION 0 0 0 0 286 0. 570986.7
48.25 21 WP_MOVED 0 358113. 4822203. 702.
48.43 21 COMMANDS 0,-9600,9600,-9600,0
48.46 21 NAVIGATION 0 0 0 0 286 0. 570986.7
48.47 21 ATTITUDE 0 0 0
48.51 21 GYRO_RATES -162 -188 -158 1.413717 -1.64061 1.37881
48.52 21 FBW_STATUS 2 1 121
48.55 21 ESTIMATOR 707.00647 -0.00386 700.650024 -0.386009 699.929871
48.67 21 NAVIGATION 0 0 0 0 286 0. 570986.7
48.72 21 WP_MOVED 1 358824.90625 4822110. 702.
48.86 21 DESIRED 0. 0. 0. 0. 700. -2.
48.90 21 NAVIGATION 0 0 0 0 286 0. 570986.7
48.92 21 ATTITUDE 0 0 0
49.02 21 ESTIMATOR 706.992981 -0.004779 699.299988 -0.477943 699.839905
49.08 21 DL_VALUE 20 13000.
49.09 21 DOWNLINK_STATUS 47 4650 307 0 240. 16.
49.14 21 NAVIGATION 0 0 0 0 286 0. 570986.7
49.19 21 WP_MOVED 2 358071. 4822161. 0.
49.23 21 NAVIGATION_REF 358071 4822161 31
49.29 21 DL_VALUE 14 1085.937988
49.37 21 COMMANDS 0,-9600,9600,-9600,0
49.41 21 NAVIGATION 0 0 0 0 286 0. 570986.7
49.42 21 ATTITUDE 0 0 0
49.45 21 GYRO_RATES -153 -177 -147 1.335177 -1.544616 1.282817
49.46 21 FBW_STATUS 2 1 121
49.49 21 ESTIMATOR 706.979492 0.02214 697.950012 2.214012 699.569824
49.52 21 BAT 0 121 0 0 63 63 0
49.56 21 CALIBRATION -6.996 0.037 0.5 2
49.61 21 NAVIGATION 0 0 0 0 286 0. 570986.7
49.66 21 WP_MOVED 0 358113. 4822203. 702.
49.68 21 SERVO 9600 -9600 0
49.78 21 DESIRED 0. 0. 0. 0. 700. -2.
49.84 21 NAVIGATION 0 0 0 0 286 0. 570986.7
49.87 21 ATTITUDE 0 0 0
49.96 21 ESTIMATOR 706.992981 0.002889 699.299988 0.288887 699.749878
50.01 21 DL_VALUE 21 13000.
50.07 21 NAVIGATION 0 0 0 0 286 0. 570986.7
50.09 21 DOWNLINK_STATUS 48 4956 328 0 306. 21.
50.13 21 WP_MOVED 1 358824.90625 4822110. 702.
50.31 21 COMMANDS 0,-9600,9600,-9600,0
50.33 21 NAVIGATION 0 0 0 0 286 0. 570986.7
50.36 21 ATTITUDE 0 0 0
50.40 21 GYRO_RATES -154 -180 -148 1.343904 -1.570796 1.291544
50.43 21 FBW_STATUS 2 1 121
50.43 21 ESTIMATOR 706.992981 -0.003834 699.299988 -0.383415 699.749939
50.49 21 ACTUATORS 1500,1500,0,1200,1000,2000
50.54 21 NAVIGATION 0 0 0 0 286 0. 570986.7
50.59 21 WP_MOVED 2 358071. 4822161. 0.
50.71 21 DESIRED 0. 0. 0. 0. 700. -2.
50.78 21 NAVIGATION 0 0 0 0 286 0. 570986.7
50.79 21 ATTITUDE 0 0 0
50.81 21 PPRZ_MODE 2 3 1 0 0 6 0
50.90 21 ESTIMATOR 706.992981 0.00289 699.299988 0.289001 699.749878
50.95 21 DL_VALUE 22 0.75
51.01 21 NAVIGATION 0 0 0 0 286 0. 570986.7
51.06 21 WP_MOVED 0 358113. 4822203. 702.
51.09 21 DOWNLINK_STATUS 49 5228 346 0 272. 18.
51.23 21 COMMANDS 0,-9600,9600,-9600,0
51.27 21 NAVIGATION 0 0 0 0 286 0. 570986.7
51.29 21 ATTITUDE 0 0 0
51.32 21 GYRO_RATES -162 -188 -158 1.413717 -1.64061 1.37881
51.33 21 FBW_STATUS 2 1 121
51.38 21 ESTIMATOR 707.00647 -0.010585 700.650024 -1.058464 699.479797
51.42 21 BAT 0 121 0 0 65 65 0
51.45 21 CALIBRATION -6.996 0.037 0.5 2
51.48 21 NAVIGATION 0 0 0 0 286 0. 570986.7
51.53 21 WP_MOVED 1 358824.90625 4822110. 702.
51.55 21 SERVO 9600 -9600 0
51.65 21 DESIRED 0. 0. 0. 0. 700. -2.
51.71 21 NAVIGATION 0 0 0 0 286 0. 570986.7
51.73 21 ATTITUDE 0 0 0
51.83 21 ESTIMATOR 706.992981 0.006751 699.299988 0.675087 699.749878
51.89 21 DL_VALUE 23 18000.
51.95 21 NAVIGATION 0 0 0 0 286 0. 570986.7
52.00 21 WP_MOVED 2 358071. 4822161. 0.
52.09 21 DOWNLINK_STATUS 50 5498 364 0 270. 18.
52.17 21 COMMANDS 0,-9600,9600,-9600,0
52.21 21 NAVIGATION 0 0 0 0 286 0. 570986.7
52.23 21 ATTITUDE 0 0 0
52.26 21 GYRO_RATES -160 -186 -155 1.396263 -1.623156 1.35263
52.27 21 FBW_STATUS 2 1 121
52.31 21 ESTIMATOR 707.00647 -0.007695 700.650024 -0.769463 699.479919
52.43 21 NAVIGATION 0 0 0 0 286 0. 570986.7
52.47 21 WP_MOVED 0 358113. 4822203. 702.
52.59 21 DESIRED 0. 0. 0. 0. 700. -2.
52.65 21 NAVIGATION 0 0 0 0 286 0. 570986.7
52.67 21 ATTITUDE 0 0 0
52.77 21 ESTIMATOR 706.979492 0.004807 697.950012 0.48069 699.569885
52.82 21 DL_VALUE 14 2000.
52.84 21 DL_VALUE 24 18000.
52.90 21 NAVIGATION 0 0 0 0 286 0. 570986.7
52.94 21 WP_MOVED 1 358824.90625 4822110. 702.
53.09 21 DOWNLINK_STATUS 51 5738 380 0 240. 16.
53.11 21 COMMANDS 0,-9600,9600,-9600,0
53.14 21 NAVIGATION 0 0 0 0 286 0. 570986.7
53.16 21 ATTITUDE 0 0 0
53.20 21 GYRO_RATES -151 -176 -147 1.317724 -1.53589 1.282817
53.21 21 FBW_STATUS 2 1 121
53.24 21 ESTIMATOR 706.992981 0.00864 699.299988 0.864029 699.749878
53.27 21 BAT 0 121 0 0 66 66 0
53.31 21 CALIBRATION -6.995 0.037 0.5 2
53.36 21 NAVIGATION 0 0 0 0 286 0. 570986.7
53.41 21 WP_MOVED 2 358071. 4822161. 0.
53.43 21 SERVO 9600 -9600 0
53.53 21 DESIRED 0. 0. 0. 0. 700. -2.
53.59 21 NAVIGATION 0 0 0 0 286 0. 570986.7
53.61 21 ATTITUDE 0 0 0
53.71 21 ESTIMATOR 707.00647 0.007722 700.650024 0.772209 699.839905
53.76 21 DL_VALUE 25 0.3
53.82 21 NAVIGATION 0 0 0 0 286 0. 570986.7
53.90 21 WP_MOVED 0 358113. 4822203. 702.
54.06 21 COMMANDS 0,-9600,9600,-9600,0
54.09 21 NAVIGATION 0 0 0 0 286 0. 570986.7
54.10 21 DOWNLINK_STATUS 52 6039 400 0 301. 20.
54.11 21 ATTITUDE 0 0 0
54.14 21 GYRO_RATES -154 -179 -150 1.343904 -1.56207 1.308997
54.15 21 FBW_STATUS 2 1 121
54.18 21 ESTIMATOR 706.992981 -0.015388 699.299988 -1.538849 699.749878
54.29 21 NAVIGATION 0 0 0 0 286 0. 570986.7
54.34 21 WP_MOVED 1 358824.90625 4822110. 702.
54.47 21 DESIRED 0. 0. 0. 0. 700. -2.
54.53 21 NAVIGATION 0 0 0 0 286 0. 570986.7
54.54 21 ATTITUDE 0 0 0
54.65 21 ESTIMATOR 707.02002 -0.014445 702. -1.444511 699.479858
54.70 21 DL_VALUE 26 0.015171
54.76 21 NAVIGATION 0 0 0 0 286 0. 570986.7
54.81 21 WP_MOVED 2 358071. 4822161. 0.
54.95 21 DL_VALUE 14 1640.625
54.99 21 COMMANDS 0,-9600,9600,-9600,0
55.02 21 NAVIGATION 0 0 0 0 286 0. 570986.7
55.04 21 ATTITUDE 0 0 0
55.07 21 GYRO_RATES -164 -189 -159 1.43117 -1.649336 1.387537
55.08 21 FBW_STATUS 2 1 121
55.10 21 DOWNLINK_STATUS 53 6312 419 0 273. 19.
55.11 21 ESTIMATOR 706.992981 0.001971 699.299988 0.197105 699.839783
55.14 21 BAT 0 121 0 0 68 68 0
55.17 21 ACTUATORS 1500,1500,0,1200,1000,2000
55.20 21 CALIBRATION -6.995 0.037 0.5 2
55.23 21 NAVIGATION 0 0 0 0 286 0. 570986.7
55.28 21 WP_MOVED 0 358113. 4822203. 702.
55.31 21 SERVO 9600 -9600 0
55.41 21 DESIRED 0. 0. 0. 0. 700. -2.
55.47 21 NAVIGATION 0 0 0 0 286 0. 570986.7
55.48 21 ATTITUDE 0 0 0
55.50 21 PPRZ_MODE 2 3 1 0 0 6 0
55.58 21 ESTIMATOR 706.979492 0.012502 697.950012 1.250191 699.839905
55.64 21 DL_VALUE 27 0.005
55.70 21 NAVIGATION 0 0 0 0 286 0. 570986.7
55.75 21 WP_MOVED 1 358824.90625 4822110. 702.
55.92 21 COMMANDS 0,-9600,9600,-9600,0
55.95 21 NAVIGATION 0 0 0 0 286 0. 570986.7
55.97 21 ATTITUDE 0 0 0
56.02 21 GYRO_RATES -162 -187 -157 1.413717 -1.631883 1.370083
56.05 21 FBW_STATUS 2 1 121
56.06 21 ESTIMATOR 707.00647 -0.016417 700.650024 -1.641693 699.659973
56.10 21 DOWNLINK_STATUS 54 6628 440 0 316. 21.
56.17 21 NAVIGATION 0 0 0 0 286 0. 570986.7
56.22 21 WP_MOVED 2 358071. 4822161. 0.
56.34 21 DESIRED 0. 0. 0. 0. 700. -2.
56.41 21 NAVIGATION 0 0 0 0 286 0. 570986.7
56.44 21 ATTITUDE 0 0 0
56.52 21 ESTIMATOR 706.979492 0.027026 697.950012 2.702637 699.659912
56.58 21 DL_VALUE 28 0.037
56.63 21 NAVIGATION 0 0 0 0 286 0. 570986.7
56.69 21 WP_MOVED 0 358113. 4822203. 702.
56.87 21 COMMANDS 0,-9600,9600,-9600,0
56.91 21 NAVIGATION 0 0 0 0 286 0. 570986.7
56.93 21 ATTITUDE 0 0 0
56.95 21 GYRO_RATES -151 -176 -146 1.317724 -1.53589 1.27409
56.96 21 FBW_STATUS 2 1 121
56.99 21 ESTIMATOR 706.992981 -0.0145 699.299988 -1.450005 699.389832
57.02 21 BAT 0 121 0 0 70 70 0
57.06 21 CALIBRATION -6.994 0.037 0.5 2
57.10 21 DOWNLINK_STATUS 55 6890 457 0 262. 17.
57.11 21 NAVIGATION 0 0 0 0 286 0. 570986.7
57.15 21 WP_MOVED 1 358824.90625 4822110. 702.
57.18 21 SERVO 9600 -9600 0
57.27 21 DESIRED 0. 0. 0. 0. 700. -2.
57.34 21 NAVIGATION 0 0 0 0 286 0. 570986.7
57.36 21 ATTITUDE 0 0 0
57.41 21 DL_VALUE 14 1046.875
57.46 21 ESTIMATOR 706.992981 0.012555 699.299988 1.255531 699.389832
57.51 21 DL_VALUE 29 0.
57.57 21 NAVIGATION 0 0 0 0 286 0. 570986.7
57.63 21 WP_MOVED 2 358071. 4822161. 0.
57.65 21 NAVIGATION_REF 358071 4822161 31
57.80 21 COMMANDS 0,-9600,9600,-9600,0
57.83 21 NAVIGATION 0 0 0 0 286 0. 570986.7
57.85 21 ATTITUDE 0 0 0
57.91 21 GYRO_RATES -155 -182 -151 1.35263 -1.58825 1.317724
57.94 21 FBW_STATUS 2 1 121
57.94 21 ESTIMATOR 706.992981 -0.001918 699.299988 -0.191765 699.749817
58.04 21 NAVIGATION 0 0 0 0 286 0. 570986.7
58.09 21 WP_MOVED 0 358113. 4822203. 702.
58.10 21 DOWNLINK_STATUS 56 7182 477 0 292. 20.
58.21 21 DESIRED 0. 0. 0. 0. 700. -2.
58.28 21 NAVIGATION 0 0 0 0 286 0. 570986.7
58.29 21 ATTITUDE 0 0 0
58.40 21 ESTIMATOR 707.00647 0.005779 700.650024 0.577888 700.109924
58.45 21 DL_VALUE 30 0.045
58.52 21 NAVIGATION 0 0 0 0 286 0. 570986.7
58.57 21 WP_MOVED 1 358824.90625 4822110. 702.
58.73 21 COMMANDS 0,-9600,9600,-9600,0
58.77 21 NAVIGATION 0 0 0 0 286 0. 570986.7
58.79 21 ATTITUDE 0 0 0
58.81 21 GYRO_RATES -164 -190 -160 1.43117 -1.658063 1.396263
58.84 21 FBW_STATUS 2 1 121
58.87 21 ESTIMATOR 707.00647 -0.025083 700.650024 -2.508278 699.840027
58.92 21 BAT 0 121 0 0 72 72 0
58.94 21 CALIBRATION -6.997 0.037 0.5 2
58.98 21 NAVIGATION 0 0 0 0 286 0. 570986.7
59.03 21 WP_MOVED 2 358071. 4822161. 0.
59.05 21 SERVO 9600 -9600 0
59.10 21 DOWNLINK_STATUS 57 7452 495 0 270. 18.
59.15 21 DESIRED 0. 0. 0. 0. 700. -2.
59.21 21 NAVIGATION 0 0 0 0 286 0. 570986.7
59.23 21 ATTITUDE 0 0 0
59.33 21 ESTIMATOR 707.00647 -0.000972 700.650024 -0.097198 699.569946
59.39 21 DL_VALUE 31 1.
59.45 21 NAVIGATION 0 0 0 0 286 0. 570986.7
59.46 21 DL_VALUE 14 1937.5
59.50 21 WP_MOVED 0 358113. 4822203. 702.
59.67 21 COMMANDS 0,-9600,9600,-9600,0
59.71 21 NAVIGATION 0 0 0 0 286 0. 570986.7
59.72 21 ATTITUDE 0 0 0
59.76 21 GYRO_RATES -158 -184 -154 1.37881 -1.605703 1.343904
59.77 21 FBW_STATUS 2 1 121
59.81 21 ESTIMATOR 707.00647 0.000972 700.650024 0.097198 699.839905
59.87 21 ACTUATORS 1500,1500,0,1200,1000,2000
59.94 21 NAVIGATION 0 0 0 0 286 0. 570986.7
59.97 21 WP_MOVED 1 358824.90625 4822110. 702.
60.09 21 DESIRED 0. 0. 0. 0. 700. -2.
60.10 21 DOWNLINK_STATUS 58 7733 513 0 281. 18.
60.15 21 NAVIGATION 0 0 0 0 286 0. 570986.7
60.20 21 ATTITUDE 0 0 0
60.20 21 PPRZ_MODE 2 3 1 0 0 6 0
60.27 21 ESTIMATOR 706.992981 0.007722 699.299988 0.772209 699.92981
60.33 21 DL_VALUE 32 0.
60.39 21 NAVIGATION 0 0 0 0 286 0. 570986.7
60.44 21 WP_MOVED 2 358071. 4822161. 0.
60.61 21 COMMANDS 0,-9600,9600,-9600,0
60.64 21 NAVIGATION 0 0 0 0 286 0. 570986.7
60.66 21 ATTITUDE 0 0 0
60.69 21 GYRO_RATES -151 -176 -146 1.317724 -1.53589 1.27409
60.70 21 FBW_STATUS 2 1 121
60.75 21 ESTIMATOR 706.992981 0.007722 699.299988 0.772247 699.749817
60.77 21 BAT 0 121 0 0 74 74 0
60.81 21 CALIBRATION -6.998 0.037 0.5 2
60.85 21 NAVIGATION 0 0 0 0 286 0. 570986.7
60.91 21 WP_MOVED 0 358113. 4822203. 702.
60.94 21 SERVO 9600 -9600 0
61.03 21 DESIRED 0. 0. 0. 0. 700. -2.
61.09 21 NAVIGATION 0 0 0 0 286 0. 570986.7
61.10 21 DOWNLINK_STATUS 59 8030 533 0 297. 20.
61.10 21 ATTITUDE 0 0 0
61.21 21 ESTIMATOR 706.992981 0.004807 699.299988 0.480652 699.839844
61.26 21 DL_VALUE 33 0.
61.32 21 NAVIGATION 0 0 0 0 286 0. 570986.7
61.38 21 WP_MOVED 1 358824.90625 4822110. 702.
61.55 21 COMMANDS 0,-9600,9600,-9600,0
61.58 21 NAVIGATION 0 0 0 0 286 0. 570986.7
61.61 21 ATTITUDE 0 0 0
61.63 21 GYRO_RATES -157 -182 -153 1.370083 -1.58825 1.335177
61.64 21 FBW_STATUS 2 1 121
61.68 21 ESTIMATOR 706.992981 0.004807 699.299988 0.480652 699.659851
61.79 21 NAVIGATION 0 0 0 0 286 0. 570986.7
61.84 21 WP_MOVED 2 358071. 4822161. 0.
61.97 21 DESIRED 0. 0. 0. 0. 700. -2.
62.03 21 NAVIGATION 0 0 0 0 286 0. 570986.7
62.04 21 ATTITUDE 0 0 0
62.10 21 DOWNLINK_STATUS 60 8271 549 0 241. 16.
62.14 21 ESTIMATOR 706.992981 0.000972 699.299988 0.097198 699.749878
62.20 21 DL_VALUE 34 0.037
62.26 21 NAVIGATION 0 0 0 0 286 0. 570986.7
62.33 21 WP_MOVED 0 358113. 4822203. 702.
62.48 21 COMMANDS 0,-9600,9600,-9600,0
62.52 21 NAVIGATION 0 0 0 0 286 0. 570986.7
62.54 21 ATTITUDE 0 0 0
62.57 21 GYRO_RATES -165 -190 -160 1.439897 -1.658063 1.396263
62.58 21 FBW_STATUS 2 1 121
62.61 21 ESTIMATOR 706.992981 0.008694 699.299988 0.869446 699.929871
62.64 21 BAT 0 121 0 0 76 76 0
62.69 21 CALIBRATION -6.999 0.037 0.5 2
62.73 21 NAVIGATION 0 0 0 0 286 0. 570986.7
62.78 21 WP_MOVED 1 358824.90625 4822110. 702.
62.80 21 SERVO 9600 -9600 0
62.90 21 DESIRED 0. 0. 0. 0. 700. -2.
62.96 21 NAVIGATION 0 0 0 0 286 0. 570986.7
62.98 21 ATTITUDE 0 0 0
63.08 21 ESTIMATOR 707.00647 0.002889 700.650024 0.288925 700.109924
63.10 21 DOWNLINK_STATUS 61 8563 568 0 292. 19.
63.14 21 DL_VALUE 35 0.037
63.20 21 NAVIGATION 0 0 0 0 286 0. 570986.7
63.25 21 WP_MOVED 2 358071. 4822161. 0.
63.43 21 COMMANDS 0,-9600,9600,-9600,0
63.45 21 NAVIGATION 0 0 0 0 286 0. 570986.7
63.47 21 ATTITUDE 0 0 0
63.51 21 GYRO_RATES -159 -185 -153 1.387537 -1.61443 1.335177
63.52 21 FBW_STATUS 2 1 121
63.55 21 ESTIMATOR 707.00647 -0.005804 700.650024 -0.580368 700.200012
63.67 21 NAVIGATION 0 0 0 0 286 0. 570986.7
63.72 21 WP_MOVED 0 358113. 4822203. 702.
63.84 21 DESIRED 0. 0. 0. 0. 700. -2.
63.91 21 NAVIGATION 0 0 0 0 286 0. 570986.7
63.95 21 ATTITUDE 0 0 0
64.02 21 ESTIMATOR 706.992981 0.000972 699.299988 0.097237 699.749878
64.07 21 DL_VALUE 36 0.
64.10 21 DOWNLINK_STATUS 62 8803 584 0 240. 16.
64.13 21 NAVIGATION 0 0 0 0 286 0. 570986.7
64.19 21 WP_MOVED 1 358824.90625 4822110. 702.
64.37 21 COMMANDS 0,-9600,9600,-9600,0
64.39 21 NAVIGATION 0 0 0 0 286 0. 570986.7
64.43 21 ATTITUDE 0 0 0
64.45 21 GYRO_RATES -151 -176 -145 1.317724 -1.53589 1.265364
64.46 21 FBW_STATUS 2 1 121
64.49 21 ESTIMATOR 706.992981 0.009639 699.299988 0.963898 699.65979
64.51 21 BAT 0 121 0 0 78 78 0
64.54 21 ACTUATORS 1500,1500,0,1200,1000,2000
64.57 21 CALIBRATION -6.999 0.037 0.5 2
64.61 21 NAVIGATION 0 0 0 0 286 0. 570986.7
64.65 21 WP_MOVED 2 358071. 4822161. 0.
64.68 21 SERVO 9600 -9600 0
64.78 21 DESIRED 0. 0. 0. 0. 700. -2.
64.84 21 NAVIGATION 0 0 0 0 286 0. 570986.7
64.85 21 ATTITUDE 0 0 0
64.88 21 PPRZ_MODE 2 3 1 0 0 6 0
64.95 21 ESTIMATOR 706.992981 -0.003859 699.299988 -0.385933 699.479858
65.01 21 DL_VALUE 37 0.
65.07 21 NAVIGATION 0 0 0 0 286 0. 570986.7
65.10 21 DOWNLINK_STATUS 63 9115 605 0 312. 21.
65.13 21 WP_MOVED 0 358113. 4822203. 702.
65.30 21 COMMANDS 0,-9600,9600,-9600,0
65.33 21 NAVIGATION 0 0 0 0 286 0. 570986.7
65.35 21 ATTITUDE 0 0 0
65.39 21 GYRO_RATES -158 -185 -154 1.37881 -1.61443 1.343904
65.43 21 FBW_STATUS 2 1 121
65.44 21 ESTIMATOR 706.992981 2.8e-05 699.299988 0.002785 699.569946
65.54 21 NAVIGATION 0 0 0 0 286 0. 570986.7
65.59 21 WP_MOVED 1 358824.90625 4822110. 702.
65.71 21 DESIRED 0. 0. 0. 0. 700. -2.
65.78 21 NAVIGATION 0 0 0 0 286 0. 570986.7
65.79 21 ATTITUDE 0 0 0
65.89 21 ESTIMATOR 706.992981 -0.010611 699.299988 -1.061058 699.389832
65.95 21 DL_VALUE 38 0.
66.01 21 NAVIGATION 0 0 0 0 286 0. 570986.7
66.03 21 DL_VALUE 14 1000.
66.07 21 WP_MOVED 2 358071. 4822161. 0.
66.09 21 NAVIGATION_REF 358071 4822161 31
66.10 21 DOWNLINK_STATUS 64 9381 623 0 266. 18.
66.23 21 COMMANDS 0,-9600,9600,-9600,0
66.27 21 NAVIGATION 0 0 0 0 286 0. 570986.7
66.28 21 ATTITUDE 0 0 0
66.32 21 GYRO_RATES -164 -189 -159 1.43117 -1.649336 1.387537
66.33 21 FBW_STATUS 2 1 121
66.37 21 ESTIMATOR 706.992981 0.025056 699.299988 2.505646 699.659851
66.40 21 BAT 0 121 0 0 80 80 0
66.46 21 CALIBRATION -6.997 0.037 0.5 2
66.48 21 NAVIGATION 0 0 0 0 286 0. 570986.7
66.53 21 WP_MOVED 0 358113. 4822203. 702.
66.55 21 SERVO 9600 -9600 0
66.65 21 DESIRED 0. 0. 0. 0. 700. -2.
66.71 21 NAVIGATION 0 0 0 0 286 0. 570986.7
66.73 21 ATTITUDE 0 0 0
66.83 21 ESTIMATOR 706.992981 -0.003834 699.299988 -0.383415 699.749878
66.90 21 DL_VALUE 39 0.045
66.95 21 NAVIGATION 0 0 0 0 286 0. 570986.7
67.00 21 WP_MOVED 1 358824.90625 4822110. 702.
67.10 21 DOWNLINK_STATUS 65 9651 641 0 270. 18.
67.17 21 COMMANDS 0,-9600,9600,-9600,0
67.21 21 NAVIGATION 0 0 0 0 286 0. 570986.7
67.22 21 ATTITUDE 0 0 0
67.26 21 GYRO_RATES -156 -181 -151 1.361357 -1.579523 1.317724
67.27 21 FBW_STATUS 2 1 121
67.31 21 ESTIMATOR 707.00647 -0.004832 700.650024 -0.483208 699.839783
67.45 21 NAVIGATION 0 0 0 0 286 0. 570986.7
67.47 21 WP_MOVED 2 358071. 4822161. 0.
67.59 21 DESIRED 0. 0. 0. 0. 700. -2.
67.65 21 NAVIGATION 0 0 0 0 286 0. 570986.7
67.66 21 ATTITUDE 0 0 0
67.77 21 ESTIMATOR 706.992981 0.000972 699.299988 0.097198 699.479858
67.82 21 DL_VALUE 40 0.045
67.89 21 NAVIGATION 0 0 0 0 286 0. 570986.7
67.94 21 WP_MOVED 0 358113. 4822203. 702.
68.10 21 DOWNLINK_STATUS 66 9884 656 0 233. 15.
68.11 21 COMMANDS 0,-9600,9600,-9600,0
68.14 21 NAVIGATION 0 0 0 0 286 0. 570986.7
68.16 21 ATTITUDE 0 0 0
68.19 21 GYRO_RATES -151 -176 -146 1.317724 -1.53589 1.27409
68.20 21 FBW_STATUS 2 1 121
68.24 21 ESTIMATOR 706.992981 -0.003862 699.299988 -0.386238 699.299866
68.26 21 BAT 0 121 0 0 82 82 0
68.31 21 CALIBRATION -6.994 0.037 0.5 2
68.35 21 NAVIGATION 0 0 0 0 286 0. 570986.7
68.42 21 WP_MOVED 1 358824.90625 4822110. 702.
68.44 21 SERVO 9600 -9600 0
68.53 21 DESIRED 0. 0. 0. 0. 700. -2.
68.59 21 NAVIGATION 0 0 0 0 286 0. 570986.7
68.60 21 ATTITUDE 0 0 0
68.71 21 ESTIMATOR 707.00647 -0.143585 700.650024 -14.358482 695.519897
68.76 21 DL_VALUE 41 0.1
68.82 21 NAVIGATION 0 0 0 0 286 0. 570986.7
68.87 21 WP_MOVED 2 358071. 4822161. 0.
69.04 21 COMMANDS 0,-9600,9600,-9600,0
69.08 21 NAVIGATION 0 0 0 0 286 0. 570986.7
69.10 21 ATTITUDE 0 0 0
69.10 21 DOWNLINK_STATUS 67 10193 677 0 309. 21.
69.13 21 GYRO_RATES -159 -183 -153 1.387537 -1.596976 1.335177
69.14 21 FBW_STATUS 2 1 121
69.18 21 ESTIMATOR 706.966003 0.020302 696.600037 2.03022 695.879883
69.23 21 ACTUATORS 1500,1500,0,1200,1000,2000
69.29 21 NAVIGATION 0 0 0 0 286 0. 570986.7
69.34 21 WP_MOVED 0 358113. 4822203. 702.
69.47 21 DESIRED 0. 0. 0. 0. 700. -2.
69.53 21 NAVIGATION 0 0 0 0 286 0. 570986.7
69.54 21 ATTITUDE 0 0 0
69.56 21 PPRZ_MODE 2 3 1 0 0 6 0
69.64 21 ESTIMATOR 707.02002 0.006643 702. 0.664253 695.429749
69.70 21 DL_VALUE 42 0.
69.76 21 NAVIGATION 0 0 0 0 286 0. 570986.7
69.81 21 WP_MOVED 1 358824.90625 4822110. 702.
69.98 21 COMMANDS 0,-9600,9600,-9600,0
70.02 21 NAVIGATION 0 0 0 0 286 0. 570986.7
70.04 21 ATTITUDE 0 0 0
70.07 21 GYRO_RATES -162 -187 -157 1.413717 -1.631883 1.370083
70.08 21 FBW_STATUS 2 1 121
70.10 21 DOWNLINK_STATUS 68 10475 696 0 282. 19.
70.11 21 ESTIMATOR 706.979492 0.052137 697.950012 5.213661 698.93988
70.14 21 BAT 0 121 0 0 84 84 0
70.18 21 CALIBRATION -6.975 0.037 0.5 2
70.23 21 NAVIGATION 0 0 0 0 286 0. 570986.7
70.28 21 WP_MOVED 2 358071. 4822161. 0.
70.30 21 SERVO 9600 -9600 0
70.40 21 DESIRED 0. 0. 0. 0. 700. -2.
70.46 21 NAVIGATION 0 0 0 0 286 0. 570986.7
70.48 21 ATTITUDE 0 0 0
70.58 21 ESTIMATOR 707.033508 0.025027 703.350037 2.502747 701.189819
70.64 21 DL_VALUE 0 700.
70.70 21 NAVIGATION 0 0 0 0 286 0. 570986.7
70.75 21 WP_MOVED 0 358113. 4822203. 702.
71.10 21 DOWNLINK_STATUS 69 10681 709 0 206. 13.
72.10 21 DOWNLINK_STATUS 70 10681 709 0 0. 0.
73.10 21 DOWNLINK_STATUS 71 10681 709 0 0. 0.
74.10 21 DOWNLINK_STATUS 72 10681 709 0 0. 0.
75.10 21 DOWNLINK_STATUS 73 10681 709 0 0. 0.
76.10 21 DOWNLINK_STATUS 74 10681 709 0 0. 0.
77.10 21 DOWNLINK_STATUS 75 10681 709 0 0. 0.
78.10 21 DOWNLINK_STATUS 76 10681 709 0 0. 0.
79.10 21 DOWNLINK_STATUS 77 10681 709 0 0. 0.
80.10 21 DOWNLINK_STATUS 78 10681 709 0 0. 0.
81.10 21 DOWNLINK_STATUS 79 10681 709 0 0. 0.
82.10 21 DOWNLINK_STATUS 80 10681 709 0 0. 0.
83.10 21 DOWNLINK_STATUS 81 10681 709 0 0. 0.
84.10 21 DOWNLINK_STATUS 82 10681 709 0 0. 0.
85.10 21 DOWNLINK_STATUS 83 10681 709 0 0. 0.
86.10 21 DOWNLINK_STATUS 84 10681 709 0 0. 0.
87.10 21 DOWNLINK_STATUS 85 10681 709 0 0. 0.
88.10 21 DOWNLINK_STATUS 86 10681 709 0 0. 0.
89.10 21 DOWNLINK_STATUS 87 10681 709 0 0. 0.
90.10 21 DOWNLINK_STATUS 88 10681 709 0 0. 0.
91.10 21 DOWNLINK_STATUS 89 10681 709 0 0. 0.
92.10 21 DOWNLINK_STATUS 90 10681 709 0 0. 0.
