2.61 21 ESTIMATOR 709.288025 -0.059642 928.799988 -5.964203 922.409973
2.61 21 DL_VALUE 6 0.
2.65 21 NAVIGATION 0 0 0 0 286 0. 570986.7
2.65 21 WP_MOVED 2 358071. 4822161. 0.
2.65 21 COMMANDS 85,-26,-2317,531,-2730
2.65 21 NAVIGATION 0 0 0 0 286 0. 570986.7
2.65 21 ATTITUDE 0 0 0
3.18 21 GYRO_RATES -159 -186 -155 1.387537 -1.623156 1.35263
3.18 21 FBW_STATUS 0 0 122
3.18 21 ESTIMATOR 709.22052 0.018603 922.049988 1.860313 924.569885
3.19 21 NAVIGATION 0 0 0 0 286 0. 570986.7
3.19 21 WP_MOVED 0 358113. 4822203. 702.
3.19 21 DESIRED 0. -0.17 0. 0. 700.02 -2.
3.19 21 NAVIGATION 0 0 0 0 286 0. 570986.7
3.19 21 ATTITUDE 0 0 0
3.20 21 ESTIMATOR 709.139526 -0.025947 913.950012 -2.594681 924.119934
3.20 21 DL_VALUE 7 0.
3.20 21 NAVIGATION 0 0 0 0 286 0. 570986.7
3.20 21 WP_MOVED 1 358824.90625 4822110. 702.
3.20 21 COMMANDS 28,168,-2260,493,-2578
3.20 21 NAVIGATION 0 0 0 0 286 0. 570986.7
3.21 21 ATTITUDE 0 0 0
3.21 21 GYRO_RATES -164 -190 -159 1.43117 -1.658063 1.387537
3.21 21 FBW_STATUS 0 0 122
3.21 21 ESTIMATOR 709.166504 0.045277 916.650024 4.52774 924.569885
3.21 21 BAT 79 122 0 0 7 7 0
3.21 21 CALIBRATION -9.235 0.037 0.5 0
3.21 21 NAVIGATION 0 0 0 0 286 0. 570986.7
3.22 21 WP_MOVED 2 358071. 4822161. 0.
3.23 21 SERVO 9600 -9600 71
3.23 21 DESIRED 0. -0.17 0. 0. 700.017 -2.
3.23 21 NAVIGATION 0 0 0 0 286 0. 570986.7
3.23 21 ATTITUDE 0 0 0
3.23 21 ESTIMATOR 709.179993 0.070201 918. 7.020073 925.379944
3.24 21 DL_VALUE 8 0.
3.24 21 NAVIGATION 0 0 0 0 286 0. 570986.7
3.24 21 WP_MOVED 0 358113. 4822203. 702.
3.24 21 COMMANDS 76,4,-2185,551,-2662
3.24 21 NAVIGATION 0 0 0 0 286 0. 570986.7
3.24 21 ATTITUDE 0 0 0
3.25 21 GYRO_RATES -155 -180 -149 1.35263 -1.570796 1.30027
3.25 21 FBW_STATUS 0 0 122
3.25 21 ESTIMATOR 709.260986 0.042173 926.100037 4.217262 924.389954
3.25 21 NAVIGATION 0 0 0 0 286 0. 570986.7
3.25 21 WP_MOVED 1 358824.90625 4822110. 702.
3.25 21 DESIRED 0. -0.17 0. 0. 700.015 -2.
3.26 21 NAVIGATION 0 0 0 0 286 0. 570986.7
3.26 21 ATTITUDE 0 0 0
3.26 21 ESTIMATOR 709.35553 -0.043444 935.549988 -4.344406 924.119934
3.26 21 DL_VALUE 9 466.
3.26 21 NAVIGATION 0 0 0 0 286 0. 570986.7
3.27 21 WP_MOVED 2 358071. 4822161. 0.
3.27 21 NAVIGATION_REF 358071 4822161 31
3.27 21 COMMANDS 50,168,-2211,503,-2593
3.27 21 NAVIGATION 0 0 0 0 286 0. 570986.7
3.27 21 ATTITUDE 0 0 0
3.27 21 GYRO_RATES -150 -175 -146 1.308997 -1.527163 1.27409
3.27 21 FBW_STATUS 0 0 122
3.28 21 ESTIMATOR 709.369019 -0.053918 936.900024 -5.391808 923.399963
3.28 21 BAT 82 122 0 0 9 9 0
3.28 21 ACTUATORS 1604,1643,0,1207,1531,1381
3.28 21 CALIBRATION -9.206 0.037 0.5 0
3.28 21 NAVIGATION 0 0 0 0 286 0. 570986.7
3.29 21 WP_MOVED 0 358113. 4822203. 702.
3.29 21 SERVO 9600 -9600 89
3.29 21 DESIRED 0. -0.17 0. 0. 700.023 -2.
3.29 21 NAVIGATION 0 0 0 0 286 0. 570986.7
3.29 21 ATTITUDE 0 0 0
3.29 21 PPRZ_MODE 0 3 0 0 0 1 0
3.30 21 ESTIMATOR 709.288025 -0.040366 928.799988 -4.03656 923.039978
3.30 21 DL_VALUE 10 492.
3.30 21 NAVIGATION 0 0 0 0 286 0. 570986.7
3.30 21 WP_MOVED 1 358824.90625 4822110. 702.
3.30 21 COMMANDS 66,98,-2188,534,-2570
3.30 21 NAVIGATION 0 0 0 0 286 0. 570986.7
3.41 21 ATTITUDE 0 0 0
3.41 21 GYRO_RATES -157 -182 -152 1.370083 -1.58825 1.32645
3.42 21 FBW_STATUS 0 0 122
4.65 21 ESTIMATOR 709.247498 -0.055756 924.75 -5.5756 923.130005
4.65 21 NAVIGATION 0 0 0 0 286 0. 570986.7
4.65 21 WP_MOVED 2 358071. 4822161. 0.
4.65 21 DOWNLINK_STATUS 3 2441 163 0 2441. 163.
4.87 21 DL_VALUE 12 1.35
4.87 21 NAVIGATION 0 0 0 0 286 0. 570986.7
5.09 21 WP_MOVED 2 358071. 4822161. 0.
5.09 21 COMMANDS 86,111,-2150,529,-2659
5.09 21 NAVIGATION 0 0 0 0 286 0. 570986.7
5.16 21 ATTITUDE 0 0 0
5.20 21 GYRO_RATES -157 -182 -151 1.370083 -1.58825 1.317724
5.20 21 FBW_STATUS 0 0 122
5.34 21 ESTIMATOR 709.20697 0.093367 920.700012 9.3367 923.850037
5.34 21 NAVIGATION 0 0 0 0 286 0. 570986.7
5.34 21 WP_MOVED 0 358113. 4822203. 702.
5.53 21 DESIRED 0. -0.17 0. 0. 700.018 -2.
5.53 21 NAVIGATION 0 0 0 0 286 0. 570986.7
5.74 21 ATTITUDE 0 0 0
5.74 21 ESTIMATOR 709.260986 -0.001269 926.100037 -0.126915 924.389954
5.74 21 DL_VALUE 13 0.
5.74 21 DOWNLINK_STATUS 4 2681 179 0 240. 16.
5.98 21 NAVIGATION 0 0 0 0 286 0. 570986.7
5.98 21 WP_MOVED 1 358824.90625 4822110. 702.
5.98 21 COMMANDS 172,168,-2093,382,-2570
6.06 21 NAVIGATION 0 0 0 0 286 0. 570986.7
6.06 21 ATTITUDE 0 0 0
6.12 21 GYRO_RATES -151 -176 -145 1.317724 -1.53589 1.265364
6.12 21 FBW_STATUS 0 0 122
6.12 21 ESTIMATOR 709.34198 0.006777 934.200012 0.677681 923.400024
6.23 21 BAT 77 122 0 0 13 13 0
6.23 21 CALIBRATION -9.208 0.037 0.5 0
6.23 21 NAVIGATION 0 0 0 0 286 0. 570986.7
6.39 21 WP_MOVED 2 358071. 4822161. 0.
6.39 21 SERVO 9600 -9600 93
6.56 21 DESIRED 0. -0.17 0. 0. 700.016 -2.
6.56 21 NAVIGATION 0 0 0 0 286 0. 570986.7
6.56 21 ATTITUDE 0 0 0
6.74 21 ESTIMATOR 709.301514 -0.063586 930.150024 -6.358604 922.950012
6.77 21 DL_VALUE 14 0.
6.77 21 NAVIGATION 0 0 0 0 286 0. 570986.7
6.77 21 DOWNLINK_STATUS 5 2969 198 0 288. 19.
6.96 21 WP_MOVED 0 358113. 4822203. 702.
6.96 21 COMMANDS 101,157,-2122,525,-2483
6.96 21 NAVIGATION 0 0 0 0 286 0. 570986.7
7.03 21 ATTITUDE 0 0 0
7.03 21 GYRO_RATES -156 -181 -151 1.361357 -1.579523 1.317724
7.03 21 FBW_STATUS 0 0 122
7.16 21 ESTIMATOR 709.274475 -0.034534 927.450012 -3.453445 923.399963
7.16 21 ACTUATORS 1602,1640,0,1207,1525,1382
7.38 21 NAVIGATION 0 0 0 0 286 0. 570986.7
7.38 21 WP_MOVED 1 358824.90625 4822110. 702.
7.38 21 DESIRED 0. -0.17 0. 0. 700.013 -2.
7.50 21 NAVIGATION 0 0 0 0 286 0. 570986.7
7.50 21 ATTITUDE 0 0 0
7.50 21 PPRZ_MODE 0 3 0 0 0 1 0
7.67 21 ESTIMATOR 709.20697 -0.045061 920.700012 -4.506073 923.490051
7.67 21 DL_VALUE 15 0.75
7.67 21 NAVIGATION 0 0 0 0 286 0. 570986.7
7.90 21 WP_MOVED 2 358071. 4822161. 0.
7.90 21 COMMANDS 95,347,-2141,495,-2344
7.90 21 NAVIGATION 0 0 0 0 286 0. 570986.7
7.90 21 DOWNLINK_STATUS 6 3272 218 0 303. 20.
7.96 21 ATTITUDE 0 0 0
7.96 21 GYRO_RATES -164 -190 -159 1.43117 -1.658063 1.387537
7.96 21 FBW_STATUS 0 0 122
8.06 21 ESTIMATOR 709.125977 0.034723 912.600037 3.47229 923.76001
8.06 21 BAT 89 122 0 0 15 15 0
8.07 21 CALIBRATION -9.237 0.037 0.5 0
8.17 21 NAVIGATION 0 0 0 0 286 0. 570986.7
8.21 21 WP_MOVED 0 358113. 4822203. 702.
8.34 21 SERVO 9600 -9600 82
8.34 21 DESIRED 0. -0.17 0. 0. 700.019 -2.
8.34 21 NAVIGATION 0 0 0 0 286 0. 570986.7
8.55 21 ATTITUDE 0 0 0
8.55 21 ESTIMATOR 709.166504 0.047115 916.650024 4.711494 925.110046
8.55 21 DL_VALUE 16 25000.
8.80 21 NAVIGATION 0 0 0 0 286 0. 570986.7
8.80 21 WP_MOVED 1 358824.90625 4822110. 702.
8.80 21 COMMANDS 79,159,-2122,548,-2565
8.87 21 NAVIGATION 0 0 0 0 286 0. 570986.7
8.87 21 ATTITUDE 0 0 0
9.03 21 GYRO_RATES -158 -184 -153 1.37881 -1.605703 1.335177
9.03 21 FBW_STATUS 0 0 122
9.03 21 ESTIMATOR 709.179993 0.033586 918. 3.358612 924.030029
9.03 21 DOWNLINK_STATUS 8 3597 240 0 325. 22.
9.21 21 NAVIGATION 0 0 0 0 286 0. 570986.7
9.21 21 WP_MOVED 2 358071. 4822161. 0.
9.38 21 DESIRED 0. -0.17 0. 0. 700.018 -2.
9.38 21 NAVIGATION 0 0 0 0 286 0. 570986.7
9.38 21 ATTITUDE 0 0 0
9.56 21 ESTIMATOR 709.288025 0.026756 928.799988 2.675629 923.670044
9.56 21 DL_VALUE 17 25000.
9.56 21 NAVIGATION 0 0 0 0 286 0. 570986.7
9.78 21 WP_MOVED 0 358113. 4822203. 702.
9.78 21 COMMANDS 80,163,-2150,626,-2622
9.78 21 NAVIGATION 0 0 0 0 286 0. 570986.7
9.85 21 ATTITUDE 0 0 0
9.85 21 GYRO_RATES -150 -175 -145 1.308997 -1.527163 1.265364
9.85 21 FBW_STATUS 0 0 122
9.96 21 ESTIMATOR 709.395996 -0.042391 939.600037 -4.23912 924.47998
9.96 21 BAT 63 122 0 0 17 17 0
9.96 21 CALIBRATION -9.205 0.037 0.5 0
10.13 21 NAVIGATION 0 0 0 0 286 0. 570986.7
10.13 21 WP_MOVED 1 358824.90625 4822110. 702.
10.13 21 SERVO 9600 -9600 76
10.13 21 DOWNLINK_STATUS 9 3900 260 0 303. 20.
10.31 21 DESIRED 0. -0.17 0. 0. 700.019 -2.
10.31 21 NAVIGATION 0 0 0 0 286 0. 570986.7
10.31 21 ATTITUDE 0 0 0
10.45 21 ESTIMATOR 709.301514 -0.066475 930.150024 -6.647491 922.860046
10.45 21 DL_VALUE 18 0.75
10.45 21 NAVIGATION 0 0 0 0 286 0. 570986.7
10.69 21 WP_MOVED 2 358071. 4822161. 0.
10.69 21 NAVIGATION_REF 358071 4822161 31
10.69 21 COMMANDS 107,145,-2139,487,-2608
10.74 21 NAVIGATION 0 0 0 0 286 0. 570986.7
10.74 21 ATTITUDE 0 0 0
10.90 21 GYRO_RATES -154 -180 -149 1.343904 -1.570796 1.30027
10.90 21 FBW_STATUS 0 0 122
10.90 21 ESTIMATOR 709.301514 -0.038446 930.150024 -3.844566 922.590088
11.08 21 NAVIGATION 0 0 0 0 286 0. 570986.7
11.08 21 WP_MOVED 0 358113. 4822203. 702.
11.26 21 DESIRED 0. -0.17 0. 0. 700.017 -2.
11.30 21 NAVIGATION 0 0 0 0 286 0. 570986.7
11.30 21 ATTITUDE 0 0 0
11.30 21 DOWNLINK_STATUS 10 4196 279 0 296. 19.
11.43 21 ESTIMATOR 709.193481 0.000244 919.350037 0.024414 923.669983
11.43 21 DL_VALUE 19 13000.
11.43 21 NAVIGATION 0 0 0 0 286 0. 570986.7
11.65 21 WP_MOVED 1 358824.90625 4822110. 702.
11.65 21 COMMANDS 49,146,-2128,690,-2520
11.65 21 NAVIGATION 0 0 0 0 286 0. 570986.7
11.72 21 ATTITUDE 0 0 0
11.72 21 GYRO_RATES -162 -187 -158 1.413717 -1.631883 1.37881
11.72 21 FBW_STATUS 0 0 122
11.80 21 ESTIMATOR 709.125977 0.001998 912.600037 0.199814 923.940002
11.80 21 BAT 51 122 0 0 19 19 0
11.80 21 ACTUATORS 1600,1636,0,1206,1527,1380
11.91 21 CALIBRATION -9.239 0.037 0.5 0
11.91 21 NAVIGATION 0 0 0 0 286 0. 570986.7
11.91 21 WP_MOVED 2 358071. 4822161. 0.
12.07 21 SERVO 9600 -9600 121
12.07 21 DESIRED 0. -0.17 0. 0. 700.017 -2.
12.21 21 NAVIGATION 0 0 0 0 286 0. 570986.7
12.24 21 ATTITUDE 0 0 0
12.24 21 PPRZ_MODE 0 3 0 0 0 1 0
12.37 21 ESTIMATOR 709.153015 0.037557 915.299988 3.755722 923.760071
12.37 21 DL_VALUE 20 13000.
12.37 21 NAVIGATION 0 0 0 0 286 0. 570986.7
12.37 21 DOWNLINK_STATUS 11 4537 302 0 341. 23.
12.59 21 WP_MOVED 0 358113. 4822203. 702.
12.59 21 COMMANDS 64,114,-2221,360,-2615
12.59 21 NAVIGATION 0 0 0 0 286 0. 570986.7
12.66 21 ATTITUDE 0 0 0
12.70 21 GYRO_RATES -158 -184 -154 1.37881 -1.605703 1.343904
12.70 21 FBW_STATUS 0 0 122
12.84 21 ESTIMATOR 709.193481 0.060616 919.350037 6.061592 924.390076
12.84 21 NAVIGATION 0 0 0 0 286 0. 570986.7
12.84 21 WP_MOVED 1 358824.90625 4822110. 702.
13.03 21 DESIRED 0. -0.17 0. 0. 700.013 -2.
13.03 21 NAVIGATION 0 0 0 0 286 0. 570986.7
13.24 21 ATTITUDE 0 0 0
13.24 21 ESTIMATOR 709.260986 0.026702 926.100037 2.67025 925.46991
13.24 21 DL_VALUE 21 0.75
13.48 21 NAVIGATION 0 0 0 0 286 0. 570986.7
13.48 21 WP_MOVED 2 358071. 4822161. 0.
13.48 21 COMMANDS 63,154,-2205,502,-2570
13.48 21 DOWNLINK_STATUS 12 4798 319 0 261. 17.
13.55 21 NAVIGATION 0 0 0 0 286 0. 570986.7
13.55 21 ATTITUDE 0 0 0
13.63 21 GYRO_RATES -151 -177 -145 1.317724 -1.544616 1.265364
13.63 21 FBW_STATUS 0 0 122
13.63 21 ESTIMATOR 709.35553 -0.058915 935.549988 -5.891457 923.489929
13.73 21 BAT 111 122 0 0 21 21 0
13.73 21 CALIBRATION -9.214 0.037 0.5 0
13.73 21 NAVIGATION 0 0 0 0 286 0. 570986.7
13.89 21 WP_MOVED 0 358113. 4822203. 702.
13.89 21 SERVO 9600 -9600 104
14.06 21 DESIRED 0. -0.17 0. 0. 700.016 -2.
14.06 21 NAVIGATION 0 0 0 0 286 0. 570986.7
14.06 21 ATTITUDE 0 0 0
14.23 21 ESTIMATOR 709.315002 -0.010556 931.5 -1.055603 923.309998
14.23 21 DL_VALUE 22 18000.
14.23 21 NAVIGATION 0 0 0 0 286 0. 570986.7
14.45 21 WP_MOVED 1 358824.90625 4822110. 702.
14.46 21 COMMANDS 100,190,-2130,506,-2443
14.46 21 NAVIGATION 0 0 0 0 286 0. 570986.7
14.53 21 ATTITUDE 0 0 0
14.53 21 GYRO_RATES -155 -180 -150 1.35263 -1.570796 1.308997
14.53 21 FBW_STATUS 0 0 122
14.53 21 DOWNLINK_STATUS 13 5119 341 0 321. 22.
14.71 21 ESTIMATOR 709.274475 -0.062449 927.450012 -6.24485 923.579895
14.71 21 NAVIGATION 0 0 0 0 286 0. 570986.7
14.89 21 WP_MOVED 2 358071. 4822161. 0.
14.89 21 DESIRED 0. -0.17 0. 0. 700.015 -2.
15.08 21 NAVIGATION 0 0 0 0 286 0. 570986.7
15.08 21 ATTITUDE 0 0 0
15.08 21 ESTIMATOR 709.22052 -0.057643 922.049988 -5.764313 923.129944
15.08 21 DL_VALUE 23 18000.
15.35 21 NAVIGATION 0 0 0 0 286 0. 570986.7
15.38 21 WP_MOVED 0 358113. 4822203. 702.
15.43 21 COMMANDS 52,197,-2137,563,-2560
15.43 21 NAVIGATION 0 0 0 0 286 0. 570986.7
15.43 21 ATTITUDE 0 0 0
15.50 21 GYRO_RATES -163 -190 -159 1.422443 -1.658063 1.387537
15.50 21 FBW_STATUS 0 0 122
15.50 21 ESTIMATOR 709.125977 0.03672 912.600037 3.672028 923.400024
15.59 21 BAT 76 122 0 0 23 23 0
15.59 21 CALIBRATION -9.239 0.037 0.5 0
15.59 21 DOWNLINK_STATUS 14 5403 359 0 284. 18.
15.76 21 NAVIGATION 0 0 0 0 286 0. 570986.7
15.80 21 WP_MOVED 1 358824.90625 4822110. 702.
15.80 21 SERVO 9600 -9600 80
15.94 21 DESIRED 0. -0.17 0. 0. 700.021 -2.
15.94 21 NAVIGATION 0 0 0 0 286 0. 570986.7
15.94 21 ATTITUDE 0 0 0
16.11 21 ESTIMATOR 709.166504 0.053891 916.650024 5.389061 924.569946
16.11 21 DL_VALUE 24 0.3
16.11 21 NAVIGATION 0 0 0 0 286 0. 570986.7
16.33 21 WP_MOVED 2 358071. 4822161. 0.
16.37 21 COMMANDS 0,293,-2038,735,-2525
16.37 21 NAVIGATION 0 0 0 0 286 0. 570986.7
16.40 21 ATTITUDE 0 0 0
16.40 21 GYRO_RATES -158 -185 -153 1.37881 -1.61443 1.335177
16.40 21 FBW_STATUS 0 0 122
16.53 21 ESTIMATOR 709.179993 0.04131 918. 4.130974 924.029968
16.53 21 ACTUATORS 1603,1635,0,1209,1524,1381
16.75 21 NAVIGATION 0 0 0 0 286 0. 570986.7
16.75 21 WP_MOVED 0 358113. 4822203. 702.
16.75 21 DESIRED 0. -0.17 0. 0. 700.014 -2.
16.75 21 DOWNLINK_STATUS 15 5718 379 0 315. 20.
16.87 21 NAVIGATION 0 0 0 0 286 0. 570986.7
16.87 21 ATTITUDE 0 0 0
16.87 21 PPRZ_MODE 0 3 0 0 0 1 0
17.04 21 ESTIMATOR 709.260986 0.034476 926.100037 3.447609 923.489929
17.04 21 DL_VALUE 25 0.239313
17.04 21 NAVIGATION 0 0 0 0 286 0. 570986.7
17.27 21 WP_MOVED 1 358824.90625 4822110. 702.
17.27 21 COMMANDS 77,-82,-2371,582,-2582
17.27 21 NAVIGATION 0 0 0 0 286 0. 570986.7
17.34 21 ATTITUDE 0 0 0
17.34 21 GYRO_RATES -150 -175 -145 1.308997 -1.527163 1.265364
17.34 21 FBW_STATUS 0 0 122
17.40 21 ESTIMATOR 709.382507 -0.030833 938.25 -3.083344 924.119934
17.40 21 BAT 75 122 0 0 25 25 0
17.52 21 DL_VALUE 42 1500.
17.52 21 CALIBRATION -9.205 0.037 0.5 0
17.52 21 NAVIGATION 0 0 0 0 286 0. 570986.7
17.69 21 WP_MOVED 2 358071. 4822161. 0.
17.69 21 SERVO 9600 -9600 56
17.69 21 DESIRED 0. -0.17 0. 0. 700. -2.
17.83 21 NAVIGATION 0 0 0 0 286 0. 570986.7
17.83 21 ATTITUDE 0 0 0
17.83 21 ESTIMATOR 709.301514 -0.056834 930.150024 -5.683441 923.399902
17.83 21 DOWNLINK_STATUS 16 6052 402 0 334. 23.
18.00 21 DL_VALUE 26 0.005
18.00 21 NAVIGATION 0 0 0 0 286 0. 570986.7
18.00 21 WP_MOVED 0 358113. 4822203. 702.
18.22 21 COMMANDS 71,92,-2218,437,-2645
18.22 21 NAVIGATION 0 0 0 0 286 0. 570986.7
18.22 21 ATTITUDE 0 0 0
18.29 21 GYRO_RATES -155 -180 -151 1.35263 -1.570796 1.317724
18.29 21 FBW_STATUS 0 0 122
18.56 21 ESTIMATOR 709.288025 -0.057726 928.799988 -5.772591 922.859924
18.56 21 NAVIGATION 0 0 0 0 286 0. 570986.7
18.56 21 WP_MOVED 1 358824.90625 4822110. 702.
18.66 21 DESIRED 0. -0.17 0. 0. 700.01 -2.
18.66 21 NAVIGATION 0 0 0 0 286 0. 570986.7
18.87 21 ATTITUDE 0 0 0
18.87 21 ESTIMATOR 709.166504 0.037854 916.650024 3.785439 924.2099
18.87 21 DL_VALUE 27 0.037
18.87 21 DOWNLINK_STATUS 17 6292 418 0 240. 16.
19.10 21 NAVIGATION 0 0 0 0 286 0. 570986.7
19.10 21 WP_MOVED 2 358071. 4822161. 0.
19.10 21 NAVIGATION_REF 358071 4822161 31
19.18 21 COMMANDS 67,142,-2193,548,-2582
19.22 21 NAVIGATION 0 0 0 0 286 0. 570986.7
19.22 21 ATTITUDE 0 0 0
19.25 21 GYRO_RATES -162 -188 -158 1.413717 -1.64061 1.37881
19.25 21 FBW_STATUS 0 0 122
19.25 21 ESTIMATOR 709.125977 -0.003835 912.600037 -0.383453 924.300049
19.36 21 BAT 114 122 0 0 27 27 0
19.36 21 CALIBRATION -9.24 0.037 0.5 0
19.36 21 NAVIGATION 0 0 0 0 286 0. 570986.7
19.52 21 WP_MOVED 0 358113. 4822203. 702.
19.52 21 SERVO 9600 -9600 123
19.69 21 DESIRED 0. -0.17 0. 0. 700.016 -2.
19.69 21 NAVIGATION 0 0 0 0 286 0. 570986.7
19.69 21 ATTITUDE 0 0 0
19.86 21 ESTIMATOR 709.166504 0.035612 916.650024 3.561249 924.210144
19.86 21 DL_VALUE 28 0.
19.86 21 NAVIGATION 0 0 0 0 286 0. 570986.7
20.08 21 WP_MOVED 1 358824.90625 4822110. 702.
20.08 21 COMMANDS 97,165,-2117,515,-2458
20.08 21 NAVIGATION 0 0 0 0 286 0. 570986.7
20.08 21 DOWNLINK_STATUS 19 6637 441 0 345. 23.
20.15 21 ATTITUDE 0 0 0
20.19 21 GYRO_RATES -158 -183 -153 1.37881 -1.596976 1.335177
20.19 21 FBW_STATUS 0 0 122
20.35 21 ESTIMATOR 709.20697 0.045143 920.700012 4.514275 924.210083
20.35 21 NAVIGATION 0 0 0 0 286 0. 570986.7
20.35 21 WP_MOVED 2 358071. 4822161. 0.
20.53 21 DESIRED 0. -0.17 0. 0. 700.012 -2.
20.53 21 NAVIGATION 0 0 0 0 286 0. 570986.7
20.66 21 ATTITUDE 0 0 0
20.66 21 ESTIMATOR 709.274475 0.031561 927.450012 3.15609 924.929993
20.66 21 DL_VALUE 42 1203.125
20.81 21 DL_VALUE 29 0.045
20.81 21 NAVIGATION 0 0 0 0 286 0. 570986.7
20.81 21 WP_MOVED 0 358113. 4822203. 702.
21.03 21 COMMANDS 71,217,-2126,524,-2617
21.03 21 NAVIGATION 0 0 0 0 286 0. 570986.7
21.03 21 ATTITUDE 0 0 0
21.11 21 GYRO_RATES -150 -176 -145 1.308997 -1.53589 1.265364
21.11 21 FBW_STATUS 0 0 122
21.11 21 DOWNLINK_STATUS 20 6910 460 0 273. 19.
21.19 21 ESTIMATOR 709.328491 -0.034776 932.850037 -3.477554 923.130005
21.22 21 BAT 74 122 0 0 29 29 0
21.22 21 ACTUATORS 1600,1634,0,1209,1527,1385
21.29 21 CALIBRATION -9.214 0.037 0.5 0
21.29 21 NAVIGATION 0 0 0 0 286 0. 570986.7
21.29 21 WP_MOVED 1 358824.90625 4822110. 702.
21.45 21 SERVO 9600 -9600 76
21.45 21 DESIRED 0. -0.17 0. 0. 700.02 -2.
21.58 21 NAVIGATION 0 0 0 0 286 0. 570986.7
21.58 21 ATTITUDE 0 0 0
21.58 21 PPRZ_MODE 0 3 0 0 0 1 0
21.58 21 ESTIMATOR 709.315002 -0.025005 931.5 -2.500458 922.679993
21.75 21 DL_VALUE 30 1.
21.78 21 NAVIGATION 0 0 0 0 286 0. 570986.7
21.78 21 WP_MOVED 2 358071. 4822161. 0.
21.98 21 COMMANDS 69,253,-2084,554,-2593
21.98 21 NAVIGATION 0 0 0 0 286 0. 570986.7
21.98 21 ATTITUDE 0 0 0
22.04 21 GYRO_RATES -155 -182 -151 1.35263 -1.58825 1.317724
22.04 21 FBW_STATUS 0 0 122
22.31 21 ESTIMATOR 709.274475 -0.009422 927.450012 -0.942192 924.480042
22.31 21 NAVIGATION 0 0 0 0 286 0. 570986.7
22.31 21 WP_MOVED 0 358113. 4822203. 702.
22.31 21 DOWNLINK_STATUS 21 7259 483 0 349. 23.
22.40 21 DESIRED 0. -0.17 0. 0. 700.015 -2.
22.40 21 NAVIGATION 0 0 0 0 286 0. 570986.7
22.57 21 ATTITUDE 0 0 0
22.57 21 DL_VALUE 42 1203.125
22.57 21 ESTIMATOR 709.166504 -0.034451 916.650024 -3.445053 923.940063
22.84 21 DL_VALUE 31 0.
22.84 21 NAVIGATION 0 0 0 0 286 0. 570986.7
22.84 21 WP_MOVED 1 358824.90625 4822110. 702.
22.92 21 COMMANDS 41,117,-2155,708,-2527
22.92 21 NAVIGATION 0 0 0 0 286 0. 570986.7
22.92 21 ATTITUDE 0 0 0
22.99 21 GYRO_RATES -164 -190 -160 1.43117 -1.658063 1.396263
22.99 21 FBW_STATUS 0 0 122
22.99 21 ESTIMATOR 709.125977 0.039501 912.600037 3.950081 924.030029
23.09 21 BAT 58 122 0 0 31 31 0
23.09 21 CALIBRATION -9.24 0.037 0.5 0
23.26 21 NAVIGATION 0 0 0 0 286 0. 570986.7
23.30 21 WP_MOVED 2 358071. 4822161. 0.
23.30 21 SERVO 9600 -9600 117
23.44 21 DESIRED 0. -0.17 0. 0. 700.017 -2.
23.44 21 NAVIGATION 0 0 0 0 286 0. 570986.7
23.44 21 ATTITUDE 0 0 0
23.44 21 DOWNLINK_STATUS 22 7588 505 0 329. 22.
23.61 21 ESTIMATOR 709.166504 0.037475 916.650024 3.747482 924.749939
23.61 21 DL_VALUE 32 0.
23.61 21 NAVIGATION 0 0 0 0 286 0. 570986.7
23.83 21 WP_MOVED 0 358113. 4822203. 702.
23.87 21 COMMANDS 51,102,-2259,324,-2595
23.87 21 NAVIGATION 0 0 0 0 286 0. 570986.7
23.90 21 ATTITUDE 0 0 0
23.90 21 GYRO_RATES -157 -183 -153 1.370083 -1.596976 1.335177
23.90 21 FBW_STATUS 0 0 122
24.08 21 ESTIMATOR 709.193481 0.066365 919.350037 6.636505 923.399963
24.08 21 NAVIGATION 0 0 0 0 286 0. 570986.7
24.27 21 WP_MOVED 1 358824.90625 4822110. 702.
24.30 21 DESIRED 0. -0.17 0. 0. 700.012 -2.
24.45 21 NAVIGATION 0 0 0 0 286 0. 570986.7
24.45 21 ATTITUDE 0 0 0
24.45 21 ESTIMATOR 709.301514 -0.006939 930.150024 -0.693932 923.400085
24.45 21 DL_VALUE 33 0.037
24.45 21 DOWNLINK_STATUS 23 7850 522 0 262. 17.
24.72 21 NAVIGATION 0 0 0 0 286 0. 570986.7
24.72 21 WP_MOVED 2 358071. 4822161. 0.
24.80 21 COMMANDS 145,174,-2148,372,-2563
24.80 21 NAVIGATION 0 0 0 0 286 0. 570986.7
24.80 21 ATTITUDE 0 0 0
24.87 21 GYRO_RATES -150 -175 -145 1.308997 -1.527163 1.265364
24.87 21 FBW_STATUS 0 0 122
24.87 21 ESTIMATOR 709.35553 -0.012447 935.549988 -1.244698 923.399963
24.98 21 BAT 100 122 0 0 33 33 0
24.98 21 CALIBRATION -9.203 0.037 0.5 0
24.98 21 NAVIGATION 0 0 0 0 286 0. 570986.7
25.15 21 WP_MOVED 0 358113. 4822203. 702.
25.15 21 SERVO 9600 -9600 85
25.31 21 DESIRED 0. -0.17 0. 0. 700.009 -2.
25.31 21 NAVIGATION 0 0 0 0 286 0. 570986.7
25.31 21 ATTITUDE 0 0 0
25.48 21 ESTIMATOR 709.301514 -0.071308 930.150024 -7.130775 923.490051
25.48 21 DL_VALUE 34 0.037
25.48 21 NAVIGATION 0 0 0 0 286 0. 570986.7
25.48 21 DOWNLINK_STATUS 24 8138 541 0 288. 19.
25.70 21 WP_MOVED 1 358824.90625 4822110. 702.
25.70 21 COMMANDS 92,250,-2003,553,-2593
25.77 21 NAVIGATION 0 0 0 0 286 0. 570986.7
25.77 21 ATTITUDE 0 0 0
25.77 21 GYRO_RATES -157 -182 -153 1.370083 -1.58825 1.335177
25.77 21 FBW_STATUS 0 0 122
25.90 21 ESTIMATOR 709.247498 -0.056699 924.75 -5.669937 922.320068
25.90 21 ACTUATORS 1600,1633,0,1210,1523,1382
26.09 21 NAVIGATION 0 0 0 0 286 0. 570986.7
26.09 21 WP_MOVED 2 358071. 4822161. 0.
26.09 21 DESIRED 0. -0.17 0. 0. 700.027 -2.
26.24 21 NAVIGATION 0 0 0 0 286 0. 570986.7
26.28 21 ATTITUDE 0 0 0
26.28 21 PPRZ_MODE 0 3 0 0 0 1 0
26.38 21 ESTIMATOR 709.153015 0.046466 915.299988 4.646645 923.490112
26.38 21 DL_VALUE 35 0.
26.38 21 NAVIGATION 0 0 0 0 286 0. 570986.7
26.64 21 WP_MOVED 0 358113. 4822203. 702.
26.64 21 COMMANDS 91,125,-2139,653,-2608
26.64 21 DOWNLINK_STATUS 25 8423 560 0 285. 19.
26.71 21 NAVIGATION 0 0 0 0 286 0. 570986.7
26.71 21 ATTITUDE 0 0 0
26.71 21 GYRO_RATES -163 -188 -159 1.422443 -1.64061 1.387537
26.71 21 FBW_STATUS 0 0 122
26.80 21 ESTIMATOR 709.153015 0.019252 915.299988 1.925163 924.570068
26.80 21 BAT 48 122 0 0 35 35 0
26.91 21 CALIBRATION -9.24 0.037 0.5 0
26.91 21 NAVIGATION 0 0 0 0 286 0. 570986.7
26.91 21 WP_MOVED 1 358824.90625 4822110. 702.
27.09 21 SERVO 9600 -9600 24
27.09 21 DESIRED 0. -0.17 0. 0. 700.017 -2.
27.26 21 NAVIGATION 0 0 0 0 286 0. 570986.7
27.26 21 ATTITUDE 0 0 0
27.26 21 ESTIMATOR 709.166504 0.039447 916.650024 3.94474 924.119995
27.26 21 DL_VALUE 36 0.
27.39 21 NAVIGATION 0 0 0 0 286 0. 570986.7
27.39 21 WP_MOVED 2 358071. 4822161. 0.
27.59 21 NAVIGATION_REF 358071 4822161 31
27.59 21 COMMANDS 107,149,-2150,490,-2580
27.59 21 NAVIGATION 0 0 0 0 286 0. 570986.7
27.66 21 ATTITUDE 0 0 0
27.66 21 GYRO_RATES -156 -182 -150 1.361357 -1.58825 1.308997
27.66 21 FBW_STATUS 0 0 122
27.66 21 DOWNLINK_STATUS 26 8755 583 0 332. 23.
27.79 21 ESTIMATOR 709.22052 0.062452 922.049988 6.245193 923.759949
27.79 21 DL_VALUE 42 1898.437988
27.79 21 NAVIGATION 0 0 0 0 286 0. 570986.7
28.00 21 WP_MOVED 0 358113. 4822203. 702.
28.00 21 DESIRED 0. -0.17 0. 0. 700.017 -2.
28.16 21 NAVIGATION 0 0 0 0 286 0. 570986.7
28.16 21 ATTITUDE 0 0 0
28.16 21 ESTIMATOR 709.315002 -0.005995 931.5 -0.59948 924.119995
28.31 21 DL_VALUE 37 0.
28.31 21 NAVIGATION 0 0 0 0 286 0. 570986.7
28.31 21 WP_MOVED 1 358824.90625 4822110. 702.
28.53 21 COMMANDS 80,176,-2107,525,-2622
28.53 21 NAVIGATION 0 0 0 0 286 0. 570986.7
28.54 21 ATTITUDE 0 0 0
28.61 21 GYRO_RATES -151 -176 -145 1.317724 -1.53589 1.265364
28.61 21 FBW_STATUS 0 0 122
28.71 21 ESTIMATOR 709.301514 -0.039473 930.150024 -3.947334 922.679993
28.76 21 BAT 89 122 0 0 37 37 0
28.76 21 CALIBRATION -9.201 0.037 0.5 0
28.76 21 DOWNLINK_STATUS 27 9046 602 0 291. 19.
28.88 21 NAVIGATION 0 0 0 0 286 0. 570986.7
28.88 21 WP_MOVED 2 358071. 4822161. 0.
28.88 21 SERVO 9600 -9600 110
29.05 21 DESIRED 0. -0.17 0. 0. 700.017 -2.
29.05 21 NAVIGATION 0 0 0 0 286 0. 570986.7
29.05 21 ATTITUDE 0 0 0
29.19 21 ESTIMATOR 709.288025 -0.028834 928.799988 -2.883415 922.139893
29.19 21 DL_VALUE 38 0.045
29.20 21 NAVIGATION 0 0 0 0 286 0. 570986.7
29.45 21 WP_MOVED 0 358113. 4822203. 702.
29.45 21 COMMANDS 96,149,-2125,542,-2503
29.53 21 NAVIGATION 0 0 0 0 286 0. 570986.7
29.53 21 ATTITUDE 0 0 0
29.53 21 GYRO_RATES -158 -185 -154 1.37881 -1.61443 1.343904
29.53 21 FBW_STATUS 0 0 122
29.71 21 ESTIMATOR 709.193481 0.018601 919.350037 1.860123 924.030029
29.71 21 NAVIGATION 0 0 0 0 286 0. 570986.7
29.88 21 WP_MOVED 1 358824.90625 4822110. 702.
29.88 21 DESIRED 0. -0.17 0. 0. 700.012 -2.
29.88 21 DOWNLINK_STATUS 28 9346 621 0 300. 19.
30.00 21 NAVIGATION 0 0 0 0 286 0. 570986.7
30.00 21 ATTITUDE 0 0 0
30.00 21 DL_VALUE 42 1000.
30.17 21 ESTIMATOR 709.125977 0.009748 912.600037 0.974846 923.670044
30.17 21 DL_VALUE 39 0.045
30.17 21 NAVIGATION 0 0 0 0 286 0. 570986.7
30.39 21 WP_MOVED 2 358071. 4822161. 0.
30.39 21 COMMANDS 91,100,-2137,518,-2638
30.39 21 NAVIGATION 0 0 0 0 286 0. 570986.7
30.46 21 ATTITUDE 0 0 0
30.46 21 GYRO_RATES -164 -190 -159 1.43117 -1.658063 1.387537
30.46 21 FBW_STATUS 0 0 122
30.55 21 ESTIMATOR 709.153015 0.023056 915.299988 2.305565 924.300049
30.55 21 BAT 73 122 0 0 39 39 0
30.55 21 ACTUATORS 1592,1633,0,1214,1527,1390
30.65 21 CALIBRATION -9.236 0.037 0.5 0
30.65 21 NAVIGATION 0 0 0 0 286 0. 570986.7
30.81 21 WP_MOVED 0 358113. 4822203. 702.
30.81 21 SERVO 9600 -9600 80
30.81 21 DESIRED 0. -0.17 0. 0. 700.015 -2.
30.94 21 NAVIGATION 0 0 0 0 286 0. 570986.7
30.94 21 ATTITUDE 0 0 0
30.94 21 PPRZ_MODE 0 3 0 0 0 1 0
30.94 21 DOWNLINK_STATUS 29 9673 644 0 327. 23.
31.11 21 ESTIMATOR 709.193481 0.076004 919.350037 7.600441 924.839905
31.11 21 DL_VALUE 40 0.1
31.11 21 NAVIGATION 0 0 0 0 286 0. 570986.7
31.33 21 WP_MOVED 1 358824.90625 4822110. 702.
31.37 21 COMMANDS 117,136,-2145,469,-2608
31.37 21 NAVIGATION 0 0 0 0 286 0. 570986.7
31.40 21 ATTITUDE 0 0 0
31.40 21 GYRO_RATES -154 -180 -149 1.343904 -1.570796 1.30027
31.40 21 FBW_STATUS 0 0 122
31.59 21 ESTIMATOR 709.274475 0.000729 927.450012 0.072861 923.48999
31.59 21 NAVIGATION 0 0 0 0 286 0. 570986.7
31.77 21 WP_MOVED 2 358071. 4822161. 0.
31.77 21 DESIRED 0. -0.17 0. 0. 700.018 -2.
31.89 21 NAVIGATION 0 0 0 0 286 0. 570986.7
31.89 21 ATTITUDE 0 0 0
31.89 21 DL_VALUE 42 2000.
32.02 21 ESTIMATOR 709.34198 -0.017389 934.200012 -1.738853 923.490051
32.02 21 DL_VALUE 41 0.
32.02 21 NAVIGATION 0 0 0 0 286 0. 570986.7
32.02 21 DOWNLINK_STATUS 31 9960 663 0 287. 19.
32.22 21 DL_VALUE 42 2000.
32.22 21 WP_MOVED 0 358113. 4822203. 702.
32.22 21 DL_VALUE 42 2000.
32.30 21 COMMANDS 84,211,-2082,521,-2552
32.30 21 NAVIGATION 0 0 0 0 286 0. 570986.7
32.30 21 ATTITUDE 0 0 0
32.37 21 GYRO_RATES -151 -176 -147 1.317724 -1.53589 1.282817
32.37 21 FBW_STATUS 0 0 122
32.37 21 ESTIMATOR 709.35553 -0.031671 935.549988 -3.167114 923.669983
32.48 21 BAT 82 122 0 0 41 41 0
32.48 21 CALIBRATION -9.194 0.037 0.5 0
32.48 21 NAVIGATION 0 0 0 0 286 0. 570986.7
32.64 21 WP_MOVED 1 358824.90625 4822110. 702.
32.64 21 SERVO 9600 -9600 83
32.81 21 DESIRED 0. -0.17 0. 0. 700.024 -2.
32.81 21 NAVIGATION 0 0 0 0 286 0. 570986.7
32.81 21 ATTITUDE 0 0 0
32.98 21 ESTIMATOR 709.288025 -0.099197 928.799988 -9.919662 923.490112
32.98 21 DL_VALUE 42 2000.
32.98 21 NAVIGATION 0 0 0 0 286 0. 570986.7
33.20 21 WP_MOVED 2 358071. 4822161. 0.
33.20 21 COMMANDS 90,103,-2101,541,-2672
33.20 21 NAVIGATION 0 0 0 0 286 0. 570986.7
33.20 21 DOWNLINK_STATUS 32 10290 686 0 330. 23.
33.28 21 ATTITUDE 0 0 0
33.28 21 GYRO_RATES -161 -186 -156 1.40499 -1.623156 1.361357
33.28 21 FBW_STATUS 0 0 122
33.47 21 ESTIMATOR 709.179993 0.005074 918. 0.507431 923.130066
33.47 21 NAVIGATION 0 0 0 0 286 0. 570986.7
33.47 21 WP_MOVED 0 358113. 4822203. 702.
33.61 21 DESIRED 0. -0.17 0. 0. 700.017 -2.
33.61 21 DL_VALUE 42 1031.25
33.69 21 DL_VALUE 42 1031.25
33.73 21 NAVIGATION 0 0 0 0 286 0. 570986.7
33.73 21 ATTITUDE 0 0 0
33.87 21 DL_VALUE 42 1031.25
33.87 21 ESTIMATOR 709.153015 0.042445 915.299988 4.244461 924.47998
33.87 21 DL_VALUE 0 700.016663
34.09 21 NAVIGATION 0 0 0 0 286 0. 570986.7
34.09 21 WP_MOVED 1 358824.90625 4822110. 702.
34.09 21 DL_VALUE 42 1031.25
34.18 21 COMMANDS 121,367,-2147,479,-2572
34.18 21 NAVIGATION 0 0 0 0 286 0. 570986.7
34.18 21 ATTITUDE 0 0 0
34.24 21 GYRO_RATES -161 -185 -156 1.40499 -1.61443 1.361357
34.24 21 FBW_STATUS 0 0 122
34.24 21 ESTIMATOR 709.166504 0.012501 916.650024 1.250114 925.470032
34.24 21 DOWNLINK_STATUS 33 10606 709 0 316. 23.
34.34 21 BAT 6 122 0 0 43 43 0
34.34 21 CALIBRATION -9.238 0.037 0.5 0
34.51 21 NAVIGATION 0 0 0 0 286 0. 570986.7
34.51 21 WP_MOVED 2 358071. 4822161. 0.
34.51 21 SERVO 9600 -9600 90
34.69 21 DESIRED 0. -0.17 0. 0. 700.019 -2.
34.69 21 NAVIGATION 0 0 0 0 286 0. 570986.7
34.69 21 ATTITUDE 0 0 0
34.85 21 ESTIMATOR 709.20697 0.063503 920.700012 6.350327 923.579956
34.85 21 DL_VALUE 1 1.
34.85 21 NAVIGATION 0 0 0 0 286 0. 570986.7
35.08 21 WP_MOVED 0 358113. 4822203. 702.
35.08 21 COMMANDS 0,292,-2044,718,-2550
35.08 21 NAVIGATION 0 0 0 0 286 0. 570986.7
35.15 21 ATTITUDE 0 0 0
35.16 21 GYRO_RATES -153 -179 -147 1.335177 -1.56207 1.282817
35.16 21 FBW_STATUS 0 0 122
35.28 21 ESTIMATOR 709.315002 -0.029107 931.5 -2.910728 923.669922
35.28 21 ACTUATORS 1601,1627,0,1208,1526,1381
35.28 21 DOWNLINK_STATUS 34 10891 728 0 285. 19.
35.50 21 NAVIGATION 0 0 0 0 286 0. 570986.7
35.50 21 WP_MOVED 1 358824.90625 4822110. 702.
35.50 21 DESIRED 0. -0.17 0. 0. 700.023 -2.
35.61 21 NAVIGATION 0 0 0 0 286 0. 570986.7
35.61 21 ATTITUDE 0 0 0
35.61 21 PPRZ_MODE 0 3 0 0 0 1 0
35.76 21 ESTIMATOR 709.288025 -0.000999 928.799988 -0.099869 923.040039
35.80 21 DL_VALUE 2 0.
35.80 21 NAVIGATION 0 0 0 0 286 0. 570986.7
35.98 21 WP_MOVED 2 358071. 4822161. 0.
35.98 21 NAVIGATION_REF 358071 4822161 31
35.98 21 COMMANDS 79,151,-2130,564,-2597
36.05 21 NAVIGATION 0 0 0 0 286 0. 570986.7
36.05 21 ATTITUDE 0 0 0
36.12 21 GYRO_RATES -153 -178 -148 1.335177 -1.553343 1.291544
36.12 21 FBW_STATUS 0 0 122
36.12 21 ESTIMATOR 709.301514 -0.022113 930.150024 -2.211342 922.319946
36.23 21 BAT 44 122 0 0 45 45 0
36.26 21 CALIBRATION -9.202 0.037 0.5 0
36.26 21 NAVIGATION 0 0 0 0 286 0. 570986.7
36.38 21 WP_MOVED 0 358113. 4822203. 702.
36.38 21 SERVO 9600 -9600 46
36.38 21 DOWNLINK_STATUS 35 11214 750 0 323. 22.
36.56 21 DESIRED 0. -0.17 0. 0. 700.019 -2.
36.56 21 NAVIGATION 0 0 0 0 286 0. 570986.7
36.56 21 ATTITUDE 0 0 0
36.73 21 ESTIMATOR 709.247498 -0.051868 924.75 -5.186806 923.130005
36.73 21 DL_VALUE 3 0.
36.73 21 NAVIGATION 0 0 0 0 286 0. 570986.7
36.95 21 WP_MOVED 1 358824.90625 4822110. 702.
36.95 21 COMMANDS 64,139,-2188,529,-2577
36.95 21 NAVIGATION 0 0 0 0 286 0. 570986.7
37.03 21 ATTITUDE 0 0 0
37.03 21 GYRO_RATES -162 -188 -158 1.413717 -1.64061 1.37881
37.03 21 FBW_STATUS 0 0 122
37.21 21 ESTIMATOR 709.139526 0.024326 913.950012 2.432632 923.670044
37.21 21 NAVIGATION 0 0 0 0 286 0. 570986.7
37.39 21 WP_MOVED 2 358071. 4822161. 0.
37.39 21 DESIRED 0. -0.17 0. 0. 700.018 -2.
37.39 21 DOWNLINK_STATUS 36 11473 766 0 259. 16.
37.57 21 NAVIGATION 0 0 0 0 286 0. 570986.7
37.57 21 ATTITUDE 0 0 0
37.58 21 ESTIMATOR 709.153015 -0.005832 915.299988 -0.583153 923.669983
37.58 21 DL_VALUE 4 0.
37.85 21 NAVIGATION 0 0 0 0 286 0. 570986.7
37.85 21 WP_MOVED 0 358113. 4822203. 702.
37.93 21 COMMANDS 98,179,-2109,514,-2516
37.93 21 NAVIGATION 0 0 0 0 286 0. 570986.7
37.93 21 ATTITUDE 0 0 0
37.99 21 GYRO_RATES -159 -185 -155 1.387537 -1.61443 1.35263
37.99 21 FBW_STATUS 0 0 122
37.99 21 ESTIMATOR 709.179993 0.05103 918. 5.103035 923.940002
38.10 21 BAT 79 122 0 0 47 47 0
38.10 21 CALIBRATION -9.232 0.037 0.5 0
38.10 21 NAVIGATION 0 0 0 0 286 0. 570986.7
38.26 21 WP_MOVED 1 358824.90625 4822110. 702.
38.29 21 SERVO 9600 -9600 86
38.43 21 DESIRED 0. -0.17 0. 0. 700.019 -2.
38.43 21 NAVIGATION 0 0 0 0 286 0. 570986.7
38.43 21 ATTITUDE 0 0 0
38.44 21 DOWNLINK_STATUS 37 11769 786 0 296. 20.
38.61 21 ESTIMATOR 709.234009 0.092286 923.400024 9.228592 924.840088
38.61 21 DL_VALUE 5 0.
38.61 21 NAVIGATION 0 0 0 0 286 0. 570986.7
38.83 21 WP_MOVED 2 358071. 4822161. 0.
38.87 21 COMMANDS 72,149,-2147,550,-2543
38.87 21 NAVIGATION 0 0 0 0 286 0. 570986.7
38.90 21 ATTITUDE 0 0 0
38.90 21 GYRO_RATES -151 -176 -145 1.317724 -1.53589 1.265364
38.90 21 FBW_STATUS 0 0 122
39.08 21 ESTIMATOR 709.328491 -0.051275 932.850037 -5.127487 923.940063
39.08 21 NAVIGATION 0 0 0 0 286 0. 570986.7
39.27 21 WP_MOVED 0 358113. 4822203. 702.
39.27 21 DESIRED 0. -0.17 0. 0. 700.018 -2.
39.45 21 NAVIGATION 0 0 0 0 286 0. 570986.7
39.45 21 ATTITUDE 0 0 0
39.45 21 ESTIMATOR 709.301514 -0.00956 930.150024 -0.955963 922.950073
39.45 21 DL_VALUE 6 0.
39.45 21 DOWNLINK_STATUS 38 12031 803 0 262. 17.
39.72 21 NAVIGATION 0 0 0 0 286 0. 570986.7
39.72 21 WP_MOVED 1 358824.90625 4822110. 702.
39.80 21 COMMANDS 96,205,-2077,524,-2562
39.80 21 NAVIGATION 0 0 0 0 286 0. 570986.7
39.80 21 ATTITUDE 0 0 0
39.87 21 GYRO_RATES -154 -179 -150 1.343904 -1.56207 1.308997
39.87 21 FBW_STATUS 0 0 122
39.87 21 ESTIMATOR 709.328491 -0.046115 932.850037 -4.611473 923.31012
39.95 21 BAT 92 122 0 0 49 49 0
39.95 21 ACTUATORS 1609,1631,0,1205,1525,1377
39.95 21 CALIBRATION -9.205 0.037 0.5 0
40.12 21 NAVIGATION 0 0 0 0 286 0. 570986.7
40.12 21 WP_MOVED 2 358071. 4822161. 0.
40.12 21 SERVO 9600 -9600 55
40.22 21 DESIRED 0. -0.17 0. 0. 700.013 -2.
40.25 21 NAVIGATION 0 0 0 0 286 0. 570986.7
40.39 21 ATTITUDE 0 0 0
40.39 21 PPRZ_MODE 0 3 0 0 0 1 0
40.39 21 ESTIMATOR 709.234009 -0.093339 923.400024 -9.333916 923.580078
40.39 21 DL_VALUE 7 0.
40.68 21 NAVIGATION 0 0 0 0 286 0. 570986.7
40.68 21 WP_MOVED 0 358113. 4822203. 702.
40.68 21 COMMANDS 80,153,-2130,563,-2659
40.68 21 DOWNLINK_STATUS 39 12371 826 0 340. 23.
40.74 21 NAVIGATION 0 0 0 0 286 0. 570986.7
40.74 21 ATTITUDE 0 0 0
40.90 21 GYRO_RATES -162 -188 -158 1.413717 -1.64061 1.37881
40.90 21 FBW_STATUS 0 0 122
40.90 21 ESTIMATOR 709.125977 0.052108 912.600037 5.2108 923.400085
41.08 21 NAVIGATION 0 0 0 0 286 0. 570986.7
41.08 21 WP_MOVED 1 358824.90625 4822110. 702.
41.25 21 DESIRED 0. -0.17 0. 0. 700.018 -2.
41.26 21 NAVIGATION 0 0 0 0 286 0. 570986.7
41.26 21 ATTITUDE 0 0 0
41.43 21 ESTIMATOR 709.166504 0.046224 916.650024 4.622421 924.570007
41.43 21 DL_VALUE 8 0.
41.43 21 NAVIGATION 0 0 0 0 286 0. 570986.7
41.65 21 WP_MOVED 2 358071. 4822161. 0.
41.65 21 COMMANDS 67,126,-2155,531,-2595
41.66 21 NAVIGATION 0 0 0 0 286 0. 570986.7
41.73 21 ATTITUDE 0 0 0
41.73 21 GYRO_RATES -158 -183 -152 1.37881 -1.596976 1.32645
41.73 21 FBW_STATUS 0 0 122
41.73 21 DOWNLINK_STATUS 40 12655 845 0 284. 19.
41.83 21 ESTIMATOR 709.179993 0.028835 918. 2.88353 924.660156
41.83 21 BAT 105 122 0 0 51 51 0
41.83 21 CALIBRATION -9.241 0.037 0.5 0
41.99 21 NAVIGATION 0 0 0 0 286 0. 570986.7
41.99 21 WP_MOVED 0 358113. 4822203. 702.
41.99 21 SERVO 9600 -9600 94
42.10 21 DESIRED 0. -0.17 0. 0. 700.018 -2.
42.10 21 NAVIGATION 0 0 0 0 286 0. 570986.7
42.31 21 ATTITUDE 0 0 0
42.31 21 ESTIMATOR 709.234009 0.04509 923.400024 4.508972 922.950134
42.31 21 DL_VALUE 9 466.
42.56 21 NAVIGATION 0 0 0 0 286 0. 570986.7
42.56 21 WP_MOVED 1 358824.90625 4822110. 702.
42.56 21 COMMANDS 94,115,-2112,534,-2593
42.62 21 NAVIGATION 0 0 0 0 286 0. 570986.7
42.63 21 ATTITUDE 0 0 0
42.79 21 GYRO_RATES -151 -176 -146 1.317724 -1.53589 1.27409
42.83 21 FBW_STATUS 0 0 122
42.83 21 ESTIMATOR 709.34198 -0.006805 934.200012 -0.680504 923.490173
42.83 21 DOWNLINK_STATUS 41 12947 864 0 292. 19.
43.00 21 NAVIGATION 0 0 0 0 286 0. 570986.7
43.00 21 WP_MOVED 2 358071. 4822161. 0.
43.00 21 DESIRED 0. -0.17 0. 0. 700.014 -2.
43.15 21 NAVIGATION 0 0 0 0 286 0. 570986.7
43.15 21 ATTITUDE 0 0 0
43.16 21 ESTIMATOR 709.288025 -0.019276 928.799988 -1.927643 923.670044
43.31 21 DL_VALUE 10 492.
43.31 21 NAVIGATION 0 0 0 0 286 0. 570986.7
43.31 21 WP_MOVED 0 358113. 4822203. 702.
43.54 21 COMMANDS 125,196,-2142,460,-2603
43.54 21 NAVIGATION 0 0 0 0 286 0. 570986.7
43.54 21 ATTITUDE 0 0 0
43.60 21 GYRO_RATES -155 -181 -150 1.35263 -1.579523 1.308997
43.60 21 FBW_STATUS 0 0 122
43.71 21 ESTIMATOR 709.301514 -0.08478 930.150024 -8.477974 922.679993
43.71 21 BAT 0 122 0 0 53 53 0
43.71 21 CALIBRATION -9.216 0.037 0.5 0
43.88 21 NAVIGATION 0 0 0 0 286 0. 570986.7
43.88 21 WP_MOVED 1 358824.90625 4822110. 702.
43.88 21 SERVO 9600 -9600 0
43.88 21 DOWNLINK_STATUS 42 13250 884 0 303. 20.
44.05 21 DESIRED 0. -0.17 0. 0. 700.019 -2.
44.05 21 NAVIGATION 0 0 0 0 286 0. 570986.7
44.05 21 ATTITUDE 0 0 0
44.20 21 ESTIMATOR 709.166504 -0.009396 916.650024 -0.939636 922.769958
44.20 21 DL_VALUE 11 461.
44.20 21 NAVIGATION 0 0 0 0 286 0. 570986.7
44.42 21 WP_MOVED 2 358071. 4822161. 0.
44.42 21 NAVIGATION_REF 358071 4822161 31
44.42 21 COMMANDS 0,295,-2043,735,-2543
44.49 21 NAVIGATION 0 0 0 0 286 0. 570986.7
44.49 21 ATTITUDE 0 0 0
44.60 21 GYRO_RATES -163 -188 -158 1.422443 -1.64061 1.37881
44.60 21 FBW_STATUS 0 0 122
44.60 21 ESTIMATOR 709.139526 0.038611 913.950012 3.861122 923.939941
44.81 21 ACTUATORS 1602,1628,0,1208,1526,1381
44.81 21 NAVIGATION 0 0 0 0 286 0. 570986.7
44.81 21 WP_MOVED 0 358113. 4822203. 702.
44.91 21 DESIRED 0. -0.17 0. 0. 700.025 -2.
44.91 21 NAVIGATION 0 0 0 0 286 0. 570986.7
44.91 21 DOWNLINK_STATUS 43 13553 903 0 303. 19.
45.08 21 ATTITUDE 0 0 0
45.08 21 PPRZ_MODE 0 3 0 0 0 1 0
45.08 21 ESTIMATOR 709.166504 -5.5e-05 916.650024 -0.005455 924.299927
45.08 21 DL_VALUE 12 1.35
45.35 21 NAVIGATION 0 0 0 0 286 0. 570986.7
45.35 21 WP_MOVED 1 358824.90625 4822110. 702.
45.43 21 COMMANDS 79,156,-2120,544,-2608
45.43 21 NAVIGATION 0 0 0 0 286 0. 570986.7
45.43 21 ATTITUDE 0 0 0
45.50 21 GYRO_RATES -158 -183 -152 1.37881 -1.596976 1.32645
45.50 21 FBW_STATUS 0 0 122
45.50 21 ESTIMATOR 709.20697 0.03842 920.700012 3.84201 923.849976
45.60 21 BAT 90 122 0 0 55 55 0
45.60 21 CALIBRATION -9.23 0.037 0.5 0
45.76 21 NAVIGATION 0 0 0 0 286 0. 570986.7
45.76 21 WP_MOVED 2 358071. 4822161. 0.
45.76 21 SERVO 9600 -9600 82
45.94 21 DESIRED 0. -0.17 0. 0. 700. -2.
45.94 21 NAVIGATION 0 0 0 0 286 0. 570986.7
45.94 21 ATTITUDE 0 0 0
45.94 21 DOWNLINK_STATUS 44 13840 923 0 287. 20.
46.11 21 ESTIMATOR 709.288025 0.044089 928.799988 4.408913 924.569946
46.11 21 DL_VALUE 13 0.
46.11 21 NAVIGATION 0 0 0 0 286 0. 570986.7
46.33 21 WP_MOVED 0 358113. 4822203. 702.
46.33 21 COMMANDS 89,114,-2120,596,-2761
46.33 21 NAVIGATION 0 0 0 0 286 0. 570986.7
46.40 21 ATTITUDE 0 0 0
46.40 21 GYRO_RATES -149 -176 -144 1.30027 -1.53589 1.256637
46.40 21 FBW_STATUS 0 0 122
46.59 21 ESTIMATOR 709.328491 -0.034722 932.850037 -3.472214 923.040039
46.59 21 NAVIGATION 0 0 0 0 286 0. 570986.7
46.77 21 WP_MOVED 1 358824.90625 4822110. 702.
46.77 21 DESIRED 0. -0.17 0. 0. 700.019 -2.
46.95 21 NAVIGATION 0 0 0 0 286 0. 570986.7
46.95 21 ATTITUDE 0 0 0
46.95 21 ESTIMATOR 709.315002 -0.035587 931.5 -3.558655 922.680054
46.95 21 DL_VALUE 14 0.
46.95 21 DOWNLINK_STATUS 45 14102 940 0 262. 17.
47.22 21 NAVIGATION 0 0 0 0 286 0. 570986.7
47.22 21 WP_MOVED 2 358071. 4822161. 0.
47.31 21 COMMANDS 68,132,-2178,534,-2593
47.31 21 NAVIGATION 0 0 0 0 286 0. 570986.7
47.31 21 ATTITUDE 0 0 0
47.37 21 GYRO_RATES -156 -181 -151 1.361357 -1.579523 1.317724
47.37 21 FBW_STATUS 0 0 122
47.37 21 ESTIMATOR 709.301514 -0.024893 930.150024 -2.489281 923.940063
47.47 21 BAT 93 122 0 0 57 57 0
47.47 21 CALIBRATION -9.214 0.037 0.5 0
47.47 21 NAVIGATION 0 0 0 0 286 0. 570986.7
47.64 21 WP_MOVED 0 358113. 4822203. 702.
47.64 21 SERVO 9600 -9600 102
47.81 21 DESIRED 0. -0.17 0. 0. 700.018 -2.
47.85 21 NAVIGATION 0 0 0 0 286 0. 570986.7
47.85 21 ATTITUDE 0 0 0
47.98 21 ESTIMATOR 709.179993 -0.05192 918. -5.191994 923.760071
47.98 21 DL_VALUE 15 0.75
47.98 21 NAVIGATION 0 0 0 0 286 0. 570986.7
47.98 21 DOWNLINK_STATUS 47 14390 959 0 288. 19.
48.21 21 WP_MOVED 1 358824.90625 4822110. 702.
48.22 21 COMMANDS 89,117,-2114,537,-2597
48.22 21 NAVIGATION 0 0 0 0 286 0. 570986.7
48.28 21 ATTITUDE 0 0 0
48.28 21 GYRO_RATES -163 -188 -158 1.422443 -1.64061 1.37881
48.28 21 FBW_STATUS 0 0 122
48.46 21 ESTIMATOR 709.125977 0.037585 912.600037 3.758469 923.490051
48.46 21 NAVIGATION 0 0 0 0 286 0. 570986.7
48.64 21 WP_MOVED 2 358071. 4822161. 0.
48.64 21 DESIRED 0. -0.17 0. 0. 700.013 -2.
48.83 21 NAVIGATION 0 0 0 0 286 0. 570986.7
48.87 21 ATTITUDE 0 0 0
48.87 21 ESTIMATOR 709.166504 0.056806 916.650024 5.680618 924.390015
48.87 21 DL_VALUE 16 25000.
49.10 21 NAVIGATION 0 0 0 0 286 0. 570986.7
49.10 21 WP_MOVED 0 358113. 4822203. 702.
49.10 21 DOWNLINK_STATUS 48 14638 975 0 248. 16.
49.18 21 COMMANDS 118,335,-2142,454,-2587
49.18 21 NAVIGATION 0 0 0 0 286 0. 570986.7
49.18 21 ATTITUDE 0 0 0
49.25 21 GYRO_RATES -157 -182 -151 1.370083 -1.58825 1.317724
49.29 21 FBW_STATUS 0 0 122
49.29 21 ESTIMATOR 709.20697 0.047115 920.700012 4.711494 924.570007
49.33 21 BAT 0 122 0 0 59 59 0
49.33 21 ACTUATORS 1605,1635,0,1207,1527,1386
49.33 21 CALIBRATION -9.233 0.037 0.5 0
49.49 21 NAVIGATION 0 0 0 0 286 0. 570986.7
49.49 21 WP_MOVED 1 358824.90625 4822110. 702.
49.49 21 SERVO 9600 -9600 0
49.60 21 DESIRED 0. -0.17 0. 0. 700.02 -2.
49.60 21 NAVIGATION 0 0 0 0 286 0. 570986.7
49.77 21 ATTITUDE 0 0 0
49.77 21 PPRZ_MODE 0 3 0 0 0 1 0
49.77 21 ESTIMATOR 709.288025 -0.002105 928.799988 -0.210533 923.579956
49.77 21 DL_VALUE 17 25000.
50.04 21 NAVIGATION 0 0 0 0 286 0. 570986.7
50.04 21 WP_MOVED 2 358071. 4822161. 0.
50.12 21 COMMANDS 0,256,-2098,683,-2461
50.12 21 NAVIGATION 0 0 0 0 286 0. 570986.7
50.12 21 ATTITUDE 0 0 0
50.12 21 DOWNLINK_STATUS 49 14971 998 0 333. 23.
50.28 21 GYRO_RATES -151 -175 -146 1.317724 -1.527163 1.27409
50.28 21 FBW_STATUS 0 0 122
50.28 21 ESTIMATOR 709.34198 -0.019279 934.200012 -1.927872 923.489929
50.46 21 NAVIGATION 0 0 0 0 286 0. 570986.7
50.46 21 WP_MOVED 0 358113. 4822203. 702.
50.63 21 DESIRED 0. -0.17 0. 0. 700.023 -2.
50.63 21 NAVIGATION 0 0 0 0 286 0. 570986.7
50.63 21 ATTITUDE 0 0 0
50.81 21 ESTIMATOR 709.274475 -0.034748 927.450012 -3.47477 923.490051
50.81 21 DL_VALUE 18 0.75
50.81 21 NAVIGATION 0 0 0 0 286 0. 570986.7
51.03 21 WP_MOVED 1 358824.90625 4822110. 702.
51.03 21 COMMANDS 90,207,-2090,521,-2567
51.03 21 NAVIGATION 0 0 0 0 286 0. 570986.7
51.10 21 ATTITUDE 0 0 0
51.10 21 GYRO_RATES -156 -181 -151 1.361357 -1.579523 1.317724
51.10 21 FBW_STATUS 0 0 122
51.22 21 ESTIMATOR 709.274475 -0.065421 927.450012 -6.54213 922.320068
51.22 21 BAT 88 122 0 0 61 61 0
51.22 21 CALIBRATION -9.213 0.037 0.5 0
51.22 21 DOWNLINK_STATUS 50 15280 1018 0 309. 20.
51.38 21 NAVIGATION 0 0 0 0 286 0. 570986.7
51.38 21 WP_MOVED 2 358071. 4822161. 0.
51.38 21 SERVO 9600 -9600 42
51.55 21 DESIRED 0. -0.17 0. 0. 700.014 -2.
51.55 21 NAVIGATION 0 0 0 0 286 0. 570986.7
51.55 21 ATTITUDE 0 0 0
51.71 21 ESTIMATOR 709.193481 -0.009425 919.350037 -0.942459 923.130005
51.71 21 DL_VALUE 19 13000.
51.71 21 NAVIGATION 0 0 0 0 286 0. 570986.7
51.94 21 WP_MOVED 0 358113. 4822203. 702.
51.94 21 COMMANDS 100,151,-2148,498,-2553
52.02 21 NAVIGATION 0 0 0 0 286 0. 570986.7
52.02 21 ATTITUDE 0 0 0
52.02 21 GYRO_RATES -163 -189 -159 1.422443 -1.649336 1.387537
52.02 21 FBW_STATUS 0 0 122
52.21 21 ESTIMATOR 709.139526 0.061777 913.950012 6.17775 924.660034
52.21 21 NAVIGATION 0 0 0 0 286 0. 570986.7
52.39 21 WP_MOVED 1 358824.90625 4822110. 702.
52.39 21 DESIRED 0. -0.17 0. 0. 700.019 -2.
52.39 21 DOWNLINK_STATUS 51 15580 1037 0 300. 19.
52.58 21 NAVIGATION 0 0 0 0 286 0. 570986.7
52.58 21 ATTITUDE 0 0 0
52.58 21 ESTIMATOR 709.179993 -0.019333 918. -1.933289 924.930054
52.58 21 DL_VALUE 20 13000.
52.71 21 NAVIGATION 0 0 0 0 286 0. 570986.7
52.71 21 WP_MOVED 2 358071. 4822161. 0.
52.90 21 NAVIGATION_REF 358071 4822161 31
52.90 21 COMMANDS 85,217,-2077,519,-2553
52.90 21 NAVIGATION 0 0 0 0 286 0. 570986.7
52.97 21 ATTITUDE 0 0 0
52.97 21 GYRO_RATES -157 -183 -152 1.370083 -1.596976 1.32645
52.97 21 FBW_STATUS 0 0 122
53.08 21 ESTIMATOR 709.193481 0.058672 919.350037 5.867233 923.76001
53.08 21 BAT 81 122 0 0 63 63 0
53.08 21 CALIBRATION -9.226 0.037 0.5 0
53.25 21 NAVIGATION 0 0 0 0 286 0. 570986.7
53.25 21 WP_MOVED 0 358113. 4822203. 702.
53.25 21 SERVO 9600 -9600 79
53.25 21 DOWNLINK_STATUS 52 15835 1055 0 255. 18.
53.35 21 DESIRED 0. -0.17 0. 0. 700.024 -2.
53.35 21 NAVIGATION 0 0 0 0 286 0. 570986.7
53.56 21 ATTITUDE 0 0 0
53.56 21 ESTIMATOR 709.301514 0.043118 930.150024 4.311829 924.660095
53.56 21 DL_VALUE 21 0.75
53.81 21 NAVIGATION 0 0 0 0 286 0. 570986.7
53.81 21 WP_MOVED 1 358824.90625 4822110. 702.
53.81 21 COMMANDS 77,146,-2142,511,-2595
53.87 21 NAVIGATION 0 0 0 0 286 0. 570986.7
53.87 21 ATTITUDE 0 0 0
53.99 21 GYRO_RATES -149 -176 -144 1.30027 -1.53589 1.256637
53.99 21 FBW_STATUS 0 0 122
53.99 21 ESTIMATOR 709.328491 -0.048195 932.850037 -4.819489 923.220032
53.99 21 ACTUATORS 1604,1634,0,1206,1527,1381
54.19 21 NAVIGATION 0 0 0 0 286 0. 570986.7
54.19 21 WP_MOVED 2 358071. 4822161. 0.
54.29 21 DESIRED 0. -0.17 0. 0. 700.016 -2.
54.33 21 NAVIGATION 0 0 0 0 286 0. 570986.7
54.33 21 ATTITUDE 0 0 0
54.33 21 DOWNLINK_STATUS 53 16135 1074 0 300. 19.
54.49 21 PPRZ_MODE 0 3 0 0 0 1 0
54.49 21 ESTIMATOR 709.315002 -0.035614 931.5 -3.561401 922.409912
54.49 21 DL_VALUE 22 18000.
54.74 21 NAVIGATION 0 0 0 0 286 0. 570986.7
54.74 21 WP_MOVED 0 358113. 4822203. 702.
54.74 21 COMMANDS 141,176,-2155,380,-2563
54.81 21 NAVIGATION 0 0 0 0 286 0. 570986.7
54.81 21 ATTITUDE 0 0 0
54.88 21 GYRO_RATES -155 -181 -151 1.35263 -1.579523 1.317724
54.88 21 FBW_STATUS 0 0 122
54.88 21 ESTIMATOR 709.315002 -0.04509 931.5 -4.50901 923.580017
55.01 21 BAT 72 122 0 0 65 65 0
55.01 21 CALIBRATION -9.209 0.037 0.5 0
55.01 21 NAVIGATION 0 0 0 0 286 0. 570986.7
55.14 21 WP_MOVED 1 358824.90625 4822110. 702.
55.14 21 SERVO 9600 -9600 78
55.32 21 DESIRED 0. -0.17 0. 0. 700.014 -2.
55.32 21 NAVIGATION 0 0 0 0 286 0. 570986.7
55.32 21 ATTITUDE 0 0 0
55.32 21 DOWNLINK_STATUS 54 16414 1093 0 279. 19.
55.49 21 ESTIMATOR 709.179993 -0.060533 918. -6.053314 923.76001
55.49 21 DL_VALUE 23 18000.
55.49 21 NAVIGATION 0 0 0 0 286 0. 570986.7
55.71 21 WP_MOVED 2 358071. 4822161. 0.
55.71 21 COMMANDS 89,208,-2118,512,-2431
55.71 21 NAVIGATION 0 0 0 0 286 0. 570986.7
55.78 21 ATTITUDE 0 0 0
55.79 21 GYRO_RATES -163 -188 -158 1.422443 -1.64061 1.37881
55.79 21 FBW_STATUS 0 0 122
55.97 21 ESTIMATOR 709.125977 0.050112 912.600037 5.011215 923.400024
55.97 21 NAVIGATION 0 0 0 0 286 0. 570986.7
55.97 21 WP_MOVED 0 358113. 4822203. 702.
56.15 21 DESIRED 0. -0.17 0. 0. 700.017 -2.
56.15 21 NAVIGATION 0 0 0 0 286 0. 570986.7
56.36 21 ATTITUDE 0 0 0
56.36 21 ESTIMATOR 709.166504 0.052946 916.650024 5.294571 924.659912
56.36 21 DL_VALUE 24 0.3
56.36 21 DOWNLINK_STATUS 55 16676 1110 0 262. 17.
56.61 21 NAVIGATION 0 0 0 0 286 0. 570986.7
56.61 21 WP_MOVED 1 358824.90625 4822110. 702.
56.61 21 COMMANDS 130,211,-2139,453,-2608
56.68 21 NAVIGATION 0 0 0 0 286 0. 570986.7
56.68 21 ATTITUDE 0 0 0
56.76 21 GYRO_RATES -157 -182 -153 1.370083 -1.58825 1.335177
56.79 21 FBW_STATUS 0 0 122
56.79 21 ESTIMATOR 709.193481 0.024973 919.350037 2.497292 924.299988
56.85 21 BAT 0 122 0 0 66 66 0
56.85 21 CALIBRATION -9.229 0.037 0.5 0
56.85 21 NAVIGATION 0 0 0 0 286 0. 570986.7
57.01 21 WP_MOVED 2 358071. 4822161. 0.
57.01 21 SERVO 9600 -9600 81
57.19 21 DESIRED 0. -0.17 0. 0. 700.019 -2.
57.19 21 NAVIGATION 0 0 0 0 286 0. 570986.7
57.19 21 ATTITUDE 0 0 0
57.36 21 ESTIMATOR 709.274475 0.019088 927.450012 1.908836 923.21991
57.40 21 DL_VALUE 25 -0.129419
57.40 21 NAVIGATION 0 0 0 0 286 0. 570986.7
57.58 21 WP_MOVED 0 358113. 4822203. 702.
57.58 21 COMMANDS 15,213,-2076,673,-2388
57.58 21 NAVIGATION 0 0 0 0 286 0. 570986.7
57.58 21 DOWNLINK_STATUS 56 17010 1132 0 334. 22.
57.65 21 ATTITUDE 0 0 0
57.65 21 GYRO_RATES -151 -176 -145 1.317724 -1.53589 1.265364
57.65 21 FBW_STATUS 0 0 122
57.83 21 ESTIMATOR 709.34198 -0.027998 934.200012 -2.799835 923.400024
57.83 21 NAVIGATION 0 0 0 0 286 0. 570986.7
58.02 21 WP_MOVED 1 358824.90625 4822110. 702.
58.02 21 DESIRED 0. -0.17 0. 0. 700.022 -2.
58.20 21 NAVIGATION 0 0 0 0 286 0. 570986.7
58.20 21 ATTITUDE 0 0 0
58.20 21 ESTIMATOR 709.288025 2e-06 928.799988 0.000153 923.309998
58.20 21 DL_VALUE 26 0.005
58.47 21 NAVIGATION 0 0 0 0 286 0. 570986.7
58.51 21 WP_MOVED 2 358071. 4822161. 0.
58.51 21 DOWNLINK_STATUS 57 17212 1145 0 202. 13.
58.55 21 COMMANDS 85,132,-2158,558,-2782
58.55 21 NAVIGATION 0 0 0 0 286 0. 570986.7
58.55 21 ATTITUDE 0 0 0
58.62 21 GYRO_RATES -155 -180 -150 1.35263 -1.570796 1.308997
58.62 21 FBW_STATUS 0 0 122
58.62 21 ESTIMATOR 709.274475 -0.066418 927.450012 -6.641846 922.77002
58.71 21 BAT 38 122 0 0 68 68 0
58.71 21 ACTUATORS 1607,1633,0,1207,1525,1380
58.71 21 CALIBRATION -9.213 0.037 0.5 0
58.87 21 NAVIGATION 0 0 0 0 286 0. 570986.7
58.91 21 WP_MOVED 0 358113. 4822203. 702.
58.91 21 SERVO 9600 -9600 28
58.97 21 DESIRED 0. -0.17 0. 0. 700.015 -2.
58.97 21 NAVIGATION 0 0 0 0 286 0. 570986.7
59.14 21 ATTITUDE 0 0 0
59.14 21 PPRZ_MODE 0 3 0 0 0 1 0
59.14 21 ESTIMATOR 709.193481 -0.017145 919.350037 -1.714478 922.410095
59.14 21 DL_VALUE 27 0.037
59.41 21 NAVIGATION 0 0 0 0 286 0. 570986.7
59.41 21 WP_MOVED 1 358824.90625 4822110. 702.
59.49 21 COMMANDS 114,149,-2148,474,-2582
59.49 21 NAVIGATION 0 0 0 0 286 0. 570986.7
59.49 21 ATTITUDE 0 0 0
59.49 21 DOWNLINK_STATUS 58 17545 1168 0 333. 23.
59.65 21 GYRO_RATES -164 -190 -159 1.43117 -1.658063 1.387537
59.65 21 FBW_STATUS 0 0 122
59.65 21 ESTIMATOR 709.125977 0.070471 912.600037 7.047119 924.299988
59.83 21 NAVIGATION 0 0 0 0 286 0. 570986.7
59.83 21 WP_MOVED 2 358071. 4822161. 0.
60.01 21 DESIRED 0. -0.17 0. 0. 700.017 -2.
60.01 21 NAVIGATION 0 0 0 0 286 0. 570986.7
60.01 21 ATTITUDE 0 0 0
60.18 21 ESTIMATOR 709.166504 -0.002943 916.650024 -0.294304 923.940002
60.18 21 DL_VALUE 28 0.
60.18 21 NAVIGATION 0 0 0 0 286 0. 570986.7
60.40 21 WP_MOVED 0 358113. 4822203. 702.
60.40 21 COMMANDS 79,219,-2062,571,-2515
60.40 21 NAVIGATION 0 0 0 0 286 0. 570986.7
60.47 21 ATTITUDE 0 0 0
60.47 21 GYRO_RATES -158 -184 -153 1.37881 -1.605703 1.335177
60.47 21 FBW_STATUS 0 0 122
60.58 21 ESTIMATOR 709.179993 0.058697 918. 5.869675 923.849915
60.58 21 BAT 43 122 0 0 70 70 0
60.58 21 CALIBRATION -9.223 0.037 0.5 0
60.58 21 DOWNLINK_STATUS 59 17854 1188 0 309. 20.
60.76 21 NAVIGATION 0 0 0 0 286 0. 570986.7
60.76 21 WP_MOVED 1 358824.90625 4822110. 702.
60.76 21 SERVO 9600 -9600 45
60.93 21 DESIRED 0. -0.17 0. 0. 700.025 -2.
60.93 21 NAVIGATION 0 0 0 0 286 0. 570986.7
60.93 21 ATTITUDE 0 0 0
61.07 21 ESTIMATOR 709.247498 0.072009 924.75 7.20089 924.300049
61.07 21 DL_VALUE 29 0.045
61.07 21 NAVIGATION 0 0 0 0 286 0. 570986.7
61.30 21 WP_MOVED 2 358071. 4822161. 0.
61.30 21 NAVIGATION_REF 358071 4822161 31
61.30 21 COMMANDS 50,58,-2303,330,-2602
61.36 21 NAVIGATION 0 0 0 0 286 0. 570986.7
61.36 21 ATTITUDE 0 0 0
61.53 21 GYRO_RATES -151 -176 -145 1.317724 -1.53589 1.265364
61.53 21 FBW_STATUS 0 0 122
61.53 21 ESTIMATOR 709.328491 -0.058836 932.850037 -5.883636 922.590027
61.70 21 NAVIGATION 0 0 0 0 286 0. 570986.7
61.70 21 WP_MOVED 0 358113. 4822203. 702.
61.70 21 DOWNLINK_STATUS 60 18139 1207 0 285. 19.
61.88 21 DESIRED 0. -0.17 0. 0. 700.009 -2.
61.92 21 NAVIGATION 0 0 0 0 286 0. 570986.7
61.92 21 ATTITUDE 0 0 0
62.05 21 ESTIMATOR 709.315002 -0.014391 931.5 -1.439133 922.22998
62.05 21 DL_VALUE 30 1.
62.05 21 NAVIGATION 0 0 0 0 286 0. 570986.7
62.28 21 WP_MOVED 1 358824.90625 4822110. 702.
62.28 21 COMMANDS 66,142,-2189,541,-2582
62.28 21 NAVIGATION 0 0 0 0 286 0. 570986.7
62.34 21 ATTITUDE 0 0 0
62.34 21 GYRO_RATES -154 -179 -150 1.343904 -1.56207 1.308997
62.34 21 FBW_STATUS 0 0 122
62.45 21 ESTIMATOR 709.34198 -0.050923 934.200012 -5.092316 923.399963
62.45 21 BAT 98 122 0 0 72 72 0
62.45 21 CALIBRATION -9.202 0.037 0.5 0
62.62 21 NAVIGATION 0 0 0 0 286 0. 570986.7
62.62 21 WP_MOVED 2 358071. 4822161. 0.
62.62 21 SERVO 9600 -9600 128
62.72 21 DESIRED 0. -0.17 0. 0. 700.019 -2.
62.72 21 NAVIGATION 0 0 0 0 286 0. 570986.7
62.72 21 DOWNLINK_STATUS 61 18453 1227 0 314. 20.
62.93 21 ATTITUDE 0 0 0
62.97 21 ESTIMATOR 709.20697 -0.096229 920.700012 -9.622917 923.220093
62.97 21 DL_VALUE 31 0.
63.18 21 NAVIGATION 0 0 0 0 286 0. 570986.7
63.18 21 WP_MOVED 0 358113. 4822203. 702.
63.18 21 COMMANDS 93,131,-2125,599,-2555
63.26 21 NAVIGATION 0 0 0 0 286 0. 570986.7
63.26 21 ATTITUDE 0 0 0
63.26 21 GYRO_RATES -162 -187 -157 1.413717 -1.631883 1.370083
63.39 21 FBW_STATUS 0 0 122
63.39 21 ESTIMATOR 709.112488 0.051163 911.25 5.11631 922.410156
63.39 21 ACTUATORS 1601,1636,0,1206,1527,1383
63.57 21 NAVIGATION 0 0 0 0 286 0. 570986.7
63.57 21 WP_MOVED 1 358824.90625 4822110. 702.
63.68 21 DESIRED 0. -0.17 0. 0. 700.016 -2.
63.68 21 NAVIGATION 0 0 0 0 286 0. 570986.7
63.68 21 ATTITUDE 0 0 0
63.87 21 PPRZ_MODE 0 3 0 0 0 1 0
63.87 21 ESTIMATOR 709.139526 0.079948 913.950012 7.994766 924.03009
63.87 21 DL_VALUE 32 0.
63.87 21 DOWNLINK_STATUS 62 18747 1247 0 294. 20.
64.12 21 NAVIGATION 0 0 0 0 286 0. 570986.7
64.12 21 WP_MOVED 2 358071. 4822161. 0.
64.12 21 COMMANDS 80,151,-2161,509,-2615
64.18 21 NAVIGATION 0 0 0 0 286 0. 570986.7
64.18 21 ATTITUDE 0 0 0
64.27 21 GYRO_RATES -160 -184 -155 1.396263 -1.605703 1.35263
64.27 21 FBW_STATUS 0 0 122
64.27 21 ESTIMATOR 709.193481 0.00664 919.350037 0.664024 924.929993
64.27 21 BAT 104 122 0 0 74 74 0
64.40 21 CALIBRATION -9.227 0.037 0.5 0
64.40 21 NAVIGATION 0 0 0 0 286 0. 570986.7
64.56 21 WP_MOVED 0 358113. 4822203. 702.
64.56 21 SERVO 9600 -9600 122
64.56 21 DESIRED 0. -0.17 0. 0. 700.017 -2.
64.71 21 NAVIGATION 0 0 0 0 286 0. 570986.7
64.71 21 ATTITUDE 0 0 0
64.71 21 ESTIMATOR 709.234009 0.068258 923.400024 6.82579 923.489929
64.87 21 DL_VALUE 33 0.037
64.91 21 NAVIGATION 0 0 0 0 286 0. 570986.7
64.91 21 WP_MOVED 1 358824.90625 4822110. 702.
64.91 21 DOWNLINK_STATUS 63 19050 1267 0 303. 20.
65.10 21 COMMANDS 86,293,-1970,544,-2592
65.10 21 NAVIGATION 0 0 0 0 286 0. 570986.7
65.10 21 ATTITUDE 0 0 0
65.17 21 GYRO_RATES -152 -177 -146 1.32645 -1.544616 1.27409
65.17 21 FBW_STATUS 0 0 122
65.43 21 ESTIMATOR 709.34198 -0.050248 934.200012 -5.024796 923.399963
65.43 21 NAVIGATION 0 0 0 0 286 0. 570986.7
65.43 21 WP_MOVED 2 358071. 4822161. 0.
65.53 21 DESIRED 0. -0.17 0. 0. 700.042 -2.
65.53 21 NAVIGATION 0 0 0 0 286 0. 570986.7
65.73 21 ATTITUDE 0 0 0
65.73 21 ESTIMATOR 709.301514 -0.014473 930.150024 -1.447296 923.130066
65.73 21 DL_VALUE 34 0.037
65.98 21 NAVIGATION 0 0 0 0 286 0. 570986.7
66.02 21 WP_MOVED 0 358113. 4822203. 702.
66.02 21 COMMANDS 76,200,-2117,532,-2627
66.02 21 DOWNLINK_STATUS 65 19296 1283 0 246. 16.
66.05 21 NAVIGATION 0 0 0 0 286 0. 570986.7
66.05 21 ATTITUDE 0 0 0
66.12 21 GYRO_RATES -154 -180 -149 1.343904 -1.570796 1.30027
66.12 21 FBW_STATUS 0 0 122
66.12 21 ESTIMATOR 709.301514 -0.025945 930.150024 -2.594452 922.500061
66.23 21 BAT 74 122 0 0 76 76 0
66.23 21 CALIBRATION -9.205 0.037 0.5 0
66.23 21 NAVIGATION 0 0 0 0 286 0. 570986.7
66.38 21 WP_MOVED 1 358824.90625 4822110. 702.
66.43 21 SERVO 9600 -9600 76
66.56 21 DESIRED 0. -0.17 0. 0. 700.018 -2.
66.56 21 NAVIGATION 0 0 0 0 286 0. 570986.7
66.56 21 ATTITUDE 0 0 0
66.73 21 ESTIMATOR 709.247498 -0.076897 924.75 -7.689667 922.860107
66.73 21 DL_VALUE 35 0.
66.73 21 NAVIGATION 0 0 0 0 286 0. 570986.7
66.95 21 WP_MOVED 2 358071. 4822161. 0.
66.99 21 COMMANDS 99,154,-2148,496,-2593
66.99 21 NAVIGATION 0 0 0 0 286 0. 570986.7
67.02 21 ATTITUDE 0 0 0
67.02 21 GYRO_RATES -162 -188 -158 1.413717 -1.64061 1.37881
67.02 21 FBW_STATUS 0 0 122
67.02 21 DOWNLINK_STATUS 66 19617 1305 0 321. 22.
67.21 21 ESTIMATOR 709.139526 0.026243 913.950012 2.624283 923.670166
67.21 21 NAVIGATION 0 0 0 0 286 0. 570986.7
67.39 21 WP_MOVED 0 358113. 4822203. 702.
67.43 21 DESIRED 0. -0.17 0. 0. 700.008 -2.
67.57 21 NAVIGATION 0 0 0 0 286 0. 570986.7
67.57 21 ATTITUDE 0 0 0
67.57 21 ESTIMATOR 709.153015 -0.01547 915.299988 -1.547012 923.580078
67.57 21 DL_VALUE 36 0.
67.85 21 NAVIGATION 0 0 0 0 286 0. 570986.7
67.85 21 WP_MOVED 1 358824.90625 4822110. 702.
67.93 21 COMMANDS 82,142,-2153,602,-2757
67.93 21 NAVIGATION 0 0 0 0 286 0. 570986.7
67.93 21 ATTITUDE 0 0 0
68.00 21 GYRO_RATES -161 -187 -157 1.40499 -1.631883 1.370083
68.00 21 FBW_STATUS 0 0 122
68.00 21 ESTIMATOR 709.179993 0.047224 918. 4.722443 924.030029
68.08 21 BAT 22 122 0 0 78 78 0
68.08 21 ACTUATORS 1605,1631,0,1206,1528,1383
68.08 21 CALIBRATION -9.222 0.037 0.5 0
68.08 21 DOWNLINK_STATUS 67 19916 1324 0 299. 19.
68.26 21 NAVIGATION 0 0 0 0 286 0. 570986.7
68.26 21 WP_MOVED 2 358071. 4822161. 0.
68.26 21 SERVO 9600 -9600 87
68.34 21 DESIRED 0. -0.17 0. 0. 700.019 -2.
68.35 21 NAVIGATION 0 0 0 0 286 0. 570986.7
68.51 21 ATTITUDE 0 0 0
68.51 21 PPRZ_MODE 0 3 0 0 0 1 0
68.51 21 ESTIMATOR 709.247498 0.07209 924.75 7.208977 924.929993
68.51 21 DL_VALUE 37 0.
68.78 21 NAVIGATION 0 0 0 0 286 0. 570986.7
68.78 21 WP_MOVED 0 358113. 4822203. 702.
68.86 21 COMMANDS 66,146,-2164,563,-2593
68.86 21 NAVIGATION 0 0 0 0 286 0. 570986.7
68.86 21 ATTITUDE 0 0 0
69.03 21 GYRO_RATES -150 -176 -145 1.308997 -1.53589 1.265364
69.03 21 FBW_STATUS 0 0 122
69.03 21 ESTIMATOR 709.34198 -0.064774 934.200012 -6.477432 923.849854
69.20 21 NAVIGATION 0 0 0 0 286 0. 570986.7
69.20 21 WP_MOVED 1 358824.90625 4822110. 702.
69.20 21 DOWNLINK_STATUS 68 20199 1343 0 283. 19.
69.38 21 DESIRED 0. -0.17 0. 0. 700.018 -2.
69.42 21 NAVIGATION 0 0 0 0 286 0. 570986.7
69.42 21 ATTITUDE 0 0 0
69.55 21 ESTIMATOR 709.301514 -0.016255 930.150024 -1.625519 922.679993
69.55 21 DL_VALUE 38 0.045
69.55 21 NAVIGATION 0 0 0 0 286 0. 570986.7
69.75 21 WP_MOVED 2 358071. 4822161. 0.
69.75 21 NAVIGATION_REF 358071 4822161 31
69.75 21 COMMANDS 90,1,-2128,541,-2719
69.82 21 NAVIGATION 0 0 0 0 286 0. 570986.7
69.82 21 ATTITUDE 0 0 0
69.82 21 GYRO_RATES -154 -179 -150 1.343904 -1.56207 1.308997
69.92 21 FBW_STATUS 0 0 122
69.92 21 ESTIMATOR 709.288025 -0.009478 928.799988 -0.947762 923.399963
69.92 21 BAT 62 122 0 0 80 80 0
70.03 21 CALIBRATION -9.206 0.037 0.5 0
70.03 21 NAVIGATION 0 0 0 0 286 0. 570986.7
70.03 21 WP_MOVED 0 358113. 4822203. 702.
70.20 21 SERVO 9600 -9600 67
70.20 21 DESIRED 0. -0.17 0. 0. 700.017 -2.
70.38 21 NAVIGATION 0 0 0 0 286 0. 570986.7
70.42 21 ATTITUDE 0 0 0
70.42 21 ESTIMATOR 709.22052 -0.059751 922.049988 -5.975113 923.850037
70.42 21 DOWNLINK_STATUS 69 20554 1366 0 355. 23.
70.65 21 DL_VALUE 39 0.045
70.65 21 NAVIGATION 0 0 0 0 286 0. 570986.7
70.65 21 WP_MOVED 1 358824.90625 4822110. 702.
70.73 21 COMMANDS 68,157,-2163,516,-2642
70.73 21 NAVIGATION 0 0 0 0 286 0. 570986.7
70.73 21 ATTITUDE 0 0 0
70.89 21 GYRO_RATES -150 -175 -145 1.308997 -1.527163 1.265364
70.93 21 FBW_STATUS 0 0 122
70.93 21 ESTIMATOR 709.20697 0.011584 920.700012 1.158409 923.130005
71.07 21 NAVIGATION 0 0 0 0 286 0. 570986.7
71.07 21 WP_MOVED 2 358071. 4822161. 0.
71.26 21 DESIRED 0. -0.17 0. 0. 700.021 -2.
71.26 21 NAVIGATION 0 0 0 0 286 0. 570986.7
71.26 21 ATTITUDE 0 0 0
71.42 21 ESTIMATOR 709.22052 0.046224 922.049988 4.622383 924.029968
71.42 21 DL_VALUE 40 0.1
71.42 21 NAVIGATION 0 0 0 0 286 0. 570986.7
71.42 21 DOWNLINK_STATUS 70 20812 1383 0 258. 17.
71.64 21 WP_MOVED 0 358113. 4822203. 702.
71.64 21 COMMANDS 90,168,-2109,521,-2620
71.64 21 NAVIGATION 0 0 0 0 286 0. 570986.7
71.71 21 ATTITUDE 0 0 0
71.71 21 GYRO_RATES -147 -172 -142 1.282817 -1.500983 1.239184
71.71 21 FBW_STATUS 0 0 122
71.81 21 ESTIMATOR 709.234009 -0.022167 923.400024 -2.216721 924.029907
71.85 21 BAT 107 122 0 0 82 82 0
71.85 21 CALIBRATION -9.221 0.037 0.5 0
71.92 21 NAVIGATION 0 0 0 0 286 0. 570986.7
71.92 21 WP_MOVED 1 358824.90625 4822110. 702.
71.92 21 SERVO 9600 -9600 124
72.09 21 DESIRED 0. -0.17 0. 0. 700.012 -2.
72.09 21 NAVIGATION 0 0 0 0 286 0. 570986.7
72.30 21 ATTITUDE 0 0 0
72.30 21 ESTIMATOR 709.234009 0.021194 923.400024 2.119446 923.039917
72.30 21 DL_VALUE 41 0.
72.55 21 NAVIGATION 0 0 0 0 286 0. 570986.7
72.55 21 WP_MOVED 2 358071. 4822161. 0.
72.55 21 COMMANDS 117,180,-2172,430,-2560
72.55 21 DOWNLINK_STATUS 71 21110 1403 0 298. 20.
72.61 21 NAVIGATION 0 0 0 0 286 0. 570986.7
72.61 21 ATTITUDE 0 0 0
72.72 21 GYRO_RATES -148 -173 -143 1.291544 -1.50971 1.24791
72.73 21 FBW_STATUS 0 0 122
72.73 21 ESTIMATOR 709.274475 0.002836 927.450012 0.283585 923.93988
72.93 21 ACTUATORS 1605,1632,0,1204,1534,1382
72.97 21 NAVIGATION 0 0 0 0 286 0. 570986.7
72.97 21 WP_MOVED 0 358113. 4822203. 702.
73.03 21 DESIRED 0. -0.17 0. 0. 700.019 -2.
73.03 21 NAVIGATION 0 0 0 0 286 0. 570986.7
73.20 21 ATTITUDE 0 0 0
73.20 21 PPRZ_MODE 0 3 0 0 0 1 0
73.20 21 ESTIMATOR 709.328491 -0.05878 932.850037 -5.877953 924.929932
73.20 21 DL_VALUE 42 1031.25
73.47 21 NAVIGATION 0 0 0 0 286 0. 570986.7
73.47 21 WP_MOVED 1 358824.90625 4822110. 702.
73.55 21 COMMANDS 93,85,-2115,534,-2605
73.55 21 NAVIGATION 0 0 0 0 286 0. 570986.7
73.55 21 ATTITUDE 0 0 0
73.55 21 DOWNLINK_STATUS 72 21393 1422 0 283. 19.
73.62 21 GYRO_RATES -151 -177 -146 1.317724 -1.544616 1.27409
73.62 21 FBW_STATUS 0 0 122
73.62 21 ESTIMATOR 709.288025 -0.082891 928.799988 -8.28907 922.680054
73.72 21 BAT 131 122 0 0 84 84 0
73.73 21 CALIBRATION -9.21 0.037 0.5 0
73.73 21 NAVIGATION 0 0 0 0 286 0. 570986.7
74.55 21 DOWNLINK_STATUS 73 21487 1428 0 94. 6.
76.31 21 DOWNLINK_STATUS 75 21487 1428 0 0. 0.
77.31 21 DOWNLINK_STATUS 76 21487 1428 0 0. 0.
78.31 21 DOWNLINK_STATUS 77 21487 1428 0 0. 0.
79.31 21 DOWNLINK_STATUS 78 21487 1428 0 0. 0.
80.31 21 DOWNLINK_STATUS 79 21487 1428 0 0. 0.
81.32 21 DOWNLINK_STATUS 80 21487 1428 0 0. 0.
83.05 21 DOWNLINK_STATUS 82 21487 1428 0 0. 0.
84.05 21 DOWNLINK_STATUS 83 21487 1428 0 0. 0.
85.05 21 DOWNLINK_STATUS 84 21487 1428 0 0. 0.
86.33 21 DOWNLINK_STATUS 85 21487 1428 0 0. 0.
87.33 21 DOWNLINK_STATUS 86 21487 1428 0 0. 0.
88.34 21 DOWNLINK_STATUS 87 21487 1428 0 0. 0.
89.34 21 DOWNLINK_STATUS 88 21487 1428 0 0. 0.
91.14 21 DOWNLINK_STATUS 90 21487 1428 0 0. 0.
92.20 21 DOWNLINK_STATUS 91 21487 1428 0 0. 0.
93.20 21 DOWNLINK_STATUS 92 21487 1428 0 0. 0.
94.20 21 DOWNLINK_STATUS 93 21487 1428 0 0. 0.
95.20 21 DOWNLINK_STATUS 94 21487 1428 0 0. 0.
96.31 21 DOWNLINK_STATUS 95 21487 1428 0 0. 0.
97.31 21 DOWNLINK_STATUS 96 21487 1428 0 0. 0.
98.31 21 DOWNLINK_STATUS 97 21487 1428 0 0. 0.
100.09 21 DOWNLINK_STATUS 99 21487 1428 0 0. 0.
101.09 21 DOWNLINK_STATUS 100 21487 1428 0 0. 0.
102.11 21 DOWNLINK_STATUS 101 21487 1428 0 0. 0.
103.11 21 DOWNLINK_STATUS 102 21487 1428 0 0. 0.
104.11 21 DOWNLINK_STATUS 103 21487 1428 0 0. 0.
105.11 21 DOWNLINK_STATUS 104 21487 1428 0 0. 0.
106.31 21 DOWNLINK_STATUS 105 21487 1428 0 0. 0.
107.30 21 DOWNLINK_STATUS 106 21487 1428 0 0. 0.
108.30 21 DOWNLINK_STATUS 107 21487 1428 0 0. 0.
109.30 21 DOWNLINK_STATUS 108 21487 1428 0 0. 0.
111.08 21 DOWNLINK_STATUS 110 21487 1428 0 0. 0.
112.08 21 DOWNLINK_STATUS 111 21487 1428 0 0. 0.
113.08 21 DOWNLINK_STATUS 112 21487 1428 0 0. 0.
114.83 21 DOWNLINK_STATUS 113 21487 1428 0 0. 0.
116.30 21 DOWNLINK_STATUS 115 21487 1428 0 0. 0.
117.30 21 DOWNLINK_STATUS 116 21487 1428 0 0. 0.
118.30 21 DOWNLINK_STATUS 117 21487 1428 0 0. 0.
120.06 21 DOWNLINK_STATUS 119 21487 1428 0 0. 0.
121.07 21 DOWNLINK_STATUS 120 21487 1428 0 0. 0.
122.10 21 DOWNLINK_STATUS 121 21487 1428 0 0. 0.
123.89 21 DOWNLINK_STATUS 122 21487 1428 0 0. 0.
124.90 21 DOWNLINK_STATUS 123 21487 1428 0 0. 0.
126.30 21 DOWNLINK_STATUS 125 21487 1428 0 0. 0.
127.30 21 DOWNLINK_STATUS 126 21487 1428 0 0. 0.
128.30 21 DOWNLINK_STATUS 127 21487 1428 0 0. 0.
129.30 21 DOWNLINK_STATUS 128 21487 1428 0 0. 0.
130.30 21 DOWNLINK_STATUS 129 21487 1428 0 0. 0.
131.34 21 DOWNLINK_STATUS 130 21487 1428 0 0. 0.
132.38 21 DOWNLINK_STATUS 131 21487 1428 0 0. 0.
133.38 21 DOWNLINK_STATUS 132 21487 1428 0 0. 0.
134.38 21 DOWNLINK_STATUS 133 21487 1428 0 0. 0.
135.38 21 DOWNLINK_STATUS 134 21487 1428 0 0. 0.
137.18 21 DOWNLINK_STATUS 136 21487 1428 0 0. 0.
138.18 21 DOWNLINK_STATUS 137 21487 1428 0 0. 0.
139.18 21 DOWNLINK_STATUS 138 21487 1428 0 0. 0.
140.88 21 DOWNLINK_STATUS 139 21487 1428 0 0. 0.
142.68 21 DOWNLINK_STATUS 141 21487 1428 0 0. 0.
143.68 21 DOWNLINK_STATUS 142 21487 1428 0 0. 0.
144.68 21 DOWNLINK_STATUS 143 21487 1428 0 0. 0.
146.30 21 DOWNLINK_STATUS 145 21487 1428 0 0. 0.
148.09 21 DOWNLINK_STATUS 147 21487 1428 0 0. 0.
149.09 21 DOWNLINK_STATUS 148 21487 1428 0 0. 0.
150.09 21 DOWNLINK_STATUS 149 21487 1428 0 0. 0.
151.09 21 DOWNLINK_STATUS 150 21487 1428 0 0. 0.
152.09 21 DOWNLINK_STATUS 151 21487 1428 0 0. 0.
153.09 21 DOWNLINK_STATUS 152 21487 1428 0 0. 0.
154.87 21 DOWNLINK_STATUS 153 21487 1428 0 0. 0.
156.30 21 DOWNLINK_STATUS 155 21487 1428 0 0. 0.
157.30 21 DOWNLINK_STATUS 156 21487 1428 0 0. 0.
158.30 21 DOWNLINK_STATUS 157 21487 1428 0 0. 0.
159.30 21 DOWNLINK_STATUS 158 21487 1428 0 0. 0.
160.98 21 DOWNLINK_STATUS 160 21487 1428 0 0. 0.
161.98 21 DOWNLINK_STATUS 161 21487 1428 0 0. 0.
162.98 21 DOWNLINK_STATUS 162 21487 1428 0 0. 0.
163.98 21 DOWNLINK_STATUS 163 21487 1428 0 0. 0.
164.98 21 DOWNLINK_STATUS 164 21487 1428 0 0. 0.
166.30 21 DOWNLINK_STATUS 165 21487 1428 0 0. 0.
167.30 21 DOWNLINK_STATUS 166 21487 1428 0 0. 0.
168.30 21 DOWNLINK_STATUS 167 21487 1428 0 0. 0.
169.30 21 DOWNLINK_STATUS 168 21487 1428 0 0. 0.
170.30 21 DOWNLINK_STATUS 169 21487 1428 0 0. 0.
171.30 21 DOWNLINK_STATUS 170 21487 1428 0 0. 0.
173.08 21 DOWNLINK_STATUS 172 21487 1428 0 0. 0.
174.07 21 DOWNLINK_STATUS 173 21487 1428 0 0. 0.
175.07 21 DOWNLINK_STATUS 174 21487 1428 0 0. 0.
176.30 21 DOWNLINK_STATUS 175 21487 1428 0 0. 0.
177.30 21 DOWNLINK_STATUS 176 21487 1428 0 0. 0.
179.02 21 DOWNLINK_STATUS 178 21487 1428 0 0. 0.
180.08 21 DOWNLINK_STATUS 179 21487 1428 0 0. 0.
181.07 21 DOWNLINK_STATUS 180 21487 1428 0 0. 0.
182.07 21 DOWNLINK_STATUS 181 21487 1428 0 0. 0.
183.07 21 DOWNLINK_STATUS 182 21487 1428 0 0. 0.
184.07 21 DOWNLINK_STATUS 183 21487 1428 0 0. 0.
185.07 21 DOWNLINK_STATUS 184 21487 1428 0 0. 0.
186.30 21 DOWNLINK_STATUS 185 21487 1428 0 0. 0.
187.36 21 DOWNLINK_STATUS 186 21487 1428 0 0. 0.
188.39 21 DOWNLINK_STATUS 187 21487 1428 0 0. 0.
189.39 21 DOWNLINK_STATUS 188 21487 1428 0 0. 0.
190.39 21 DOWNLINK_STATUS 189 21487 1428 0 0. 0.
191.39 21 DOWNLINK_STATUS 190 21487 1428 0 0. 0.
193.19 21 DOWNLINK_STATUS 192 21487 1428 0 0. 0.
194.21 21 DOWNLINK_STATUS 193 21487 1428 0 0. 0.
195.24 21 DOWNLINK_STATUS 194 21487 1428 0 0. 0.
196.30 21 DOWNLINK_STATUS 195 21487 1428 0 0. 0.
197.30 21 DOWNLINK_STATUS 196 21487 1428 0 0. 0.
198.30 21 DOWNLINK_STATUS 197 21487 1428 0 0. 0.
199.31 21 DOWNLINK_STATUS 198 21487 1428 0 0. 0.
200.31 21 DOWNLINK_STATUS 199 21487 1428 0 0. 0.
201.31 21 DOWNLINK_STATUS 200 21487 1428 0 0. 0.
203.11 21 DOWNLINK_STATUS 202 21487 1428 0 0. 0.
203.98 21 DOWNLINK_STATUS 203 21487 1428 0 0. 0.
204.98 21 DOWNLINK_STATUS 204 21487 1428 0 0. 0.
206.30 21 DOWNLINK_STATUS 205 21487 1428 0 0. 0.
207.31 21 DOWNLINK_STATUS 206 21487 1428 0 0. 0.
208.37 21 DOWNLINK_STATUS 207 21487 1428 0 0. 0.
209.39 21 DOWNLINK_STATUS 208 21487 1428 0 0. 0.
210.39 21 DOWNLINK_STATUS 209 21487 1428 0 0. 0.
211.39 21 DOWNLINK_STATUS 210 21487 1428 0 0. 0.
212.39 21 DOWNLINK_STATUS 211 21487 1428 0 0. 0.
213.39 21 DOWNLINK_STATUS 212 21487 1428 0 0. 0.
214.39 21 DOWNLINK_STATUS 213 21487 1428 0 0. 0.
215.39 21 DOWNLINK_STATUS 214 21487 1428 0 0. 0.
216.39 21 DOWNLINK_STATUS 215 21487 1428 0 0. 0.
217.39 21 DOWNLINK_STATUS 216 21487 1428 0 0. 0.
218.40 21 DOWNLINK_STATUS 217 21487 1428 0 0. 0.
219.40 21 DOWNLINK_STATUS 218 21487 1428 0 0. 0.
220.41 21 DOWNLINK_STATUS 219 21487 1428 0 0. 0.
221.41 21 DOWNLINK_STATUS 220 21487 1428 0 0. 0.
222.41 21 DOWNLINK_STATUS 221 21487 1428 0 0. 0.
223.42 21 DOWNLINK_STATUS 222 21487 1428 0 0. 0.
224.43 21 DOWNLINK_STATUS 223 21487 1428 0 0. 0.
225.43 21 DOWNLINK_STATUS 224 21487 1428 0 0. 0.
227.24 21 DOWNLINK_STATUS 226 21487 1428 0 0. 0.
228.28 21 DOWNLINK_STATUS 227 21487 1428 0 0. 0.
229.28 21 DOWNLINK_STATUS 228 21487 1428 0 0. 0.
