3.61 34 DOWNLINK_STATUS 3 893 56 0 469. 29.
3.90 34 GPS 0 50458534 356659193 0 78024 0 0 11775749 12 0
3.90 34 SVINFO 0 8 12 3 34 73 74
3.90 34 ESTIMATOR 0. 0. 0. 0. 0.
3.90 34 COMMANDS 453,-7,-55,-357
3.90 34 NAVIGATION 0 1 0 0 38 0. 6571.9
3.90 34 ATTITUDE 0 0 -72
3.90 34 DL_VALUE 37 0.1
3.96 34 FBW_STATUS 0 0 117
3.96 34 RAD_OF_IR 7 0 0.00211
3.96 34 GPS 0 50458534 356659193 0 78024 0 0 11776001 12 0
3.96 34 SVINFO 1 29 4 3 33 -9 231
3.96 34 IR_SENSORS -904 7 1
3.96 34 NAVIGATION 0 1 0 0 38 0. 6571.9
3.97 34 WP_MOVED 1 506292.5 3566296.25 800.
3.97 34 GYRO_RATES -198 -162 -135 1.727876 -1.413717 -1.178097
4.18 34 ESTIMATOR 0. 0. 0. 0. 0.
4.18 34 BAT 453 117 0 0 409 0 16
4.18 34 GPS 0 50458534 356659193 0 78024 0 0 11776249 12 0
4.18 34 NAVIGATION 0 1 0 0 38 0. 6571.9
4.18 34 ATTITUDE 0 0 -72
4.18 34 CALIBRATION 0. 0.023 0.067 0
4.35 34 SERVO 9600 -9600 435
4.47 34 DESIRED 0. 0. 0. 0. 770. 0.
4.47 34 IR_DEBUG 652 642 652 642
4.47 34 GPS 0 50458534 356659193 0 78024 0 0 11776501 12 0
4.47 34 SVINFO 3 7 12 3 29 37 121
4.47 34 NAVIGATION 0 1 0 0 38 0. 6571.9
4.47 34 WP_MOVED 2 506379.59375 3566304.75 800.
4.57 34 ESTIMATOR 0. 0. 0. 0. 0.
4.57 34 GPS 0 50458534 356659193 0 78024 0 0 11776749 12 0
4.57 34 SVINFO 4 11 12 3 29 33 81
4.60 34 DOWNLINK_STATUS 4 1386 87 0 493. 31.
4.64 34 COMMANDS 454,-12,-50,-355
4.64 34 NAVIGATION 0 1 0 0 38 0. 6571.9
4.64 34 ATTITUDE 0 0 -72
4.64 34 DL_VALUE 38 0.
4.85 34 FBW_STATUS 0 0 117
4.85 34 RAD_OF_IR 7 0 0.00211
4.85 34 GPS 0 50458534 356659193 0 78024 0 0 11777001 12 0
4.85 34 IR_SENSORS -903 6 1
4.85 34 NAVIGATION 0 1 0 0 38 0. 6571.9
4.93 34 WP_MOVED 3 506366. 3566262. 0.
4.93 34 GYRO_RATES -198 -163 -136 1.727876 -1.422443 -1.186824
5.03 34 ESTIMATOR 0. 0. 0. 0. 0.
5.27 34 GPS 0 50458534 356659193 0 78024 0 0 11777249 12 0
5.31 34 NAVIGATION 0 1 0 0 38 0. 6571.9
5.31 34 ATTITUDE 0 0 -72
5.37 34 DESIRED 0. 0. 0. 0. 770. 0.
5.37 34 NAVIGATION 0 1 0 0 38 0. 6571.9
5.37 34 GPS 0 50458534 356659193 0 78024 0 0 11777501 12 0
5.37 34 WP_MOVED 0 506408. 3566304. 800.
5.44 34 ESTIMATOR 0. 0. 0. 0. 0.
5.60 34 DOWNLINK_STATUS 5 1716 107 0 330. 20.
5.79 34 COMMANDS 456,21,-52,-357
5.79 34 NAVIGATION 0 1 0 0 38 0. 6571.9
5.79 34 ATTITUDE 0 0 -72
5.79 34 DL_VALUE 39 0.067
5.79 34 GPS 0 50458534 356659193 0 78024 0 0 11777749 12 0
5.79 34 SVINFO 8 32 4 3 31 -9 97
5.79 34 FBW_STATUS 0 0 117
5.79 34 RAD_OF_IR 7 0 0.00211
5.87 34 IR_SENSORS -903 6 1
5.87 34 NAVIGATION 0 1 0 0 38 0. 6571.9
5.87 34 GPS 0 50458534 356659193 0 78024 0 0 11778001 12 0
5.87 34 WP_MOVED 1 506292.5 3566296.25 800.
5.87 34 GYRO_RATES -197 -163 -136 1.719149 -1.422443 -1.186824
5.93 34 ESTIMATOR 0. 0. 0. 0. 0.
5.93 34 BAT 454 117 0 0 411 0 16
6.07 34 NAVIGATION 0 1 0 0 38 0. 6571.9
6.07 34 ATTITUDE 0 0 -72
6.07 34 CALIBRATION 0. 0.023 0.067 0
6.07 34 GPS 0 50458534 356659193 0 78024 0 0 11778249 12 0
6.25 34 SERVO 9600 -9600 450
6.36 34 DESIRED 0. 0. 0. 0. 770. 0.
6.36 34 IR_DEBUG 651 641 651 641
6.36 34 NAVIGATION 0 1 0 0 38 0. 6571.9
6.36 34 WP_MOVED 2 506379.59375 3566304.75 800.
6.36 34 GPS 0 50458534 356659193 0 78024 0 0 11778501 12 0
6.43 34 ESTIMATOR 0. 0. 0. 0. 0.
6.60 34 DOWNLINK_STATUS 6 2130 133 0 414. 26.
6.79 34 COMMANDS 451,32,-11,-345
6.79 34 NAVIGATION 0 1 0 0 38 0. 6571.9
6.79 34 ATTITUDE 0 0 -72
6.79 34 DL_VALUE 40 1.
6.79 34 GPS 0 50458534 356659193 0 78024 0 0 11778749 12 0
6.79 34 FBW_STATUS 0 0 117
6.79 34 RAD_OF_IR 6 0 0.00211
6.91 34 IR_SENSORS -903 6 1
6.91 34 NAVIGATION 0 1 0 0 38 0. 6571.9
6.91 34 WP_MOVED 3 506366. 3566262. 0.
6.91 34 GYRO_RATES -197 -162 -135 1.719149 -1.413717 -1.178097
6.91 34 GPS 0 50458534 356659193 0 78024 0 0 11779001 12 0
6.91 34 ESTIMATOR 0. 0. 0. 0. 0.
6.93 34 NAVIGATION 0 1 0 0 38 0. 6571.9
6.93 34 ATTITUDE 0 0 -72
7.05 34 GPS 0 50458534 356659193 0 78024 0 0 11779249 12 0
7.25 34 DESIRED 0. 0. 0. 0. 770. 0.
7.46 34 NAVIGATION 0 1 0 0 38 0. 6571.9
7.46 34 WP_MOVED 0 506408. 3566304. 800.
7.46 34 GPS 0 50458534 356659193 0 78024 0 0 11779501 12 0
7.46 34 ESTIMATOR 0. 0. 0. 0. 0.
7.47 34 COMMANDS 449,-12,-59,-349
7.47 34 NAVIGATION 0 1 0 0 38 0. 6571.9
7.47 34 ATTITUDE 0 0 -72
7.47 34 DL_VALUE 41 0.
7.52 34 FBW_STATUS 0 0 117
7.55 34 RAD_OF_IR 7 0 0.00211
7.55 34 GPS 0 50458534 356659193 0 78024 0 0 11779749 12 0
7.60 34 DOWNLINK_STATUS 7 2573 161 0 443. 28.
7.75 34 ACTUATORS 1496,1501,0,1237,1482
7.75 34 IR_SENSORS -905 6 1
7.75 34 NAVIGATION 0 1 0 0 38 0. 6571.9
7.75 34 WP_MOVED 1 506292.5 3566296.25 800.
7.75 34 GYRO_RATES -197 -161 -135 1.719149 -1.40499 -1.178097
7.85 34 ESTIMATOR 0. 0. 0. 0. 0.
7.85 34 BAT 458 117 0 0 413 0 16
7.85 34 GPS 0 50458534 356659193 0 78024 0 0 11780001 12 0
7.94 34 NAVIGATION 0 1 0 0 38 0. 6571.9
7.94 34 ATTITUDE 0 0 -72
7.94 34 CALIBRATION 0. 0.023 0.067 0
7.96 34 SERVO 9600 -9600 454
8.28 34 GPS 0 50458534 356659193 0 78024 0 0 11780249 12 0
8.28 34 DESIRED 0. 0. 0. 0. 770. 0.
8.28 34 IR_DEBUG 651 642 651 642
8.28 34 NAVIGATION 0 1 0 0 38 0. 6571.9
8.34 34 WP_MOVED 2 506379.59375 3566304.75 800.
8.34 34 PPRZ_MODE 0 0 3 0 0 17 0
8.34 34 ESTIMATOR 0. 0. 0. 0. 0.
8.39 34 GPS 0 50458534 356659193 0 78024 0 0 11780501 12 0
8.39 34 COMMANDS 463,-17,-48,-357
8.39 34 NAVIGATION 0 1 0 0 38 0. 6571.9
8.39 34 ATTITUDE 0 0 -72
8.39 34 DL_VALUE 0 770.
8.43 34 FBW_STATUS 0 0 116
8.43 34 RAD_OF_IR 6 0 0.00211
8.61 34 DOWNLINK_STATUS 8 2972 187 0 399. 26.
8.77 34 IR_SENSORS -904 7 1
8.77 34 GPS 0 50458534 356659193 0 78024 0 0 11780749 12 0
8.77 34 NAVIGATION 0 1 0 0 38 0. 6571.9
8.87 34 WP_MOVED 3 506366. 3566262. 0.
8.87 34 GYRO_RATES -198 -161 -136 1.727876 -1.40499 -1.186824
8.87 34 ESTIMATOR 0. 0. 0. 0. 0.
8.87 34 GPS 0 50458534 356659193 0 78024 0 0 11781001 12 0
8.87 34 NAVIGATION 0 1 0 0 38 0. 6571.9
8.87 34 ATTITUDE 0 0 -72
9.09 34 DESIRED 0. 0. 0. 0. 770. 0.
9.09 34 NAVIGATION 0 1 0 0 38 0. 6571.9
9.09 34 GPS 0 50458534 356659193 0 78024 0 0 11781249 12 0
9.25 34 WP_MOVED 0 506408. 3566304. 800.
9.36 34 ESTIMATOR 0. 0. 0. 0. 0.
9.36 34 COMMANDS 456,-18,-58,-364
9.37 34 NAVIGATION 0 1 0 0 38 0. 6571.9
9.37 34 ATTITUDE 0 0 -72
9.37 34 DL_VALUE 1 1.
9.37 34 GPS 0 50458534 356659193 0 78024 0 0 11781501 12 0
9.37 34 FBW_STATUS 0 0 117
9.37 34 RAD_OF_IR 6 0 0.00211
9.45 34 IR_SENSORS -905 6 1
9.61 34 DOWNLINK_STATUS 9 3337 209 0 365. 22.
9.79 34 NAVIGATION 0 1 0 0 38 0. 6571.9
9.79 34 GPS 0 50458534 356659193 0 78024 0 0 11781749 12 0
9.79 34 SVINFO 8 32 4 3 30 -9 97
9.79 34 WP_MOVED 1 506292.5 3566296.25 800.
9.79 34 GYRO_RATES -198 -163 -136 1.727876 -1.422443 -1.186824
10.20 34 ESTIMATOR 0. 0. 0. 0. 0.
10.20 34 BAT 474 117 0 0 415 0 17
10.20 34 NAVIGATION 0 1 0 0 38 0. 6571.9
10.20 34 ATTITUDE 0 0 -72
10.20 34 CALIBRATION 0. 0.023 0.067 0
10.20 34 GPS 0 50458534 356659193 0 78024 0 0 11782001 12 0
10.20 34 SERVO 9600 -9600 453
10.27 34 IR_DEBUG 651 641 651 641
10.27 34 NAVIGATION 0 1 0 0 38 0. 6571.9
10.27 34 GPS 0 50458534 356659193 0 78024 0 0 11782249 12 0
10.27 34 WP_MOVED 2 506379.59375 3566304.75 800.
10.27 34 ESTIMATOR 0. 0. 0. 0. 0.
10.28 34 COMMANDS 462,-6,-40,-377
10.28 34 NAVIGATION 0 1 0 0 38 0. 6571.9
10.28 34 ATTITUDE 0 0 -72
10.28 34 DL_VALUE 2 0.
10.34 34 GPS 0 50458534 356659193 0 78024 0 0 11782501 12 0
10.34 34 FBW_STATUS 0 0 117
10.34 34 RAD_OF_IR 7 0 0.00211
10.44 34 IR_SENSORS -904 7 1
10.44 34 NAVIGATION 0 1 0 0 38 0. 6571.9
10.63 34 DOWNLINK_STATUS 10 3743 235 0 406. 26.
10.67 34 WP_MOVED 3 506366. 3566262. 0.
10.67 34 GYRO_RATES -198 -163 -136 1.727876 -1.422443 -1.186824
10.67 34 GPS 0 50458534 356659193 0 78024 0 0 11782749 12 0
10.74 34 ESTIMATOR 0. 0. 0. 0. 0.
10.74 34 NAVIGATION 0 1 0 0 38 0. 6571.9
10.74 34 ATTITUDE 0 0 -72
10.83 34 GPS 0 50458534 356659193 0 78024 0 0 11783001 12 0
11.17 34 DESIRED 0. 0. 0. 0. 770. 0.
11.17 34 NAVIGATION 0 1 0 0 38 0. 6571.9
11.17 34 WP_MOVED 0 506408. 3566304. 800.
11.28 34 GPS 0 50458534 356659193 0 78024 0 0 11783249 12 0
11.28 34 ESTIMATOR 0. 0. 0. 0. 0.
11.28 34 COMMANDS 460,-10,-37,-364
11.28 34 NAVIGATION 0 1 0 0 38 0. 6571.9
11.28 34 ATTITUDE 0 0 -72
11.28 34 DL_VALUE 3 0.
11.28 34 FBW_STATUS 0 0 116
11.28 34 RAD_OF_IR 7 0 0.00211
11.28 34 NAVIGATION_REF 506366 3566262 12
11.34 34 GPS 0 50458534 356659193 0 78024 0 0 11783501 12 0
11.34 34 IR_SENSORS -904 7 1
11.43 34 NAVIGATION 0 1 0 0 38 0. 6571.9
11.46 34 WP_MOVED 1 506292.5 3566296.25 800.
11.46 34 GYRO_RATES -198 -162 -135 1.727876 -1.413717 -1.178097
11.64 34 DOWNLINK_STATUS 11 4146 259 0 403. 24.
11.77 34 GPS 0 50458534 356659193 0 78024 0 0 11783749 12 0
11.77 34 ESTIMATOR 0. 0. 0. 0. 0.
11.77 34 BAT 395 116 0 0 417 0 17
11.90 34 NAVIGATION 0 1 0 0 38 0. 6571.9
11.90 34 ATTITUDE 0 0 -72
11.90 34 CALIBRATION 0. 0.023 0.067 0
11.90 34 SERVO 9600 -9600 415
11.90 34 GPS 0 50458534 356659193 0 78024 0 0 11784001 12 0
11.90 34 DESIRED 0. 0. 0. 0. 770. 0.
11.90 34 IR_DEBUG 651 641 651 641
11.94 34 WP_MOVED 2 506379.59375 3566304.75 800.
12.05 34 ESTIMATOR 0. 0. 0. 0. 0.
12.05 34 GPS 0 50458534 356659193 0 78024 0 0 11784249 12 0
12.27 34 COMMANDS 452,-3,-45,-349
12.30 34 NAVIGATION 0 1 0 0 38 0. 6571.9
12.30 34 ATTITUDE 0 0 -72
12.30 34 DL_VALUE 4 0.
12.36 34 FBW_STATUS 0 0 117
12.36 34 RAD_OF_IR 6 0 0.00211
12.36 34 ACTUATORS 1494,1504,0,1235,1482
12.36 34 IR_SENSORS -904 7 1
12.36 34 GPS 0 50458534 356659193 0 78024 0 0 11784501 12 0
12.36 34 NAVIGATION 0 1 0 0 38 0. 6571.9
12.54 34 WP_MOVED 3 506366. 3566262. 0.
12.54 34 GYRO_RATES -198 -163 -136 1.727876 -1.422443 -1.186824
12.54 34 ESTIMATOR 0. 0. 0. 0. 0.
12.64 34 DOWNLINK_STATUS 12 4567 285 0 421. 26.
12.74 34 GPS 0 50458534 356659193 0 78024 0 0 11784749 12 0
12.74 34 NAVIGATION 0 1 0 0 38 0. 6571.9
12.74 34 ATTITUDE 0 0 -72
12.76 34 DESIRED 0. 0. 0. 0. 770. 0.
12.95 34 NAVIGATION 0 1 0 0 38 0. 6571.9
12.95 34 GPS 0 50458534 356659193 0 78024 0 0 11785001 12 0
12.95 34 WP_MOVED 0 506408. 3566304. 800.
12.95 34 PPRZ_MODE 0 0 3 0 0 17 0
12.96 34 ESTIMATOR 0. 0. 0. 0. 0.
13.29 34 COMMANDS 496,61,-52,-441
13.29 34 NAVIGATION 0 1 0 0 38 0. 6571.9
13.29 34 ATTITUDE 0 0 -72
13.29 34 DL_VALUE 5 0.
13.29 34 GPS 0 50458534 356659193 0 78024 0 0 11785249 12 0
13.29 34 FBW_STATUS 0 0 116
13.29 34 RAD_OF_IR 7 0 0.00211
13.64 34 DOWNLINK_STATUS 13 4823 301 0 256. 16.
13.70 34 IR_SENSORS -903 6 1
13.70 34 NAVIGATION 0 1 0 0 38 0. 6571.9
13.70 34 GPS 0 50458534 356659193 0 78024 0 0 11785501 12 0
13.70 34 WP_MOVED 1 506292.5 3566296.25 800.
13.70 34 GYRO_RATES -198 -163 -136 1.727876 -1.422443 -1.186824
13.70 34 ESTIMATOR 0. 0. 0. 0. 0.
13.77 34 NAVIGATION 0 1 0 0 38 0. 6571.9
13.77 34 ATTITUDE 0 0 -72
13.77 34 CALIBRATION 0. 0.023 0.067 0
13.77 34 GPS 0 50458534 356659193 0 78024 0 0 11785749 12 0
13.77 34 SERVO 9600 -9600 440
13.77 34 DESIRED 0. 0. 0. 0. 770. 0.
13.86 34 NAVIGATION 0 1 0 0 38 0. 6571.9
13.86 34 GPS 0 50458534 356659193 0 78024 0 0 11786001 12 0
13.86 34 WP_MOVED 2 506379.59375 3566304.75 800.
13.94 34 ESTIMATOR 0. 0. 0. 0. 0.
14.19 34 COMMANDS 444,0,-47,-350
14.19 34 NAVIGATION 0 1 0 0 38 0. 6571.9
14.19 34 ATTITUDE 0 0 -72
14.19 34 DL_VALUE 6 0.
14.19 34 GPS 0 50458534 356659193 0 78024 0 0 11786249 12 0
14.19 34 FBW_STATUS 0 0 117
14.19 34 RAD_OF_IR 7 0 0.00211
14.39 34 IR_SENSORS -903 7 1
14.39 34 NAVIGATION 0 1 0 0 38 0. 6571.9
14.39 34 WP_MOVED 3 506366. 3566262. 0.
14.39 34 GYRO_RATES -198 -162 -135 1.727876 -1.413717 -1.178097
14.39 34 GPS 0 50458534 356659193 0 78024 0 0 11786501 12 0
14.39 34 ESTIMATOR 0. 0. 0. 0. 0.
14.43 34 NAVIGATION 0 1 0 0 38 0. 6571.9
14.43 34 ATTITUDE 0 0 -72
14.64 34 DOWNLINK_STATUS 14 5339 332 0 516. 31.
14.66 34 GPS 0 50458534 356659193 0 78024 0 0 11786749 12 0
14.68 34 DESIRED 0. 0. 0. 0. 770. 0.
14.68 34 NAVIGATION 0 1 0 0 38 0. 6571.9
14.73 34 WP_MOVED 0 506408. 3566304. 800.
14.84 34 GPS 0 50458534 356659193 0 78024 0 0 11787001 12 0
14.84 34 ESTIMATOR 0. 0. 0. 0. 0.
15.17 34 COMMANDS 445,-21,-61,-335
15.17 34 NAVIGATION 0 1 0 0 38 0. 6571.9
15.17 34 ATTITUDE 0 0 -72
15.17 34 DL_VALUE 7 0.
15.17 34 FBW_STATUS 0 0 117
15.27 34 RAD_OF_IR 7 0 0.00211
15.27 34 GPS 0 50458534 356659193 0 78024 0 0 11787249 12 0
15.27 34 IR_SENSORS -903 6 1
15.27 34 NAVIGATION 0 1 0 0 38 0. 6571.9
15.27 34 WP_MOVED 1 506292.5 3566296.25 800.
15.27 34 GYRO_RATES -197 -162 -136 1.719149 -1.413717 -1.186824
15.35 34 ESTIMATOR 0. 0. 0. 0. 0.
15.35 34 BAT 449 116 0 0 421 0 17
15.35 34 GPS 0 50458534 356659193 0 78024 0 0 11787501 12 0
15.44 34 NAVIGATION 0 1 0 0 38 0. 6571.9
15.44 34 ATTITUDE 0 0 -72
15.44 34 CALIBRATION 0. 0.023 0.067 0
15.45 34 SERVO 9600 -9600 451
15.64 34 DOWNLINK_STATUS 15 5733 356 0 394. 24.
15.89 34 GPS 0 50458534 356659193 0 78024 0 0 11787749 12 0
15.89 34 DESIRED 0. 0. 0. 0. 770. 0.
15.89 34 IR_DEBUG 651 642 651 642
15.89 34 NAVIGATION 0 1 0 0 38 0. 6571.9
16.10 34 WP_MOVED 2 506379.59375 3566304.75 800.
16.10 34 ESTIMATOR 0. 0. 0. 0. 0.
16.10 34 GPS 0 50458534 356659193 0 78024 0 0 11788001 12 0
16.10 34 COMMANDS 449,-10,-48,-332
16.10 34 NAVIGATION 0 1 0 0 38 0. 6571.9
16.10 34 ATTITUDE 0 0 -72
16.10 34 DL_VALUE 8 1.
16.39 34 RAD_OF_IR 7 0 0.00211
16.39 34 GPS 0 50458534 356659193 0 78024 0 0 11788249 12 0
16.39 34 IR_SENSORS -904 7 1
16.39 34 NAVIGATION 0 1 0 0 38 0. 6571.9
16.39 34 WP_MOVED 3 506366. 3566262. 0.
16.39 34 GYRO_RATES -198 -161 -135 1.727876 -1.40499 -1.178097
16.45 34 ESTIMATOR 0. 0. 0. 0. 0.
16.46 34 GPS 0 50458534 356659193 0 78024 0 0 11788501 12 0
16.46 34 NAVIGATION 0 1 0 0 38 0. 6571.9
16.46 34 ATTITUDE 0 0 -72
16.60 34 DESIRED 0. 0. 0. 0. 770. 0.
16.60 34 GPS 0 50458534 356659193 0 78024 0 0 11788749 12 0
16.60 34 NAVIGATION 0 1 0 0 38 0. 6571.9
16.64 34 DOWNLINK_STATUS 16 6166 380 0 433. 24.
16.86 34 WP_MOVED 0 506408. 3566304. 800.
16.86 34 ESTIMATOR 0. 0. 0. 0. 0.
16.96 34 COMMANDS 464,-17,-67,-366
16.96 34 NAVIGATION 0 1 0 0 38 0. 6571.9
16.96 34 GPS 0 50458534 356659193 0 78024 0 0 11789001 12 0
16.96 34 ATTITUDE 0 0 -72
16.96 34 DL_VALUE 9 -61.099998
16.96 34 FBW_STATUS 0 0 117
16.97 34 RAD_OF_IR 6 0 0.00211
16.97 34 ACTUATORS 1499,1501,0,1237,1482
16.97 34 IR_SENSORS -904 7 1
17.04 34 NAVIGATION 0 1 0 0 38 0. 6571.9
17.04 34 GPS 0 50458534 356659193 0 78024 0 0 11789249 12 0
17.13 34 WP_MOVED 1 506292.5 3566296.25 800.
17.17 34 GYRO_RATES -198 -162 -136 1.727876 -1.413717 -1.186824
17.36 34 ESTIMATOR 0. 0. 0. 0. 0.
17.36 34 BAT 451 117 0 0 423 0 17
17.60 34 NAVIGATION 0 1 0 0 38 0. 6571.9
17.60 34 ATTITUDE 0 0 -72
17.60 34 CALIBRATION 0. 0.023 0.067 0
17.60 34 GPS 0 50458534 356659193 0 78024 0 0 11789501 12 0
17.60 34 SERVO 9600 -9600 447
17.60 34 DESIRED 0. 0. 0. 0. 770. 0.
17.60 34 IR_DEBUG 651 641 651 641
17.64 34 DOWNLINK_STATUS 17 6538 404 0 372. 24.
17.65 34 GPS 0 50458534 356659193 0 78024 0 0 11789749 12 0
17.65 34 WP_MOVED 2 506379.59375 3566304.75 800.
17.65 34 PPRZ_MODE 0 0 3 0 0 17 0
17.66 34 ESTIMATOR 0. 0. 0. 0. 0.
17.87 34 COMMANDS 449,-24,-55,-374
17.87 34 NAVIGATION 0 1 0 0 38 0. 6571.9
17.87 34 ATTITUDE 0 0 -72
17.87 34 DL_VALUE 10 0.
17.94 34 GPS 0 50458534 356659193 0 78024 0 0 11790001 12 0
17.94 34 FBW_STATUS 0 0 116
17.94 34 RAD_OF_IR 7 0 0.00211
17.95 34 IR_SENSORS -905 7 1
17.95 34 NAVIGATION 0 1 0 0 38 0. 6571.9
18.08 34 WP_MOVED 3 506366. 3566262. 0.
18.08 34 GYRO_RATES -198 -163 -136 1.727876 -1.422443 -1.186824
18.08 34 GPS 0 50458534 356659193 0 78024 0 0 11790249 12 0
18.13 34 ESTIMATOR 0. 0. 0. 0. 0.
18.36 34 NAVIGATION 0 1 0 0 38 0. 6571.9
18.36 34 ATTITUDE 0 0 -72
18.56 34 GPS 0 50458534 356659193 0 78024 0 0 11790501 12 0
18.56 34 DESIRED 0. 0. 0. 0. 770. 0.
18.56 34 NAVIGATION 0 1 0 0 38 0. 6571.9
18.56 34 WP_MOVED 0 506408. 3566304. 800.
18.59 34 GPS 0 50458534 356659193 0 78024 0 0 11790749 12 0
18.62 34 ESTIMATOR 0. 0. 0. 0. 0.
18.64 34 DOWNLINK_STATUS 18 6968 429 0 430. 25.
18.87 34 COMMANDS 461,-9,-50,-367
18.87 34 NAVIGATION 0 1 0 0 38 0. 6571.9
18.87 34 ATTITUDE 0 0 -72
18.87 34 DL_VALUE 11 1.
18.95 34 FBW_STATUS 0 0 117
18.95 34 RAD_OF_IR 6 0 0.00211
18.95 34 GPS 0 50458534 356659193 0 78024 0 0 11791001 12 0
18.95 34 IR_SENSORS -905 7 1
18.96 34 NAVIGATION 0 1 0 0 38 0. 6571.9
18.96 34 WP_MOVED 1 506292.5 3566296.25 800.
18.96 34 GYRO_RATES -198 -162 -135 1.727876 -1.413717 -1.178097
19.15 34 GPS 0 50458534 356659193 0 78024 0 0 11791249 12 0
19.15 34 ESTIMATOR 0. 0. 0. 0. 0.
19.15 34 BAT 449 116 0 0 425 0 17
19.16 34 NAVIGATION 0 1 0 0 38 0. 6571.9
19.16 34 ATTITUDE 0 0 -72
19.16 34 CALIBRATION 0. 0.023 0.067 0
19.35 34 SERVO 9600 -9600 440
19.46 34 GPS 0 50458534 356659193 0 78024 0 0 11791501 12 0
19.46 34 DESIRED 0. 0. 0. 0. 770. 0.
19.46 34 IR_DEBUG 650 641 650 641
19.46 34 NAVIGATION 0 1 0 0 38 0. 6571.9
19.46 34 WP_MOVED 2 506379.59375 3566304.75 800.
19.55 34 ESTIMATOR 0. 0. 0. 0. 0.
19.55 34 GPS 0 50458534 356659193 0 78024 0 0 11791749 12 0
19.64 34 DOWNLINK_STATUS 19 7372 454 0 404. 25.
19.88 34 COMMANDS 455,-3,-40,-352
19.88 34 NAVIGATION 0 1 0 0 38 0. 6571.9
19.88 34 ATTITUDE 0 0 -72
19.88 34 DL_VALUE 12 0.
19.88 34 FBW_STATUS 0 0 116
19.88 34 RAD_OF_IR 7 0 0.00211
19.88 34 NAVIGATION_REF 506366 3566262 12
19.96 34 GPS 0 50458534 356659193 0 78024 0 0 11792001 12 0
19.96 34 IR_SENSORS -904 7 1
19.96 34 NAVIGATION 0 1 0 0 38 0. 6571.9
19.96 34 WP_MOVED 3 506366. 3566262. 0.
19.96 34 GYRO_RATES -197 -162 -135 1.719149 -1.413717 -1.178097
20.15 34 ESTIMATOR 0. 0. 0. 0. 0.
20.15 34 GPS 0 50458534 356659193 0 78024 0 0 11792249 12 0
20.16 34 NAVIGATION 0 1 0 0 38 0. 6571.9
20.16 34 ATTITUDE 0 0 -72
20.35 34 DESIRED 0. 0. 0. 0. 770. 0.
20.45 34 NAVIGATION 0 1 0 0 38 0. 6571.9
20.45 34 GPS 0 50458534 356659193 0 78024 0 0 11792501 12 0
20.45 34 WP_MOVED 0 506408. 3566304. 800.
20.45 34 ESTIMATOR 0. 0. 0. 0. 0.
20.64 34 DOWNLINK_STATUS 20 7713 475 0 341. 21.
20.65 34 COMMANDS 444,-6,-63,-347
20.65 34 NAVIGATION 0 1 0 0 38 0. 6571.9
20.65 34 GPS 0 50458534 356659193 0 78024 0 0 11792749 12 0
20.66 34 ATTITUDE 0 0 -72
20.66 34 DL_VALUE 13 517.
20.66 34 FBW_STATUS 0 0 116
20.66 34 RAD_OF_IR 7 0 0.00211
20.86 34 IR_SENSORS -905 6 1
20.86 34 NAVIGATION 0 1 0 0 38 0. 6571.9
20.95 34 GPS 0 50458534 356659193 0 78024 0 0 11793001 12 0
20.95 34 WP_MOVED 1 506292.5 3566296.25 800.
20.95 34 GYRO_RATES -198 -163 -136 1.727876 -1.422443 -1.186824
20.96 34 ESTIMATOR 0. 0. 0. 0. 0.
20.96 34 BAT 456 117 0 0 427 0 17
21.07 34 NAVIGATION 0 1 0 0 38 0. 6571.9
21.08 34 ATTITUDE 0 0 -72
21.08 34 CALIBRATION 0. 0.023 0.067 0
21.08 34 GPS 0 50458534 356659193 0 78024 0 0 11793249 12 0
21.37 34 SERVO 9600 -9600 448
21.41 34 DESIRED 0. 0. 0. 0. 770. 0.
21.41 34 IR_DEBUG 651 641 651 641
21.41 34 NAVIGATION 0 1 0 0 38 0. 6571.9
21.59 34 GPS 0 50458534 356659193 0 78024 0 0 11793501 12 0
21.59 34 WP_MOVED 2 506379.59375 3566304.75 800.
21.59 34 ESTIMATOR 0. 0. 0. 0. 0.
21.59 34 COMMANDS 437,-10,-63,-337
21.59 34 NAVIGATION 0 1 0 0 38 0. 6571.9
21.59 34 ATTITUDE 0 0 -72
21.59 34 DL_VALUE 14 482.
21.59 34 FBW_STATUS 0 0 117
21.59 34 RAD_OF_IR 7 0 0.00211
21.66 34 ACTUATORS 1498,1502,0,1237,1482
21.66 34 IR_SENSORS -904 7 1
21.66 34 DOWNLINK_STATUS 21 8197 508 0 484. 33.
21.99 34 NAVIGATION 0 1 0 0 38 0. 6571.9
21.99 34 WP_MOVED 3 506366. 3566262. 0.
21.99 34 GYRO_RATES -197 -162 -135 1.719149 -1.413717 -1.178097
21.99 34 GPS 0 50458534 356659193 0 78024 0 0 11794001 12 0
21.99 34 ESTIMATOR 0. 0. 0. 0. 0.
22.03 34 NAVIGATION 0 1 0 0 38 0. 6571.9
22.03 34 ATTITUDE 0 0 -72
22.04 34 GPS 0 50458534 356659193 0 78024 0 0 11794249 12 0
22.13 34 DESIRED 0. 0. 0. 0. 770. 0.
22.28 34 NAVIGATION 0 1 0 0 38 0. 6571.9
22.28 34 WP_MOVED 0 506408. 3566304. 800.
22.28 34 PPRZ_MODE 0 0 3 0 0 17 0
22.47 34 GPS 0 50458534 356659193 0 78024 0 0 11794501 12 0
22.47 34 ESTIMATOR 0. 0. 0. 0. 0.
22.54 34 COMMANDS 448,-18,-64,-350
22.55 34 NAVIGATION 0 1 0 0 38 0. 6571.9
22.55 34 ATTITUDE 0 0 -72
22.55 34 DL_VALUE 15 455.
22.55 34 FBW_STATUS 0 0 116
22.65 34 DOWNLINK_STATUS 22 8518 527 0 321. 19.
22.77 34 RAD_OF_IR 7 0 0.00211
22.77 34 GPS 0 50458534 356659193 0 78024 0 0 11794749 12 0
22.77 34 IR_SENSORS -903 6 1
22.77 34 NAVIGATION 0 1 0 0 38 0. 6571.9
22.77 34 WP_MOVED 1 506292.5 3566296.25 800.
22.77 34 GYRO_RATES -197 -162 -136 1.719149 -1.413717 -1.186824
22.97 34 ESTIMATOR 0. 0. 0. 0. 0.
22.97 34 BAT 452 116 0 0 429 0 17
22.97 34 GPS 0 50458534 356659193 0 78024 0 0 11795001 12 0
23.04 34 NAVIGATION 0 1 0 0 38 0. 6571.9
23.04 34 ATTITUDE 0 0 -72
23.04 34 CALIBRATION 0. 0.023 0.067 0
23.04 34 SERVO 9600 -9600 451
23.15 34 GPS 0 50458534 356659193 0 78024 0 0 11795249 12 0
23.19 34 DESIRED 0. 0. 0. 0. 770. 0.
23.19 34 IR_DEBUG 651 641 651 641
23.19 34 NAVIGATION 0 1 0 0 38 0. 6571.9
23.19 34 WP_MOVED 2 506379.59375 3566304.75 800.
23.60 34 ESTIMATOR 0. 0. 0. 0. 0.
23.60 34 GPS 0 50458534 356659193 0 78024 0 0 11795501 12 0
23.60 34 COMMANDS 444,-7,-56,-361
23.60 34 NAVIGATION 0 1 0 0 38 0. 6571.9
23.61 34 ATTITUDE 0 0 -72
23.61 34 DL_VALUE 16 7500.
23.66 34 FBW_STATUS 0 0 116
23.66 34 RAD_OF_IR 6 0 0.00211
23.66 34 GPS 0 50458534 356659193 0 78024 0 0 11795749 12 0
23.66 34 IR_SENSORS -903 6 1
23.66 34 NAVIGATION 0 1 0 0 38 0. 6571.9
23.66 34 DOWNLINK_STATUS 23 8985 556 0 467. 29.
23.66 34 WP_MOVED 3 506366. 3566262. 0.
23.66 34 GYRO_RATES -198 -162 -136 1.727876 -1.413717 -1.186824
23.73 34 ESTIMATOR 0. 0. 0. 0. 0.
23.88 34 GPS 0 50458534 356659193 0 78024 0 0 11796001 12 0
23.88 34 NAVIGATION 0 1 0 0 38 0. 6571.9
23.88 34 ATTITUDE 0 0 -72
24.09 34 DESIRED 0. 0. 0. 0. 770. 0.
24.09 34 GPS 0 50458534 356659193 0 78024 0 0 11796249 12 0
24.09 34 NAVIGATION 0 1 0 0 38 0. 6571.9
24.24 34 WP_MOVED 0 506408. 3566304. 800.
24.24 34 ESTIMATOR 0. 0. 0. 0. 0.
24.48 34 COMMANDS 459,7,-34,-347
24.48 34 NAVIGATION 0 1 0 0 38 0. 6571.9
24.48 34 ATTITUDE 0 0 -72
24.48 34 DL_VALUE 17 11250.
24.48 34 GPS 0 50458534 356659193 0 78024 0 0 11796501 12 0
24.53 34 FBW_STATUS 0 0 116
24.53 34 RAD_OF_IR 6 0 0.00211
24.53 34 IR_SENSORS -904 7 1
24.65 34 DOWNLINK_STATUS 24 9297 575 0 312. 19.
24.66 34 NAVIGATION 0 1 0 0 38 0. 6571.9
24.66 34 GPS 0 50458534 356659193 0 78024 0 0 11796749 12 0
24.66 34 WP_MOVED 1 506292.5 3566296.25 800.
24.66 34 GYRO_RATES -197 -162 -135 1.719149 -1.413717 -1.178097
24.74 34 ESTIMATOR 0. 0. 0. 0. 0.
24.74 34 BAT 446 117 0 0 431 0 17
24.98 34 NAVIGATION 0 1 0 0 38 0. 6571.9
24.98 34 ATTITUDE 0 0 -72
24.98 34 CALIBRATION 0. 0.023 0.067 0
24.98 34 GPS 0 50458534 356659193 0 78024 0 0 11797001 12 0
24.98 34 SERVO 9600 -9600 447
25.04 34 DESIRED 0. 0. 0. 0. 770. 0.
25.05 34 IR_DEBUG 652 641 652 641
25.05 34 NAVIGATION 0 1 0 0 38 0. 6571.9
25.25 34 GPS 0 50458534 356659193 0 78024 0 0 11797249 12 0
25.29 34 WP_MOVED 2 506379.59375 3566304.75 800.
25.29 34 ESTIMATOR 0. 0. 0. 0. 0.
25.29 34 COMMANDS 451,-1,-52,-350
25.29 34 NAVIGATION 0 1 0 0 38 0. 6571.9
25.29 34 ATTITUDE 0 0 -72
25.29 34 DL_VALUE 18 10000.
25.55 34 GPS 0 50458534 356659193 0 78024 0 0 11797501 12 0
25.55 34 FBW_STATUS 0 0 116
25.56 34 RAD_OF_IR 7 0 0.00211
25.56 34 IR_SENSORS -905 7 1
25.56 34 NAVIGATION 0 1 0 0 38 0. 6571.9
25.57 34 WP_MOVED 3 506366. 3566262. 0.
25.57 34 GYRO_RATES -198 -163 -136 1.727876 -1.422443 -1.186824
25.57 34 GPS 0 50458534 356659193 0 78024 0 0 11797749 12 0
25.65 34 DOWNLINK_STATUS 25 9781 604 0 484. 29.
25.87 34 ESTIMATOR 0. 0. 0. 0. 0.
25.87 34 NAVIGATION 0 1 0 0 38 0. 6571.9
25.87 34 ATTITUDE 0 0 -72
25.95 34 GPS 0 50458534 356659193 0 78024 0 0 11798001 12 0
25.95 34 DESIRED 0. 0. 0. 0. 770. 0.
25.95 34 NAVIGATION 0 1 0 0 38 0. 6571.9
25.96 34 WP_MOVED 0 506408. 3566304. 800.
26.03 34 GPS 0 50458534 356659193 0 78024 0 0 11798249 12 0
26.07 34 ESTIMATOR 0. 0. 0. 0. 0.
26.37 34 COMMANDS 456,-34,-55,-347
26.40 34 NAVIGATION 0 1 0 0 38 0. 6571.9
26.40 34 ATTITUDE 0 0 -72
26.40 34 DL_VALUE 19 3000.
26.65 34 DOWNLINK_STATUS 26 10008 617 0 227. 13.
27.65 34 DOWNLINK_STATUS 27 10008 617 0 0. 0.
28.65 34 DOWNLINK_STATUS 28 10008 617 0 0. 0.
29.65 34 DOWNLINK_STATUS 29 10008 617 0 0. 0.
30.65 34 DOWNLINK_STATUS 30 10008 617 0 0. 0.
31.65 34 DOWNLINK_STATUS 31 10008 617 0 0. 0.
32.65 34 DOWNLINK_STATUS 32 10008 617 0 0. 0.
33.65 34 DOWNLINK_STATUS 33 10008 617 0 0. 0.
34.65 34 DOWNLINK_STATUS 34 10008 617 0 0. 0.
35.65 34 DOWNLINK_STATUS 35 10008 617 0 0. 0.
36.65 34 DOWNLINK_STATUS 36 10008 617 0 0. 0.
37.65 34 DOWNLINK_STATUS 37 10008 617 0 0. 0.
38.65 34 DOWNLINK_STATUS 38 10008 617 0 0. 0.
39.65 34 DOWNLINK_STATUS 39 10008 617 0 0. 0.
40.65 34 DOWNLINK_STATUS 40 10008 617 0 0. 0.
41.65 34 DOWNLINK_STATUS 41 10008 617 0 0. 0.
42.65 34 DOWNLINK_STATUS 42 10008 617 0 0. 0.
43.65 34 DOWNLINK_STATUS 43 10008 617 0 0. 0.
44.65 34 DOWNLINK_STATUS 44 10008 617 0 0. 0.
45.65 34 DOWNLINK_STATUS 45 10008 617 0 0. 0.
46.65 34 DOWNLINK_STATUS 46 10008 617 0 0. 0.
47.65 34 DOWNLINK_STATUS 47 10008 617 0 0. 0.
48.65 34 DOWNLINK_STATUS 48 10008 617 0 0. 0.
49.65 34 DOWNLINK_STATUS 49 10008 617 0 0. 0.
50.65 34 DOWNLINK_STATUS 50 10008 617 0 0. 0.
51.65 34 DOWNLINK_STATUS 51 10008 617 0 0. 0.
52.65 34 DOWNLINK_STATUS 52 10008 617 0 0. 0.
53.65 34 DOWNLINK_STATUS 53 10008 617 0 0. 0.
54.65 34 DOWNLINK_STATUS 54 10008 617 0 0. 0.
55.65 34 DOWNLINK_STATUS 55 10008 617 0 0. 0.
56.65 34 DOWNLINK_STATUS 56 10008 617 0 0. 0.
57.65 34 DOWNLINK_STATUS 57 10008 617 0 0. 0.
58.66 34 DOWNLINK_STATUS 58 10008 617 0 0. 0.
59.66 34 DOWNLINK_STATUS 59 10008 617 0 0. 0.
60.66 34 DOWNLINK_STATUS 60 10008 617 0 0. 0.
61.66 34 DOWNLINK_STATUS 61 10008 617 0 0. 0.
62.66 34 DOWNLINK_STATUS 62 10008 617 0 0. 0.
63.66 34 DOWNLINK_STATUS 63 10008 617 0 0. 0.
64.66 34 DOWNLINK_STATUS 64 10008 617 0 0. 0.
65.66 34 DOWNLINK_STATUS 65 10008 617 0 0. 0.
66.66 34 DOWNLINK_STATUS 66 10008 617 0 0. 0.
67.66 34 DOWNLINK_STATUS 67 10008 617 0 0. 0.
68.66 34 DOWNLINK_STATUS 68 10008 617 0 0. 0.
69.66 34 DOWNLINK_STATUS 69 10008 617 0 0. 0.
70.66 34 DOWNLINK_STATUS 70 10008 617 0 0. 0.
71.66 34 DOWNLINK_STATUS 71 10008 617 0 0. 0.
72.66 34 DOWNLINK_STATUS 72 10008 617 0 0. 0.
73.66 34 DOWNLINK_STATUS 73 10008 617 0 0. 0.
74.66 34 DOWNLINK_STATUS 74 10008 617 0 0. 0.
75.66 34 DOWNLINK_STATUS 75 10008 617 0 0. 0.
76.66 34 DOWNLINK_STATUS 76 10008 617 0 0. 0.
77.66 34 DOWNLINK_STATUS 77 10008 617 0 0. 0.
78.66 34 DOWNLINK_STATUS 78 10008 617 0 0. 0.
79.66 34 DOWNLINK_STATUS 79 10008 617 0 0. 0.
80.66 34 DOWNLINK_STATUS 80 10008 617 0 0. 0.
81.66 34 DOWNLINK_STATUS 81 10008 617 0 0. 0.
82.66 34 DOWNLINK_STATUS 82 10008 617 0 0. 0.
83.66 34 DOWNLINK_STATUS 83 10008 617 0 0. 0.
84.66 34 DOWNLINK_STATUS 84 10008 617 0 0. 0.
85.66 34 DOWNLINK_STATUS 85 10008 617 0 0. 0.
86.66 34 DOWNLINK_STATUS 86 10008 617 0 0. 0.
87.66 34 DOWNLINK_STATUS 87 10008 617 0 0. 0.
88.66 34 DOWNLINK_STATUS 88 10008 617 0 0. 0.
89.66 34 DOWNLINK_STATUS 89 10008 617 0 0. 0.
90.25 34 BOOT 1
90.25 34 PPRZ_MODE 2 0 0 0 0 1 0
90.25 34 GPS 0 50458534 356659193 0 78024 0 0 11860899 12 0
90.26 34 FBW_STATUS 0 0 0
90.26 34 RAD_OF_IR 7 0 0.00211
90.26 34 ACTUATORS 1497,1502,0,1237,1482
90.26 34 IR_SENSORS -909 6 1
90.26 34 NAVIGATION 0 1 0 0 38 0. 6571.9
90.26 34 WP_MOVED 1 506292.5 3566296.25 800.
90.30 34 ATTITUDE 0 0 -73
90.30 34 PPRZ_MODE 2 0 3 0 0 5 0
90.30 34 FBW_STATUS 0 1 117
90.30 34 RAD_OF_IR 7 0 0.00211
90.30 34 PPRZ_MODE 0 0 3 0 0 17 0
90.30 34 IR_SENSORS -906 6 1
90.41 34 NAVIGATION 0 1 0 0 38 0. 6571.9
90.42 34 GPS 0 50458534 356659193 0 78024 0 0 11862499 12 0
90.42 34 WP_MOVED 1 506292.5 3566296.25 800.
90.42 34 GYRO_RATES -198 -163 -136 1.727876 -1.422443 -1.186824
90.49 34 ESTIMATOR 0. 0. 0. 0. 0.
90.49 34 BAT 453 117 0 0 2 0 0
90.66 34 DOWNLINK_STATUS 90 10282 638 0 274. 21.
90.73 34 NAVIGATION 0 1 0 0 38 0. 6571.9
90.73 34 ATTITUDE 0 0 -73
90.73 34 CALIBRATION 0. 0.023 0.067 0
90.73 34 GPS 0 50458534 356659193 0 78024 0 0 11862751 12 0
90.81 34 SERVO 9600 -9600 453
90.81 34 DESIRED 0. 0. 0. 0. 770. 0.
90.81 34 IR_DEBUG 655 646 655 646
90.81 34 NAVIGATION 0 1 0 0 38 0. 6571.9
90.89 34 GPS 0 50458534 356659193 0 78024 0 0 11862999 12 0
90.89 34 WP_MOVED 2 506379.59375 3566304.75 800.
90.98 34 ESTIMATOR 0. 0. 0. 0. 0.
91.24 34 COMMANDS 453,-3,-52,-352
91.24 34 NAVIGATION 0 1 0 0 38 0. 6571.9
91.24 34 ATTITUDE 0 0 -73
91.24 34 DL_VALUE 2 0.
91.24 34 GPS 0 50458534 356659193 0 78024 0 0 11863251 12 0
91.24 34 FBW_STATUS 0 0 117
91.29 34 RAD_OF_IR 5 0 0.00211
91.29 34 IR_SENSORS -898 4 1
91.29 34 NAVIGATION 0 1 0 0 38 0. 6571.9
91.43 34 WP_MOVED 3 506366. 3566262. 0.
91.43 34 GYRO_RATES -198 -163 -136 1.727876 -1.422443 -1.186824
91.43 34 GPS 0 50458534 356659193 0 78024 0 0 11863499 12 0
91.43 34 ESTIMATOR 0. 0. 0. 0. 0.
91.49 34 NAVIGATION 0 1 0 0 38 0. 6571.9
91.49 34 ATTITUDE 0 0 -72
91.66 34 DOWNLINK_STATUS 91 10698 664 0 416. 26.
91.71 34 GPS 0 50458534 356659193 0 78024 0 0 11863751 12 0
91.73 34 DESIRED 0. 0. 0. 0. 770. 0.
91.73 34 NAVIGATION 0 1 0 0 38 0. 6571.9
91.78 34 WP_MOVED 0 506408. 3566304. 800.
91.90 34 GPS 0 50458534 356659193 0 78024 0 0 11863999 12 0
91.90 34 ESTIMATOR 0. 0. 0. 0. 0.
92.00 34 COMMANDS 453,-4,-52,-347
92.00 34 NAVIGATION 0 1 0 0 38 0. 6571.9
92.00 34 ATTITUDE 0 0 -73
92.00 34 DL_VALUE 3 0.
92.20 34 FBW_STATUS 0 0 117
92.24 34 RAD_OF_IR 6 0 0.00211
92.24 34 GPS 0 50458534 356659193 0 78024 0 0 11864251 12 0
92.24 34 IR_SENSORS -910 5 1
92.24 34 NAVIGATION 0 1 0 0 38 0. 6571.9
92.29 34 WP_MOVED 1 506292.5 3566296.25 800.
92.29 34 GYRO_RATES -199 -163 -137 1.736603 -1.422443 -1.195551
92.40 34 GPS 0 50458534 356659193 0 78024 0 0 11864499 12 0
92.40 34 ESTIMATOR 0. 0. 0. 0. 0.
92.40 34 BAT 455 117 0 0 4 0 0
92.49 34 NAVIGATION 0 1 0 0 38 0. 6571.9
92.49 34 ATTITUDE 0 0 -73
92.49 34 CALIBRATION 0. 0.023 0.067 0
92.51 34 SERVO 9600 -9600 454
92.66 34 DOWNLINK_STATUS 92 11092 688 0 394. 24.
92.71 34 GPS 0 50458534 356659193 0 78024 0 0 11864751 12 0
92.81 34 DESIRED 0. 0. 0. 0. 770. 0.
92.81 34 IR_DEBUG 655 646 655 646
92.81 34 NAVIGATION 0 1 0 0 38 0. 6571.9
92.81 34 WP_MOVED 2 506379.59375 3566304.75 800.
93.02 34 ESTIMATOR 0. 0. 0. 0. 0.
93.02 34 GPS 0 50458534 356659193 0 78024 0 0 11864999 12 0
93.02 34 COMMANDS 453,0,-53,-355
93.02 34 NAVIGATION 0 1 0 0 38 0. 6571.9
93.02 34 ATTITUDE 0 0 -73
93.02 34 DL_VALUE 4 0.
93.02 34 FBW_STATUS 0 0 117
93.02 34 RAD_OF_IR 6 0 0.00211
93.33 34 GPS 0 50458534 356659193 0 78024 0 0 11865251 12 0
93.33 34 ACTUATORS 1498,1502,0,1237,1483
93.33 34 IR_SENSORS -910 6 1
93.33 34 NAVIGATION 0 1 0 0 38 0. 6571.9
93.41 34 WP_MOVED 3 506366. 3566262. 0.
93.41 34 GYRO_RATES -199 -163 -137 1.736603 -1.422443 -1.195551
93.41 34 ESTIMATOR 0. 0. 0. 0. 0.
93.41 34 GPS 0 50458534 356659193 0 78024 0 0 11865499 12 0
93.42 34 NAVIGATION 0 1 0 0 38 0. 6571.9
93.42 34 ATTITUDE 0 0 -73
93.64 34 DESIRED 0. 0. 0. 0. 770. 0.
93.64 34 GPS 0 50458534 356659193 0 78024 0 0 11865751 12 0
93.64 34 NAVIGATION 0 1 0 0 38 0. 6571.9
93.66 34 DOWNLINK_STATUS 93 11543 714 0 451. 26.
93.81 34 WP_MOVED 0 506408. 3566304. 800.
93.81 34 PPRZ_MODE 0 0 3 0 0 17 0
93.92 34 ESTIMATOR 0. 0. 0. 0. 0.
93.92 34 COMMANDS 442,-14,-48,-327
93.92 34 NAVIGATION 0 1 0 0 38 0. 6571.9
93.92 34 GPS 0 50458534 356659193 0 78024 0 0 11865999 12 0
93.92 34 ATTITUDE 0 0 -73
93.92 34 DL_VALUE 5 0.
93.92 34 FBW_STATUS 0 0 117
93.92 34 RAD_OF_IR 6 0 0.00211
94.01 34 IR_SENSORS -910 6 1
94.10 34 NAVIGATION 0 1 0 0 38 0. 6571.9
94.10 34 GPS 0 50458534 356659193 0 78024 0 0 11866251 12 0
94.31 34 WP_MOVED 1 506292.5 3566296.25 800.
94.31 34 GYRO_RATES -199 -164 -137 1.736603 -1.43117 -1.195551
94.43 34 ESTIMATOR 0. 0. 0. 0. 0.
94.43 34 BAT 450 117 0 0 6 0 0
94.43 34 NAVIGATION 0 1 0 0 38 0. 6571.9
94.43 34 ATTITUDE 0 0 -73
94.43 34 CALIBRATION 0. 0.023 0.067 0
94.44 34 GPS 0 50458534 356659193 0 78024 0 0 11866499 12 0
94.44 34 SERVO 9600 -9600 449
94.63 34 DESIRED 0. 0. 0. 0. 770. 0.
94.63 34 IR_DEBUG 655 646 655 646
94.63 34 NAVIGATION 0 1 0 0 38 0. 6571.9
94.63 34 GPS 0 50458534 356659193 0 78024 0 0 11866751 12 0
94.64 34 WP_MOVED 2 506379.59375 3566304.75 800.
94.67 34 DOWNLINK_STATUS 94 11971 741 0 428. 27.
94.81 34 ESTIMATOR 0. 0. 0. 0. 0.
94.91 34 COMMANDS 451,3,-47,-350
94.91 34 NAVIGATION 0 1 0 0 38 0. 6571.9
94.91 34 ATTITUDE 0 0 -73
94.91 34 DL_VALUE 6 0.
94.91 34 GPS 0 50458534 356659193 0 78024 0 0 11866999 12 0
94.91 34 FBW_STATUS 0 0 117
94.91 34 RAD_OF_IR 6 0 0.00211
94.99 34 IR_SENSORS -910 6 1
95.00 34 NAVIGATION 0 1 0 0 38 0. 6571.9
95.16 34 WP_MOVED 3 506366. 3566262. 0.
95.16 34 GYRO_RATES -199 -164 -137 1.736603 -1.43117 -1.195551
95.16 34 GPS 0 50458534 356659193 0 78024 0 0 11867251 12 0
95.31 34 ESTIMATOR 0. 0. 0. 0. 0.
95.40 34 NAVIGATION 0 1 0 0 38 0. 6571.9
95.40 34 ATTITUDE 0 0 -73
95.40 34 GPS 0 50458534 356659193 0 78024 0 0 11867499 12 0
95.49 34 DESIRED 0. 0. 0. 0. 770. 0.
95.49 34 NAVIGATION 0 1 0 0 38 0. 6571.9
95.52 34 WP_MOVED 0 506408. 3566304. 800.
95.58 34 GPS 0 50458534 356659193 0 78024 0 0 11867751 12 0
95.67 34 DOWNLINK_STATUS 95 12328 762 0 357. 21.
95.81 34 ESTIMATOR 0. 0. 0. 0. 0.
95.92 34 COMMANDS 452,-3,-53,-347
95.93 34 NAVIGATION 0 1 0 0 38 0. 6571.9
95.93 34 ATTITUDE 0 0 -73
95.93 34 DL_VALUE 7 0.
95.93 34 FBW_STATUS 0 0 117
95.93 34 RAD_OF_IR 6 0 0.00211
95.93 34 GPS 0 50458534 356659193 0 78024 0 0 11867999 12 0
95.93 34 IR_SENSORS -910 6 1
95.98 34 NAVIGATION 0 1 0 0 38 0. 6571.9
96.02 34 WP_MOVED 1 506292.5 3566296.25 800.
96.02 34 GYRO_RATES -199 -164 -137 1.736603 -1.43117 -1.195551
96.13 34 GPS 0 50458534 356659193 0 78024 0 0 11868251 12 0
96.13 34 ESTIMATOR 0. 0. 0. 0. 0.
96.13 34 BAT 453 117 0 0 8 0 0
96.32 34 NAVIGATION 0 1 0 0 38 0. 6571.9
96.32 34 ATTITUDE 0 0 -73
96.32 34 CALIBRATION 0. 0.023 0.067 0
96.33 34 SERVO 9600 -9600 453
96.33 34 GPS 0 50458534 356659193 0 78024 0 0 11868499 12 0
96.43 34 DESIRED 0. 0. 0. 0. 770. 0.
96.43 34 IR_DEBUG 654 645 654 645
96.43 34 NAVIGATION 0 1 0 0 38 0. 6571.9
96.48 34 WP_MOVED 2 506379.59375 3566304.75 800.
96.61 34 ESTIMATOR 0. 0. 0. 0. 0.
96.61 34 GPS 0 50458534 356659193 0 78024 0 0 11868751 12 0
96.66 34 DOWNLINK_STATUS 96 12754 788 0 426. 26.
96.82 34 COMMANDS 442,-4,-53,-334
96.82 34 NAVIGATION 0 1 0 0 38 0. 6571.9
96.82 34 ATTITUDE 0 0 -73
96.82 34 DL_VALUE 8 1.
96.90 34 FBW_STATUS 0 0 117
96.90 34 RAD_OF_IR 7 0 0.00211
96.90 34 GPS 0 50458534 356659193 0 78024 0 0 11868999 12 0
96.90 34 IR_SENSORS -909 7 1
96.90 34 NAVIGATION 0 1 0 0 38 0. 6571.9
96.99 34 WP_MOVED 3 506366. 3566262. 0.
96.99 34 GYRO_RATES -199 -164 -137 1.736603 -1.43117 -1.195551
97.08 34 ESTIMATOR 0. 0. 0. 0. 0.
97.14 34 GPS 0 50458534 356659193 0 78024 0 0 11869251 12 0
97.17 34 SVINFO 12 5 16 3 26 -9 0
97.17 34 NAVIGATION 0 1 0 0 38 0. 6571.9
97.17 34 ATTITUDE 0 0 -73
97.54 34 GPS 0 50458534 356659193 0 78024 0 0 11869499 12 0
97.54 34 DESIRED 0. 0. 0. 0. 770. 0.
97.54 34 NAVIGATION 0 1 0 0 38 0. 6571.9
97.54 34 WP_MOVED 0 506408. 3566304. 800.
97.58 34 ESTIMATOR 0. 0. 0. 0. 0.
97.66 34 GPS 0 50458534 356659193 0 78024 0 0 11869751 12 0
97.69 34 COMMANDS 449,-1,-52,-355
97.69 34 NAVIGATION 0 1 0 0 38 0. 6571.9
97.69 34 ATTITUDE 0 0 -73
97.69 34 DL_VALUE 9 -61.099998
97.69 34 DOWNLINK_STATUS 97 13165 814 0 411. 26.
97.69 34 FBW_STATUS 0 0 117
97.69 34 RAD_OF_IR 6 0 0.00211
97.69 34 NAVIGATION_REF 506366 3566262 12
97.78 34 ACTUATORS 1497,1502,0,1237,1482
97.78 34 IR_SENSORS -909 7 1
98.04 34 NAVIGATION 0 1 0 0 38 0. 6571.9
98.04 34 GPS 0 50458534 356659193 0 78024 0 0 11869999 12 0
98.04 34 WP_MOVED 1 506292.5 3566296.25 800.
98.04 34 GYRO_RATES -199 -163 -137 1.736603 -1.422443 -1.195551
98.17 34 ESTIMATOR 0. 0. 0. 0. 0.
98.17 34 BAT 453 117 0 0 10 0 0
98.17 34 NAVIGATION 0 1 0 0 38 0. 6571.9
98.17 34 ATTITUDE 0 0 -73
98.17 34 CALIBRATION 0. 0.023 0.067 0
98.17 34 GPS 0 50458534 356659193 0 78024 0 0 11870251 12 0
98.17 34 SVINFO 0 8 12 3 25 73 77
98.18 34 SERVO 9600 -9600 451
98.30 34 DESIRED 0. 0. 0. 0. 770. 0.
98.30 34 IR_DEBUG 655 646 655 646
98.30 34 NAVIGATION 0 1 0 0 38 0. 6571.9
98.52 34 GPS 0 50458534 356659193 0 78024 0 0 11870499 12 0
98.52 34 WP_MOVED 2 506379.59375 3566304.75 800.
98.52 34 PPRZ_MODE 0 0 3 0 0 17 0
98.65 34 ESTIMATOR 0. 0. 0. 0. 0.
98.65 34 COMMANDS 452,-7,-52,-342
98.65 34 NAVIGATION 0 1 0 0 38 0. 6571.9
98.65 34 ATTITUDE 0 0 -73
98.65 34 DL_VALUE 10 0.
98.65 34 GPS 0 50458534 356659193 0 78024 0 0 11870751 12 0
98.65 34 FBW_STATUS 0 0 117
98.65 34 RAD_OF_IR 6 0 0.00211
98.67 34 DOWNLINK_STATUS 98 13627 845 0 462. 31.
98.69 34 IR_SENSORS -910 6 1
98.78 34 NAVIGATION 0 1 0 0 38 0. 6571.9
99.04 34 WP_MOVED 3 506366. 3566262. 0.
99.04 34 GYRO_RATES -199 -164 -137 1.736603 -1.43117 -1.195551
99.04 34 GPS 0 50458534 356659193 0 78024 0 0 11870999 12 0
99.04 34 ESTIMATOR 0. 0. 0. 0. 0.
99.11 34 NAVIGATION 0 1 0 0 38 0. 6571.9
99.11 34 ATTITUDE 0 0 -73
99.11 34 GPS 0 50458534 356659193 0 78024 0 0 11871251 12 0
99.19 34 DESIRED 0. 0. 0. 0. 770. 0.
99.21 34 NAVIGATION 0 1 0 0 38 0. 6571.9
99.28 34 WP_MOVED 0 506408. 3566304. 800.
99.32 34 GPS 0 50458534 356659193 0 78024 0 0 11871499 12 0
99.42 34 ESTIMATOR 0. 0. 0. 0. 0.
99.50 34 COMMANDS 450,-26,-75,-352
99.50 34 NAVIGATION 0 1 0 0 38 0. 6571.9
99.50 34 ATTITUDE 0 0 -73
99.50 34 DL_VALUE 11 1.
99.57 34 FBW_STATUS 0 0 117
99.60 34 GPS 0 50458534 356659193 0 78024 0 0 11871751 12 0
99.64 34 RAD_OF_IR 6 0 0.00211
99.67 34 DOWNLINK_STATUS 99 13984 866 0 357. 21.
99.72 34 IR_SENSORS -910 6 1
99.72 34 NAVIGATION 0 1 0 0 38 0. 6571.9
99.91 34 WP_MOVED 1 506292.5 3566296.25 800.
99.91 34 GYRO_RATES -199 -163 -137 1.736603 -1.422443 -1.195551
100.02 34 GPS 0 50458534 356659193 0 78024 0 0 11871999 12 0
100.02 34 ESTIMATOR 0. 0. 0. 0. 0.
100.02 34 BAT 453 117 0 0 12 0 0
100.02 34 NAVIGATION 0 1 0 0 38 0. 6571.9
100.02 34 ATTITUDE 0 0 -73
100.02 34 CALIBRATION 0. 0.023 0.067 0
100.02 34 SERVO 9600 -9600 453
100.08 34 GPS 0 50458534 356659193 0 78024 0 0 11872251 12 0
100.43 34 DESIRED 0. 0. 0. 0. 770. 0.
100.47 34 IR_DEBUG 655 645 655 645
100.47 34 NAVIGATION 0 1 0 0 38 0. 6571.9
100.47 34 WP_MOVED 2 506379.59375 3566304.75 800.
100.52 34 ESTIMATOR 0. 0. 0. 0. 0.
100.52 34 GPS 0 50458534 356659193 0 78024 0 0 11872499 12 0
100.52 34 COMMANDS 453,-9,-53,-355
100.52 34 NAVIGATION 0 1 0 0 38 0. 6571.9
100.52 34 ATTITUDE 0 0 -73
100.52 34 DL_VALUE 12 0.
100.52 34 FBW_STATUS 0 0 117
100.52 34 RAD_OF_IR 7 0 0.00211
100.60 34 GPS 0 50458534 356659193 0 78024 0 0 11872751 12 0
100.61 34 IR_SENSORS -909 7 1
100.62 34 NAVIGATION 0 1 0 0 38 0. 6571.9
100.67 34 DOWNLINK_STATUS 100 14414 893 0 430. 27.
100.71 34 WP_MOVED 3 506366. 3566262. 0.
100.71 34 GYRO_RATES -199 -163 -137 1.736603 -1.422443 -1.195551
100.91 34 ESTIMATOR 0. 0. 0. 0. 0.
100.93 34 GPS 0 50458534 356659193 0 78024 0 0 11872999 12 0
100.93 34 NAVIGATION 0 1 0 0 38 0. 6571.9
100.93 34 ATTITUDE 0 0 -72
101.22 34 DESIRED 0. 0. 0. 0. 770. 0.
101.22 34 GPS 0 50458534 356659193 0 78024 0 0 11873251 12 0
101.22 34 SVINFO 12 5 16 3 25 -9 0
101.22 34 NAVIGATION 0 1 0 0 38 0. 6571.9
101.22 34 WP_MOVED 0 506408. 3566304. 800.
101.54 34 ESTIMATOR 0. 0. 0. 0. 0.
101.54 34 GPS 0 50458534 356659193 0 78024 0 0 11873499 12 0
101.54 34 COMMANDS 453,-15,-55,-350
101.54 34 NAVIGATION 0 1 0 0 38 0. 6571.9
101.54 34 ATTITUDE 0 0 -73
101.54 34 DL_VALUE 13 517.
101.58 34 FBW_STATUS 0 0 117
101.58 34 RAD_OF_IR 6 0 0.00211
101.58 34 IR_SENSORS -909 6 1
101.61 34 GPS 0 50458534 356659193 0 78024 0 0 11873751 12 0
101.65 34 NAVIGATION 0 1 0 0 38 0. 6571.9
101.67 34 DOWNLINK_STATUS 101 14781 915 0 367. 22.
101.69 34 WP_MOVED 1 506292.5 3566296.25 800.
101.69 34 GYRO_RATES -200 -164 -137 1.745329 -1.43117 -1.195551
101.79 34 ESTIMATOR 0. 0. 0. 0. 0.
101.79 34 BAT 440 117 0 0 14 0 0
102.04 34 NAVIGATION 0 1 0 0 38 0. 6571.9
102.04 34 ATTITUDE 0 0 -73
102.04 34 CALIBRATION 0. 0.023 0.067 0
102.04 34 GPS 0 50458534 356659193 0 78024 0 0 11873999 12 0
102.04 34 SERVO 9600 -9600 453
102.15 34 DESIRED 0. 0. 0. 0. 770. 0.
102.15 34 IR_DEBUG 655 646 655 646
102.15 34 NAVIGATION 0 1 0 0 38 0. 6571.9
102.15 34 GPS 0 50458534 356659193 0 78024 0 0 11874251 12 0
102.15 34 WP_MOVED 2 506379.59375 3566304.75 800.
102.18 34 ESTIMATOR 0. 0. 0. 0. 0.
102.56 34 COMMANDS 451,-7,-50,-355
102.56 34 NAVIGATION 0 1 0 0 38 0. 6571.9
102.56 34 ATTITUDE 0 0 -73
102.56 34 DL_VALUE 14 482.
102.56 34 GPS 0 50458534 356659193 0 78024 0 0 11874499 12 0
102.56 34 SVINFO 1 28 4 3 28 61 345
102.56 34 FBW_STATUS 0 0 117
102.56 34 RAD_OF_IR 7 0 0.00211
102.64 34 ACTUATORS 1497,1502,0,1237,1482
102.68 34 IR_SENSORS -910 6 1
102.68 34 NAVIGATION 0 1 0 0 38 0. 6571.9
102.68 34 GPS 0 50458534 356659193 0 78024 0 0 11874751 12 0
102.68 34 WP_MOVED 3 506366. 3566262. 0.
102.68 34 GYRO_RATES -200 -164 -137 1.745329 -1.43117 -1.195551
102.68 34 DOWNLINK_STATUS 102 15243 944 0 462. 29.
102.68 34 ESTIMATOR 0. 0. 0. 0. 0.
102.78 34 NAVIGATION 0 1 0 0 38 0. 6571.9
102.78 34 ATTITUDE 0 0 -73
103.01 34 GPS 0 50458534 356659193 0 78024 0 0 11874999 12 0
103.12 34 DESIRED 0. 0. 0. 0. 770. 0.
103.12 34 NAVIGATION 0 1 0 0 38 0. 6571.9
103.12 34 WP_MOVED 0 506408. 3566304. 800.
103.12 34 PPRZ_MODE 0 0 3 0 0 17 0
103.32 34 GPS 0 50458534 356659193 0 78024 0 0 11875251 12 0
103.32 34 ESTIMATOR 0. 0. 0. 0. 0.
103.32 34 COMMANDS 459,-7,-48,-361
103.32 34 NAVIGATION 0 1 0 0 38 0. 6571.9
103.32 34 ATTITUDE 0 0 -73
103.32 34 DL_VALUE 15 455.
103.52 34 FBW_STATUS 0 0 117
103.52 34 RAD_OF_IR 7 0 0.00211
103.52 34 GPS 0 50458534 356659193 0 78024 0 0 11875499 12 0
103.61 34 IR_SENSORS -910 6 1
103.61 34 NAVIGATION 0 1 0 0 38 0. 6571.9
103.61 34 WP_MOVED 1 506292.5 3566296.25 800.
103.61 34 GYRO_RATES -199 -164 -137 1.736603 -1.43117 -1.195551
103.63 34 GPS 0 50458534 356659193 0 78024 0 0 11875751 12 0
103.63 34 ESTIMATOR 0. 0. 0. 0. 0.
103.63 34 BAT 449 117 0 0 16 1 0
103.67 34 DOWNLINK_STATUS 103 15645 968 0 402. 24.
103.71 34 NAVIGATION 0 1 0 0 38 0. 6571.9
103.71 34 ATTITUDE 0 0 -73
103.71 34 CALIBRATION 0. 0.023 0.067 0
103.78 34 SERVO 9600 -9600 452
104.04 34 GPS 0 50458534 356659193 0 78024 0 0 11875999 12 0
104.04 34 SVINFO 7 19 12 3 30 2 40
104.04 34 DESIRED 0. 0. 0. 0. 770. 0.
104.04 34 IR_DEBUG 655 646 655 646
104.04 34 NAVIGATION 0 1 0 0 38 0. 6571.9
104.08 34 WP_MOVED 2 506379.59375 3566304.75 800.
104.12 34 ESTIMATOR 0. 0. 0. 0. 0.
104.16 34 GPS 0 50458534 356659193 0 78024 0 0 11876251 12 0
104.19 34 COMMANDS 452,-7,-53,-349
104.19 34 NAVIGATION 0 1 0 0 38 0. 6571.9
104.19 34 ATTITUDE 0 0 -73
104.19 34 DL_VALUE 16 7500.
104.21 34 FBW_STATUS 0 0 117
104.28 34 RAD_OF_IR 6 0 0.00211
104.51 34 GPS 0 50458534 356659193 0 78024 0 0 11876499 12 0
104.51 34 IR_SENSORS -910 6 1
104.61 34 NAVIGATION 0 1 0 0 38 0. 6571.9
104.61 34 WP_MOVED 3 506366. 3566262. 0.
104.61 34 GYRO_RATES -199 -164 -137 1.736603 -1.43117 -1.195551
104.61 34 ESTIMATOR 0. 0. 0. 0. 0.
104.63 34 GPS 0 50458534 356659193 0 78024 0 0 11876751 12 0
104.64 34 SVINFO 10 11 12 3 24 33 80
104.64 34 NAVIGATION 0 1 0 0 38 0. 6571.9
104.64 34 ATTITUDE 0 0 -73
104.67 34 DOWNLINK_STATUS 104 16081 996 0 436. 28.
105.04 34 DESIRED 0. 0. 0. 0. 770. 0.
105.04 34 GPS 0 50458534 356659193 0 78024 0 0 11876999 12 0
105.04 34 NAVIGATION 0 1 0 0 38 0. 6571.9
105.04 34 WP_MOVED 0 506408. 3566304. 800.
105.08 34 ESTIMATOR 0. 0. 0. 0. 0.
105.21 34 GPS 0 50458534 356659193 0 78024 0 0 11877251 12 0
105.25 34 SVINFO 12 5 16 3 25 -9 0
105.25 34 COMMANDS 450,-6,-48,-349
105.25 34 NAVIGATION 0 1 0 0 38 0. 6571.9
105.25 34 ATTITUDE 0 0 -73
105.25 34 DL_VALUE 17 11250.
105.25 34 FBW_STATUS 0 0 117
105.25 34 RAD_OF_IR 6 0 0.00211
