3.49 39 ESTIMATOR 700.567017 0.004941 56.700001 0.494094 59.849998
3.62 39 DL_VALUE 0 700.043762
3.62 39 NAVIGATION 0 0 0 0 286 0. 570986.7
3.69 39 WP_MOVED 2 358071. 4822161. 0.
3.69 39 NAVIGATION_REF 358071 4822161 31
3.92 39 COMMANDS 211,44,-85,-521
3.92 39 NAVIGATION 0 0 0 0 286 0. 570986.7
3.92 39 ATTITUDE 0 0 0
3.92 39 GYRO_RATES 3 -13 -43 -0.02618 -0.113446 0.375246
3.93 39 FBW_STATUS 0 0 124
3.98 39 ESTIMATOR 700.607483 0.0405 60.75 4.04999 62.550003
4.05 39 DOWNLINK_STATUS 3 554 37 0 323. 22.
4.08 39 NAVIGATION 0 0 0 0 286 0. 570986.7
4.18 39 WP_MOVED 0 358113. 4822203. 702.
4.35 39 DESIRED 0. -0.01 0. 0. 700.044 -0.185
4.35 39 NAVIGATION 0 0 0 0 286 0. 570986.7
4.35 39 ATTITUDE 0 0 0
4.42 39 ESTIMATOR 700.634521 -0.048276 63.450001 -4.827592 61.200001
4.51 39 DL_VALUE 1 1.
4.55 39 NAVIGATION 0 0 0 0 286 0. 570986.7
4.61 39 WP_MOVED 1 358824.90625 4822110. 702.
4.86 39 COMMANDS 211,46,-83,-523
4.86 39 NAVIGATION 0 0 0 0 286 0. 570986.7
4.86 39 ATTITUDE 0 0 0
4.86 39 GYRO_RATES 4 -13 -43 -0.034907 -0.113446 0.375246
4.86 39 FBW_STATUS 0 0 124
4.93 39 ESTIMATOR 700.64801 0.010746 64.800003 1.074586 61.560001
4.93 39 BAT 211 124 0 0 90 90 1
5.02 39 CALIBRATION -0.568 0.037 0.5 0
5.06 39 NAVIGATION 0 0 0 0 286 0. 570986.7
5.06 39 DOWNLINK_STATUS 4 832 55 0 278. 18.
5.12 39 WP_MOVED 2 358071. 4822161. 0.
5.12 39 SERVO 1392 746 211
5.29 39 DESIRED 0. -0.01 0. 0. 700.044 -0.161
5.29 39 NAVIGATION 0 0 0 0 286 0. 570986.7
5.29 39 ATTITUDE 0 0 0
5.36 39 ESTIMATOR 700.620972 -0.072333 62.100002 -7.233312 60.48
5.45 39 DL_VALUE 2 0.
5.48 39 NAVIGATION 0 0 0 0 286 0. 570986.7
5.55 39 WP_MOVED 0 358113. 4822203. 702.
5.80 39 COMMANDS 211,44,-85,-523
5.80 39 NAVIGATION 0 0 0 0 286 0. 570986.7
5.80 39 ATTITUDE 0 0 0
5.80 39 GYRO_RATES 4 -13 -43 -0.034907 -0.113446 0.375246
5.80 39 FBW_STATUS 0 0 124
5.86 39 ESTIMATOR 700.64801 0.007668 64.800003 0.766795 61.110001
5.96 39 NAVIGATION 0 0 0 0 286 0. 570986.7
6.05 39 DOWNLINK_STATUS 5 1071 71 0 239. 16.
6.05 39 WP_MOVED 1 358824.90625 4822110. 702.
6.23 39 DESIRED 0. -0.01 0. 0. 700.044 -0.161
6.23 39 NAVIGATION 0 0 0 0 286 0. 570986.7
6.23 39 ATTITUDE 0 0 0
6.29 39 ESTIMATOR 700.580505 0.001053 58.049999 0.105295 60.299999
6.38 39 DL_VALUE 3 0.
6.41 39 NAVIGATION 0 0 0 0 286 0. 570986.7
6.49 39 WP_MOVED 2 358071. 4822161. 0.
6.73 39 COMMANDS 212,46,-81,-523
6.73 39 NAVIGATION 0 0 0 0 286 0. 570986.7
6.73 39 ATTITUDE 0 0 0
6.73 39 GYRO_RATES 4 -13 -43 -0.034907 -0.113446 0.375246
6.74 39 FBW_STATUS 0 0 124
6.80 39 ESTIMATOR 700.593994 0.01917 59.400002 1.917007 61.200001
6.80 39 BAT 211 124 0 0 92 92 1
6.91 39 CALIBRATION -0.569 0.037 0.5 0
6.91 39 NAVIGATION 0 0 0 0 286 0. 570986.7
7.00 39 WP_MOVED 0 358113. 4822203. 702.
7.03 39 SERVO 1392 964 211
7.05 39 DOWNLINK_STATUS 6 1354 90 0 283. 19.
7.17 39 DESIRED 0. -0.01 0. 0. 700.044 -0.185
7.17 39 NAVIGATION 0 0 0 0 286 0. 570986.7
7.17 39 ATTITUDE 0 0 0
7.23 39 ESTIMATOR 700.580505 0.032886 58.049999 3.288605 61.740002
7.32 39 DL_VALUE 4 0.
7.35 39 NAVIGATION 0 0 0 0 286 0. 570986.7
7.42 39 WP_MOVED 1 358824.90625 4822110. 702.
7.67 39 COMMANDS 211,44,-83,-523
7.71 39 NAVIGATION 0 0 0 0 286 0. 570986.7
7.71 39 ATTITUDE 0 0 0
7.71 39 GYRO_RATES 4 -13 -43 -0.034907 -0.113446 0.375246
7.71 39 FBW_STATUS 0 0 124
7.73 39 ESTIMATOR 700.567017 0.021087 56.700001 2.108705 60.93
7.76 39 ACTUATORS 1501,1494,0,1217,1473
7.84 39 NAVIGATION 0 0 0 0 286 0. 570986.7
7.93 39 WP_MOVED 2 358071. 4822161. 0.
8.05 39 DOWNLINK_STATUS 7 1598 106 0 244. 16.
8.12 39 DESIRED 0. -0.01 0. 0. 700.044 -0.189
8.12 39 NAVIGATION 0 0 0 0 286 0. 570986.7
8.12 39 ATTITUDE 0 0 0
8.12 39 PPRZ_MODE 0 3 0 0 0 17 0
8.18 39 ESTIMATOR 700.567017 0.080946 56.700001 8.094602 61.380001
8.29 39 DL_VALUE 5 0.
8.29 39 NAVIGATION 0 0 0 0 286 0. 570986.7
8.37 39 WP_MOVED 0 358113. 4822203. 702.
8.61 39 COMMANDS 211,46,-83,-521
8.61 39 NAVIGATION 0 0 0 0 286 0. 570986.7
8.61 39 ATTITUDE 0 0 0
8.61 39 GYRO_RATES 4 -13 -43 -0.034907 -0.113446 0.375246
8.61 39 FBW_STATUS 0 0 124
8.68 39 ESTIMATOR 700.593994 -0.015417 59.400002 -1.541703 61.02
8.68 39 BAT 209 124 0 0 94 94 1
8.78 39 CALIBRATION -0.569 0.037 0.5 0
8.78 39 NAVIGATION 0 0 0 0 286 0. 570986.7
8.87 39 WP_MOVED 1 358824.90625 4822110. 702.
8.87 39 SERVO 1392 964 211
9.04 39 DESIRED 0. -0.01 0. 0. 700.044 -0.157
9.04 39 NAVIGATION 0 0 0 0 286 0. 570986.7
9.04 39 ATTITUDE 0 0 0
9.05 39 DOWNLINK_STATUS 8 1927 128 0 329. 22.
9.10 39 ESTIMATOR 700.593994 -0.010638 59.400002 -1.063795 61.02
9.19 39 DL_VALUE 6 0.
9.22 39 NAVIGATION 0 0 0 0 286 0. 570986.7
9.30 39 WP_MOVED 2 358071. 4822161. 0.
9.56 39 COMMANDS 211,44,-85,-521
9.56 39 NAVIGATION 0 0 0 0 286 0. 570986.7
9.56 39 ATTITUDE 0 0 0
9.56 39 GYRO_RATES 4 -13 -43 -0.034907 -0.113446 0.375246
9.56 39 FBW_STATUS 0 0 124
9.61 39 ESTIMATOR 700.661499 -0.042363 66.150002 -4.236307 61.290001
9.71 39 NAVIGATION 0 0 0 0 286 0. 570986.7
9.80 39 WP_MOVED 0 358113. 4822203. 702.
9.99 39 DESIRED 0. -0.01 0. 0. 700.044 -0.185
9.99 39 NAVIGATION 0 0 0 0 286 0. 570986.7
9.99 39 ATTITUDE 0 0 0
10.05 39 ESTIMATOR 700.580505 0.052164 58.049999 5.216398 62.100002
10.06 39 DOWNLINK_STATUS 9 2180 144 0 253. 16.
10.14 39 DL_VALUE 7 0.
10.16 39 NAVIGATION 0 0 0 0 286 0. 570986.7
10.23 39 WP_MOVED 1 358824.90625 4822110. 702.
10.49 39 COMMANDS 211,46,-81,-523
10.49 39 NAVIGATION 0 0 0 0 286 0. 570986.7
10.49 39 ATTITUDE 0 0 0
10.49 39 GYRO_RATES 4 -13 -43 -0.034907 -0.113446 0.375246
10.49 39 FBW_STATUS 0 0 124
10.55 39 ESTIMATOR 700.567017 -0.051192 56.700001 -5.119207 61.380001
10.55 39 BAT 210 124 0 0 96 96 1
10.65 39 CALIBRATION -0.578 0.037 0.5 0
10.65 39 NAVIGATION 0 0 0 0 286 0. 570986.7
10.76 39 WP_MOVED 2 358071. 4822161. 0.
10.76 39 SERVO 1392 746 209
10.93 39 DESIRED 0. -0.01 0. 0. 700.044 -0.153
10.93 39 NAVIGATION 0 0 0 0 286 0. 570986.7
10.93 39 ATTITUDE 0 0 0
10.99 39 ESTIMATOR 700.593994 0.065529 59.400002 6.552908 60.75
11.05 39 DOWNLINK_STATUS 10 2448 162 0 268. 18.
11.07 39 DL_VALUE 8 0.
11.10 39 NAVIGATION 0 0 0 0 286 0. 570986.7
11.17 39 WP_MOVED 0 358113. 4822203. 702.
11.42 39 COMMANDS 211,43,-85,-521
11.42 39 NAVIGATION 0 0 0 0 286 0. 570986.7
11.42 39 ATTITUDE 0 0 0
11.42 39 GYRO_RATES 4 -13 -43 -0.034907 -0.113446 0.375246
11.42 39 FBW_STATUS 0 0 124
11.49 39 ESTIMATOR 700.580505 0.035559 58.049999 3.555906 60.57
11.58 39 NAVIGATION 0 0 0 0 286 0. 570986.7
11.69 39 WP_MOVED 1 358824.90625 4822110. 702.
11.85 39 DESIRED 0. -0.01 0. 0. 700.044 -0.157
11.85 39 NAVIGATION 0 0 0 0 286 0. 570986.7
11.85 39 ATTITUDE 0 0 0
11.91 39 ESTIMATOR 700.567017 0.02025 56.700001 2.025001 60.66
12.01 39 DL_VALUE 9 466.
12.05 39 NAVIGATION 0 0 0 0 286 0. 570986.7
12.05 39 DOWNLINK_STATUS 11 2704 179 0 256. 17.
12.12 39 WP_MOVED 2 358071. 4822161. 0.
12.12 39 NAVIGATION_REF 358071 4822161 31
12.36 39 COMMANDS 211,44,-83,-523
12.36 39 NAVIGATION 0 0 0 0 286 0. 570986.7
12.36 39 ATTITUDE 0 0 0
12.36 39 GYRO_RATES 4 -13 -43 -0.034907 -0.113446 0.375246
12.37 39 FBW_STATUS 0 0 124
12.43 39 ESTIMATOR 700.593994 -0.005778 59.400002 -0.577791 60.299999
12.43 39 BAT 211 124 0 0 98 98 1
12.53 39 ACTUATORS 1501,1494,0,1217,1473
12.57 39 CALIBRATION -0.565 0.037 0.5 0
12.57 39 NAVIGATION 0 0 0 0 286 0. 570986.7
12.62 39 WP_MOVED 0 358113. 4822203. 702.
12.62 39 SERVO 1392 964 210
12.81 39 DESIRED 0. -0.01 0. 0. 700.044 -0.181
12.81 39 NAVIGATION 0 0 0 0 286 0. 570986.7
12.81 39 ATTITUDE 0 0 0
12.81 39 PPRZ_MODE 0 3 0 0 0 17 0
12.86 39 ESTIMATOR 700.607483 0.076221 60.75 7.622092 61.290001
12.99 39 DL_VALUE 10 492.
12.99 39 NAVIGATION 0 0 0 0 286 0. 570986.7
13.05 39 DOWNLINK_STATUS 12 3005 200 0 301. 21.
13.06 39 WP_MOVED 1 358824.90625 4822110. 702.
13.30 39 COMMANDS 211,43,-83,-519
13.30 39 NAVIGATION 0 0 0 0 286 0. 570986.7
13.30 39 ATTITUDE 0 0 0
13.30 39 GYRO_RATES 4 -13 -43 -0.034907 -0.113446 0.375246
13.30 39 FBW_STATUS 0 0 124
13.36 39 ESTIMATOR 700.553528 0.016443 55.350002 1.644289 61.740002
13.47 39 NAVIGATION 0 0 0 0 286 0. 570986.7
13.55 39 WP_MOVED 2 358071. 4822161. 0.
13.73 39 DESIRED 0. -0.01 0. 0. 700.044 -0.181
13.73 39 NAVIGATION 0 0 0 0 286 0. 570986.7
13.73 39 ATTITUDE 0 0 0
13.80 39 ESTIMATOR 700.620972 -0.017442 62.100002 -1.744194 61.830002
13.88 39 DL_VALUE 11 461.
13.91 39 NAVIGATION 0 0 0 0 286 0. 570986.7
13.99 39 WP_MOVED 0 358113. 4822203. 702.
14.07 39 DOWNLINK_STATUS 13 3251 216 0 246. 16.
14.23 39 COMMANDS 211,46,-83,-523
14.23 39 NAVIGATION 0 0 0 0 286 0. 570986.7
14.23 39 ATTITUDE 0 0 0
14.23 39 GYRO_RATES 4 -13 -43 -0.034907 -0.113446 0.375246
14.24 39 FBW_STATUS 0 0 124
14.30 39 ESTIMATOR 700.64801 -0.059724 64.800003 -5.972404 61.560001
14.30 39 BAT 211 124 0 0 100 100 1
14.40 39 CALIBRATION -0.572 0.037 0.5 0
14.40 39 NAVIGATION 0 0 0 0 286 0. 570986.7
14.51 39 WP_MOVED 1 358824.90625 4822110. 702.
14.51 39 SERVO 1392 964 212
14.66 39 DESIRED 0. -0.01 0. 0. 700.044 -0.173
14.67 39 NAVIGATION 0 0 0 0 286 0. 570986.7
14.67 39 ATTITUDE 0 0 0
14.73 39 ESTIMATOR 700.553528 0.082944 55.350002 8.294401 61.110001
14.82 39 DL_VALUE 12 1.35
14.85 39 NAVIGATION 0 0 0 0 286 0. 570986.7
14.92 39 WP_MOVED 2 358071. 4822161. 0.
15.06 39 DOWNLINK_STATUS 14 3519 234 0 268. 18.
15.17 39 COMMANDS 210,44,-85,-523
15.17 39 NAVIGATION 0 0 0 0 286 0. 570986.7
15.17 39 ATTITUDE 0 0 0
15.17 39 GYRO_RATES 4 -13 -43 -0.034907 -0.113446 0.375246
15.17 39 FBW_STATUS 0 0 124
15.23 39 ESTIMATOR 700.661499 -0.056052 66.150002 -5.60519 61.290001
15.33 39 NAVIGATION 0 0 0 0 286 0. 570986.7
15.43 39 WP_MOVED 0 358113. 4822203. 702.
15.60 39 DESIRED 0. -0.01 0. 0. 700.044 -0.169
15.64 39 NAVIGATION 0 0 0 0 286 0. 570986.7
15.64 39 ATTITUDE 0 0 0
15.67 39 ESTIMATOR 700.64801 0.048195 64.800003 4.819503 62.100002
15.76 39 DL_VALUE 13 0.
15.79 39 NAVIGATION 0 0 0 0 286 0. 570986.7
15.88 39 WP_MOVED 1 358824.90625 4822110. 702.
16.06 39 DOWNLINK_STATUS 15 3750 249 0 231. 15.
16.11 39 COMMANDS 210,46,-86,-519
16.11 39 NAVIGATION 0 0 0 0 286 0. 570986.7
16.11 39 ATTITUDE 0 0 0
16.11 39 GYRO_RATES 4 -13 -43 -0.034907 -0.113446 0.375246
16.11 39 FBW_STATUS 0 0 124
16.18 39 ESTIMATOR 700.64801 -0.014418 64.800003 -1.441813 62.550003
16.18 39 BAT 211 124 0 0 102 102 1
16.28 39 CALIBRATION -0.577 0.037 0.5 0
16.28 39 NAVIGATION 0 0 0 0 286 0. 570986.7
16.37 39 WP_MOVED 2 358071. 4822161. 0.
16.37 39 SERVO 1392 964 210
17.04 39 ESTIMATOR 700.607483 -0.019305 60.75 -1.930492 61.740002
17.05 39 DL_VALUE 14 0.
17.05 39 NAVIGATION 0 0 0 0 286 0. 570986.7
17.05 39 WP_MOVED 0 358113. 4822203. 702.
17.06 39 DOWNLINK_STATUS 16 3966 264 0 216. 15.
17.12 39 COMMANDS 212,44,-81,-523
17.12 39 NAVIGATION 0 0 0 0 286 0. 570986.7
17.12 39 ATTITUDE 0 0 0
17.12 39 GYRO_RATES 3 -13 -44 -0.02618 -0.113446 0.383972
17.12 39 FBW_STATUS 0 0 124
17.13 39 ESTIMATOR 700.567017 0.027891 56.700001 2.789102 61.110001
17.14 39 ACTUATORS 1502,1494,0,1217,1473
17.20 39 NAVIGATION 0 0 0 0 286 0. 570986.7
18.06 39 DOWNLINK_STATUS 17 4081 272 0 115. 8.
18.77 39 BAT 211 124 0 0 104 104 1
18.77 39 CALIBRATION -0.576 0.037 0.5 0
18.77 39 NAVIGATION 0 0 0 0 286 0. 570986.7
18.77 39 WP_MOVED 0 358113. 4822203. 702.
18.77 39 SERVO 1392 964 211
18.77 39 DESIRED 0. -0.01 0. 0. 700.044 -0.161
18.83 39 ATTITUDE 0 0 0
18.83 39 ESTIMATOR 700.620972 0.013338 62.100002 1.333802 60.93
18.83 39 DL_VALUE 16 25000.
18.83 39 NAVIGATION 0 0 0 0 286 0. 570986.7
18.83 39 WP_MOVED 1 358824.90625 4822110. 702.
19.06 39 DOWNLINK_STATUS 18 4247 283 0 166. 11.
19.15 39 COMMANDS 211,44,-83,-519
19.15 39 NAVIGATION 0 0 0 0 286 0. 570986.7
19.15 39 ATTITUDE 0 0 0
19.15 39 GYRO_RATES 3 -13 -43 -0.02618 -0.113446 0.375246
19.23 39 FBW_STATUS 0 0 124
19.23 39 ESTIMATOR 700.620972 0.001917 62.100002 0.191686 61.740002
19.23 39 NAVIGATION 0 0 0 0 286 0. 570986.7
19.23 39 WP_MOVED 2 358071. 4822161. 0.
19.23 39 DESIRED 0. -0.01 0. 0. 700.044 -0.173
19.54 39 NAVIGATION 0 0 0 0 286 0. 570986.7
19.54 39 ATTITUDE 0 0 0
19.56 39 ESTIMATOR 700.661499 -0.044253 66.150002 -4.425309 61.650002
19.56 39 DL_VALUE 17 25000.
19.56 39 NAVIGATION 0 0 0 0 286 0. 570986.7
19.61 39 WP_MOVED 0 358113. 4822203. 702.
19.97 39 COMMANDS 211,44,-83,-521
19.97 39 NAVIGATION 0 0 0 0 286 0. 570986.7
19.97 39 ATTITUDE 0 0 0
19.97 39 GYRO_RATES 4 -13 -43 -0.034907 -0.113446 0.375246
20.04 39 FBW_STATUS 0 0 124
20.04 39 ESTIMATOR 700.64801 -0.049167 64.800003 -4.916692 61.470001
20.04 39 BAT 210 124 0 0 106 106 2
20.04 39 CALIBRATION -0.56 0.037 0.5 0
20.04 39 NAVIGATION 0 0 0 0 286 0. 570986.7
20.06 39 DOWNLINK_STATUS 19 4609 307 0 362. 24.
20.12 39 WP_MOVED 1 358824.90625 4822110. 702.
20.12 39 SERVO 1392 964 211
20.39 39 DESIRED 0. -0.01 0. 0. 700.044 -0.169
20.39 39 NAVIGATION 0 0 0 0 286 0. 570986.7
20.39 39 ATTITUDE 0 0 0
20.40 39 ESTIMATOR 700.567017 0.056889 56.700001 5.688899 61.740002
20.45 39 DL_VALUE 18 0.75
20.49 39 NAVIGATION 0 0 0 0 286 0. 570986.7
20.56 39 WP_MOVED 2 358071. 4822161. 0.
20.56 39 NAVIGATION_REF 358071 4822161 31
20.80 39 COMMANDS 211,44,-83,-521
20.80 39 NAVIGATION 0 0 0 0 286 0. 570986.7
20.80 39 ATTITUDE 0 0 0
20.80 39 GYRO_RATES 4 -13 -43 -0.034907 -0.113446 0.375246
20.80 39 FBW_STATUS 0 0 124
20.85 39 ESTIMATOR 700.620972 -0.029808 62.100002 -2.980797 62.280003
20.95 39 NAVIGATION 0 0 0 0 286 0. 570986.7
21.05 39 WP_MOVED 0 358113. 4822203. 702.
21.09 39 DOWNLINK_STATUS 20 4874 325 0 265. 18.
21.23 39 DESIRED 0. -0.01 0. 0. 700.044 -0.177
21.24 39 NAVIGATION 0 0 0 0 286 0. 570986.7
21.24 39 ATTITUDE 0 0 0
21.29 39 ESTIMATOR 700.620972 0.033858 62.100002 3.385787 62.010002
21.38 39 DL_VALUE 19 13000.
21.41 39 NAVIGATION 0 0 0 0 286 0. 570986.7
21.51 39 WP_MOVED 1 358824.90625 4822110. 702.
21.73 39 COMMANDS 211,44,-81,-521
21.73 39 NAVIGATION 0 0 0 0 286 0. 570986.7
21.73 39 ATTITUDE 0 0 0
21.73 39 GYRO_RATES 4 -13 -43 -0.034907 -0.113446 0.375246
21.74 39 FBW_STATUS 0 0 124
21.80 39 ESTIMATOR 700.580505 0.019278 58.049999 1.927814 61.920002
21.80 39 BAT 211 124 0 0 108 108 2
21.90 39 ACTUATORS 1502,1494,0,1217,1473
21.90 39 CALIBRATION -0.562 0.037 0.5 0
21.90 39 NAVIGATION 0 0 0 0 286 0. 570986.7
21.99 39 WP_MOVED 2 358071. 4822161. 0.
21.99 39 SERVO 1392 746 211
22.06 39 DOWNLINK_STATUS 21 5155 344 0 281. 19.
22.18 39 DESIRED 0. -0.01 0. 0. 700.044 -0.165
22.18 39 NAVIGATION 0 0 0 0 286 0. 570986.7
22.18 39 ATTITUDE 0 0 0
22.18 39 PPRZ_MODE 0 3 0 0 0 1 0
22.24 39 ESTIMATOR 700.567017 0.006777 56.700001 0.677683 60.93
22.35 39 DL_VALUE 20 13000.
22.35 39 NAVIGATION 0 0 0 0 286 0. 570986.7
22.43 39 WP_MOVED 0 358113. 4822203. 702.
22.67 39 COMMANDS 211,44,-85,-523
22.71 39 NAVIGATION 0 0 0 0 286 0. 570986.7
22.71 39 ATTITUDE 0 0 0
22.71 39 GYRO_RATES 4 -13 -43 -0.034907 -0.113446 0.375246
22.71 39 FBW_STATUS 0 0 124
22.73 39 ESTIMATOR 700.567017 0.050139 56.700001 5.013895 61.110001
22.83 39 NAVIGATION 0 0 0 0 286 0. 570986.7
22.93 39 WP_MOVED 1 358824.90625 4822110. 702.
23.06 39 DOWNLINK_STATUS 22 5395 360 0 240. 16.
23.10 39 DESIRED 0. -0.01 0. 0. 700.044 -0.173
23.10 39 NAVIGATION 0 0 0 0 286 0. 570986.7
23.10 39 ATTITUDE 0 0 0
23.17 39 ESTIMATOR 700.553528 0.027891 55.350002 2.789106 61.470001
23.26 39 DL_VALUE 21 0.75
23.29 39 NAVIGATION 0 0 0 0 286 0. 570986.7
23.38 39 WP_MOVED 2 358071. 4822161. 0.
24.04 39 FBW_STATUS 0 0 124
24.04 39 ESTIMATOR 700.64801 -0.05697 64.800003 -5.69699 61.200001
24.04 39 BAT 210 124 0 0 110 110 2
24.04 39 CALIBRATION -0.568 0.037 0.5 0
24.04 39 NAVIGATION 0 0 0 0 286 0. 570986.7
24.04 39 WP_MOVED 0 358113. 4822203. 702.
24.04 39 SERVO 1392 964 211
24.06 39 DOWNLINK_STATUS 23 5606 374 0 211. 14.
24.08 39 NAVIGATION 0 0 0 0 286 0. 570986.7
24.08 39 ATTITUDE 0 0 0
24.10 39 ESTIMATOR 700.64801 -0.015336 64.800003 -1.533616 60.75
24.17 39 DL_VALUE 22 18000.
24.29 39 NAVIGATION 0 0 0 0 286 0. 570986.7
24.29 39 WP_MOVED 1 358824.90625 4822110. 702.
24.85 39 COMMANDS 210,44,-85,-519
24.85 39 NAVIGATION 0 0 0 0 286 0. 570986.7
24.85 39 ATTITUDE 0 0 0
24.85 39 GYRO_RATES 4 -13 -43 -0.034907 -0.113446 0.375246
25.06 39 DOWNLINK_STATUS 24 5751 384 0 145. 10.
26.06 39 DOWNLINK_STATUS 25 5751 384 0 0. 0.
27.06 39 DOWNLINK_STATUS 26 5751 384 0 0. 0.
27.21 39 ACTUATORS 1502,1494,0,1217,1473
27.21 39 NAVIGATION 0 0 0 0 286 0. 570986.7
27.21 39 WP_MOVED 0 358113. 4822203. 702.
27.21 39 DESIRED 0. -0.01 0. 0. 700.044 -0.173
27.21 39 NAVIGATION 0 0 0 0 286 0. 570986.7
27.21 39 ATTITUDE 0 0 0
27.26 39 ESTIMATOR 700.607483 0.004833 60.75 0.483291 62.910004
27.26 39 DL_VALUE 25 0.404436
27.27 39 NAVIGATION 0 0 0 0 286 0. 570986.7
27.27 39 WP_MOVED 1 358824.90625 4822110. 702.
27.68 39 COMMANDS 211,44,-81,-524
27.68 39 NAVIGATION 0 0 0 0 286 0. 570986.7
27.68 39 ATTITUDE 0 0 0
27.68 39 GYRO_RATES 4 -13 -43 -0.034907 -0.113446 0.375246
28.06 39 DOWNLINK_STATUS 27 5968 398 0 217. 14.
28.61 39 COMMANDS 211,43,-83,-524
28.61 39 NAVIGATION 0 0 0 0 286 0. 570986.7
28.61 39 ATTITUDE 0 0 0
28.61 39 GYRO_RATES 4 -13 -44 -0.034907 -0.113446 0.383972
28.61 39 FBW_STATUS 0 0 124
28.61 39 ESTIMATOR 700.674988 -0.01053 67.5 -1.053009 63.000004
28.61 39 NAVIGATION 0 0 0 0 286 0. 570986.7
28.65 39 DESIRED 0. -0.01 0. 0. 700.044 -0.181
28.75 39 NAVIGATION 0 0 0 0 286 0. 570986.7
28.75 39 ATTITUDE 0 0 0
28.84 39 ESTIMATOR 700.64801 -0.049086 64.800003 -4.90859 63.180004
28.86 39 DL_VALUE 27 0.037
28.97 39 NAVIGATION 0 0 0 0 286 0. 570986.7
29.05 39 WP_MOVED 2 358071. 4822161. 0.
29.08 39 NAVIGATION_REF 358071 4822161 31
29.08 39 DOWNLINK_STATUS 28 6195 413 0 227. 15.
29.26 39 COMMANDS 210,43,-88,-521
29.26 39 NAVIGATION 0 0 0 0 286 0. 570986.7
29.26 39 ATTITUDE 0 0 0
29.26 39 GYRO_RATES 4 -13 -43 -0.034907 -0.113446 0.375246
29.28 39 FBW_STATUS 0 0 124
29.28 39 ESTIMATOR 700.661499 -0.076248 66.150002 -7.624786 62.280003
29.28 39 BAT 211 124 0 0 116 116 2
29.37 39 CALIBRATION -0.574 0.037 0.5 0
29.38 39 NAVIGATION 0 0 0 0 286 0. 570986.7
29.45 39 WP_MOVED 0 358113. 4822203. 702.
29.45 39 SERVO 1392 964 213
29.55 39 DESIRED 0. -0.01 0. 0. 700.044 -0.185
29.65 39 NAVIGATION 0 0 0 0 286 0. 570986.7
29.65 39 ATTITUDE 0 0 0
29.77 39 ESTIMATOR 700.567017 0.054945 56.700001 5.494511 60.57
29.85 39 DL_VALUE 28 0.
29.85 39 NAVIGATION 0 0 0 0 286 0. 570986.7
29.94 39 WP_MOVED 1 358824.90625 4822110. 702.
30.07 39 DOWNLINK_STATUS 29 6463 431 0 268. 18.
30.19 39 COMMANDS 211,47,-81,-519
30.19 39 NAVIGATION 0 0 0 0 286 0. 570986.7
30.19 39 ATTITUDE 0 0 0
30.19 39 GYRO_RATES 4 -13 -43 -0.034907 -0.113446 0.375246
30.25 39 FBW_STATUS 0 0 124
30.25 39 ESTIMATOR 700.674988 -0.000945 67.5 -0.094492 61.560001
30.39 39 NAVIGATION 0 0 0 0 286 0. 570986.7
30.39 39 WP_MOVED 2 358071. 4822161. 0.
30.49 39 DESIRED 0. -0.01 0. 0. 700.045 -0.173
30.59 39 NAVIGATION 0 0 0 0 286 0. 570986.7
30.59 39 ATTITUDE 0 0 0
30.67 39 ESTIMATOR 700.661499 -0.041364 66.150002 -4.136403 62.280003
30.76 39 DL_VALUE 29 0.045
30.79 39 NAVIGATION 0 0 0 0 286 0. 570986.7
30.86 39 WP_MOVED 0 358113. 4822203. 702.
31.07 39 DOWNLINK_STATUS 30 6694 446 0 231. 15.
31.11 39 COMMANDS 210,44,-83,-519
31.11 39 NAVIGATION 0 0 0 0 286 0. 570986.7
31.11 39 ATTITUDE 0 0 0
31.11 39 GYRO_RATES 4 -13 -43 -0.034907 -0.113446 0.375246
31.11 39 FBW_STATUS 0 0 124
31.17 39 ESTIMATOR 700.553528 -0.046332 55.350002 -4.63321 60.93
31.18 39 BAT 217 124 0 0 118 118 2
31.28 39 ACTUATORS 1501,1494,0,1217,1473
31.28 39 CALIBRATION -0.576 0.037 0.5 0
31.28 39 NAVIGATION 0 0 0 0 286 0. 570986.7
31.37 39 WP_MOVED 1 358824.90625 4822110. 702.
31.37 39 SERVO 1392 746 206
31.55 39 DESIRED 0. -0.01 0. 0. 700.044 -0.157
31.55 39 NAVIGATION 0 0 0 0 286 0. 570986.7
31.55 39 ATTITUDE 0 0 0
31.55 39 PPRZ_MODE 0 3 0 0 0 1 0
31.61 39 ESTIMATOR 700.553528 0.072198 55.350002 7.21982 60.119999
31.73 39 DL_VALUE 30 1.
31.73 39 NAVIGATION 0 0 0 0 286 0. 570986.7
31.81 39 WP_MOVED 2 358071. 4822161. 0.
32.05 39 COMMANDS 211,47,-83,-529
32.05 39 NAVIGATION 0 0 0 0 286 0. 570986.7
32.05 39 ATTITUDE 0 0 0
32.05 39 GYRO_RATES 4 -13 -43 -0.034907 -0.113446 0.375246
32.07 39 FBW_STATUS 0 0 124
32.07 39 DOWNLINK_STATUS 31 7046 471 0 352. 25.
32.11 39 ESTIMATOR 700.553528 0.05211 55.350002 5.211 60.57
32.21 39 NAVIGATION 0 0 0 0 286 0. 570986.7
32.30 39 WP_MOVED 0 358113. 4822203. 702.
32.49 39 DESIRED 0. -0.01 0. 0. 700.044 -0.149
32.49 39 NAVIGATION 0 0 0 0 286 0. 570986.7
32.49 39 ATTITUDE 0 0 0
32.54 39 ESTIMATOR 700.620972 0.015525 62.100002 1.552498 60.84
32.63 39 DL_VALUE 31 0.
32.66 39 NAVIGATION 0 0 0 0 286 0. 570986.7
32.73 39 WP_MOVED 1 358824.90625 4822110. 702.
32.98 39 COMMANDS 210,43,-86,-526
32.98 39 NAVIGATION 0 0 0 0 286 0. 570986.7
32.98 39 ATTITUDE 0 0 0
32.98 39 GYRO_RATES 4 -13 -43 -0.034907 -0.113446 0.375246
33.07 39 FBW_STATUS 0 0 124
33.07 39 ESTIMATOR 700.661499 -0.066474 66.150002 -6.647406 61.200001
33.07 39 BAT 211 124 0 0 120 120 2
33.07 39 DOWNLINK_STATUS 32 7313 488 0 267. 17.
33.15 39 CALIBRATION -0.571 0.037 0.5 0
33.15 39 NAVIGATION 0 0 0 0 286 0. 570986.7
33.24 39 WP_MOVED 2 358071. 4822161. 0.
33.24 39 SERVO 1392 964 211
33.41 39 DESIRED 0. -0.01 0. 0. 700.044 -0.173
33.41 39 NAVIGATION 0 0 0 0 286 0. 570986.7
33.41 39 ATTITUDE 0 0 0
33.48 39 ESTIMATOR 700.634521 0.019467 63.450001 1.9467 61.470001
33.57 39 DL_VALUE 32 0.
33.60 39 NAVIGATION 0 0 0 0 286 0. 570986.7
33.67 39 WP_MOVED 0 358113. 4822203. 702.
33.92 39 COMMANDS 204,29,-118,-509
33.92 39 NAVIGATION 0 0 0 0 286 0. 570986.7
33.92 39 ATTITUDE 0 0 0
33.92 39 GYRO_RATES 5 -13 -43 -0.043633 -0.113446 0.375246
33.93 39 FBW_STATUS 0 0 124
33.99 39 ESTIMATOR 700.593994 -0.054837 59.400002 -5.483696 61.110001
34.07 39 DOWNLINK_STATUS 33 7567 505 0 254. 17.
34.08 39 NAVIGATION 0 0 0 0 286 0. 570986.7
34.18 39 WP_MOVED 1 358824.90625 4822110. 702.
34.35 39 DESIRED 0. -0.01 0. 0. 700.044 -0.157
34.35 39 NAVIGATION 0 0 0 0 286 0. 570986.7
34.35 39 ATTITUDE 0 0 0
34.41 39 ESTIMATOR 700.580505 0.064557 58.049999 6.455712 60.299999
34.53 39 DL_VALUE 33 0.037
34.54 39 NAVIGATION 0 0 0 0 286 0. 570986.7
34.61 39 WP_MOVED 2 358071. 4822161. 0.
34.86 39 COMMANDS 211,46,-85,-524
34.86 39 NAVIGATION 0 0 0 0 286 0. 570986.7
34.86 39 ATTITUDE 0 0 0
34.86 39 GYRO_RATES 4 -13 -43 -0.034907 -0.113446 0.375246
34.86 39 FBW_STATUS 0 0 124
34.92 39 ESTIMATOR 700.661499 -0.000918 66.150002 -0.091803 61.830002
34.92 39 BAT 212 124 0 0 122 122 2
35.04 39 CALIBRATION -0.562 0.037 0.5 0
35.04 39 NAVIGATION 0 0 0 0 286 0. 570986.7
35.07 39 DOWNLINK_STATUS 34 7845 523 0 278. 18.
35.12 39 WP_MOVED 0 358113. 4822203. 702.
35.12 39 SERVO 1392 964 212
35.29 39 DESIRED 0. -0.01 0. 0. 700.044 -0.153
35.29 39 NAVIGATION 0 0 0 0 286 0. 570986.7
35.29 39 ATTITUDE 0 0 0
35.35 39 ESTIMATOR 700.539978 0.060723 54. 6.072295 60.66
35.44 39 DL_VALUE 34 0.037
35.47 39 NAVIGATION 0 0 0 0 286 0. 570986.7
35.55 39 WP_MOVED 1 358824.90625 4822110. 702.
36.07 39 DOWNLINK_STATUS 35 7982 532 0 137. 9.
37.07 39 DOWNLINK_STATUS 36 7982 532 0 0. 0.
37.64 39 NAVIGATION 0 0 0 0 286 0. 570986.7
37.64 39 WP_MOVED 1 358824.90625 4822110. 702.
37.64 39 SERVO 1392 746 211
37.64 39 DESIRED 0. -0.01 0. 0. 700.044 -0.161
37.64 39 NAVIGATION 0 0 0 0 286 0. 570986.7
37.64 39 ATTITUDE 0 0 0
37.72 39 DL_VALUE 36 0.
37.72 39 NAVIGATION 0 0 0 0 286 0. 570986.7
37.72 39 WP_MOVED 2 358071. 4822161. 0.
37.72 39 NAVIGATION_REF 358071 4822161 31
37.72 39 COMMANDS 211,51,-80,-523
37.72 39 NAVIGATION 0 0 0 0 286 0. 570986.7
37.72 39 ATTITUDE 0 0 0
37.72 39 GYRO_RATES 4 -13 -43 -0.034907 -0.113446 0.375246
37.72 39 ESTIMATOR 700.593994 0.008694 59.400002 0.869391 61.110001
38.07 39 DOWNLINK_STATUS 37 8205 547 0 223. 15.
38.57 39 WP_MOVED 0 358113. 4822203. 702.
38.57 39 DESIRED 0. -0.01 0. 0. 700.044 -0.153
38.57 39 NAVIGATION 0 0 0 0 286 0. 570986.7
38.58 39 ATTITUDE 0 0 0
38.58 39 ESTIMATOR 700.661499 -0.035802 66.150002 -3.58021 60.48
38.98 39 DL_VALUE 37 0.
38.98 39 NAVIGATION 0 0 0 0 286 0. 570986.7
38.98 39 WP_MOVED 1 358824.90625 4822110. 702.
38.98 39 COMMANDS 210,47,-83,-521
38.98 39 NAVIGATION 0 0 0 0 286 0. 570986.7
38.98 39 ATTITUDE 0 0 0
38.98 39 GYRO_RATES 4 -13 -43 -0.034907 -0.113446 0.375246
39.07 39 DOWNLINK_STATUS 38 8391 559 0 186. 12.
39.39 39 FBW_STATUS 0 0 124
39.39 39 ESTIMATOR 700.620972 0.041499 62.100002 4.149907 61.740002
39.39 39 BAT 211 124 0 0 126 126 2
39.39 39 CALIBRATION -0.554 0.037 0.5 0
39.39 39 NAVIGATION 0 0 0 0 286 0. 570986.7
39.39 39 WP_MOVED 2 358071. 4822161. 0.
39.39 39 SERVO 1392 964 211
39.78 39 NAVIGATION 0 0 0 0 286 0. 570986.7
39.78 39 ATTITUDE 0 0 0
39.78 39 ESTIMATOR 700.593994 -0.014526 59.400002 -1.452606 61.380001
39.78 39 DL_VALUE 38 0.045
39.78 39 NAVIGATION 0 0 0 0 286 0. 570986.7
39.78 39 WP_MOVED 0 358113. 4822203. 702.
40.07 39 DOWNLINK_STATUS 39 8576 572 0 185. 13.
40.19 39 COMMANDS 211,44,-85,-524
40.19 39 NAVIGATION 0 0 0 0 286 0. 570986.7
40.19 39 ATTITUDE 0 0 0
40.19 39 GYRO_RATES 3 -13 -44 -0.02618 -0.113446 0.383972
40.19 39 FBW_STATUS 0 0 124
40.19 39 ESTIMATOR 700.661499 -0.006777 66.150002 -0.677686 61.740002
40.19 39 NAVIGATION 0 0 0 0 286 0. 570986.7
40.58 39 DESIRED 0. -0.01 0. 0. 700.044 -0.157
40.58 39 NAVIGATION 0 0 0 0 286 0. 570986.7
40.58 39 ATTITUDE 0 0 0
40.58 39 ESTIMATOR 700.661499 -0.054891 66.150002 -5.489092 62.100002
40.58 39 DL_VALUE 39 0.045
40.58 39 NAVIGATION 0 0 0 0 286 0. 570986.7
40.99 39 ATTITUDE 0 0 0
40.99 39 PPRZ_MODE 0 3 0 0 0 1 0
40.99 39 NAVIGATION 0 0 0 0 286 0. 570986.7
40.99 39 ATTITUDE 0 0 0
40.99 39 GYRO_RATES 4 -13 -44 -0.034907 -0.113446 0.383972
40.99 39 FBW_STATUS 0 0 124
40.99 39 ESTIMATOR 700.593994 -0.016227 59.400002 -1.622694 61.650002
41.07 39 DOWNLINK_STATUS 40 8867 592 0 291. 20.
41.39 39 CALIBRATION -0.545 0.037 0.5 0
41.39 39 NAVIGATION 0 0 0 0 286 0. 570986.7
41.39 39 WP_MOVED 0 358113. 4822203. 702.
41.39 39 SERVO 1392 746 211
41.39 39 DESIRED 0. -0.01 0. 0. 700.044 -0.185
41.39 39 NAVIGATION 0 0 0 0 286 0. 570986.7
41.79 39 ATTITUDE 0 0 0
41.79 39 PPRZ_MODE 0 3 0 0 0 1 0
41.79 39 ESTIMATOR 700.620972 0.054027 62.100002 5.402689 61.740002
41.79 39 DL_VALUE 40 0.1
41.79 39 NAVIGATION 0 0 0 0 286 0. 570986.7
41.79 39 WP_MOVED 1 358824.90625 4822110. 702.
41.79 39 COMMANDS 211,47,-80,-523
41.79 39 NAVIGATION 0 0 0 0 286 0. 570986.7
