26.08 21 FBW_STATUS 0 0 0
26.13 21 ESTIMATOR 700. 0. 0. 0. 0.
26.16 21 BAT 0 125 0 0 0 0 0
26.17 21 FBW_STATUS 2 1 125
26.22 21 ESTIMATOR 709.369019 0.205361 936.900024 20.536079 947.250122
26.25 21 BAT 0 125 0 0 2 2 0
26.27 21 CALIBRATION -3.78 0.037 0.5 2
26.30 21 NAVIGATION 0 0 0 0 286 0. 570986.7
26.31 21 DOWNLINK_STATUS 25 128 10 0 128. 10.
26.34 21 WP_MOVED 2 358071. 4822161. 0.
26.36 21 SERVO 9600 -9600 0
26.46 21 DESIRED 0. 0. 0. 0. 700. -2.
26.53 21 NAVIGATION 0 0 0 0 286 0. 570986.7
26.54 21 ATTITUDE 0 0 0
26.64 21 ESTIMATOR 709.34198 -0.052084 934.200012 -5.208359 945.000122
26.70 21 DL_VALUE 2 0.
26.76 21 NAVIGATION 0 0 0 0 286 0. 570986.7
26.81 21 WP_MOVED 0 358113. 4822203. 702.
26.98 21 COMMANDS 0,-9600,9600,-9600,0
27.01 21 NAVIGATION 0 0 0 0 286 0. 570986.7
27.03 21 ATTITUDE 0 0 0
27.07 21 GYRO_RATES -162 -188 -156 1.413717 -1.64061 1.361357
27.08 21 FBW_STATUS 2 1 125
27.12 21 ESTIMATOR 709.395996 0.101035 939.600037 10.103493 942.75
27.23 21 NAVIGATION 0 0 0 0 286 0. 570986.7
27.28 21 WP_MOVED 1 358824.90625 4822110. 702.
27.32 21 DOWNLINK_STATUS 26 384 27 0 256. 17.
27.39 21 DESIRED 0. 0. 0. 0. 700. -2.
27.46 21 NAVIGATION 0 0 0 0 286 0. 570986.7
27.48 21 ATTITUDE 0 0 0
27.58 21 ESTIMATOR 709.47699 0.003592 947.700012 0.359154 943.290039
27.64 21 DL_VALUE 3 0.
27.69 21 NAVIGATION 0 0 0 0 286 0. 570986.7
27.75 21 WP_MOVED 2 358071. 4822161. 0.
27.92 21 COMMANDS 0,-9600,9600,-9600,0
27.95 21 NAVIGATION 0 0 0 0 286 0. 570986.7
27.97 21 ATTITUDE 0 0 0
28.01 21 GYRO_RATES -153 -177 -147 1.335177 -1.544616 1.282817
28.02 21 FBW_STATUS 2 1 125
28.05 21 ESTIMATOR 709.571472 -0.051084 957.150024 -5.108376 942.840088
28.07 21 BAT 0 125 0 0 4 4 0
28.12 21 CALIBRATION -7.541 0.037 0.5 2
28.16 21 NAVIGATION 0 0 0 0 286 0. 570986.7
28.21 21 WP_MOVED 0 358113. 4822203. 702.
28.23 21 SERVO 9600 -9600 0
28.32 21 DOWNLINK_STATUS 27 654 45 0 270. 18.
28.34 21 DESIRED 0. 0. 0. 0. 700. -2.
28.40 21 NAVIGATION 0 0 0 0 286 0. 570986.7
28.41 21 ATTITUDE 0 0 0
28.51 21 ESTIMATOR 709.517517 -0.02592 951.75 -2.591972 941.129944
28.57 21 DL_VALUE 4 2.
28.63 21 NAVIGATION 0 0 0 0 286 0. 570986.7
28.68 21 WP_MOVED 1 358824.90625 4822110. 702.
28.86 21 COMMANDS 0,-9600,9600,-9600,0
28.90 21 NAVIGATION 0 0 0 0 286 0. 570986.7
28.91 21 ATTITUDE 0 0 0
28.94 21 GYRO_RATES -158 -183 -154 1.37881 -1.596976 1.343904
28.95 21 FBW_STATUS 2 1 125
28.99 21 ESTIMATOR 709.47699 -0.06245 947.700012 -6.245041 941.850037
29.04 21 ACTUATORS 1500,2000,0,1200,1000,1530
29.10 21 NAVIGATION 0 0 0 0 286 0. 570986.7
29.15 21 WP_MOVED 2 358071. 4822161. 0.
29.27 21 DESIRED 0. 0. 0. 0. 700. -2.
29.33 21 DOWNLINK_STATUS 28 928 62 0 274. 17.
29.34 21 NAVIGATION 0 0 0 0 286 0. 570986.7
29.36 21 ATTITUDE 0 0 0
29.37 21 PPRZ_MODE 2 3 1 0 0 6 0
29.45 21 ESTIMATOR 709.369019 -0.008424 936.900024 -0.842361 943.200073
29.51 21 DL_VALUE 5 0.
29.57 21 NAVIGATION 0 0 0 0 286 0. 570986.7
29.62 21 WP_MOVED 0 358113. 4822203. 702.
29.79 21 COMMANDS 0,-9600,9600,-9600,0
29.83 21 NAVIGATION 0 0 0 0 286 0. 570986.7
29.85 21 ATTITUDE 0 0 0
29.88 21 GYRO_RATES -169 -194 -164 1.474803 -1.692969 1.43117
29.89 21 FBW_STATUS 2 1 125
29.93 21 ESTIMATOR 709.301514 -0.00486 930.150024 -0.485992 942.30011
29.95 21 BAT 0 125 0 0 6 6 0
30.00 21 CALIBRATION -9.43 0.037 0.5 2
30.04 21 NAVIGATION 0 0 0 0 286 0. 570986.7
30.10 21 WP_MOVED 1 358824.90625 4822110. 702.
30.14 21 SERVO 9600 -9600 0
30.21 21 DESIRED 0. 0. 0. 0. 700. -2.
30.27 21 NAVIGATION 0 0 0 0 286 0. 570986.7
30.29 21 ATTITUDE 0 0 0
30.33 21 DOWNLINK_STATUS 29 1233 83 0 305. 21.
30.39 21 ESTIMATOR 709.328491 0.063531 932.850037 6.353111 943.470154
30.45 21 DL_VALUE 6 0.
30.51 21 NAVIGATION 0 0 0 0 286 0. 570986.7
30.56 21 WP_MOVED 2 358071. 4822161. 0.
30.73 21 COMMANDS 0,-9600,9600,-9600,0
30.77 21 NAVIGATION 0 0 0 0 286 0. 570986.7
30.79 21 ATTITUDE 0 0 0
30.82 21 GYRO_RATES -166 -190 -160 1.448623 -1.658063 1.396263
30.83 21 FBW_STATUS 2 1 125
30.87 21 ESTIMATOR 709.369019 0.087587 936.900024 8.758698 944.370117
30.98 21 NAVIGATION 0 0 0 0 286 0. 570986.7
31.03 21 WP_MOVED 0 358113. 4822203. 702.
31.15 21 DESIRED 0. 0. 0. 0. 700. -2.
31.21 21 NAVIGATION 0 0 0 0 286 0. 570986.7
31.23 21 ATTITUDE 0 0 0
31.33 21 ESTIMATOR 709.47699 0.009398 947.700012 0.939789 943.740051
31.33 21 DOWNLINK_STATUS 30 1488 99 0 255. 16.
31.39 21 DL_VALUE 7 0.
31.45 21 NAVIGATION 0 0 0 0 286 0. 570986.7
31.50 21 WP_MOVED 1 358824.90625 4822110. 702.
31.67 21 COMMANDS 0,-9600,9600,-9600,0
31.70 21 NAVIGATION 0 0 0 0 286 0. 570986.7
31.72 21 ATTITUDE 0 0 0
31.75 21 GYRO_RATES -153 -178 -147 1.335177 -1.553343 1.282817
31.76 21 FBW_STATUS 2 1 125
31.80 21 ESTIMATOR 709.557983 -0.056915 955.799988 -5.691452 942.659912
31.83 21 BAT 0 125 0 0 7 7 0
31.87 21 CALIBRATION -9.408 0.037 0.5 2
31.91 21 NAVIGATION 0 0 0 0 286 0. 570986.7
31.97 21 WP_MOVED 2 358071. 4822161. 0.
31.98 21 SERVO 9600 -9600 0
32.09 21 DESIRED 0. 0. 0. 0. 700. -2.
32.15 21 NAVIGATION 0 0 0 0 286 0. 570986.7
32.19 21 ATTITUDE 0 0 0
32.27 21 ESTIMATOR 709.531006 0.001052 953.100037 0.105209 942.210083
32.32 21 DL_VALUE 8 0.
32.33 21 DOWNLINK_STATUS 31 1765 118 0 277. 19.
32.38 21 NAVIGATION 0 0 0 0 286 0. 570986.7
32.43 21 WP_MOVED 0 358113. 4822203. 702.
32.62 21 COMMANDS 0,-9600,9600,-9600,0
32.65 21 NAVIGATION 0 0 0 0 286 0. 570986.7
32.66 21 ATTITUDE 0 0 0
32.69 21 GYRO_RATES -156 -183 -152 1.361357 -1.596976 1.32645
32.70 21 FBW_STATUS 2 1 126
32.74 21 ESTIMATOR 709.504028 -0.023058 950.400024 -2.305756 943.470093
32.85 21 NAVIGATION 0 0 0 0 286 0. 570986.7
32.90 21 WP_MOVED 1 358824.90625 4822110. 702.
33.02 21 DESIRED 0. 0. 0. 0. 700. -2.
33.09 21 NAVIGATION 0 0 0 0 286 0. 570986.7
33.12 21 ATTITUDE 0 0 0
33.20 21 ESTIMATOR 709.450012 -0.068174 945. -6.817436 944.370056
33.26 21 DL_VALUE 9 466.
33.31 21 NAVIGATION 0 0 0 0 286 0. 570986.7
33.34 21 DOWNLINK_STATUS 32 2016 134 0 251. 16.
33.37 21 WP_MOVED 2 358071. 4822161. 0.
33.40 21 NAVIGATION_REF 358071 4822161 31
33.54 21 COMMANDS 0,-9600,9600,-9600,0
33.58 21 NAVIGATION 0 0 0 0 286 0. 570986.7
33.60 21 ATTITUDE 0 0 0
33.64 21 GYRO_RATES -167 -192 -163 1.45735 -1.675516 1.422443
33.68 21 FBW_STATUS 2 1 126
33.68 21 ESTIMATOR 709.382507 0.009772 938.25 0.977173 945.540039
33.70 21 BAT 0 126 0 0 9 9 0
33.73 21 ACTUATORS 1500,2000,0,1200,1000,1530
33.75 21 CALIBRATION -9.449 0.037 0.5 2
33.79 21 NAVIGATION 0 0 0 0 286 0. 570986.7
33.84 21 WP_MOVED 0 358113. 4822203. 702.
33.86 21 SERVO 9600 -9600 0
33.96 21 DESIRED 0. 0. 0. 0. 700. -2.
34.02 21 NAVIGATION 0 0 0 0 286 0. 570986.7
34.04 21 ATTITUDE 0 0 0
34.06 21 PPRZ_MODE 2 3 1 0 0 6 0
34.14 21 ESTIMATOR 709.34198 -0.01064 934.200012 -1.063957 945.98999
34.20 21 DL_VALUE 10 492.
34.26 21 NAVIGATION 0 0 0 0 286 0. 570986.7
34.31 21 WP_MOVED 1 358824.90625 4822110. 702.
34.34 21 DOWNLINK_STATUS 33 2336 156 0 320. 22.
34.48 21 COMMANDS 0,-9600,9600,-9600,0
34.51 21 NAVIGATION 0 0 0 0 286 0. 570986.7
34.53 21 ATTITUDE 0 0 0
34.57 21 GYRO_RATES -164 -190 -160 1.43117 -1.658063 1.396263
34.58 21 FBW_STATUS 2 1 126
34.62 21 ESTIMATOR 709.382507 0.037448 938.25 3.744774 944.55011
34.73 21 NAVIGATION 0 0 0 0 286 0. 570986.7
34.78 21 WP_MOVED 2 358071. 4822161. 0.
34.90 21 DESIRED 0. 0. 0. 0. 700. -2.
34.96 21 NAVIGATION 0 0 0 0 286 0. 570986.7
34.98 21 ATTITUDE 0 0 0
35.08 21 ESTIMATOR 709.436523 0.105786 943.650024 10.578575 945.000061
35.14 21 DL_VALUE 11 461.
35.20 21 NAVIGATION 0 0 0 0 286 0. 570986.7
35.25 21 WP_MOVED 0 358113. 4822203. 702.
35.34 21 DOWNLINK_STATUS 34 2569 171 0 233. 15.
35.42 21 COMMANDS 0,-9600,9600,-9600,0
35.45 21 NAVIGATION 0 0 0 0 286 0. 570986.7
35.47 21 ATTITUDE 0 0 0
35.51 21 GYRO_RATES -154 -178 -149 1.343904 -1.553343 1.30027
35.51 21 FBW_STATUS 2 1 126
35.55 21 ESTIMATOR 709.544495 -0.035802 954.450012 -3.580208 945.27002
35.57 21 BAT 0 126 0 0 11 11 0
35.63 21 CALIBRATION -9.424 0.037 0.5 2
35.67 21 NAVIGATION 0 0 0 0 286 0. 570986.7
35.71 21 WP_MOVED 1 358824.90625 4822110. 702.
35.74 21 SERVO 9600 -9600 0
35.84 21 DESIRED 0. 0. 0. 0. 700. -2.
35.90 21 NAVIGATION 0 0 0 0 286 0. 570986.7
35.91 21 ATTITUDE 0 0 0
36.01 21 ESTIMATOR 709.544495 -0.006668 954.450012 -0.666809 943.020081
36.07 21 DL_VALUE 12 1.35
36.14 21 NAVIGATION 0 0 0 0 286 0. 570986.7
36.20 21 WP_MOVED 2 358071. 4822161. 0.
36.34 21 DOWNLINK_STATUS 35 2839 189 0 270. 18.
36.35 21 COMMANDS 0,-9600,9600,-9600,0
36.39 21 NAVIGATION 0 0 0 0 286 0. 570986.7
36.41 21 ATTITUDE 0 0 0
36.44 21 GYRO_RATES -156 -181 -151 1.361357 -1.579523 1.317724
36.45 21 FBW_STATUS 2 1 126
36.49 21 ESTIMATOR 709.504028 -0.051921 950.400024 -5.192108 943.110107
36.60 21 NAVIGATION 0 0 0 0 286 0. 570986.7
36.67 21 WP_MOVED 0 358113. 4822203. 702.
36.77 21 DESIRED 0. 0. 0. 0. 700. -2.
36.84 21 NAVIGATION 0 0 0 0 286 0. 570986.7
36.85 21 ATTITUDE 0 0 0
36.95 21 ESTIMATOR 709.422974 -0.014228 942.299988 -1.422844 944.010071
37.01 21 DL_VALUE 13 0.
37.07 21 NAVIGATION 0 0 0 0 286 0. 570986.7
37.13 21 WP_MOVED 1 358824.90625 4822110. 702.
37.29 21 COMMANDS 0,-9600,9600,-9600,0
37.33 21 NAVIGATION 0 0 0 0 286 0. 570986.7
37.35 21 ATTITUDE 0 0 0
37.35 21 DOWNLINK_STATUS 36 3111 207 0 272. 18.
37.38 21 GYRO_RATES -166 -193 -162 1.448623 -1.684243 1.413717
37.39 21 FBW_STATUS 2 1 126
37.43 21 ESTIMATOR 709.315002 -0.010503 931.5 -1.050301 943.470032
37.45 21 BAT 0 126 0 0 13 13 0
37.50 21 CALIBRATION -9.463 0.037 0.5 2
37.54 21 NAVIGATION 0 0 0 0 286 0. 570986.7
37.59 21 WP_MOVED 2 358071. 4822161. 0.
37.61 21 SERVO 9600 -9600 0
37.71 21 DESIRED 0. 0. 0. 0. 700. -2.
37.77 21 NAVIGATION 0 0 0 0 286 0. 570986.7
37.79 21 ATTITUDE 0 0 0
37.89 21 ESTIMATOR 709.315002 0.055808 931.5 5.580826 943.559998
37.95 21 DL_VALUE 14 0.
38.01 21 NAVIGATION 0 0 0 0 286 0. 570986.7
38.06 21 WP_MOVED 0 358113. 4822203. 702.
38.23 21 COMMANDS 0,-9600,9600,-9600,0
38.27 21 NAVIGATION 0 0 0 0 286 0. 570986.7
38.28 21 ATTITUDE 0 0 0
38.32 21 GYRO_RATES -166 -192 -161 1.448623 -1.675516 1.40499
38.32 21 FBW_STATUS 2 1 126
38.34 21 DOWNLINK_STATUS 37 3406 227 0 295. 20.
38.36 21 ESTIMATOR 709.35553 0.087697 935.549988 8.769684 945.5401
38.42 21 ACTUATORS 1500,2000,0,1200,1000,1530
38.47 21 NAVIGATION 0 0 0 0 286 0. 570986.7
38.53 21 WP_MOVED 1 358824.90625 4822110. 702.
38.65 21 DESIRED 0. 0. 0. 0. 700. -2.
38.71 21 NAVIGATION 0 0 0 0 286 0. 570986.7
38.72 21 ATTITUDE 0 0 0
38.74 21 PPRZ_MODE 2 3 1 0 0 6 0
38.83 21 ESTIMATOR 709.395996 0.028729 939.600037 2.872925 943.920166
38.88 21 DL_VALUE 15 0.75
38.95 21 NAVIGATION 0 0 0 0 286 0. 570986.7
38.99 21 WP_MOVED 2 358071. 4822161. 0.
39.17 21 COMMANDS 0,-9600,9600,-9600,0
39.21 21 NAVIGATION 0 0 0 0 286 0. 570986.7
39.22 21 ATTITUDE 0 0 0
39.25 21 GYRO_RATES -154 -180 -149 1.343904 -1.570796 1.30027
39.26 21 FBW_STATUS 2 1 126
39.30 21 ESTIMATOR 709.544495 -0.008855 954.450012 -0.885468 943.56012
39.33 21 BAT 0 126 0 0 15 15 0
39.35 21 DOWNLINK_STATUS 38 3699 246 0 293. 19.
39.37 21 CALIBRATION -9.426 0.037 0.5 2
39.41 21 NAVIGATION 0 0 0 0 286 0. 570986.7
39.47 21 WP_MOVED 0 358113. 4822203. 702.
39.48 21 SERVO 9600 -9600 0
39.59 21 DESIRED 0. 0. 0. 0. 700. -2.
39.66 21 NAVIGATION 0 0 0 0 286 0. 570986.7
39.68 21 ATTITUDE 0 0 0
39.77 21 ESTIMATOR 709.571472 0.008693 957.150024 0.869255 944.370117
39.82 21 DL_VALUE 16 25000.
39.88 21 NAVIGATION 0 0 0 0 286 0. 570986.7
39.93 21 WP_MOVED 1 358824.90625 4822110. 702.
40.11 21 COMMANDS 0,-9600,9600,-9600,0
40.15 21 NAVIGATION 0 0 0 0 286 0. 570986.7
40.19 21 ATTITUDE 0 0 0
40.21 21 GYRO_RATES -154 -181 -150 1.343904 -1.579523 1.308997
40.21 21 FBW_STATUS 2 1 126
40.24 21 ESTIMATOR 709.504028 -0.048087 950.400024 -4.808731 943.740051
40.35 21 NAVIGATION 0 0 0 0 286 0. 570986.7
40.35 21 DOWNLINK_STATUS 39 3973 264 0 274. 18.
40.40 21 WP_MOVED 2 358071. 4822161. 0.
40.52 21 DESIRED 0. 0. 0. 0. 700. -2.
40.59 21 NAVIGATION 0 0 0 0 286 0. 570986.7
40.60 21 ATTITUDE 0 0 0
40.71 21 ESTIMATOR 709.450012 -0.067283 945. -6.728287 943.650085
40.76 21 DL_VALUE 17 25000.
40.82 21 NAVIGATION 0 0 0 0 286 0. 570986.7
40.87 21 WP_MOVED 0 358113. 4822203. 702.
41.04 21 COMMANDS 0,-9600,9600,-9600,0
41.08 21 NAVIGATION 0 0 0 0 286 0. 570986.7
41.10 21 ATTITUDE 0 0 0
41.13 21 GYRO_RATES -165 -190 -161 1.439897 -1.658063 1.40499
41.15 21 FBW_STATUS 2 1 126
41.18 21 ESTIMATOR 709.395996 -0.002702 939.600037 -0.270233 944.28009
41.20 21 BAT 0 126 0 0 17 17 0
41.25 21 CALIBRATION -9.452 0.037 0.5 2
41.29 21 NAVIGATION 0 0 0 0 286 0. 570986.7
41.34 21 WP_MOVED 1 358824.90625 4822110. 702.
41.35 21 DOWNLINK_STATUS 40 4250 282 0 277. 18.
41.36 21 SERVO 9600 -9600 0
41.46 21 DESIRED 0. 0. 0. 0. 700. -2.
41.52 21 NAVIGATION 0 0 0 0 286 0. 570986.7
41.54 21 ATTITUDE 0 0 0
41.66 21 ESTIMATOR 709.34198 0.012557 934.200012 1.255722 945.360107
41.71 21 DL_VALUE 18 0.75
41.76 21 NAVIGATION 0 0 0 0 286 0. 570986.7
41.81 21 WP_MOVED 2 358071. 4822161. 0.
41.83 21 NAVIGATION_REF 358071 4822161 31
41.98 21 COMMANDS 0,-9600,9600,-9600,0
42.01 21 NAVIGATION 0 0 0 0 286 0. 570986.7
42.03 21 ATTITUDE 0 0 0
42.07 21 GYRO_RATES -166 -190 -161 1.448623 -1.658063 1.40499
42.08 21 FBW_STATUS 2 1 126
42.11 21 ESTIMATOR 709.382507 0.002782 938.25 0.278168 945.000061
42.23 21 NAVIGATION 0 0 0 0 286 0. 570986.7
42.28 21 WP_MOVED 0 358113. 4822203. 702.
42.36 21 DOWNLINK_STATUS 41 4502 299 0 252. 17.
42.40 21 DESIRED 0. 0. 0. 0. 700. -2.
42.46 21 NAVIGATION 0 0 0 0 286 0. 570986.7
42.48 21 ATTITUDE 0 0 0
42.58 21 ESTIMATOR 709.422974 0.119366 942.299988 11.936607 945.000122
42.63 21 DL_VALUE 19 13000.
42.70 21 NAVIGATION 0 0 0 0 286 0. 570986.7
42.75 21 WP_MOVED 1 358824.90625 4822110. 702.
42.92 21 COMMANDS 0,-9600,9600,-9600,0
42.95 21 NAVIGATION 0 0 0 0 286 0. 570986.7
42.97 21 ATTITUDE 0 0 0
43.01 21 GYRO_RATES -154 -180 -149 1.343904 -1.570796 1.30027
43.01 21 FBW_STATUS 2 1 126
43.05 21 ESTIMATOR 709.517517 -0.044523 951.75 -4.452286 945.450012
43.07 21 BAT 0 126 0 0 19 19 0
43.11 21 ACTUATORS 1500,2000,0,1200,1000,1530
43.13 21 CALIBRATION -9.432 0.037 0.5 2
43.18 21 NAVIGATION 0 0 0 0 286 0. 570986.7
43.21 21 WP_MOVED 2 358071. 4822161. 0.
43.24 21 SERVO 9600 -9600 0
43.33 21 DESIRED 0. 0. 0. 0. 700. -2.
43.36 21 DOWNLINK_STATUS 42 4813 319 0 311. 20.
43.40 21 NAVIGATION 0 0 0 0 286 0. 570986.7
43.41 21 ATTITUDE 0 0 0
43.43 21 PPRZ_MODE 2 3 1 0 0 6 0
43.51 21 ESTIMATOR 709.557983 -0.015335 955.799988 -1.533546 942.390137
43.57 21 DL_VALUE 20 13000.
43.63 21 NAVIGATION 0 0 0 0 286 0. 570986.7
43.68 21 WP_MOVED 0 358113. 4822203. 702.
43.85 21 COMMANDS 0,-9600,9600,-9600,0
43.89 21 NAVIGATION 0 0 0 0 286 0. 570986.7
43.91 21 ATTITUDE 0 0 0
43.94 21 GYRO_RATES -155 -180 -149 1.35263 -1.570796 1.30027
43.95 21 FBW_STATUS 2 1 126
43.99 21 ESTIMATOR 709.517517 -0.02886 951.75 -2.886047 943.380188
44.10 21 NAVIGATION 0 0 0 0 286 0. 570986.7
44.16 21 WP_MOVED 1 358824.90625 4822110. 702.
44.27 21 DESIRED 0. 0. 0. 0. 700. -2.
44.33 21 NAVIGATION 0 0 0 0 286 0. 570986.7
44.35 21 ATTITUDE 0 0 0
44.36 21 DOWNLINK_STATUS 43 5081 337 0 268. 18.
44.45 21 ESTIMATOR 709.436523 -0.057671 943.650024 -5.767097 943.920105
44.51 21 DL_VALUE 21 0.75
44.57 21 NAVIGATION 0 0 0 0 286 0. 570986.7
44.62 21 WP_MOVED 2 358071. 4822161. 0.
44.79 21 COMMANDS 0,-9600,9600,-9600,0
44.84 21 NAVIGATION 0 0 0 0 286 0. 570986.7
44.84 21 ATTITUDE 0 0 0
44.88 21 GYRO_RATES -165 -190 -161 1.439897 -1.658063 1.40499
44.89 21 FBW_STATUS 2 1 126
44.92 21 ESTIMATOR 709.382507 -0.010449 938.25 -1.044922 943.380005
44.95 21 BAT 0 126 0 0 21 21 0
44.99 21 CALIBRATION -9.457 0.037 0.5 2
45.04 21 NAVIGATION 0 0 0 0 286 0. 570986.7
45.09 21 WP_MOVED 0 358113. 4822203. 702.
45.10 21 SERVO 9600 -9600 0
45.21 21 DESIRED 0. 0. 0. 0. 700. -2.
45.27 21 NAVIGATION 0 0 0 0 286 0. 570986.7
45.29 21 ATTITUDE 0 0 0
45.36 21 DOWNLINK_STATUS 44 5351 355 0 270. 18.
45.39 21 ESTIMATOR 709.315002 0.018306 931.5 1.830635 944.369995
45.44 21 DL_VALUE 22 18000.
45.51 21 NAVIGATION 0 0 0 0 286 0. 570986.7
45.56 21 WP_MOVED 1 358824.90625 4822110. 702.
45.73 21 COMMANDS 0,-9600,9600,-9600,0
45.77 21 NAVIGATION 0 0 0 0 286 0. 570986.7
45.78 21 ATTITUDE 0 0 0
45.82 21 GYRO_RATES -167 -193 -163 1.45735 -1.684243 1.422443
45.82 21 FBW_STATUS 2 1 126
45.86 21 ESTIMATOR 709.369019 0.116641 936.900024 11.664085 946.530029
45.97 21 NAVIGATION 0 0 0 0 286 0. 570986.7
46.03 21 WP_MOVED 2 358071. 4822161. 0.
46.15 21 DESIRED 0. 0. 0. 0. 700. -2.
46.22 21 NAVIGATION 0 0 0 0 286 0. 570986.7
46.26 21 ATTITUDE 0 0 0
46.33 21 ESTIMATOR 709.409485 0.045172 940.950012 4.517212 946.710083
46.37 21 DOWNLINK_STATUS 45 5606 371 0 255. 16.
46.38 21 DL_VALUE 23 18000.
46.44 21 NAVIGATION 0 0 0 0 286 0. 570986.7
46.49 21 WP_MOVED 0 358113. 4822203. 702.
46.67 21 COMMANDS 0,-9600,9600,-9600,0
46.71 21 NAVIGATION 0 0 0 0 286 0. 570986.7
46.73 21 ATTITUDE 0 0 0
46.75 21 GYRO_RATES -156 -181 -150 1.361357 -1.579523 1.308997
46.76 21 FBW_STATUS 2 1 126
46.80 21 ESTIMATOR 709.544495 -0.027217 954.450012 -2.721672 945.
46.82 21 BAT 0 126 0 0 23 23 0
46.87 21 CALIBRATION -9.434 0.037 0.5 2
46.91 21 NAVIGATION 0 0 0 0 286 0. 570986.7
46.97 21 WP_MOVED 1 358824.90625 4822110. 702.
46.98 21 SERVO 9600 -9600 0
47.09 21 DESIRED 0. 0. 0. 0. 700. -2.
47.15 21 NAVIGATION 0 0 0 0 286 0. 570986.7
47.18 21 ATTITUDE 0 0 0
47.27 21 ESTIMATOR 709.557983 -0.024085 955.799988 -2.408485 944.910034
47.32 21 DL_VALUE 24 0.3
47.37 21 DOWNLINK_STATUS 46 5883 390 0 277. 19.
47.38 21 NAVIGATION 0 0 0 0 286 0. 570986.7
47.43 21 WP_MOVED 2 358071. 4822161. 0.
47.60 21 COMMANDS 0,-9600,9600,-9600,0
47.64 21 NAVIGATION 0 0 0 0 286 0. 570986.7
47.66 21 ATTITUDE 0 0 0
47.70 21 GYRO_RATES -154 -179 -149 1.343904 -1.56207 1.30027
47.74 21 FBW_STATUS 2 1 126
47.74 21 ESTIMATOR 709.504028 -0.045224 950.400024 -4.522438 943.02002
47.79 21 ACTUATORS 1500,2000,0,1200,1000,1530
47.85 21 NAVIGATION 0 0 0 0 286 0. 570986.7
47.90 21 WP_MOVED 0 358113. 4822203. 702.
48.02 21 DESIRED 0. 0. 0. 0. 700. -2.
48.09 21 NAVIGATION 0 0 0 0 286 0. 570986.7
48.10 21 ATTITUDE 0 0 0
48.12 21 PPRZ_MODE 2 3 1 0 0 6 0
48.21 21 ESTIMATOR 709.504028 -0.074032 950.400024 -7.403183 943.470032
48.26 21 DL_VALUE 25 0.234126
48.32 21 NAVIGATION 0 0 0 0 286 0. 570986.7
48.37 21 WP_MOVED 1 358824.90625 4822110. 702.
48.37 21 DOWNLINK_STATUS 47 6173 409 0 290. 19.
48.54 21 COMMANDS 0,-9600,9600,-9600,0
48.58 21 NAVIGATION 0 0 0 0 286 0. 570986.7
48.59 21 ATTITUDE 0 0 0
48.63 21 GYRO_RATES -165 -190 -159 1.439897 -1.658063 1.387537
48.64 21 FBW_STATUS 2 1 126
48.69 21 ESTIMATOR 709.409485 -0.034454 940.950012 -3.445358 944.190002
48.73 21 BAT 0 126 0 0 25 25 0
48.75 21 CALIBRATION -9.451 0.037 0.5 2
48.79 21 NAVIGATION 0 0 0 0 286 0. 570986.7
48.84 21 WP_MOVED 2 358071. 4822161. 0.
48.86 21 SERVO 9600 -9600 0
48.96 21 DESIRED 0. 0. 0. 0. 700. -2.
49.02 21 NAVIGATION 0 0 0 0 286 0. 570986.7
49.04 21 ATTITUDE 0 0 0
49.14 21 ESTIMATOR 709.315002 0.038556 931.5 3.855591 945.180115
49.21 21 DL_VALUE 26 0.005
49.26 21 NAVIGATION 0 0 0 0 286 0. 570986.7
49.31 21 WP_MOVED 0 358113. 4822203. 702.
49.37 21 DOWNLINK_STATUS 48 6443 427 0 270. 18.
49.48 21 COMMANDS 0,-9600,9600,-9600,0
49.51 21 NAVIGATION 0 0 0 0 286 0. 570986.7
49.53 21 ATTITUDE 0 0 0
49.57 21 GYRO_RATES -166 -192 -161 1.448623 -1.675516 1.40499
49.58 21 FBW_STATUS 2 1 125
49.61 21 ESTIMATOR 709.34198 0.028808 934.200012 2.880783 944.460083
49.73 21 NAVIGATION 0 0 0 0 286 0. 570986.7
49.78 21 WP_MOVED 1 358824.90625 4822110. 702.
49.90 21 DESIRED 0. 0. 0. 0. 700. -2.
49.96 21 NAVIGATION 0 0 0 0 286 0. 570986.7
49.98 21 ATTITUDE 0 0 0
50.08 21 ESTIMATOR 709.395996 0.074062 939.600037 7.406197 943.830139
50.13 21 DL_VALUE 27 0.037
50.21 21 NAVIGATION 0 0 0 0 286 0. 570986.7
50.25 21 WP_MOVED 2 358071. 4822161. 0.
50.27 21 NAVIGATION_REF 358071 4822161 31
50.38 21 DOWNLINK_STATUS 49 6687 443 0 244. 16.
50.42 21 COMMANDS 0,-9600,9600,-9600,0
50.45 21 NAVIGATION 0 0 0 0 286 0. 570986.7
50.47 21 ATTITUDE 0 0 0
50.51 21 GYRO_RATES -155 -181 -151 1.35263 -1.579523 1.317724
50.51 21 FBW_STATUS 2 1 126
50.55 21 ESTIMATOR 709.517517 0.025786 951.75 2.578583 945.090027
50.57 21 BAT 0 126 0 0 27 27 0
50.62 21 CALIBRATION -9.434 0.037 0.5 2
50.66 21 NAVIGATION 0 0 0 0 286 0. 570986.7
50.73 21 WP_MOVED 0 358113. 4822203. 702.
50.77 21 SERVO 9600 -9600 0
50.83 21 DESIRED 0. 0. 0. 0. 700. -2.
50.90 21 NAVIGATION 0 0 0 0 286 0. 570986.7
50.91 21 ATTITUDE 0 0 0
51.01 21 ESTIMATOR 709.557983 -0.056888 955.799988 -5.688782 943.559998
51.07 21 DL_VALUE 28 0.
51.13 21 NAVIGATION 0 0 0 0 286 0. 570986.7
51.19 21 WP_MOVED 1 358824.90625 4822110. 702.
51.35 21 COMMANDS 0,-9600,9600,-9600,0
51.38 21 DOWNLINK_STATUS 50 6970 462 0 283. 19.
51.39 21 NAVIGATION 0 0 0 0 286 0. 570986.7
51.41 21 ATTITUDE 0 0 0
51.44 21 GYRO_RATES -153 -179 -149 1.335177 -1.56207 1.30027
51.45 21 FBW_STATUS 2 1 126
51.49 21 ESTIMATOR 709.517517 -0.031697 951.75 -3.16967 942.390015
51.60 21 NAVIGATION 0 0 0 0 286 0. 570986.7
51.65 21 WP_MOVED 2 358071. 4822161. 0.
51.77 21 DESIRED 0. 0. 0. 0. 700. -2.
51.83 21 NAVIGATION 0 0 0 0 286 0. 570986.7
51.85 21 ATTITUDE 0 0 0
51.95 21 ESTIMATOR 709.436523 -0.015309 943.650024 -1.530914 943.740051
52.01 21 DL_VALUE 29 0.045
52.07 21 NAVIGATION 0 0 0 0 286 0. 570986.7
52.12 21 WP_MOVED 0 358113. 4822203. 702.
52.29 21 COMMANDS 0,-9600,9600,-9600,0
52.32 21 NAVIGATION 0 0 0 0 286 0. 570986.7
52.34 21 ATTITUDE 0 0 0
52.38 21 GYRO_RATES -164 -189 -160 1.43117 -1.649336 1.396263
52.38 21 DOWNLINK_STATUS 51 7249 480 0 279. 18.
52.39 21 FBW_STATUS 2 1 126
52.42 21 ESTIMATOR 709.382507 -0.039367 938.25 -3.936691 943.02002
52.45 21 BAT 0 126 0 0 29 29 0
52.48 21 ACTUATORS 1500,2000,0,1200,1000,1530
52.50 21 CALIBRATION -9.448 0.037 0.5 2
52.54 21 NAVIGATION 0 0 0 0 286 0. 570986.7
52.59 21 WP_MOVED 1 358824.90625 4822110. 702.
52.60 21 SERVO 9600 -9600 0
52.72 21 DESIRED 0. 0. 0. 0. 700. -2.
52.77 21 NAVIGATION 0 0 0 0 286 0. 570986.7
52.79 21 ATTITUDE 0 0 0
52.81 21 PPRZ_MODE 2 3 1 0 0 6 0
52.89 21 ESTIMATOR 709.301514 0.045331 930.150024 4.533119 943.470093
52.94 21 DL_VALUE 30 1.
53.00 21 NAVIGATION 0 0 0 0 286 0. 570986.7
53.06 21 WP_MOVED 2 358071. 4822161. 0.
53.24 21 COMMANDS 0,-9600,9600,-9600,0
53.26 21 NAVIGATION 0 0 0 0 286 0. 570986.7
53.28 21 ATTITUDE 0 0 0
53.32 21 GYRO_RATES -168 -193 -163 1.466077 -1.684243 1.422443
53.32 21 FBW_STATUS 2 1 126
53.36 21 ESTIMATOR 709.35553 0.058753 935.549988 5.875282 944.550171
53.38 21 DOWNLINK_STATUS 52 7570 502 0 321. 22.
53.47 21 NAVIGATION 0 0 0 0 286 0. 570986.7
53.53 21 WP_MOVED 0 358113. 4822203. 702.
53.65 21 DESIRED 0. 0. 0. 0. 700. -2.
53.72 21 NAVIGATION 0 0 0 0 286 0. 570986.7
53.76 21 ATTITUDE 0 0 0
53.83 21 ESTIMATOR 709.382507 0.033616 938.25 3.361626 944.280029
53.88 21 DL_VALUE 31 0.
53.94 21 NAVIGATION 0 0 0 0 286 0. 570986.7
53.99 21 WP_MOVED 1 358824.90625 4822110. 702.
54.16 21 COMMANDS 0,-9600,9600,-9600,0
54.21 21 NAVIGATION 0 0 0 0 286 0. 570986.7
54.26 21 ATTITUDE 0 0 0
54.26 21 GYRO_RATES -157 -183 -152 1.370083 -1.596976 1.32645
54.26 21 FBW_STATUS 2 1 126
54.30 21 ESTIMATOR 709.463501 0.036369 946.350037 3.636932 943.470032
54.32 21 BAT 0 126 0 0 31 31 0
54.37 21 CALIBRATION -9.431 0.037 0.5 2
54.38 21 DOWNLINK_STATUS 53 7832 519 0 262. 17.
54.41 21 NAVIGATION 0 0 0 0 286 0. 570986.7
54.46 21 WP_MOVED 2 358071. 4822161. 0.
54.48 21 SERVO 9600 -9600 0
54.59 21 DESIRED 0. 0. 0. 0. 700. -2.
54.64 21 NAVIGATION 0 0 0 0 286 0. 570986.7
54.66 21 ATTITUDE 0 0 0
54.77 21 ESTIMATOR 709.571472 -0.002968 957.150024 -0.296783 943.920105
54.82 21 DL_VALUE 32 0.
54.88 21 NAVIGATION 0 0 0 0 286 0. 570986.7
54.93 21 WP_MOVED 0 358113. 4822203. 702.
55.10 21 COMMANDS 0,-9600,9600,-9600,0
55.14 21 NAVIGATION 0 0 0 0 286 0. 570986.7
55.16 21 ATTITUDE 0 0 0
55.19 21 GYRO_RATES -153 -178 -147 1.335177 -1.553343 1.282817
55.22 21 FBW_STATUS 2 1 126
55.26 21 ESTIMATOR 709.517517 -0.065504 951.75 -6.550407 943.200195
55.35 21 NAVIGATION 0 0 0 0 286 0. 570986.7
55.38 21 DOWNLINK_STATUS 54 8091 536 0 259. 17.
55.40 21 WP_MOVED 1 358824.90625 4822110. 702.
55.52 21 DESIRED 0. 0. 0. 0. 700. -2.
55.58 21 NAVIGATION 0 0 0 0 286 0. 570986.7
55.60 21 ATTITUDE 0 0 0
55.70 21 ESTIMATOR 709.504028 -0.067338 950.400024 -6.73378 942.30011
55.76 21 DL_VALUE 33 0.037
55.82 21 NAVIGATION 0 0 0 0 286 0. 570986.7
55.87 21 WP_MOVED 2 358071. 4822161. 0.
56.04 21 COMMANDS 0,-9600,9600,-9600,0
56.08 21 NAVIGATION 0 0 0 0 286 0. 570986.7
56.09 21 ATTITUDE 0 0 0
56.13 21 GYRO_RATES -162 -188 -158 1.413717 -1.64061 1.37881
56.14 21 FBW_STATUS 2 1 126
56.17 21 ESTIMATOR 709.422974 -0.026649 942.299988 -2.664909 943.560181
56.20 21 BAT 0 126 0 0 33 33 0
56.26 21 CALIBRATION -9.439 0.037 0.5 2
56.30 21 NAVIGATION 0 0 0 0 286 0. 570986.7
56.34 21 WP_MOVED 0 358113. 4822203. 702.
56.36 21 SERVO 9600 -9600 0
56.39 21 DOWNLINK_STATUS 55 8376 555 0 285. 19.
56.46 21 DESIRED 0. 0. 0. 0. 700. -2.
56.52 21 NAVIGATION 0 0 0 0 286 0. 570986.7
56.54 21 ATTITUDE 0 0 0
56.64 21 ESTIMATOR 709.301514 -0.008613 930.150024 -0.861282 943.470154
56.70 21 DL_VALUE 34 0.037
56.76 21 NAVIGATION 0 0 0 0 286 0. 570986.7
56.80 21 WP_MOVED 1 358824.90625 4822110. 702.
56.98 21 COMMANDS 0,-9600,9600,-9600,0
57.01 21 NAVIGATION 0 0 0 0 286 0. 570986.7
57.03 21 ATTITUDE 0 0 0
57.06 21 GYRO_RATES -167 -193 -162 1.45735 -1.684243 1.413717
57.08 21 FBW_STATUS 2 1 126
57.11 21 ESTIMATOR 709.34198 0.057753 934.200012 5.775261 943.740234
57.16 21 ACTUATORS 1500,2000,0,1200,1000,1530
57.24 21 NAVIGATION 0 0 0 0 286 0. 570986.7
57.28 21 WP_MOVED 2 358071. 4822161. 0.
57.39 21 DOWNLINK_STATUS 56 8624 571 0 248. 16.
57.40 21 DESIRED 0. 0. 0. 0. 700. -2.
57.46 21 NAVIGATION 0 0 0 0 286 0. 570986.7
57.48 21 ATTITUDE 0 0 0
57.49 21 PPRZ_MODE 2 3 1 0 0 6 0
57.58 21 ESTIMATOR 709.369019 0.037476 936.900024 3.747559 944.100098
57.63 21 DL_VALUE 35 0.
57.69 21 NAVIGATION 0 0 0 0 286 0. 570986.7
57.76 21 WP_MOVED 0 358113. 4822203. 702.
57.92 21 COMMANDS 0,-9600,9600,-9600,0
57.95 21 NAVIGATION 0 0 0 0 286 0. 570986.7
57.97 21 ATTITUDE 0 0 0
58.00 21 GYRO_RATES -159 -183 -154 1.387537 -1.596976 1.343904
58.01 21 FBW_STATUS 2 1 126
58.04 21 ESTIMATOR 709.450012 0.062423 945. 6.242256 944.640076
58.07 21 BAT 0 126 0 0 35 35 0
58.12 21 CALIBRATION -9.437 0.037 0.5 2
58.16 21 NAVIGATION 0 0 0 0 286 0. 570986.7
58.23 21 WP_MOVED 1 358824.90625 4822110. 702.
58.27 21 SERVO 9600 -9600 0
58.33 21 DESIRED 0. 0. 0. 0. 700. -2.
58.39 21 DOWNLINK_STATUS 57 8929 591 0 305. 20.
58.40 21 NAVIGATION 0 0 0 0 286 0. 570986.7
58.41 21 ATTITUDE 0 0 0
58.51 21 ESTIMATOR 709.557983 -0.032885 955.799988 -3.288498 943.380127
58.57 21 DL_VALUE 36 0.
58.63 21 NAVIGATION 0 0 0 0 286 0. 570986.7
58.68 21 WP_MOVED 2 358071. 4822161. 0.
58.70 21 NAVIGATION_REF 358071 4822161 31
58.85 21 COMMANDS 0,-9600,9600,-9600,0
58.90 21 NAVIGATION 0 0 0 0 286 0. 570986.7
58.90 21 ATTITUDE 0 0 0
58.94 21 GYRO_RATES -152 -178 -148 1.32645 -1.553343 1.291544
58.95 21 FBW_STATUS 2 1 126
58.98 21 ESTIMATOR 709.544495 -0.031725 954.450012 -3.172531 943.110046
59.10 21 NAVIGATION 0 0 0 0 286 0. 570986.7
59.15 21 WP_MOVED 0 358113. 4822203. 702.
59.28 21 DESIRED 0. 0. 0. 0. 700. -2.
59.33 21 NAVIGATION 0 0 0 0 286 0. 570986.7
59.35 21 ATTITUDE 0 0 0
59.39 21 DOWNLINK_STATUS 58 9199 609 0 270. 18.
59.45 21 ESTIMATOR 709.490479 0.019386 949.049988 1.938591 943.559998
59.51 21 DL_VALUE 37 0.
59.57 21 NAVIGATION 0 0 0 0 286 0. 570986.7
59.62 21 WP_MOVED 1 358824.90625 4822110. 702.
59.79 21 COMMANDS 0,-9600,9600,-9600,0
59.82 21 NAVIGATION 0 0 0 0 286 0. 570986.7
59.84 21 ATTITUDE 0 0 0
59.88 21 GYRO_RATES -161 -186 -155 1.40499 -1.623156 1.35263
59.89 21 FBW_STATUS 2 1 126
59.92 21 ESTIMATOR 709.463501 -0.10495 946.350037 -10.494995 943.73999
59.95 21 BAT 0 126 0 0 37 37 0
59.99 21 CALIBRATION -9.441 0.037 0.5 2
60.04 21 NAVIGATION 0 0 0 0 286 0. 570986.7
60.09 21 WP_MOVED 2 358071. 4822161. 0.
60.10 21 SERVO 9600 -9600 0
60.21 21 DESIRED 0. 0. 0. 0. 700. -2.
60.27 21 NAVIGATION 0 0 0 0 286 0. 570986.7
60.32 21 ATTITUDE 0 0 0
60.39 21 ESTIMATOR 709.395996 0.072521 939.600037 7.252121 946.080017
60.40 21 DOWNLINK_STATUS 59 9491 628 0 292. 19.
60.44 21 DL_VALUE 38 0.045
60.50 21 NAVIGATION 0 0 0 0 286 0. 570986.7
60.56 21 WP_MOVED 0 358113. 4822203. 702.
60.75 21 COMMANDS 0,-9600,9600,-9600,0
60.77 21 NAVIGATION 0 0 0 0 286 0. 570986.7
60.79 21 ATTITUDE 0 0 0
60.82 21 GYRO_RATES -171 -197 -166 1.492257 -1.719149 1.448623
60.82 21 FBW_STATUS 2 1 126
60.86 21 ESTIMATOR 709.369019 0.075224 936.900024 7.522354 950.130127
60.97 21 NAVIGATION 0 0 0 0 286 0. 570986.7
61.02 21 WP_MOVED 1 358824.90625 4822110. 702.
61.14 21 DESIRED 0. 0. 0. 0. 700. -2.
61.21 21 NAVIGATION 0 0 0 0 286 0. 570986.7
61.22 21 ATTITUDE 0 0 0
61.32 21 ESTIMATOR 709.395996 -0.012555 939.600037 -1.255531 949.59021
61.38 21 DL_VALUE 39 0.045
61.40 21 DOWNLINK_STATUS 60 9731 644 0 240. 16.
61.44 21 NAVIGATION 0 0 0 0 286 0. 570986.7
61.49 21 WP_MOVED 2 358071. 4822161. 0.
61.66 21 COMMANDS 0,-9600,9600,-9600,0
61.70 21 NAVIGATION 0 0 0 0 286 0. 570986.7
61.72 21 ATTITUDE 0 0 0
61.77 21 GYRO_RATES -161 -187 -155 1.40499 -1.631883 1.35263
61.80 21 FBW_STATUS 2 1 126
61.80 21 ESTIMATOR 709.463501 0.075952 946.350037 7.595177 948.600159
61.82 21 BAT 0 126 0 0 39 39 0
61.85 21 ACTUATORS 1500,2000,0,1200,1000,1530
61.88 21 CALIBRATION -9.462 0.037 0.5 2
61.91 21 NAVIGATION 0 0 0 0 286 0. 570986.7
61.96 21 WP_MOVED 0 358113. 4822203. 702.
61.98 21 SERVO 9600 -9600 0
62.08 21 DESIRED 0. 0. 0. 0. 700. -2.
62.14 21 NAVIGATION 0 0 0 0 286 0. 570986.7
62.16 21 ATTITUDE 0 0 0
62.18 21 PPRZ_MODE 2 3 1 0 0 6 0
62.28 21 ESTIMATOR 709.557983 0.003645 955.799988 0.364456 948.78009
62.32 21 DL_VALUE 40 0.1
62.38 21 NAVIGATION 0 0 0 0 286 0. 570986.7
62.40 21 DOWNLINK_STATUS 61 10043 665 0 312. 21.
62.43 21 WP_MOVED 1 358824.90625 4822110. 702.
62.60 21 COMMANDS 0,-9600,9600,-9600,0
62.64 21 NAVIGATION 0 0 0 0 286 0. 570986.7
62.66 21 ATTITUDE 0 0 0
62.69 21 GYRO_RATES -150 -176 -145 1.308997 -1.53589 1.265364
62.70 21 FBW_STATUS 2 1 126
62.74 21 ESTIMATOR 709.585022 -0.057835 958.5 -5.783539 947.970093
62.85 21 NAVIGATION 0 0 0 0 286 0. 570986.7
62.90 21 WP_MOVED 2 358071. 4822161. 0.
63.02 21 DESIRED 0. 0. 0. 0. 700. -2.
63.08 21 NAVIGATION 0 0 0 0 286 0. 570986.7
63.10 21 ATTITUDE 0 0 0
63.20 21 ESTIMATOR 709.531006 -0.026841 953.100037 -2.684059 946.890015
63.27 21 DL_VALUE 41 0.
63.32 21 NAVIGATION 0 0 0 0 286 0. 570986.7
63.37 21 WP_MOVED 0 358113. 4822203. 702.
63.41 21 DOWNLINK_STATUS 62 10291 681 0 248. 16.
63.54 21 COMMANDS 0,-9600,9600,-9600,0
63.58 21 NAVIGATION 0 0 0 0 286 0. 570986.7
63.59 21 ATTITUDE 0 0 0
63.63 21 GYRO_RATES -158 -183 -154 1.37881 -1.596976 1.343904
63.64 21 FBW_STATUS 2 1 126
63.67 21 ESTIMATOR 709.557983 -0.085645 955.799988 -8.564529 947.790039
64.41 21 DOWNLINK_STATUS 63 10377 687 0 86. 6.
65.41 21 DOWNLINK_STATUS 64 10377 687 0 0. 0.
66.41 21 DOWNLINK_STATUS 65 10377 687 0 0. 0.
67.41 21 DOWNLINK_STATUS 66 10377 687 0 0. 0.
68.41 21 DOWNLINK_STATUS 67 10377 687 0 0. 0.
69.41 21 DOWNLINK_STATUS 68 10377 687 0 0. 0.
70.41 21 DOWNLINK_STATUS 69 10377 687 0 0. 0.
71.41 21 DOWNLINK_STATUS 70 10377 687 0 0. 0.
72.41 21 DOWNLINK_STATUS 71 10377 687 0 0. 0.
73.41 21 DOWNLINK_STATUS 72 10377 687 0 0. 0.
74.41 21 DOWNLINK_STATUS 73 10377 687 0 0. 0.
75.41 21 DOWNLINK_STATUS 74 10377 687 0 0. 0.
76.41 21 DOWNLINK_STATUS 75 10377 687 0 0. 0.
77.41 21 DOWNLINK_STATUS 76 10377 687 0 0. 0.
78.41 21 DOWNLINK_STATUS 77 10377 687 0 0. 0.
79.41 21 DOWNLINK_STATUS 78 10377 687 0 0. 0.
80.41 21 DOWNLINK_STATUS 79 10377 687 0 0. 0.
81.41 21 DOWNLINK_STATUS 80 10377 687 0 0. 0.
82.41 21 DOWNLINK_STATUS 81 10377 687 0 0. 0.
83.41 21 DOWNLINK_STATUS 82 10377 687 0 0. 0.
84.41 21 DOWNLINK_STATUS 83 10377 687 0 0. 0.
85.41 21 DOWNLINK_STATUS 84 10377 687 0 0. 0.
86.41 21 DOWNLINK_STATUS 85 10377 687 0 0. 0.
87.41 21 DOWNLINK_STATUS 86 10377 687 0 0. 0.
88.41 21 DOWNLINK_STATUS 87 10377 687 0 0. 0.
89.41 21 DOWNLINK_STATUS 88 10377 687 0 0. 0.
90.41 21 DOWNLINK_STATUS 89 10377 687 0 0. 0.
91.41 21 DOWNLINK_STATUS 90 10377 687 0 0. 0.
92.41 21 DOWNLINK_STATUS 91 10377 687 0 0. 0.
93.41 21 DOWNLINK_STATUS 92 10377 687 0 0. 0.
94.41 21 DOWNLINK_STATUS 93 10377 687 0 0. 0.
95.26 21 BOOT 1
95.31 21 PPRZ_MODE 2 0 0 0 0 1 0
95.31 21 FBW_STATUS 0 0 0
95.34 21 ESTIMATOR 700. 0. 0. 0. 0.
95.37 21 BAT 0 126 0 0 0 0 0
95.39 21 FBW_STATUS 2 1 126
95.41 21 DOWNLINK_STATUS 94 10436 693 0 59. 6.
95.44 21 ESTIMATOR 709.638977 -0.189973 963.900024 -18.997307 941.220154
95.46 21 BAT 0 126 0 0 2 2 0
95.48 21 CALIBRATION -3.786 0.037 0.5 2
95.51 21 NAVIGATION 0 0 0 0 286 0. 570986.7
95.55 21 WP_MOVED 2 358071. 4822161. 0.
95.57 21 SERVO 9600 -9600 0
95.68 21 DESIRED 0. 0. 0. 0. 700. -2.
95.74 21 NAVIGATION 0 0 0 0 286 0. 570986.7
95.75 21 ATTITUDE 0 0 0
95.85 21 ESTIMATOR 709.544495 -0.026839 954.450012 -2.683907 947.160095
95.91 21 DL_VALUE 2 0.
95.97 21 NAVIGATION 0 0 0 0 286 0. 570986.7
96.02 21 WP_MOVED 0 358113. 4822203. 702.
96.19 21 COMMANDS 0,-9600,9600,-9600,0
96.23 21 NAVIGATION 0 0 0 0 286 0. 570986.7
96.25 21 ATTITUDE 0 0 0
96.29 21 GYRO_RATES -164 -189 -160 1.43117 -1.649336 1.396263
96.32 21 FBW_STATUS 2 1 126
96.33 21 ESTIMATOR 709.450012 -0.033482 945. -3.348198 947.430176
96.41 21 DOWNLINK_STATUS 95 10728 712 0 292. 19.
96.44 21 NAVIGATION 0 0 0 0 286 0. 570986.7
96.49 21 WP_MOVED 1 358824.90625 4822110. 702.
96.61 21 DESIRED 0. 0. 0. 0. 700. -2.
96.68 21 NAVIGATION 0 0 0 0 286 0. 570986.7
96.69 21 ATTITUDE 0 0 0
96.80 21 ESTIMATOR 709.328491 0.035774 932.850037 3.577423 947.790161
96.85 21 DL_VALUE 3 0.
96.91 21 NAVIGATION 0 0 0 0 286 0. 570986.7
96.96 21 WP_MOVED 2 358071. 4822161. 0.
97.13 21 COMMANDS 0,-9600,9600,-9600,0
97.16 21 NAVIGATION 0 0 0 0 286 0. 570986.7
97.18 21 ATTITUDE 0 0 0
97.22 21 GYRO_RATES -169 -194 -164 1.474803 -1.692969 1.43117
97.23 21 FBW_STATUS 2 1 126
97.27 21 ESTIMATOR 709.382507 0.025921 938.25 2.592125 948.869995
97.31 21 BAT 0 126 0 0 4 4 0
97.34 21 CALIBRATION -7.604 0.037 0.5 2
97.38 21 NAVIGATION 0 0 0 0 286 0. 570986.7
97.41 21 DOWNLINK_STATUS 96 11008 730 0 280. 18.
97.43 21 WP_MOVED 0 358113. 4822203. 702.
97.45 21 SERVO 9600 -9600 0
97.55 21 DESIRED 0. 0. 0. 0. 700. -2.
97.61 21 NAVIGATION 0 0 0 0 286 0. 570986.7
97.63 21 ATTITUDE 0 0 0
97.73 21 ESTIMATOR 709.409485 0.068336 940.950012 6.833649 947.970093
97.79 21 DL_VALUE 4 2.
97.84 21 NAVIGATION 0 0 0 0 286 0. 570986.7
97.90 21 WP_MOVED 1 358824.90625 4822110. 702.
98.07 21 COMMANDS 0,-9600,9600,-9600,0
98.10 21 NAVIGATION 0 0 0 0 286 0. 570986.7
98.12 21 ATTITUDE 0 0 0
98.15 21 GYRO_RATES -160 -186 -154 1.396263 -1.623156 1.343904
98.17 21 FBW_STATUS 2 1 126
98.20 21 ESTIMATOR 709.47699 0.068174 947.700012 6.817436 948.420044
98.26 21 ACTUATORS 1500,2000,0,1200,1000,1530
98.32 21 NAVIGATION 0 0 0 0 286 0. 570986.7
98.36 21 WP_MOVED 2 358071. 4822161. 0.
98.41 21 DOWNLINK_STATUS 97 11279 748 0 271. 18.
98.49 21 DESIRED 0. 0. 0. 0. 700. -2.
98.55 21 NAVIGATION 0 0 0 0 286 0. 570986.7
98.56 21 ATTITUDE 0 0 0
98.58 21 PPRZ_MODE 2 3 1 0 0 6 0
98.67 21 ESTIMATOR 709.571472 0.011394 957.150024 1.139412 948.150085
98.72 21 DL_VALUE 5 0.
98.80 21 NAVIGATION 0 0 0 0 286 0. 570986.7
98.84 21 WP_MOVED 0 358113. 4822203. 702.
99.00 21 COMMANDS 0,-9600,9600,-9600,0
99.04 21 NAVIGATION 0 0 0 0 286 0. 570986.7
99.06 21 ATTITUDE 0 0 0
99.09 21 GYRO_RATES -153 -178 -148 1.335177 -1.553343 1.291544
99.10 21 FBW_STATUS 2 1 126
99.14 21 ESTIMATOR 709.585022 -0.060725 958.5 -6.072464 947.070068
99.16 21 BAT 0 126 0 0 6 6 0
99.21 21 CALIBRATION -9.479 0.037 0.5 2
99.25 21 NAVIGATION 0 0 0 0 286 0. 570986.7
99.30 21 WP_MOVED 1 358824.90625 4822110. 702.
99.34 21 SERVO 9600 -9600 0
99.41 21 DOWNLINK_STATUS 98 11558 767 0 279. 19.
99.42 21 DESIRED 0. 0. 0. 0. 700. -2.
99.49 21 NAVIGATION 0 0 0 0 286 0. 570986.7
99.50 21 ATTITUDE 0 0 0
99.60 21 ESTIMATOR 709.557983 -0.046144 955.799988 -4.614372 946.710083
99.66 21 DL_VALUE 6 0.
99.72 21 NAVIGATION 0 0 0 0 286 0. 570986.7
99.78 21 WP_MOVED 2 358071. 4822161. 0.
99.94 21 COMMANDS 0,-9600,9600,-9600,0
99.98 21 NAVIGATION 0 0 0 0 286 0. 570986.7
99.99 21 ATTITUDE 0 0 0
100.03 21 GYRO_RATES -161 -188 -157 1.40499 -1.64061 1.370083
100.04 21 FBW_STATUS 2 1 126
100.08 21 ESTIMATOR 709.490479 -0.033427 949.049988 -3.342743 948.690002
100.19 21 NAVIGATION 0 0 0 0 286 0. 570986.7
100.24 21 WP_MOVED 0 358113. 4822203. 702.
100.36 21 DESIRED 0. 0. 0. 0. 700. -2.
100.41 21 DOWNLINK_STATUS 99 11817 783 0 259. 16.
100.42 21 NAVIGATION 0 0 0 0 286 0. 570986.7
100.44 21 ATTITUDE 0 0 0
100.54 21 ESTIMATOR 709.35553 -0.024814 935.549988 -2.481384 947.969971
100.60 21 DL_VALUE 7 0.
100.66 21 NAVIGATION 0 0 0 0 286 0. 570986.7
100.71 21 WP_MOVED 1 358824.90625 4822110. 702.
100.88 21 COMMANDS 0,-9600,9600,-9600,0
100.92 21 NAVIGATION 0 0 0 0 286 0. 570986.7
100.93 21 ATTITUDE 0 0 0
100.97 21 GYRO_RATES -172 -198 -167 1.500983 -1.727876 1.45735
100.98 21 FBW_STATUS 2 1 126
101.01 21 ESTIMATOR 709.369019 0.049113 936.900024 4.911308 948.510071
101.04 21 BAT 0 126 0 0 7 7 0
101.08 21 CALIBRATION -9.503 0.037 0.5 2
101.13 21 NAVIGATION 0 0 0 0 286 0. 570986.7
101.18 21 WP_MOVED 2 358071. 4822161. 0.
101.20 21 SERVO 9600 -9600 0
101.31 21 DESIRED 0. 0. 0. 0. 700. -2.
101.36 21 NAVIGATION 0 0 0 0 286 0. 570986.7
101.37 21 ATTITUDE 0 0 0
101.41 21 DOWNLINK_STATUS 100 12113 803 0 296. 20.
101.48 21 ESTIMATOR 709.409485 0.073142 940.950012 7.314224 949.950012
101.53 21 DL_VALUE 8 0.
101.60 21 NAVIGATION 0 0 0 0 286 0. 570986.7
101.65 21 WP_MOVED 0 358113. 4822203. 702.
101.83 21 COMMANDS 0,-9600,9600,-9600,0
101.85 21 NAVIGATION 0 0 0 0 286 0. 570986.7
101.87 21 ATTITUDE 0 0 0
101.90 21 GYRO_RATES -161 -187 -156 1.40499 -1.631883 1.361357
101.91 21 FBW_STATUS 2 1 127
101.95 21 ESTIMATOR 709.463501 0.049868 946.350037 4.986839 949.500061
102.06 21 NAVIGATION 0 0 0 0 286 0. 570986.7
102.12 21 WP_MOVED 1 358824.90625 4822110. 702.
102.24 21 DESIRED 0. 0. 0. 0. 700. -2.
102.31 21 NAVIGATION 0 0 0 0 286 0. 570986.7
102.35 21 ATTITUDE 0 0 0
102.41 21 DOWNLINK_STATUS 101 12346 818 0 233. 15.
102.42 21 ESTIMATOR 709.598511 -0.008856 959.850037 -0.88562 949.320068
102.47 21 DL_VALUE 9 466.
102.53 21 NAVIGATION 0 0 0 0 286 0. 570986.7
102.58 21 WP_MOVED 2 358071. 4822161. 0.
102.61 21 NAVIGATION_REF 358071 4822161 31
102.76 21 COMMANDS 0,-9600,9600,-9600,0
102.79 21 NAVIGATION 0 0 0 0 286 0. 570986.7
102.83 21 ATTITUDE 0 0 0
102.85 21 GYRO_RATES -151 -177 -147 1.317724 -1.544616 1.282817
102.85 21 FBW_STATUS 2 1 126
102.89 21 ESTIMATOR 709.652527 -0.067472 965.25 -6.747169 948.330078
102.91 21 BAT 0 126 0 0 9 9 0
102.94 21 ACTUATORS 1500,2000,0,1200,1000,1530
102.97 21 CALIBRATION -9.461 0.037 0.5 2
103.00 21 NAVIGATION 0 0 0 0 286 0. 570986.7
103.05 21 WP_MOVED 0 358113. 4822203. 702.
103.07 21 SERVO 9600 -9600 0
103.18 21 DESIRED 0. 0. 0. 0. 700. -2.
103.24 21 NAVIGATION 0 0 0 0 286 0. 570986.7
103.25 21 ATTITUDE 0 0 0
103.27 21 PPRZ_MODE 2 3 1 0 0 6 0
103.35 21 ESTIMATOR 709.557983 -0.078864 955.799988 -7.886429 946.620117
103.41 21 DL_VALUE 10 492.
103.41 21 DOWNLINK_STATUS 102 12680 841 0 334. 23.
103.47 21 NAVIGATION 0 0 0 0 286 0. 570986.7
103.52 21 WP_MOVED 1 358824.90625 4822110. 702.
103.69 21 COMMANDS 0,-9600,9600,-9600,0
103.73 21 NAVIGATION 0 0 0 0 286 0. 570986.7
103.75 21 ATTITUDE 0 0 0
103.80 21 GYRO_RATES -160 -185 -154 1.396263 -1.61443 1.343904
103.84 21 FBW_STATUS 2 1 126
103.84 21 ESTIMATOR 709.490479 -0.072117 949.049988 -7.211685 945.5401
103.94 21 NAVIGATION 0 0 0 0 286 0. 570986.7
103.99 21 WP_MOVED 2 358071. 4822161. 0.
104.11 21 DESIRED 0. 0. 0. 0. 700. -2.
104.17 21 NAVIGATION 0 0 0 0 286 0. 570986.7
104.19 21 ATTITUDE 0 0 0
104.30 21 ESTIMATOR 709.382507 0.023382 938.25 2.338219 945.990051
104.35 21 DL_VALUE 11 461.
104.41 21 NAVIGATION 0 0 0 0 286 0. 570986.7
104.41 21 DOWNLINK_STATUS 103 12931 857 0 251. 16.
104.46 21 WP_MOVED 0 358113. 4822203. 702.
104.63 21 COMMANDS 0,-9600,9600,-9600,0
104.66 21 NAVIGATION 0 0 0 0 286 0. 570986.7
104.68 21 ATTITUDE 0 0 0
104.72 21 GYRO_RATES -169 -194 -165 1.474803 -1.692969 1.439897
104.73 21 FBW_STATUS 2 1 126
104.76 21 ESTIMATOR 709.328491 0.021248 932.850037 2.124825 947.430054
104.80 21 BAT 0 126 0 0 11 11 0
104.84 21 CALIBRATION -9.495 0.037 0.5 2
104.88 21 NAVIGATION 0 0 0 0 286 0. 570986.7
104.93 21 WP_MOVED 1 358824.90625 4822110. 702.
104.95 21 SERVO 9600 -9600 0
105.05 21 DESIRED 0. 0. 0. 0. 700. -2.
105.11 21 NAVIGATION 0 0 0 0 286 0. 570986.7
105.13 21 ATTITUDE 0 0 0
105.23 21 ESTIMATOR 709.369019 0.042336 936.900024 4.233551 946.170166
105.28 21 DL_VALUE 12 1.35
105.34 21 NAVIGATION 0 0 0 0 286 0. 570986.7
105.40 21 WP_MOVED 2 358071. 4822161. 0.
105.41 21 DOWNLINK_STATUS 104 13216 876 0 285. 19.
105.57 21 COMMANDS 0,-9600,9600,-9600,0
105.60 21 NAVIGATION 0 0 0 0 286 0. 570986.7
105.62 21 ATTITUDE 0 0 0
105.66 21 GYRO_RATES -162 -188 -157 1.413717 -1.64061 1.370083
105.66 21 FBW_STATUS 2 1 126
105.70 21 ESTIMATOR 709.436523 0.092339 943.650024 9.233894 946.980164
105.83 21 NAVIGATION 0 0 0 0 286 0. 570986.7
105.86 21 WP_MOVED 0 358113. 4822203. 702.
105.99 21 DESIRED 0. 0. 0. 0. 700. -2.
106.05 21 NAVIGATION 0 0 0 0 286 0. 570986.7
106.06 21 ATTITUDE 0 0 0
106.16 21 ESTIMATOR 709.47699 0.04312 947.700012 4.312019 947.160095
106.22 21 DL_VALUE 13 0.
106.28 21 NAVIGATION 0 0 0 0 286 0. 570986.7
106.34 21 WP_MOVED 1 358824.90625 4822110. 702.
106.41 21 DOWNLINK_STATUS 105 13449 891 0 233. 15.
106.50 21 COMMANDS 0,-9600,9600,-9600,0
106.54 21 NAVIGATION 0 0 0 0 286 0. 570986.7
106.56 21 ATTITUDE 0 0 0
106.59 21 GYRO_RATES -152 -177 -147 1.32645 -1.544616 1.282817
106.60 21 FBW_STATUS 2 1 126
106.64 21 ESTIMATOR 709.585022 -0.035747 958.5 -3.574677 945.630188
106.66 21 BAT 0 126 0 0 13 13 0
106.71 21 CALIBRATION -9.452 0.037 0.5 2
106.75 21 NAVIGATION 0 0 0 0 286 0. 570986.7
106.81 21 WP_MOVED 2 358071. 4822161. 0.
106.85 21 SERVO 9600 -9600 0
106.92 21 DESIRED 0. 0. 0. 0. 700. -2.
106.98 21 NAVIGATION 0 0 0 0 286 0. 570986.7
107.00 21 ATTITUDE 0 0 0
107.10 21 ESTIMATOR 709.557983 -0.052002 955.799988 -5.200157 945.090088
107.16 21 DL_VALUE 14 0.
107.22 21 NAVIGATION 0 0 0 0 286 0. 570986.7
107.27 21 WP_MOVED 0 358113. 4822203. 702.
107.41 21 DOWNLINK_STATUS 106 13719 909 0 270. 18.
107.45 21 COMMANDS 0,-9600,9600,-9600,0
107.48 21 NAVIGATION 0 0 0 0 286 0. 570986.7
107.49 21 ATTITUDE 0 0 0
107.53 21 GYRO_RATES -158 -183 -154 1.37881 -1.596976 1.343904
107.54 21 FBW_STATUS 2 1 126
107.58 21 ESTIMATOR 709.517517 -0.046981 951.75 -4.698067 945.990051
107.63 21 ACTUATORS 1500,2000,0,1200,1000,1530
107.69 21 NAVIGATION 0 0 0 0 286 0. 570986.7
107.74 21 WP_MOVED 1 358824.90625 4822110. 702.
107.86 21 DESIRED 0. 0. 0. 0. 700. -2.
107.92 21 NAVIGATION 0 0 0 0 286 0. 570986.7
107.94 21 ATTITUDE 0 0 0
107.96 21 PPRZ_MODE 2 3 1 0 0 6 0
108.04 21 ESTIMATOR 709.422974 -0.073872 942.299988 -7.387161 945.720154
108.09 21 DL_VALUE 15 0.75
108.16 21 NAVIGATION 0 0 0 0 286 0. 570986.7
108.21 21 WP_MOVED 2 358071. 4822161. 0.
108.38 21 COMMANDS 0,-9600,9600,-9600,0
108.41 21 DOWNLINK_STATUS 107 13989 927 0 270. 18.
108.42 21 NAVIGATION 0 0 0 0 286 0. 570986.7
108.43 21 ATTITUDE 0 0 0
108.47 21 GYRO_RATES -171 -196 -165 1.492257 -1.710423 1.439897
108.47 21 FBW_STATUS 2 1 126
108.51 21 ESTIMATOR 709.315002 0.03383 931.5 3.382988 945.81012
108.53 21 BAT 0 126 0 0 15 15 0
108.58 21 CALIBRATION -9.484 0.037 0.5 2
108.62 21 NAVIGATION 0 0 0 0 286 0. 570986.7
108.68 21 WP_MOVED 0 358113. 4822203. 702.
108.69 21 SERVO 9600 -9600 0
108.80 21 DESIRED 0. 0. 0. 0. 700. -2.
108.86 21 NAVIGATION 0 0 0 0 286 0. 570986.7
108.87 21 ATTITUDE 0 0 0
108.98 21 ESTIMATOR 709.35553 0.070227 935.549988 7.022743 947.430115
109.03 21 DL_VALUE 16 25000.
109.10 21 NAVIGATION 0 0 0 0 286 0. 570986.7
109.15 21 WP_MOVED 1 358824.90625 4822110. 702.
109.33 21 COMMANDS 0,-9600,9600,-9600,0
109.35 21 NAVIGATION 0 0 0 0 286 0. 570986.7
109.37 21 ATTITUDE 0 0 0
109.40 21 GYRO_RATES -165 -190 -159 1.439897 -1.658063 1.387537
109.41 21 DOWNLINK_STATUS 108 14305 948 0 316. 21.
109.41 21 FBW_STATUS 2 1 126
109.45 21 ESTIMATOR 709.382507 0.042203 938.25 4.220276 946.980164
109.56 21 NAVIGATION 0 0 0 0 286 0. 570986.7
109.61 21 WP_MOVED 2 358071. 4822161. 0.
109.74 21 DESIRED 0. 0. 0. 0. 700. -2.
109.80 21 NAVIGATION 0 0 0 0 286 0. 570986.7
109.84 21 ATTITUDE 0 0 0
109.92 21 ESTIMATOR 709.504028 0.064341 950.400024 6.434097 946.710083
109.97 21 DL_VALUE 17 25000.
110.03 21 NAVIGATION 0 0 0 0 286 0. 570986.7
110.08 21 WP_MOVED 0 358113. 4822203. 702.
110.25 21 COMMANDS 0,-9600,9600,-9600,0
110.31 21 NAVIGATION 0 0 0 0 286 0. 570986.7
110.35 21 ATTITUDE 0 0 0
110.35 21 GYRO_RATES -153 -178 -148 1.335177 -1.553343 1.291544
110.36 21 FBW_STATUS 2 1 126
110.39 21 ESTIMATOR 709.652527 -0.074358 965.25 -7.435799 947.160156
110.41 21 BAT 0 126 0 0 17 17 0
110.41 21 DOWNLINK_STATUS 109 14579 966 0 274. 18.
110.46 21 CALIBRATION -9.447 0.037 0.5 2
110.50 21 NAVIGATION 0 0 0 0 286 0. 570986.7
110.55 21 WP_MOVED 1 358824.90625 4822110. 702.
110.57 21 SERVO 9600 -9600 0
110.67 21 DESIRED 0. 0. 0. 0. 700. -2.
110.74 21 NAVIGATION 0 0 0 0 286 0. 570986.7
110.75 21 ATTITUDE 0 0 0
110.86 21 ESTIMATOR 709.585022 -0.061585 958.5 -6.158485 946.530212
110.91 21 DL_VALUE 18 0.75
110.97 21 NAVIGATION 0 0 0 0 286 0. 570986.7
111.02 21 WP_MOVED 2 358071. 4822161. 0.
111.04 21 NAVIGATION_REF 358071 4822161 31
111.19 21 COMMANDS 0,-9600,9600,-9600,0
111.23 21 NAVIGATION 0 0 0 0 286 0. 570986.7
111.25 21 ATTITUDE 0 0 0
111.28 21 GYRO_RATES -156 -182 -151 1.361357 -1.58825 1.317724
111.31 21 FBW_STATUS 2 1 126
111.34 21 ESTIMATOR 709.544495 -0.03456 954.450012 -3.456001 945.450256
111.41 21 DOWNLINK_STATUS 110 14846 984 0 267. 18.
111.43 21 NAVIGATION 0 0 0 0 286 0. 570986.7
111.49 21 WP_MOVED 0 358113. 4822203. 702.
111.61 21 DESIRED 0. 0. 0. 0. 700. -2.
111.67 21 NAVIGATION 0 0 0 0 286 0. 570986.7
111.69 21 ATTITUDE 0 0 0
111.79 21 ESTIMATOR 709.463501 -0.043093 946.350037 -4.309349 946.260193
111.85 21 DL_VALUE 19 13000.
111.91 21 NAVIGATION 0 0 0 0 286 0. 570986.7
111.96 21 WP_MOVED 1 358824.90625 4822110. 702.
112.13 21 COMMANDS 0,-9600,9600,-9600,0
112.16 21 NAVIGATION 0 0 0 0 286 0. 570986.7
112.18 21 ATTITUDE 0 0 0
112.22 21 GYRO_RATES -167 -191 -163 1.45735 -1.666789 1.422443
112.23 21 FBW_STATUS 2 1 126
112.26 21 ESTIMATOR 709.369019 -0.000758 936.900024 -0.07576 947.070068
112.29 21 BAT 0 126 0 0 19 19 0
112.33 21 ACTUATORS 1500,2000,0,1200,1000,1530
112.36 21 CALIBRATION -9.483 0.037 0.5 2
112.38 21 NAVIGATION 0 0 0 0 286 0. 570986.7
112.41 21 DOWNLINK_STATUS 111 15141 1003 0 295. 19.
112.43 21 WP_MOVED 2 358071. 4822161. 0.
112.45 21 SERVO 9600 -9600 0
112.55 21 DESIRED 0. 0. 0. 0. 700. -2.
112.61 21 NAVIGATION 0 0 0 0 286 0. 570986.7
112.63 21 ATTITUDE 0 0 0
112.65 21 PPRZ_MODE 2 3 1 0 0 6 0
112.73 21 ESTIMATOR 709.328491 0.064557 932.850037 6.45565 947.160156
112.78 21 DL_VALUE 20 13000.
112.85 21 NAVIGATION 0 0 0 0 286 0. 570986.7
112.89 21 WP_MOVED 0 358113. 4822203. 702.
113.07 21 COMMANDS 0,-9600,9600,-9600,0
113.10 21 NAVIGATION 0 0 0 0 286 0. 570986.7
113.12 21 ATTITUDE 0 0 0
113.15 21 GYRO_RATES -166 -192 -162 1.448623 -1.675516 1.413717
113.16 21 FBW_STATUS 2 1 126
113.20 21 ESTIMATOR 709.409485 0.028809 940.950012 2.880936 947.880127
113.33 21 NAVIGATION 0 0 0 0 286 0. 570986.7
113.36 21 WP_MOVED 1 358824.90625 4822110. 702.
113.41 21 DOWNLINK_STATUS 112 15406 1021 0 265. 18.
113.49 21 DESIRED 0. 0. 0. 0. 700. -2.
113.55 21 NAVIGATION 0 0 0 0 286 0. 570986.7
113.56 21 ATTITUDE 0 0 0
113.66 21 ESTIMATOR 709.436523 0.115451 943.650024 11.545143 948.960083
113.72 21 DL_VALUE 21 0.75
113.78 21 NAVIGATION 0 0 0 0 286 0. 570986.7
113.84 21 WP_MOVED 2 358071. 4822161. 0.
114.00 21 COMMANDS 0,-9600,9600,-9600,0
114.04 21 NAVIGATION 0 0 0 0 286 0. 570986.7
114.06 21 ATTITUDE 0 0 0
114.09 21 GYRO_RATES -155 -179 -149 1.35263 -1.56207 1.30027
114.10 21 FBW_STATUS 2 1 126
114.14 21 ESTIMATOR 709.571472 -0.05038 957.150024 -5.038033 948.329956
114.16 21 BAT 0 126 0 0 21 21 0
114.21 21 CALIBRATION -9.466 0.037 0.5 2
114.25 21 NAVIGATION 0 0 0 0 286 0. 570986.7
114.31 21 WP_MOVED 0 358113. 4822203. 702.
114.35 21 SERVO 9600 -9600 0
114.41 21 DOWNLINK_STATUS 113 15676 1039 0 270. 18.
114.42 21 DESIRED 0. 0. 0. 0. 700. -2.
114.48 21 NAVIGATION 0 0 0 0 286 0. 570986.7
114.50 21 ATTITUDE 0 0 0
114.60 21 ESTIMATOR 709.598511 -0.022114 959.850037 -2.21138 947.700073
114.66 21 DL_VALUE 22 18000.
114.72 21 NAVIGATION 0 0 0 0 286 0. 570986.7
114.77 21 WP_MOVED 1 358824.90625 4822110. 702.
114.94 21 COMMANDS 0,-9600,9600,-9600,0
114.98 21 NAVIGATION 0 0 0 0 286 0. 570986.7
114.99 21 ATTITUDE 0 0 0
115.03 21 GYRO_RATES -156 -180 -150 1.361357 -1.570796 1.308997
115.04 21 FBW_STATUS 2 1 126
115.08 21 ESTIMATOR 709.544495 -0.024867 954.450012 -2.486687 948.330139
115.19 21 NAVIGATION 0 0 0 0 286 0. 570986.7
115.24 21 WP_MOVED 2 358071. 4822161. 0.
115.36 21 DESIRED 0. 0. 0. 0. 700. -2.
115.41 21 DOWNLINK_STATUS 114 15935 1055 0 259. 16.
115.42 21 NAVIGATION 0 0 0 0 286 0. 570986.7
115.44 21 ATTITUDE 0 0 0
115.54 21 ESTIMATOR 709.47699 -0.079785 947.700012 -7.978516 948.06012
116.41 21 DOWNLINK_STATUS 115 15983 1058 0 48. 3.
117.41 21 DOWNLINK_STATUS 116 15983 1058 0 0. 0.
118.41 21 DOWNLINK_STATUS 117 15983 1058 0 0. 0.
119.41 21 DOWNLINK_STATUS 118 15983 1058 0 0. 0.
120.41 21 DOWNLINK_STATUS 119 15983 1058 0 0. 0.
121.41 21 DOWNLINK_STATUS 120 15983 1058 0 0. 0.
122.41 21 DOWNLINK_STATUS 121 15983 1058 0 0. 0.
123.41 21 DOWNLINK_STATUS 122 15983 1058 0 0. 0.
124.41 21 DOWNLINK_STATUS 123 15983 1058 0 0. 0.
125.41 21 DOWNLINK_STATUS 124 15983 1058 0 0. 0.
126.41 21 DOWNLINK_STATUS 125 15983 1058 0 0. 0.
127.41 21 DOWNLINK_STATUS 126 15983 1058 0 0. 0.
128.41 21 DOWNLINK_STATUS 127 15983 1058 0 0. 0.
129.41 21 DOWNLINK_STATUS 128 15983 1058 0 0. 0.
130.41 21 DOWNLINK_STATUS 129 15983 1058 0 0. 0.
130.76 21 BOOT 1
130.79 21 PPRZ_MODE 2 0 0 0 0 1 0
130.81 21 FBW_STATUS 0 0 0
130.85 21 ESTIMATOR 700. 0. 0. 0. 0.
130.87 21 BAT 0 126 0 0 0 0 0
130.89 21 FBW_STATUS 2 1 126
130.94 21 ESTIMATOR 709.544495 0.041474 954.450012 4.147377 941.759949
130.96 21 BAT 0 126 0 0 2 2 0
130.99 21 CALIBRATION -3.794 0.037 0.5 2
131.02 21 NAVIGATION 0 0 0 0 286 0. 570986.7
131.06 21 WP_MOVED 2 358071. 4822161. 0.
131.08 21 SERVO 9600 -9600 0
131.18 21 DESIRED 0. 0. 0. 0. 700. -2.
131.24 21 NAVIGATION 0 0 0 0 286 0. 570986.7
131.26 21 ATTITUDE 0 0 0
131.36 21 ESTIMATOR 709.35553 0.020436 935.549988 2.043648 947.159973
131.41 21 DOWNLINK_STATUS 130 16208 1074 0 225. 16.
131.41 21 DL_VALUE 2 0.
131.47 21 NAVIGATION 0 0 0 0 286 0. 570986.7
131.53 21 WP_MOVED 0 358113. 4822203. 702.
131.70 21 COMMANDS 0,-9600,9600,-9600,0
131.73 21 NAVIGATION 0 0 0 0 286 0. 570986.7
131.75 21 ATTITUDE 0 0 0
131.79 21 GYRO_RATES -170 -196 -165 1.48353 -1.710423 1.439897
131.81 21 FBW_STATUS 2 1 126
131.85 21 ESTIMATOR 709.382507 0.064505 938.25 6.450539 948.239929
131.94 21 NAVIGATION 0 0 0 0 286 0. 570986.7
131.99 21 WP_MOVED 1 358824.90625 4822110. 702.
132.11 21 DESIRED 0. 0. 0. 0. 700. -2.
132.18 21 NAVIGATION 0 0 0 0 286 0. 570986.7
132.19 21 ATTITUDE 0 0 0
132.30 21 ESTIMATOR 709.395996 0.028808 939.600037 2.880783 949.140015
132.35 21 DL_VALUE 3 0.
132.41 21 NAVIGATION 0 0 0 0 286 0. 570986.7
132.41 21 DOWNLINK_STATUS 131 16466 1091 0 258. 17.
132.46 21 WP_MOVED 2 358071. 4822161. 0.
132.63 21 COMMANDS 0,-9600,9600,-9600,0
132.67 21 NAVIGATION 0 0 0 0 286 0. 570986.7
132.69 21 ATTITUDE 0 0 0
132.72 21 GYRO_RATES -162 -186 -156 1.413717 -1.623156 1.361357
132.73 21 FBW_STATUS 2 1 126
132.77 21 ESTIMATOR 709.463501 0.08559 946.350037 8.559036 948.599976
132.79 21 BAT 0 126 0 0 4 4 0
132.84 21 CALIBRATION -7.616 0.037 0.5 2
132.88 21 NAVIGATION 0 0 0 0 286 0. 570986.7
132.93 21 WP_MOVED 0 358113. 4822203. 702.
132.95 21 SERVO 9600 -9600 0
133.05 21 DESIRED 0. 0. 0. 0. 700. -2.
133.11 21 NAVIGATION 0 0 0 0 286 0. 570986.7
133.13 21 ATTITUDE 0 0 0
133.23 21 ESTIMATOR 709.585022 -0.010773 958.5 -1.077347 947.970032
133.29 21 DL_VALUE 4 2.
133.35 21 NAVIGATION 0 0 0 0 286 0. 570986.7
133.40 21 WP_MOVED 1 358824.90625 4822110. 702.
133.41 21 DOWNLINK_STATUS 132 16751 1110 0 285. 19.
133.57 21 COMMANDS 0,-9600,9600,-9600,0
133.61 21 NAVIGATION 0 0 0 0 286 0. 570986.7
133.63 21 ATTITUDE 0 0 0
133.66 21 GYRO_RATES -153 -179 -148 1.335177 -1.56207 1.291544
133.67 21 FBW_STATUS 2 1 126
133.71 21 ESTIMATOR 709.598511 -0.050085 959.850037 -5.008545 947.159973
133.76 21 ACTUATORS 1500,2000,0,1200,1000,1530
133.82 21 NAVIGATION 0 0 0 0 286 0. 570986.7
133.87 21 WP_MOVED 2 358071. 4822161. 0.
133.99 21 DESIRED 0. 0. 0. 0. 700. -2.
134.05 21 NAVIGATION 0 0 0 0 286 0. 570986.7
134.07 21 ATTITUDE 0 0 0
134.09 21 PPRZ_MODE 2 3 1 0 0 6 0
134.17 21 ESTIMATOR 709.544495 -0.00278 954.450012 -0.278015 947.159912
134.23 21 DL_VALUE 5 0.
134.29 21 NAVIGATION 0 0 0 0 286 0. 570986.7
134.35 21 WP_MOVED 0 358113. 4822203. 702.
134.41 21 DOWNLINK_STATUS 133 17008 1127 0 257. 17.
134.51 21 COMMANDS 0,-9600,9600,-9600,0
134.54 21 NAVIGATION 0 0 0 0 286 0. 570986.7
134.56 21 ATTITUDE 0 0 0
134.60 21 GYRO_RATES -161 -186 -155 1.40499 -1.623156 1.35263
134.61 21 FBW_STATUS 2 1 126
134.64 21 ESTIMATOR 709.504028 -0.110699 950.400024 -11.06987 946.889893
134.67 21 BAT 0 126 0 0 6 6 0
134.71 21 CALIBRATION -9.472 0.037 0.5 2
134.75 21 NAVIGATION 0 0 0 0 286 0. 570986.7
134.82 21 WP_MOVED 1 358824.90625 4822110. 702.
134.86 21 SERVO 9600 -9600 0
134.93 21 DESIRED 0. 0. 0. 0. 700. -2.
134.99 21 NAVIGATION 0 0 0 0 286 0. 570986.7
135.01 21 ATTITUDE 0 0 0
135.11 21 ESTIMATOR 709.382507 0.013717 938.25 1.371651 947.339966
135.17 21 DL_VALUE 6 0.
135.22 21 NAVIGATION 0 0 0 0 286 0. 570986.7
135.27 21 WP_MOVED 2 358071. 4822161. 0.
135.41 21 DOWNLINK_STATUS 134 17278 1145 0 270. 18.
135.45 21 COMMANDS 0,-9600,9600,-9600,0
135.48 21 NAVIGATION 0 0 0 0 286 0. 570986.7
135.50 21 ATTITUDE 0 0 0
135.53 21 GYRO_RATES -171 -197 -166 1.492257 -1.719149 1.448623
135.55 21 FBW_STATUS 2 1 126
135.58 21 ESTIMATOR 709.35553 0.075248 935.549988 7.524757 949.320068
135.69 21 NAVIGATION 0 0 0 0 286 0. 570986.7
135.75 21 WP_MOVED 0 358113. 4822203. 702.
135.87 21 DESIRED 0. 0. 0. 0. 700. -2.
135.93 21 NAVIGATION 0 0 0 0 286 0. 570986.7
135.95 21 ATTITUDE 0 0 0
136.05 21 ESTIMATOR 709.395996 -0.017415 939.600037 -1.741524 948.960083
136.10 21 DL_VALUE 7 0.
136.16 21 NAVIGATION 0 0 0 0 286 0. 570986.7
136.21 21 WP_MOVED 1 358824.90625 4822110. 702.
136.39 21 COMMANDS 0,-9600,9600,-9600,0
136.41 21 DOWNLINK_STATUS 135 17524 1161 0 246. 16.
136.42 21 NAVIGATION 0 0 0 0 286 0. 570986.7
136.44 21 ATTITUDE 0 0 0
136.47 21 GYRO_RATES -163 -189 -157 1.422443 -1.649336 1.370083
136.48 21 FBW_STATUS 2 1 126
136.51 21 ESTIMATOR 709.436523 0.096201 943.650024 9.620132 948.149963
136.54 21 BAT 0 126 0 0 7 7 0
136.59 21 CALIBRATION -9.486 0.037 0.5 2
136.63 21 NAVIGATION 0 0 0 0 286 0. 570986.7
136.68 21 WP_MOVED 2 358071. 4822161. 0.
136.70 21 SERVO 9600 -9600 0
136.82 21 DESIRED 0. 0. 0. 0. 700. -2.
136.87 21 NAVIGATION 0 0 0 0 286 0. 570986.7
136.88 21 ATTITUDE 0 0 0
136.98 21 ESTIMATOR 709.544495 0.027674 954.450012 2.76741 948.329956
137.04 21 DL_VALUE 8 0.
137.10 21 NAVIGATION 0 0 0 0 286 0. 570986.7
137.15 21 WP_MOVED 0 358113. 4822203. 702.
137.34 21 COMMANDS 0,-9600,9600,-9600,0
137.36 21 NAVIGATION 0 0 0 0 286 0. 570986.7
137.37 21 ATTITUDE 0 0 0
137.41 21 GYRO_RATES -152 -178 -147 1.32645 -1.553343 1.282817
137.41 21 DOWNLINK_STATUS 136 17840 1182 0 316. 21.
137.42 21 FBW_STATUS 2 1 126
137.45 21 ESTIMATOR 709.598511 -0.045335 959.850037 -4.533463 947.970032
137.57 21 NAVIGATION 0 0 0 0 286 0. 570986.7
137.62 21 WP_MOVED 1 358824.90625 4822110. 702.
137.74 21 DESIRED 0. 0. 0. 0. 700. -2.
137.82 21 NAVIGATION 0 0 0 0 286 0. 570986.7
137.86 21 ATTITUDE 0 0 0
137.92 21 ESTIMATOR 709.557983 -0.041366 955.799988 -4.136581 946.709961
137.98 21 DL_VALUE 9 466.
138.03 21 NAVIGATION 0 0 0 0 286 0. 570986.7
138.09 21 WP_MOVED 2 358071. 4822161. 0.
138.11 21 NAVIGATION_REF 358071 4822161 31
138.26 21 COMMANDS 0,-9600,9600,-9600,0
138.29 21 NAVIGATION 0 0 0 0 286 0. 570986.7
138.33 21 ATTITUDE 0 0 0
138.37 21 GYRO_RATES -159 -184 -155 1.387537 -1.605703 1.35263
138.37 21 FBW_STATUS 2 1 126
138.39 21 ESTIMATOR 709.598511 -0.112644 959.850037 -11.264381 947.249817
138.41 21 DOWNLINK_STATUS 137 18111 1200 0 271. 18.
138.42 21 BAT 0 126 0 0 9 9 0
138.45 21 ACTUATORS 1500,2000,0,1200,1000,1530
138.47 21 CALIBRATION -9.47 0.037 0.5 2
138.51 21 NAVIGATION 0 0 0 0 286 0. 570986.7
138.56 21 WP_MOVED 0 358113. 4822203. 702.
138.58 21 SERVO 9600 -9600 0
138.68 21 DESIRED 0. 0. 0. 0. 700. -2.
138.74 21 NAVIGATION 0 0 0 0 286 0. 570986.7
138.76 21 ATTITUDE 0 0 0
138.77 21 PPRZ_MODE 2 3 1 0 0 6 0
138.86 21 ESTIMATOR 709.436523 -0.044008 943.650024 -4.400787 948.239868
138.91 21 DL_VALUE 10 492.
138.97 21 NAVIGATION 0 0 0 0 286 0. 570986.7
139.03 21 WP_MOVED 1 358824.90625 4822110. 702.
139.20 21 COMMANDS 0,-9600,9600,-9600,0
139.23 21 NAVIGATION 0 0 0 0 286 0. 570986.7
139.25 21 ATTITUDE 0 0 0
139.28 21 GYRO_RATES -169 -195 -165 1.474803 -1.701696 1.439897
139.29 21 FBW_STATUS 2 1 126
139.35 21 ESTIMATOR 709.35553 0.027001 935.549988 2.700119 947.880005
139.41 21 DOWNLINK_STATUS 138 18405 1220 0 294. 20.
139.44 21 NAVIGATION 0 0 0 0 286 0. 570986.7
139.49 21 WP_MOVED 2 358071. 4822161. 0.
139.61 21 DESIRED 0. 0. 0. 0. 700. -2.
139.68 21 NAVIGATION 0 0 0 0 286 0. 570986.7
139.69 21 ATTITUDE 0 0 0
139.79 21 ESTIMATOR 709.382507 0.096337 938.25 9.633675 949.499939
139.86 21 DL_VALUE 11 461.
139.91 21 NAVIGATION 0 0 0 0 286 0. 570986.7
139.96 21 WP_MOVED 0 358113. 4822203. 702.
140.13 21 COMMANDS 0,-9600,9600,-9600,0
140.17 21 NAVIGATION 0 0 0 0 286 0. 570986.7
140.19 21 ATTITUDE 0 0 0
140.22 21 GYRO_RATES -165 -189 -159 1.439897 -1.649336 1.387537
140.23 21 FBW_STATUS 2 1 126
140.27 21 ESTIMATOR 709.409485 0.039341 940.950012 3.934059 950.129883
140.29 21 BAT 0 126 0 0 11 11 0
140.35 21 CALIBRATION -9.493 0.037 0.5 2
140.38 21 NAVIGATION 0 0 0 0 286 0. 570986.7
140.41 21 DOWNLINK_STATUS 139 18685 1238 0 280. 18.
140.43 21 WP_MOVED 1 358824.90625 4822110. 702.
140.45 21 SERVO 9600 -9600 0
140.55 21 DESIRED 0. 0. 0. 0. 700. -2.
140.61 21 NAVIGATION 0 0 0 0 286 0. 570986.7
140.63 21 ATTITUDE 0 0 0
140.73 21 ESTIMATOR 709.517517 0.043119 951.75 4.311943 947.519958
140.79 21 DL_VALUE 12 1.35
140.86 21 NAVIGATION 0 0 0 0 286 0. 570986.7
140.90 21 WP_MOVED 2 358071. 4822161. 0.
141.07 21 COMMANDS 0,-9600,9600,-9600,0
141.11 21 NAVIGATION 0 0 0 0 286 0. 570986.7
141.13 21 ATTITUDE 0 0 0
141.16 21 GYRO_RATES -154 -179 -148 1.343904 -1.56207 1.291544
141.17 21 FBW_STATUS 2 1 126
141.21 21 ESTIMATOR 709.612 -0.065636 961.200012 -6.563644 946.799988
141.33 21 NAVIGATION 0 0 0 0 286 0. 570986.7
141.37 21 WP_MOVED 0 358113. 4822203. 702.
141.41 21 DOWNLINK_STATUS 140 18941 1255 0 256. 17.
141.49 21 DESIRED 0. 0. 0. 0. 700. -2.
141.55 21 NAVIGATION 0 0 0 0 286 0. 570986.7
141.57 21 ATTITUDE 0 0 0
141.67 21 ESTIMATOR 709.544495 0.009719 954.450012 0.97187 945.900024
141.73 21 DL_VALUE 13 0.
141.79 21 NAVIGATION 0 0 0 0 286 0. 570986.7
141.84 21 WP_MOVED 1 358824.90625 4822110. 702.
142.01 21 COMMANDS 0,-9600,9600,-9600,0
142.04 21 NAVIGATION 0 0 0 0 286 0. 570986.7
142.06 21 ATTITUDE 0 0 0
142.10 21 GYRO_RATES -157 -183 -152 1.370083 -1.596976 1.32645
142.11 21 FBW_STATUS 2 1 126
142.14 21 ESTIMATOR 709.504028 -0.048141 950.400024 -4.814072 946.169983
142.17 21 BAT 0 126 0 0 13 13 0
142.21 21 CALIBRATION -9.471 0.037 0.5 2
142.25 21 NAVIGATION 0 0 0 0 286 0. 570986.7
142.31 21 WP_MOVED 2 358071. 4822161. 0.
142.35 21 SERVO 9600 -9600 0
142.41 21 DOWNLINK_STATUS 141 19211 1273 0 270. 18.
142.43 21 DESIRED 0. 0. 0. 0. 700. -2.
142.49 21 NAVIGATION 0 0 0 0 286 0. 570986.7
142.51 21 ATTITUDE 0 0 0
142.61 21 ESTIMATOR 709.436523 -0.055674 943.650024 -5.567398 945.629944
142.67 21 DL_VALUE 14 0.
142.72 21 NAVIGATION 0 0 0 0 286 0. 570986.7
142.77 21 WP_MOVED 0 358113. 4822203. 702.
142.95 21 COMMANDS 0,-9600,9600,-9600,0
142.98 21 NAVIGATION 0 0 0 0 286 0. 570986.7
143.00 21 ATTITUDE 0 0 0
143.03 21 GYRO_RATES -169 -195 -165 1.474803 -1.701696 1.439897
143.05 21 FBW_STATUS 2 1 126
143.08 21 ESTIMATOR 709.328491 0.082162 932.850037 8.216248 947.699951
143.13 21 ACTUATORS 1500,2000,0,1200,1000,1530
143.19 21 NAVIGATION 0 0 0 0 286 0. 570986.7
143.24 21 WP_MOVED 1 358824.90625 4822110. 702.
143.37 21 DESIRED 0. 0. 0. 0. 700. -2.
143.41 21 DOWNLINK_STATUS 142 19485 1290 0 274. 17.
143.43 21 NAVIGATION 0 0 0 0 286 0. 570986.7
143.44 21 ATTITUDE 0 0 0
143.46 21 PPRZ_MODE 2 3 1 0 0 6 0
143.54 21 ESTIMATOR 709.35553 -0.009695 935.549988 -0.969467 947.789978
143.60 21 DL_VALUE 15 0.75
143.66 21 NAVIGATION 0 0 0 0 286 0. 570986.7
143.71 21 WP_MOVED 2 358071. 4822161. 0.
143.89 21 COMMANDS 0,-9600,9600,-9600,0
143.92 21 NAVIGATION 0 0 0 0 286 0. 570986.7
143.94 21 ATTITUDE 0 0 0
143.97 21 GYRO_RATES -166 -192 -162 1.448623 -1.675516 1.413717
143.98 21 FBW_STATUS 2 1 126
144.01 21 ESTIMATOR 709.382507 0.036505 938.25 3.650475 946.97998
144.04 21 BAT 0 126 0 0 15 15 0
144.09 21 CALIBRATION -9.487 0.037 0.5 2
144.13 21 NAVIGATION 0 0 0 0 286 0. 570986.7
144.18 21 WP_MOVED 0 358113. 4822203. 702.
144.20 21 SERVO 9600 -9600 0
144.31 21 DESIRED 0. 0. 0. 0. 700. -2.
144.37 21 NAVIGATION 0 0 0 0 286 0. 570986.7
144.38 21 ATTITUDE 0 0 0
144.41 21 DOWNLINK_STATUS 143 19790 1311 0 305. 21.
144.48 21 ESTIMATOR 709.463501 0.112508 946.350037 11.250763 947.429932
144.54 21 DL_VALUE 16 25000.
144.60 21 NAVIGATION 0 0 0 0 286 0. 570986.7
144.65 21 WP_MOVED 1 358824.90625 4822110. 702.
144.84 21 COMMANDS 0,-9600,9600,-9600,0
144.86 21 NAVIGATION 0 0 0 0 286 0. 570986.7
144.87 21 ATTITUDE 0 0 0
144.91 21 GYRO_RATES -154 -179 -149 1.343904 -1.56207 1.30027
144.92 21 FBW_STATUS 2 1 126
144.95 21 ESTIMATOR 709.557983 -0.028161 955.799988 -2.816124 946.619995
145.07 21 NAVIGATION 0 0 0 0 286 0. 570986.7
145.12 21 WP_MOVED 2 358071. 4822161. 0.
145.24 21 DESIRED 0. 0. 0. 0. 700. -2.
145.32 21 NAVIGATION 0 0 0 0 286 0. 570986.7
145.36 21 ATTITUDE 0 0 0
145.41 21 DOWNLINK_STATUS 144 20023 1326 0 233. 15.
145.42 21 ESTIMATOR 709.571472 -0.024059 957.150024 -2.405853 945.809998
145.48 21 DL_VALUE 17 25000.
145.53 21 NAVIGATION 0 0 0 0 286 0. 570986.7
145.59 21 WP_MOVED 0 358113. 4822203. 702.
145.76 21 COMMANDS 0,-9600,9600,-9600,0
145.79 21 NAVIGATION 0 0 0 0 286 0. 570986.7
145.83 21 ATTITUDE 0 0 0
145.87 21 GYRO_RATES -156 -181 -151 1.361357 -1.579523 1.317724
145.87 21 FBW_STATUS 2 1 126
145.89 21 ESTIMATOR 709.598511 -0.087589 959.850037 -8.758926 945.900024
145.91 21 BAT 0 126 0 0 17 17 0
145.96 21 CALIBRATION -9.455 0.037 0.5 2
146.01 21 NAVIGATION 0 0 0 0 286 0. 570986.7
146.05 21 WP_MOVED 1 358824.90625 4822110. 702.
146.08 21 SERVO 9600 -9600 0
146.18 21 DESIRED 0. 0. 0. 0. 700. -2.
146.24 21 NAVIGATION 0 0 0 0 286 0. 570986.7
146.25 21 ATTITUDE 0 0 0
146.36 21 ESTIMATOR 709.463501 -0.116397 946.350037 -11.639671 945.719971
146.41 21 DOWNLINK_STATUS 145 20315 1345 0 292. 19.
146.41 21 DL_VALUE 18 0.75
146.47 21 NAVIGATION 0 0 0 0 286 0. 570986.7
146.53 21 WP_MOVED 2 358071. 4822161. 0.
146.55 21 NAVIGATION_REF 358071 4822161 31
146.70 21 COMMANDS 0,-9600,9600,-9600,0
146.73 21 NAVIGATION 0 0 0 0 286 0. 570986.7
146.75 21 ATTITUDE 0 0 0
146.78 21 GYRO_RATES -167 -193 -163 1.45735 -1.684243 1.422443
146.79 21 FBW_STATUS 2 1 126
146.85 21 ESTIMATOR 709.328491 0.073493 932.850037 7.349281 945.629944
146.94 21 NAVIGATION 0 0 0 0 286 0. 570986.7
146.99 21 WP_MOVED 0 358113. 4822203. 702.
147.11 21 DESIRED 0. 0. 0. 0. 700. -2.
147.18 21 NAVIGATION 0 0 0 0 286 0. 570986.7
147.19 21 ATTITUDE 0 0 0
147.29 21 ESTIMATOR 709.34198 0.068364 934.200012 6.836357 947.159973
147.35 21 DL_VALUE 19 13000.
147.41 21 NAVIGATION 0 0 0 0 286 0. 570986.7
147.41 21 DOWNLINK_STATUS 146 20584 1363 0 269. 18.
147.46 21 WP_MOVED 1 358824.90625 4822110. 702.
147.63 21 COMMANDS 0,-9600,9600,-9600,0
147.67 21 NAVIGATION 0 0 0 0 286 0. 570986.7
147.69 21 ATTITUDE 0 0 0
147.72 21 GYRO_RATES -166 -192 -161 1.448623 -1.675516 1.40499
147.73 21 FBW_STATUS 2 1 126
147.77 21 ESTIMATOR 709.382507 0.025002 938.25 2.500153 948.059998
147.79 21 BAT 0 126 0 0 19 19 0
147.83 21 ACTUATORS 1500,2000,0,1200,1000,1530
147.86 21 CALIBRATION -9.48 0.037 0.5 2
147.88 21 NAVIGATION 0 0 0 0 286 0. 570986.7
147.93 21 WP_MOVED 2 358071. 4822161. 0.
147.95 21 SERVO 9600 -9600 0
148.05 21 DESIRED 0. 0. 0. 0. 700. -2.
148.11 21 NAVIGATION 0 0 0 0 286 0. 570986.7
148.13 21 ATTITUDE 0 0 0
148.15 21 PPRZ_MODE 2 3 1 0 0 6 0
148.23 21 ESTIMATOR 709.422974 0.080757 942.299988 8.075676 946.169922
148.29 21 DL_VALUE 20 13000.
148.35 21 NAVIGATION 0 0 0 0 286 0. 570986.7
148.40 21 WP_MOVED 0 358113. 4822203. 702.
148.41 21 DOWNLINK_STATUS 147 20893 1384 0 309. 21.
148.57 21 COMMANDS 0,-9600,9600,-9600,0
148.61 21 NAVIGATION 0 0 0 0 286 0. 570986.7
148.63 21 ATTITUDE 0 0 0
148.66 21 GYRO_RATES -156 -181 -151 1.361357 -1.579523 1.317724
148.67 21 FBW_STATUS 2 1 126
148.71 21 ESTIMATOR 709.571472 -0.002106 957.150024 -0.210609 946.26001
148.83 21 NAVIGATION 0 0 0 0 286 0. 570986.7
148.87 21 WP_MOVED 1 358824.90625 4822110. 702.
148.99 21 DESIRED 0. 0. 0. 0. 700. -2.
149.05 21 NAVIGATION 0 0 0 0 286 0. 570986.7
149.07 21 ATTITUDE 0 0 0
149.17 21 ESTIMATOR 709.557983 -0.007642 955.799988 -0.764198 946.439819
149.23 21 DL_VALUE 21 0.75
149.29 21 NAVIGATION 0 0 0 0 286 0. 570986.7
149.35 21 WP_MOVED 2 358071. 4822161. 0.
149.41 21 DOWNLINK_STATUS 148 21126 1399 0 233. 15.
149.51 21 COMMANDS 0,-9600,9600,-9600,0
149.54 21 NAVIGATION 0 0 0 0 286 0. 570986.7
149.56 21 ATTITUDE 0 0 0
149.59 21 GYRO_RATES -155 -181 -151 1.35263 -1.579523 1.317724
149.61 21 FBW_STATUS 2 1 126
149.64 21 ESTIMATOR 709.557983 -0.071333 955.799988 -7.133293 945.269714
149.67 21 BAT 0 126 0 0 21 21 0
149.71 21 CALIBRATION -9.449 0.037 0.5 2
149.75 21 NAVIGATION 0 0 0 0 286 0. 570986.7
149.81 21 WP_MOVED 0 358113. 4822203. 702.
149.85 21 SERVO 9600 -9600 0
149.93 21 DESIRED 0. 0. 0. 0. 700. -2.
149.99 21 NAVIGATION 0 0 0 0 286 0. 570986.7
150.01 21 ATTITUDE 0 0 0
150.11 21 ESTIMATOR 709.490479 -0.056671 949.049988 -5.667076 945.719849
150.16 21 DL_VALUE 22 18000.
150.22 21 NAVIGATION 0 0 0 0 286 0. 570986.7
150.27 21 WP_MOVED 1 358824.90625 4822110. 702.
150.41 21 DOWNLINK_STATUS 149 21396 1417 0 270. 18.
150.45 21 COMMANDS 0,-9600,9600,-9600,0
150.48 21 NAVIGATION 0 0 0 0 286 0. 570986.7
150.50 21 ATTITUDE 0 0 0
150.53 21 GYRO_RATES -166 -191 -161 1.448623 -1.666789 1.40499
150.54 21 FBW_STATUS 2 1 126
150.58 21 ESTIMATOR 709.395996 0.03599 939.600037 3.599014 946.979858
150.69 21 NAVIGATION 0 0 0 0 286 0. 570986.7
150.74 21 WP_MOVED 2 358071. 4822161. 0.
150.87 21 DESIRED 0. 0. 0. 0. 700. -2.
150.93 21 NAVIGATION 0 0 0 0 286 0. 570986.7
150.94 21 ATTITUDE 0 0 0
151.04 21 ESTIMATOR 709.328491 -0.008586 932.850037 -0.858612 946.889832
151.10 21 DL_VALUE 23 18000.
151.16 21 NAVIGATION 0 0 0 0 286 0. 570986.7
151.21 21 WP_MOVED 0 358113. 4822203. 702.
151.38 21 COMMANDS 0,-9600,9600,-9600,0
151.41 21 DOWNLINK_STATUS 150 21642 1433 0 246. 16.
151.42 21 NAVIGATION 0 0 0 0 286 0. 570986.7
151.44 21 ATTITUDE 0 0 0
151.47 21 GYRO_RATES -169 -194 -164 1.474803 -1.692969 1.43117
151.48 21 FBW_STATUS 2 1 126
151.51 21 ESTIMATOR 709.382507 -0.003051 938.25 -0.305138 946.799866
151.54 21 BAT 0 126 0 0 23 23 0
151.59 21 CALIBRATION -9.479 0.037 0.5 2
151.63 21 NAVIGATION 0 0 0 0 286 0. 570986.7
151.68 21 WP_MOVED 1 358824.90625 4822110. 702.
151.70 21 SERVO 9600 -9600 0
151.81 21 DESIRED 0. 0. 0. 0. 700. -2.
151.87 21 NAVIGATION 0 0 0 0 286 0. 570986.7
151.88 21 ATTITUDE 0 0 0
151.98 21 ESTIMATOR 709.436523 0.115507 943.650024 11.550674 947.069885
152.04 21 DL_VALUE 24 0.3
152.10 21 NAVIGATION 0 0 0 0 286 0. 570986.7
152.15 21 WP_MOVED 2 358071. 4822161. 0.
152.34 21 COMMANDS 0,-9600,9600,-9600,0
152.36 21 NAVIGATION 0 0 0 0 286 0. 570986.7
152.37 21 ATTITUDE 0 0 0
152.41 21 GYRO_RATES -156 -182 -150 1.361357 -1.58825 1.308997
152.41 21 DOWNLINK_STATUS 151 21958 1454 0 316. 21.
152.42 21 FBW_STATUS 2 1 126
152.45 21 ESTIMATOR 709.504028 -0.002238 950.400024 -0.223808 946.799927
152.51 21 ACTUATORS 1500,2000,0,1200,1000,1530
152.57 21 NAVIGATION 0 0 0 0 286 0. 570986.7
152.62 21 WP_MOVED 0 358113. 4822203. 702.
152.74 21 DESIRED 0. 0. 0. 0. 700. -2.
152.81 21 NAVIGATION 0 0 0 0 286 0. 570986.7
152.85 21 ATTITUDE 0 0 0
152.85 21 PPRZ_MODE 2 3 1 0 0 6 0
152.92 21 ESTIMATOR 709.585022 0.001891 958.5 0.189056 945.899963
152.97 21 DL_VALUE 25 0.23306
153.03 21 NAVIGATION 0 0 0 0 286 0. 570986.7
153.09 21 WP_MOVED 1 358824.90625 4822110. 702.
153.26 21 COMMANDS 0,-9600,9600,-9600,0
153.29 21 NAVIGATION 0 0 0 0 286 0. 570986.7
153.32 21 ATTITUDE 0 0 0
153.36 21 GYRO_RATES -154 -179 -149 1.343904 -1.56207 1.30027
153.36 21 FBW_STATUS 2 1 126
153.39 21 ESTIMATOR 709.585022 -0.040417 958.5 -4.04171 945.990051
153.41 21 DOWNLINK_STATUS 152 22242 1473 0 284. 19.
153.41 21 BAT 0 126 0 0 25 25 0
153.46 21 CALIBRATION -9.447 0.037 0.5 2
153.50 21 NAVIGATION 0 0 0 0 286 0. 570986.7
153.55 21 WP_MOVED 2 358071. 4822161. 0.
153.58 21 SERVO 9600 -9600 0
153.68 21 DESIRED 0. 0. 0. 0. 700. -2.
153.74 21 NAVIGATION 0 0 0 0 286 0. 570986.7
153.75 21 ATTITUDE 0 0 0
153.86 21 ESTIMATOR 709.517517 -0.10584 951.75 -10.583954 945.089905
153.91 21 DL_VALUE 26 0.005
153.97 21 NAVIGATION 0 0 0 0 286 0. 570986.7
154.03 21 WP_MOVED 0 358113. 4822203. 702.
154.19 21 COMMANDS 0,-9600,9600,-9600,0
154.23 21 NAVIGATION 0 0 0 0 286 0. 570986.7
154.25 21 ATTITUDE 0 0 0
154.28 21 GYRO_RATES -164 -188 -160 1.43117 -1.64061 1.396263
154.29 21 FBW_STATUS 2 1 126
154.34 21 ESTIMATOR 709.422974 -0.02384 942.299988 -2.384033 945.720032
154.41 21 DOWNLINK_STATUS 153 22512 1491 0 270. 18.
154.44 21 NAVIGATION 0 0 0 0 286 0. 570986.7
154.49 21 WP_MOVED 1 358824.90625 4822110. 702.
154.61 21 DESIRED 0. 0. 0. 0. 700. -2.
154.68 21 NAVIGATION 0 0 0 0 286 0. 570986.7
154.69 21 ATTITUDE 0 0 0
154.79 21 ESTIMATOR 709.34198 0.040555 934.200012 4.055481 946.619934
154.86 21 DL_VALUE 27 0.037
154.91 21 NAVIGATION 0 0 0 0 286 0. 570986.7
154.96 21 WP_MOVED 2 358071. 4822161. 0.
154.99 21 NAVIGATION_REF 358071 4822161 31
155.13 21 COMMANDS 0,-9600,9600,-9600,0
155.17 21 NAVIGATION 0 0 0 0 286 0. 570986.7
155.19 21 ATTITUDE 0 0 0
155.22 21 GYRO_RATES -167 -193 -163 1.45735 -1.684243 1.422443
155.23 21 FBW_STATUS 2 1 126
155.27 21 ESTIMATOR 709.35553 0.03942 935.549988 3.941994 948.329895
155.29 21 BAT 0 126 0 0 27 27 0
155.35 21 CALIBRATION -9.484 0.037 0.5 2
155.38 21 NAVIGATION 0 0 0 0 286 0. 570986.7
155.41 21 DOWNLINK_STATUS 154 22803 1510 0 291. 19.
155.43 21 WP_MOVED 0 358113. 4822203. 702.
155.45 21 SERVO 9600 -9600 0
155.55 21 DESIRED 0. 0. 0. 0. 700. -2.
155.61 21 NAVIGATION 0 0 0 0 286 0. 570986.7
155.63 21 ATTITUDE 0 0 0
155.73 21 ESTIMATOR 709.382507 0.065421 938.25 6.54213 945.989868
155.79 21 DL_VALUE 28 0.
155.85 21 NAVIGATION 0 0 0 0 286 0. 570986.7
155.90 21 WP_MOVED 1 358824.90625 4822110. 702.
156.07 21 COMMANDS 0,-9600,9600,-9600,0
156.11 21 NAVIGATION 0 0 0 0 286 0. 570986.7
156.12 21 ATTITUDE 0 0 0
156.16 21 GYRO_RATES -159 -183 -153 1.387537 -1.596976 1.335177
156.17 21 FBW_STATUS 2 1 126
156.21 21 ESTIMATOR 709.47699 0.011259 947.700012 1.125908 944.639954
156.32 21 NAVIGATION 0 0 0 0 286 0. 570986.7
156.37 21 WP_MOVED 2 358071. 4822161. 0.
156.41 21 DOWNLINK_STATUS 155 23059 1527 0 256. 17.
156.49 21 DESIRED 0. 0. 0. 0. 700. -2.
156.55 21 NAVIGATION 0 0 0 0 286 0. 570986.7
156.57 21 ATTITUDE 0 0 0
156.67 21 ESTIMATOR 709.544495 -0.018441 954.450012 -1.844063 944.370056
156.73 21 DL_VALUE 29 0.045
156.79 21 NAVIGATION 0 0 0 0 286 0. 570986.7
156.85 21 WP_MOVED 0 358113. 4822203. 702.
157.01 21 COMMANDS 0,-9600,9600,-9600,0
157.04 21 NAVIGATION 0 0 0 0 286 0. 570986.7
157.06 21 ATTITUDE 0 0 0
157.09 21 GYRO_RATES -153 -178 -148 1.335177 -1.553343 1.291544
157.11 21 FBW_STATUS 2 1 125
157.14 21 ESTIMATOR 709.531006 -0.064556 953.100037 -6.455612 941.759888
157.17 21 BAT 0 126 0 0 29 29 0
157.19 21 ACTUATORS 1500,2000,0,1200,1000,1530
157.22 21 CALIBRATION -9.44 0.037 0.5 2
157.26 21 NAVIGATION 0 0 0 0 286 0. 570986.7
157.31 21 WP_MOVED 1 358824.90625 4822110. 702.
157.35 21 SERVO 9600 -9600 0
157.41 21 DOWNLINK_STATUS 156 23344 1546 0 285. 19.
157.43 21 DESIRED 0. 0. 0. 0. 700. -2.
157.49 21 NAVIGATION 0 0 0 0 286 0. 570986.7
157.50 21 ATTITUDE 0 0 0
157.52 21 PPRZ_MODE 2 3 1 0 0 6 0
157.61 21 ESTIMATOR 709.490479 -0.032642 949.049988 -3.26416 941.849854
157.66 21 DL_VALUE 30 1.
157.72 21 NAVIGATION 0 0 0 0 286 0. 570986.7
157.77 21 WP_MOVED 2 358071. 4822161. 0.
157.95 21 COMMANDS 0,-9600,9600,-9600,0
157.98 21 NAVIGATION 0 0 0 0 286 0. 570986.7
158.00 21 ATTITUDE 0 0 0
158.03 21 GYRO_RATES -162 -189 -158 1.413717 -1.649336 1.37881
158.04 21 FBW_STATUS 2 1 125
158.08 21 ESTIMATOR 709.395996 -0.008398 939.600037 -0.839844 943.200012
158.19 21 NAVIGATION 0 0 0 0 286 0. 570986.7
158.24 21 WP_MOVED 0 358113. 4822203. 702.
158.36 21 DESIRED 0. 0. 0. 0. 700. -2.
158.41 21 DOWNLINK_STATUS 157 23612 1563 0 268. 17.
158.43 21 NAVIGATION 0 0 0 0 286 0. 570986.7
158.44 21 ATTITUDE 0 0 0
158.54 21 ESTIMATOR 709.274475 0.016526 927.450012 1.652565 942.840027
158.60 21 DL_VALUE 31 0.
158.66 21 NAVIGATION 0 0 0 0 286 0. 570986.7
158.71 21 WP_MOVED 1 358824.90625 4822110. 702.
158.88 21 COMMANDS 0,-9600,9600,-9600,0
158.92 21 NAVIGATION 0 0 0 0 286 0. 570986.7
158.94 21 ATTITUDE 0 0 0
158.97 21 GYRO_RATES -171 -197 -166 1.492257 -1.719149 1.448623
158.98 21 FBW_STATUS 2 1 125
159.01 21 ESTIMATOR 709.328491 0.046171 932.850037 4.617119 943.649902
159.04 21 BAT 0 125 0 0 31 31 0
159.09 21 CALIBRATION -9.464 0.037 0.5 2
159.13 21 NAVIGATION 0 0 0 0 286 0. 570986.7
159.18 21 WP_MOVED 2 358071. 4822161. 0.
159.20 21 SERVO 9600 -9600 0
159.31 21 DESIRED 0. 0. 0. 0. 700. -2.
159.36 21 NAVIGATION 0 0 0 0 286 0. 570986.7
159.38 21 ATTITUDE 0 0 0
159.41 21 DOWNLINK_STATUS 158 23908 1583 0 296. 20.
159.48 21 ESTIMATOR 709.369019 0.066338 936.900024 6.633835 944.369995
159.54 21 DL_VALUE 32 0.
159.60 21 NAVIGATION 0 0 0 0 286 0. 570986.7
159.65 21 WP_MOVED 0 358113. 4822203. 702.
159.84 21 COMMANDS 0,-9600,9600,-9600,0
159.86 21 NAVIGATION 0 0 0 0 286 0. 570986.7
159.87 21 ATTITUDE 0 0 0
159.91 21 GYRO_RATES -158 -184 -154 1.37881 -1.605703 1.343904
159.92 21 FBW_STATUS 2 1 126
159.95 21 ESTIMATOR 709.436523 0.046928 943.650024 4.692764 944.18988
160.07 21 NAVIGATION 0 0 0 0 286 0. 570986.7
160.12 21 WP_MOVED 1 358824.90625 4822110. 702.
160.24 21 DESIRED 0. 0. 0. 0. 700. -2.
160.31 21 NAVIGATION 0 0 0 0 286 0. 570986.7
160.35 21 ATTITUDE 0 0 0
160.41 21 DOWNLINK_STATUS 159 24141 1598 0 233. 15.
160.42 21 ESTIMATOR 709.544495 -0.026161 954.450012 -2.616081 942.839905
160.47 21 DL_VALUE 33 0.037
160.53 21 NAVIGATION 0 0 0 0 286 0. 570986.7
160.59 21 WP_MOVED 2 358071. 4822161. 0.
160.76 21 COMMANDS 0,-9600,9600,-9600,0
160.79 21 NAVIGATION 0 0 0 0 286 0. 570986.7
160.82 21 ATTITUDE 0 0 0
160.86 21 GYRO_RATES -152 -178 -147 1.32645 -1.553343 1.282817
160.86 21 FBW_STATUS 2 1 126
160.89 21 ESTIMATOR 709.571472 -0.021061 957.150024 -2.106056 942.929932
160.91 21 BAT 0 126 0 0 33 33 0
160.96 21 CALIBRATION -9.414 0.037 0.5 2
161.00 21 NAVIGATION 0 0 0 0 286 0. 570986.7
161.05 21 WP_MOVED 0 358113. 4822203. 702.
161.08 21 SERVO 9600 -9600 0
161.18 21 DESIRED 0. 0. 0. 0. 700. -2.
161.24 21 NAVIGATION 0 0 0 0 286 0. 570986.7
161.25 21 ATTITUDE 0 0 0
161.36 21 ESTIMATOR 709.490479 -0.095364 949.049988 -9.536362 942.659912
161.41 21 DOWNLINK_STATUS 160 24433 1617 0 292. 19.
161.41 21 DL_VALUE 34 0.037
161.47 21 NAVIGATION 0 0 0 0 286 0. 570986.7
161.52 21 WP_MOVED 1 358824.90625 4822110. 702.
161.69 21 COMMANDS 0,-9600,9600,-9600,0
161.73 21 NAVIGATION 0 0 0 0 286 0. 570986.7
161.75 21 ATTITUDE 0 0 0
161.78 21 GYRO_RATES -162 -187 -159 1.413717 -1.631883 1.387537
161.79 21 FBW_STATUS 2 1 125
161.83 21 ESTIMATOR 709.422974 -0.045979 942.299988 -4.597893 941.939941
161.88 21 ACTUATORS 1500,2000,0,1200,1000,1530
161.94 21 NAVIGATION 0 0 0 0 286 0. 570986.7
161.99 21 WP_MOVED 2 358071. 4822161. 0.
162.11 21 DESIRED 0. 0. 0. 0. 700. -2.
162.18 21 NAVIGATION 0 0 0 0 286 0. 570986.7
162.19 21 ATTITUDE 0 0 0
162.21 21 PPRZ_MODE 2 3 1 0 0 6 0
162.29 21 ESTIMATOR 709.301514 0.02716 930.150024 2.71595 942.929932
162.36 21 DL_VALUE 35 0.
162.41 21 NAVIGATION 0 0 0 0 286 0. 570986.7
162.41 21 DOWNLINK_STATUS 161 24715 1636 0 282. 19.
162.46 21 WP_MOVED 0 358113. 4822203. 702.
162.63 21 COMMANDS 0,-9600,9600,-9600,0
162.67 21 NAVIGATION 0 0 0 0 286 0. 570986.7
162.68 21 ATTITUDE 0 0 0
162.72 21 GYRO_RATES -169 -194 -164 1.474803 -1.692969 1.43117
162.73 21 FBW_STATUS 2 1 126
162.76 21 ESTIMATOR 709.35553 0.039448 935.549988 3.944778 944.639954
162.79 21 BAT 0 126 0 0 35 35 0
162.85 21 CALIBRATION -9.455 0.037 0.5 2
162.88 21 NAVIGATION 0 0 0 0 286 0. 570986.7
162.93 21 WP_MOVED 1 358824.90625 4822110. 702.
162.95 21 SERVO 9600 -9600 0
163.05 21 DESIRED 0. 0. 0. 0. 700. -2.
163.11 21 NAVIGATION 0 0 0 0 286 0. 570986.7
163.13 21 ATTITUDE 0 0 0
163.23 21 ESTIMATOR 709.369019 0.100142 936.900024 10.014229 945.809875
163.28 21 DL_VALUE 36 0.
163.35 21 NAVIGATION 0 0 0 0 286 0. 570986.7
163.40 21 WP_MOVED 2 358071. 4822161. 0.
163.41 21 DOWNLINK_STATUS 162 25000 1655 0 285. 19.
163.42 21 NAVIGATION_REF 358071 4822161 31
163.57 21 COMMANDS 0,-9600,9600,-9600,0
163.61 21 NAVIGATION 0 0 0 0 286 0. 570986.7
163.62 21 ATTITUDE 0 0 0
163.66 21 GYRO_RATES -161 -187 -155 1.40499 -1.631883 1.35263
163.66 21 FBW_STATUS 2 1 126
163.70 21 ESTIMATOR 709.450012 0.06237 945. 6.23703 945.719971
163.82 21 NAVIGATION 0 0 0 0 286 0. 570986.7
163.87 21 WP_MOVED 0 358113. 4822203. 702.
163.99 21 DESIRED 0. 0. 0. 0. 700. -2.
164.05 21 NAVIGATION 0 0 0 0 286 0. 570986.7
164.06 21 ATTITUDE 0 0 0
164.17 21 ESTIMATOR 709.571472 -0.008828 957.150024 -0.882835 945.630005
164.22 21 DL_VALUE 37 0.
164.29 21 NAVIGATION 0 0 0 0 286 0. 570986.7
164.36 21 WP_MOVED 1 358824.90625 4822110. 702.
164.41 21 DOWNLINK_STATUS 163 25244 1671 0 244. 16.
164.51 21 COMMANDS 0,-9600,9600,-9600,0
164.54 21 NAVIGATION 0 0 0 0 286 0. 570986.7
164.56 21 ATTITUDE 0 0 0
164.59 21 GYRO_RATES -152 -178 -147 1.32645 -1.553343 1.282817
164.60 21 FBW_STATUS 2 1 126
164.64 21 ESTIMATOR 709.571472 -0.065529 957.150024 -6.552925 944.729919
164.67 21 BAT 0 126 0 0 37 37 0
164.71 21 CALIBRATION -9.424 0.037 0.5 2
164.75 21 NAVIGATION 0 0 0 0 286 0. 570986.7
164.81 21 WP_MOVED 2 358071. 4822161. 0.
164.85 21 SERVO 9600 -9600 0
164.93 21 DESIRED 0. 0. 0. 0. 700. -2.
164.99 21 NAVIGATION 0 0 0 0 286 0. 570986.7
165.00 21 ATTITUDE 0 0 0
165.11 21 ESTIMATOR 709.531006 -0.040365 953.100037 -4.036522 944.459839
165.16 21 DL_VALUE 38 0.045
165.22 21 NAVIGATION 0 0 0 0 286 0. 570986.7
165.27 21 WP_MOVED 0 358113. 4822203. 702.
165.41 21 DOWNLINK_STATUS 164 25514 1689 0 270. 18.
165.45 21 COMMANDS 0,-9600,9600,-9600,0
165.48 21 NAVIGATION 0 0 0 0 286 0. 570986.7
165.50 21 ATTITUDE 0 0 0
165.53 21 GYRO_RATES -162 -189 -158 1.413717 -1.649336 1.37881
165.54 21 FBW_STATUS 2 1 126
165.58 21 ESTIMATOR 709.47699 -0.014121 947.700012 -1.412125 946.889954
165.69 21 NAVIGATION 0 0 0 0 286 0. 570986.7
165.74 21 WP_MOVED 1 358824.90625 4822110. 702.
165.86 21 DESIRED 0. 0. 0. 0. 700. -2.
165.93 21 NAVIGATION 0 0 0 0 286 0. 570986.7
165.94 21 ATTITUDE 0 0 0
166.04 21 ESTIMATOR 709.315002 -0.017144 931.5 -1.714401 946.43988
166.10 21 DL_VALUE 39 0.045
166.16 21 NAVIGATION 0 0 0 0 286 0. 570986.7
166.21 21 WP_MOVED 2 358071. 4822161. 0.
166.38 21 COMMANDS 0,-9600,9600,-9600,0
166.41 21 DOWNLINK_STATUS 165 25760 1705 0 246. 16.
166.42 21 NAVIGATION 0 0 0 0 286 0. 570986.7
166.44 21 ATTITUDE 0 0 0
166.47 21 GYRO_RATES -171 -197 -166 1.492257 -1.719149 1.448623
166.48 21 FBW_STATUS 2 1 126
166.51 21 ESTIMATOR 709.328491 0.009558 932.850037 0.955849 945.179871
166.54 21 BAT 0 126 0 0 39 39 0
166.57 21 ACTUATORS 1500,2000,0,1200,1000,1530
166.59 21 CALIBRATION -9.475 0.037 0.5 2
166.63 21 NAVIGATION 0 0 0 0 286 0. 570986.7
166.68 21 WP_MOVED 0 358113. 4822203. 702.
166.70 21 SERVO 9600 -9600 0
166.82 21 DESIRED 0. 0. 0. 0. 700. -2.
166.86 21 NAVIGATION 0 0 0 0 286 0. 570986.7
166.88 21 ATTITUDE 0 0 0
166.90 21 PPRZ_MODE 2 3 1 0 0 6 0
166.98 21 ESTIMATOR 709.35553 0.052839 935.549988 5.283928 944.639954
167.04 21 DL_VALUE 40 0.1
167.10 21 NAVIGATION 0 0 0 0 286 0. 570986.7
167.15 21 WP_MOVED 1 358824.90625 4822110. 702.
167.32 21 COMMANDS 0,-9600,9600,-9600,0
167.35 21 NAVIGATION 0 0 0 0 286 0. 570986.7
167.37 21 ATTITUDE 0 0 0
167.41 21 GYRO_RATES -160 -185 -154 1.396263 -1.61443 1.343904
167.41 21 DOWNLINK_STATUS 166 26100 1728 0 340. 23.
167.42 21 FBW_STATUS 2 1 126
167.45 21 ESTIMATOR 709.436523 0.051785 943.650024 5.17849 944.369995
167.57 21 NAVIGATION 0 0 0 0 286 0. 570986.7
167.62 21 WP_MOVED 2 358071. 4822161. 0.
167.74 21 DESIRED 0. 0. 0. 0. 700. -2.
167.81 21 NAVIGATION 0 0 0 0 286 0. 570986.7
167.85 21 ATTITUDE 0 0 0
167.92 21 ESTIMATOR 709.571472 -0.046412 957.150024 -4.641228 943.46991
167.97 21 DL_VALUE 41 0.
168.03 21 NAVIGATION 0 0 0 0 286 0. 570986.7
168.09 21 WP_MOVED 0 358113. 4822203. 702.
168.26 21 COMMANDS 0,-9600,9600,-9600,0
168.29 21 NAVIGATION 0 0 0 0 286 0. 570986.7
168.32 21 ATTITUDE 0 0 0
168.36 21 GYRO_RATES -152 -177 -147 1.32645 -1.544616 1.282817
168.36 21 FBW_STATUS 2 1 126
168.39 21 ESTIMATOR 709.625488 -0.064503 962.549988 -6.450272 943.289856
168.41 21 DOWNLINK_STATUS 167 26360 1745 0 260. 17.
168.41 21 BAT 0 126 0 0 41 41 0
168.46 21 CALIBRATION -9.422 0.037 0.5 2
168.50 21 NAVIGATION 0 0 0 0 286 0. 570986.7
168.55 21 WP_MOVED 1 358824.90625 4822110. 702.
168.58 21 SERVO 9600 -9600 0
168.67 21 DESIRED 0. 0. 0. 0. 700. -2.
168.74 21 NAVIGATION 0 0 0 0 286 0. 570986.7
168.75 21 ATTITUDE 0 0 0
168.86 21 ESTIMATOR 709.517517 -0.021006 951.75 -2.100601 945.
168.91 21 DL_VALUE 42 0.5
168.97 21 NAVIGATION 0 0 0 0 286 0. 570986.7
169.02 21 WP_MOVED 2 358071. 4822161. 0.
169.19 21 COMMANDS 0,-9600,9600,-9600,0
169.23 21 NAVIGATION 0 0 0 0 286 0. 570986.7
169.25 21 ATTITUDE 0 0 0
169.28 21 GYRO_RATES -162 -187 -157 1.413717 -1.631883 1.370083
169.29 21 FBW_STATUS 2 1 126
169.34 21 ESTIMATOR 709.422974 -0.098089 942.299988 -9.808922 943.199951
169.41 21 DOWNLINK_STATUS 168 26630 1763 0 270. 18.
169.44 21 NAVIGATION 0 0 0 0 286 0. 570986.7
169.49 21 WP_MOVED 0 358113. 4822203. 702.
169.61 21 DESIRED 0. 0. 0. 0. 700. -2.
169.67 21 NAVIGATION 0 0 0 0 286 0. 570986.7
169.69 21 ATTITUDE 0 0 0
169.79 21 ESTIMATOR 709.315002 0.086941 931.5 8.694115 944.01001
169.85 21 DL_VALUE 43 1.
169.91 21 NAVIGATION 0 0 0 0 286 0. 570986.7
169.96 21 WP_MOVED 1 358824.90625 4822110. 702.
170.13 21 COMMANDS 0,-9600,9600,-9600,0
170.17 21 NAVIGATION 0 0 0 0 286 0. 570986.7
170.18 21 ATTITUDE 0 0 0
170.22 21 GYRO_RATES -169 -194 -164 1.474803 -1.692969 1.43117
170.23 21 FBW_STATUS 2 1 126
170.26 21 ESTIMATOR 709.328491 0.003781 932.850037 0.378113 945.629944
170.29 21 BAT 0 126 0 0 43 43 0
170.35 21 CALIBRATION -9.464 0.037 0.5 2
170.38 21 NAVIGATION 0 0 0 0 286 0. 570986.7
170.41 21 DOWNLINK_STATUS 169 26910 1781 0 280. 18.
170.43 21 WP_MOVED 2 358071. 4822161. 0.
170.45 21 SERVO 9600 -9600 0
170.55 21 DESIRED 0. 0. 0. 0. 700. -2.
170.61 21 NAVIGATION 0 0 0 0 286 0. 570986.7
170.63 21 ATTITUDE 0 0 0
170.73 21 ESTIMATOR 709.369019 0.037504 936.900024 3.75042 943.919983
170.78 21 DL_VALUE 44 0.
170.86 21 NAVIGATION 0 0 0 0 286 0. 570986.7
170.90 21 WP_MOVED 0 358113. 4822203. 702.
171.07 21 COMMANDS 0,-9600,9600,-9600,0
171.11 21 NAVIGATION 0 0 0 0 286 0. 570986.7
171.12 21 ATTITUDE 0 0 0
171.16 21 GYRO_RATES -160 -186 -154 1.396263 -1.623156 1.343904
171.16 21 FBW_STATUS 2 1 126
171.20 21 ESTIMATOR 709.436523 0.085536 943.650024 8.553619 944.549927
171.26 21 ACTUATORS 1500,2000,0,1200,1000,1530
171.33 21 NAVIGATION 0 0 0 0 286 0. 570986.7
171.37 21 WP_MOVED 1 358824.90625 4822110. 702.
171.41 21 DOWNLINK_STATUS 170 27181 1799 0 271. 18.
171.49 21 DESIRED 0. 0. 0. 0. 700. -2.
171.55 21 NAVIGATION 0 0 0 0 286 0. 570986.7
171.56 21 ATTITUDE 0 0 0
171.58 21 PPRZ_MODE 2 3 1 0 0 6 0
171.67 21 ESTIMATOR 709.544495 0.018145 954.450012 1.814461 944.819946
171.72 21 DL_VALUE 0 700.
171.78 21 NAVIGATION 0 0 0 0 286 0. 570986.7
171.84 21 WP_MOVED 2 358071. 4822161. 0.
171.87 21 NAVIGATION_REF 358071 4822161 31
172.00 21 COMMANDS 0,-9600,9600,-9600,0
172.04 21 NAVIGATION 0 0 0 0 286 0. 570986.7
172.06 21 ATTITUDE 0 0 0
172.09 21 GYRO_RATES -152 -178 -147 1.32645 -1.553343 1.282817
172.10 21 FBW_STATUS 2 1 126
172.14 21 ESTIMATOR 709.544495 -0.043335 954.450012 -4.333534 944.100037
172.16 21 BAT 0 126 0 0 45 45 0
172.21 21 CALIBRATION -9.424 0.037 0.5 2
172.25 21 NAVIGATION 0 0 0 0 286 0. 570986.7
172.31 21 WP_MOVED 0 358113. 4822203. 702.
172.35 21 SERVO 9600 -9600 0
172.41 21 DOWNLINK_STATUS 171 27471 1819 0 290. 20.
172.43 21 DESIRED 0. 0. 0. 0. 700. -2.
172.49 21 NAVIGATION 0 0 0 0 286 0. 570986.7
172.50 21 ATTITUDE 0 0 0
172.61 21 ESTIMATOR 709.504028 -0.06931 950.400024 -6.931 942.839905
172.66 21 DL_VALUE 1 1.
172.72 21 NAVIGATION 0 0 0 0 286 0. 570986.7
172.77 21 WP_MOVED 1 358824.90625 4822110. 702.
172.94 21 COMMANDS 0,-9600,9600,-9600,0
172.98 21 NAVIGATION 0 0 0 0 286 0. 570986.7
173.00 21 ATTITUDE 0 0 0
173.03 21 GYRO_RATES -162 -187 -158 1.413717 -1.631883 1.37881
173.04 21 FBW_STATUS 2 1 126
173.08 21 ESTIMATOR 709.436523 -0.036315 943.650024 -3.631477 943.559814
173.19 21 NAVIGATION 0 0 0 0 286 0. 570986.7
173.24 21 WP_MOVED 2 358071. 4822161. 0.
173.36 21 DESIRED 0. 0. 0. 0. 700. -2.
173.41 21 DOWNLINK_STATUS 172 27730 1835 0 259. 16.
173.42 21 NAVIGATION 0 0 0 0 286 0. 570986.7
173.44 21 ATTITUDE 0 0 0
173.54 21 ESTIMATOR 709.35553 -0.015229 935.549988 -1.522903 943.739807
173.60 21 DL_VALUE 2 0.
173.66 21 NAVIGATION 0 0 0 0 286 0. 570986.7
173.71 21 WP_MOVED 0 358113. 4822203. 702.
173.88 21 COMMANDS 0,-9600,9600,-9600,0
173.92 21 NAVIGATION 0 0 0 0 286 0. 570986.7
173.93 21 ATTITUDE 0 0 0
173.97 21 GYRO_RATES -171 -197 -166 1.492257 -1.719149 1.448623
173.98 21 FBW_STATUS 2 1 126
174.01 21 ESTIMATOR 709.34198 0.075169 934.200012 7.516899 945.809998
174.04 21 BAT 0 126 0 0 47 47 0
174.08 21 CALIBRATION -9.466 0.037 0.5 2
174.12 21 NAVIGATION 0 0 0 0 286 0. 570986.7
174.18 21 WP_MOVED 1 358824.90625 4822110. 702.
174.20 21 SERVO 9600 -9600 0
174.32 21 DESIRED 0. 0. 0. 0. 700. -2.
174.36 21 NAVIGATION 0 0 0 0 286 0. 570986.7
174.38 21 ATTITUDE 0 0 0
174.41 21 DOWNLINK_STATUS 173 28026 1855 0 296. 20.
174.48 21 ESTIMATOR 709.395996 0.073117 939.600037 7.311668 947.340027
174.54 21 DL_VALUE 3 0.
174.59 21 NAVIGATION 0 0 0 0 286 0. 570986.7
174.64 21 WP_MOVED 2 358071. 4822161. 0.
174.84 21 COMMANDS 0,-9600,9600,-9600,0
174.86 21 NAVIGATION 0 0 0 0 286 0. 570986.7
174.87 21 ATTITUDE 0 0 0
174.91 21 GYRO_RATES -160 -184 -154 1.396263 -1.605703 1.343904
174.92 21 FBW_STATUS 2 1 126
174.95 21 ESTIMATOR 709.422974 0.039233 942.299988 3.92334 946.080017
175.06 21 NAVIGATION 0 0 0 0 286 0. 570986.7
175.12 21 WP_MOVED 0 358113. 4822203. 702.
175.24 21 DESIRED 0. 0. 0. 0. 700. -2.
175.31 21 NAVIGATION 0 0 0 0 286 0. 570986.7
175.35 21 ATTITUDE 0 0 0
175.41 21 DOWNLINK_STATUS 174 28259 1870 0 233. 15.
175.42 21 ESTIMATOR 709.571472 -0.034885 957.150024 -3.488503 944.729919
175.47 21 DL_VALUE 4 2.
175.53 21 NAVIGATION 0 0 0 0 286 0. 570986.7
175.58 21 WP_MOVED 1 358824.90625 4822110. 702.
175.76 21 COMMANDS 0,-9600,9600,-9600,0
175.79 21 NAVIGATION 0 0 0 0 286 0. 570986.7
175.82 21 ATTITUDE 0 0 0
175.86 21 GYRO_RATES -152 -177 -147 1.32645 -1.544616 1.282817
175.87 21 FBW_STATUS 2 1 126
175.89 21 ESTIMATOR 709.612 -0.056808 961.200012 -5.680847 944.369873
175.91 21 BAT 0 126 0 0 49 49 0
175.94 21 ACTUATORS 1500,2000,0,1200,1000,1530
175.97 21 CALIBRATION -9.421 0.037 0.5 2
176.00 21 NAVIGATION 0 0 0 0 286 0. 570986.7
176.05 21 WP_MOVED 2 358071. 4822161. 0.
176.07 21 SERVO 9600 -9600 0
176.17 21 DESIRED 0. 0. 0. 0. 700. -2.
176.24 21 NAVIGATION 0 0 0 0 286 0. 570986.7
176.25 21 ATTITUDE 0 0 0
176.27 21 PPRZ_MODE 2 3 1 0 0 6 0
176.36 21 ESTIMATOR 709.544495 -0.058615 954.450012 -5.861473 944.819885
176.41 21 DL_VALUE 5 0.
176.41 21 DOWNLINK_STATUS 175 28582 1892 0 323. 22.
176.47 21 NAVIGATION 0 0 0 0 286 0. 570986.7
176.52 21 WP_MOVED 0 358113. 4822203. 702.
176.69 21 COMMANDS 0,-9600,9600,-9600,0
176.73 21 NAVIGATION 0 0 0 0 286 0. 570986.7
176.75 21 ATTITUDE 0 0 0
176.78 21 GYRO_RATES -160 -186 -156 1.396263 -1.623156 1.361357
176.79 21 FBW_STATUS 2 1 126
176.84 21 ESTIMATOR 709.490479 -0.031562 949.049988 -3.156242 946.349976
176.94 21 NAVIGATION 0 0 0 0 286 0. 570986.7
176.99 21 WP_MOVED 1 358824.90625 4822110. 702.
177.11 21 DESIRED 0. 0. 0. 0. 700. -2.
177.17 21 NAVIGATION 0 0 0 0 286 0. 570986.7
177.19 21 ATTITUDE 0 0 0
177.29 21 ESTIMATOR 709.369019 0.059964 936.900024 5.996437 948.239929
177.35 21 DL_VALUE 6 0.
177.41 21 NAVIGATION 0 0 0 0 286 0. 570986.7
177.41 21 DOWNLINK_STATUS 176 28833 1908 0 251. 16.
177.46 21 WP_MOVED 2 358071. 4822161. 0.
177.63 21 COMMANDS 0,-9600,9600,-9600,0
177.66 21 NAVIGATION 0 0 0 0 286 0. 570986.7
177.68 21 ATTITUDE 0 0 0
177.72 21 GYRO_RATES -171 -197 -167 1.492257 -1.719149 1.45735
177.73 21 FBW_STATUS 2 1 127
177.76 21 ESTIMATOR 709.369019 0.030807 936.900024 3.080673 950.219971
177.79 21 BAT 0 126 0 0 51 51 0
177.84 21 CALIBRATION -9.484 0.037 0.5 2
177.88 21 NAVIGATION 0 0 0 0 286 0. 570986.7
177.93 21 WP_MOVED 0 358113. 4822203. 702.
177.95 21 SERVO 9600 -9600 0
178.05 21 DESIRED 0. 0. 0. 0. 700. -2.
178.11 21 NAVIGATION 0 0 0 0 286 0. 570986.7
178.13 21 ATTITUDE 0 0 0
178.23 21 ESTIMATOR 709.409485 0.024003 940.950012 2.400322 949.499939
178.28 21 DL_VALUE 7 0.
178.35 21 NAVIGATION 0 0 0 0 286 0. 570986.7
178.40 21 WP_MOVED 1 358824.90625 4822110. 702.
178.41 21 DOWNLINK_STATUS 177 29118 1927 0 285. 19.
178.57 21 COMMANDS 0,-9600,9600,-9600,0
178.60 21 NAVIGATION 0 0 0 0 286 0. 570986.7
178.62 21 ATTITUDE 0 0 0
178.66 21 GYRO_RATES -160 -186 -156 1.396263 -1.623156 1.361357
178.66 21 FBW_STATUS 2 1 127
178.70 21 ESTIMATOR 709.47699 0.063422 947.700012 6.342201 949.049988
179.41 21 DOWNLINK_STATUS 178 29204 1933 0 86. 6.
180.41 21 DOWNLINK_STATUS 179 29204 1933 0 0. 0.
181.41 21 DOWNLINK_STATUS 180 29204 1933 0 0. 0.
182.41 21 DOWNLINK_STATUS 181 29204 1933 0 0. 0.
183.41 21 DOWNLINK_STATUS 182 29204 1933 0 0. 0.
184.41 21 DOWNLINK_STATUS 183 29204 1933 0 0. 0.
185.41 21 DOWNLINK_STATUS 184 29204 1933 0 0. 0.
186.41 21 DOWNLINK_STATUS 185 29204 1933 0 0. 0.
187.41 21 DOWNLINK_STATUS 186 29204 1933 0 0. 0.
188.41 21 DOWNLINK_STATUS 187 29204 1933 0 0. 0.
189.41 21 DOWNLINK_STATUS 188 29204 1933 0 0. 0.
190.41 21 DOWNLINK_STATUS 189 29204 1933 0 0. 0.
191.41 21 DOWNLINK_STATUS 190 29204 1933 0 0. 0.
192.41 21 DOWNLINK_STATUS 191 29204 1933 0 0. 0.
193.41 21 DOWNLINK_STATUS 192 29204 1933 0 0. 0.
194.41 21 DOWNLINK_STATUS 193 29204 1933 0 0. 0.
195.41 21 DOWNLINK_STATUS 194 29204 1933 0 0. 0.
196.41 21 DOWNLINK_STATUS 195 29204 1933 0 0. 0.
197.41 21 DOWNLINK_STATUS 196 29204 1933 0 0. 0.
198.41 21 DOWNLINK_STATUS 197 29204 1933 0 0. 0.
199.41 21 DOWNLINK_STATUS 198 29204 1933 0 0. 0.
200.41 21 DOWNLINK_STATUS 199 29204 1933 0 0. 0.
201.42 21 DOWNLINK_STATUS 200 29204 1933 0 0. 0.
202.42 21 DOWNLINK_STATUS 201 29204 1933 0 0. 0.
203.42 21 DOWNLINK_STATUS 202 29204 1933 0 0. 0.
204.43 21 DOWNLINK_STATUS 203 29204 1933 0 0. 0.
205.43 21 DOWNLINK_STATUS 204 29204 1933 0 0. 0.
206.44 21 DOWNLINK_STATUS 205 29204 1933 0 0. 0.
207.44 21 DOWNLINK_STATUS 206 29204 1933 0 0. 0.
208.44 21 DOWNLINK_STATUS 207 29204 1933 0 0. 0.
209.45 21 DOWNLINK_STATUS 208 29204 1933 0 0. 0.
210.45 21 DOWNLINK_STATUS 209 29204 1933 0 0. 0.
211.45 21 DOWNLINK_STATUS 210 29204 1933 0 0. 0.
212.46 21 DOWNLINK_STATUS 211 29204 1933 0 0. 0.
213.46 21 DOWNLINK_STATUS 212 29204 1933 0 0. 0.
214.47 21 DOWNLINK_STATUS 213 29204 1933 0 0. 0.
