54.09 34 FBW_STATUS 0 0 118
54.13 34 ATTITUDE 10 0 -127
54.13 34 PPRZ_MODE 2 0 3 0 0 5 0
54.13 34 FBW_STATUS 0 1 118
54.13 34 RAD_OF_IR 49 0 0.00211
54.13 34 PPRZ_MODE 0 0 3 0 0 17 0
54.13 34 IR_SENSORS -1186 87 1
54.13 34 NAVIGATION 0 1 0 0 36 0. 0.
54.13 34 GPS 0 55815208 339508387 0 5443 0 0 235796498 16 0
54.13 34 GYRO_RATES -261 -246 -237 2.277655 -2.146755 -2.068215
54.16 34 ESTIMATOR 0. 0. 0. 0. 0.
54.16 34 BAT 173 118 0 0 2 0 0
54.39 34 NAVIGATION 0 1 0 0 36 0. 0.
54.40 34 ATTITUDE 10 0 -127
54.40 34 CALIBRATION 0. 0.023 0.064 0
54.40 34 GPS 0 55815208 339508387 0 5443 0 0 235796750 16 0
54.47 34 SERVO 9600 -9600 166
54.51 34 DESIRED 0. 0. 0. 0. 23. 0.
54.51 34 IR_DEBUG 881 797 881 797
54.51 34 NAVIGATION 0 1 0 0 36 0. 0.
54.53 34 DOWNLINK_STATUS 53 395 29 0 395. 29.
54.56 34 GPS 0 55815208 339508387 0 5443 0 0 235796998 16 0
54.56 34 WP_MOVED 1 552016. 3376052. 50.
54.65 34 ESTIMATOR 0. 0. 0. 0. 0.
54.90 34 COMMANDS 169,-14,-52,-882,4048
54.90 34 NAVIGATION 0 1 0 0 36 0. 0.
54.90 34 ATTITUDE 12 0 -127
54.90 34 DL_VALUE 2 0.
54.90 34 GPS 0 55815208 339508387 0 5443 0 0 235797250 16 0
54.90 34 FBW_STATUS 0 0 118
54.96 34 RAD_OF_IR 69 0 0.00211
54.99 34 IR_SENSORS -1173 70 1
54.99 34 NAVIGATION 0 1 0 0 36 0. 0.
55.10 34 WP_MOVED 2 551981.375 3376075. 50.
55.10 34 GYRO_RATES -280 -270 -258 2.443461 -2.356194 -2.251475
55.10 34 GPS 0 55815208 339508387 0 5443 0 0 235797498 16 0
55.10 34 ESTIMATOR 0. 0. 0. 0. 0.
55.16 34 NAVIGATION 0 1 0 0 36 0. 0.
55.16 34 ATTITUDE 13 0 -128
55.38 34 GPS 0 55815208 339508387 0 5443 0 0 235797750 16 0
55.39 34 DESIRED 0. 0. 0. 0. 23. 0.
55.39 34 NAVIGATION 0 1 0 0 36 0. 0.
55.44 34 WP_MOVED 3 552041.875 3376020.5 50.
55.49 34 GPS 0 55815208 339508387 0 5443 0 0 235797998 16 0
55.53 34 DOWNLINK_STATUS 54 796 52 0 401. 23.
55.55 34 ESTIMATOR 0. 0. 0. 0. 0.
55.66 34 COMMANDS 173,-17,-72,-882,4054
55.66 34 NAVIGATION 0 1 0 0 36 0. 0.
55.66 34 ATTITUDE 12 0 -128
55.66 34 DL_VALUE 3 0.
55.87 34 FBW_STATUS 0 0 118
55.90 34 RAD_OF_IR 70 0 0.00211
55.90 34 GPS 0 55815208 339508387 0 5443 0 0 235798250 16 0
55.90 34 IR_SENSORS -1175 72 1
55.90 34 NAVIGATION 0 1 0 0 36 0. 0.
55.96 34 WP_MOVED 4 552016. 3376052. 0.
55.99 34 GYRO_RATES -277 -263 -254 2.417281 -2.295108 -2.216568
56.07 34 GPS 0 55815208 339508387 0 5443 0 0 235798498 16 0
56.07 34 ESTIMATOR 0. 0. 0. 0. 0.
56.07 34 BAT 167 118 0 0 4 0 0
56.16 34 NAVIGATION 0 1 0 0 36 0. 0.
56.16 34 ATTITUDE 16 0 -121
56.16 34 CALIBRATION 0. 0.023 0.064 0
56.17 34 SERVO 9600 -9600 174
56.38 34 GPS 0 55815208 339508387 0 5443 0 0 235798750 16 0
56.47 34 DESIRED 0. 0. 0. 0. 23. 0.
56.47 34 IR_DEBUG 879 745 879 745
56.47 34 NAVIGATION 0 1 0 0 36 0. 0.
56.47 34 WP_MOVED 0 552058. 3376094. 50.
56.53 34 DOWNLINK_STATUS 55 1175 76 0 379. 24.
56.69 34 ESTIMATOR 0. 0. 0. 0. 0.
56.69 34 GPS 0 55815208 339508387 0 5443 0 0 235798998 16 0
56.69 34 COMMANDS 173,-12,-70,-825,4062
56.69 34 NAVIGATION 0 1 0 0 36 0. 0.
56.69 34 ATTITUDE 10 0 -105
56.69 34 DL_VALUE 4 0.
56.69 34 FBW_STATUS 0 0 118
56.69 34 RAD_OF_IR 60 0 0.00211
56.99 34 GPS 0 55815208 339508387 0 5443 0 0 235799250 16 0
57.00 34 ACTUATORS 1505,1502,0,1211,1462,1289
57.00 34 IR_SENSORS -962 72 1
57.00 34 NAVIGATION 0 1 0 0 36 0. 0.
57.08 34 WP_MOVED 1 552016. 3376052. 50.
57.08 34 GYRO_RATES -166 -151 -143 1.448623 -1.317724 -1.24791
57.08 34 ESTIMATOR 0. 0. 0. 0. 0.
57.08 34 GPS 0 55815208 339508387 0 5443 0 0 235799498 16 0
57.08 34 NAVIGATION 0 1 0 0 36 0. 0.
57.08 34 ATTITUDE 9 0 -75
57.31 34 GPS 0 55815208 339508387 0 5443 0 0 235799750 16 0
57.31 34 DESIRED 0. 0. 0. 0. 23. 0.
57.31 34 NAVIGATION 0 1 0 0 36 0. 0.
57.53 34 DOWNLINK_STATUS 56 1534 97 0 359. 21.
57.59 34 WP_MOVED 2 551981.375 3376075. 50.
57.59 34 PPRZ_MODE 0 0 3 0 0 1 0
57.59 34 ESTIMATOR 0. 0. 0. 0. 0.
57.59 34 GPS 0 55815208 339508387 0 5443 0 0 235799998 16 0
57.59 34 COMMANDS 166,-107,-156,-833,3912
57.59 34 NAVIGATION 0 1 0 0 36 0. 0.
57.59 34 ATTITUDE -1 0 -61
57.59 34 FBW_STATUS 0 0 118
57.60 34 RAD_OF_IR -24 0 0.00211
57.67 34 IR_SENSORS -793 -26 1
58.00 34 NAVIGATION 0 1 0 0 36 0. 0.
58.01 34 GPS 0 55815208 339508387 0 5443 0 0 235800250 16 0
58.01 34 SVINFO 0 22 12 3 39 62 121
58.01 34 WP_MOVED 3 552041.875 3376020.5 50.
58.01 34 GYRO_RATES -37 -22 -15 0.322886 -0.191986 -0.1309
58.09 34 ESTIMATOR 0. 0. 0. 0. 0.
58.09 34 BAT 232 118 0 0 6 0 0
58.09 34 NAVIGATION 0 1 0 0 36 0. 0.
58.09 34 GPS 0 55815208 339508387 0 5443 0 0 235800498 16 0
58.09 34 SVINFO 1 31 12 3 37 62 231
58.09 34 ATTITUDE -2 0 -58
58.09 34 CALIBRATION 0. 0.023 0.064 0
58.09 34 SERVO 9600 -7775 175
58.30 34 DESIRED 0. 0. 0. 0. 23. 0.
58.30 34 IR_DEBUG 559 589 559 589
58.30 34 NAVIGATION 0 1 0 0 36 0. 0.
58.30 34 GPS 0 55815208 339508387 0 5443 0 0 235800750 16 0
58.30 34 SVINFO 2 14 12 3 37 55 16
58.30 34 WP_MOVED 4 552016. 3376052. 0.
58.45 34 ESTIMATOR 0. 0. 0. 0. 0.
58.53 34 DOWNLINK_STATUS 57 2009 127 0 475. 30.
58.58 34 COMMANDS 169,-35,-67,-832,1594
58.59 34 NAVIGATION 0 1 0 0 36 0. 0.
58.59 34 ATTITUDE -1 0 -63
58.59 34 DL_VALUE 6 0.
58.59 34 GPS 0 55815208 339508387 0 5443 0 0 235800998 16 0
58.59 34 SVINFO 3 30 12 3 39 37 89
58.59 34 FBW_STATUS 0 0 118
58.59 34 RAD_OF_IR -7 0 0.00211
58.66 34 IR_SENSORS -824 -4 1
58.66 34 NAVIGATION 0 1 0 0 36 0. 0.
58.89 34 WP_MOVED 0 552058. 3376094. 50.
58.89 34 GYRO_RATES -47 -30 -23 0.410152 -0.261799 -0.200713
58.89 34 GPS 0 55815208 339508387 0 5443 0 0 235801250 16 0
58.96 34 ESTIMATOR 0. 0. 0. 0. 0.
59.00 34 NAVIGATION 0 1 0 0 36 0. 0.
59.00 34 ATTITUDE -1 0 -62
59.05 34 GPS 0 55815208 339508387 0 5443 0 0 235801498 16 0
59.09 34 SVINFO 5 12 12 3 35 20 56
59.16 34 DESIRED 0. 0. 0. 0. 23. 0.
59.16 34 NAVIGATION 0 1 0 0 36 0. 0.
59.18 34 WP_MOVED 1 552016. 3376052. 50.
59.38 34 GPS 0 55815208 339508387 0 5443 0 0 235801750 16 0
59.47 34 ESTIMATOR 0. 0. 0. 0. 0.
59.47 34 COMMANDS 168,-21,-75,-862,1586
59.47 34 NAVIGATION 0 1 0 0 36 0. 0.
59.47 34 ATTITUDE -19 0 -40
59.47 34 DL_VALUE 7 0.
59.53 34 DOWNLINK_STATUS 58 2434 154 0 425. 27.
59.56 34 FBW_STATUS 0 0 118
59.56 34 RAD_OF_IR -137 0 0.00211
59.56 34 GPS 0 55815208 339508387 0 5443 0 0 235801998 16 0
59.56 34 IR_SENSORS -620 -161 1
59.65 34 NAVIGATION 0 1 0 0 36 0. 0.
59.69 34 WP_MOVED 2 551981.375 3376075. 50.
59.69 34 GYRO_RATES -108 -93 -84 0.942478 -0.811578 -0.733038
59.89 34 GPS 0 55815208 339508387 0 5443 0 0 235802250 16 0
59.89 34 ESTIMATOR 0. 0. 0. 0. 0.
59.89 34 BAT 169 118 0 0 8 0 0
59.96 34 NAVIGATION 0 1 0 0 36 0. 0.
59.96 34 ATTITUDE -36 0 -16
59.96 34 CALIBRATION 0. 0.023 0.064 0
60.05 34 SERVO 9600 -9600 168
60.05 34 GPS 0 55815208 339508387 0 5443 0 0 235802498 16 0
60.09 34 DESIRED 0. 0. 0. 0. 23. 0.
60.09 34 IR_DEBUG 258 545 258 545
60.09 34 NAVIGATION 0 1 0 0 36 0. 0.
60.14 34 WP_MOVED 3 552041.875 3376020.5 50.
60.37 34 ESTIMATOR 0. 0. 0. 0. 0.
60.49 34 COMMANDS 168,-26,-75,-830,-2394
60.50 34 NAVIGATION 0 1 0 0 36 0. 0.
60.50 34 ATTITUDE -32 0 -18
60.50 34 DL_VALUE 8 0.
60.50 34 GPS 0 55815208 339508387 0 5443 0 0 235802750 16 0
60.50 34 FBW_STATUS 0 0 118
60.50 34 RAD_OF_IR -176 0 0.00211
60.53 34 DOWNLINK_STATUS 59 2855 181 0 421. 27.
60.54 34 IR_SENSORS -576 -171 1
60.55 34 NAVIGATION 0 1 0 0 36 0. 0.
60.65 34 WP_MOVED 4 552016. 3376052. 0.
60.65 34 GYRO_RATES -281 -267 -258 2.452188 -2.330014 -2.251475
60.87 34 ESTIMATOR 0. 0. 0. 0. 0.
60.90 34 NAVIGATION 0 1 0 0 36 0. 0.
60.90 34 ATTITUDE -28 0 -20
60.90 34 GPS 0 55815208 339508387 0 5443 0 0 235803250 16 0
60.98 34 DESIRED 0. 0. 0. 0. 23. 0.
61.08 34 NAVIGATION 0 1 0 0 36 0. 0.
61.08 34 GPS 0 55815208 339508387 0 5443 0 0 235803498 16 0
61.08 34 WP_MOVED 0 552058. 3376094. 50.
61.17 34 ESTIMATOR 0. 0. 0. 0. 0.
61.51 34 COMMANDS 170,-9,-64,-830,-2633
61.51 34 NAVIGATION 0 1 0 0 36 0. 0.
61.51 34 ATTITUDE -17 0 -31
61.51 34 DL_VALUE 9 -57.
61.51 34 GPS 0 55815208 339508387 0 5443 0 0 235803750 16 0
61.51 34 FBW_STATUS 0 0 118
61.51 34 RAD_OF_IR -84 0 0.00211
61.51 34 NAVIGATION_REF 552016 3376052 16
61.53 34 DOWNLINK_STATUS 60 3198 202 0 343. 21.
61.60 34 ACTUATORS 1496,1503,0,1218,1452,1634
61.60 34 IR_SENSORS -672 -79 1
61.60 34 NAVIGATION 0 1 0 0 36 0. 0.
61.60 34 GPS 0 55815208 339508387 0 5443 0 0 235803998 16 0
61.60 34 WP_MOVED 1 552016. 3376052. 50.
61.60 34 GYRO_RATES -292 -277 -268 2.548181 -2.417281 -2.338741
61.66 34 ESTIMATOR 0. 0. 0. 0. 0.
61.66 34 BAT 173 118 0 0 10 0 0
61.79 34 NAVIGATION 0 1 0 0 36 0. 0.
61.79 34 ATTITUDE -13 0 -41
61.79 34 CALIBRATION 0. 0.023 0.064 0
61.79 34 GPS 0 55815208 339508387 0 5443 0 0 235804250 16 0
61.97 34 SERVO 9600 -9600 166
62.10 34 DESIRED 0. 0. 0. 0. 23. 0.
62.10 34 IR_DEBUG 482 559 482 559
62.10 34 NAVIGATION 0 1 0 0 36 0. 0.
62.10 34 WP_MOVED 2 551981.375 3376075. 50.
62.10 34 PPRZ_MODE 0 0 3 0 0 17 0
62.10 34 GPS 0 55815208 339508387 0 5443 0 0 235804498 16 0
62.15 34 ESTIMATOR 0. 0. 0. 0. 0.
62.51 34 COMMANDS 171,-3,-66,-838,-3666
62.51 34 NAVIGATION 0 1 0 0 36 0. 0.
62.51 34 ATTITUDE -10 0 -47
62.51 34 DL_VALUE 10 0.
62.51 34 GPS 0 55815208 339508387 0 5443 0 0 235804750 16 0
62.51 34 SVINFO 1 31 12 3 33 62 232
62.51 34 FBW_STATUS 0 0 118
62.51 34 RAD_OF_IR -60 0 0.00211
62.53 34 DOWNLINK_STATUS 61 3638 230 0 440. 28.
62.92 34 IR_SENSORS -781 -61 1
62.92 34 NAVIGATION 0 1 0 0 36 0. 0.
62.92 34 WP_MOVED 3 552041.875 3376020.5 50.
62.92 34 GYRO_RATES -292 -275 -267 2.548181 -2.399828 -2.330014
62.92 34 GPS 0 55815208 339508387 0 5443 0 0 235804998 16 0
62.92 34 SVINFO 2 14 12 3 38 55 16
63.01 34 NAVIGATION 0 1 0 0 36 0. 0.
63.05 34 ATTITUDE -11 0 -55
63.05 34 GPS 0 55815208 339508387 0 5443 0 0 235805250 16 0
63.05 34 SVINFO 3 30 12 3 41 37 89
63.05 34 DESIRED 0. 0. 0. 0. 23. 0.
63.05 34 NAVIGATION 0 1 0 0 36 0. 0.
63.05 34 WP_MOVED 4 552016. 3376052. 0.
63.06 34 GPS 0 55815208 339508387 0 5443 0 0 235805498 16 0
63.06 34 ESTIMATOR 0. 0. 0. 0. 0.
63.16 34 COMMANDS 165,74,45,-795,-3752
63.16 34 NAVIGATION 0 1 0 0 36 0. 0.
63.16 34 ATTITUDE -12 0 -56
63.16 34 DL_VALUE 11 1.
63.37 34 FBW_STATUS 0 0 118
63.48 34 RAD_OF_IR -65 0 0.00211
63.48 34 GPS 0 55815208 339508387 0 5443 0 0 235805750 16 0
63.48 34 SVINFO 5 12 12 3 36 20 56
63.48 34 IR_SENSORS -780 -55 1
63.48 34 NAVIGATION 0 1 0 0 36 0. 0.
63.48 34 WP_MOVED 0 552058. 3376094. 50.
63.48 34 GYRO_RATES -289 -273 -264 2.522001 -2.382375 -2.303835
63.53 34 DOWNLINK_STATUS 62 4066 257 0 428. 27.
63.57 34 ESTIMATOR 0. 0. 0. 0. 0.
63.57 34 BAT 171 118 0 0 12 0 0
63.57 34 GPS 0 55815208 339508387 0 5443 0 0 235805998 16 0
63.66 34 NAVIGATION 0 1 0 0 36 0. 0.
63.66 34 ATTITUDE -2 0 -64
63.66 34 CALIBRATION 0. 0.023 0.064 0
63.67 34 SERVO 9600 -9600 163
64.01 34 DESIRED 0. 0. 0. 0. 23. 0.
64.01 34 IR_DEBUG 642 590 642 590
64.01 34 GPS 0 55808814 339502312 532 -4736 126 121 235806248 16 0
64.01 34 NAVIGATION 0 1 0 0 36 0. 0.
64.01 34 WP_MOVED 1 552016. 3376052. 50.
64.05 34 ESTIMATOR 0. 0. 0. 0. 0.
64.19 34 GPS 3 55809050 339502422 422 -4342 82 -133 235806496 16 0
64.19 34 COMMANDS 168,-155,-222,-825,-3630
64.19 34 NAVIGATION 0 1 6074 18972 36 0. 396844704.
64.19 34 ATTITUDE -3 0 -57
64.19 34 DL_VALUE 12 0.
64.19 34 TAKEOFF 26
64.19 34 FBW_STATUS 0 0 118
64.19 34 RAD_OF_IR -43 0 0.00211
64.25 34 GPS 3 55809019 339502422 319 -4378 57 -98 235806748 16 0
64.25 34 IR_SENSORS -833 -46 1
64.28 34 NAVIGATION 0 2 6074 18972 36 0. 396840928.
64.49 34 WP_MOVED 2 551981.375 3376075. 50.
64.49 34 GYRO_RATES -262 -245 -238 2.286381 -2.138028 -2.076942
64.53 34 DOWNLINK_STATUS 63 4476 283 0 410. 26.
64.56 34 ESTIMATOR -43.779999 -0.98 -0.98 -0.98 -43.779999
64.56 34 GPS 3 55809133 339502478 317 -4207 38 -33 235807000 16 0
64.57 34 NAVIGATION 0 2 6075 18972 36 0. 396876000.
64.57 34 ATTITUDE 1 0 -83
64.80 34 GPS 3 55809187 339502512 294 -4121 9 -46 235807248 16 0
64.80 34 DESIRED 0. 0. 0. 0. 23. 0.
64.80 34 NAVIGATION 0 2 6075 18973 36 0. 396895456.
64.98 34 WP_MOVED 3 552041.875 3376020.5 50.
65.10 34 ESTIMATOR -41.209999 -0.46 -0.46 -0.46 -41.209999
65.10 34 GPS 0 55809187 339502512 272 -4121 9 -46 235807500 16 0
65.10 34 COMMANDS 216,-12,-45,-932,-2470
65.11 34 NAVIGATION 0 2 6075 18973 36 0. 396895456.
65.11 34 ATTITUDE 0 0 -79
65.11 34 DL_VALUE 13 477.
65.11 34 FBW_STATUS 0 0 118
65.11 34 RAD_OF_IR 0 -66 0.00211
65.17 34 IR_SENSORS -898 -3 1
65.25 34 NAVIGATION 0 2 6075 18973 36 0. 396895456.
65.51 34 WP_MOVED 4 552016. 3376052. 0.
65.51 34 GYRO_RATES -261 -246 -237 2.277655 -2.146755 -2.068215
65.51 34 GPS 0 55809187 339502512 250 -4121 9 -46 235807748 16 0
65.53 34 DOWNLINK_STATUS 64 4835 304 0 359. 21.
65.58 34 ESTIMATOR -41.209999 -0.46 -0.46 -0.46 -41.209999
65.58 34 BAT 175 118 3 1 14 2 0
65.58 34 NAVIGATION 0 2 6075 18973 36 0. 396895456.
65.58 34 ATTITUDE -2 0 -74
65.58 34 CALIBRATION 0. 0.023 0.064 0
65.58 34 SERVO 9600 -9600 169
65.81 34 DESIRED 0. 0. 0. 0. 23. 0.
65.81 34 IR_DEBUG 643 644 643 644
65.81 34 NAVIGATION 0 2 6075 18973 36 0. 396895456.
65.81 34 GPS 0 55809187 339502512 229 -4121 9 -46 235808248 16 0
65.81 34 WP_MOVED 0 552058. 3376094. 50.
66.00 34 ESTIMATOR -41.209999 -0.46 -0.46 -0.46 -41.209999
66.08 34 COMMANDS 186,126,-34,-860,162
66.08 34 NAVIGATION 0 2 6075 18973 36 0. 396895456.
66.08 34 GPS 0 55809187 339502512 209 -4121 9 -46 235808500 16 0
66.08 34 ATTITUDE -2 0 -76
66.08 34 DL_VALUE 14 462.
66.08 34 FBW_STATUS 0 0 118
66.08 34 RAD_OF_IR -27 -66 0.00211
66.29 34 ACTUATORS 1490,1502,0,1213,1457,1415
66.29 34 IR_SENSORS -884 -39 1
66.29 34 NAVIGATION 0 2 6075 18973 36 0. 396895456.
66.29 34 GPS 0 55809187 339502512 189 -4121 9 -46 235808748 16 0
66.29 34 SVINFO 0 22 12 3 43 -9 0
66.29 34 WP_MOVED 1 552016. 3376052. 50.
66.29 34 GYRO_RATES -150 -135 -126 1.308997 -1.178097 -1.099557
66.47 34 ESTIMATOR -41.209999 -0.46 -0.46 -0.46 -41.209999
66.55 34 DOWNLINK_STATUS 65 5261 331 0 426. 27.
66.57 34 NAVIGATION 0 2 6075 18973 36 0. 396895456.
66.57 34 ATTITUDE -11 0 -69
66.57 34 GPS 0 55809187 339502512 170 -4121 9 -46 235809000 16 0
66.57 34 SVINFO 1 31 12 3 24 -9 0
66.79 34 DESIRED 0. 0. 0. 0. 23. 0.
66.79 34 NAVIGATION 0 2 6075 18973 36 0. 396895456.
66.79 34 GPS 0 55809187 339502512 152 -4121 9 -46 235809248 16 0
66.79 34 SVINFO 2 14 12 3 41 -9 0
66.79 34 WP_MOVED 2 551981.375 3376075. 50.
66.79 34 PPRZ_MODE 0 1 2 0 0 17 0
66.79 34 ESTIMATOR -41.209999 -0.46 -0.46 -0.46 -41.209999
67.47 34 GPS 0 55809187 339502512 100 -4121 9 -46 235810000 16 0
67.47 34 FBW_STATUS 0 0 118
67.47 34 RAD_OF_IR -65 -66 0.00211
67.47 34 IR_SENSORS -842 -63 1
67.47 34 NAVIGATION 0 2 6075 18973 36 0. 396895456.
67.47 34 WP_MOVED 3 552041.875 3376020.5 50.
67.54 34 GPS 0 55809187 339502512 117 -4121 9 -46 235809748 16 0
67.54 34 SVINFO 4 18 12 3 38 -9 0
67.54 34 ESTIMATOR -41.209999 -0.46 -0.46 -0.46 -41.209999
67.54 34 BAT 168 118 5 1 16 4 0
67.55 34 NAVIGATION 0 2 6075 18973 36 0. 396895456.
67.55 34 ATTITUDE -10 0 -66
67.55 34 DOWNLINK_STATUS 66 5633 354 0 372. 23.
67.63 34 GPS 0 55809187 339502512 100 -4121 9 -46 235810000 16 0
67.63 34 SVINFO 5 12 12 3 42 -9 0
67.63 34 SERVO 9600 -9600 172
67.64 34 DESIRED 0. 0. 0. 0. 23. 0.
67.64 34 IR_DEBUG 500 638 500 638
67.64 34 NAVIGATION 0 2 6075 18973 36 0. 396895456.
67.64 34 WP_MOVED 4 552016. 3376052. 0.
67.74 34 GPS 0 55809187 339502512 100 -4121 0 0 235810248 16 0
67.74 34 SVINFO 6 32 4 3 34 -9 0
67.74 34 ESTIMATOR -41.209999 -0.46 -0.46 -0.46 -41.209999
67.93 34 COMMANDS 143,-17,-69,-767,2031
67.93 34 NAVIGATION 0 2 6075 18973 36 0. 396895456.
67.93 34 ATTITUDE -27 0 -50
67.93 34 DL_VALUE 16 15200.
68.01 34 FBW_STATUS 0 0 118
68.05 34 RAD_OF_IR -161 -66 0.00211
68.05 34 GPS 0 55809187 339502512 100 -4121 0 0 235810500 16 0
68.05 34 IR_SENSORS -726 -176 1
68.05 34 NAVIGATION 0 2 6075 18973 36 0. 396895456.
68.14 34 WP_MOVED 0 552058. 3376094. 50.
68.14 34 GYRO_RATES -168 -151 -143 1.466077 -1.317724 -1.24791
68.22 34 GPS 0 55809187 339502512 100 -4121 0 0 235810748 16 0
68.22 34 ESTIMATOR -41.209999 -0.46 -0.46 -0.46 -41.209999
68.42 34 NAVIGATION 0 2 6075 18973 36 0. 396895456.
68.42 34 ATTITUDE -43 0 -36
68.44 34 GPS 0 55809187 339502512 100 -4121 0 0 235811000 16 0
68.53 34 DESIRED 0. 0. 0. 0. 23. 0.
68.57 34 NAVIGATION 0 2 6075 18973 36 0. 396895456.
68.57 34 DOWNLINK_STATUS 67 6101 382 0 468. 28.
68.60 34 WP_MOVED 1 552016. 3376052. 50.
68.71 34 ESTIMATOR -41.209999 -0.46 -0.46 -0.46 -41.209999
68.71 34 GPS 0 55809187 339502512 100 -4121 0 0 235811248 16 0
68.93 34 COMMANDS 173,-31,-69,-832,-5090
68.93 34 NAVIGATION 0 2 6075 18973 36 0. 396895456.
68.93 34 ATTITUDE -53 0 -31
68.93 34 DL_VALUE 17 12700.
69.01 34 FBW_STATUS 0 0 118
69.05 34 RAD_OF_IR -278 -66 0.00211
69.05 34 GPS 0 55809187 339502512 100 -4121 0 0 235811500 16 0
69.05 34 IR_SENSORS -674 -264 1
69.11 34 NAVIGATION 0 2 6075 18973 36 0. 396895456.
69.11 34 WP_MOVED 2 551981.375 3376075. 50.
69.11 34 GYRO_RATES -163 -148 -139 1.422443 -1.291544 -1.213004
69.22 34 ESTIMATOR -41.209999 -0.46 -0.46 -0.46 -41.209999
69.22 34 BAT 166 118 7 1 18 6 0
69.46 34 GPS 0 55809187 339502512 100 -4121 0 0 235811748 16 0
69.46 34 NAVIGATION 0 2 6075 18973 36 0. 396895456.
69.46 34 ATTITUDE -42 0 -46
69.46 34 CALIBRATION 0. 0.023 0.064 0
69.54 34 SERVO 9600 -9600 173
69.58 34 DESIRED 0. 0. 0. 0. 23. 0.
69.58 34 IR_DEBUG 358 687 358 687
69.58 34 GPS 0 55809187 339502512 100 -4121 0 0 235812000 16 0
69.58 34 NAVIGATION 0 2 6075 18973 36 0. 396895456.
69.58 34 WP_MOVED 3 552041.875 3376020.5 50.
69.58 34 DOWNLINK_STATUS 68 6522 408 0 421. 26.
69.60 34 ESTIMATOR -41.209999 -0.46 -0.46 -0.46 -41.209999
69.95 34 GPS 0 55809187 339502512 100 -4121 0 0 235812248 16 0
69.95 34 COMMANDS 177,-46,-44,-845,-5054
69.95 34 NAVIGATION 0 2 6075 18973 36 0. 396895456.
69.95 34 ATTITUDE -28 0 -62
69.95 34 DL_VALUE 18 9300.
70.03 34 FBW_STATUS 0 0 118
70.07 34 RAD_OF_IR -120 -66 0.00211
70.07 34 NAVIGATION_REF 552016 3376052 16
70.07 34 IR_SENSORS -844 -102 1
70.07 34 NAVIGATION 0 2 6075 18973 36 0. 396895456.
70.07 34 GPS 0 55809187 339502512 100 -4121 0 0 235812500 16 0
70.07 34 WP_MOVED 4 552016. 3376052. 0.
70.07 34 GYRO_RATES -169 -154 -144 1.474803 -1.343904 -1.256637
70.10 34 ESTIMATOR -41.209999 -0.46 -0.46 -0.46 -41.209999
70.22 34 NAVIGATION 0 2 6075 18973 36 0. 396895456.
70.22 34 ATTITUDE -20 0 -67
70.22 34 GPS 0 55809187 339502512 100 -4121 0 0 235812748 16 0
70.22 34 SVINFO 0 22 12 3 43 -9 0
70.55 34 DOWNLINK_STATUS 69 6816 427 0 294. 19.
70.65 34 DESIRED 0. 0. 0. 0. 23. 0.
70.65 34 NAVIGATION 0 2 6075 18973 36 0. 396895456.
70.65 34 GPS 0 55809187 339502512 100 -4121 0 0 235813000 16 0
70.65 34 WP_MOVED 0 552058. 3376094. 50.
70.76 34 ESTIMATOR -41.209999 -0.46 -0.46 -0.46 -41.209999
70.76 34 COMMANDS 174,-20,-44,-845,-5060
70.76 34 NAVIGATION 0 2 6075 18973 36 0. 396895456.
70.76 34 ATTITUDE -21 0 -67
70.76 34 DL_VALUE 19 3200.
70.76 34 GPS 0 55809187 339502512 100 -4121 0 0 235813248 16 0
70.76 34 SVINFO 2 14 12 3 41 -9 0
70.76 34 FBW_STATUS 0 0 118
70.81 34 ACTUATORS 1496,1503,0,1213,1457,1761
70.81 34 IR_SENSORS -843 -119 1
70.90 34 NAVIGATION 0 2 6075 18973 36 0. 396895456.
71.18 34 WP_MOVED 1 552016. 3376052. 50.
71.18 34 GYRO_RATES -161 -147 -137 1.40499 -1.282817 -1.195551
71.18 34 GPS 0 55809187 339502512 100 -4121 0 0 235813500 16 0
71.18 34 SVINFO 3 30 12 3 41 -9 0
71.18 34 ESTIMATOR -41.209999 -0.46 -0.46 -0.46 -41.209999
71.18 34 BAT 168 118 9 1 20 8 0
71.21 34 NAVIGATION 0 2 6075 18973 36 0. 396895456.
71.21 34 ATTITUDE -22 0 -65
71.21 34 CALIBRATION 0. 0.023 0.064 0
71.22 34 GPS 0 55809187 339502512 100 -4121 0 0 235813748 16 0
71.22 34 SVINFO 4 18 12 3 40 -9 0
71.22 34 SERVO 9600 -9600 173
71.34 34 DESIRED 0. 0. 0. 0. 23. 0.
71.34 34 IR_DEBUG 503 682 503 682
71.34 34 NAVIGATION 0 2 6075 18973 36 0. 396895456.
71.55 34 DOWNLINK_STATUS 70 7301 457 0 485. 30.
71.64 34 WP_MOVED 2 551981.375 3376075. 50.
71.64 34 PPRZ_MODE 0 1 2 0 0 17 0
71.64 34 GPS 0 55809187 339502512 100 -4121 0 0 235814000 16 0
71.64 34 SVINFO 5 12 12 3 40 -9 0
71.75 34 ESTIMATOR -41.209999 -0.46 -0.46 -0.46 -41.209999
71.75 34 COMMANDS 172,-17,-70,-837,-3581
71.75 34 NAVIGATION 0 2 6075 18973 36 0. 396895456.
71.75 34 ATTITUDE -24 0 -63
71.75 34 DL_VALUE 20 20500.
71.75 34 FBW_STATUS 0 0 118
71.75 34 RAD_OF_IR -136 -66 0.00211
71.75 34 GPS 0 55809187 339502512 100 -4121 0 0 235814248 16 0
71.79 34 IR_SENSORS -823 -138 1
71.81 34 NAVIGATION 0 2 6075 18973 36 0. 396895456.
71.93 34 WP_MOVED 3 552041.875 3376020.5 50.
71.93 34 GYRO_RATES -164 -149 -140 1.43117 -1.30027 -1.22173
72.15 34 GPS 0 55809187 339502512 100 -4121 0 0 235814500 16 0
72.15 34 ESTIMATOR -41.209999 -0.46 -0.46 -0.46 -41.209999
72.15 34 NAVIGATION 0 2 6075 18973 36 0. 396895456.
72.15 34 ATTITUDE -24 0 -64
72.25 34 GPS 0 55809187 339502512 100 -4121 0 0 235814748 16 0
72.25 34 SVINFO 8 11 4 3 39 -9 0
72.25 34 DESIRED 0. 0. 0. 0. 23. 0.
72.32 34 NAVIGATION 0 2 6075 18973 36 0. 396895456.
72.32 34 WP_MOVED 4 552016. 3376052. 0.
72.55 34 DOWNLINK_STATUS 71 7704 482 0 403. 25.
72.63 34 ESTIMATOR -41.209999 -0.46 -0.46 -0.46 -41.209999
72.63 34 GPS 0 55809187 339502512 100 -4121 0 0 235815000 16 0
72.72 34 COMMANDS 167,-87,-124,-828,-3569
72.72 34 NAVIGATION 0 2 6075 18973 36 0. 396895456.
72.72 34 ATTITUDE -24 0 -66
72.72 34 DL_VALUE 21 16400.
72.72 34 FBW_STATUS 0 0 118
72.72 34 RAD_OF_IR -131 -66 0.00211
72.74 34 GPS 0 55809187 339502512 100 -4121 0 0 235815248 16 0
72.74 34 IR_SENSORS -842 -132 1
72.74 34 NAVIGATION 0 2 6075 18973 36 0. 396895456.
72.81 34 WP_MOVED 0 552058. 3376094. 50.
72.81 34 GYRO_RATES -164 -151 -140 1.43117 -1.317724 -1.22173
72.91 34 ESTIMATOR -41.209999 -0.46 -0.46 -0.46 -41.209999
72.91 34 BAT 159 118 11 1 22 10 0
72.93 34 GPS 0 55809187 339502512 100 -4121 0 0 235815500 16 0
73.13 34 NAVIGATION 0 2 6075 18973 36 0. 396895456.
73.19 34 ATTITUDE -21 0 -68
73.19 34 CALIBRATION 0. 0.023 0.064 0
73.34 34 SERVO 9600 -9600 169
73.34 34 DESIRED 0. 0. 0. 0. 23. 0.
73.34 34 IR_DEBUG 523 693 523 693
73.34 34 GPS 0 55809187 339502512 100 -4121 0 0 235815748 16 0
73.34 34 NAVIGATION 0 2 6075 18973 36 0. 396895456.
73.34 34 WP_MOVED 1 552016. 3376052. 50.
73.55 34 DOWNLINK_STATUS 72 8110 507 0 406. 25.
73.67 34 ESTIMATOR -41.209999 -0.46 -0.46 -0.46 -41.209999
73.67 34 GPS 0 55809187 339502512 100 -4121 0 0 235816000 16 0
73.67 34 COMMANDS 229,-18,-70,-967,-3586
73.67 34 NAVIGATION 0 2 6075 18973 36 0. 396895456.
73.67 34 ATTITUDE -21 0 -69
73.67 34 DL_VALUE 22 17400.
73.67 34 FBW_STATUS 0 1 118
73.67 34 PPRZ_MODE 1 1 2 0 0 21 0
73.83 34 IR_SENSORS -858 -110 1
73.83 34 NAVIGATION 0 2 6075 18973 36 0. 396895456.
73.83 34 GPS 0 55809187 339502512 100 -4121 0 0 235816248 16 0
73.84 34 WP_MOVED 2 551981.375 3376075. 50.
73.84 34 GYRO_RATES -167 -152 -142 1.45735 -1.32645 -1.239184
73.84 34 ESTIMATOR -41.209999 -0.46 -0.46 -0.46 -41.209999
73.96 34 NAVIGATION 0 2 6075 18973 36 0. 396895456.
73.96 34 ATTITUDE -13 0 -71
73.96 34 GPS 0 55809187 339502512 100 -4121 0 0 235816500 16 0
74.22 34 DESIRED -0. -0.01 0. 0. 23. 0.
74.32 34 NAVIGATION 0 2 6075 18973 36 0. 396895456.
74.32 34 GPS 0 55809187 339502512 100 -4121 0 0 235816748 16 0
74.32 34 SVINFO 0 22 12 3 44 -9 0
74.32 34 WP_MOVED 3 552041.875 3376020.5 50.
74.32 34 ESTIMATOR -41.209999 -0.46 -0.46 -0.46 -41.209999
74.45 34 COMMANDS 165,-9600,9600,9600,-3671
74.45 34 NAVIGATION 0 2 6075 18973 36 0. 396895456.
74.45 34 ATTITUDE -9 0 -69
74.45 34 DL_VALUE 23 0.
74.45 34 GPS 0 55809187 339502512 100 -4121 0 0 235817000 16 0
74.50 34 FBW_STATUS 0 1 118
74.54 34 RAD_OF_IR -30 -66 0.00211
74.55 34 DOWNLINK_STATUS 73 8588 537 0 478. 30.
74.72 34 IR_SENSORS -766 -6 1
74.73 34 NAVIGATION 0 2 6075 18973 36 0. 396895456.
74.84 34 WP_MOVED 4 552016. 3376052. 0.
74.84 34 GYRO_RATES -166 -150 -142 1.448623 -1.308997 -1.239184
74.84 34 GPS 0 55809187 339502512 100 -4121 0 0 235817248 16 0
74.84 34 SVINFO 2 14 12 3 41 -9 0
74.84 34 ESTIMATOR -41.209999 -0.46 -0.46 -0.46 -41.209999
74.84 34 BAT 168 118 13 1 24 12 0
74.91 34 NAVIGATION 0 2 6075 18973 36 0. 396895456.
74.91 34 ATTITUDE 4 0 -52
74.91 34 CALIBRATION 0. 0.023 0.064 1
75.02 34 GPS 0 55809187 339502512 100 -4121 0 0 235817500 16 0
75.03 34 SVINFO 3 30 12 3 42 -9 0
75.03 34 SERVO 9600 -9600 147
75.24 34 DESIRED -0. -0. 0. 0. 23. 0.
75.24 34 IR_DEBUG 556 527 556 527
75.24 34 NAVIGATION 0 2 6075 18973 36 0. 396895456.
75.32 34 WP_MOVED 0 552058. 3376094. 50.
75.32 34 GPS 0 55809187 339502512 100 -4121 0 0 235817748 16 0
75.33 34 SVINFO 4 18 12 3 40 -9 0
75.33 34 ESTIMATOR -41.209999 -0.46 -0.46 -0.46 -41.209999
75.35 34 COMMANDS 159,-9600,9600,9600,1434
75.35 34 NAVIGATION 0 2 6075 18973 36 0. 396895456.
75.35 34 ATTITUDE 3 0 -52
75.35 34 DL_VALUE 24 11850.
75.54 34 FBW_STATUS 0 1 118
75.54 34 RAD_OF_IR 17 -66 0.00211
75.54 34 GPS 0 55809187 339502512 100 -4121 0 0 235818000 16 0
75.54 34 SVINFO 5 12 12 3 38 -9 0
75.54 34 ACTUATORS 1500,1000,0,1213,2000,1390
75.54 34 IR_SENSORS -760 16 1
75.54 34 NAVIGATION 0 2 6075 18973 36 0. 396895456.
75.55 34 DOWNLINK_STATUS 74 9075 569 0 487. 32.
75.73 34 WP_MOVED 1 552016. 3376052. 50.
75.73 34 GYRO_RATES -165 -149 -140 1.439897 -1.30027 -1.22173
75.82 34 GPS 0 55809187 339502512 100 -4121 0 0 235818248 16 0
75.82 34 SVINFO 6 32 4 3 31 -9 0
75.82 34 ESTIMATOR -41.209999 -0.46 -0.46 -0.46 -41.209999
75.82 34 NAVIGATION 0 2 6075 18973 36 0. 396895456.
75.82 34 ATTITUDE 2 0 -52
75.93 34 GPS 0 55809187 339502512 100 -4121 0 0 235818500 16 0
76.02 34 DESIRED 0. -0. 0. 0. 23. 0.
76.03 34 NAVIGATION 0 2 6075 18973 36 0. 396895456.
76.22 34 WP_MOVED 2 551981.375 3376075. 50.
76.22 34 PPRZ_MODE 1 1 2 0 0 21 0
76.34 34 ESTIMATOR -41.209999 -0.46 -0.46 -0.46 -41.209999
76.34 34 GPS 0 55809187 339502512 100 -4121 0 0 235818748 16 0
76.34 34 SVINFO 8 11 4 3 38 -9 0
76.34 34 COMMANDS 173,-9600,9600,9600,1601
76.34 34 NAVIGATION 0 2 6075 18973 36 0. 396895456.
76.34 34 ATTITUDE 1 0 -52
76.34 34 DL_VALUE 25 10000.
76.34 34 FBW_STATUS 0 1 118
76.34 34 RAD_OF_IR 9 -66 0.00211
76.52 34 GPS 0 55809187 339502512 100 -4121 0 0 235819000 16 0
76.52 34 IR_SENSORS -763 8 1
76.55 34 DOWNLINK_STATUS 75 9445 592 0 370. 23.
76.74 34 NAVIGATION 0 2 6075 18973 36 0. 396895456.
76.74 34 WP_MOVED 3 552041.875 3376020.5 50.
76.74 34 GYRO_RATES -162 -148 -141 1.413717 -1.291544 -1.230457
76.84 34 ESTIMATOR -41.209999 -0.46 -0.46 -0.46 -41.209999
76.84 34 BAT 167 118 14 1 25 13 0
76.84 34 GPS 0 55809187 339502512 100 -4121 0 0 235819248 16 0
76.84 34 NAVIGATION 0 2 6075 18973 36 0. 396895456.
76.84 34 ATTITUDE 1 0 -53
76.84 34 CALIBRATION 0. 0.023 0.064 1
76.84 34 SERVO 9600 -9600 175
77.16 34 DESIRED -0. -0.01 0. 0. 23. 0.
77.16 34 IR_DEBUG 552 539 552 539
77.16 34 NAVIGATION 0 2 6075 18973 36 0. 396895456.
77.16 34 GPS 3 55809187 339502512 190 -4121 197 189 235819480 16 0
77.16 34 WP_MOVED 4 552016. 3376052. 0.
77.20 34 ESTIMATOR -41.209999 1.89 1.89 1.89 -41.209999
77.22 34 COMMANDS 172,-9600,9600,9600,1165
77.22 34 NAVIGATION 0 2 6075 18973 36 0. 396895456.
77.22 34 ATTITUDE -17 0 -38
77.22 34 DL_VALUE 26 10000.
77.32 34 FBW_STATUS 0 1 118
77.32 34 RAD_OF_IR -175 -6 0.00211
77.32 34 GPS 3 55812459 339505750 800 1107 142 155 235819728 16 0
77.41 34 IR_SENSORS -604 -240 1
77.41 34 NAVIGATION 0 2 6108 19005 36 0. 398523904.
77.55 34 DOWNLINK_STATUS 76 9842 617 0 397. 25.
77.63 34 WP_MOVED 0 552058. 3376094. 50.
77.63 34 GYRO_RATES -201 -184 -177 1.754056 -1.605703 -1.544616
77.73 34 ESTIMATOR 11.07 1.55 1.55 1.55 11.07
77.73 34 NAVIGATION 0 2 6108 19005 36 0. 398523904.
77.73 34 PPRZ_MODE 0 1 2 0 0 17 0
77.73 34 ATTITUDE -56 0 -21
77.73 34 GPS 3 55812474 339505746 766 1285 206 209 235820000 16 0
77.91 34 DESIRED 0. -0. 0. 0. 23. 0.
77.91 34 NAVIGATION 0 2 6108 19005 36 0. 398524256.
77.93 34 WP_MOVED 1 552016. 3376052. 50.
78.12 34 ESTIMATOR 12.85 2.09 2.09 2.09 12.85
78.21 34 COMMANDS 145,-4,-74,-452,923
78.21 34 NAVIGATION 0 2 6108 19005 36 0. 398524256.
78.21 34 ATTITUDE -55 0 -24
78.21 34 DL_VALUE 27 5500.
78.25 34 GPS 3 55812586 339505750 838 1614 278 248 235820500 16 0
78.25 34 FBW_STATUS 0 0 118
78.25 34 RAD_OF_IR -312 102 0.00211
78.25 34 NAVIGATION_REF 552016 3376052 16
78.30 34 IR_SENSORS -627 -317 1
78.40 34 NAVIGATION 0 2 6109 19005 36 0. 398539424.
78.43 34 WP_MOVED 2 551981.375 3376075. 50.
78.43 34 GYRO_RATES -172 -157 -150 1.500983 -1.370083 -1.308997
78.55 34 DOWNLINK_STATUS 77 10202 640 0 360. 23.
78.63 34 ESTIMATOR 16.139999 2.48 2.48 2.48 16.139999
78.63 34 BAT 173 118 16 1 27 15 0
78.72 34 GPS 3 55812828 339505812 842 2025 301 283 235821000 16 0
78.72 34 NAVIGATION 0 2 6112 19006 36 0. 398592544.
78.72 34 ATTITUDE -59 0 -30
78.72 34 CALIBRATION 0. 0.023 0.064 0
78.72 34 SERVO 9600 -9600 169
78.93 34 GPS 3 55813041 339505857 848 2358 313 298 235821248 16 0
78.93 34 SVINFO 0 22 13 7 43 62 121
78.93 34 DESIRED 0. -0. 0. 0. 23. 0.
78.93 34 IR_DEBUG 222 690 222 690
78.93 34 NAVIGATION 0 3 6114 19006 36 0. 398635744.
78.93 34 WP_MOVED 3 552041.875 3376020.5 50.
79.13 34 ESTIMATOR 23.58 2.98 2.98 2.98 23.58
79.13 34 GPS 3 55813267 339505896 846 2655 312 263 235821500 16 0
79.22 34 COMMANDS 175,-6,-50,-835,-835
79.22 34 NAVIGATION 1 0 6116 19006 36 0. 398678240.
79.22 34 ATTITUDE -61 0 -29
79.22 34 DL_VALUE 28 0.228
79.22 34 FBW_STATUS 0 0 118
79.22 34 RAD_OF_IR -347 -5 0.00211
79.32 34 GPS 3 55813497 339505930 846 2927 288 250 235821748 16 0
79.32 34 SVINFO 2 14 13 4 40 55 16
79.32 34 IR_SENSORS -630 -352 1
79.32 34 NAVIGATION 1 1 6118 19007 36 0. 398719264.
79.41 34 WP_MOVED 4 552016. 3376052. 0.
79.41 34 GYRO_RATES -161 -146 -136 1.40499 -1.27409 -1.186824
79.55 34 DOWNLINK_STATUS 78 10628 667 0 426. 27.
79.63 34 ESTIMATOR 29.27 2.5 2.5 2.5 29.27
79.72 34 GPS 3 55813717 339505959 850 3191 263 258 235822000 16 0
79.72 34 SVINFO 3 30 13 4 43 37 89
79.72 34 NAVIGATION 1 1 6121 19007 36 398311936. 398757184.
79.72 34 ATTITUDE -65 0 -29
79.73 34 DESIRED 0. -0. -35. 23. 50. 2.
79.84 34 GPS 3 55813924 339505982 793 3432 261 257 235822248 16 0
79.84 34 SVINFO 4 18 13 4 44 28 129
79.84 34 NAVIGATION 1 1 6123 19007 36 398346208. 398791328.
79.84 34 WP_MOVED 0 552058. 3376094. 50.
79.91 34 ESTIMATOR 34.32 2.57 2.57 2.57 34.32
80.26 34 GPS 3 55814118 339505999 795 3647 252 258 235822500 16 0
80.26 34 SVINFO 5 12 13 4 42 20 55
80.26 34 COMMANDS 212,-10,-69,-924,-914
80.26 34 NAVIGATION 1 1 6125 19007 36 398376512. 398821504.
80.26 34 ATTITUDE -67 0 -17
80.26 34 DL_VALUE 29 0.462
80.26 34 FBW_STATUS 0 0 118
80.27 34 RAD_OF_IR -379 5 0.0021
80.35 34 ACTUATORS 1485,1501,0,1213,1458,1546
80.35 34 IR_SENSORS -529 -387 1
80.35 34 GPS 3 55814289 339506014 793 3838 239 223 235822748 16 0
80.35 34 SVINFO 6 32 4 4 29 15 316
80.35 34 NAVIGATION 1 1 6126 19008 36 398403328. 398848192.
80.35 34 WP_MOVED 1 552016. 3376052. 50.
80.35 34 GYRO_RATES -278 -264 -254 2.426008 -2.303835 -2.216568
80.41 34 ESTIMATOR 38.380001 2.23 2.23 2.23 38.380001
80.41 34 BAT 173 118 18 1 1 1 0
80.56 34 NAVIGATION 1 1 6126 19008 36 398403328. 398848192.
80.56 34 GPS 3 55814426 339506048 804 4023 222 222 235823000 16 0
80.56 34 ATTITUDE -78 0 -11
80.56 34 CALIBRATION 3.527 0.023 0.064 0
80.56 34 DOWNLINK_STATUS 79 11146 699 0 518. 32.
80.72 34 SERVO 9600 -9600 167
80.84 34 DESIRED 0. -0. -35. 23. 50. 2.
80.84 34 IR_DEBUG 107 736 107 736
80.84 34 NAVIGATION 1 1 6128 19008 36 398433088. 398877888.
80.85 34 GPS 3 55814553 339506084 777 4191 216 193 235823248 16 0
80.85 34 SVINFO 8 11 4 4 25 10 303
80.85 34 WP_MOVED 2 551981.375 3376075. 50.
80.90 34 ESTIMATOR 41.91 1.93 1.93 1.93 41.91
81.03 34 COMMANDS 176,-38,-61,-833,-4773
81.03 34 NAVIGATION 1 1 6129 19008 36 398462400. 398907136.
81.03 34 ATTITUDE -78 0 -27
81.03 34 DL_VALUE 30 0.
81.04 34 GPS 3 55814615 339506124 810 4324 252 257 235823500 16 0
81.04 34 FBW_STATUS 0 0 118
81.04 34 RAD_OF_IR -436 93 0.00209
81.22 34 IR_SENSORS -626 -436 1
81.35 34 NAVIGATION 1 1 6130 19009 36 398485248. 398929920.
81.35 34 GPS 3 55814683 339506174 753 4458 313 297 235823748 16 0
81.36 34 WP_MOVED 3 552041.875 3376020.5 50.
81.36 34 GYRO_RATES -293 -277 -269 2.556907 -2.417281 -2.347468
81.36 34 ESTIMATOR 44.580002 2.97 2.97 2.97 44.580002
81.40 34 NAVIGATION 1 1 6130 19009 36 398512640. 398957280.
81.41 34 ATTITUDE -78 0 -28
81.51 34 GPS 3 55814762 339506221 770 4591 364 360 235824000 16 0
81.56 34 DOWNLINK_STATUS 80 11533 723 0 387. 24.
81.72 34 DESIRED 0. -0. -35. 23. 50. 1.236
81.93 34 NAVIGATION 1 1 6131 19010 36 398540224. 398984896.
81.93 34 WP_MOVED 4 552016. 3376052. 0.
81.93 34 GPS 3 55814869 339506245 772 4714 403 416 235824248 16 0
81.93 34 ESTIMATOR 47.139999 4.16 4.16 4.16 47.139999
81.94 34 COMMANDS 170,-21,-67,-930,-4761
81.94 34 NAVIGATION 1 1 6132 19010 36 398562464. 399007072.
81.94 34 ATTITUDE -78 0 -28
81.94 34 DL_VALUE 31 0.023
82.02 34 FBW_STATUS 0 0 118
82.05 34 GPS 3 55814942 339506258 843 4795 441 386 235824500 16 0
82.05 34 RAD_OF_IR -433 201 0.00207
82.23 34 IR_SENSORS -630 -429 1
82.23 34 NAVIGATION 1 1 6133 19010 36 398576448. 399020992.
82.33 34 WP_MOVED 0 552058. 3376094. 50.
82.34 34 GYRO_RATES -281 -266 -255 2.452188 -2.321288 -2.225295
82.34 34 GPS 3 55815036 339506274 850 4888 448 391 235824748 16 0
82.34 34 ESTIMATOR 48.880001 3.91 3.91 3.91 48.880001
82.34 34 BAT 187 118 20 1 3 3 0
82.41 34 NAVIGATION 1 1 6134 19010 36 398594112. 399038624.
82.41 34 ATTITUDE -68 0 -43
82.41 34 CALIBRATION 5.535 0.023 0.064 0
82.42 34 SERVO 9600 -9600 173
82.51 34 GPS 3 55815201 339506295 824 5034 423 427 235825000 16 0
82.56 34 DOWNLINK_STATUS 81 11929 747 0 396. 24.
82.74 34 DESIRED 0. -0. -35. 23. 50. 0.255
82.74 34 IR_DEBUG 285 806 285 806
82.74 34 NAVIGATION 1 1 6136 19010 36 398622400. 399066816.
82.87 34 WP_MOVED 1 552016. 3376052. 50.
82.87 34 GPS 3 55815374 339506313 822 5177 424 433 235825248 16 0
82.87 34 SVINFO 0 22 13 7 40 62 121
82.87 34 ESTIMATOR 51.77 4.33 4.33 4.33 51.77
82.87 34 COMMANDS 169,-24,-77,-833,-4773
82.87 34 NAVIGATION 1 1 6137 19011 36 398650688. 399094976.
82.87 34 ATTITUDE -69 0 -52
82.90 34 FBW_STATUS 0 0 118
82.90 34 RAD_OF_IR -387 -5 0.00207
83.01 34 GPS 3 55815536 339506344 832 5310 437 411 235825500 16 0
83.01 34 IR_SENSORS -752 -391 1
83.03 34 NAVIGATION 1 1 6139 19011 36 398682400. 399126560.
83.23 34 WP_MOVED 2 551981.375 3376075. 50.
83.23 34 GYRO_RATES -286 -271 -260 2.495821 -2.364921 -2.268928
83.32 34 ESTIMATOR 53.099998 4.11 4.11 4.11 53.099998
83.32 34 GPS 3 55815658 339506359 895 5422 345 362 235825748 16 0
83.32 34 SVINFO 2 14 13 4 39 55 16
83.32 34 NAVIGATION 1 1 6140 19011 36 398703200. 399147264.
83.32 34 ATTITUDE -69 0 -50
83.56 34 GPS 3 55815803 339506376 869 5571 398 374 235826000 16 0
83.56 34 SVINFO 3 30 13 4 41 37 89
83.56 34 DESIRED 0. -0. -35. 23. 50. -0.962
83.56 34 NAVIGATION 1 1 6142 19011 36 398727520. 399171520.
83.56 34 DOWNLINK_STATUS 82 12365 773 0 436. 26.
83.72 34 WP_MOVED 3 552041.875 3376020.5 50.
83.84 34 ESTIMATOR 55.709999 3.74 3.74 3.74 55.709999
83.84 34 GPS 3 55815938 339506393 860 5711 431 378 235826248 16 0
83.84 34 SVINFO 4 18 13 6 44 28 129
83.84 34 COMMANDS 174,-31,-47,-828,-4330
83.84 34 NAVIGATION 1 1 6143 19011 36 398750656. 399194592.
83.84 34 ATTITUDE -71 0 -49
83.84 34 DL_VALUE 33 0.01
83.84 34 FBW_STATUS 0 0 118
83.84 34 RAD_OF_IR -399 -25 0.00206
83.92 34 IR_SENSORS -742 -397 1
84.05 34 GPS 3 55816066 339506407 851 5842 434 394 235826500 16 0
84.05 34 SVINFO 5 12 13 6 41 20 55
84.05 34 NAVIGATION 1 1 6144 19012 36 398771840. 399215680.
84.23 34 WP_MOVED 4 552016. 3376052. 0.
84.23 34 GYRO_RATES -290 -275 -265 2.530727 -2.399828 -2.312561
84.35 34 ESTIMATOR 58.419998 3.94 3.94 3.94 58.419998
84.35 34 BAT 172 118 22 1 5 5 0
84.35 34 NAVIGATION 1 1 6144 19012 36 398771840. 399215680.
84.35 34 GPS 3 55816155 339506411 874 5940 351 363 235826748 16 0
84.35 34 SVINFO 6 32 4 6 33 15 316
84.35 34 ATTITUDE -72 0 -48
84.35 34 CALIBRATION 2.676 0.023 0.064 0
84.35 34 SERVO 9600 -9600 171
84.55 34 DESIRED 0. -0. -35. 23. 50. -1.92
84.55 34 IR_DEBUG 245 812 245 812
84.55 34 NAVIGATION 1 1 6145 19012 36 398784288. 399228064.
84.55 34 GPS 3 55816199 339506407 852 6002 254 281 235827000 16 0
84.55 34 WP_MOVED 0 552058. 3376094. 50.
84.56 34 DOWNLINK_STATUS 83 12816 802 0 451. 29.
84.72 34 ESTIMATOR 60.02 2.81 2.81 2.81 60.02
84.84 34 COMMANDS 181,-138,-69,-850,3168
84.84 34 NAVIGATION 1 1 6145 19012 36 398788288. 399232000.
84.84 34 ATTITUDE -71 0 -49
84.84 34 DL_VALUE 34 1.
84.84 34 GPS 3 55816280 339506410 829 6093 260 261 235827248 16 0
84.84 34 SVINFO 8 11 4 6 37 10 303
84.84 34 FBW_STATUS 0 0 118
84.84 34 RAD_OF_IR -396 -66 0.00205
84.92 34 ACTUATORS 1500,1502,0,1214,1457,1335
84.92 34 IR_SENSORS -744 -396 1
84.92 34 NAVIGATION 1 1 6146 19012 36 398799392. 399243072.
85.04 34 GPS 3 55816427 339506387 928 6187 288 265 235827500 16 0
85.04 34 WP_MOVED 1 552016. 3376052. 50.
85.04 34 GYRO_RATES -285 -270 -261 2.487094 -2.356194 -2.277655
85.22 34 ESTIMATOR 61.869999 2.65 2.65 2.65 61.869999
85.25 34 NAVIGATION 1 1 6148 19011 36 398808800. 399252384.
85.25 34 ATTITUDE -71 0 -50
85.25 34 GPS 3 55816533 339506379 888 6265 286 264 235827748 16 0
85.41 34 DESIRED 0. -0. -35. 23. 50. -2.
85.41 34 NAVIGATION 1 1 6149 19011 36 398818880. 399262400.
85.53 34 WP_MOVED 2 551981.375 3376075. 50.
85.53 34 PPRZ_MODE 0 3 3 0 0 17 0
85.53 34 GPS 3 55816626 339506380 885 6353 277 277 235828000 16 0
85.54 34 ESTIMATOR 63.529999 2.77 2.77 2.77 63.529999
85.57 34 DOWNLINK_STATUS 84 13231 827 0 415. 25.
85.83 34 COMMANDS 173,-15,-67,-842,-3847
85.84 34 NAVIGATION 1 1 6150 19011 36 398830816. 399274272.
85.84 34 ATTITUDE -72 0 -50
85.84 34 DL_VALUE 35 0.
85.92 34 FBW_STATUS 0 0 118
85.92 34 GPS 3 55816683 339506384 887 6423 261 251 235828248 16 0
85.92 34 RAD_OF_IR -396 5 0.00204
85.92 34 IR_SENSORS -747 -396 1
85.92 34 NAVIGATION 1 1 6150 19011 36 398839360. 399282752.
85.93 34 WP_MOVED 3 552041.875 3376020.5 50.
85.93 34 GYRO_RATES -287 -272 -264 2.504547 -2.373648 -2.303835
86.04 34 GPS 3 55816711 339506386 877 6477 217 243 235828500 16 0
86.04 34 ESTIMATOR 64.769997 2.43 2.43 2.43 64.769997
86.04 34 BAT 173 118 24 1 7 7 0
86.12 34 NAVIGATION 1 1 6151 19011 36 398843584. 399286944.
86.12 34 ATTITUDE -71 0 -49
86.12 34 CALIBRATION -6.319 0.023 0.064 0
86.33 34 SERVO 9600 -9600 173
86.33 34 GPS 3 55816738 339506389 825 6531 198 223 235828748 16 0
86.42 34 DESIRED 0. -0. -35. 23. 50. -2.
86.42 34 IR_DEBUG 249 816 249 816
86.42 34 NAVIGATION 1 1 6151 19011 36 398848096. 399291488.
86.42 34 WP_MOVED 4 552016. 3376052. 0.
86.53 34 GPS 3 55816755 339506396 781 6580 182 220 235829000 16 0
86.53 34 ESTIMATOR 65.800003 2.2 2.2 2.2 65.800003
86.57 34 DOWNLINK_STATUS 85 13637 852 0 406. 25.
86.61 34 COMMANDS 166,-109,-170,-823,-8670
86.61 34 NAVIGATION 1 1 6151 19011 36 398852864. 399296224.
86.61 34 ATTITUDE -71 0 -49
86.61 34 DL_VALUE 36 0.
86.62 34 FBW_STATUS 0 0 118
87.57 34 DOWNLINK_STATUS 86 13688 857 0 51. 5.
88.57 34 DOWNLINK_STATUS 87 13688 857 0 0. 0.
89.24 34 NAVIGATION 1 1 6142 19009 36 398658432. 399102272.
89.24 34 ATTITUDE -74 0 -50
89.25 34 GPS 3 55815856 339506146 878 6251 59 112 235831500 16 0
89.25 34 SVINFO 9 31 13 6 34 62 232
89.25 34 DESIRED 0. -0. -35. 23. 50. -2.
89.25 34 NAVIGATION 1 1 6142 19009 36 398646784. 399090656.
89.25 34 WP_MOVED 0 552058. 3376094. 50.
89.25 34 GPS 3 55815830 339506128 892 6232 57 137 235831748 16 0
89.30 34 ESTIMATOR 62.32 1.37 1.37 1.37 62.32
89.55 34 COMMANDS 174,-23,-63,-1077,-9600
89.56 34 NAVIGATION 1 1 6142 19009 36 398636672. 399080544.
89.56 34 ATTITUDE -74 0 -50
89.56 34 DL_VALUE 39 0.064
89.57 34 DOWNLINK_STATUS 88 13905 870 0 217. 13.
89.63 34 FBW_STATUS 0 0 118
89.63 34 GPS 3 55815813 339506108 889 6205 63 135 235832000 16 0
89.64 34 RAD_OF_IR -410 -8 0.00201
89.64 34 ACTUATORS 1498,1502,0,1213,1457,2000
89.64 34 IR_SENSORS -749 -411 1
89.64 34 NAVIGATION 1 1 6142 19009 36 398627008. 399070880.
89.84 34 WP_MOVED 1 552016. 3376052. 50.
89.84 34 GYRO_RATES -293 -278 -268 2.556907 -2.426008 -2.338741
89.84 34 GPS 3 55815796 339506060 897 6148 75 136 235832248 16 0
89.84 34 ESTIMATOR 61.48 1.36 1.36 1.36 61.48
89.84 34 BAT 175 118 28 1 11 11 0
90.14 34 NAVIGATION 1 1 6141 19008 36 398606656. 399050528.
90.14 34 ATTITUDE -74 0 -50
90.14 34 CALIBRATION -14.008 0.023 0.064 0
90.25 34 SERVO 9600 -9600 168
90.25 34 GPS 3 55815788 339506008 895 6104 74 171 235832500 16 0
90.25 34 DESIRED 0. -0. -35. 23. 50. -2.
90.25 34 IR_DEBUG 243 827 243 827
90.25 34 NAVIGATION 1 1 6141 19008 36 398585952. 399029792.
90.25 34 WP_MOVED 2 551981.375 3376075. 50.
90.25 34 PPRZ_MODE 0 3 3 0 0 1 0
90.31 34 GPS 3 55815779 339505983 889 6069 85 144 235832748 16 0
90.32 34 ESTIMATOR 60.689999 1.44 1.44 1.44 60.689999
90.57 34 DOWNLINK_STATUS 89 14289 893 0 384. 23.
90.66 34 COMMANDS 131,-20,-135,-924,-9600
90.66 34 NAVIGATION 1 1 6141 19007 36 398575360. 399019200.
90.66 34 ATTITUDE -73 0 -50
90.66 34 DL_VALUE 40 1.
90.67 34 FBW_STATUS 0 0 118
90.67 34 RAD_OF_IR -406 -17 0.00201
90.67 34 GPS 3 55815775 339505959 888 6041 58 163 235833000 16 0
90.67 34 IR_SENSORS -756 -404 1
90.72 34 NAVIGATION 1 1 6141 19007 36 398565728. 399009568.
90.72 34 WP_MOVED 3 552041.875 3376020.5 50.
90.72 34 GYRO_RATES -284 -270 -260 2.478368 -2.356194 -2.268928
90.82 34 ESTIMATOR 60.41 1.63 1.63 1.63 60.41
90.82 34 GPS 3 55815763 339505943 880 6001 64 111 235833248 16 0
90.82 34 SVINFO 0 22 13 7 41 62 121
90.83 34 NAVIGATION 1 1 6141 19007 36 398558176. 399001984.
90.83 34 ATTITUDE -74 0 -50
91.15 34 GPS 3 55815754 339505933 885 5972 72 95 235833500 16 0
91.15 34 DESIRED 0. -0. -35. 23. 50. -2.
91.15 34 NAVIGATION 1 1 6141 19007 36 398553280. 398997120.
91.35 34 WP_MOVED 4 552016. 3376052. 0.
91.35 34 ESTIMATOR 59.720001 0.95 0.95 0.95 59.720001
91.35 34 GPS 3 55815754 339505926 889 5960 82 103 235833748 16 0
91.35 34 SVINFO 2 14 13 6 38 55 16
91.35 34 COMMANDS 168,-20,-66,-999,-8665
91.35 34 NAVIGATION 1 1 6141 19007 36 398550592. 398994464.
91.35 34 ATTITUDE -73 0 -48
91.35 34 FBW_STATUS 0 0 118
91.35 34 RAD_OF_IR -405 11 0.00201
91.42 34 IR_SENSORS -741 -405 1
91.57 34 DOWNLINK_STATUS 90 14730 922 0 441. 29.
91.64 34 GPS 3 55815756 339505922 876 5958 80 108 235834000 16 0
91.64 34 SVINFO 3 30 13 6 44 37 89
91.64 34 NAVIGATION 1 1 6141 19007 36 398549376. 398993184.
91.85 34 WP_MOVED 0 552058. 3376094. 50.
91.85 34 GYRO_RATES -286 -272 -263 2.495821 -2.373648 -2.295108
91.85 34 ESTIMATOR 59.580002 1.08 1.08 1.08 59.580002
91.85 34 BAT 208 118 30 1 13 13 0
91.85 34 NAVIGATION 1 1 6141 19007 36 398549376. 398993184.
91.85 34 ATTITUDE -73 0 -49
91.85 34 CALIBRATION -12.092 0.023 0.064 0
91.85 34 SVINFO 4 18 13 7 43 28 129
91.85 34 SERVO 9600 -9600 164
92.17 34 DESIRED 0. -0. -35. 23. 50. -2.
92.17 34 IR_DEBUG 238 823 238 823
92.17 34 NAVIGATION 1 1 6141 19007 36 398549600. 398993440.
92.17 34 GPS 3 55815760 339505927 814 5973 133 139 235834500 16 0
92.17 34 SVINFO 5 12 13 6 40 20 55
92.17 34 WP_MOVED 1 552016. 3376052. 50.
92.20 34 ESTIMATOR 59.73 1.39 1.39 1.39 59.73
92.34 34 COMMANDS 228,-29,48,-818,-9600
92.34 34 NAVIGATION 1 1 6141 19007 36 398551712. 398995552.
92.34 34 ATTITUDE -74 0 -48
92.34 34 DL_VALUE 0 50.
92.34 34 GPS 3 55815748 339505928 816 5970 57 160 235834748 16 0
92.34 34 SVINFO 6 32 4 6 33 15 316
92.34 34 FBW_STATUS 0 0 118
92.34 34 RAD_OF_IR -410 5 0.002
92.41 34 IR_SENSORS -735 -410 1
92.41 34 NAVIGATION 1 1 6141 19007 36 398550624. 398994432.
92.57 34 DOWNLINK_STATUS 91 15167 951 0 437. 29.
92.64 34 GPS 3 55815741 339505931 818 5974 74 135 235835000 16 0
92.65 34 WP_MOVED 2 551981.375 3376075. 50.
92.65 34 GYRO_RATES -281 -265 -256 2.452188 -2.312561 -2.234021
92.72 34 ESTIMATOR 59.740002 1.35 1.35 1.35 59.740002
92.72 34 NAVIGATION 1 1 6141 19007 36 398550944. 398994784.
92.72 34 ATTITUDE -75 0 -47
92.81 34 GPS 3 55815734 339505934 826 5987 62 138 235835248 16 0
92.81 34 SVINFO 8 11 4 6 33 10 303
92.91 34 DESIRED 0. -0. -35. 23. 50. -2.
92.91 34 NAVIGATION 1 1 6141 19007 36 398551168. 398995040.
92.93 34 WP_MOVED 3 552041.875 3376020.5 50.
93.13 34 GPS 3 55815722 339505933 822 5993 34 151 235835500 16 0
93.14 34 SVINFO 9 31 13 6 34 62 232
93.23 34 ESTIMATOR 59.93 1.51 1.51 1.51 59.93
93.23 34 COMMANDS 166,-135,-198,-828,-9600
93.23 34 NAVIGATION 1 1 6141 19007 36 398549344. 398993184.
93.23 34 ATTITUDE -58 0 -63
93.23 34 DL_VALUE 1 1.
93.24 34 FBW_STATUS 0 0 118
93.24 34 GPS 3 55815721 339505934 826 6011 91 159 235835748 16 0
93.24 34 RAD_OF_IR -334 11 0.002
93.30 34 IR_SENSORS -757 -348 1
93.40 34 NAVIGATION 1 1 6141 19007 36 398549568. 398993440.
93.43 34 WP_MOVED 4 552016. 3376052. 0.
93.43 34 GYRO_RATES -275 -257 -249 2.399828 -2.242748 -2.172935
93.57 34 DOWNLINK_STATUS 92 15581 976 0 414. 25.
93.64 34 GPS 3 55815713 339505932 851 6016 66 114 235836000 16 0
93.65 34 ESTIMATOR 60.16 1.14 1.14 1.14 60.16
93.65 34 BAT 167 118 32 1 15 15 0
93.71 34 NAVIGATION 1 1 6141 19007 36 398547840. 398991712.
93.71 34 ATTITUDE -57 0 -34
93.71 34 CALIBRATION -10.389 0.023 0.064 0
93.74 34 SERVO 9600 -9600 169
93.74 34 GPS 3 55815719 339505938 852 6023 78 92 235836248 16 0
93.84 34 DESIRED 0. -0. -35. 23. 50. -2.
93.84 34 IR_DEBUG 242 687 242 687
93.84 34 NAVIGATION 1 1 6141 19007 36 398550880. 398994720.
93.90 34 WP_MOVED 0 552058. 3376094. 50.
94.14 34 GPS 3 55815734 339505945 824 6037 103 148 235836500 16 0
94.14 34 ESTIMATOR 60.369999 1.48 1.48 1.48 60.369999
94.22 34 COMMANDS 173,-20,-37,-833,-9600
94.22 34 NAVIGATION 1 1 6141 19007 36 398555328. 398999200.
94.22 34 ATTITUDE -42 0 -58
94.22 34 DL_VALUE 2 0.
94.22 34 FBW_STATUS 0 0 118
94.22 34 RAD_OF_IR -177 -79 0.002
94.44 34 GPS 3 55815743 339505954 821 6040 67 108 235836748 16 0
94.44 34 ACTUATORS 1496,1502,0,1214,1457,2000
94.44 34 IR_SENSORS -936 -112 1
94.44 34 NAVIGATION 1 1 6141 19007 36 398559872. 399003680.
94.44 34 WP_MOVED 1 552016. 3376052. 50.
94.44 34 GYRO_RATES 1 15 26 -0.008727 0.1309 0.226893
94.57 34 DOWNLINK_STATUS 93 16002 1002 0 421. 26.
94.65 34 ESTIMATOR 60.400002 1.08 1.08 1.08 60.400002
94.65 34 GPS 3 55815753 339505964 823 6050 65 123 235837000 16 0
94.65 34 NAVIGATION 1 1 6141 19007 36 398564928. 399008800.
94.65 34 ATTITUDE -3 0 -102
94.86 34 DESIRED 0. -0. -35. 23. 50. -2.
94.86 34 GPS 3 55815762 339505975 826 6057 69 171 235837248 16 0
94.86 34 SVINFO 0 22 13 7 42 62 121
94.86 34 NAVIGATION 1 1 6141 19007 36 398570208. 399014048.
94.86 34 WP_MOVED 2 551981.375 3376075. 50.
94.86 34 PPRZ_MODE 0 3 3 0 0 1 0
94.91 34 ESTIMATOR 60.57 1.71 1.71 1.71 60.57
95.15 34 GPS 3 55815769 339505993 831 6079 70 208 235837500 16 0
95.15 34 COMMANDS 173,-24,-69,-837,-9600
95.15 34 NAVIGATION 1 1 6141 19007 36 398577888. 399021728.
95.15 34 ATTITUDE -5 0 -118
95.16 34 DL_VALUE 3 0.
95.21 34 FBW_STATUS 0 0 118
95.21 34 RAD_OF_IR -28 14 0.002
95.21 34 NAVIGATION_REF 552016 3376052 16
95.34 34 IR_SENSORS -1132 -2 1
95.34 34 GPS 3 55815772 339506005 831 6103 51 198 235837748 16 0
95.34 34 SVINFO 2 14 13 7 39 55 16
95.34 34 NAVIGATION 1 1 6141 19008 36 398582880. 399026720.
95.34 34 WP_MOVED 3 552041.875 3376020.5 50.
95.34 34 GYRO_RATES -85 -70 -60 0.741765 -0.610865 -0.523599
95.41 34 ESTIMATOR 61.029999 1.98 1.98 1.98 61.029999
95.41 34 BAT 172 118 34 1 17 17 0
95.57 34 DOWNLINK_STATUS 94 16437 1029 0 435. 27.
95.65 34 NAVIGATION 1 1 6141 19008 36 398582880. 399026720.
95.65 34 GPS 3 55815777 339506065 808 6181 66 222 235838000 16 0
95.66 34 SVINFO 3 30 13 7 44 37 89
95.66 34 ATTITUDE -7 0 -121
95.66 34 CALIBRATION -10.11 0.023 0.064 0
95.85 34 SERVO 9600 -9600 172
95.85 34 DESIRED 0. -0. -35. 23. 50. -2.
95.85 34 IR_DEBUG 807 824 807 824
95.85 34 NAVIGATION 1 1 6141 19008 36 398606240. 399050144.
95.85 34 GPS 3 55815778 339506132 803 6262 96 247 235838248 16 0
95.85 34 SVINFO 4 18 13 7 36 28 129
95.85 34 WP_MOVED 4 552016. 3376052. 0.
95.90 34 ESTIMATOR 62.619999 2.47 2.47 2.47 62.619999
96.16 34 COMMANDS 172,-17,-69,-833,-9600
96.16 34 NAVIGATION 1 1 6141 19009 36 398631808. 399075744.
96.16 34 ATTITUDE -4 0 -121
96.16 34 DL_VALUE 4 0.
96.16 34 GPS 3 55815787 339506195 771 6346 117 242 235838500 16 0
96.16 34 SVINFO 5 12 13 7 40 20 55
96.16 34 FBW_STATUS 0 0 118
96.35 34 RAD_OF_IR -39 -90 0.002
96.35 34 IR_SENSORS -1117 -39 1
96.35 34 NAVIGATION 1 1 6141 19009 36 398656832. 399100736.
96.35 34 GPS 3 55815806 339506259 571 6431 110 235 235838748 16 0
96.35 34 SVINFO 6 32 4 4 23 15 316
96.35 34 WP_MOVED 0 552058. 3376094. 50.
96.35 34 GYRO_RATES -288 -273 -264 2.513274 -2.382375 -2.303835
96.41 34 NAVIGATION 1 1 6142 19010 36 398683488. 399127424.
96.41 34 ATTITUDE -6 0 -115
96.57 34 DOWNLINK_STATUS 95 16873 1058 0 436. 29.
96.63 34 GPS 3 55815823 339506304 590 6503 89 209 235839000 16 0
96.65 34 DESIRED 0. -0. -35. 23. 50. -2.
96.65 34 NAVIGATION 1 1 6142 19011 36 398702624. 399146592.
96.82 34 WP_MOVED 1 552016. 3376052. 50.
96.82 34 GPS 3 55815838 339506347 595 6569 86 238 235839248 16 0
96.82 34 SVINFO 8 11 4 4 29 10 303
97.57 34 DOWNLINK_STATUS 96 16996 1064 0 123. 6.
98.57 34 DOWNLINK_STATUS 97 16996 1064 0 0. 0.
99.57 34 DOWNLINK_STATUS 98 16996 1064 0 0. 0.
100.57 34 DOWNLINK_STATUS 99 16996 1064 0 0. 0.
101.57 34 DOWNLINK_STATUS 100 16996 1064 0 0. 0.
102.57 34 DOWNLINK_STATUS 101 16996 1064 0 0. 0.
103.57 34 DOWNLINK_STATUS 102 16996 1064 0 0. 0.
104.57 34 DOWNLINK_STATUS 103 16996 1064 0 0. 0.
105.58 34 DOWNLINK_STATUS 104 16996 1064 0 0. 0.
106.57 34 DOWNLINK_STATUS 105 16996 1064 0 0. 0.
107.57 34 DOWNLINK_STATUS 106 16996 1064 0 0. 0.
108.58 34 DOWNLINK_STATUS 107 16996 1064 0 0. 0.
109.58 34 DOWNLINK_STATUS 108 16996 1064 0 0. 0.
110.60 34 DOWNLINK_STATUS 109 16996 1064 0 0. 0.
111.58 34 DOWNLINK_STATUS 110 16996 1064 0 0. 0.
