17.86 34 GPS 3 49757129 356545617 2837 77745 80 312 52540249 12 0
17.86 34 SVINFO 4 24 13 6 34 45 73
17.86 34 WP_MOVED 0 497617. 3565540. 833.
17.86 34 GYRO_RATES -50 42 -9 0.436332 0.366519 -0.07854
17.86 34 ESTIMATOR 777.450012 3.12 3.12 3.12 777.450012
17.86 34 NAVIGATION 1 1 -3 -41 26 4426.4 2149.8
17.86 34 ATTITUDE 11 0 -29
17.86 34 GPS 3 49757173 356545615 2872 77614 87 313 52540501 12 0
17.86 34 SVINFO 5 15 13 6 35 42 64
17.86 34 DOWNLINK_STATUS 14 2318 147 0 157. 9.
17.86 34 DESIRED 0. -0.01 48. 0. 833. 2.
17.86 34 NAVIGATION 1 1 -3 -41 26 4383. 2138.2
17.86 34 WP_MOVED 1 497586.6875 3565500. 833.
17.86 34 GPS 3 49757221 356545594 2895 77481 62 301 52540749 12 0
17.86 34 SVINFO 6 22 13 4 29 32 247
17.86 34 ESTIMATOR 774.809998 3.01 3.01 3.01 774.809998
17.86 34 COMMANDS 699,27,-58,-1397
17.86 34 NAVIGATION 1 1 -2 -42 26 4352.1 2142.4
17.86 34 ATTITUDE 14 0 -27
17.86 34 DL_VALUE 37 0.1
17.86 34 DOWNLINK_STATUS 16 2480 157 0 162. 10.
17.86 34 FBW_STATUS 0 0 125
17.86 34 GPS 3 49757255 356545572 2886 77381 46 319 52541001 12 0
17.86 34 SVINFO 7 16 13 4 27 17 287
17.90 34 RAD_OF_IR 140 -25 0.00169
17.90 34 IR_SENSORS -786 128 1
17.90 34 NAVIGATION 1 1 -2 -42 26 4336.6 2152.1
17.91 34 WP_MOVED 2 497622.6875 3565498.5 833.
17.91 34 GYRO_RATES -42 43 2 0.366519 0.375246 0.017453
17.91 34 GPS 3 49757277 356545547 2907 77274 84 333 52541249 12 0
22.01 34 ESTIMATOR 772.73999 3.33 3.33 3.33 772.73999
22.01 34 BAT 705 125 8 0 7 7 2
22.01 34 DOWNLINK_STATUS 16 2656 168 0 176. 11.
22.01 34 NAVIGATION 1 1 -2 -42 26 4336. 2168.1
22.01 34 ATTITUDE 10 0 -27
22.01 34 CALIBRATION 46.184 0.015 0.046 0
22.01 34 SERVO 1451 -9600 702
22.01 34 GPS 3 49757299 356545523 2928 77175 70 351 52541501 12 0
22.01 34 SVINFO 9 27 4 6 33 5 100
22.01 34 DESIRED 0. -0.01 48. 0. 833. 2.
22.01 34 IR_DEBUG 641 484 641 484
22.01 34 NAVIGATION 1 1 -2 -42 26 4334.7 2183.4
22.01 34 WP_MOVED 3 497546.40625 3565495.5 833.
22.01 34 GPS 3 49757325 356545490 2934 77070 52 362 52541749 12 0
22.01 34 ESTIMATOR 770.700012 3.62 3.62 3.62 770.700012
22.01 34 COMMANDS 701,15,-52,-1388
22.01 34 NAVIGATION 1 1 -1 -43 26 4337.6 2205.9
22.01 34 ATTITUDE 9 0 -29
22.02 34 DL_VALUE 38 0.
22.02 34 FBW_STATUS 0 0 125
22.02 34 RAD_OF_IR 110 17 0.00169
22.02 34 GPS 3 49757341 356545459 2935 76975 30 347 52542001 12 0
22.02 34 IR_SENSORS -792 105 1
22.06 34 NAVIGATION 1 1 -1 -43 26 4348.8 2229.6
22.10 34 WP_MOVED 4 497575. 3565498. 0.
22.10 34 GYRO_RATES -43 41 0 0.375246 0.357792 0.
22.10 34 DOWNLINK_STATUS 20 3007 191 0 351. 23.
22.10 34 ESTIMATOR 769.75 3.47 3.47 3.47 769.75
22.10 34 GPS 3 49757377 356545420 2870 76893 23 378 52542249 12 0
22.10 34 NAVIGATION 1 1 -1 -43 26 4347.8 2255.7
22.10 34 ATTITUDE 8 0 -29
22.10 34 GPS 3 49757401 356545400 2920 76840 21 381 52542501 12 0
22.10 34 DESIRED 0. -0.01 48. 0. 833. 2.
22.10 34 NAVIGATION 1 1 0 -44 26 4342.1 2267.8
22.10 34 WP_MOVED 0 497617. 3565540. 833.
22.10 34 ESTIMATOR 768.400024 3.81 3.81 3.81 768.400024
22.10 34 GPS 3 49757427 356545386 2975 76791 23 398 52542749 12 0
22.10 34 COMMANDS 699,27,-52,-1397
22.10 34 NAVIGATION 1 1 0 -44 26 4329.3 2274.2
22.10 34 ATTITUDE 10 0 -27
22.10 34 DL_VALUE 39 0.046
22.10 34 FBW_STATUS 0 0 125
22.10 34 RAD_OF_IR 114 158 0.00169
22.10 34 ACTUATORS 1498,1503,0,1258,1426
22.10 34 IR_SENSORS -781 112 1
22.10 34 GPS 3 49757451 356545356 2877 76732 11 446 52543001 12 0
22.10 34 NAVIGATION 1 1 0 -44 26 4332.9 2296.
22.10 34 WP_MOVED 1 497586.6875 3565500. 833.
22.14 34 GYRO_RATES -34 39 6 0.296706 0.340339 0.05236
22.14 34 ESTIMATOR 767.320007 4.46 4.46 4.46 767.320007
22.14 34 BAT 692 125 10 0 9 9 2
22.14 34 GPS 3 49757466 356545330 2878 76647 54 469 52543249 12 0
22.14 34 NAVIGATION 1 1 0 -44 26 4341.9 2316.5
22.14 34 ATTITUDE 9 0 -28
22.14 34 CALIBRATION 57.731 0.015 0.046 0
22.14 34 SERVO 1179 -9600 699
22.14 34 DESIRED 0. -0.01 48. 0. 833. 2.
22.14 34 IR_DEBUG 646 495 646 495
22.14 34 NAVIGATION 1 1 0 -44 26 4341.9 2316.5
22.14 34 GPS 3 49757472 356545303 2823 76630 32 454 52543501 12 0
22.14 34 SVINFO 1 21 13 4 31 63 353
22.14 34 WP_MOVED 2 497622.6875 3565498.5 833.
22.14 34 ESTIMATOR 766.299988 4.54 4.54 4.54 766.299988
23.27 34 COMMANDS 704,9,-56,-1392
23.38 34 NAVIGATION 1 1 0 -44 26 4360.5 2340.3
23.49 34 ATTITUDE 6 0 -32
23.71 34 DL_VALUE 40 1.
23.82 34 GPS 3 49757483 356545265 2764 76598 68 468 52543749 12 0
23.94 34 SVINFO 2 26 13 6 32 53 97
23.94 34 FBW_STATUS 0 0 125
24.05 34 RAD_OF_IR 85 -169 0.00169
24.16 34 IR_SENSORS -814 86 1
24.27 34 NAVIGATION 1 1 0 -45 26 4384.6 2373.5
24.38 34 DOWNLINK_STATUS 23 3739 237 0 732. 46.
24.50 34 GPS 3 49757503 356545218 2687 76586 92 479 52544001 12 0
24.73 34 SVINFO 3 29 13 6 32 53 162
24.84 34 WP_MOVED 3 497546.40625 3565495.5 833.
24.95 34 GYRO_RATES -40 39 4 0.349066 0.340339 0.034907
25.07 34 ESTIMATOR 765.859985 4.79 4.79 4.79 765.859985
25.18 34 NAVIGATION 1 1 0 -45 26 4408.7 2413.4
25.29 34 ATTITUDE 5 0 -33
25.40 34 GPS 3 49757521 356545204 2787 76571 47 471 52544249 12 0
25.52 34 SVINFO 4 24 13 7 34 45 73
25.52 34 DESIRED 0. -0.01 48. 0. 833. 2.
25.53 34 DOWNLINK_STATUS 24 3922 247 0 183. 10.
25.57 34 NAVIGATION 1 1 0 -45 26 4404.5 2422.6
25.57 34 WP_MOVED 4 497575. 3565498. 0.
25.57 34 GPS 3 49757530 356545198 2873 76562 17 473 52544501 12 0
25.57 34 SVINFO 5 15 13 6 35 42 64
25.57 34 ESTIMATOR 765.619995 4.73 4.73 4.73 765.619995
25.57 34 COMMANDS 692,10,-69,-1390
25.57 34 NAVIGATION 1 1 0 -46 26 4401.6 2426.3
25.57 34 ATTITUDE 7 0 -32
25.57 34 DL_VALUE 41 0.
25.57 34 FBW_STATUS 0 0 125
25.57 34 GPS 3 49757543 356545180 2962 76540 16 470 52544749 12 0
25.57 34 SVINFO 6 22 13 6 30 32 247
25.57 34 RAD_OF_IR 100 256 0.00169
25.57 34 DOWNLINK_STATUS 24 4110 260 0 188. 13.
25.57 34 IR_SENSORS -822 97 1
25.57 34 NAVIGATION 1 1 0 -46 26 4406. 2440.6
25.57 34 WP_MOVED 0 497617. 3565540. 833.
25.57 34 GYRO_RATES -37 40 1 0.322886 0.349066 0.008727
25.58 34 GPS 3 49757550 356545156 2984 76463 51 453 52545001 12 0
25.58 34 SVINFO 7 16 12 3 24 17 287
25.58 34 ESTIMATOR 764.630005 4.53 4.53 4.53 764.630005
25.58 34 BAT 698 125 12 0 11 11 2
25.58 34 NAVIGATION 1 1 0 -46 26 4421.8 2462.2
25.58 34 ATTITUDE 6 0 -34
25.58 34 CALIBRATION 64.265 0.015 0.046 0
25.59 34 SERVO 2082 -9600 699
25.59 34 GPS 3 49757554 356545123 2975 76383 56 416 52545249 12 0
25.59 34 DESIRED 0. -0.01 48. 0. 833. 2.
25.59 34 IR_DEBUG 658 535 658 535
25.59 34 NAVIGATION 1 1 0 -46 26 4449.1 2493.3
25.59 34 WP_MOVED 1 497586.6875 3565500. 833.
25.60 34 GPS 3 49757561 356545103 2991 76336 71 348 52545501 12 0
25.60 34 SVINFO 9 27 4 6 33 5 100
25.60 34 ESTIMATOR 763.359985 3.48 3.48 3.48 763.359985
25.61 34 COMMANDS 699,30,-56,-1400
25.84 34 NAVIGATION 1 1 0 -46 26 4461.4 2511.3
25.84 34 ATTITUDE 7 0 -35
25.84 34 DL_VALUE 0 833.
25.85 34 FBW_STATUS 0 0 125
25.85 34 RAD_OF_IR 93 45 0.00169
25.86 34 GPS 3 49757572 356545083 3028 76315 38 340 52545749 12 0
25.86 34 IR_SENSORS -834 91 1
25.86 34 NAVIGATION 1 1 0 -47 26 4470. 2528.4
25.86 34 WP_MOVED 2 497622.6875 3565498.5 833.
25.86 34 GYRO_RATES -45 36 -2 0.392699 0.314159 -0.017453
25.86 34 ESTIMATOR 763.150024 3.4 3.4 3.4 763.150024
26.07 34 GPS 3 49757591 356545070 3091 76263 32 306 52546001 12 0
26.20 34 NAVIGATION 1 1 0 -47 26 4464.6 2537.1
26.31 34 ATTITUDE 6 0 -36
26.43 34 GPS 3 49757602 356545061 3123 76225 55 300 52546249 12 0
26.43 34 DESIRED 0. -0.01 48. 0. 833. 2.
26.55 34 NAVIGATION 1 1 1 -47 26 4462.9 2543.6
26.79 34 WP_MOVED 3 497546.40625 3565495.5 833.
26.90 34 ESTIMATOR 762.25 3. 3. 3. 762.25
27.01 34 GPS 3 49757609 356545049 3121 76183 23 282 52546501 12 0
27.14 34 COMMANDS 692,20,-56,-1398
27.25 34 NAVIGATION 1 1 1 -47 26 4467.9 2553.9
27.36 34 ATTITUDE 7 0 -36
27.47 34 DL_VALUE 1 1.
27.47 34 FBW_STATUS 0 0 125
27.59 34 RAD_OF_IR 102 -5 0.00169
27.85 34 IR_SENSORS -844 108 1
27.96 34 GPS 3 49757608 356545030 3127 76159 35 291 52546749 12 0
28.08 34 NAVIGATION 1 1 1 -47 26 4487. 2572.9
28.26 34 DOWNLINK_STATUS 26 4917 310 0 807. 50.
28.37 34 WP_MOVED 4 497575. 3565498. 0.
28.48 34 GYRO_RATES -41 34 5 0.357792 0.296706 0.043633
28.61 34 ESTIMATOR 761.590027 2.91 2.91 2.91 761.590027
28.82 34 BAT 704 125 14 0 13 13 2
28.82 34 NAVIGATION 1 1 1 -47 26 4487. 2572.9
28.82 34 GPS 3 49757610 356545020 3102 76148 8 294 52547001 12 0
28.82 34 ATTITUDE 7 0 -39
28.82 34 CALIBRATION 68.185 0.015 0.046 0
28.82 34 DOWNLINK_STATUS 27 5056 318 0 139. 8.
28.83 34 SERVO 5068 -9600 699
28.83 34 DESIRED 0. -0.01 48. 0. 833. 2.
28.83 34 IR_DEBUG 686 545 686 545
28.83 34 NAVIGATION 1 1 1 -47 26 4494.8 2582.5
28.83 34 GPS 3 49757615 356545023 3124 76109 40 274 52547249 12 0
28.84 34 SVINFO 0 18 13 4 30 63 267
28.84 34 WP_MOVED 0 497617. 3565540. 833.
28.85 34 ESTIMATOR 761.090027 2.74 2.74 2.74 761.090027
28.85 34 COMMANDS 686,12,-77,-1400
28.85 34 NAVIGATION 1 1 1 -47 26 4487.3 2578.4
28.85 34 ATTITUDE 7 0 -39
28.85 34 DL_VALUE 2 0.
28.85 34 GPS 3 49757612 356545023 3098 76098 66 314 52547501 12 0
28.85 34 SVINFO 1 21 13 4 27 63 353
28.85 34 FBW_STATUS 0 0 125
28.85 34 ACTUATORS 1498,1502,0,1258,1428
28.85 34 IR_SENSORS -871 91 1
28.86 34 NAVIGATION 1 1 1 -47 26 4490. 2579.
29.10 34 GPS 3 49757610 356545019 3102 76097 45 305 52547749 12 0
29.11 34 SVINFO 2 26 13 6 34 53 97
29.11 34 WP_MOVED 1 497586.6875 3565500. 833.
29.22 34 GYRO_RATES -42 44 15 0.366519 0.383972 0.1309
29.33 34 ESTIMATOR 760.969971 3.05 3.05 3.05 760.969971
29.45 34 NAVIGATION 1 1 1 -47 26 4495.8 2583.4
29.57 34 ATTITUDE 6 0 -41
29.79 34 GPS 3 49757614 356545046 3113 76087 78 291 52548001 12 0
29.90 34 SVINFO 3 29 13 6 31 53 162
29.91 34 DESIRED 0. -0.01 48. 0. 833. 2.
30.02 34 NAVIGATION 1 1 1 -47 26 4466.1 2555.8
30.14 34 WP_MOVED 2 497622.6875 3565498.5 833.
30.14 34 PPRZ_MODE 0 3 3 0 0 1 0
30.25 34 GPS 3 49757624 356545080 3132 76072 58 285 52548249 12 0
30.36 34 SVINFO 4 24 13 6 32 45 73
30.47 34 ESTIMATOR 760.719971 2.85 2.85 2.85 760.719971
30.60 34 COMMANDS 699,46,-42,-1388
30.82 34 NAVIGATION 1 1 1 -47 26 4424.3 2520.2
30.93 34 ATTITUDE 4 0 -42
31.03 34 DL_VALUE 3 0.
31.03 34 FBW_STATUS 0 0 125
31.15 34 GPS 3 49757638 356545090 3146 76026 52 253 52548501 12 0
31.26 34 SVINFO 5 15 13 7 30 41 64
31.37 34 RAD_OF_IR 70 39 0.00169
31.37 34 NAVIGATION_REF 497575 3565498 12
31.48 34 IR_SENSORS -881 67 1
31.60 34 DOWNLINK_STATUS 30 5716 362 0 660. 44.
31.83 34 NAVIGATION 1 1 1 -47 26 4401.8 2507.5
31.95 34 WP_MOVED 3 497546.40625 3565495.5 833.
32.06 34 GYRO_RATES -37 42 3 0.322886 0.366519 0.02618
32.18 34 GPS 3 49757644 356545085 3118 75994 56 281 52548749 12 0
32.29 34 SVINFO 6 22 13 4 27 32 247
32.39 34 ESTIMATOR 759.940002 2.81 2.81 2.81 759.940002
32.42 34 BAT 691 125 16 0 15 15 2
32.42 34 DOWNLINK_STATUS 31 5842 369 0 126. 7.
32.43 34 ATTITUDE 2 0 -42
32.43 34 CALIBRATION 70.605 0.015 0.046 0
32.43 34 SERVO 4971 -9587 683
32.43 34 GPS 3 49757653 356545101 3135 75984 90 282 52549001 12 0
32.43 34 SVINFO 7 16 13 4 28 17 287
32.43 34 DESIRED 0. -0.01 48. 0. 833. 2.
32.44 34 NAVIGATION 1 1 1 -46 26 4377.5 2493.7
32.44 34 WP_MOVED 4 497575. 3565498. 0.
32.44 34 GPS 3 49757638 356545081 3134 75995 50 290 52549249 12 0
32.44 34 ESTIMATOR 759.950012 2.9 2.9 2.9 759.950012
32.45 34 COMMANDS 700,26,-61,-1385
32.45 34 NAVIGATION 1 1 1 -47 26 4410.4 2516.3
32.45 34 ATTITUDE 2 0 -42
32.45 34 DL_VALUE 4 0.
32.46 34 FBW_STATUS 0 0 125
32.46 34 RAD_OF_IR 65 -2 0.00169
32.46 34 GPS 3 49757629 356545065 3147 76020 61 274 52549501 12 0
32.46 34 SVINFO 9 27 4 4 29 5 100
32.46 34 IR_SENSORS -882 62 1
32.46 34 NAVIGATION 1 1 1 -47 26 4434. 2533.9
32.46 34 WP_MOVED 0 497617. 3565540. 833.
32.46 34 GYRO_RATES -40 41 4 0.349066 0.357792 0.034907
32.47 34 ESTIMATOR 760.200012 2.74 2.74 2.74 760.200012
32.47 34 GPS 3 49757629 356545050 3153 76025 35 312 52549749 12 0
32.47 34 NAVIGATION 1 1 1 -47 26 4448.3 2548.7
32.47 34 ATTITUDE -1 0 -40
33.02 34 GPS 3 49757629 356545044 3155 76063 77 325 52550001 12 0
33.02 34 DESIRED 0. -0.01 48. 0. 833. 2.
33.15 34 NAVIGATION 1 1 1 -47 26 4454. 2554.7
33.26 34 WP_MOVED 1 497586.6875 3565500. 833.
33.37 34 ESTIMATOR 760.630005 3.25 3.25 3.25 760.630005
33.49 34 GPS 3 49757622 356545033 3116 76106 33 377 52550249 12 0
33.61 34 COMMANDS 708,20,-52,-1408
33.83 34 NAVIGATION 1 1 1 -47 26 4471.1 2567.
33.94 34 ATTITUDE -5 0 -44
34.04 34 DL_VALUE 5 18.
34.05 34 FBW_STATUS 0 0 125
34.17 34 RAD_OF_IR 4 -112 0.00169
34.28 34 IR_SENSORS -895 4 1
34.39 34 GPS 3 49757621 356545021 3096 76131 57 321 52550501 12 0
34.50 34 NAVIGATION 1 1 1 -47 26 4483.6 2579.1
34.62 34 WP_MOVED 2 497622.6875 3565498.5 833.
34.84 34 GYRO_RATES -28 43 1 0.244346 0.375246 0.008727
34.95 34 DOWNLINK_STATUS 33 6532 412 0 690. 43.
35.07 34 ESTIMATOR 761.309998 3.21 3.21 3.21 761.309998
35.19 34 BAT 682 125 18 0 17 17 2
35.23 34 NAVIGATION 1 1 1 -47 26 4483.6 2579.1
35.31 34 GPS 3 49757623 356545016 3096 76145 80 305 52550749 12 0
35.42 34 ATTITUDE -7 0 -43
35.53 34 CALIBRATION 72.094 0.015 0.046 0
35.66 34 SERVO 5766 -7062 704
35.66 34 DESIRED 0. -0.01 48. 0. 833. 2.
35.88 34 IR_DEBUG 643 634 643 634
35.99 34 NAVIGATION 1 1 1 -47 26 4486.6 2583.7
36.11 34 GPS 3 49757617 356545007 3070 76173 77 323 52551001 12 0
36.22 34 WP_MOVED 3 497546.40625 3565495.5 833.
36.33 34 DOWNLINK_STATUS 35 6740 424 0 208. 12.
36.44 34 ESTIMATOR 761.72998 3.23 3.23 3.23 761.72998
36.56 34 COMMANDS 694,-3,-58,-1368
36.68 34 NAVIGATION 1 1 1 -47 26 4500.8 2593.9
36.88 34 ATTITUDE -4 0 -45
36.88 34 DL_VALUE 6 1.
36.89 34 GPS 3 49757622 356545008 3066 76201 56 333 52551249 12 0
36.89 34 FBW_STATUS 0 0 125
36.89 34 RAD_OF_IR 11 -11 0.00169
36.89 34 DOWNLINK_STATUS 35 6848 432 0 108. 8.
36.90 34 IR_SENSORS -901 7 1
36.90 34 NAVIGATION 1 1 1 -47 26 4495.2 2591.9
36.90 34 GPS 3 49757622 356545019 3073 76255 74 345 52551501 12 0
36.90 34 SVINFO 1 21 13 4 29 63 353
36.90 34 WP_MOVED 4 497575. 3565498. 0.
36.90 34 GYRO_RATES -39 41 4 0.340339 0.357792 0.034907
36.91 34 ESTIMATOR 762.549988 3.45 3.45 3.45 762.549988
36.91 34 NAVIGATION 1 1 1 -47 26 4484.6 2580.9
36.91 34 ATTITUDE -6 0 -44
36.91 34 GPS 3 49757621 356545031 3074 76323 56 383 52551749 12 0
36.91 34 SVINFO 2 26 13 7 37 53 97
36.91 34 DESIRED 0. -0.01 48. 0. 833. 2.
36.92 34 NAVIGATION 1 1 1 -47 26 4474. 2569.2
36.92 34 WP_MOVED 0 497617. 3565540. 833.
36.92 34 GPS 3 49757620 356545044 3075 76403 73 426 52552001 12 0
36.92 34 SVINFO 3 29 13 6 34 53 162
36.92 34 ESTIMATOR 764.030029 4.26 4.26 4.26 764.030029
36.93 34 COMMANDS 697,-40,-85,-1385
36.93 34 NAVIGATION 1 1 1 -47 26 4462.4 2556.5
36.93 34 ATTITUDE -6 0 -45
36.93 34 DL_VALUE 7 0.
37.18 34 GPS 3 49757622 356545045 3098 76443 96 413 52552249 12 0
37.18 34 SVINFO 4 24 13 6 34 45 73
37.18 34 FBW_STATUS 0 0 125
37.18 34 RAD_OF_IR -2 66 0.00169
37.30 34 ACTUATORS 1496,1504,0,1257,1428
37.40 34 IR_SENSORS -885 0 1
37.52 34 NAVIGATION 1 1 1 -47 26 4459.6 2555.1
37.64 34 WP_MOVED 1 497586.6875 3565500. 833.
37.75 34 GYRO_RATES -40 41 4 0.349066 0.357792 0.034907
37.97 34 GPS 3 49757616 356545031 3099 76482 70 419 52552501 12 0
38.08 34 SVINFO 5 15 13 4 30 41 64
38.21 34 ESTIMATOR 764.820007 4.19 4.19 4.19 764.820007
38.32 34 BAT 692 125 20 0 19 19 3
38.43 34 NAVIGATION 1 1 1 -47 26 4478.6 2570.3
38.54 34 ATTITUDE -3 0 -39
38.66 34 CALIBRATION 71.47 0.015 0.046 0
38.77 34 SERVO 4213 -8802 702
38.99 34 GPS 3 49757610 356545030 3116 76576 95 447 52552749 12 0
39.10 34 SVINFO 6 22 13 4 29 32 247
39.11 34 DESIRED 0. -0.01 48. 0. 833. 2.
39.23 34 IR_DEBUG 634 593 634 593
39.34 34 NAVIGATION 1 1 1 -47 26 4485.2 2572.5
39.45 34 DOWNLINK_STATUS 38 7532 475 0 684. 43.
39.57 34 WP_MOVED 2 497622.6875 3565498.5 833.
39.57 34 PPRZ_MODE 0 3 3 0 0 1 0
39.69 34 GPS 3 49757606 356545034 3235 76634 107 470 52553001 12 0
39.80 34 SVINFO 7 16 13 4 28 17 287
40.03 34 ESTIMATOR 766.340027 4.7 4.7 4.7 766.340027
40.15 34 COMMANDS 697,3,-66,-1397
40.26 34 NAVIGATION 1 1 1 -47 26 4485.1 2569.4
40.37 34 ATTITUDE -1 0 -39
40.47 34 DL_VALUE 8 4.4
40.48 34 FBW_STATUS 0 0 125
40.58 34 RAD_OF_IR 35 336 0.00169
40.71 34 GPS 3 49757593 356545030 3227 76699 89 483 52553249 12 0
40.82 34 IR_SENSORS -856 35 1
41.05 34 DOWNLINK_STATUS 39 7709 488 0 177. 13.
41.18 34 NAVIGATION 1 1 0 -47 26 4501. 2576.2
41.29 34 WP_MOVED 3 497546.40625 3565495.5 833.
41.40 34 GYRO_RATES -40 40 4 0.349066 0.349066 0.034907
41.43 34 ESTIMATOR 766.98999 4.83 4.83 4.83 766.98999
41.43 34 GPS 3 49757576 356545029 3071 76773 128 502 52553501 12 0
41.43 34 SVINFO 9 27 4 4 26 5 100
41.43 34 NAVIGATION 1 1 0 -47 26 4517.9 2580.8
41.44 34 ATTITUDE -1 0 -38
41.44 34 GPS 3 49757560 356545027 3065 76834 107 493 52553749 12 0
41.44 34 DESIRED 0. -0.01 48. 0. 833. 2.
41.44 34 NAVIGATION 1 1 0 -47 26 4534.9 2586.3
41.44 34 DOWNLINK_STATUS 40 7918 499 0 209. 11.
41.45 34 WP_MOVED 4 497575. 3565498. 0.
41.89 34 ESTIMATOR 768.340027 4.93 4.93 4.93 768.340027
42.14 34 GPS 3 49757552 356545032 3041 76891 103 485 52554001 12 0
42.25 34 COMMANDS 694,38,-47,-1368
42.36 34 NAVIGATION 1 1 0 -47 26 4537.6 2583.2
42.47 34 ATTITUDE -2 0 -38
42.58 34 DL_VALUE 9 -57.240002
42.58 34 FBW_STATUS 0 0 125
42.70 34 RAD_OF_IR 25 -67 0.00169
42.83 34 IR_SENSORS -851 21 1
42.95 34 GPS 3 49757549 356545044 3173 76941 118 476 52554249 12 0
43.18 34 NAVIGATION 1 1 0 -47 26 4528.9 2572.
43.30 34 WP_MOVED 0 497617. 3565540. 833.
43.30 34 GYRO_RATES -40 40 4 0.349066 0.349066 0.034907
43.42 34 ESTIMATOR 769.409973 4.76 4.76 4.76 769.409973
43.53 34 BAT 692 125 22 0 21 21 3
43.66 34 GPS 3 49757549 356545033 3169 76981 98 457 52554501 12 0
43.90 34 NAVIGATION 1 1 0 -47 26 4539.5 2582.8
44.01 34 ATTITUDE -3 0 -37
44.24 34 CALIBRATION 68.408 0.015 0.046 0
44.37 34 SERVO 3754 -8423 706
44.48 34 DOWNLINK_STATUS 43 8241 520 0 323. 21.
44.49 34 DESIRED 0. -0.01 48. 0. 833. 2.
44.60 34 IR_DEBUG 620 594 620 594
44.61 34 NAVIGATION 1 1 0 -47 26 4539.5 2582.8
44.73 34 GPS 3 49757542 356545004 3158 77022 110 452 52554749 12 0
44.84 34 WP_MOVED 1 497586.6875 3565500. 833.
44.96 34 ESTIMATOR 770.219971 4.52 4.52 4.52 770.219971
45.08 34 COMMANDS 711,37,-34,-1410
45.31 34 NAVIGATION 1 1 0 -47 26 4574.1 2613.3
45.42 34 ATTITUDE -3 0 -38
45.54 34 DL_VALUE 10 0.
45.65 34 GPS 3 49757534 356545020 3149 77062 90 450 52555001 12 0
45.66 34 FBW_STATUS 0 0 125
45.77 34 RAD_OF_IR 25 -25 0.00169
45.88 34 DOWNLINK_STATUS 44 8445 533 0 204. 13.
46.00 34 IR_SENSORS -860 25 1
