4.33 39 ESTIMATOR 700.553528 0.03375 55.350002 3.375003 63.629997
4.43 39 DL_VALUE 10 492.
4.43 39 NAVIGATION 0 0 0 0 286 0. 570986.7
4.51 39 WP_MOVED 1 358824.90625 4822110. 702.
4.75 39 COMMANDS 211,44,-86,-519
4.75 39 NAVIGATION 0 0 0 0 286 0. 570986.7
4.75 39 ATTITUDE 0 0 0
4.75 39 GYRO_RATES 3 -13 -41 -0.02618 -0.113446 0.357792
4.75 39 FBW_STATUS 0 0 124
4.81 39 ESTIMATOR 700.620972 -0.061641 62.100002 -6.164103 60.749992
4.90 39 NAVIGATION 0 0 0 0 286 0. 570986.7
5.00 39 WP_MOVED 2 358071. 4822161. 0.
5.18 39 DESIRED 0. -0.01 0. 0. 700.044 -0.169
5.18 39 NAVIGATION 0 0 0 0 286 0. 570986.7
5.18 39 ATTITUDE 0 0 0
5.24 39 ESTIMATOR 700.567017 0.069417 56.700001 6.941717 60.479992
5.26 39 DOWNLINK_STATUS 4 837 55 0 253. 16.
5.33 39 DL_VALUE 11 461.
5.37 39 NAVIGATION 0 0 0 0 286 0. 570986.7
5.44 39 WP_MOVED 0 358113. 4822203. 702.
5.69 39 COMMANDS 211,44,-85,-523
5.69 39 NAVIGATION 0 0 0 0 286 0. 570986.7
5.69 39 ATTITUDE 0 0 0
5.69 39 GYRO_RATES 4 -13 -41 -0.034907 -0.113446 0.357792
5.69 39 FBW_STATUS 0 0 124
5.75 39 ESTIMATOR 700.674988 0.027972 67.5 2.797198 63.089996
5.75 39 BAT 210 124 0 0 11 11 0
5.85 39 CALIBRATION -0.593 0.037 0.5 0
5.89 39 NAVIGATION 0 0 0 0 286 0. 570986.7
5.95 39 WP_MOVED 1 358824.90625 4822110. 702.
5.95 39 SERVO 1392 746 212
6.11 39 DESIRED 0. -0.01 0. 0. 700.044 -0.169
6.11 39 NAVIGATION 0 0 0 0 286 0. 570986.7
6.11 39 ATTITUDE 0 0 0
6.18 39 ESTIMATOR 700.674988 -0.118476 67.5 -11.847596 62.459995
6.26 39 DOWNLINK_STATUS 5 1105 73 0 268. 18.
6.27 39 DL_VALUE 12 1.35
6.31 39 NAVIGATION 0 0 0 0 286 0. 570986.7
6.37 39 WP_MOVED 2 358071. 4822161. 0.
6.63 39 COMMANDS 211,46,-83,-523
6.63 39 NAVIGATION 0 0 0 0 286 0. 570986.7
6.63 39 ATTITUDE 0 0 0
6.63 39 GYRO_RATES 3 -12 -41 -0.02618 -0.10472 0.357792
6.63 39 FBW_STATUS 0 0 124
6.68 39 ESTIMATOR 700.567017 0.067419 56.700001 6.741908 62.099995
6.78 39 NAVIGATION 0 0 0 0 286 0. 570986.7
6.88 39 WP_MOVED 0 358113. 4822203. 702.
7.05 39 DESIRED 0. -0.01 0. 0. 700.044 -0.165
7.05 39 NAVIGATION 0 0 0 0 286 0. 570986.7
7.05 39 ATTITUDE 0 0 0
7.12 39 ESTIMATOR 700.567017 0.015444 56.700001 1.544394 60.209991
7.21 39 DL_VALUE 13 0.
7.24 39 NAVIGATION 0 0 0 0 286 0. 570986.7
7.27 39 DOWNLINK_STATUS 6 1361 90 0 256. 17.
7.31 39 WP_MOVED 1 358824.90625 4822110. 702.
7.56 39 COMMANDS 222,38,-70,-529
7.56 39 NAVIGATION 0 0 0 0 286 0. 570986.7
7.56 39 ATTITUDE 0 0 0
7.56 39 GYRO_RATES 3 -13 -41 -0.02618 -0.113446 0.357792
7.56 39 FBW_STATUS 0 0 124
7.63 39 ESTIMATOR 700.674988 -0.025947 67.5 -2.594697 61.919994
7.63 39 BAT 197 124 0 0 13 13 0
7.73 39 CALIBRATION -0.576 0.037 0.5 0
7.73 39 NAVIGATION 0 0 0 0 286 0. 570986.7
7.82 39 WP_MOVED 2 358071. 4822161. 0.
7.82 39 SERVO 1392 746 212
7.99 39 DESIRED 0. -0.01 0. 0. 700.044 -0.177
7.99 39 NAVIGATION 0 0 0 0 286 0. 570986.7
7.99 39 ATTITUDE 0 0 0
8.05 39 ESTIMATOR 700.620972 0.017334 62.100002 1.733406 63.359997
8.14 39 DL_VALUE 14 0.
8.17 39 NAVIGATION 0 0 0 0 286 0. 570986.7
8.25 39 WP_MOVED 0 358113. 4822203. 702.
8.27 39 DOWNLINK_STATUS 7 1644 109 0 283. 19.
8.50 39 COMMANDS 211,46,-86,-521
8.54 39 NAVIGATION 0 0 0 0 286 0. 570986.7
8.54 39 ATTITUDE 0 0 0
8.54 39 GYRO_RATES 3 -13 -41 -0.02618 -0.113446 0.357792
8.54 39 FBW_STATUS 0 0 124
8.56 39 ESTIMATOR 700.567017 -0.062667 56.700001 -6.266682 61.109993
8.59 39 ACTUATORS 1501,1493,0,1217,1474
8.66 39 NAVIGATION 0 0 0 0 286 0. 570986.7
8.75 39 WP_MOVED 1 358824.90625 4822110. 702.
8.94 39 DESIRED 0. -0.01 0. 0. 700.044 -0.181
8.98 39 NAVIGATION 0 0 0 0 286 0. 570986.7
8.98 39 ATTITUDE 0 0 0
8.98 39 PPRZ_MODE 0 3 0 0 0 1 0
9.00 39 ESTIMATOR 700.593994 0.057888 59.400002 5.788786 59.939991
9.12 39 DL_VALUE 15 0.75
9.12 39 NAVIGATION 0 0 0 0 286 0. 570986.7
9.20 39 WP_MOVED 2 358071. 4822161. 0.
9.27 39 DOWNLINK_STATUS 8 1897 126 0 253. 17.
9.44 39 COMMANDS 211,46,-81,-519
9.48 39 NAVIGATION 0 0 0 0 286 0. 570986.7
9.48 39 ATTITUDE 0 0 0
9.48 39 GYRO_RATES 4 -13 -41 -0.034907 -0.113446 0.357792
9.50 39 FBW_STATUS 0 0 124
9.51 39 ESTIMATOR 700.661499 -0.001917 66.150002 -0.19171 62.189995
9.51 39 BAT 212 124 0 0 15 15 0
9.60 39 CALIBRATION -0.57 0.037 0.5 0
9.60 39 NAVIGATION 0 0 0 0 286 0. 570986.7
9.70 39 WP_MOVED 0 358113. 4822203. 702.
9.70 39 SERVO 1392 746 211
9.87 39 DESIRED 0. -0.01 0. 0. 700.044 -0.185
9.87 39 NAVIGATION 0 0 0 0 286 0. 570986.7
9.87 39 ATTITUDE 0 0 0
9.93 39 ESTIMATOR 700.553528 0.056835 55.350002 5.683496 63.629993
10.02 39 DL_VALUE 16 25000.
10.05 39 NAVIGATION 0 0 0 0 286 0. 570986.7
10.12 39 WP_MOVED 1 358824.90625 4822110. 702.
10.28 39 DOWNLINK_STATUS 9 2165 144 0 268. 18.
10.37 39 COMMANDS 213,44,-83,-524
10.41 39 NAVIGATION 0 0 0 0 286 0. 570986.7
10.41 39 ATTITUDE 0 0 0
10.41 39 GYRO_RATES 3 -13 -41 -0.02618 -0.113446 0.357792
10.41 39 FBW_STATUS 0 0 124
10.43 39 ESTIMATOR 700.64801 -0.001026 64.800003 -0.102596 62.189991
10.53 39 NAVIGATION 0 0 0 0 286 0. 570986.7
10.63 39 WP_MOVED 2 358071. 4822161. 0.
10.81 39 DESIRED 0. -0.01 0. 0. 700.044 -0.173
10.81 39 NAVIGATION 0 0 0 0 286 0. 570986.7
10.81 39 ATTITUDE 0 0 0
10.86 39 ESTIMATOR 700.553528 0.027864 55.350002 2.786407 61.46999
10.96 39 DL_VALUE 17 25000.
10.98 39 NAVIGATION 0 0 0 0 286 0. 570986.7
11.06 39 WP_MOVED 0 358113. 4822203. 702.
11.28 39 DOWNLINK_STATUS 10 2396 159 0 231. 15.
11.33 39 COMMANDS 207,38,-93,-494
11.36 39 NAVIGATION 0 0 0 0 286 0. 570986.7
11.36 39 ATTITUDE 0 0 0
11.36 39 GYRO_RATES 3 -12 -41 -0.02618 -0.10472 0.357792
11.36 39 FBW_STATUS 0 0 124
11.37 39 ESTIMATOR 700.553528 0.070416 55.350002 7.041614 60.479988
11.37 39 BAT 210 124 0 0 17 17 0
11.47 39 CALIBRATION -0.567 0.037 0.5 0
11.47 39 NAVIGATION 0 0 0 0 286 0. 570986.7
11.57 39 WP_MOVED 1 358824.90625 4822110. 702.
11.57 39 SERVO 1392 746 211
11.74 39 DESIRED 0. -0.01 0. 0. 700.045 -0.157
11.74 39 NAVIGATION 0 0 0 0 286 0. 570986.7
11.74 39 ATTITUDE 0 0 0
11.82 39 ESTIMATOR 700.607483 0.014256 60.75 1.425605 60.749989
11.90 39 DL_VALUE 18 0.75
11.92 39 NAVIGATION 0 0 0 0 286 0. 570986.7
12.00 39 WP_MOVED 2 358071. 4822161. 0.
12.00 39 NAVIGATION_REF 358071 4822161 31
12.25 39 COMMANDS 217,40,-69,-521
12.25 39 NAVIGATION 0 0 0 0 286 0. 570986.7
12.25 39 ATTITUDE 0 0 0
12.25 39 GYRO_RATES 3 -13 -41 -0.02618 -0.113446 0.357792
12.25 39 FBW_STATUS 0 0 124
12.28 39 DOWNLINK_STATUS 11 2737 183 0 341. 24.
12.30 39 ESTIMATOR 700.661499 -0.021168 66.150002 -2.116807 59.939987
12.40 39 NAVIGATION 0 0 0 0 286 0. 570986.7
12.50 39 WP_MOVED 0 358113. 4822203. 702.
12.68 39 DESIRED 0. -0.01 0. 0. 700.044 -0.157
12.68 39 NAVIGATION 0 0 0 0 286 0. 570986.7
12.68 39 ATTITUDE 0 0 0
12.74 39 ESTIMATOR 700.620972 0.016254 62.100002 1.625409 61.64999
12.84 39 DL_VALUE 19 13000.
12.86 39 NAVIGATION 0 0 0 0 286 0. 570986.7
12.94 39 WP_MOVED 1 358824.90625 4822110. 702.
13.19 39 COMMANDS 211,49,-83,-521
13.19 39 NAVIGATION 0 0 0 0 286 0. 570986.7
13.19 39 ATTITUDE 0 0 0
13.19 39 GYRO_RATES 3 -13 -41 -0.02618 -0.113446 0.357792
13.19 39 FBW_STATUS 0 0 124
13.25 39 ESTIMATOR 700.661499 -0.030915 66.150002 -3.09149 61.55999
13.25 39 BAT 210 124 0 0 19 19 0
13.29 39 DOWNLINK_STATUS 12 3004 200 0 267. 17.
13.36 39 ACTUATORS 1501,1494,0,1217,1473
13.40 39 CALIBRATION -0.563 0.037 0.5 0
13.40 39 NAVIGATION 0 0 0 0 286 0. 570986.7
13.44 39 WP_MOVED 2 358071. 4822161. 0.
13.44 39 SERVO 1392 746 211
13.63 39 DESIRED 0. -0.01 0. 0. 700.044 -0.173
13.63 39 NAVIGATION 0 0 0 0 286 0. 570986.7
13.63 39 ATTITUDE 0 0 0
13.63 39 PPRZ_MODE 0 3 0 0 0 1 0
13.69 39 ESTIMATOR 700.634521 0.009693 63.450001 0.969291 61.109989
13.81 39 DL_VALUE 20 13000.
13.81 39 NAVIGATION 0 0 0 0 286 0. 570986.7
13.88 39 WP_MOVED 0 358113. 4822203. 702.
14.12 39 COMMANDS 211,46,-83,-519
14.12 39 NAVIGATION 0 0 0 0 286 0. 570986.7
14.12 39 ATTITUDE 0 0 0
14.12 39 GYRO_RATES 3 -13 -41 -0.02618 -0.113446 0.357792
14.13 39 FBW_STATUS 0 0 124
14.18 39 ESTIMATOR 700.620972 0.063585 62.100002 6.358497 62.999992
14.28 39 NAVIGATION 0 0 0 0 286 0. 570986.7
14.29 39 DOWNLINK_STATUS 13 3298 220 0 294. 20.
14.38 39 WP_MOVED 1 358824.90625 4822110. 702.
14.55 39 DESIRED 0. -0.01 0. 0. 700.044 -0.185
14.55 39 NAVIGATION 0 0 0 0 286 0. 570986.7
14.55 39 ATTITUDE 0 0 0
14.62 39 ESTIMATOR 700.553528 -0.035802 55.350002 -3.580186 61.82999
14.71 39 DL_VALUE 21 0.75
14.74 39 NAVIGATION 0 0 0 0 286 0. 570986.7
14.82 39 WP_MOVED 2 358071. 4822161. 0.
15.06 39 COMMANDS 211,43,-81,-521
15.06 39 NAVIGATION 0 0 0 0 286 0. 570986.7
15.06 39 ATTITUDE 0 0 0
15.06 39 GYRO_RATES 4 -13 -41 -0.034907 -0.113446 0.357792
15.06 39 FBW_STATUS 0 0 124
15.13 39 ESTIMATOR 700.567017 -0.027108 56.700001 -2.710807 60.029987
15.13 39 BAT 218 124 0 0 21 21 0
15.22 39 CALIBRATION -0.554 0.037 0.5 0
15.22 39 NAVIGATION 0 0 0 0 286 0. 570986.7
15.29 39 DOWNLINK_STATUS 14 3558 237 0 260. 17.
15.33 39 WP_MOVED 0 358113. 4822203. 702.
15.37 39 SERVO 1392 746 211
15.49 39 DESIRED 0. -0.01 0. 0. 700.044 -0.186
15.49 39 NAVIGATION 0 0 0 0 286 0. 570986.7
15.49 39 ATTITUDE 0 0 0
15.56 39 ESTIMATOR 700.674988 0.025137 67.5 2.513716 60.479988
15.64 39 DL_VALUE 22 18000.
15.67 39 NAVIGATION 0 0 0 0 286 0. 570986.7
15.75 39 WP_MOVED 1 358824.90625 4822110. 702.
15.99 39 COMMANDS 211,46,-83,-519
15.99 39 NAVIGATION 0 0 0 0 286 0. 570986.7
15.99 39 ATTITUDE 0 0 0
15.99 39 GYRO_RATES 3 -13 -42 -0.02618 -0.113446 0.366519
16.00 39 FBW_STATUS 0 0 124
16.06 39 ESTIMATOR 700.567017 0.022113 56.700001 2.211311 61.55999
16.15 39 NAVIGATION 0 0 0 0 286 0. 570986.7
16.25 39 WP_MOVED 2 358071. 4822161. 0.
16.30 39 DOWNLINK_STATUS 15 3812 254 0 254. 17.
16.43 39 DESIRED 0. -0.01 0. 0. 700.044 -0.165
16.47 39 NAVIGATION 0 0 0 0 286 0. 570986.7
16.47 39 ATTITUDE 0 0 0
16.49 39 ESTIMATOR 700.567017 0.037638 56.700001 3.763788 61.019989
16.58 39 DL_VALUE 23 18000.
16.61 39 NAVIGATION 0 0 0 0 286 0. 570986.7
16.68 39 WP_MOVED 0 358113. 4822203. 702.
17.30 39 DOWNLINK_STATUS 16 3926 261 0 114. 7.
18.30 39 DOWNLINK_STATUS 17 3926 261 0 0. 0.
19.30 39 DOWNLINK_STATUS 18 3926 261 0 0. 0.
19.36 39 BAT 211 124 0 0 25 25 0
19.41 39 CALIBRATION -0.577 0.037 0.5 0
19.41 39 NAVIGATION 0 0 0 0 286 0. 570986.7
19.41 39 WP_MOVED 2 358071. 4822161. 0.
19.41 39 SERVO 1392 746 212
19.41 39 DESIRED 0. -0.01 0. 0. 700.044 -0.161
19.41 39 ATTITUDE 0 0 0
19.41 39 ESTIMATOR 700.64801 0.02025 64.800003 2.025001 60.479988
19.42 39 DL_VALUE 26 0.005
19.42 39 NAVIGATION 0 0 0 0 286 0. 570986.7
19.49 39 WP_MOVED 0 358113. 4822203. 702.
19.75 39 COMMANDS 211,46,-83,-521
19.75 39 NAVIGATION 0 0 0 0 286 0. 570986.7
19.75 39 ATTITUDE 0 0 0
19.75 39 GYRO_RATES 3 -13 -42 -0.02618 -0.113446 0.366519
19.75 39 FBW_STATUS 0 0 124
19.80 39 ESTIMATOR 700.620972 -0.027027 62.100002 -2.702706 61.289989
19.91 39 NAVIGATION 0 0 0 0 286 0. 570986.7
20.00 39 WP_MOVED 1 358824.90625 4822110. 702.
20.18 39 DESIRED 0. -0.01 0. 0. 700.044 -0.169
20.18 39 NAVIGATION 0 0 0 0 286 0. 570986.7
20.18 39 ATTITUDE 0 0 0
20.24 39 ESTIMATOR 700.607483 0.019386 60.75 1.938601 60.569988
20.30 39 DOWNLINK_STATUS 19 4283 284 0 357. 23.
20.33 39 DL_VALUE 27 0.037
20.37 39 NAVIGATION 0 0 0 0 286 0. 570986.7
20.44 39 WP_MOVED 2 358071. 4822161. 0.
20.44 39 NAVIGATION_REF 358071 4822161 31
20.68 39 COMMANDS 211,44,-83,-521
20.68 39 NAVIGATION 0 0 0 0 286 0. 570986.7
20.68 39 ATTITUDE 0 0 0
20.68 39 GYRO_RATES -1 -13 -40 0.008727 -0.113446 0.349066
20.68 39 FBW_STATUS 0 0 124
20.75 39 ESTIMATOR 700.661499 0.005778 66.150002 0.577819 62.819992
20.75 39 BAT 210 124 0 0 27 27 0
20.86 39 CALIBRATION -0.569 0.037 0.5 0
20.86 39 NAVIGATION 0 0 0 0 286 0. 570986.7
20.94 39 WP_MOVED 0 358113. 4822203. 702.
20.94 39 SERVO 1279 3146 211
21.11 39 DESIRED 0. -0.01 0. 0. 700.044 -0.181
21.11 39 NAVIGATION 0 0 0 0 286 0. 570986.7
21.11 39 ATTITUDE 0 0 0
21.18 39 ESTIMATOR 700.607483 -0.040419 60.75 -4.041903 62.189991
21.27 39 DL_VALUE 28 0.
21.30 39 NAVIGATION 0 0 0 0 286 0. 570986.7
21.31 39 DOWNLINK_STATUS 20 4587 305 0 304. 21.
21.37 39 WP_MOVED 1 358824.90625 4822110. 702.
21.62 39 COMMANDS 211,43,-86,-521
21.62 39 NAVIGATION 0 0 0 0 286 0. 570986.7
21.62 39 ATTITUDE 0 0 0
21.62 39 GYRO_RATES 3 -13 -42 -0.02618 -0.113446 0.366519
21.62 39 FBW_STATUS 0 0 124
21.68 39 ESTIMATOR 700.620972 0.029916 62.100002 2.99161 61.019989
21.78 39 NAVIGATION 0 0 0 0 286 0. 570986.7
21.88 39 WP_MOVED 2 358071. 4822161. 0.
22.05 39 DESIRED 0. -0.01 0. 0. 700.044 -0.165
22.05 39 NAVIGATION 0 0 0 0 286 0. 570986.7
22.05 39 ATTITUDE 0 0 0
22.12 39 ESTIMATOR 700.634521 -0.077031 63.450001 -7.703104 61.109989
22.21 39 DL_VALUE 29 0.045
22.24 39 NAVIGATION 0 0 0 0 286 0. 570986.7
22.31 39 WP_MOVED 0 358113. 4822203. 702.
22.31 39 DOWNLINK_STATUS 21 4833 321 0 246. 16.
22.56 39 COMMANDS 210,47,-85,-518
22.60 39 NAVIGATION 0 0 0 0 286 0. 570986.7
22.60 39 ATTITUDE 0 0 0
22.60 39 GYRO_RATES 4 -13 -42 -0.034907 -0.113446 0.366519
22.60 39 FBW_STATUS 0 0 124
22.63 39 ESTIMATOR 700.607483 -0.005697 60.75 -0.569692 59.219986
22.63 39 BAT 211 124 0 0 29 29 0
22.73 39 ACTUATORS 1502,1494,0,1217,1473
22.73 39 CALIBRATION -0.549 0.037 0.5 0
22.73 39 NAVIGATION 0 0 0 0 286 0. 570986.7
22.82 39 WP_MOVED 1 358824.90625 4822110. 702.
22.82 39 SERVO 1392 746 213
23.00 39 DESIRED 0. -0.01 0. 0. 700.044 -0.185
23.04 39 NAVIGATION 0 0 0 0 286 0. 570986.7
23.04 39 ATTITUDE 0 0 0
23.04 39 PPRZ_MODE 0 3 0 0 0 1 0
23.06 39 ESTIMATOR 700.661499 -0.061587 66.150002 -6.158717 60.749989
23.18 39 DL_VALUE 30 1.
23.18 39 NAVIGATION 0 0 0 0 286 0. 570986.7
23.26 39 WP_MOVED 2 358071. 4822161. 0.
23.31 39 DOWNLINK_STATUS 22 5123 341 0 290. 20.
23.50 39 COMMANDS 210,46,-86,-519
23.54 39 NAVIGATION 0 0 0 0 286 0. 570986.7
23.54 39 ATTITUDE 0 0 0
23.54 39 GYRO_RATES 4 -13 -42 -0.034907 -0.113446 0.366519
23.54 39 FBW_STATUS 0 0 124
23.56 39 ESTIMATOR 700.661499 -0.022194 66.150002 -2.219398 61.019989
23.65 39 NAVIGATION 0 0 0 0 286 0. 570986.7
23.75 39 WP_MOVED 0 358113. 4822203. 702.
23.92 39 DESIRED 0. -0.01 0. 0. 700.044 -0.189
23.93 39 NAVIGATION 0 0 0 0 286 0. 570986.7
23.93 39 ATTITUDE 0 0 0
23.99 39 ESTIMATOR 700.607483 0.014526 60.75 1.452596 61.109989
24.08 39 DL_VALUE 31 0.
24.11 39 NAVIGATION 0 0 0 0 286 0. 570986.7
24.18 39 WP_MOVED 1 358824.90625 4822110. 702.
24.31 39 DOWNLINK_STATUS 23 5354 356 0 231. 15.
24.43 39 COMMANDS 211,44,-83,-521
24.47 39 NAVIGATION 0 0 0 0 286 0. 570986.7
24.47 39 ATTITUDE 0 0 0
24.47 39 GYRO_RATES 4 -13 -42 -0.034907 -0.113446 0.366519
24.62 39 FBW_STATUS 0 0 124
24.62 39 ESTIMATOR 700.661499 -0.030915 66.150002 -3.0915 60.389988
24.62 39 BAT 210 124 0 0 31 31 0
24.62 39 CALIBRATION -0.551 0.037 0.5 0
24.62 39 NAVIGATION 0 0 0 0 286 0. 570986.7
24.70 39 WP_MOVED 2 358071. 4822161. 0.
24.70 39 SERVO 1392 746 211
24.88 39 DESIRED 0. -0.01 0. 0. 700.044 -0.177
24.88 39 NAVIGATION 0 0 0 0 286 0. 570986.7
24.88 39 ATTITUDE 0 0 0
24.93 39 ESTIMATOR 700.567017 0.053109 56.700001 5.3109 61.82999
25.06 39 DL_VALUE 32 0.
25.06 39 NAVIGATION 0 0 0 0 286 0. 570986.7
25.12 39 WP_MOVED 0 358113. 4822203. 702.
25.31 39 DOWNLINK_STATUS 24 5622 374 0 268. 18.
25.38 39 COMMANDS 211,44,-83,-523
25.42 39 NAVIGATION 0 0 0 0 286 0. 570986.7
25.42 39 ATTITUDE 0 0 0
25.42 39 GYRO_RATES 4 -13 -42 -0.034907 -0.113446 0.366519
25.42 39 FBW_STATUS 0 0 124
25.43 39 ESTIMATOR 700.593994 0.037665 59.400002 3.766515 62.189991
25.64 39 NAVIGATION 0 0 0 0 286 0. 570986.7
25.64 39 WP_MOVED 1 358824.90625 4822110. 702.
25.80 39 DESIRED 0. -0.01 0. 0. 700.044 -0.173
25.80 39 NAVIGATION 0 0 0 0 286 0. 570986.7
25.80 39 ATTITUDE 0 0 0
25.88 39 ESTIMATOR 700.661499 -0.026109 66.150002 -2.610896 61.82999
25.95 39 DL_VALUE 33 0.037
25.98 39 NAVIGATION 0 0 0 0 286 0. 570986.7
26.06 39 WP_MOVED 2 358071. 4822161. 0.
26.31 39 COMMANDS 211,46,-83,-524
26.31 39 NAVIGATION 0 0 0 0 286 0. 570986.7
26.31 39 ATTITUDE 0 0 0
26.31 39 GYRO_RATES 4 -13 -42 -0.034907 -0.113446 0.366519
26.31 39 FBW_STATUS 0 0 124
26.31 39 DOWNLINK_STATUS 25 5915 394 0 293. 20.
26.38 39 ESTIMATOR 700.64801 -0.00864 64.800003 -0.863988 61.73999
26.41 39 BAT 211 124 0 0 33 33 0
26.47 39 CALIBRATION -0.568 0.037 0.5 0
26.47 39 NAVIGATION 0 0 0 0 286 0. 570986.7
26.57 39 WP_MOVED 0 358113. 4822203. 702.
26.57 39 SERVO 1392 746 210
26.74 39 DESIRED 0. -0.01 0. 0. 700.044 -0.169
26.74 39 NAVIGATION 0 0 0 0 286 0. 570986.7
26.74 39 ATTITUDE 0 0 0
26.80 39 ESTIMATOR 700.661499 -0.032967 66.150002 -3.296692 62.729992
26.94 39 DL_VALUE 34 0.037
26.98 39 NAVIGATION 0 0 0 0 286 0. 570986.7
26.99 39 WP_MOVED 1 358824.90625 4822110. 702.
27.31 39 DOWNLINK_STATUS 26 6121 407 0 206. 13.
27.69 39 FBW_STATUS 0 0 124
27.73 39 ESTIMATOR 700.64801 -0.021087 64.800003 -2.108705 61.64999
27.73 39 ACTUATORS 1501,1494,0,1217,1473
27.73 39 NAVIGATION 0 0 0 0 286 0. 570986.7
27.73 39 WP_MOVED 2 358071. 4822161. 0.
27.73 39 DESIRED 0. -0.01 0. 0. 700.044 -0.173
27.96 39 PPRZ_MODE 0 3 0 0 0 1 0
27.96 39 ESTIMATOR 700.567017 0.046359 56.700001 4.635904 61.55999
28.06 39 DL_VALUE 35 0.
28.06 39 NAVIGATION 0 0 0 0 286 0. 570986.7
28.06 39 WP_MOVED 0 358113. 4822203. 702.
28.16 39 COMMANDS 212,47,-83,-528
28.16 39 NAVIGATION 0 0 0 0 286 0. 570986.7
28.16 39 ATTITUDE 0 0 0
28.16 39 GYRO_RATES 4 -13 -42 -0.034907 -0.113446 0.366519
28.32 39 DOWNLINK_STATUS 27 6348 422 0 227. 15.
28.36 39 FBW_STATUS 0 0 124
28.40 39 ESTIMATOR 700.674988 -0.060804 67.5 -6.080403 62.099991
28.40 39 BAT 211 124 0 0 35 35 0
28.40 39 CALIBRATION -0.578 0.037 0.5 0
28.40 39 NAVIGATION 0 0 0 0 286 0. 570986.7
28.45 39 WP_MOVED 1 358824.90625 4822110. 702.
28.45 39 SERVO 1392 746 211
28.75 39 DESIRED 0. -0.01 0. 0. 700.044 -0.177
28.96 39 NAVIGATION 0 0 0 0 286 0. 570986.7
28.96 39 ATTITUDE 0 0 0
28.96 39 ESTIMATOR 700.567017 0.056025 56.700001 5.602505 62.099991
28.96 39 DL_VALUE 36 0.
28.96 39 NAVIGATION 0 0 0 0 286 0. 570986.7
28.96 39 WP_MOVED 2 358071. 4822161. 0.
28.96 39 NAVIGATION_REF 358071 4822161 31
29.18 39 COMMANDS 210,47,-85,-524
29.18 39 NAVIGATION 0 0 0 0 286 0. 570986.7
29.18 39 ATTITUDE 0 0 0
29.18 39 GYRO_RATES 4 -13 -42 -0.034907 -0.113446 0.366519
29.18 39 FBW_STATUS 0 0 124
29.18 39 ESTIMATOR 700.674988 -0.03861 67.5 -3.861008 62.909992
29.29 39 NAVIGATION 0 0 0 0 286 0. 570986.7
29.32 39 DOWNLINK_STATUS 28 6672 444 0 324. 22.
29.38 39 WP_MOVED 0 358113. 4822203. 702.
29.47 39 DESIRED 0. -0.01 0. 0. 700.044 -0.189
29.57 39 NAVIGATION 0 0 0 0 286 0. 570986.7
29.57 39 ATTITUDE 0 0 0
29.70 39 ESTIMATOR 700.593994 -0.049086 59.400002 -4.908586 61.82999
29.70 39 DL_VALUE 37 0.
29.77 39 NAVIGATION 0 0 0 0 286 0. 570986.7
29.79 39 WP_MOVED 1 358824.90625 4822110. 702.
30.11 39 COMMANDS 210,41,-86,-521
30.11 39 NAVIGATION 0 0 0 0 286 0. 570986.7
30.11 39 ATTITUDE 0 0 0
30.11 39 GYRO_RATES 4 -13 -42 -0.034907 -0.113446 0.366519
30.18 39 FBW_STATUS 0 0 124
30.18 39 ESTIMATOR 700.553528 0.042444 55.350002 4.244394 60.839989
30.18 39 BAT 211 124 0 0 37 37 0
30.18 39 CALIBRATION -0.584 0.037 0.5 0
30.20 39 NAVIGATION 0 0 0 0 286 0. 570986.7
30.28 39 WP_MOVED 2 358071. 4822161. 0.
30.28 39 SERVO 1392 964 211
30.32 39 DOWNLINK_STATUS 29 6955 463 0 283. 19.
30.41 39 DESIRED 0. -0.01 0. 0. 700.044 -0.189
30.50 39 NAVIGATION 0 0 0 0 286 0. 570986.7
30.50 39 ATTITUDE 0 0 0
30.57 39 ESTIMATOR 700.634521 -0.027918 63.450001 -2.791786 61.82999
30.68 39 DL_VALUE 38 0.045
30.68 39 NAVIGATION 0 0 0 0 286 0. 570986.7
30.76 39 WP_MOVED 0 358113. 4822203. 702.
30.99 39 COMMANDS 211,47,-81,-523
30.99 39 NAVIGATION 0 0 0 0 286 0. 570986.7
30.99 39 ATTITUDE 0 0 0
30.99 39 GYRO_RATES 3 -13 -42 -0.02618 -0.113446 0.366519
31.16 39 FBW_STATUS 0 0 124
31.16 39 ESTIMATOR 700.593994 0.005778 59.400002 0.577817 60.929989
31.17 39 NAVIGATION 0 0 0 0 286 0. 570986.7
31.25 39 WP_MOVED 1 358824.90625 4822110. 702.
31.32 39 DOWNLINK_STATUS 30 7186 478 0 231. 15.
31.42 39 DESIRED 0. -0.01 0. 0. 700.044 -0.181
31.47 39 NAVIGATION 0 0 0 0 286 0. 570986.7
31.47 39 ATTITUDE 0 0 0
31.53 39 ESTIMATOR 700.674988 -0.080163 67.5 -8.016308 60.659988
31.58 39 DL_VALUE 39 0.045
31.61 39 NAVIGATION 0 0 0 0 286 0. 570986.7
31.69 39 WP_MOVED 2 358071. 4822161. 0.
31.93 39 COMMANDS 210,44,-85,-519
31.93 39 NAVIGATION 0 0 0 0 286 0. 570986.7
31.93 39 ATTITUDE 0 0 0
31.93 39 GYRO_RATES 4 -13 -42 -0.034907 -0.113446 0.366519
32.12 39 FBW_STATUS 0 0 124
32.12 39 ESTIMATOR 700.634521 -0.00189 63.450001 -0.188992 60.749989
32.12 39 BAT 211 124 0 0 39 39 0
32.12 39 ACTUATORS 1501,1494,0,1217,1473
32.12 39 CALIBRATION -0.576 0.037 0.5 0
32.12 39 NAVIGATION 0 0 0 0 286 0. 570986.7
32.19 39 WP_MOVED 0 358113. 4822203. 702.
32.19 39 SERVO 1392 746 211
32.33 39 DOWNLINK_STATUS 31 7467 497 0 281. 19.
32.39 39 DESIRED 0. -0.01 0. 0. 700.044 -0.157
32.42 39 NAVIGATION 0 0 0 0 286 0. 570986.7
32.42 39 ATTITUDE 0 0 0
32.42 39 PPRZ_MODE 0 3 0 0 0 1 0
32.65 39 ESTIMATOR 700.661499 -0.061587 66.150002 -6.1587 62.009991
32.65 39 DL_VALUE 40 0.1
32.65 39 NAVIGATION 0 0 0 0 286 0. 570986.7
32.88 39 WP_MOVED 1 358824.90625 4822110. 702.
32.88 39 COMMANDS 211,43,-85,-523
32.89 39 NAVIGATION 0 0 0 0 286 0. 570986.7
32.89 39 ATTITUDE 0 0 0
32.89 39 GYRO_RATES 3 -13 -43 -0.02618 -0.113446 0.375246
32.89 39 FBW_STATUS 0 0 124
32.94 39 ESTIMATOR 700.64801 -0.009639 64.800003 -0.963905 61.199989
33.03 39 NAVIGATION 0 0 0 0 286 0. 570986.7
33.07 39 WP_MOVED 2 358071. 4822161. 0.
33.21 39 DESIRED 0. -0.01 0. 0. 700.043 -0.169
33.29 39 NAVIGATION 0 0 0 0 286 0. 570986.7
33.29 39 ATTITUDE 0 0 0
33.33 39 DOWNLINK_STATUS 32 7759 516 0 292. 19.
33.39 39 ESTIMATOR 700.64801 -0.044415 64.800003 -4.441504 61.73999
33.49 39 DL_VALUE 41 0.
33.49 39 NAVIGATION 0 0 0 0 286 0. 570986.7
33.61 39 WP_MOVED 0 358113. 4822203. 702.
33.80 39 COMMANDS 211,47,-83,-521
33.80 39 NAVIGATION 0 0 0 0 286 0. 570986.7
33.80 39 ATTITUDE 0 0 0
33.80 39 GYRO_RATES 4 -13 -42 -0.034907 -0.113446 0.366519
33.80 39 FBW_STATUS 0 0 124
33.90 39 ESTIMATOR 700.688477 -0.005616 68.849998 -0.5616 61.289989
33.90 39 BAT 211 124 0 0 41 41 0
34.10 39 CALIBRATION -0.567 0.037 0.5 0
34.10 39 NAVIGATION 0 0 0 0 286 0. 570986.7
34.10 39 WP_MOVED 1 358824.90625 4822110. 702.
34.10 39 SERVO 1392 964 211
34.12 39 DESIRED 0. -0.01 0. 0. 700.044 -0.157
34.20 39 NAVIGATION 0 0 0 0 286 0. 570986.7
34.20 39 ATTITUDE 0 0 0
34.30 39 ESTIMATOR 700.553528 0.03294 55.350002 3.294008 62.099991
34.33 39 DOWNLINK_STATUS 33 8049 535 0 290. 19.
34.40 39 DL_VALUE 42 0.5
34.44 39 NAVIGATION 0 0 0 0 286 0. 570986.7
34.48 39 WP_MOVED 2 358071. 4822161. 0.
34.73 39 COMMANDS 210,46,-85,-523
34.73 39 NAVIGATION 0 0 0 0 286 0. 570986.7
34.73 39 ATTITUDE 0 0 0
34.73 39 GYRO_RATES 4 -13 -42 -0.034907 -0.113446 0.366519
34.82 39 FBW_STATUS 0 0 124
34.82 39 ESTIMATOR 700.674988 -0.081189 67.5 -8.118887 62.279991
34.90 39 NAVIGATION 0 0 0 0 286 0. 570986.7
35.01 39 WP_MOVED 0 358113. 4822203. 702.
35.09 39 DESIRED 0. -0.01 0. 0. 700.044 -0.157
35.21 39 NAVIGATION 0 0 0 0 286 0. 570986.7
35.21 39 ATTITUDE 0 0 0
35.29 39 ESTIMATOR 700.620972 0.041418 62.100002 4.141815 61.46999
35.31 39 DL_VALUE 43 1.
35.33 39 DOWNLINK_STATUS 34 8287 551 0 238. 16.
35.39 39 NAVIGATION 0 0 0 0 286 0. 570986.7
35.43 39 WP_MOVED 1 358824.90625 4822110. 702.
35.68 39 COMMANDS 211,44,-83,-521
35.68 39 NAVIGATION 0 0 0 0 286 0. 570986.7
35.68 39 ATTITUDE 0 0 0
35.68 39 GYRO_RATES 4 -13 -42 -0.034907 -0.113446 0.366519
35.75 39 FBW_STATUS 0 0 124
35.75 39 ESTIMATOR 700.607483 -0.052002 60.75 -5.200207 61.82999
35.75 39 BAT 212 124 0 0 43 43 0
35.96 39 CALIBRATION -0.562 0.037 0.5 0
35.96 39 NAVIGATION 0 0 0 0 286 0. 570986.7
35.96 39 WP_MOVED 2 358071. 4822161. 0.
35.96 39 SERVO 1392 746 208
36.11 39 DESIRED 0. -0.01 0. 0. 700.044 -0.157
36.11 39 NAVIGATION 0 0 0 0 286 0. 570986.7
36.11 39 ATTITUDE 0 0 0
36.17 39 ESTIMATOR 700.553528 0.074304 55.350002 7.43041 60.929989
36.27 39 DL_VALUE 44 0.
36.33 39 DOWNLINK_STATUS 35 8555 569 0 268. 18.
36.41 39 NAVIGATION 0 0 0 0 286 0. 570986.7
36.45 39 WP_MOVED 0 358113. 4822203. 702.
36.62 39 COMMANDS 211,44,-83,-524
36.62 39 NAVIGATION 0 0 0 0 286 0. 570986.7
36.62 39 ATTITUDE 0 0 0
36.62 39 GYRO_RATES 3 -13 -42 -0.02618 -0.113446 0.366519
36.62 39 FBW_STATUS 0 0 124
36.68 39 ESTIMATOR 700.580505 -0.030996 58.049999 -3.099592 61.46999
36.71 39 ACTUATORS 1501,1494,0,1217,1474
36.78 39 NAVIGATION 0 0 0 0 286 0. 570986.7
36.89 39 WP_MOVED 1 358824.90625 4822110. 702.
37.33 39 DOWNLINK_STATUS 36 8718 580 0 163. 11.
37.99 39 COMMANDS 210,44,-86,-521
38.03 39 NAVIGATION 0 0 0 0 286 0. 570986.7
38.03 39 ATTITUDE 0 0 0
38.03 39 GYRO_RATES 3 -13 -43 -0.02618 -0.113446 0.375246
38.03 39 FBW_STATUS 0 0 124
38.03 39 ESTIMATOR 700.580505 0.067419 58.049999 6.741908 61.55999
38.03 39 BAT 212 124 0 0 45 45 0
38.06 39 NAVIGATION 0 0 0 0 286 0. 570986.7
38.06 39 WP_MOVED 0 358113. 4822203. 702.
38.06 39 SERVO 1392 746 213
38.06 39 DESIRED 0. -0.01 0. 0. 700.044 -0.161
38.06 39 NAVIGATION 0 0 0 0 286 0. 570986.7
38.06 39 ATTITUDE 0 0 0
38.06 39 ESTIMATOR 700.567017 -0.055026 56.700001 -5.50261 60.659988
38.12 39 DL_VALUE 1 1.
38.33 39 DOWNLINK_STATUS 37 8938 595 0 220. 15.
38.55 39 NAVIGATION 0 0 0 0 286 0. 570986.7
38.59 39 WP_MOVED 1 358824.90625 4822110. 702.
38.59 39 COMMANDS 211,43,-85,-521
38.59 39 NAVIGATION 0 0 0 0 286 0. 570986.7
38.59 39 ATTITUDE 0 0 0
38.59 39 GYRO_RATES 4 -13 -42 -0.034907 -0.113446 0.366519
38.59 39 FBW_STATUS 0 0 124
38.59 39 ESTIMATOR 700.674988 -0.004806 67.5 -0.480597 61.019989
38.97 39 NAVIGATION 0 0 0 0 286 0. 570986.7
39.33 39 DOWNLINK_STATUS 38 9073 604 0 135. 9.
39.40 39 WP_MOVED 2 358071. 4822161. 0.
39.44 39 DESIRED 0. -0.01 0. 0. 700.044 -0.157
39.44 39 NAVIGATION 0 0 0 0 286 0. 570986.7
39.44 39 ATTITUDE 0 0 0
39.44 39 ESTIMATOR 700.567017 0.01836 56.700001 1.835988 61.55999
39.81 39 DL_VALUE 2 0.
39.81 39 NAVIGATION 0 0 0 0 286 0. 570986.7
39.81 39 WP_MOVED 0 358113. 4822203. 702.
39.81 39 COMMANDS 212,46,-80,-519
39.81 39 NAVIGATION 0 0 0 0 286 0. 570986.7
39.81 39 ATTITUDE 0 0 0
39.81 39 GYRO_RATES 4 -13 -42 -0.034907 -0.113446 0.366519
40.21 39 FBW_STATUS 0 0 124
40.21 39 ESTIMATOR 700.567017 0.017388 56.700001 1.738796 59.759987
40.21 39 BAT 211 124 0 0 47 47 0
40.21 39 CALIBRATION -0.572 0.037 0.5 0
40.21 39 NAVIGATION 0 0 0 0 286 0. 570986.7
40.21 39 WP_MOVED 1 358824.90625 4822110. 702.
40.21 39 SERVO 1392 964 211
40.34 39 DOWNLINK_STATUS 39 9356 623 0 283. 19.
40.60 39 NAVIGATION 0 0 0 0 286 0. 570986.7
40.64 39 ATTITUDE 0 0 0
40.64 39 ESTIMATOR 700.620972 -0.075303 62.100002 -7.530296 59.489986
40.64 39 DL_VALUE 3 0.
40.64 39 NAVIGATION 0 0 0 0 286 0. 570986.7
40.64 39 WP_MOVED 2 358071. 4822161. 0.
41.01 39 COMMANDS 210,46,-85,-518
41.01 39 NAVIGATION 0 0 0 0 286 0. 570986.7
41.01 39 ATTITUDE 0 0 0
41.01 39 GYRO_RATES 3 -13 -43 -0.02618 -0.113446 0.375246
41.01 39 FBW_STATUS 0 0 124
41.01 39 ESTIMATOR 700.634521 -0.003861 63.450001 -0.386093 60.749989
41.01 39 NAVIGATION 0 0 0 0 286 0. 570986.7
41.34 39 DOWNLINK_STATUS 40 9546 636 0 190. 13.
41.43 39 DESIRED 0. -0.01 0. 0. 700.044 -0.169
41.47 39 NAVIGATION 0 0 0 0 286 0. 570986.7
41.47 39 ATTITUDE 0 0 0
41.47 39 ESTIMATOR 700.634521 0.012582 63.450001 1.258206 61.46999
41.47 39 DL_VALUE 4 0.
41.47 39 NAVIGATION 0 0 0 0 286 0. 570986.7
41.82 39 ATTITUDE 0 0 0
41.82 39 PPRZ_MODE 0 3 0 0 0 1 0
41.82 39 NAVIGATION 0 0 0 0 286 0. 570986.7
41.82 39 ATTITUDE 0 0 0
41.82 39 GYRO_RATES 4 -13 -42 -0.034907 -0.113446 0.366519
41.82 39 FBW_STATUS 0 0 124
41.82 39 ESTIMATOR 700.567017 -0.026973 56.700001 -2.697294 61.82999
42.21 39 CALIBRATION -0.576 0.037 0.5 0
42.21 39 NAVIGATION 0 0 0 0 286 0. 570986.7
42.21 39 WP_MOVED 2 358071. 4822161. 0.
42.21 39 SERVO 1392 746 211
42.21 39 DESIRED 0. -0.01 0. 0. 700.044 -0.185
42.21 39 NAVIGATION 0 0 0 0 286 0. 570986.7
42.35 39 DOWNLINK_STATUS 41 9835 655 0 289. 19.
42.61 39 ATTITUDE 0 0 0
42.65 39 PPRZ_MODE 0 3 0 0 0 1 0
42.65 39 ESTIMATOR 700.634521 -0.031833 63.450001 -3.1833 60.479988
42.65 39 DL_VALUE 5 0.
42.65 39 NAVIGATION 0 0 0 0 286 0. 570986.7
42.65 39 WP_MOVED 0 358113. 4822203. 702.
42.65 39 COMMANDS 211,41,-83,-519
42.65 39 NAVIGATION 0 0 0 0 286 0. 570986.7
43.01 39 GYRO_RATES 4 -13 -42 -0.034907 -0.113446 0.366519
43.01 39 FBW_STATUS 0 0 124
43.01 39 ESTIMATOR 700.567017 0.094338 56.700001 9.433799 63.449993
43.01 39 NAVIGATION 0 0 0 0 286 0. 570986.7
43.01 39 WP_MOVED 1 358824.90625 4822110. 702.
43.01 39 DESIRED 0. -0.01 0. 0. 700.044 -0.161
43.35 39 DOWNLINK_STATUS 42 10049 669 0 214. 14.
43.42 39 ATTITUDE 0 0 0
43.46 39 ESTIMATOR 700.674988 -0.040689 67.5 -4.06889 62.909992
43.46 39 DL_VALUE 6 0.
43.46 39 NAVIGATION 0 0 0 0 286 0. 570986.7
43.46 39 WP_MOVED 2 358071. 4822161. 0.
43.82 39 DL_VALUE 7 0.
43.82 39 ATTITUDE 0 0 0
43.82 39 GYRO_RATES 3 -13 -43 -0.02618 -0.113446 0.375246
43.82 39 FBW_STATUS 0 0 124
43.82 39 ESTIMATOR 700.567017 -0.025029 56.700001 -2.502897 62.099991
43.82 39 BAT 209 124 0 0 51 51 0
44.22 39 WP_MOVED 0 358113. 4822203. 702.
44.22 39 SERVO 1392 964 211
44.22 39 DESIRED 0. -0.01 0. 0. 700.044 -0.189
44.22 39 NAVIGATION 0 0 0 0 286 0. 570986.7
44.22 39 ATTITUDE 0 0 0
44.35 39 DOWNLINK_STATUS 43 10270 685 0 221. 16.
44.62 39 DL_VALUE 7 0.
44.66 39 NAVIGATION 0 0 0 0 286 0. 570986.7
44.66 39 WP_MOVED 1 358824.90625 4822110. 702.
44.66 39 COMMANDS 210,46,-85,-521
44.66 39 NAVIGATION 0 0 0 0 286 0. 570986.7
44.66 39 ATTITUDE 0 0 0
44.66 39 GYRO_RATES 4 -13 -42 -0.034907 -0.113446 0.366519
44.66 39 FBW_STATUS 0 0 124
45.02 39 NAVIGATION 0 0 0 0 286 0. 570986.7
45.02 39 WP_MOVED 2 358071. 4822161. 0.
45.02 39 DESIRED 0. -0.01 0. 0. 700.044 -0.153
45.02 39 NAVIGATION 0 0 0 0 286 0. 570986.7
45.02 39 ATTITUDE 0 0 0
45.36 39 DOWNLINK_STATUS 44 10457 698 0 187. 13.
45.42 39 DL_VALUE 8 0.
45.45 39 NAVIGATION 0 0 0 0 286 0. 570986.7
45.45 39 WP_MOVED 0 358113. 4822203. 702.
45.45 39 COMMANDS 212,44,-83,-523
45.45 39 NAVIGATION 0 0 0 0 286 0. 570986.7
45.45 39 ATTITUDE 0 0 0
45.45 39 GYRO_RATES 4 -13 -43 -0.034907 -0.113446 0.375246
45.45 39 FBW_STATUS 0 0 124
45.82 39 ESTIMATOR 700.607483 -0.012501 60.75 -1.250112 60.389988
45.82 39 BAT 211 124 0 0 53 53 0
45.82 39 CALIBRATION -0.58 0.037 0.5 0
45.82 39 NAVIGATION 0 0 0 0 286 0. 570986.7
45.82 39 WP_MOVED 1 358824.90625 4822110. 702.
45.82 39 SERVO 1392 964 211
46.22 39 NAVIGATION 0 0 0 0 286 0. 570986.7
46.22 39 ATTITUDE 0 0 0
46.22 39 ESTIMATOR 700.607483 0.076167 60.75 7.616704 61.199989
46.22 39 DL_VALUE 9 466.
46.22 39 NAVIGATION 0 0 0 0 286 0. 570986.7
46.22 39 WP_MOVED 2 358071. 4822161. 0.
46.22 39 NAVIGATION_REF 358071 4822161 31
46.36 39 DOWNLINK_STATUS 45 10750 719 0 293. 21.
46.62 39 COMMANDS 212,46,-78,-523
46.66 39 NAVIGATION 0 0 0 0 286 0. 570986.7
46.66 39 ATTITUDE 0 0 0
46.66 39 GYRO_RATES 3 -13 -43 -0.02618 -0.113446 0.375246
46.66 39 FBW_STATUS 0 0 124
46.66 39 ESTIMATOR 700.620972 -0.028053 62.100002 -2.8053 62.729992
46.66 39 ACTUATORS 1502,1494,0,1217,1474
47.36 39 DOWNLINK_STATUS 46 10847 726 0 97. 7.
47.62 39 CALIBRATION -0.57 0.037 0.5 0
47.66 39 NAVIGATION 0 0 0 0 286 0. 570986.7
47.66 39 WP_MOVED 2 358071. 4822161. 0.
47.66 39 SERVO 1392 746 212
47.66 39 DESIRED 0. -0.01 0. 0. 700.044 -0.189
47.66 39 NAVIGATION 0 0 0 0 286 0. 570986.7
47.67 39 ESTIMATOR 700.567017 -0.015552 56.700001 -1.555183 61.289989
47.67 39 DL_VALUE 11 461.
47.67 39 NAVIGATION 0 0 0 0 286 0. 570986.7
47.67 39 WP_MOVED 0 358113. 4822203. 702.
48.21 39 COMMANDS 209,44,-83,-519
48.21 39 NAVIGATION 0 0 0 0 286 0. 570986.7
48.21 39 ATTITUDE 0 0 0
48.21 39 GYRO_RATES 4 -13 -43 -0.034907 -0.113446 0.375246
48.21 39 FBW_STATUS 0 0 124
48.37 39 DOWNLINK_STATUS 47 11071 741 0 224. 15.
48.61 39 ESTIMATOR 700.593994 0.022194 59.400002 2.219403 60.209988
48.65 39 NAVIGATION 0 0 0 0 286 0. 570986.7
48.65 39 WP_MOVED 1 358824.90625 4822110. 702.
48.65 39 DESIRED 0. -0.01 0. 0. 700.044 -0.157
49.02 39 NAVIGATION 0 0 0 0 286 0. 570986.7
49.02 39 ATTITUDE 0 0 0
49.02 39 ESTIMATOR 700.674988 0.023085 67.5 2.308495 60.749989
49.02 39 DL_VALUE 12 1.35
49.02 39 NAVIGATION 0 0 0 0 286 0. 570986.7
49.02 39 WP_MOVED 2 358071. 4822161. 0.
49.37 39 DOWNLINK_STATUS 48 11240 751 0 169. 10.
49.93 39 DL_VALUE 13 0.
49.97 39 NAVIGATION 0 0 0 0 286 0. 570986.7
49.97 39 WP_MOVED 1 358824.90625 4822110. 702.
49.97 39 COMMANDS 210,44,-86,-519
49.97 39 NAVIGATION 0 0 0 0 286 0. 570986.7
49.97 39 ATTITUDE 0 0 0
49.97 39 GYRO_RATES 4 -12 -42 -0.034907 -0.10472 0.366519
49.97 39 FBW_STATUS 0 0 124
49.97 39 NAVIGATION 0 0 0 0 286 0. 570986.7
49.97 39 WP_MOVED 2 358071. 4822161. 0.
50.07 39 DESIRED 0. -0.01 0. 0. 700.044 -0.169
50.17 39 NAVIGATION 0 0 0 0 286 0. 570986.7
50.17 39 ATTITUDE 0 0 0
50.37 39 DOWNLINK_STATUS 49 11427 764 0 187. 13.
50.40 39 ESTIMATOR 700.620972 0.076167 62.100002 7.616704 62.729992
50.47 39 DL_VALUE 14 0.
50.47 39 NAVIGATION 0 0 0 0 286 0. 570986.7
50.47 39 WP_MOVED 0 358113. 4822203. 702.
50.92 39 COMMANDS 211,46,-83,-523
50.92 39 NAVIGATION 0 0 0 0 286 0. 570986.7
50.92 39 ATTITUDE 0 0 0
50.92 39 GYRO_RATES 4 -13 -42 -0.034907 -0.113446 0.366519
51.01 39 FBW_STATUS 0 0 124
51.01 39 ESTIMATOR 700.64801 -0.111861 64.800003 -11.186102 62.549992
51.01 39 BAT 210 124 0 0 59 59 1
51.01 39 ACTUATORS 1502,1494,0,1217,1473
51.01 39 CALIBRATION -0.58 0.037 0.5 0
51.01 39 NAVIGATION 0 0 0 0 286 0. 570986.7
51.01 39 WP_MOVED 1 358824.90625 4822110. 702.
51.01 39 SERVO 1392 964 210
51.01 39 DESIRED 0. -0.01 0. 0. 700.044 -0.169
51.32 39 NAVIGATION 0 0 0 0 286 0. 570986.7
51.32 39 ATTITUDE 0 0 0
51.32 39 PPRZ_MODE 0 3 0 0 0 1 0
51.37 39 DOWNLINK_STATUS 50 11717 784 0 290. 20.
51.40 39 ESTIMATOR 700.593994 -0.021222 59.400002 -2.122204 61.199989
51.44 39 DL_VALUE 15 0.75
51.44 39 NAVIGATION 0 0 0 0 286 0. 570986.7
51.44 39 WP_MOVED 2 358071. 4822161. 0.
51.72 39 COMMANDS 211,43,-83,-521
51.72 39 NAVIGATION 0 0 0 0 286 0. 570986.7
51.72 39 ATTITUDE 0 0 0
51.72 39 GYRO_RATES 4 -13 -43 -0.034907 -0.113446 0.375246
51.78 39 FBW_STATUS 0 0 124
51.78 39 ESTIMATOR 700.593994 0.004779 59.400002 0.477912 60.389988
51.79 39 NAVIGATION 0 0 0 0 286 0. 570986.7
51.88 39 WP_MOVED 0 358113. 4822203. 702.
52.15 39 DESIRED 0. -0.01 0. 0. 700.044 -0.153
52.19 39 NAVIGATION 0 0 0 0 286 0. 570986.7
52.19 39 ATTITUDE 0 0 0
52.19 39 ESTIMATOR 700.580505 0.122337 58.049999 12.233707 61.019989
52.20 39 DL_VALUE 16 25000.
52.23 39 NAVIGATION 0 0 0 0 286 0. 570986.7
52.31 39 WP_MOVED 1 358824.90625 4822110. 702.
52.37 39 DOWNLINK_STATUS 51 12010 803 0 293. 19.
52.56 39 COMMANDS 211,46,-83,-521
52.60 39 NAVIGATION 0 0 0 0 286 0. 570986.7
52.60 39 ATTITUDE 0 0 0
52.60 39 GYRO_RATES 4 -13 -43 -0.034907 -0.113446 0.375246
52.60 39 FBW_STATUS 0 0 124
52.63 39 ESTIMATOR 700.553528 0.026055 55.350002 2.605484 61.109989
52.63 39 BAT 209 124 0 0 61 61 1
52.72 39 CALIBRATION -0.571 0.037 0.5 0
52.72 39 NAVIGATION 0 0 0 0 286 0. 570986.7
52.81 39 WP_MOVED 2 358071. 4822161. 0.
52.81 39 SERVO 1392 746 211
52.98 39 DESIRED 0. -0.01 0. 0. 700.044 -0.173
52.98 39 NAVIGATION 0 0 0 0 286 0. 570986.7
52.98 39 ATTITUDE 0 0 0
53.05 39 ESTIMATOR 700.539978 0.080001 54. 8.000112 62.639992
53.14 39 DL_VALUE 17 25000.
53.17 39 NAVIGATION 0 0 0 0 286 0. 570986.7
53.24 39 WP_MOVED 0 358113. 4822203. 702.
53.37 39 DOWNLINK_STATUS 52 12278 821 0 268. 18.
53.49 39 COMMANDS 210,46,-85,-519
53.53 39 NAVIGATION 0 0 0 0 286 0. 570986.7
53.53 39 ATTITUDE 0 0 0
53.53 39 GYRO_RATES 4 -13 -42 -0.034907 -0.113446 0.366519
53.53 39 FBW_STATUS 0 0 124
53.55 39 ESTIMATOR 700.553528 0.010476 55.350002 1.047604 62.189991
53.65 39 NAVIGATION 0 0 0 0 286 0. 570986.7
53.75 39 WP_MOVED 1 358824.90625 4822110. 702.
53.93 39 DESIRED 0. -0.01 0. 0. 700.044 -0.181
53.93 39 NAVIGATION 0 0 0 0 286 0. 570986.7
53.93 39 ATTITUDE 0 0 0
53.99 39 ESTIMATOR 700.580505 -0.099549 58.049999 -9.954882 60.749989
54.08 39 DL_VALUE 18 0.75
54.11 39 NAVIGATION 0 0 0 0 286 0. 570986.7
54.19 39 WP_MOVED 2 358071. 4822161. 0.
54.19 39 NAVIGATION_REF 358071 4822161 31
54.37 39 DOWNLINK_STATUS 53 12520 837 0 242. 16.
54.44 39 COMMANDS 212,46,-83,-523
54.47 39 NAVIGATION 0 0 0 0 286 0. 570986.7
54.47 39 ATTITUDE 0 0 0
54.47 39 GYRO_RATES 4 -13 -43 -0.034907 -0.113446 0.375246
54.47 39 FBW_STATUS 0 0 124
54.50 39 ESTIMATOR 700.674988 0.12528 67.5 12.527998 62.099991
54.50 39 BAT 211 124 0 0 63 63 1
54.60 39 CALIBRATION -0.574 0.037 0.5 0
54.60 39 NAVIGATION 0 0 0 0 286 0. 570986.7
54.69 39 WP_MOVED 0 358113. 4822203. 702.
54.69 39 SERVO 1392 746 211
54.86 39 DESIRED 0. -0.01 0. 0. 700.044 -0.189
54.86 39 NAVIGATION 0 0 0 0 286 0. 570986.7
54.86 39 ATTITUDE 0 0 0
54.93 39 ESTIMATOR 700.553528 -0.044388 55.350002 -4.438794 62.189991
55.01 39 DL_VALUE 19 13000.
55.04 39 NAVIGATION 0 0 0 0 286 0. 570986.7
55.12 39 WP_MOVED 1 358824.90625 4822110. 702.
55.37 39 COMMANDS 211,47,-83,-519
55.37 39 NAVIGATION 0 0 0 0 286 0. 570986.7
55.37 39 ATTITUDE 0 0 0
55.37 39 GYRO_RATES 4 -13 -42 -0.034907 -0.113446 0.366519
55.37 39 DOWNLINK_STATUS 54 12845 859 0 325. 22.
55.44 39 FBW_STATUS 0 0 124
55.48 39 ESTIMATOR 700.661499 0.057753 66.150002 5.77529 60.929989
55.48 39 ACTUATORS 1501,1494,0,1217,1473
55.54 39 NAVIGATION 0 0 0 0 286 0. 570986.7
55.63 39 WP_MOVED 2 358071. 4822161. 0.
55.81 39 DESIRED 0. -0.01 0. 0. 700.044 -0.153
55.81 39 NAVIGATION 0 0 0 0 286 0. 570986.7
55.81 39 ATTITUDE 0 0 0
55.81 39 PPRZ_MODE 0 3 0 0 0 1 0
55.87 39 ESTIMATOR 700.661499 -0.068364 66.150002 -6.836395 61.46999
55.99 39 DL_VALUE 20 13000.
56.03 39 NAVIGATION 0 0 0 0 286 0. 570986.7
56.07 39 WP_MOVED 0 358113. 4822203. 702.
56.32 39 COMMANDS 211,46,-83,-521
56.32 39 NAVIGATION 0 0 0 0 286 0. 570986.7
56.32 39 ATTITUDE 0 0 0
56.32 39 GYRO_RATES 4 -13 -43 -0.034907 -0.113446 0.375246
56.32 39 FBW_STATUS 0 0 124
56.39 39 ESTIMATOR 700.674988 0.020277 67.5 2.0277 62.819992
56.39 39 BAT 212 124 0 0 65 65 1
56.39 39 DOWNLINK_STATUS 55 13139 879 0 294. 20.
56.47 39 CALIBRATION -0.562 0.037 0.5 0
56.52 39 NAVIGATION 0 0 0 0 286 0. 570986.7
56.57 39 WP_MOVED 1 358824.90625 4822110. 702.
56.57 39 SERVO 1392 746 211
56.74 39 DESIRED 0. -0.01 0. 0. 700.044 -0.181
56.74 39 NAVIGATION 0 0 0 0 286 0. 570986.7
56.74 39 ATTITUDE 0 0 0
56.80 39 ESTIMATOR 700.661499 -0.012501 66.150002 -1.250095 63.719997
56.89 39 DL_VALUE 21 0.75
56.92 39 NAVIGATION 0 0 0 0 286 0. 570986.7
56.99 39 WP_MOVED 2 358071. 4822161. 0.
57.24 39 COMMANDS 211,44,-83,-521
57.24 39 NAVIGATION 0 0 0 0 286 0. 570986.7
57.24 39 ATTITUDE 0 0 0
57.24 39 GYRO_RATES 4 -13 -43 -0.034907 -0.113446 0.375246
57.31 39 FBW_STATUS 0 0 124
57.31 39 ESTIMATOR 700.702026 -0.082836 70.200005 -8.283594 63.179996
57.38 39 DOWNLINK_STATUS 56 13393 896 0 254. 17.
57.42 39 NAVIGATION 0 0 0 0 286 0. 570986.7
57.50 39 WP_MOVED 0 358113. 4822203. 702.
57.78 39 DESIRED 0. -0.01 0. 0. 700.044 -0.197
57.78 39 NAVIGATION 0 0 0 0 286 0. 570986.7
57.78 39 ATTITUDE 0 0 0
57.78 39 ESTIMATOR 700.64801 -0.050031 64.800003 -5.003099 62.279995
57.83 39 DL_VALUE 22 18000.
57.86 39 NAVIGATION 0 0 0 0 286 0. 570986.7
57.94 39 WP_MOVED 1 358824.90625 4822110. 702.
58.18 39 COMMANDS 210,44,-83,-519
58.18 39 NAVIGATION 0 0 0 0 286 0. 570986.7
58.18 39 ATTITUDE 0 0 0
58.18 39 GYRO_RATES 1 -13 -42 -0.008727 -0.113446 0.366519
58.25 39 FBW_STATUS 0 0 124
58.25 39 ESTIMATOR 700.526489 0.037692 52.650002 3.769205 60.929993
58.25 39 BAT 210 124 0 0 66 66 1
58.35 39 CALIBRATION -0.578 0.037 0.5 0
58.35 39 NAVIGATION 0 0 0 0 286 0. 570986.7
58.38 39 DOWNLINK_STATUS 57 13671 914 0 278. 18.
58.44 39 WP_MOVED 2 358071. 4822161. 0.
58.48 39 SERVO 1505 964 211
59.39 39 DOWNLINK_STATUS 58 13694 916 0 23. 2.
59.54 39 COMMANDS 211,44,-83,-523
59.58 39 NAVIGATION 0 0 0 0 286 0. 570986.7
59.58 39 ATTITUDE 0 0 0
59.58 39 GYRO_RATES 3 -13 -43 -0.02618 -0.113446 0.375246
59.58 39 FBW_STATUS 0 0 124
59.58 39 ESTIMATOR 700.634521 -0.019332 63.450001 -1.933208 59.21999
59.58 39 NAVIGATION 0 0 0 0 286 0. 570986.7
59.59 39 DESIRED 0. -0.01 0. 0. 700.044 -0.145
59.59 39 NAVIGATION 0 0 0 0 286 0. 570986.7
59.59 39 ATTITUDE 0 0 0
59.62 39 ESTIMATOR 700.661499 0.033642 66.150002 3.364189 61.109993
59.69 39 DL_VALUE 24 0.3
59.93 39 NAVIGATION 0 0 0 0 286 0. 570986.7
59.93 39 WP_MOVED 2 358071. 4822161. 0.
60.03 39 COMMANDS 211,44,-83,-521
60.03 39 NAVIGATION 0 0 0 0 286 0. 570986.7
60.03 39 ATTITUDE 0 0 0
60.03 39 GYRO_RATES 4 -13 -43 -0.034907 -0.113446 0.375246
60.11 39 FBW_STATUS 0 0 124
60.11 39 ESTIMATOR 700.593994 0.063774 59.400002 6.377389 63.179996
60.11 39 BAT 211 124 0 0 68 68 1
60.34 39 ACTUATORS 1502,1494,0,1217,1473
60.34 39 CALIBRATION -0.571 0.037 0.5 0
60.34 39 NAVIGATION 0 0 0 0 286 0. 570986.7
60.39 39 DOWNLINK_STATUS 59 14054 940 0 360. 24.
60.42 39 WP_MOVED 0 358113. 4822203. 702.
60.46 39 SERVO 1392 746 211
60.46 39 DESIRED 0. -0.01 0. 0. 700.044 -0.185
60.51 39 NAVIGATION 0 0 0 0 286 0. 570986.7
60.51 39 ATTITUDE 0 0 0
60.51 39 PPRZ_MODE 0 3 0 0 0 1 0
60.73 39 ESTIMATOR 700.702026 -0.005994 70.200005 -0.599394 66.420006
60.75 39 DL_VALUE 25 0.429983
60.75 39 NAVIGATION 0 0 0 0 286 0. 570986.7
60.75 39 WP_MOVED 1 358824.90625 4822110. 702.
61.14 39 COMMANDS 211,46,-81,-521
61.14 39 NAVIGATION 0 0 0 0 286 0. 570986.7
61.14 39 ATTITUDE 0 0 0
61.14 39 GYRO_RATES 4 -13 -43 -0.034907 -0.113446 0.375246
61.22 39 FBW_STATUS 0 0 124
61.22 39 ESTIMATOR 700.580505 0.062829 58.049999 6.282897 65.970009
61.22 39 NAVIGATION 0 0 0 0 286 0. 570986.7
61.22 39 WP_MOVED 2 358071. 4822161. 0.
61.31 39 DESIRED 0. -0.01 0. 0. 700.044 -0.193
61.39 39 DOWNLINK_STATUS 60 14343 959 0 289. 19.
61.53 39 NAVIGATION 0 0 0 0 286 0. 570986.7
61.57 39 ATTITUDE 0 0 0
61.57 39 ESTIMATOR 700.674988 -0.214137 67.5 -21.413708 63.360008
61.61 39 DL_VALUE 26 0.005
61.61 39 NAVIGATION 0 0 0 0 286 0. 570986.7
61.70 39 WP_MOVED 0 358113. 4822203. 702.
61.93 39 COMMANDS 211,46,-81,-523
61.93 39 NAVIGATION 0 0 0 0 286 0. 570986.7
61.93 39 ATTITUDE 0 0 0
61.93 39 GYRO_RATES 4 -13 -43 -0.034907 -0.113446 0.375246
61.93 39 FBW_STATUS 0 0 124
62.00 39 ESTIMATOR 700.688477 0.085779 68.849998 8.577905 62.460007
62.00 39 BAT 211 124 0 0 70 70 1
62.09 39 CALIBRATION -0.584 0.037 0.5 0
62.09 39 NAVIGATION 0 0 0 0 286 0. 570986.7
62.19 39 WP_MOVED 1 358824.90625 4822110. 702.
62.19 39 SERVO 1392 964 210
62.36 39 DESIRED 0. -0.01 0. 0. 700.044 -0.193
62.36 39 NAVIGATION 0 0 0 0 286 0. 570986.7
62.36 39 ATTITUDE 0 0 0
62.39 39 DOWNLINK_STATUS 61 14637 979 0 294. 20.
62.43 39 ESTIMATOR 700.688477 -0.128223 68.849998 -12.822304 62.550007
62.51 39 DL_VALUE 27 0.037
62.54 39 NAVIGATION 0 0 0 0 286 0. 570986.7
62.63 39 WP_MOVED 2 358071. 4822161. 0.
62.63 39 NAVIGATION_REF 358071 4822161 31
62.87 39 COMMANDS 211,44,-83,-521
62.87 39 NAVIGATION 0 0 0 0 286 0. 570986.7
62.87 39 ATTITUDE 0 0 0
62.87 39 GYRO_RATES 4 -13 -43 -0.034907 -0.113446 0.375246
62.87 39 FBW_STATUS 0 0 124
62.93 39 ESTIMATOR 700.620972 0.006561 62.100002 0.656106 63.090004
63.03 39 NAVIGATION 0 0 0 0 286 0. 570986.7
63.12 39 WP_MOVED 0 358113. 4822203. 702.
63.30 39 DESIRED 0. -0.01 0. 0. 700.044 -0.177
63.30 39 NAVIGATION 0 0 0 0 286 0. 570986.7
63.30 39 ATTITUDE 0 0 0
63.36 39 ESTIMATOR 700.688477 0.058914 68.849998 5.891402 61.200001
63.39 39 DOWNLINK_STATUS 62 14901 996 0 264. 17.
63.45 39 DL_VALUE 28 0.
63.49 39 NAVIGATION 0 0 0 0 286 0. 570986.7
63.55 39 WP_MOVED 1 358824.90625 4822110. 702.
63.80 39 COMMANDS 211,44,-83,-521
63.80 39 NAVIGATION 0 0 0 0 286 0. 570986.7
63.80 39 ATTITUDE 0 0 0
63.80 39 GYRO_RATES 4 -13 -43 -0.034907 -0.113446 0.375246
63.81 39 FBW_STATUS 0 0 124
63.87 39 ESTIMATOR 700.539978 -0.009612 54. -0.961201 61.650002
63.87 39 BAT 211 124 0 0 72 72 1
63.97 39 CALIBRATION -0.589 0.037 0.5 0
64.01 39 NAVIGATION 0 0 0 0 286 0. 570986.7
64.07 39 WP_MOVED 2 358071. 4822161. 0.
64.07 39 SERVO 1392 746 211
64.24 39 DESIRED 0. -0.01 0. 0. 700.044 -0.149
64.24 39 NAVIGATION 0 0 0 0 286 0. 570986.7
64.24 39 ATTITUDE 0 0 0
64.30 39 ESTIMATOR 700.64801 0.059022 64.800003 5.902195 61.200001
64.39 39 DL_VALUE 29 0.045
64.39 39 DOWNLINK_STATUS 63 15176 1015 0 275. 19.
64.43 39 NAVIGATION 0 0 0 0 286 0. 570986.7
64.49 39 WP_MOVED 0 358113. 4822203. 702.
64.74 39 COMMANDS 211,43,-85,-523
64.74 39 NAVIGATION 0 0 0 0 286 0. 570986.7
64.74 39 ATTITUDE 0 0 0
64.74 39 GYRO_RATES 5 -13 -44 -0.043633 -0.113446 0.383972
64.75 39 FBW_STATUS 0 0 124
64.80 39 ESTIMATOR 700.580505 -0.025947 58.049999 -2.594707 61.830002
64.83 39 ACTUATORS 1501,1494,0,1217,1473
64.90 39 NAVIGATION 0 0 0 0 286 0. 570986.7
65.12 39 WP_MOVED 1 358824.90625 4822110. 702.
65.22 39 DESIRED 0. -0.01 0. 0. 700.044 -0.153
65.22 39 NAVIGATION 0 0 0 0 286 0. 570986.7
65.22 39 ATTITUDE 0 0 0
65.22 39 PPRZ_MODE 0 3 0 0 0 17 0
65.24 39 ESTIMATOR 700.567017 0.059751 56.700001 5.975099 60.75
65.31 39 DL_VALUE 30 1.
65.39 39 DOWNLINK_STATUS 64 15429 1032 0 253. 17.
65.43 39 NAVIGATION 0 0 0 0 286 0. 570986.7
65.46 39 WP_MOVED 2 358071. 4822161. 0.
65.68 39 COMMANDS 211,44,-83,-521
65.68 39 NAVIGATION 0 0 0 0 286 0. 570986.7
65.68 39 ATTITUDE 0 0 0
65.68 39 GYRO_RATES 4 -13 -43 -0.034907 -0.113446 0.375246
65.69 39 FBW_STATUS 0 0 124
65.75 39 ESTIMATOR 700.674988 -0.052191 67.5 -5.219092 61.830002
65.75 39 BAT 211 124 0 0 74 74 1
65.85 39 CALIBRATION -0.574 0.037 0.5 0
65.85 39 NAVIGATION 0 0 0 0 286 0. 570986.7
65.94 39 WP_MOVED 0 358113. 4822203. 702.
65.94 39 SERVO 1392 746 211
66.11 39 DESIRED 0. -0.01 0. 0. 700.044 -0.169
66.11 39 NAVIGATION 0 0 0 0 286 0. 570986.7
66.11 39 ATTITUDE 0 0 0
66.17 39 ESTIMATOR 700.593994 -0.030807 59.400002 -3.080695 61.650002
66.27 39 DL_VALUE 31 0.
66.29 39 NAVIGATION 0 0 0 0 286 0. 570986.7
66.37 39 WP_MOVED 1 358824.90625 4822110. 702.
66.39 39 DOWNLINK_STATUS 65 15730 1052 0 301. 20.
66.62 39 COMMANDS 211,44,-83,-523
66.66 39 NAVIGATION 0 0 0 0 286 0. 570986.7
66.66 39 ATTITUDE 0 0 0
66.66 39 GYRO_RATES 4 -13 -43 -0.034907 -0.113446 0.375246
66.66 39 FBW_STATUS 0 0 124
66.68 39 ESTIMATOR 700.620972 0.00675 62.100002 0.675004 62.010002
66.77 39 NAVIGATION 0 0 0 0 286 0. 570986.7
66.87 39 WP_MOVED 2 358071. 4822161. 0.
67.39 39 DOWNLINK_STATUS 66 15847 1060 0 117. 8.
67.75 39 ESTIMATOR 700.553528 -0.007668 55.350002 -0.76679 60.84
67.79 39 DL_VALUE 32 0.
67.79 39 NAVIGATION 0 0 0 0 286 0. 570986.7
67.79 39 WP_MOVED 0 358113. 4822203. 702.
68.39 39 DOWNLINK_STATUS 67 15909 1064 0 62. 4.
69.39 39 DOWNLINK_STATUS 68 15909 1064 0 0. 0.
69.68 39 DL_VALUE 34 0.037
69.72 39 NAVIGATION 0 0 0 0 286 0. 570986.7
69.72 39 WP_MOVED 1 358824.90625 4822110. 702.
69.72 39 COMMANDS 211,43,-85,-523
69.72 39 NAVIGATION 0 0 0 0 286 0. 570986.7
69.72 39 ATTITUDE 0 0 0
69.75 39 FBW_STATUS 0 0 124
69.75 39 ESTIMATOR 700.567017 0.061668 56.700001 6.166813 61.650002
69.76 39 BAT 211 124 0 0 78 78 1
69.76 39 ACTUATORS 1502,1494,0,1217,1473
69.76 39 CALIBRATION -0.564 0.037 0.5 0
69.76 39 NAVIGATION 0 0 0 0 286 0. 570986.7
69.76 39 WP_MOVED 2 358071. 4822161. 0.
69.76 39 DESIRED 0. -0.01 0. 0. 700.044 -0.185
70.07 39 NAVIGATION 0 0 0 0 286 0. 570986.7
70.07 39 ATTITUDE 0 0 0
70.07 39 PPRZ_MODE 0 3 0 0 0 17 0
70.14 39 ESTIMATOR 700.674988 -0.036747 67.5 -3.674691 62.190002
70.14 39 DL_VALUE 35 0.
70.14 39 NAVIGATION 0 0 0 0 286 0. 570986.7
70.15 39 WP_MOVED 0 358113. 4822203. 702.
70.39 39 DOWNLINK_STATUS 69 16211 1085 0 302. 21.
70.47 39 COMMANDS 211,47,-83,-521
70.51 39 NAVIGATION 0 0 0 0 286 0. 570986.7
70.51 39 ATTITUDE 0 0 0
70.51 39 GYRO_RATES 4 -13 -43 -0.034907 -0.113446 0.375246
70.53 39 FBW_STATUS 0 0 124
70.53 39 ESTIMATOR 700.580505 -0.024192 58.049999 -2.419193 60.84
70.54 39 NAVIGATION 0 0 0 0 286 0. 570986.7
70.62 39 WP_MOVED 1 358824.90625 4822110. 702.
70.90 39 DESIRED 0. -0.01 0. 0. 700.044 -0.189
70.90 39 NAVIGATION 0 0 0 0 286 0. 570986.7
70.90 39 ATTITUDE 0 0 0
70.90 39 ESTIMATOR 700.661499 0.019278 66.150002 1.927803 61.02
70.95 39 DL_VALUE 36 0.
70.99 39 NAVIGATION 0 0 0 0 286 0. 570986.7
71.06 39 WP_MOVED 2 358071. 4822161. 0.
71.06 39 NAVIGATION_REF 358071 4822161 31
71.30 39 COMMANDS 211,47,-81,-521
71.30 39 NAVIGATION 0 0 0 0 286 0. 570986.7
71.30 39 ATTITUDE 0 0 0
71.31 39 GYRO_RATES 4 -13 -43 -0.034907 -0.113446 0.375246
71.31 39 FBW_STATUS 0 0 124
71.37 39 ESTIMATOR 700.661499 -0.08964 66.150002 -8.964006 60.57
71.37 39 BAT 211 124 0 0 80 80 1
71.40 39 DOWNLINK_STATUS 70 16551 1108 0 340. 23.
71.47 39 CALIBRATION -0.565 0.037 0.5 0
71.51 39 NAVIGATION 0 0 0 0 286 0. 570986.7
71.57 39 WP_MOVED 0 358113. 4822203. 702.
71.57 39 SERVO 1392 964 210
71.74 39 DESIRED 0. -0.01 0. 0. 700.044 -0.173
71.74 39 NAVIGATION 0 0 0 0 286 0. 570986.7
71.74 39 ATTITUDE 0 0 0
71.80 39 ESTIMATOR 700.661499 0.027027 66.150002 2.702692 61.920002
71.89 39 DL_VALUE 37 0.
71.92 39 NAVIGATION 0 0 0 0 286 0. 570986.7
71.99 39 WP_MOVED 1 358824.90625 4822110. 702.
72.24 39 COMMANDS 212,46,-78,-523
72.24 39 NAVIGATION 0 0 0 0 286 0. 570986.7
72.24 39 ATTITUDE 0 0 0
72.24 39 GYRO_RATES 4 -13 -43 -0.034907 -0.113446 0.375246
72.24 39 FBW_STATUS 0 0 124
72.30 39 ESTIMATOR 700.661499 -0.027837 66.150002 -2.783701 61.560001
72.40 39 DOWNLINK_STATUS 71 16805 1125 0 254. 17.
72.40 39 NAVIGATION 0 0 0 0 286 0. 570986.7
72.50 39 WP_MOVED 2 358071. 4822161. 0.
72.67 39 DESIRED 0. -0.01 0. 0. 700.044 -0.165
72.67 39 NAVIGATION 0 0 0 0 286 0. 570986.7
72.67 39 ATTITUDE 0 0 0
72.74 39 ESTIMATOR 700.567017 0.040527 56.700001 4.052706 61.650002
72.83 39 DL_VALUE 38 0.045
72.85 39 NAVIGATION 0 0 0 0 286 0. 570986.7
72.93 39 WP_MOVED 0 358113. 4822203. 702.
73.18 39 COMMANDS 212,43,-83,-523
73.18 39 NAVIGATION 0 0 0 0 286 0. 570986.7
73.18 39 ATTITUDE 0 0 0
73.18 39 GYRO_RATES 4 -13 -43 -0.034907 -0.113446 0.375246
73.18 39 FBW_STATUS 0 0 124
73.25 39 ESTIMATOR 700.661499 -0.033831 66.150002 -3.383095 61.110001
73.25 39 BAT 211 124 0 0 82 82 1
73.34 39 CALIBRATION -0.578 0.037 0.5 0
73.34 39 NAVIGATION 0 0 0 0 286 0. 570986.7
73.40 39 DOWNLINK_STATUS 72 17083 1143 0 278. 18.
73.44 39 WP_MOVED 1 358824.90625 4822110. 702.
73.48 39 SERVO 1392 746 211
73.59 39 DESIRED 0. -0.01 0. 0. 700.044 -0.169
73.59 39 NAVIGATION 0 0 0 0 286 0. 570986.7
73.59 39 ATTITUDE 0 0 0
