4.97 3 ESTIMATOR 701.255493 0.624996 125.550003 62.499596 97.470032
5.00 3 DL_VALUE 20 14000.
5.07 3 NAVIGATION 0 0 0 0 286 0. 570986.7
5.08 3 WP_MOVED 0 358113. 4822203. 702.
5.35 3 DOWNLINK_STATUS 4 800 54 0 290. 20.
5.38 3 COMMANDS 186,10,-1234,2580
5.38 3 NAVIGATION 0 0 0 0 286 0. 570986.7
5.38 3 ATTITUDE 0 0 0
5.38 3 GYRO_RATES -5 5 2 0.043633 0.043633 -0.017453
5.39 3 FBW_STATUS 0 0 124
5.43 3 ESTIMATOR 700.688477 -0.083322 68.849998 -8.332226 94.860023
5.50 3 NAVIGATION 0 0 0 0 286 0. 570986.7
5.69 3 WP_MOVED 1 358824.90625 4822110. 702.
5.81 3 DESIRED -0. -0.1 0. 0. 700.055 -0.19
5.82 3 NAVIGATION 0 0 0 0 286 0. 570986.7
5.82 3 ATTITUDE 0 0 0
6.20 3 ESTIMATOR 700.688477 0. 68.849998 0. 68.849976
6.20 3 DL_VALUE 21 0.75
6.20 3 NAVIGATION 0 0 0 0 286 0. 570986.7
6.36 3 DOWNLINK_STATUS 5 1016 68 0 216. 14.
6.63 3 WP_MOVED 2 358071. 4822161. 0.
6.67 3 COMMANDS 175,7,-1253,2573
6.67 3 NAVIGATION 0 0 0 0 286 0. 570986.7
6.67 3 ATTITUDE 0 0 0
6.67 3 GYRO_RATES -5 5 2 0.043633 0.043633 -0.017453
6.67 3 FBW_STATUS 0 0 124
6.67 3 ESTIMATOR 700.688477 0. 68.849998 0. 68.849976
6.70 3 CALIBRATION -0.448 0.037 0.5 0
6.70 3 NAVIGATION 0 0 0 0 286 0. 570986.7
6.70 3 WP_MOVED 0 358113. 4822203. 702.
6.70 3 SERVO -2014 -1365 179
6.70 3 DESIRED -0. -0.1 0. 0. 700.06 -0.189
6.70 3 NAVIGATION 0 0 0 0 286 0. 570986.7
6.70 3 ATTITUDE 0 0 0
6.79 3 ESTIMATOR 700.688477 0. 68.849998 0. 68.849976
6.86 3 DL_VALUE 22 17000.
7.01 3 NAVIGATION 0 0 0 0 286 0. 570986.7
7.04 3 WP_MOVED 1 358824.90625 4822110. 702.
7.20 3 COMMANDS 179,7,-1248,2522
7.20 3 NAVIGATION 0 0 0 0 286 0. 570986.7
7.20 3 ATTITUDE 0 0 0
7.20 3 GYRO_RATES -5 4 2 0.043633 0.034907 -0.017453
7.27 3 FBW_STATUS 0 0 124
7.27 3 ESTIMATOR 700.688477 0. 68.849998 0. 68.849976
7.36 3 DOWNLINK_STATUS 6 1369 92 0 353. 24.
7.49 3 NAVIGATION 0 0 0 0 286 0. 570986.7
7.53 3 WP_MOVED 2 358071. 4822161. 0.
7.57 3 DESIRED -0. -0.1 0. 0. 700.055 -0.19
7.67 3 NAVIGATION 0 0 0 0 286 0. 570986.7
7.67 3 ATTITUDE 0 0 0
7.77 3 ESTIMATOR 700.688477 0. 68.849998 0. 68.849976
7.79 3 DL_VALUE 23 17000.
7.99 3 NAVIGATION 0 0 0 0 286 0. 570986.7
8.00 3 WP_MOVED 0 358113. 4822203. 702.
8.30 3 COMMANDS 184,-1,-1253,2555
8.30 3 NAVIGATION 0 0 0 0 286 0. 570986.7
8.30 3 ATTITUDE 0 0 0
8.30 3 GYRO_RATES -5 5 2 0.043633 0.043633 -0.017453
8.30 3 FBW_STATUS 0 0 124
8.30 3 ESTIMATOR 700.688477 0. 68.849998 0. 68.849976
8.30 3 BAT 181 124 0 0 23 23 0
8.30 3 CALIBRATION -0.637 0.037 0.5 0
8.36 3 DOWNLINK_STATUS 7 1629 109 0 260. 17.
8.49 3 NAVIGATION 0 0 0 0 286 0. 570986.7
8.53 3 WP_MOVED 1 358824.90625 4822110. 702.
8.53 3 SERVO -2014 -1147 182
8.53 3 DESIRED -0. -0.1 0. 0. 700.056 -0.189
8.57 3 NAVIGATION 0 0 0 0 286 0. 570986.7
8.57 3 ATTITUDE 0 0 0
8.67 3 ESTIMATOR 700.688477 0. 68.849998 0. 68.849976
8.78 3 DL_VALUE 24 0.3
8.78 3 NAVIGATION 0 0 0 0 286 0. 570986.7
8.99 3 WP_MOVED 2 358071. 4822161. 0.
9.08 3 COMMANDS 162,29,-1229,2601
9.08 3 NAVIGATION 0 0 0 0 286 0. 570986.7
9.08 3 ATTITUDE 0 0 0
9.08 3 GYRO_RATES -5 5 2 0.043633 0.043633 -0.017453
9.09 3 FBW_STATUS 0 0 124
9.16 3 ESTIMATOR 700.688477 0. 68.849998 0. 68.849976
9.19 3 ACTUATORS 1434,1562,0,1215,1367
9.26 3 NAVIGATION 0 0 0 0 286 0. 570986.7
9.36 3 DOWNLINK_STATUS 8 1899 127 0 270. 18.
9.49 3 WP_MOVED 0 358113. 4822203. 702.
9.59 3 DESIRED -0. -0.1 0. 0. 700.067 -0.191
9.59 3 NAVIGATION 0 0 0 0 286 0. 570986.7
9.59 3 ATTITUDE 0 0 0
9.59 3 PPRZ_MODE 0 3 0 0 0 1 0
9.60 3 ESTIMATOR 700.688477 0. 68.849998 0. 68.849976
9.67 3 DL_VALUE 25 0.35062
