4.30 34 GPS 0 50624961 356621065 0 80355 0 0 5000 12 0
4.34 34 ESTIMATOR 0. 0. 0. 0. 0.
4.38 34 COMMANDS 442,-3,-53,-327
4.38 34 NAVIGATION 0 1 0 0 38 0. 6571.9
4.38 34 ATTITUDE 0 0 -75
4.38 34 DL_VALUE 5 0.
4.38 34 FBW_STATUS 0 0 119
4.38 34 RAD_OF_IR 6 0 0.00211
4.39 34 GPS 0 50624961 356621065 0 80355 0 0 5248 12 0
4.39 34 IR_SENSORS -924 6 1
4.46 34 NAVIGATION 0 1 0 0 38 0. 6571.9
4.57 34 WP_MOVED 1 506292.5 3566296.25 800.
4.57 34 GYRO_RATES -200 -164 -137 1.745329 -1.43117 -1.195551
4.69 34 DOWNLINK_STATUS 4 1188 74 0 411. 25.
4.93 34 GPS 0 50624961 356621065 0 80355 0 0 5500 12 0
4.93 34 SVINFO 0 2 0 3 26 -9 0
4.93 34 ESTIMATOR 0. 0. 0. 0. 0.
4.93 34 BAT 453 119 0 0 6 0 0
4.93 34 NAVIGATION 0 1 0 0 38 0. 6571.9
4.93 34 ATTITUDE 0 0 -75
4.93 34 CALIBRATION 0. 0.023 0.067 0
5.01 34 SERVO 9600 -9600 453
5.01 34 GPS 0 50624961 356621065 0 80355 0 0 5748 12 0
5.01 34 SVINFO 1 6 0 3 28 -9 0
5.01 34 DESIRED 0. 0. 0. 0. 770. 0.
5.01 34 IR_DEBUG 665 656 665 656
5.01 34 NAVIGATION 0 1 0 0 38 0. 6571.9
5.01 34 WP_MOVED 2 506379.59375 3566304.75 800.
5.18 34 ESTIMATOR 0. 0. 0. 0. 0.
5.18 34 GPS 0 50624961 356621065 0 80355 0 0 6000 12 0
5.18 34 SVINFO 2 9 0 3 25 -9 0
5.19 34 COMMANDS 453,-23,-74,-342
5.20 34 NAVIGATION 0 1 0 0 38 0. 6571.9
5.20 34 ATTITUDE 0 0 -75
5.20 34 DL_VALUE 6 0.
5.38 34 FBW_STATUS 0 0 119
5.39 34 RAD_OF_IR 6 0 0.00211
5.48 34 GPS 0 50624961 356621065 0 80355 0 0 6248 12 0
5.48 34 SVINFO 3 11 0 3 26 -9 0
5.48 34 IR_SENSORS -925 7 1
5.48 34 NAVIGATION 0 1 0 0 38 0. 6571.9
5.49 34 WP_MOVED 3 506366. 3566262. 0.
5.49 34 GYRO_RATES -200 -164 -137 1.745329 -1.43117 -1.195551
5.69 34 ESTIMATOR 0. 0. 0. 0. 0.
5.69 34 GPS 0 50624961 356621065 0 80355 0 0 6500 12 0
5.70 34 SVINFO 4 13 0 3 24 -9 0
5.70 34 NAVIGATION 0 1 0 0 38 0. 6571.9
5.70 34 ATTITUDE 0 0 -75
5.70 34 DOWNLINK_STATUS 5 1717 108 0 529. 34.
6.01 34 DESIRED 0. 0. 0. 0. 770. 0.
6.01 34 GPS 0 50624961 356621065 0 80355 0 0 6748 12 0
6.01 34 NAVIGATION 0 1 0 0 38 0. 6571.9
6.07 34 WP_MOVED 0 506408. 3566304. 800.
6.07 34 ESTIMATOR 0. 0. 0. 0. 0.
6.20 34 COMMANDS 452,-6,-55,-349
6.23 34 NAVIGATION 0 1 0 0 38 0. 6571.9
6.23 34 GPS 0 50624961 356621065 0 80355 0 0 7000 12 0
6.23 34 SVINFO 6 16 0 3 28 -9 0
6.23 34 ATTITUDE 0 0 -75
6.23 34 DL_VALUE 7 0.
6.23 34 FBW_STATUS 0 0 119
6.23 34 RAD_OF_IR 6 0 0.00211
6.26 34 IR_SENSORS -924 6 1
6.52 34 NAVIGATION 0 1 0 0 38 0. 6571.9
6.52 34 GPS 0 50624961 356621065 0 80355 0 0 7248 12 0
6.52 34 SVINFO 7 18 0 3 23 -9 0
6.52 34 WP_MOVED 1 506292.5 3566296.25 800.
6.52 34 GYRO_RATES -200 -164 -137 1.745329 -1.43117 -1.195551
6.57 34 ESTIMATOR 0. 0. 0. 0. 0.
6.57 34 BAT 461 119 0 0 8 0 0
6.69 34 NAVIGATION 0 1 0 0 38 0. 6571.9
6.73 34 ATTITUDE 0 0 -76
6.73 34 CALIBRATION 0. 0.023 0.067 0
6.73 34 GPS 0 50624961 356621065 0 80355 0 0 7500 12 0
6.73 34 SVINFO 8 19 0 3 25 -9 0
6.73 34 SERVO 9600 -9600 464
6.73 34 DOWNLINK_STATUS 6 2141 135 0 424. 27.
6.80 34 DESIRED 0. 0. 0. 0. 770. 0.
6.80 34 IR_DEBUG 665 656 665 656
6.80 34 NAVIGATION 0 1 0 0 38 0. 6571.9
7.00 34 GPS 0 50624961 356621065 0 80355 0 0 7748 12 0
7.00 34 SVINFO 9 20 0 3 25 -9 0
7.00 34 WP_MOVED 2 506379.59375 3566304.75 800.
7.35 34 ESTIMATOR 0. 0. 0. 0. 0.
7.36 34 COMMANDS 451,-9,-61,-347
7.36 34 NAVIGATION 0 1 0 0 38 0. 6571.9
7.36 34 ATTITUDE 0 0 -75
7.36 34 DL_VALUE 8 1.
7.36 34 GPS 0 50624961 356621065 0 80355 0 0 8000 12 0
7.36 34 SVINFO 10 21 0 3 28 -9 0
7.36 34 FBW_STATUS 0 0 119
7.53 34 RAD_OF_IR 7 0 0.00211
7.53 34 IR_SENSORS -924 6 1
7.53 34 NAVIGATION 0 1 0 0 38 0. 6571.9
7.53 34 GPS 0 50624961 356621065 0 80355 0 0 8248 12 0
7.53 34 SVINFO 11 22 0 3 27 -9 0
7.53 34 WP_MOVED 3 506366. 3566262. 0.
7.53 34 GYRO_RATES -199 -165 -137 1.736603 -1.439897 -1.195551
7.57 34 ESTIMATOR 0. 0. 0. 0. 0.
7.58 34 NAVIGATION 0 1 0 0 38 0. 6571.9
7.58 34 ATTITUDE 0 0 -75
7.67 34 GPS 0 50624961 356621065 0 80355 0 0 8500 12 0
7.71 34 SVINFO 12 24 0 3 26 -9 0
7.71 34 DESIRED 0. 0. 0. 0. 770. 0.
7.71 34 DOWNLINK_STATUS 7 2574 162 0 433. 27.
7.78 34 NAVIGATION 0 1 0 0 38 0. 6571.9
7.78 34 WP_MOVED 0 506408. 3566304. 800.
8.00 34 GPS 0 50624961 356621065 0 80355 0 0 8748 12 0
8.00 34 SVINFO 13 26 0 3 26 -9 0
8.01 34 ESTIMATOR 0. 0. 0. 0. 0.
8.08 34 COMMANDS 445,-6,-67,-357
8.08 34 NAVIGATION 0 1 0 0 38 0. 6571.9
8.08 34 ATTITUDE 0 0 -75
8.08 34 DL_VALUE 9 -61.099998
8.11 34 FBW_STATUS 0 0 119
8.15 34 RAD_OF_IR 6 0 0.00211
8.15 34 NAVIGATION_REF 506366 3566262 12
8.15 34 GPS 0 50624961 356621065 0 80355 0 0 9000 12 0
8.16 34 ACTUATORS 1497,1502,0,1237,1483
8.16 34 IR_SENSORS -924 6 1
8.19 34 NAVIGATION 0 1 0 0 38 0. 6571.9
8.27 34 WP_MOVED 1 506292.5 3566296.25 800.
8.27 34 GYRO_RATES -199 -164 -137 1.736603 -1.43117 -1.195551
8.49 34 GPS 0 50624961 356621065 0 80355 0 0 9248 12 0
8.59 34 ESTIMATOR 0. 0. 0. 0. 0.
8.59 34 BAT 453 119 0 0 10 0 0
8.59 34 NAVIGATION 0 1 0 0 38 0. 6571.9
8.59 34 ATTITUDE 0 0 -75
8.60 34 CALIBRATION 0. 0.023 0.067 0
8.71 34 SERVO 9600 -9600 459
8.71 34 GPS 0 50624961 356621065 0 80355 0 0 9500 12 0
8.71 34 SVINFO 0 2 0 3 27 -9 0
8.71 34 DESIRED 0. 0. 0. 0. 770. 0.
8.71 34 IR_DEBUG 665 656 665 656
8.71 34 NAVIGATION 0 1 0 0 38 0. 6571.9
8.71 34 DOWNLINK_STATUS 8 3040 192 0 466. 30.
8.77 34 WP_MOVED 2 506379.59375 3566304.75 800.
8.78 34 PPRZ_MODE 0 0 3 0 0 1 0
9.00 34 ESTIMATOR 0. 0. 0. 0. 0.
9.00 34 GPS 0 50624961 356621065 0 80355 0 0 9748 12 0
9.01 34 SVINFO 1 6 0 3 29 -9 0
9.09 34 COMMANDS 453,-18,-53,-350
9.09 34 NAVIGATION 0 1 0 0 38 0. 6571.9
9.09 34 ATTITUDE 0 0 -75
9.09 34 DL_VALUE 10 0.
9.09 34 FBW_STATUS 0 0 119
9.09 34 RAD_OF_IR 6 0 0.00211
9.18 34 IR_SENSORS -924 6 1
9.23 34 GPS 0 50624961 356621065 0 80355 0 0 10000 12 0
9.23 34 SVINFO 2 9 0 3 26 -9 0
9.23 34 NAVIGATION 0 1 0 0 38 0. 6571.9
9.27 34 WP_MOVED 3 506366. 3566262. 0.
9.27 34 GYRO_RATES -199 -163 -137 1.736603 -1.422443 -1.195551
9.29 34 ESTIMATOR 0. 0. 0. 0. 0.
9.51 34 GPS 0 50624961 356621065 0 80355 0 0 10248 12 0
9.51 34 SVINFO 3 11 0 3 27 -9 0
9.51 34 NAVIGATION 0 1 0 0 38 0. 6571.9
9.51 34 ATTITUDE 0 0 -75
9.57 34 DESIRED 0. 0. 0. 0. 770. 0.
9.69 34 NAVIGATION 0 1 0 0 38 0. 6571.9
9.72 34 GPS 0 50624961 356621065 0 80355 0 0 10500 12 0
9.72 34 SVINFO 4 13 0 3 25 -9 0
9.72 34 WP_MOVED 0 506408. 3566304. 800.
9.72 34 DOWNLINK_STATUS 9 3461 219 0 421. 27.
9.76 34 ESTIMATOR 0. 0. 0. 0. 0.
10.12 34 COMMANDS 451,-6,-58,-367
10.12 34 NAVIGATION 0 1 0 0 38 0. 6571.9
10.12 34 GPS 0 50624961 356621065 0 80355 0 0 10748 12 0
10.12 34 SVINFO 5 14 0 3 24 -9 0
10.12 34 ATTITUDE 0 0 -76
10.12 34 DL_VALUE 11 1.
10.12 34 FBW_STATUS 0 0 119
10.20 34 RAD_OF_IR 6 0 0.00211
10.20 34 IR_SENSORS -924 6 1
10.20 34 NAVIGATION 0 1 0 0 38 0. 6571.9
10.20 34 GPS 0 50624961 356621065 0 80355 0 0 11000 12 0
10.20 34 WP_MOVED 1 506292.5 3566296.25 800.
10.20 34 GYRO_RATES -199 -163 -137 1.736603 -1.422443 -1.195551
10.27 34 ESTIMATOR 0. 0. 0. 0. 0.
10.27 34 BAT 452 119 0 0 12 0 0
10.39 34 NAVIGATION 0 1 0 0 38 0. 6571.9
10.39 34 ATTITUDE 0 0 -75
10.39 34 CALIBRATION 0. 0.023 0.067 0
10.39 34 GPS 0 50624961 356621065 0 80355 0 0 11248 12 0
10.39 34 SERVO 9600 -9600 455
10.70 34 DESIRED 0. 0. 0. 0. 770. 0.
10.70 34 IR_DEBUG 665 656 665 656
10.70 34 NAVIGATION 0 1 0 0 38 0. 6571.9
10.71 34 DOWNLINK_STATUS 10 3833 243 0 372. 24.
10.78 34 WP_MOVED 2 506379.59375 3566304.75 800.
10.78 34 GPS 0 50624961 356621065 0 80355 0 0 11500 12 0
10.78 34 ESTIMATOR 0. 0. 0. 0. 0.
10.81 34 COMMANDS 453,-12,-53,-350
10.81 34 NAVIGATION 0 1 0 0 38 0. 6571.9
10.81 34 ATTITUDE 0 0 -75
10.81 34 DL_VALUE 12 0.
10.89 34 GPS 0 50624961 356621065 0 80355 0 0 11748 12 0
10.89 34 SVINFO 9 20 0 3 26 -9 0
10.89 34 FBW_STATUS 0 0 119
10.89 34 RAD_OF_IR 6 0 0.00211
10.96 34 IR_SENSORS -924 6 1
11.00 34 NAVIGATION 0 1 0 0 38 0. 6571.9
11.30 34 WP_MOVED 3 506366. 3566262. 0.
11.30 34 GYRO_RATES -199 -163 -137 1.736603 -1.422443 -1.195551
11.31 34 GPS 0 50624961 356621065 0 80355 0 0 12000 12 0
11.38 34 ESTIMATOR 0. 0. 0. 0. 0.
11.38 34 NAVIGATION 0 1 0 0 38 0. 6571.9
11.38 34 ATTITUDE 0 0 -75
11.38 34 GPS 0 50624961 356621065 0 80355 0 0 12248 12 0
11.48 34 DESIRED 0. 0. 0. 0. 770. 0.
11.48 34 NAVIGATION 0 1 0 0 38 0. 6571.9
11.56 34 WP_MOVED 0 506408. 3566304. 800.
11.70 34 DOWNLINK_STATUS 11 4215 266 0 382. 23.
11.92 34 GPS 0 50624961 356621065 0 80355 0 0 12500 12 0
11.92 34 ESTIMATOR 0. 0. 0. 0. 0.
12.01 34 COMMANDS 454,-4,-52,-350
12.01 34 NAVIGATION 0 1 0 0 38 0. 6571.9
12.01 34 ATTITUDE 0 0 -75
12.01 34 DL_VALUE 13 517.
12.01 34 FBW_STATUS 0 0 119
12.01 34 RAD_OF_IR 6 0 0.00211
12.01 34 GPS 0 50624961 356621065 0 80355 0 0 12748 12 0
12.01 34 IR_SENSORS -924 6 1
12.08 34 NAVIGATION 0 1 0 0 38 0. 6571.9
12.08 34 WP_MOVED 1 506292.5 3566296.25 800.
12.08 34 GYRO_RATES -200 -164 -137 1.745329 -1.43117 -1.195551
12.43 34 ESTIMATOR 0. 0. 0. 0. 0.
12.47 34 BAT 452 119 0 0 14 0 0
12.47 34 GPS 0 50624961 356621065 0 80355 0 0 13000 12 0
12.47 34 NAVIGATION 0 1 0 0 38 0. 6571.9
12.47 34 ATTITUDE 0 0 -75
12.47 34 CALIBRATION 0. 0.023 0.067 0
12.50 34 SERVO 9600 -9600 446
12.51 34 GPS 0 50624961 356621065 0 80355 0 0 13248 12 0
12.51 34 DESIRED 0. 0. 0. 0. 770. 0.
12.51 34 IR_DEBUG 665 656 665 656
12.51 34 NAVIGATION 0 1 0 0 38 0. 6571.9
12.51 34 WP_MOVED 2 506379.59375 3566304.75 800.
12.57 34 ESTIMATOR 0. 0. 0. 0. 0.
12.62 34 GPS 0 50624961 356621065 0 80355 0 0 13500 12 0
12.68 34 COMMANDS 453,-14,-55,-352
12.68 34 NAVIGATION 0 1 0 0 38 0. 6571.9
12.68 34 ATTITUDE 0 0 -75
12.68 34 DL_VALUE 14 482.
12.71 34 DOWNLINK_STATUS 12 4712 297 0 497. 31.
12.89 34 FBW_STATUS 0 0 119
12.89 34 RAD_OF_IR 6 0 0.00211
12.99 34 GPS 0 50624961 356621065 0 80355 0 0 13748 12 0
12.99 34 ACTUATORS 1497,1502,0,1237,1482
12.99 34 IR_SENSORS -924 6 1
12.99 34 NAVIGATION 0 1 0 0 38 0. 6571.9
12.99 34 WP_MOVED 3 506366. 3566262. 0.
12.99 34 GYRO_RATES -200 -164 -138 1.745329 -1.43117 -1.204277
13.21 34 ESTIMATOR 0. 0. 0. 0. 0.
13.21 34 GPS 0 50624961 356621065 0 80355 0 0 14000 12 0
13.21 34 SVINFO 2 9 0 3 22 -9 0
13.21 34 NAVIGATION 0 1 0 0 38 0. 6571.9
13.21 34 ATTITUDE 0 0 -75
13.51 34 DESIRED 0. 0. 0. 0. 770. 0.
13.51 34 GPS 0 50624961 356621065 0 80355 0 0 14248 12 0
13.51 34 NAVIGATION 0 1 0 0 38 0. 6571.9
13.59 34 WP_MOVED 0 506408. 3566304. 800.
13.59 34 PPRZ_MODE 0 0 3 0 0 17 0
13.59 34 ESTIMATOR 0. 0. 0. 0. 0.
13.70 34 GPS 0 50624961 356621065 0 80355 0 0 14500 12 0
13.73 34 SVINFO 4 13 0 3 26 -9 0
13.73 34 COMMANDS 453,-4,-55,-350
13.73 34 NAVIGATION 0 1 0 0 38 0. 6571.9
13.73 34 ATTITUDE 0 0 -75
13.73 34 DL_VALUE 15 455.
13.73 34 FBW_STATUS 0 0 119
13.73 34 RAD_OF_IR 6 0 0.00211
13.73 34 DOWNLINK_STATUS 13 5126 324 0 414. 27.
13.76 34 IR_SENSORS -924 6 1
14.01 34 NAVIGATION 0 1 0 0 38 0. 6571.9
14.01 34 GPS 0 50624961 356621065 0 80355 0 0 14748 12 0
14.02 34 WP_MOVED 1 506292.5 3566296.25 800.
14.02 34 GYRO_RATES -200 -164 -138 1.745329 -1.43117 -1.204277
14.07 34 ESTIMATOR 0. 0. 0. 0. 0.
14.07 34 BAT 447 119 0 0 16 1 0
14.08 34 NAVIGATION 0 1 0 0 38 0. 6571.9
14.08 34 ATTITUDE 0 0 -75
14.08 34 CALIBRATION 0. 0.023 0.067 0
14.19 34 GPS 0 50624961 356621065 0 80355 0 0 15000 12 0
14.22 34 SVINFO 6 16 0 3 27 -9 0
14.22 34 SERVO 9600 -9600 446
14.50 34 DESIRED 0. 0. 0. 0. 770. 0.
14.50 34 IR_DEBUG 665 656 665 656
14.51 34 NAVIGATION 0 1 0 0 38 0. 6571.9
14.64 34 GPS 0 50624961 356621065 0 80355 0 0 15248 12 0
14.64 34 SVINFO 7 18 0 3 25 -9 0
14.64 34 WP_MOVED 2 506379.59375 3566304.75 800.
14.64 34 ESTIMATOR 0. 0. 0. 0. 0.
14.64 34 COMMANDS 453,-4,-55,-350
14.64 34 NAVIGATION 0 1 0 0 38 0. 6571.9
14.64 34 ATTITUDE 0 0 -75
14.70 34 GPS 0 50624961 356621065 0 80355 0 0 15500 12 0
14.70 34 SVINFO 8 19 0 3 24 -9 0
14.70 34 FBW_STATUS 0 0 119
14.70 34 RAD_OF_IR 6 0 0.00211
14.72 34 DOWNLINK_STATUS 14 5553 351 0 427. 27.
14.76 34 IR_SENSORS -924 6 1
14.77 34 NAVIGATION 0 1 0 0 38 0. 6571.9
15.01 34 WP_MOVED 3 506366. 3566262. 0.
15.01 34 GYRO_RATES -200 -165 -138 1.745329 -1.439897 -1.204277
15.01 34 GPS 0 50624961 356621065 0 80355 0 0 15748 12 0
15.01 34 SVINFO 9 20 0 3 26 -9 0
15.08 34 ESTIMATOR 0. 0. 0. 0. 0.
15.08 34 NAVIGATION 0 1 0 0 38 0. 6571.9
15.08 34 ATTITUDE 0 0 -75
15.18 34 GPS 0 50624961 356621065 0 80355 0 0 16000 12 0
15.21 34 DESIRED 0. 0. 0. 0. 770. 0.
15.28 34 NAVIGATION 0 1 0 0 38 0. 6571.9
15.28 34 WP_MOVED 0 506408. 3566304. 800.
15.50 34 GPS 0 50624961 356621065 0 80355 0 0 16248 12 0
15.50 34 ESTIMATOR 0. 0. 0. 0. 0.
15.58 34 COMMANDS 449,-3,-58,-345
15.58 34 NAVIGATION 0 1 0 0 38 0. 6571.9
15.58 34 ATTITUDE 0 0 -75
15.58 34 DL_VALUE 17 11250.
15.68 34 FBW_STATUS 0 0 119
15.72 34 RAD_OF_IR 7 0 0.00211
15.72 34 GPS 0 50624961 356621065 0 80355 0 0 16500 12 0
15.72 34 SVINFO 12 24 0 3 28 -9 0
15.72 34 IR_SENSORS -924 6 1
15.72 34 NAVIGATION 0 1 0 0 38 0. 6571.9
15.72 34 DOWNLINK_STATUS 15 5956 376 0 403. 25.
15.77 34 WP_MOVED 1 506292.5 3566296.25 800.
15.78 34 GYRO_RATES -199 -164 -137 1.736603 -1.43117 -1.195551
16.00 34 GPS 0 50624961 356621065 0 80355 0 0 16748 12 0
16.01 34 ESTIMATOR 0. 0. 0. 0. 0.
16.01 34 BAT 471 119 0 0 18 1 0
16.07 34 NAVIGATION 0 1 0 0 38 0. 6571.9
16.07 34 ATTITUDE 0 0 -75
16.07 34 CALIBRATION 0. 0.023 0.067 0
16.07 34 SERVO 9600 -9600 475
16.20 34 GPS 0 50624961 356621065 0 80355 0 0 17000 12 0
16.24 34 DESIRED 0. 0. 0. 0. 770. 0.
16.24 34 IR_DEBUG 665 656 665 656
16.24 34 NAVIGATION 0 1 0 0 38 0. 6571.9
16.26 34 WP_MOVED 2 506379.59375 3566304.75 800.
16.50 34 ESTIMATOR 0. 0. 0. 0. 0.
16.50 34 GPS 0 50624961 356621065 0 80355 0 0 17248 12 0
16.59 34 COMMANDS 453,-12,-56,-350
16.59 34 NAVIGATION 0 1 0 0 38 0. 6571.9
16.59 34 ATTITUDE 0 0 -75
16.59 34 DL_VALUE 18 10000.
16.59 34 FBW_STATUS 0 0 119
16.59 34 RAD_OF_IR 6 0 0.00211
16.59 34 NAVIGATION_REF 506366 3566262 12
16.68 34 GPS 0 50624961 356621065 0 80355 0 0 17500 12 0
16.72 34 IR_SENSORS -924 6 1
16.72 34 NAVIGATION 0 1 0 0 38 0. 6571.9
16.72 34 DOWNLINK_STATUS 16 6371 402 0 415. 26.
16.77 34 WP_MOVED 3 506366. 3566262. 0.
16.77 34 GYRO_RATES -199 -163 -138 1.736603 -1.422443 -1.204277
16.78 34 ESTIMATOR 0. 0. 0. 0. 0.
17.42 34 DESIRED 0. 0. 0. 0. 770. 0.
17.42 34 GPS 0 50624961 356621065 0 80355 0 0 18000 12 0
17.42 34 NAVIGATION 0 1 0 0 38 0. 6571.9
17.42 34 WP_MOVED 0 506408. 3566304. 800.
17.62 34 ESTIMATOR 0. 0. 0. 0. 0.
17.62 34 GPS 0 50624961 356621065 0 80355 0 0 18248 12 0
17.62 34 COMMANDS 446,-1,-72,-355
17.62 34 NAVIGATION 0 1 0 0 38 0. 6571.9
17.62 34 ATTITUDE 0 0 -75
17.62 34 DL_VALUE 19 3000.
17.62 34 FBW_STATUS 0 0 119
17.62 34 RAD_OF_IR 6 0 0.00211
17.73 34 DOWNLINK_STATUS 17 6622 417 0 251. 15.
17.93 34 IR_SENSORS -924 5 1
17.93 34 NAVIGATION 0 1 0 0 38 0. 6571.9
17.93 34 GPS 0 50624961 356621065 0 80355 0 0 18500 12 0
17.93 34 SVINFO 4 13 0 3 26 -9 0
17.93 34 WP_MOVED 1 506292.5 3566296.25 800.
17.94 34 GYRO_RATES -200 -163 -137 1.745329 -1.422443 -1.195551
18.00 34 BAT 463 119 0 0 20 1 0
18.01 34 NAVIGATION 0 1 0 0 38 0. 6571.9
18.01 34 ATTITUDE 0 0 -75
18.01 34 CALIBRATION 0. 0.023 0.067 0
18.01 34 GPS 0 50624961 356621065 0 80355 0 0 18748 12 0
18.01 34 SERVO 9600 -9600 453
18.08 34 DESIRED 0. 0. 0. 0. 770. 0.
18.08 34 IR_DEBUG 665 656 665 656
18.08 34 NAVIGATION 0 1 0 0 38 0. 6571.9
18.44 34 WP_MOVED 2 506379.59375 3566304.75 800.
18.48 34 PPRZ_MODE 0 0 3 0 0 17 0
18.48 34 GPS 0 50624961 356621065 0 80355 0 0 19000 12 0
18.48 34 SVINFO 6 16 0 3 27 -9 0
18.48 34 ESTIMATOR 0. 0. 0. 0. 0.
18.50 34 COMMANDS 455,-23,-55,-364
18.50 34 NAVIGATION 0 1 0 0 38 0. 6571.9
18.50 34 ATTITUDE 0 0 -75
18.50 34 DL_VALUE 20 20000.
18.50 34 GPS 0 50624961 356621065 0 80355 0 0 19248 12 0
18.50 34 SVINFO 7 18 0 3 25 -9 0
18.50 34 FBW_STATUS 0 0 119
18.50 34 RAD_OF_IR 6 0 0.00211
18.51 34 IR_SENSORS -923 6 1
18.51 34 NAVIGATION 0 1 0 0 38 0. 6571.9
18.68 34 WP_MOVED 3 506366. 3566262. 0.
18.68 34 GYRO_RATES -199 -163 -137 1.736603 -1.422443 -1.195551
18.68 34 GPS 0 50624961 356621065 0 80355 0 0 19500 12 0
18.69 34 ESTIMATOR 0. 0. 0. 0. 0.
18.72 34 DOWNLINK_STATUS 18 7153 451 0 531. 34.
18.90 34 NAVIGATION 0 1 0 0 38 0. 6571.9
18.90 34 ATTITUDE 0 0 -75
18.90 34 GPS 0 50624961 356621065 0 80355 0 0 19748 12 0
18.90 34 SVINFO 9 20 0 3 25 -9 0
19.01 34 DESIRED 0. 0. 0. 0. 770. 0.
19.01 34 NAVIGATION 0 1 0 0 38 0. 6571.9
19.07 34 WP_MOVED 0 506408. 3566304. 800.
19.20 34 GPS 0 50624961 356621065 0 80355 0 0 20000 12 0
19.20 34 SVINFO 10 21 0 3 29 -9 0
19.20 34 ESTIMATOR 0. 0. 0. 0. 0.
19.40 34 COMMANDS 453,-3,-55,-354
19.40 34 NAVIGATION 0 1 0 0 38 0. 6571.9
19.40 34 ATTITUDE 0 0 -75
19.40 34 DL_VALUE 21 17500.
19.48 34 FBW_STATUS 0 0 119
19.48 34 RAD_OF_IR 6 0 0.00211
19.48 34 GPS 0 50624961 356621065 0 80355 0 0 20248 12 0
19.48 34 IR_SENSORS -924 6 1
19.72 34 NAVIGATION 0 1 0 0 38 0. 6571.9
19.72 34 WP_MOVED 1 506292.5 3566296.25 800.
19.72 34 GYRO_RATES -200 -164 -138 1.745329 -1.43117 -1.204277
19.72 34 GPS 0 50624961 356621065 0 80355 0 0 20500 12 0
19.73 34 ESTIMATOR 0. 0. 0. 0. 0.
19.73 34 BAT 453 119 0 0 22 1 0
19.74 34 NAVIGATION 0 1 0 0 38 0. 6571.9
19.74 34 ATTITUDE 0 0 -75
19.74 34 CALIBRATION 0. 0.023 0.067 0
19.74 34 DOWNLINK_STATUS 19 7585 478 0 432. 27.
19.88 34 SERVO 9600 -9600 453
20.00 34 GPS 0 50624961 356621065 0 80355 0 0 20748 12 0
20.01 34 SVINFO 13 26 0 3 31 -9 0
20.01 34 DESIRED 0. 0. 0. 0. 770. 0.
20.01 34 IR_DEBUG 665 655 665 655
20.01 34 NAVIGATION 0 1 0 0 38 0. 6571.9
20.01 34 WP_MOVED 2 506379.59375 3566304.75 800.
20.11 34 ESTIMATOR 0. 0. 0. 0. 0.
20.11 34 GPS 0 50624961 356621065 0 80355 0 0 21000 12 0
20.18 34 COMMANDS 454,-4,-52,-352
20.22 34 NAVIGATION 0 1 0 0 38 0. 6571.9
20.22 34 ATTITUDE 0 0 -75
20.22 34 DL_VALUE 22 20000.
20.39 34 FBW_STATUS 0 0 119
20.39 34 RAD_OF_IR 6 0 0.00211
20.41 34 GPS 0 50624961 356621065 0 80355 0 0 21248 12 0
20.41 34 IR_SENSORS -924 6 1
20.41 34 NAVIGATION 0 1 0 0 38 0. 6571.9
20.47 34 WP_MOVED 3 506366. 3566262. 0.
20.47 34 GYRO_RATES -200 -164 -138 1.745329 -1.43117 -1.204277
20.70 34 ESTIMATOR 0. 0. 0. 0. 0.
20.70 34 GPS 0 50624961 356621065 0 80355 0 0 21500 12 0
20.70 34 NAVIGATION 0 1 0 0 38 0. 6571.9
20.70 34 ATTITUDE 0 0 -75
20.73 34 DOWNLINK_STATUS 20 7970 502 0 385. 24.
21.14 34 DESIRED 0. 0. 0. 0. 770. 0.
21.14 34 GPS 0 50624961 356621065 0 80355 0 0 21748 12 0
21.14 34 SVINFO 1 6 0 3 27 -9 0
21.14 34 NAVIGATION 0 1 0 0 38 0. 6571.9
21.14 34 WP_MOVED 0 506408. 3566304. 800.
21.22 34 ESTIMATOR 0. 0. 0. 0. 0.
21.22 34 COMMANDS 453,-6,-55,-354
21.22 34 NAVIGATION 0 1 0 0 38 0. 6571.9
21.22 34 GPS 0 50624961 356621065 0 80355 0 0 22000 12 0
21.22 34 ATTITUDE 0 0 -75
21.22 34 DL_VALUE 23 0.
21.22 34 FBW_STATUS 0 0 119
21.22 34 RAD_OF_IR 6 0 0.00211
21.26 34 IR_SENSORS -924 6 1
21.42 34 GPS 0 50624961 356621065 0 80355 0 0 22248 12 0
21.42 34 NAVIGATION 0 1 0 0 38 0. 6571.9
21.42 34 WP_MOVED 1 506292.5 3566296.25 800.
21.42 34 GYRO_RATES -200 -164 -138 1.745329 -1.43117 -1.204277
21.60 34 ESTIMATOR 0. 0. 0. 0. 0.
21.60 34 BAT 453 119 0 0 24 1 0
21.70 34 NAVIGATION 0 1 0 0 38 0. 6571.9
21.74 34 ATTITUDE 0 0 -75
21.74 34 CALIBRATION 0. 0.023 0.067 0
21.74 34 GPS 0 50624961 356621065 0 80355 0 0 22500 12 0
21.74 34 SVINFO 4 13 0 3 25 -9 0
21.74 34 SERVO 9600 -9600 453
21.74 34 DOWNLINK_STATUS 21 8384 528 0 414. 26.
21.81 34 DESIRED 0. 0. 0. 0. 770. 0.
21.82 34 IR_DEBUG 665 656 665 656
21.82 34 NAVIGATION 0 1 0 0 38 0. 6571.9
22.00 34 GPS 0 50624961 356621065 0 80355 0 0 22748 12 0
22.00 34 SVINFO 5 14 0 3 30 -9 0
22.00 34 WP_MOVED 2 506379.59375 3566304.75 800.
22.09 34 ESTIMATOR 0. 0. 0. 0. 0.
22.09 34 COMMANDS 453,-3,-53,-350
22.09 34 NAVIGATION 0 1 0 0 38 0. 6571.9
22.09 34 ATTITUDE 0 0 -75
22.09 34 DL_VALUE 24 2150.
22.19 34 GPS 0 50624961 356621065 0 80355 0 0 23000 12 0
22.23 34 SVINFO 6 16 0 3 27 -9 0
22.23 34 FBW_STATUS 0 0 119
22.23 34 RAD_OF_IR 6 0 0.00211
22.26 34 ACTUATORS 1498,1502,0,1237,1482
22.26 34 IR_SENSORS -924 5 1
22.27 34 NAVIGATION 0 1 0 0 38 0. 6571.9
22.51 34 WP_MOVED 3 506366. 3566262. 0.
22.51 34 GYRO_RATES -200 -165 -138 1.745329 -1.439897 -1.204277
22.51 34 GPS 0 50624961 356621065 0 80355 0 0 23248 12 0
22.51 34 SVINFO 7 18 0 3 24 -9 0
22.58 34 ESTIMATOR 0. 0. 0. 0. 0.
22.58 34 NAVIGATION 0 1 0 0 38 0. 6571.9
22.59 34 ATTITUDE 0 0 -75
22.59 34 GPS 0 50624961 356621065 0 80355 0 0 23500 12 0
22.70 34 DESIRED 0. 0. 0. 0. 770. 0.
22.74 34 DOWNLINK_STATUS 22 8820 555 0 436. 27.
22.80 34 NAVIGATION 0 1 0 0 38 0. 6571.9
22.80 34 WP_MOVED 0 506408. 3566304. 800.
22.80 34 PPRZ_MODE 0 0 3 0 0 17 0
23.01 34 GPS 0 50624961 356621065 0 80355 0 0 23748 12 0
23.01 34 SVINFO 9 20 0 3 26 -9 0
23.01 34 ESTIMATOR 0. 0. 0. 0. 0.
23.08 34 COMMANDS 453,-4,-53,-352
23.08 34 NAVIGATION 0 1 0 0 38 0. 6571.9
23.08 34 ATTITUDE 0 0 -75
23.08 34 DL_VALUE 25 5300.
23.29 34 FBW_STATUS 0 0 119
23.29 34 RAD_OF_IR 7 0 0.00211
23.29 34 GPS 0 50624961 356621065 0 80355 0 0 24000 12 0
23.29 34 SVINFO 10 21 0 3 29 -9 0
23.29 34 IR_SENSORS -924 6 1
23.29 34 NAVIGATION 0 1 0 0 38 0. 6571.9
23.30 34 WP_MOVED 1 506292.5 3566296.25 800.
23.30 34 GYRO_RATES -199 -164 -138 1.736603 -1.43117 -1.204277
23.51 34 GPS 0 50624961 356621065 0 80355 0 0 24248 12 0
23.51 34 SVINFO 11 22 0 3 25 -9 0
23.51 34 ESTIMATOR 0. 0. 0. 0. 0.
23.51 34 BAT 453 119 0 0 25 0 0
23.57 34 NAVIGATION 0 1 0 0 38 0. 6571.9
23.57 34 ATTITUDE 0 0 -75
23.57 34 CALIBRATION 0. 0.023 0.067 0
23.59 34 SERVO 9600 -9600 452
23.59 34 GPS 0 50624961 356621065 0 80355 0 0 24500 12 0
23.68 34 DESIRED 0. 0. 0. 0. 770. 0.
23.73 34 IR_DEBUG 665 656 665 656
23.73 34 NAVIGATION 0 1 0 0 38 0. 6571.9
23.73 34 DOWNLINK_STATUS 23 9281 585 0 461. 30.
24.01 34 WP_MOVED 2 506379.59375 3566304.75 800.
24.01 34 ESTIMATOR 0. 0. 0. 0. 0.
24.02 34 GPS 0 50624961 356621065 0 80355 0 0 24748 12 0
24.02 34 SVINFO 13 26 0 3 31 -9 0
24.08 34 COMMANDS 453,-6,-55,-352
24.08 34 NAVIGATION 0 1 0 0 38 0. 6571.9
24.08 34 ATTITUDE 0 0 -75
24.08 34 DL_VALUE 26 10000.
24.08 34 FBW_STATUS 0 0 119
24.08 34 RAD_OF_IR 6 0 0.00211
24.30 34 GPS 0 50624961 356621065 0 80355 0 0 25000 12 0
24.30 34 IR_SENSORS -924 6 1
24.30 34 NAVIGATION 0 1 0 0 38 0. 6571.9
24.30 34 WP_MOVED 3 506366. 3566262. 0.
24.30 34 GYRO_RATES -199 -163 -137 1.736603 -1.422443 -1.195551
24.30 34 ESTIMATOR 0. 0. 0. 0. 0.
24.50 34 GPS 0 50624961 356621065 0 80355 0 0 25248 12 0
24.50 34 NAVIGATION 0 1 0 0 38 0. 6571.9
24.50 34 ATTITUDE 0 0 -75
24.70 34 DESIRED 0. 0. 0. 0. 770. 0.
24.70 34 GPS 0 50624961 356621065 0 80355 0 0 25500 12 0
24.70 34 NAVIGATION 0 1 0 0 38 0. 6571.9
24.70 34 WP_MOVED 0 506408. 3566304. 800.
24.74 34 DOWNLINK_STATUS 24 9663 608 0 382. 23.
24.76 34 ESTIMATOR 0. 0. 0. 0. 0.
25.02 34 GPS 0 50624961 356621065 0 80355 0 0 25748 12 0
25.02 34 SVINFO 1 6 0 3 28 -9 0
25.02 34 COMMANDS 452,-7,-53,-350
25.02 34 NAVIGATION 0 1 0 0 38 0. 6571.9
25.02 34 ATTITUDE 0 0 -75
25.02 34 DL_VALUE 27 4000.
25.07 34 FBW_STATUS 0 0 119
25.07 34 RAD_OF_IR 6 0 0.00211
25.07 34 NAVIGATION_REF 506366 3566262 12
25.10 34 IR_SENSORS -924 5 1
25.11 34 NAVIGATION 0 1 0 0 38 0. 6571.9
25.11 34 GPS 0 50624961 356621065 0 80355 0 0 26000 12 0
25.20 34 WP_MOVED 1 506292.5 3566296.25 800.
25.23 34 GYRO_RATES -199 -163 -137 1.736603 -1.422443 -1.195551
25.27 34 ESTIMATOR 0. 0. 0. 0. 0.
25.27 34 BAT 453 119 0 0 27 0 1
25.51 34 NAVIGATION 0 1 0 0 38 0. 6571.9
25.51 34 ATTITUDE 0 0 -75
25.51 34 CALIBRATION 0. 0.023 0.067 0
25.51 34 GPS 0 50624961 356621065 0 80355 0 0 26248 12 0
25.74 34 DOWNLINK_STATUS 25 9984 629 0 321. 21.
25.83 34 SERVO 9600 -9600 452
25.83 34 DESIRED 0. 0. 0. 0. 770. 0.
25.83 34 IR_DEBUG 665 656 665 656
25.83 34 NAVIGATION 0 1 0 0 38 0. 6571.9
25.83 34 GPS 0 50624961 356621065 0 80355 0 0 26500 12 0
25.84 34 SVINFO 4 13 0 3 25 -9 0
25.84 34 WP_MOVED 2 506379.59375 3566304.75 800.
26.03 34 ESTIMATOR 0. 0. 0. 0. 0.
26.03 34 COMMANDS 453,-4,-55,-352
26.03 34 NAVIGATION 0 1 0 0 38 0. 6571.9
26.03 34 ATTITUDE 0 0 -75
26.03 34 DL_VALUE 28 0.228
26.03 34 GPS 0 50624961 356621065 0 80355 0 0 26748 12 0
26.04 34 SVINFO 5 14 0 3 31 -9 0
26.04 34 FBW_STATUS 0 0 119
26.07 34 IR_SENSORS -924 6 1
26.07 34 NAVIGATION 0 1 0 0 38 0. 6571.9
26.20 34 WP_MOVED 3 506366. 3566262. 0.
26.20 34 GYRO_RATES -199 -162 -137 1.736603 -1.413717 -1.195551
26.20 34 GPS 0 50624961 356621065 0 80355 0 0 27000 12 0
26.20 34 SVINFO 6 16 0 3 27 -9 0
26.20 34 ESTIMATOR 0. 0. 0. 0. 0.
26.27 34 NAVIGATION 0 1 0 0 38 0. 6571.9
26.27 34 ATTITUDE 0 0 -75
26.49 34 GPS 0 50624961 356621065 0 80355 0 0 27248 12 0
26.51 34 DESIRED 0. 0. 0. 0. 770. 0.
26.51 34 NAVIGATION 0 1 0 0 38 0. 6571.9
26.60 34 WP_MOVED 0 506408. 3566304. 800.
26.60 34 GPS 0 50624961 356621065 0 80355 0 0 27500 12 0
26.66 34 ESTIMATOR 0. 0. 0. 0. 0.
26.74 34 DOWNLINK_STATUS 26 10487 659 0 503. 30.
26.78 34 COMMANDS 453,-6,-53,-352
26.78 34 NAVIGATION 0 1 0 0 38 0. 6571.9
26.78 34 ATTITUDE 0 0 -75
26.78 34 DL_VALUE 29 0.42
26.78 34 FBW_STATUS 0 0 119
26.80 34 RAD_OF_IR 6 0 0.00211
27.43 34 DESIRED 0. 0. 0. 0. 770. 0.
27.43 34 IR_DEBUG 665 656 665 656
27.43 34 NAVIGATION 0 1 24832 22955 74 -2.60902532548e+38 0.
27.43 34 ESTIMATOR 0. 0. 0. 0. 0.
27.43 34 BAT 453 119 0 0 29 0 1
27.51 34 SVINFO 10 21 0 3 29 -9 0
27.51 34 NAVIGATION 0 1 0 0 38 0. 6571.9
27.51 34 ATTITUDE 0 0 -75
27.51 34 CALIBRATION 0. 0.023 0.067 0
27.51 34 SERVO 9600 -9600 452
27.51 34 GPS 0 50624961 356621065 0 80355 0 0 28248 12 0
27.53 34 DESIRED 0. 0. 0. 0. 770. 0.
27.53 34 IR_DEBUG 665 656 665 656
27.53 34 NAVIGATION 0 1 0 0 38 0. 6571.9
27.53 34 WP_MOVED 2 506379.59375 3566304.75 800.
27.53 34 PPRZ_MODE 0 0 3 0 0 17 0
27.61 34 ESTIMATOR 0. 0. 0. 0. 0.
27.61 34 GPS 0 50624961 356621065 0 80355 0 0 28500 12 0
27.71 34 COMMANDS 453,-3,-52,-354
27.73 34 NAVIGATION 0 1 0 0 38 0. 6571.9
27.73 34 ATTITUDE 0 0 -75
27.73 34 DL_VALUE 30 0.
27.74 34 DOWNLINK_STATUS 27 10893 687 0 406. 28.
27.89 34 FBW_STATUS 0 0 119
27.89 34 RAD_OF_IR 6 0 0.00211
27.98 34 GPS 0 50624961 356621065 0 80355 0 0 28748 12 0
27.98 34 SVINFO 13 26 0 3 31 -9 0
27.98 34 IR_SENSORS -924 6 1
27.98 34 NAVIGATION 0 1 0 0 38 0. 6571.9
27.99 34 WP_MOVED 3 506366. 3566262. 0.
27.99 34 GYRO_RATES -200 -164 -138 1.745329 -1.43117 -1.204277
28.06 34 ESTIMATOR 0. 0. 0. 0. 0.
28.18 34 GPS 0 50624961 356621065 0 80355 0 0 29000 12 0
28.18 34 NAVIGATION 0 1 0 0 38 0. 6571.9
28.18 34 ATTITUDE 0 0 -75
28.51 34 DESIRED 0. 0. 0. 0. 770. 0.
28.51 34 GPS 0 50624961 356621065 0 80355 0 0 29248 12 0
28.51 34 NAVIGATION 0 1 0 0 38 0. 6571.9
28.57 34 WP_MOVED 0 506408. 3566304. 800.
28.57 34 ESTIMATOR 0. 0. 0. 0. 0.
28.73 34 GPS 0 50624961 356621065 0 80355 0 0 29500 12 0
28.73 34 COMMANDS 454,3,-55,-355
28.73 34 NAVIGATION 0 1 0 0 38 0. 6571.9
28.73 34 ATTITUDE 0 0 -75
28.73 34 DL_VALUE 31 0.023
28.73 34 FBW_STATUS 0 0 119
28.73 34 RAD_OF_IR 6 0 0.00211
28.74 34 DOWNLINK_STATUS 28 11275 711 0 382. 24.
28.76 34 IR_SENSORS -924 6 1
29.02 34 NAVIGATION 0 1 0 0 38 0. 6571.9
29.02 34 GPS 0 50624961 356621065 0 80355 0 0 29748 12 0
29.02 34 SVINFO 1 6 0 3 28 -9 0
29.02 34 WP_MOVED 1 506292.5 3566296.25 800.
29.02 34 GYRO_RATES -200 -164 -138 1.745329 -1.43117 -1.204277
29.07 34 ESTIMATOR 0. 0. 0. 0. 0.
29.07 34 BAT 452 119 0 0 31 0 1
29.29 34 NAVIGATION 0 1 0 0 38 0. 6571.9
29.29 34 ATTITUDE 0 0 -76
29.29 34 CALIBRATION 0. 0.023 0.067 0
29.29 34 GPS 0 50624961 356621065 0 80355 0 0 30000 12 0
29.29 34 SERVO 9600 -9600 452
29.31 34 DESIRED 0. 0. 0. 0. 770. 0.
29.31 34 IR_DEBUG 665 656 665 656
29.31 34 NAVIGATION 0 1 0 0 38 0. 6571.9
29.50 34 GPS 0 50624961 356621065 0 80355 0 0 30248 12 0
29.50 34 WP_MOVED 2 506379.59375 3566304.75 800.
29.71 34 ESTIMATOR 0. 0. 0. 0. 0.
29.71 34 COMMANDS 460,-6,-42,-354
29.71 34 NAVIGATION 0 1 0 0 38 0. 6571.9
29.71 34 ATTITUDE 0 0 -75
29.71 34 DL_VALUE 32 0.001
29.71 34 GPS 0 50624961 356621065 0 80355 0 0 30500 12 0
29.71 34 SVINFO 4 13 0 3 25 -9 0
29.71 34 FBW_STATUS 0 0 119
29.74 34 DOWNLINK_STATUS 29 11689 737 0 414. 26.
29.76 34 IR_SENSORS -924 6 1
29.77 34 NAVIGATION 0 1 0 0 38 0. 6571.9
30.01 34 WP_MOVED 3 506366. 3566262. 0.
30.01 34 GYRO_RATES -200 -164 -138 1.745329 -1.43117 -1.204277
30.01 34 GPS 0 50624961 356621065 0 80355 0 0 30748 12 0
30.01 34 SVINFO 5 14 0 3 31 -9 0
30.08 34 ESTIMATOR 0. 0. 0. 0. 0.
30.08 34 NAVIGATION 0 1 0 0 38 0. 6571.9
30.08 34 ATTITUDE 0 0 -75
30.18 34 GPS 0 50624961 356621065 0 80355 0 0 31000 12 0
30.18 34 SVINFO 6 16 0 3 28 -9 0
30.21 34 DESIRED 0. 0. 0. 0. 770. 0.
30.28 34 NAVIGATION 0 1 0 0 38 0. 6571.9
30.28 34 WP_MOVED 0 506408. 3566304. 800.
30.50 34 GPS 0 50624961 356621065 0 80355 0 0 31248 12 0
30.50 34 ESTIMATOR 0. 0. 0. 0. 0.
30.58 34 COMMANDS 453,3,-53,-352
30.58 34 NAVIGATION 0 1 0 0 38 0. 6571.9
30.58 34 ATTITUDE 0 0 -75
30.58 34 DL_VALUE 33 0.01
30.60 34 FBW_STATUS 0 0 119
30.60 34 RAD_OF_IR 7 0 0.00211
30.60 34 GPS 0 50624961 356621065 0 80355 0 0 31500 12 0
30.70 34 IR_SENSORS -924 6 1
30.73 34 NAVIGATION 0 1 0 0 38 0. 6571.9
30.74 34 DOWNLINK_STATUS 30 12092 762 0 403. 25.
30.77 34 WP_MOVED 1 506292.5 3566296.25 800.
30.77 34 GYRO_RATES -199 -164 -138 1.736603 -1.43117 -1.204277
31.01 34 GPS 0 50624961 356621065 0 80355 0 0 31748 12 0
31.01 34 ESTIMATOR 0. 0. 0. 0. 0.
31.01 34 BAT 453 119 0 0 33 0 1
31.07 34 NAVIGATION 0 1 0 0 38 0. 6571.9
31.07 34 ATTITUDE 0 0 -75
31.07 34 CALIBRATION 0. 0.023 0.067 0
31.24 34 SERVO 9600 -9600 451
31.24 34 GPS 0 50624961 356621065 0 80355 0 0 32000 12 0
31.24 34 SVINFO 10 21 0 3 29 -9 0
31.24 34 DESIRED 0. 0. 0. 0. 770. 0.
31.24 34 IR_DEBUG 665 656 665 656
31.24 34 NAVIGATION 0 1 0 0 38 0. 6571.9
31.27 34 WP_MOVED 2 506379.59375 3566304.75 800.
31.51 34 ESTIMATOR 0. 0. 0. 0. 0.
31.51 34 GPS 0 50624961 356621065 0 80355 0 0 32248 12 0
31.51 34 SVINFO 11 22 0 3 25 -9 0
31.58 34 COMMANDS 450,1,-47,-345
31.58 34 NAVIGATION 0 1 0 0 38 0. 6571.9
31.58 34 ATTITUDE 0 0 -75
31.58 34 DL_VALUE 34 1.
31.58 34 FBW_STATUS 0 0 119
31.58 34 RAD_OF_IR 6 0 0.00211
31.74 34 DOWNLINK_STATUS 31 12463 786 0 371. 24.
31.80 34 ACTUATORS 1497,1502,0,1237,1482
31.80 34 GPS 0 50624961 356621065 0 80355 0 0 32500 12 0
31.80 34 IR_SENSORS -924 6 1
31.80 34 NAVIGATION 0 1 0 0 38 0. 6571.9
31.80 34 WP_MOVED 3 506366. 3566262. 0.
31.81 34 GYRO_RATES -199 -163 -138 1.736603 -1.422443 -1.204277
31.81 34 ESTIMATOR 0. 0. 0. 0. 0.
32.01 34 GPS 0 50624961 356621065 0 80355 0 0 32748 12 0
32.01 34 SVINFO 13 26 0 3 31 -9 0
32.01 34 NAVIGATION 0 1 0 0 38 0. 6571.9
32.01 34 ATTITUDE 0 0 -75
32.08 34 DESIRED 0. 0. 0. 0. 770. 0.
32.20 34 NAVIGATION 0 1 0 0 38 0. 6571.9
32.20 34 GPS 0 50624961 356621065 0 80355 0 0 33000 12 0
32.20 34 WP_MOVED 0 506408. 3566304. 800.
32.20 34 PPRZ_MODE 0 0 3 0 0 17 0
32.26 34 ESTIMATOR 0. 0. 0. 0. 0.
32.51 34 COMMANDS 452,-3,-52,-350
32.51 34 NAVIGATION 0 1 0 0 38 0. 6571.9
32.51 34 GPS 0 50624961 356621065 0 80355 0 0 33248 12 0
32.51 34 ATTITUDE 0 0 -75
32.51 34 DL_VALUE 35 0.
32.56 34 FBW_STATUS 0 0 119
32.56 34 RAD_OF_IR 6 0 0.00211
32.60 34 IR_SENSORS -924 6 1
32.61 34 NAVIGATION 0 1 0 0 38 0. 6571.9
32.61 34 GPS 0 50624961 356621065 0 80355 0 0 33500 12 0
32.70 34 WP_MOVED 1 506292.5 3566296.25 800.
32.72 34 GYRO_RATES -199 -163 -137 1.736603 -1.422443 -1.195551
32.75 34 DOWNLINK_STATUS 32 12940 815 0 477. 29.
32.78 34 ESTIMATOR 0. 0. 0. 0. 0.
32.78 34 BAT 453 119 0 0 35 0 1
33.12 34 NAVIGATION 0 1 0 0 38 0. 6571.9
33.12 34 ATTITUDE 0 0 -75
33.12 34 CALIBRATION 0. 0.023 0.067 0
33.12 34 GPS 0 50624961 356621065 0 80355 0 0 33748 12 0
33.12 34 SVINFO 1 6 0 3 27 -9 0
33.22 34 SERVO 9600 -9600 452
33.26 34 DESIRED 0. 0. 0. 0. 770. 0.
33.26 34 IR_DEBUG 665 656 665 656
33.26 34 NAVIGATION 0 1 0 0 38 0. 6571.9
33.26 34 WP_MOVED 2 506379.59375 3566304.75 800.
33.26 34 GPS 0 50624961 356621065 0 80355 0 0 34000 12 0
33.31 34 COMMANDS 452,-4,-52,-349
33.31 34 NAVIGATION 0 1 0 0 38 0. 6571.9
33.31 34 ATTITUDE 0 0 -75
33.31 34 DL_VALUE 36 0.
33.39 34 GPS 0 50624961 356621065 0 80355 0 0 34248 12 0
33.39 34 FBW_STATUS 0 0 119
33.39 34 RAD_OF_IR 6 0 0.00211
33.39 34 NAVIGATION_REF 506366 3566262 12
33.58 34 IR_SENSORS -924 6 1
33.71 34 NAVIGATION 0 1 0 0 38 0. 6571.9
33.71 34 WP_MOVED 3 506366. 3566262. 0.
33.71 34 GYRO_RATES -199 -163 -137 1.736603 -1.422443 -1.195551
33.71 34 GPS 0 50624961 356621065 0 80355 0 0 34500 12 0
33.71 34 SVINFO 4 13 0 3 24 -9 0
33.71 34 ESTIMATOR 0. 0. 0. 0. 0.
33.74 34 DOWNLINK_STATUS 33 13375 843 0 435. 28.
33.77 34 NAVIGATION 0 1 0 0 38 0. 6571.9
33.77 34 ATTITUDE 0 0 -75
33.87 34 GPS 0 50624961 356621065 0 80355 0 0 34748 12 0
33.87 34 SVINFO 5 14 0 3 31 -9 0
34.10 34 DESIRED 0. 0. 0. 0. 770. 0.
34.10 34 NAVIGATION 0 1 0 0 38 0. 6571.9
34.19 34 WP_MOVED 0 506408. 3566304. 800.
34.22 34 GPS 0 50624961 356621065 0 80355 0 0 35000 12 0
34.23 34 SVINFO 6 16 0 3 24 -9 0
34.23 34 ESTIMATOR 0. 0. 0. 0. 0.
34.28 34 COMMANDS 451,-10,-61,-350
34.28 34 NAVIGATION 0 1 0 0 38 0. 6571.9
34.28 34 ATTITUDE 0 0 -75
34.28 34 DL_VALUE 37 0.1
34.28 34 FBW_STATUS 0 0 119
34.37 34 RAD_OF_IR 6 0 0.00211
34.37 34 GPS 0 50624961 356621065 0 80355 0 0 35248 12 0
34.39 34 IR_SENSORS -924 6 1
34.59 34 NAVIGATION 0 1 0 0 38 0. 6571.9
34.74 34 WP_MOVED 1 506292.5 3566296.25 800.
34.77 34 GYRO_RATES -200 -164 -138 1.745329 -1.43117 -1.204277
34.77 34 GPS 0 50624961 356621065 0 80355 0 0 35500 12 0
34.77 34 ESTIMATOR 0. 0. 0. 0. 0.
34.77 34 BAT 453 119 0 0 37 0 1
34.77 34 NAVIGATION 0 1 0 0 38 0. 6571.9
34.77 34 ATTITUDE 0 0 -75
34.77 34 CALIBRATION 0. 0.023 0.067 0
34.77 34 DOWNLINK_STATUS 34 13807 870 0 432. 27.
34.77 34 SERVO 9600 -9600 453
35.12 34 GPS 0 50624961 356621065 0 80355 0 0 35748 12 0
35.13 34 DESIRED 0. 0. 0. 0. 770. 0.
35.13 34 IR_DEBUG 665 656 665 656
35.13 34 NAVIGATION 0 1 0 0 38 0. 6571.9
35.13 34 WP_MOVED 2 506379.59375 3566304.75 800.
35.18 34 ESTIMATOR 0. 0. 0. 0. 0.
35.22 34 GPS 0 50624961 356621065 0 80355 0 0 36000 12 0
35.22 34 SVINFO 10 21 0 3 29 -9 0
35.22 34 COMMANDS 452,-4,-53,-349
35.22 34 NAVIGATION 0 1 0 0 38 0. 6571.9
35.22 34 ATTITUDE 0 0 -75
35.22 34 DL_VALUE 38 0.
35.26 34 FBW_STATUS 0 0 119
35.26 34 RAD_OF_IR 6 0 0.00211
35.39 34 GPS 0 50624961 356621065 0 80355 0 0 36248 12 0
35.39 34 SVINFO 11 22 0 3 25 -9 0
35.39 34 IR_SENSORS -924 6 1
35.39 34 NAVIGATION 0 1 0 0 38 0. 6571.9
35.60 34 WP_MOVED 3 506366. 3566262. 0.
35.60 34 GYRO_RATES -200 -164 -137 1.745329 -1.43117 -1.195551
