8.89 34 ESTIMATOR 0. 0. 0. 0. 0.
8.89 34 COMMANDS 453,-10,-52,-354
8.89 34 NAVIGATION 0 1 0 0 38 0. 6571.9
8.89 34 ATTITUDE 0 0 -71
8.89 34 DL_VALUE 34 1.
8.89 34 GPS 0 50455938 356665430 0 72627 0 0 12540500 12 0
8.89 34 FBW_STATUS 0 0 116
8.89 34 RAD_OF_IR 7 0 0.00211
8.89 34 IR_SENSORS -899 6 1
8.89 34 NAVIGATION 0 1 0 0 38 0. 6571.9
8.89 34 WP_MOVED 3 506366. 3566262. 0.
8.89 34 GYRO_RATES -198 -163 -136 1.727876 -1.422443 -1.186824
8.89 34 GPS 0 50455938 356665430 0 72627 0 0 12540748 12 0
8.89 34 ESTIMATOR 0. 0. 0. 0. 0.
8.89 34 NAVIGATION 0 1 0 0 38 0. 6571.9
8.93 34 ATTITUDE 0 0 -71
8.93 34 DOWNLINK_STATUS 7 2404 149 0 357. 23.
8.93 34 GPS 0 50455938 356665430 0 72627 0 0 12541000 12 0
8.93 34 DESIRED 0. 0. 0. 0. 770. 0.
8.93 34 NAVIGATION 0 1 0 0 38 0. 6571.9
8.93 34 WP_MOVED 0 506408. 3566304. 800.
8.93 34 GPS 0 50455938 356665430 0 72627 0 0 12541248 12 0
8.93 34 ESTIMATOR 0. 0. 0. 0. 0.
8.93 34 COMMANDS 451,-6,-55,-350
8.93 34 NAVIGATION 0 1 0 0 38 0. 6571.9
8.93 34 ATTITUDE 0 0 -71
8.93 34 DL_VALUE 35 0.
8.93 34 FBW_STATUS 0 0 116
8.93 34 RAD_OF_IR 6 0 0.00211
8.93 34 GPS 0 50455938 356665430 0 72627 0 0 12541500 12 0
8.93 34 IR_SENSORS -901 7 1
8.93 34 NAVIGATION 0 1 0 0 38 0. 6571.9
8.93 34 WP_MOVED 1 506292.5 3566296.25 800.
8.93 34 GYRO_RATES -199 -163 -137 1.736603 -1.422443 -1.195551
8.93 34 ESTIMATOR 0. 0. 0. 0. 0.
8.93 34 BAT 452 116 0 0 159 0 6
8.93 34 GPS 0 50455938 356665430 0 72627 0 0 12541748 12 0
8.93 34 NAVIGATION 0 1 0 0 38 0. 6571.9
8.93 34 ATTITUDE 0 0 -71
8.93 34 CALIBRATION 0. 0.023 0.067 0
8.93 34 SERVO 9600 -9600 449
8.93 34 DOWNLINK_STATUS 8 2798 173 0 394. 24.
8.93 34 GPS 0 50455938 356665430 0 72627 0 0 12542000 12 0
8.93 34 DESIRED 0. 0. 0. 0. 770. 0.
8.93 34 IR_DEBUG 648 639 648 639
8.93 34 NAVIGATION 0 1 0 0 38 0. 6571.9
8.93 34 WP_MOVED 2 506379.59375 3566304.75 800.
8.93 34 ESTIMATOR 0. 0. 0. 0. 0.
8.93 34 GPS 0 50455938 356665430 0 72627 0 0 12542248 12 0
8.93 34 COMMANDS 453,-9,-53,-350
8.93 34 NAVIGATION 0 1 0 0 38 0. 6571.9
8.93 34 ATTITUDE 0 0 -71
8.94 34 DL_VALUE 36 0.
8.94 34 FBW_STATUS 0 0 116
8.94 34 RAD_OF_IR 6 0 0.00211
8.94 34 NAVIGATION_REF 506366 3566262 12
9.17 34 IR_SENSORS -898 5 1
9.21 34 GPS 0 50455938 356665430 0 72627 0 0 12542500 12 0
9.21 34 NAVIGATION 0 1 0 0 38 0. 6571.9
9.25 34 WP_MOVED 3 506366. 3566262. 0.
9.25 34 GYRO_RATES -199 -163 -137 1.736603 -1.422443 -1.195551
9.25 34 ESTIMATOR 0. 0. 0. 0. 0.
9.26 34 NAVIGATION 0 1 0 0 38 0. 6571.9
9.26 34 GPS 0 50455938 356665430 0 72627 0 0 12542748 12 0
9.26 34 ATTITUDE 0 0 -71
9.44 34 DESIRED 0. 0. 0. 0. 770. 0.
9.44 34 NAVIGATION 0 1 0 0 38 0. 6571.9
9.61 34 DOWNLINK_STATUS 9 3220 198 0 422. 25.
9.76 34 GPS 0 50455938 356665430 0 72627 0 0 12543000 12 0
9.87 34 WP_MOVED 0 506408. 3566304. 800.
9.87 34 ESTIMATOR 0. 0. 0. 0. 0.
9.87 34 COMMANDS 453,-6,-50,-350
9.87 34 NAVIGATION 0 1 0 0 38 0. 6571.9
9.87 34 ATTITUDE 0 0 -72
9.87 34 DL_VALUE 37 0.1
9.87 34 GPS 0 50455938 356665430 0 72627 0 0 12543248 12 0
9.88 34 RAD_OF_IR 5 0 0.00211
9.88 34 IR_SENSORS -902 6 1
9.93 34 NAVIGATION 0 1 0 0 38 0. 6571.9
10.06 34 GPS 0 50455938 356665430 0 72627 0 0 12543500 12 0
10.06 34 WP_MOVED 1 506292.5 3566296.25 800.
10.06 34 GYRO_RATES -199 -163 -137 1.736603 -1.422443 -1.195551
10.38 34 ESTIMATOR 0. 0. 0. 0. 0.
10.38 34 BAT 444 116 0 0 161 0 6
10.38 34 NAVIGATION 0 1 0 0 38 0. 6571.9
10.38 34 ATTITUDE 0 0 -71
10.38 34 CALIBRATION 0. 0.023 0.067 0
10.47 34 GPS 0 50455938 356665430 0 72627 0 0 12543748 12 0
10.51 34 SERVO 9600 -9600 448
10.51 34 DESIRED 0. 0. 0. 0. 770. 0.
10.51 34 IR_DEBUG 649 640 649 640
10.51 34 NAVIGATION 0 1 0 0 38 0. 6571.9
10.51 34 WP_MOVED 2 506379.59375 3566304.75 800.
10.51 34 GPS 0 50455938 356665430 0 72627 0 0 12544000 12 0
10.53 34 ESTIMATOR 0. 0. 0. 0. 0.
10.61 34 DOWNLINK_STATUS 10 3683 225 0 463. 27.
10.65 34 COMMANDS 452,-4,-52,-352
10.65 34 NAVIGATION 0 1 0 0 38 0. 6571.9
10.65 34 ATTITUDE 0 0 -71
10.65 34 DL_VALUE 38 0.
10.86 34 FBW_STATUS 0 0 116
10.86 34 GPS 0 50455938 356665430 0 72627 0 0 12544248 12 0
10.86 34 RAD_OF_IR 6 0 0.00211
10.94 34 ACTUATORS 1497,1502,0,1237,1482
10.98 34 IR_SENSORS -900 6 1
10.98 34 NAVIGATION 0 1 0 0 38 0. 6571.9
11.06 34 WP_MOVED 3 506366. 3566262. 0.
11.06 34 GYRO_RATES -199 -162 -137 1.736603 -1.413717 -1.195551
11.06 34 GPS 0 50455938 356665430 0 72627 0 0 12544500 12 0
11.06 34 SVINFO 4 27 4 6 35 4 316
11.06 34 ESTIMATOR 0. 0. 0. 0. 0.
11.13 34 NAVIGATION 0 1 0 0 38 0. 6571.9
11.13 34 ATTITUDE 0 0 -71
11.36 34 GPS 0 50455938 356665430 0 72627 0 0 12544748 12 0
11.58 34 DESIRED 0. 0. 0. 0. 770. 0.
11.61 34 NAVIGATION 0 1 0 0 38 0. 6571.9
11.61 34 WP_MOVED 0 506408. 3566304. 800.
11.61 34 PPRZ_MODE 0 0 3 0 0 1 0
11.61 34 ESTIMATOR 0. 0. 0. 0. 0.
11.62 34 DOWNLINK_STATUS 11 4045 248 0 362. 23.
11.88 34 COMMANDS 453,-1,-53,-359
11.88 34 NAVIGATION 0 1 0 0 38 0. 6571.9
11.88 34 ATTITUDE 0 0 -71
11.88 34 DL_VALUE 39 0.067
11.88 34 FBW_STATUS 0 0 116
11.88 34 RAD_OF_IR 7 0 0.00211
11.97 34 GPS 0 50455938 356665430 0 72627 0 0 12545248 12 0
12.00 34 SVINFO 7 26 4 5 32 3 327
12.00 34 IR_SENSORS -901 7 1
12.00 34 NAVIGATION 0 1 0 0 38 0. 6571.9
12.00 34 WP_MOVED 1 506292.5 3566296.25 800.
12.00 34 GYRO_RATES -199 -164 -137 1.736603 -1.43117 -1.195551
12.08 34 ESTIMATOR 0. 0. 0. 0. 0.
12.08 34 BAT 449 116 0 0 163 0 6
12.08 34 GPS 0 50455938 356665430 0 72627 0 0 12545500 12 0
12.08 34 NAVIGATION 0 1 0 0 38 0. 6571.9
12.08 34 ATTITUDE 0 0 -71
12.08 34 CALIBRATION 0. 0.023 0.067 0
12.12 34 SERVO 9600 -9600 452
12.49 34 GPS 0 50455938 356665430 0 72627 0 0 12545748 12 0
12.49 34 SVINFO 9 16 4 3 31 -9 102
12.50 34 DESIRED 0. 0. 0. 0. 770. 0.
12.50 34 IR_DEBUG 648 639 648 639
12.50 34 NAVIGATION 0 1 0 0 38 0. 6571.9
12.50 34 WP_MOVED 2 506379.59375 3566304.75 800.
12.56 34 ESTIMATOR 0. 0. 0. 0. 0.
12.56 34 GPS 0 50455938 356665430 0 72627 0 0 12546000 12 0
12.56 34 COMMANDS 453,-4,-50,-350
12.56 34 NAVIGATION 0 1 0 0 38 0. 6571.9
12.56 34 ATTITUDE 0 0 -71
12.56 34 DL_VALUE 40 1.
12.57 34 FBW_STATUS 0 0 116
12.61 34 DOWNLINK_STATUS 12 4518 280 0 473. 32.
12.62 34 RAD_OF_IR 6 0 0.00211
12.72 34 IR_SENSORS -901 7 1
12.76 34 GPS 0 50455938 356665430 0 72627 0 0 12546248 12 0
12.76 34 SVINFO 11 18 4 2 35 -9 341
12.76 34 NAVIGATION 0 1 0 0 38 0. 6571.9
12.96 34 WP_MOVED 3 506366. 3566262. 0.
12.96 34 GYRO_RATES -199 -164 -137 1.736603 -1.43117 -1.195551
13.05 34 ESTIMATOR 0. 0. 0. 0. 0.
13.05 34 GPS 0 50455938 356665430 0 72627 0 0 12546500 12 0
13.05 34 NAVIGATION 0 1 0 0 38 0. 6571.9
13.05 34 ATTITUDE 0 0 -71
13.28 34 DESIRED 0. 0. 0. 0. 770. 0.
13.28 34 GPS 0 50455938 356665430 0 72627 0 0 12546748 12 0
13.28 34 SVINFO 13 20 4 2 33 -9 117
13.28 34 NAVIGATION 0 1 0 0 38 0. 6571.9
13.28 34 WP_MOVED 0 506408. 3566304. 800.
13.46 34 ESTIMATOR 0. 0. 0. 0. 0.
13.56 34 COMMANDS 453,-6,-50,-349
13.56 34 NAVIGATION 0 1 0 0 38 0. 6571.9
13.56 34 ATTITUDE 0 0 -71
13.56 34 DL_VALUE 41 0.
13.56 34 GPS 0 50455938 356665430 0 72627 0 0 12547000 12 0
13.56 34 FBW_STATUS 0 0 116
13.56 34 RAD_OF_IR 6 0 0.00211
13.61 34 DOWNLINK_STATUS 13 4905 304 0 387. 24.
13.62 34 IR_SENSORS -900 6 1
13.65 34 NAVIGATION 0 1 0 0 38 0. 6571.9
13.76 34 GPS 0 50455938 356665430 0 72627 0 0 12547248 12 0
13.76 34 WP_MOVED 1 506292.5 3566296.25 800.
13.76 34 GYRO_RATES -199 -164 -137 1.736603 -1.43117 -1.195551
13.96 34 ESTIMATOR 0. 0. 0. 0. 0.
13.96 34 BAT 453 116 0 0 165 0 6
14.16 34 NAVIGATION 0 1 0 0 38 0. 6571.9
14.16 34 ATTITUDE 0 0 -72
14.16 34 CALIBRATION 0. 0.023 0.067 0
14.16 34 GPS 0 50455938 356665430 0 72627 0 0 12547500 12 0
14.16 34 SERVO 9600 -9600 450
14.50 34 DESIRED 0. 0. 0. 0. 770. 0.
14.50 34 IR_DEBUG 647 639 647 639
14.50 34 NAVIGATION 0 1 0 0 38 0. 6571.9
14.50 34 WP_MOVED 2 506379.59375 3566304.75 800.
14.50 34 GPS 0 50455938 356665430 0 72627 0 0 12547748 12 0
14.56 34 COMMANDS 446,-3,-50,-342
14.56 34 NAVIGATION 0 1 0 0 38 0. 6571.9
14.56 34 ATTITUDE 0 0 -71
14.56 34 DL_VALUE 0 770.
14.56 34 GPS 0 50455938 356665430 0 72627 0 0 12548000 12 0
14.56 34 FBW_STATUS 0 0 116
14.57 34 RAD_OF_IR 6 0 0.00211
14.57 34 IR_SENSORS -900 6 1
14.61 34 DOWNLINK_STATUS 14 5295 329 0 390. 25.
14.74 34 NAVIGATION 0 1 0 0 38 0. 6571.9
14.74 34 WP_MOVED 3 506366. 3566262. 0.
14.74 34 GYRO_RATES -199 -164 -137 1.736603 -1.43117 -1.195551
14.76 34 GPS 0 50455938 356665430 0 72627 0 0 12548248 12 0
14.76 34 ESTIMATOR 0. 0. 0. 0. 0.
14.96 34 NAVIGATION 0 1 0 0 38 0. 6571.9
14.96 34 ATTITUDE 0 0 -71
15.06 34 GPS 0 50455938 356665430 0 72627 0 0 12548500 12 0
15.06 34 SVINFO 4 27 4 6 34 4 316
15.06 34 DESIRED 0. 0. 0. 0. 770. 0.
15.06 34 NAVIGATION 0 1 0 0 38 0. 6571.9
15.14 34 WP_MOVED 0 506408. 3566304. 800.
15.26 34 ESTIMATOR 0. 0. 0. 0. 0.
15.26 34 GPS 0 50455938 356665430 0 72627 0 0 12548748 12 0
15.47 34 COMMANDS 450,-6,-52,-337
15.47 34 NAVIGATION 0 1 0 0 38 0. 6571.9
15.47 34 ATTITUDE 0 0 -71
15.47 34 DL_VALUE 1 1.
15.59 34 FBW_STATUS 0 0 115
15.59 34 RAD_OF_IR 6 0 0.00211
15.59 34 GPS 0 50455938 356665430 0 72627 0 0 12549000 12 0
15.59 34 SVINFO 6 25 12 4 32 15 134
15.59 34 ACTUATORS 1498,1502,0,1237,1482
15.59 34 IR_SENSORS -900 5 1
15.59 34 NAVIGATION 0 1 0 0 38 0. 6571.9
15.61 34 DOWNLINK_STATUS 15 5703 354 0 408. 25.
15.63 34 WP_MOVED 1 506292.5 3566296.25 800.
15.63 34 GYRO_RATES -199 -164 -137 1.736603 -1.43117 -1.195551
16.00 34 ESTIMATOR 0. 0. 0. 0. 0.
16.00 34 BAT 452 116 0 0 167 0 6
16.00 34 GPS 0 50455938 356665430 0 72627 0 0 12549248 12 0
16.00 34 SVINFO 7 26 4 6 33 3 327
16.00 34 NAVIGATION 0 1 0 0 38 0. 6571.9
16.00 34 ATTITUDE 0 0 -71
16.00 34 CALIBRATION 0. 0.023 0.067 0
16.42 34 GPS 0 50455938 356665430 0 72627 0 0 12549500 12 0
16.43 34 SVINFO 8 19 12 3 32 -2 40
16.43 34 DESIRED 0. 0. 0. 0. 770. 0.
16.43 34 IR_DEBUG 648 638 648 638
16.43 34 NAVIGATION 0 1 0 0 38 0. 6571.9
16.43 34 WP_MOVED 2 506379.59375 3566304.75 800.
16.48 34 PPRZ_MODE 0 0 3 0 0 1 0
16.48 34 ESTIMATOR 0. 0. 0. 0. 0.
16.48 34 GPS 0 50455938 356665430 0 72627 0 0 12549748 12 0
16.48 34 COMMANDS 453,-6,-52,-352
16.48 34 NAVIGATION 0 1 0 0 38 0. 6571.9
16.48 34 ATTITUDE 0 0 -71
16.48 34 DL_VALUE 2 0.
16.48 34 FBW_STATUS 0 0 116
16.58 34 IR_SENSORS -902 6 1
16.58 34 NAVIGATION 0 1 0 0 38 0. 6571.9
16.58 34 GPS 0 50455938 356665430 0 72627 0 0 12550000 12 0
16.58 34 WP_MOVED 3 506366. 3566262. 0.
16.58 34 GYRO_RATES -199 -163 -137 1.736603 -1.422443 -1.195551
16.61 34 DOWNLINK_STATUS 16 6153 382 0 450. 28.
16.63 34 ESTIMATOR 0. 0. 0. 0. 0.
16.78 34 NAVIGATION 0 1 0 0 38 0. 6571.9
16.78 34 ATTITUDE 0 0 -71
16.78 34 GPS 0 50455938 356665430 0 72627 0 0 12550248 12 0
16.95 34 DESIRED 0. 0. 0. 0. 770. 0.
16.96 34 NAVIGATION 0 1 0 0 38 0. 6571.9
17.04 34 GPS 0 50455938 356665430 0 72627 0 0 12550500 12 0
17.04 34 WP_MOVED 0 506408. 3566304. 800.
17.27 34 ESTIMATOR 0. 0. 0. 0. 0.
17.37 34 COMMANDS 451,-20,-69,-350
17.37 34 NAVIGATION 0 1 0 0 38 0. 6571.9
17.37 34 ATTITUDE 0 0 -71
17.37 34 DL_VALUE 3 0.
17.37 34 GPS 0 50455938 356665430 0 72627 0 0 12550748 12 0
17.37 34 SVINFO 13 20 4 2 34 -9 117
17.37 34 FBW_STATUS 0 0 116
17.38 34 RAD_OF_IR 6 0 0.00211
17.38 34 NAVIGATION_REF 506366 3566262 12
17.38 34 IR_SENSORS -900 6 1
17.44 34 NAVIGATION 0 1 0 0 38 0. 6571.9
17.55 34 WP_MOVED 1 506292.5 3566296.25 800.
17.55 34 GYRO_RATES -199 -163 -137 1.736603 -1.422443 -1.195551
17.55 34 GPS 0 50455938 356665430 0 72627 0 0 12551000 12 0
17.61 34 DOWNLINK_STATUS 17 6531 405 0 378. 23.
17.76 34 ESTIMATOR 0. 0. 0. 0. 0.
17.76 34 BAT 452 116 0 0 169 0 6
17.98 34 NAVIGATION 0 1 0 0 38 0. 6571.9
17.98 34 ATTITUDE 0 0 -71
17.98 34 CALIBRATION 0. 0.023 0.067 0
17.98 34 GPS 0 50455938 356665430 0 72627 0 0 12551248 12 0
17.98 34 SERVO 9600 -9600 451
17.98 34 DESIRED 0. 0. 0. 0. 770. 0.
17.98 34 IR_DEBUG 648 639 648 639
18.28 34 WP_MOVED 2 506379.59375 3566304.75 800.
18.28 34 GPS 0 50455938 356665430 0 72627 0 0 12551500 12 0
18.28 34 ESTIMATOR 0. 0. 0. 0. 0.
18.36 34 COMMANDS 452,-10,-52,-367
18.36 34 NAVIGATION 0 1 0 0 38 0. 6571.9
18.36 34 ATTITUDE 0 0 -71
18.36 34 DL_VALUE 4 0.
18.36 34 FBW_STATUS 0 0 116
18.36 34 GPS 0 50455938 356665430 0 72627 0 0 12551748 12 0
18.37 34 RAD_OF_IR 6 0 0.00211
18.37 34 IR_SENSORS -900 6 1
18.37 34 NAVIGATION 0 1 0 0 38 0. 6571.9
18.44 34 WP_MOVED 3 506366. 3566262. 0.
18.47 34 GYRO_RATES -199 -162 -137 1.736603 -1.413717 -1.195551
18.55 34 GPS 0 50455938 356665430 0 72627 0 0 12552000 12 0
18.55 34 SVINFO 2 28 4 4 33 60 355
18.55 34 ESTIMATOR 0. 0. 0. 0. 0.
18.62 34 DOWNLINK_STATUS 18 6949 431 0 418. 26.
18.76 34 NAVIGATION 0 1 0 0 38 0. 6571.9
18.76 34 ATTITUDE 0 0 -71
18.88 34 GPS 0 50455938 356665430 0 72627 0 0 12552248 12 0
18.88 34 DESIRED 0. 0. 0. 0. 770. 0.
18.88 34 NAVIGATION 0 1 0 0 38 0. 6571.9
18.88 34 WP_MOVED 0 506408. 3566304. 800.
19.39 34 ESTIMATOR 0. 0. 0. 0. 0.
19.43 34 GPS 0 50455938 356665430 0 72627 0 0 12552500 12 0
19.43 34 COMMANDS 457,-6,-40,-352
19.43 34 NAVIGATION 0 1 0 0 38 0. 6571.9
19.44 34 ATTITUDE 0 0 -71
19.44 34 DL_VALUE 5 0.
19.48 34 FBW_STATUS 0 0 116
19.53 34 RAD_OF_IR 6 0 0.00211
19.53 34 GPS 0 50455938 356665430 0 72627 0 0 12552748 12 0
19.53 34 IR_SENSORS -900 6 1
19.53 34 NAVIGATION 0 1 0 0 38 0. 6571.9
19.53 34 WP_MOVED 1 506292.5 3566296.25 800.
19.53 34 GYRO_RATES -199 -164 -137 1.736603 -1.43117 -1.195551
19.53 34 ESTIMATOR 0. 0. 0. 0. 0.
19.53 34 BAT 449 116 0 0 171 0 6
19.58 34 GPS 0 50455938 356665430 0 72627 0 0 12553000 12 0
19.58 34 SVINFO 6 25 12 4 31 15 134
19.58 34 NAVIGATION 0 1 0 0 38 0. 6571.9
19.58 34 ATTITUDE 0 0 -71
19.58 34 CALIBRATION 0. 0.023 0.067 0
19.63 34 DOWNLINK_STATUS 19 7371 457 0 422. 26.
19.85 34 SERVO 9600 -9600 450
19.99 34 GPS 0 50455938 356665430 0 72627 0 0 12553248 12 0
20.00 34 SVINFO 7 26 4 6 34 3 327
20.00 34 DESIRED 0. 0. 0. 0. 770. 0.
20.00 34 IR_DEBUG 647 638 647 638
20.00 34 NAVIGATION 0 1 0 0 38 0. 6571.9
20.00 34 WP_MOVED 2 506379.59375 3566304.75 800.
20.09 34 ESTIMATOR 0. 0. 0. 0. 0.
20.09 34 GPS 0 50455938 356665430 0 72627 0 0 12553500 12 0
20.09 34 SVINFO 8 19 12 2 33 -2 40
20.09 34 COMMANDS 452,-6,-50,-354
20.09 34 NAVIGATION 0 1 0 0 38 0. 6571.9
20.09 34 ATTITUDE 0 0 -71
20.09 34 DL_VALUE 6 0.
20.09 34 FBW_STATUS 0 0 115
20.12 34 RAD_OF_IR 6 0 0.00211
20.38 34 ACTUATORS 1497,1502,0,1237,1482
20.38 34 IR_SENSORS -900 6 1
20.38 34 GPS 0 50455938 356665430 0 72627 0 0 12553748 12 0
20.38 34 SVINFO 9 16 4 2 34 -9 102
20.38 34 NAVIGATION 0 1 0 0 38 0. 6571.9
20.57 34 WP_MOVED 3 506366. 3566262. 0.
20.61 34 GYRO_RATES -199 -164 -137 1.736603 -1.43117 -1.195551
20.61 34 ESTIMATOR 0. 0. 0. 0. 0.
20.65 34 DOWNLINK_STATUS 20 7736 481 0 365. 24.
20.66 34 GPS 0 50455938 356665430 0 72627 0 0 12554000 12 0
20.66 34 NAVIGATION 0 1 0 0 38 0. 6571.9
20.66 34 ATTITUDE 0 0 -71
20.68 34 DESIRED 0. 0. 0. 0. 770. 0.
20.87 34 NAVIGATION 0 1 0 0 38 0. 6571.9
20.87 34 GPS 0 50455938 356665430 0 72627 0 0 12554248 12 0
20.87 34 SVINFO 11 18 4 2 32 -9 341
20.87 34 WP_MOVED 0 506408. 3566304. 800.
20.87 34 PPRZ_MODE 0 0 3 0 0 1 0
20.88 34 ESTIMATOR 0. 0. 0. 0. 0.
21.06 34 COMMANDS 451,-4,-50,-352
21.06 34 NAVIGATION 0 1 0 0 38 0. 6571.9
21.06 34 ATTITUDE 0 0 -71
21.06 34 DL_VALUE 7 0.
21.06 34 GPS 0 50455938 356665430 0 72627 0 0 12554500 12 0
21.06 34 FBW_STATUS 0 0 116
21.06 34 RAD_OF_IR 5 0 0.00211
21.26 34 IR_SENSORS -900 7 1
21.26 34 NAVIGATION 0 1 0 0 38 0. 6571.9
21.50 34 GPS 0 50455938 356665430 0 72627 0 0 12554748 12 0
21.50 34 SVINFO 13 20 4 2 34 -9 117
21.50 34 WP_MOVED 1 506292.5 3566296.25 800.
21.50 34 GYRO_RATES -199 -164 -137 1.736603 -1.43117 -1.195551
21.57 34 ESTIMATOR 0. 0. 0. 0. 0.
21.57 34 BAT 448 116 0 0 173 0 7
21.57 34 NAVIGATION 0 1 0 0 38 0. 6571.9
21.57 34 ATTITUDE 0 0 -71
21.57 34 CALIBRATION 0. 0.023 0.067 0
21.57 34 GPS 0 50455938 356665430 0 72627 0 0 12555000 12 0
21.57 34 SERVO 9600 -9600 448
21.63 34 DOWNLINK_STATUS 21 8212 511 0 476. 30.
21.89 34 DESIRED 0. 0. 0. 0. 770. 0.
21.89 34 IR_DEBUG 646 639 646 639
21.89 34 NAVIGATION 0 1 0 0 38 0. 6571.9
21.89 34 WP_MOVED 2 506379.59375 3566304.75 800.
21.89 34 GPS 0 50455938 356665430 0 72627 0 0 12555248 12 0
21.96 34 ESTIMATOR 0. 0. 0. 0. 0.
22.00 34 COMMANDS 453,-4,-52,-352
22.00 34 NAVIGATION 0 1 0 0 38 0. 6571.9
22.00 34 ATTITUDE 0 0 -71
22.00 34 DL_VALUE 8 1.
22.00 34 FBW_STATUS 0 0 116
22.16 34 RAD_OF_IR 5 0 0.00211
22.16 34 GPS 0 50455938 356665430 0 72627 0 0 12555500 12 0
22.25 34 IR_SENSORS -900 5 1
22.25 34 NAVIGATION 0 1 0 0 38 0. 6571.9
22.25 34 WP_MOVED 3 506366. 3566262. 0.
22.25 34 GYRO_RATES -199 -164 -138 1.736603 -1.43117 -1.204277
22.46 34 GPS 0 50455938 356665430 0 72627 0 0 12555748 12 0
22.46 34 ESTIMATOR 0. 0. 0. 0. 0.
22.46 34 NAVIGATION 0 1 0 0 38 0. 6571.9
22.46 34 ATTITUDE 0 0 -71
22.63 34 DOWNLINK_STATUS 22 8552 532 0 340. 21.
22.66 34 GPS 0 50455938 356665430 0 72627 0 0 12556000 12 0
22.66 34 SVINFO 2 28 4 6 32 60 355
22.75 34 DESIRED 0. 0. 0. 0. 770. 0.
22.75 34 NAVIGATION 0 1 0 0 38 0. 6571.9
22.75 34 WP_MOVED 0 506408. 3566304. 800.
22.76 34 GPS 0 50455938 356665430 0 72627 0 0 12556248 12 0
22.76 34 ESTIMATOR 0. 0. 0. 0. 0.
22.96 34 COMMANDS 451,-6,-55,-347
22.96 34 NAVIGATION 0 1 0 0 38 0. 6571.9
22.96 34 ATTITUDE 0 0 -71
22.96 34 DL_VALUE 9 -61.099998
22.96 34 FBW_STATUS 0 0 116
23.18 34 RAD_OF_IR 6 0 0.00211
23.18 34 GPS 0 50455938 356665430 0 72627 0 0 12556500 12 0
23.18 34 SVINFO 4 27 4 3 31 5 316
23.18 34 IR_SENSORS -900 7 1
23.18 34 NAVIGATION 0 1 0 0 38 0. 6571.9
23.27 34 WP_MOVED 1 506292.5 3566296.25 800.
23.27 34 GYRO_RATES -199 -163 -138 1.736603 -1.422443 -1.204277
23.27 34 ESTIMATOR 0. 0. 0. 0. 0.
23.27 34 BAT 452 116 0 0 175 0 7
23.27 34 GPS 0 50455938 356665430 0 72627 0 0 12556748 12 0
23.34 34 NAVIGATION 0 1 0 0 38 0. 6571.9
23.34 34 ATTITUDE 0 0 -71
23.34 34 CALIBRATION 0. 0.023 0.067 0
23.35 34 SERVO 9600 -9600 451
23.63 34 DOWNLINK_STATUS 23 8966 558 0 414. 26.
23.80 34 GPS 0 50455938 356665430 0 72627 0 0 12557000 12 0
23.80 34 SVINFO 6 25 12 4 31 15 134
23.80 34 DESIRED 0. 0. 0. 0. 770. 0.
23.80 34 IR_DEBUG 648 639 648 639
23.80 34 NAVIGATION 0 1 0 0 38 0. 6571.9
23.80 34 WP_MOVED 2 506379.59375 3566304.75 800.
23.98 34 ESTIMATOR 0. 0. 0. 0. 0.
23.98 34 GPS 0 50455938 356665430 0 72627 0 0 12557248 12 0
23.98 34 SVINFO 7 26 4 6 33 3 327
23.98 34 COMMANDS 451,-7,-53,-350
23.98 34 NAVIGATION 0 1 0 0 38 0. 6571.9
23.98 34 ATTITUDE 0 0 -71
23.98 34 DL_VALUE 10 0.
23.98 34 FBW_STATUS 0 0 116
24.29 34 IR_SENSORS -900 6 1
24.29 34 GPS 0 50455938 356665430 0 72627 0 0 12557500 12 0
24.30 34 SVINFO 8 19 12 2 32 -2 40
24.30 34 NAVIGATION 0 1 0 0 38 0. 6571.9
24.30 34 WP_MOVED 3 506366. 3566262. 0.
24.30 34 GYRO_RATES -199 -163 -137 1.736603 -1.422443 -1.195551
24.49 34 ESTIMATOR 0. 0. 0. 0. 0.
24.49 34 GPS 0 50455938 356665430 0 72627 0 0 12557748 12 0
24.49 34 SVINFO 9 16 4 2 34 -9 102
24.49 34 NAVIGATION 0 1 0 0 38 0. 6571.9
24.49 34 ATTITUDE 0 0 -71
24.51 34 DESIRED 0. 0. 0. 0. 770. 0.
24.51 34 NAVIGATION 0 1 0 0 38 0. 6571.9
24.51 34 GPS 0 50455938 356665430 0 72627 0 0 12558000 12 0
24.52 34 WP_MOVED 0 506408. 3566304. 800.
24.63 34 DOWNLINK_STATUS 24 9449 587 0 483. 29.
24.75 34 ESTIMATOR 0. 0. 0. 0. 0.
24.86 34 COMMANDS 451,-9,-52,-352
24.86 34 NAVIGATION 0 1 0 0 38 0. 6571.9
24.86 34 ATTITUDE 0 0 -71
24.86 34 DL_VALUE 11 1.
24.86 34 GPS 0 50455938 356665430 0 72627 0 0 12558248 12 0
24.86 34 FBW_STATUS 0 0 116
24.86 34 RAD_OF_IR 6 0 0.00211
24.87 34 ACTUATORS 1498,1502,0,1237,1482
24.87 34 IR_SENSORS -900 5 1
25.06 34 NAVIGATION 0 1 0 0 38 0. 6571.9
25.06 34 GPS 0 50455938 356665430 0 72627 0 0 12558500 12 0
25.06 34 WP_MOVED 1 506292.5 3566296.25 800.
25.06 34 GYRO_RATES -198 -163 -137 1.727876 -1.422443 -1.195551
25.26 34 ESTIMATOR 0. 0. 0. 0. 0.
25.26 34 BAT 450 115 0 0 177 0 7
25.36 34 NAVIGATION 0 1 0 0 38 0. 6571.9
25.36 34 ATTITUDE 0 0 -71
25.36 34 CALIBRATION 0. 0.023 0.067 0
25.36 34 GPS 0 50455938 356665430 0 72627 0 0 12558748 12 0
25.36 34 SERVO 9600 -9600 453
25.57 34 DESIRED 0. 0. 0. 0. 770. 0.
25.57 34 IR_DEBUG 648 639 648 639
25.57 34 NAVIGATION 0 1 0 0 38 0. 6571.9
25.57 34 WP_MOVED 2 506379.59375 3566304.75 800.
25.57 34 PPRZ_MODE 0 0 3 0 0 1 0
25.57 34 GPS 0 50455938 356665430 0 72627 0 0 12559000 12 0
25.63 34 DOWNLINK_STATUS 25 9875 614 0 426. 27.
25.90 34 ESTIMATOR 0. 0. 0. 0. 0.
25.90 34 COMMANDS 451,-7,-53,-362
25.90 34 NAVIGATION 0 1 0 0 38 0. 6571.9
25.90 34 ATTITUDE 0 0 -71
25.90 34 DL_VALUE 12 0.
25.90 34 GPS 0 50455938 356665430 0 72627 0 0 12559248 12 0
25.90 34 FBW_STATUS 0 0 116
25.90 34 RAD_OF_IR 7 0 0.00211
25.94 34 IR_SENSORS -900 5 1
25.98 34 NAVIGATION 0 1 0 0 38 0. 6571.9
26.17 34 WP_MOVED 3 506366. 3566262. 0.
26.17 34 GYRO_RATES -199 -163 -137 1.736603 -1.422443 -1.195551
26.17 34 GPS 0 50455938 356665430 0 72627 0 0 12559500 12 0
26.17 34 ESTIMATOR 0. 0. 0. 0. 0.
26.17 34 NAVIGATION 0 1 0 0 38 0. 6571.9
26.17 34 ATTITUDE 0 0 -71
26.23 34 GPS 0 50455938 356665430 0 72627 0 0 12559748 12 0
26.34 34 DESIRED 0. 0. 0. 0. 770. 0.
26.34 34 NAVIGATION 0 1 0 0 38 0. 6571.9
26.36 34 WP_MOVED 0 506408. 3566304. 800.
26.63 34 DOWNLINK_STATUS 26 10205 634 0 330. 20.
26.67 34 GPS 0 50455938 356665430 0 72627 0 0 12560000 12 0
26.67 34 ESTIMATOR 0. 0. 0. 0. 0.
26.77 34 COMMANDS 453,-6,-53,-354
26.77 34 NAVIGATION 0 1 0 0 38 0. 6571.9
26.77 34 ATTITUDE 0 0 -71
26.77 34 DL_VALUE 13 517.
26.77 34 FBW_STATUS 0 0 116
26.77 34 RAD_OF_IR 6 0 0.00211
26.77 34 GPS 0 50455938 356665430 0 72627 0 0 12560248 12 0
26.77 34 IR_SENSORS -902 6 1
26.83 34 NAVIGATION 0 1 0 0 38 0. 6571.9
27.17 34 WP_MOVED 1 506292.5 3566296.25 800.
27.17 34 GYRO_RATES -199 -164 -137 1.736603 -1.43117 -1.195551
27.17 34 ESTIMATOR 0. 0. 0. 0. 0.
27.17 34 BAT 452 116 0 0 179 0 7
27.17 34 GPS 0 50455938 356665430 0 72627 0 0 12560500 12 0
27.17 34 NAVIGATION 0 1 0 0 38 0. 6571.9
27.18 34 ATTITUDE 0 0 -71
27.18 34 CALIBRATION 0. 0.023 0.067 0
27.18 34 SERVO 9600 -9600 452
27.29 34 GPS 0 50455938 356665430 0 72627 0 0 12560748 12 0
27.29 34 DESIRED 0. 0. 0. 0. 770. 0.
27.29 34 IR_DEBUG 647 638 647 638
27.29 34 NAVIGATION 0 1 0 0 38 0. 6571.9
27.32 34 WP_MOVED 2 506379.59375 3566304.75 800.
27.57 34 ESTIMATOR 0. 0. 0. 0. 0.
27.57 34 GPS 0 50455938 356665430 0 72627 0 0 12561000 12 0
27.63 34 DOWNLINK_STATUS 27 10658 661 0 453. 27.
27.65 34 COMMANDS 452,3,-50,-352
27.65 34 NAVIGATION 0 1 0 0 38 0. 6571.9
27.65 34 ATTITUDE 0 0 -71
27.65 34 DL_VALUE 14 482.
27.65 34 FBW_STATUS 0 0 115
27.65 34 RAD_OF_IR 6 0 0.00211
27.85 34 IR_SENSORS -902 6 1
28.09 34 GPS 0 50455938 356665430 0 72627 0 0 12561248 12 0
28.09 34 NAVIGATION 0 1 0 0 38 0. 6571.9
28.09 34 WP_MOVED 3 506366. 3566262. 0.
28.09 34 GYRO_RATES -199 -163 -137 1.736603 -1.422443 -1.195551
28.09 34 ESTIMATOR 0. 0. 0. 0. 0.
28.27 34 GPS 0 50455938 356665430 0 72627 0 0 12561500 12 0
28.27 34 NAVIGATION 0 1 0 0 38 0. 6571.9
28.27 34 ATTITUDE 0 0 -71
28.36 34 DESIRED 0. 0. 0. 0. 770. 0.
28.36 34 NAVIGATION 0 1 0 0 38 0. 6571.9
28.36 34 GPS 0 50455938 356665430 0 72627 0 0 12561748 12 0
28.36 34 WP_MOVED 0 506408. 3566304. 800.
28.63 34 DOWNLINK_STATUS 28 10966 680 0 308. 19.
28.67 34 ESTIMATOR 0. 0. 0. 0. 0.
28.68 34 COMMANDS 453,-6,-47,-352
28.68 34 NAVIGATION 0 1 0 0 38 0. 6571.9
28.68 34 ATTITUDE 0 0 -71
28.68 34 DL_VALUE 15 455.
28.68 34 GPS 0 50455938 356665430 0 72627 0 0 12562000 12 0
28.68 34 FBW_STATUS 0 0 116
28.68 34 RAD_OF_IR 5 0 0.00211
28.68 34 IR_SENSORS -901 7 1
28.68 34 NAVIGATION 0 1 0 0 38 0. 6571.9
28.78 34 GPS 0 50455938 356665430 0 72627 0 0 12562248 12 0
28.78 34 WP_MOVED 1 506292.5 3566296.25 800.
28.78 34 GYRO_RATES -198 -163 -136 1.727876 -1.422443 -1.186824
28.99 34 ESTIMATOR 0. 0. 0. 0. 0.
28.99 34 BAT 446 116 0 0 181 0 7
29.18 34 NAVIGATION 0 1 0 0 38 0. 6571.9
29.18 34 ATTITUDE 0 0 -71
29.18 34 CALIBRATION 0. 0.023 0.067 0
29.18 34 GPS 0 50455938 356665430 0 72627 0 0 12562500 12 0
29.27 34 SERVO 9600 -9600 448
29.27 34 DESIRED 0. 0. 0. 0. 770. 0.
29.27 34 IR_DEBUG 647 638 647 638
29.27 34 NAVIGATION 0 1 0 0 38 0. 6571.9
29.27 34 WP_MOVED 2 506379.59375 3566304.75 800.
29.27 34 GPS 0 50455938 356665430 0 72627 0 0 12562748 12 0
29.58 34 ESTIMATOR 0. 0. 0. 0. 0.
29.58 34 COMMANDS 451,-3,-47,-352
29.58 34 NAVIGATION 0 1 0 0 38 0. 6571.9
29.58 34 ATTITUDE 0 0 -71
29.58 34 DL_VALUE 16 7500.
29.58 34 FBW_STATUS 0 0 115
29.58 34 GPS 0 50455938 356665430 0 72627 0 0 12563000 12 0
29.58 34 RAD_OF_IR 7 0 0.00211
29.58 34 ACTUATORS 1497,1502,0,1237,1482
29.58 34 IR_SENSORS -900 5 1
29.63 34 DOWNLINK_STATUS 29 11499 715 0 533. 35.
29.87 34 NAVIGATION 0 1 0 0 38 0. 6571.9
29.87 34 WP_MOVED 3 506366. 3566262. 0.
29.87 34 GYRO_RATES -199 -164 -137 1.736603 -1.43117 -1.195551
29.97 34 GPS 0 50455938 356665430 0 72627 0 0 12563248 12 0
29.97 34 ESTIMATOR 0. 0. 0. 0. 0.
29.97 34 NAVIGATION 0 1 0 0 38 0. 6571.9
29.97 34 ATTITUDE 0 0 -72
30.28 34 GPS 0 50455938 356665430 0 72627 0 0 12563500 12 0
30.28 34 DESIRED 0. 0. 0. 0. 770. 0.
30.28 34 NAVIGATION 0 1 0 0 38 0. 6571.9
30.37 34 WP_MOVED 0 506408. 3566304. 800.
30.37 34 PPRZ_MODE 0 0 3 0 0 1 0
30.37 34 GPS 0 50455938 356665430 0 72627 0 0 12563748 12 0
30.37 34 ESTIMATOR 0. 0. 0. 0. 0.
30.37 34 COMMANDS 452,-7,-52,-340
30.38 34 NAVIGATION 0 1 0 0 38 0. 6571.9
30.38 34 ATTITUDE 0 0 -71
30.56 34 FBW_STATUS 0 0 116
30.56 34 RAD_OF_IR 6 0 0.00211
30.56 34 GPS 0 50455938 356665430 0 72627 0 0 12564000 12 0
30.56 34 SVINFO 2 28 4 3 33 60 355
30.56 34 IR_SENSORS -902 6 1
30.56 34 NAVIGATION 0 1 0 0 38 0. 6571.9
30.63 34 DOWNLINK_STATUS 30 11886 738 0 387. 23.
30.77 34 WP_MOVED 1 506292.5 3566296.25 800.
30.77 34 GYRO_RATES -199 -163 -137 1.736603 -1.422443 -1.195551
30.77 34 ESTIMATOR 0. 0. 0. 0. 0.
30.77 34 BAT 452 116 0 0 183 0 7
30.77 34 GPS 0 50455938 356665430 0 72627 0 0 12564248 12 0
30.84 34 NAVIGATION 0 1 0 0 38 0. 6571.9
30.84 34 ATTITUDE 0 0 -71
30.84 34 CALIBRATION 0. 0.023 0.067 0
30.85 34 SERVO 9600 -9600 453
31.19 34 GPS 0 50455938 356665430 0 72627 0 0 12564500 12 0
31.19 34 SVINFO 4 27 4 4 33 5 316
31.19 34 DESIRED 0. 0. 0. 0. 770. 0.
31.19 34 IR_DEBUG 647 638 647 638
31.19 34 NAVIGATION 0 1 0 0 38 0. 6571.9
31.60 34 WP_MOVED 2 506379.59375 3566304.75 800.
31.60 34 ESTIMATOR 0. 0. 0. 0. 0.
31.60 34 GPS 0 50455938 356665430 0 72627 0 0 12564748 12 0
31.60 34 COMMANDS 449,-4,-56,-350
31.60 34 NAVIGATION 0 1 0 0 38 0. 6571.9
31.60 34 ATTITUDE 0 0 -71
31.60 34 DL_VALUE 18 10000.
31.63 34 DOWNLINK_STATUS 31 12232 759 0 346. 21.
31.67 34 RAD_OF_IR 7 0 0.00211
31.67 34 IR_SENSORS -900 5 1
31.67 34 GPS 0 50455938 356665430 0 72627 0 0 12565000 12 0
31.67 34 NAVIGATION 0 1 0 0 38 0. 6571.9
31.67 34 WP_MOVED 3 506366. 3566262. 0.
31.67 34 GYRO_RATES -198 -163 -136 1.727876 -1.422443 -1.186824
31.67 34 ESTIMATOR 0. 0. 0. 0. 0.
31.75 34 NAVIGATION 0 1 0 0 38 0. 6571.9
31.75 34 GPS 0 50455938 356665430 0 72627 0 0 12565248 12 0
31.75 34 ATTITUDE 0 0 -71
32.07 34 DESIRED 0. 0. 0. 0. 770. 0.
32.07 34 NAVIGATION 0 1 0 0 38 0. 6571.9
32.15 34 GPS 0 50455938 356665430 0 72627 0 0 12565500 12 0
32.15 34 WP_MOVED 0 506408. 3566304. 800.
32.15 34 ESTIMATOR 0. 0. 0. 0. 0.
32.25 34 COMMANDS 451,-7,-52,-350
32.25 34 NAVIGATION 0 1 0 0 38 0. 6571.9
32.25 34 ATTITUDE 0 0 -71
32.25 34 DL_VALUE 19 3000.
32.25 34 GPS 0 50455938 356665430 0 72627 0 0 12565748 12 0
32.35 34 FBW_STATUS 0 0 115
32.36 34 RAD_OF_IR 6 0 0.00211
32.36 34 IR_SENSORS -900 5 1
32.55 34 NAVIGATION 0 1 0 0 38 0. 6571.9
32.63 34 DOWNLINK_STATUS 32 12625 783 0 393. 24.
32.67 34 GPS 0 50455938 356665430 0 72627 0 0 12566000 12 0
32.67 34 WP_MOVED 1 506292.5 3566296.25 800.
32.67 34 GYRO_RATES -199 -163 -137 1.736603 -1.422443 -1.195551
32.67 34 ESTIMATOR 0. 0. 0. 0. 0.
32.67 34 BAT 453 116 0 0 185 0 7
32.68 34 NAVIGATION 0 1 0 0 38 0. 6571.9
32.68 34 ATTITUDE 0 0 -71
32.68 34 CALIBRATION 0. 0.023 0.067 0
32.75 34 GPS 0 50455938 356665430 0 72627 0 0 12566248 12 0
32.75 34 SVINFO 11 18 4 3 31 -9 340
32.75 34 SERVO 9600 -9600 452
33.08 34 DESIRED 0. 0. 0. 0. 770. 0.
33.08 34 IR_DEBUG 647 638 647 638
33.08 34 NAVIGATION 0 1 0 0 38 0. 6571.9
33.08 34 WP_MOVED 2 506379.59375 3566304.75 800.
33.14 34 GPS 0 50455938 356665430 0 72627 0 0 12566500 12 0
33.14 34 ESTIMATOR 0. 0. 0. 0. 0.
33.16 34 COMMANDS 452,-3,-50,-352
33.16 34 NAVIGATION 0 1 0 0 38 0. 6571.9
33.16 34 ATTITUDE 0 0 -71
33.16 34 DL_VALUE 20 20000.
33.24 34 FBW_STATUS 0 0 116
33.24 34 GPS 0 50455938 356665430 0 72627 0 0 12566748 12 0
33.24 34 RAD_OF_IR 6 0 0.00211
33.37 34 IR_SENSORS -900 6 1
33.37 34 NAVIGATION 0 1 0 0 38 0. 6571.9
33.56 34 WP_MOVED 3 506366. 3566262. 0.
33.56 34 GYRO_RATES -199 -162 -137 1.736603 -1.413717 -1.195551
33.63 34 DOWNLINK_STATUS 33 13074 811 0 449. 28.
33.66 34 GPS 0 50455938 356665430 0 72627 0 0 12567000 12 0
33.66 34 ESTIMATOR 0. 0. 0. 0. 0.
33.66 34 NAVIGATION 0 1 0 0 38 0. 6571.9
33.66 34 ATTITUDE 0 0 -71
33.73 34 GPS 0 50455938 356665430 0 72627 0 0 12567248 12 0
34.07 34 DESIRED 0. 0. 0. 0. 770. 0.
34.07 34 NAVIGATION 0 1 0 0 38 0. 6571.9
34.07 34 WP_MOVED 0 506408. 3566304. 800.
34.16 34 GPS 0 50455938 356665430 0 72627 0 0 12567500 12 0
34.16 34 ESTIMATOR 0. 0. 0. 0. 0.
34.16 34 COMMANDS 453,-6,-52,-355
34.16 34 NAVIGATION 0 1 0 0 38 0. 6571.9
34.17 34 ATTITUDE 0 0 -71
34.17 34 DL_VALUE 21 17500.
34.17 34 FBW_STATUS 0 0 116
34.17 34 RAD_OF_IR 6 0 0.00211
34.17 34 NAVIGATION_REF 506366 3566262 12
34.26 34 GPS 0 50455938 356665430 0 72627 0 0 12567748 12 0
34.26 34 ACTUATORS 1498,1502,0,1237,1482
34.26 34 IR_SENSORS -901 7 1
34.57 34 NAVIGATION 0 1 0 0 38 0. 6571.9
34.57 34 WP_MOVED 1 506292.5 3566296.25 800.
34.57 34 GYRO_RATES -199 -164 -137 1.736603 -1.43117 -1.195551
34.63 34 DOWNLINK_STATUS 34 13455 834 0 381. 23.
34.67 34 ESTIMATOR 0. 0. 0. 0. 0.
34.67 34 BAT 448 116 0 0 187 0 7
34.67 34 GPS 0 50455938 356665430 0 72627 0 0 12568000 12 0
34.67 34 NAVIGATION 0 1 0 0 38 0. 6571.9
34.67 34 ATTITUDE 0 0 -71
34.67 34 CALIBRATION 0. 0.023 0.067 0
34.67 34 SERVO 9600 -9600 445
34.87 34 DESIRED 0. 0. 0. 0. 770. 0.
34.87 34 IR_DEBUG 647 638 647 638
34.87 34 GPS 0 50455938 356665430 0 72627 0 0 12568248 12 0
34.87 34 NAVIGATION 0 1 0 0 38 0. 6571.9
34.87 34 WP_MOVED 2 506379.59375 3566304.75 800.
34.87 34 PPRZ_MODE 0 0 3 0 0 1 0
35.05 34 ESTIMATOR 0. 0. 0. 0. 0.
35.16 34 GPS 0 50455938 356665430 0 72627 0 0 12568500 12 0
35.16 34 COMMANDS 452,-6,-52,-354
35.16 34 NAVIGATION 0 1 0 0 38 0. 6571.9
35.16 34 ATTITUDE 0 0 -71
35.16 34 DL_VALUE 22 20000.
35.16 34 FBW_STATUS 0 0 116
35.16 34 RAD_OF_IR 6 0 0.00211
35.22 34 IR_SENSORS -901 5 1
35.25 34 GPS 0 50455938 356665430 0 72627 0 0 12568748 12 0
35.25 34 NAVIGATION 0 1 0 0 38 0. 6571.9
35.33 34 WP_MOVED 3 506366. 3566262. 0.
35.33 34 GYRO_RATES -199 -163 -137 1.736603 -1.422443 -1.195551
35.55 34 ESTIMATOR 0. 0. 0. 0. 0.
35.58 34 NAVIGATION 0 1 0 0 38 0. 6571.9
35.58 34 ATTITUDE 0 0 -71
35.58 34 GPS 0 50455938 356665430 0 72627 0 0 12569000 12 0
35.63 34 DOWNLINK_STATUS 35 13943 864 0 488. 30.
35.66 34 DESIRED 0. 0. 0. 0. 770. 0.
35.76 34 NAVIGATION 0 1 0 0 38 0. 6571.9
35.76 34 GPS 0 50455938 356665430 0 72627 0 0 12569248 12 0
35.76 34 WP_MOVED 0 506408. 3566304. 800.
36.40 34 COMMANDS 451,-6,-52,-349
36.40 34 NAVIGATION 0 1 0 0 38 0. 6571.9
36.40 34 ATTITUDE 0 0 -71
36.40 34 DL_VALUE 23 0.
36.40 34 GPS 0 50455938 356665430 0 72627 0 0 12569500 12 0
36.40 34 FBW_STATUS 0 0 116
36.40 34 RAD_OF_IR 5 0 0.00211
36.49 34 IR_SENSORS -902 6 1
36.52 34 NAVIGATION 0 1 0 0 38 0. 6571.9
36.52 34 WP_MOVED 1 506292.5 3566296.25 800.
36.52 34 GYRO_RATES -199 -164 -137 1.736603 -1.43117 -1.195551
36.52 34 GPS 0 50455938 356665430 0 72627 0 0 12569748 12 0
36.52 34 ESTIMATOR 0. 0. 0. 0. 0.
36.63 34 DOWNLINK_STATUS 36 14225 881 0 282. 17.
36.69 34 NAVIGATION 0 1 0 0 38 0. 6571.9
36.69 34 ATTITUDE 0 0 -71
36.69 34 CALIBRATION 0. 0.023 0.067 0
36.69 34 GPS 0 50455938 356665430 0 72627 0 0 12570000 12 0
36.69 34 SERVO 9600 -9600 453
36.88 34 DESIRED 0. 0. 0. 0. 770. 0.
36.88 34 IR_DEBUG 649 640 649 640
36.88 34 NAVIGATION 0 1 0 0 38 0. 6571.9
36.88 34 WP_MOVED 2 506379.59375 3566304.75 800.
37.00 34 GPS 0 50455938 356665430 0 72627 0 0 12570248 12 0
37.00 34 ESTIMATOR 0. 0. 0. 0. 0.
37.00 34 COMMANDS 449,-7,-58,-354
37.00 34 NAVIGATION 0 1 0 0 38 0. 6571.9
37.00 34 ATTITUDE 0 0 -71
37.00 34 DL_VALUE 24 2150.
37.01 34 FBW_STATUS 0 0 116
37.03 34 RAD_OF_IR 5 0 0.00211
37.04 34 GPS 0 50455938 356665430 0 72627 0 0 12570500 12 0
37.37 34 IR_SENSORS -900 6 1
37.37 34 NAVIGATION 0 1 0 0 38 0. 6571.9
37.37 34 WP_MOVED 3 506366. 3566262. 0.
37.37 34 GYRO_RATES -199 -164 -138 1.736603 -1.43117 -1.204277
37.47 34 GPS 0 50455938 356665430 0 72627 0 0 12570748 12 0
37.47 34 ESTIMATOR 0. 0. 0. 0. 0.
37.47 34 NAVIGATION 0 1 0 0 38 0. 6571.9
37.47 34 ATTITUDE 0 0 -71
37.55 34 GPS 0 50455938 356665430 0 72627 0 0 12571000 12 0
37.55 34 DESIRED 0. 0. 0. 0. 770. 0.
37.63 34 DOWNLINK_STATUS 37 14694 909 0 469. 28.
37.86 34 NAVIGATION 0 1 0 0 38 0. 6571.9
37.86 34 WP_MOVED 0 506408. 3566304. 800.
37.97 34 ESTIMATOR 0. 0. 0. 0. 0.
37.97 34 GPS 0 50455938 356665430 0 72627 0 0 12571248 12 0
37.97 34 COMMANDS 454,-9,-52,-355
37.97 34 NAVIGATION 0 1 0 0 38 0. 6571.9
37.97 34 ATTITUDE 0 0 -72
37.97 34 DL_VALUE 25 5300.
37.97 34 FBW_STATUS 0 0 116
38.05 34 RAD_OF_IR 7 0 0.00211
38.05 34 GPS 0 50455938 356665430 0 72627 0 0 12571500 12 0
38.05 34 IR_SENSORS -901 7 1
38.05 34 NAVIGATION 0 1 0 0 38 0. 6571.9
38.39 34 WP_MOVED 1 506292.5 3566296.25 800.
38.39 34 GYRO_RATES -199 -163 -137 1.736603 -1.422443 -1.195551
38.39 34 ESTIMATOR 0. 0. 0. 0. 0.
38.39 34 BAT 453 116 0 0 191 0 7
38.39 34 GPS 0 50455938 356665430 0 72627 0 0 12571748 12 0
38.46 34 NAVIGATION 0 1 0 0 38 0. 6571.9
38.50 34 ATTITUDE 0 0 -71
38.50 34 CALIBRATION 0. 0.023 0.067 0
38.50 34 SERVO 9600 -9600 452
38.59 34 DESIRED 0. 0. 0. 0. 770. 0.
38.59 34 IR_DEBUG 648 638 648 638
38.59 34 GPS 0 50455938 356665430 0 72627 0 0 12572000 12 0
38.59 34 NAVIGATION 0 1 0 0 38 0. 6571.9
38.59 34 WP_MOVED 2 506379.59375 3566304.75 800.
38.63 34 DOWNLINK_STATUS 38 15131 936 0 437. 27.
38.65 34 ESTIMATOR 0. 0. 0. 0. 0.
38.99 34 GPS 0 50455938 356665430 0 72627 0 0 12572248 12 0
38.99 34 COMMANDS 451,0,-52,-352
38.99 34 NAVIGATION 0 1 0 0 38 0. 6571.9
38.99 34 ATTITUDE 0 0 -71
38.99 34 DL_VALUE 26 10000.
38.99 34 FBW_STATUS 0 0 116
38.99 34 RAD_OF_IR 7 0 0.00211
39.08 34 ACTUATORS 1497,1502,0,1237,1482
39.08 34 IR_SENSORS -899 6 1
39.08 34 NAVIGATION 0 1 0 0 38 0. 6571.9
39.09 34 GPS 0 50455938 356665430 0 72627 0 0 12572500 12 0
39.09 34 WP_MOVED 3 506366. 3566262. 0.
39.09 34 GYRO_RATES -198 -163 -136 1.727876 -1.422443 -1.186824
39.13 34 ESTIMATOR 0. 0. 0. 0. 0.
39.25 34 NAVIGATION 0 1 0 0 38 0. 6571.9
39.25 34 GPS 0 50455938 356665430 0 72627 0 0 12572748 12 0
39.25 34 ATTITUDE 0 0 -71
39.57 34 DESIRED 0. 0. 0. 0. 770. 0.
39.57 34 NAVIGATION 0 1 0 0 38 0. 6571.9
39.57 34 GPS 0 50455938 356665430 0 72627 0 0 12573000 12 0
39.57 34 WP_MOVED 0 506408. 3566304. 800.
39.57 34 PPRZ_MODE 0 0 3 0 0 1 0
39.63 34 ESTIMATOR 0. 0. 0. 0. 0.
39.63 34 DOWNLINK_STATUS 39 15532 960 0 401. 24.
39.88 34 COMMANDS 453,-9,-52,-352
39.88 34 NAVIGATION 0 1 0 0 38 0. 6571.9
39.88 34 ATTITUDE 0 0 -71
39.88 34 DL_VALUE 27 4000.
39.88 34 GPS 0 50455938 356665430 0 72627 0 0 12573248 12 0
39.94 34 FBW_STATUS 0 0 116
39.94 34 RAD_OF_IR 5 0 0.00211
39.94 34 IR_SENSORS -900 6 1
40.06 34 NAVIGATION 0 1 0 0 38 0. 6571.9
40.06 34 WP_MOVED 1 506292.5 3566296.25 800.
40.06 34 GYRO_RATES -199 -163 -137 1.736603 -1.422443 -1.195551
40.06 34 GPS 0 50455938 356665430 0 72627 0 0 12573500 12 0
40.14 34 ESTIMATOR 0. 0. 0. 0. 0.
40.14 34 BAT 452 116 0 0 193 0 7
40.17 34 NAVIGATION 0 1 0 0 38 0. 6571.9
40.17 34 ATTITUDE 0 0 -71
40.17 34 CALIBRATION 0. 0.023 0.067 0
40.36 34 GPS 0 50455938 356665430 0 72627 0 0 12573748 12 0
40.36 34 SERVO 9600 -9600 451
40.46 34 DESIRED 0. 0. 0. 0. 770. 0.
40.46 34 IR_DEBUG 647 638 647 638
40.46 34 NAVIGATION 0 1 0 0 38 0. 6571.9
40.46 34 WP_MOVED 2 506379.59375 3566304.75 800.
40.54 34 GPS 0 50455938 356665430 0 72627 0 0 12574000 12 0
40.54 34 ESTIMATOR 0. 0. 0. 0. 0.
40.63 34 DOWNLINK_STATUS 40 15936 985 0 404. 25.
40.65 34 COMMANDS 452,-7,-52,-350
40.65 34 NAVIGATION 0 1 0 0 38 0. 6571.9
40.65 34 ATTITUDE 0 0 -71
40.65 34 DL_VALUE 28 0.228
40.86 34 FBW_STATUS 0 0 116
40.86 34 RAD_OF_IR 6 0 0.00211
40.86 34 GPS 0 50455938 356665430 0 72627 0 0 12574248 12 0
40.87 34 IR_SENSORS -900 6 1
40.87 34 NAVIGATION 0 1 0 0 38 0. 6571.9
40.94 34 WP_MOVED 3 506366. 3566262. 0.
40.94 34 GYRO_RATES -199 -163 -137 1.736603 -1.422443 -1.195551
41.15 34 GPS 0 50455938 356665430 0 72627 0 0 12574500 12 0
41.16 34 ESTIMATOR 0. 0. 0. 0. 0.
41.16 34 NAVIGATION 0 1 0 0 38 0. 6571.9
41.16 34 ATTITUDE 0 0 -71
41.36 34 GPS 0 50455938 356665430 0 72627 0 0 12574748 12 0
41.47 34 DESIRED 0. 0. 0. 0. 770. 0.
41.47 34 NAVIGATION 0 1 0 0 38 0. 6571.9
41.47 34 WP_MOVED 0 506408. 3566304. 800.
41.63 34 DOWNLINK_STATUS 41 16244 1004 0 308. 19.
41.66 34 GPS 0 50455938 356665430 0 72627 0 0 12575000 12 0
41.66 34 ESTIMATOR 0. 0. 0. 0. 0.
41.66 34 COMMANDS 452,-7,-52,-352
41.66 34 NAVIGATION 0 1 0 0 38 0. 6571.9
41.67 34 ATTITUDE 0 0 -71
41.67 34 DL_VALUE 29 0.42
41.67 34 FBW_STATUS 0 0 116
41.67 34 RAD_OF_IR 5 0 0.00211
41.96 34 GPS 0 50455938 356665430 0 72627 0 0 12575248 12 0
41.96 34 IR_SENSORS -899 6 1
42.07 34 NAVIGATION 0 1 0 0 38 0. 6571.9
42.07 34 WP_MOVED 1 506292.5 3566296.25 800.
42.07 34 GYRO_RATES -199 -163 -137 1.736603 -1.422443 -1.195551
42.07 34 ESTIMATOR 0. 0. 0. 0. 0.
42.07 34 BAT 452 116 0 0 195 0 7
42.08 34 GPS 0 50455938 356665430 0 72627 0 0 12575500 12 0
42.08 34 NAVIGATION 0 1 0 0 38 0. 6571.9
42.08 34 ATTITUDE 0 0 -71
42.08 34 CALIBRATION 0. 0.023 0.067 0
42.12 34 SERVO 9600 -9600 452
42.50 34 DESIRED 0. 0. 0. 0. 770. 0.
42.50 34 IR_DEBUG 647 638 647 638
42.50 34 GPS 0 50455938 356665430 0 72627 0 0 12575748 12 0
42.50 34 NAVIGATION 0 1 0 0 38 0. 6571.9
42.50 34 WP_MOVED 2 506379.59375 3566304.75 800.
42.57 34 ESTIMATOR 0. 0. 0. 0. 0.
42.57 34 GPS 0 50455938 356665430 0 72627 0 0 12576000 12 0
42.57 34 COMMANDS 451,-7,-55,-362
42.57 34 NAVIGATION 0 1 0 0 38 0. 6571.9
42.57 34 ATTITUDE 0 0 -71
42.57 34 DL_VALUE 30 0.
42.63 34 DOWNLINK_STATUS 42 16741 1035 0 497. 31.
42.74 34 FBW_STATUS 0 0 116
42.74 34 RAD_OF_IR 6 0 0.00211
42.74 34 NAVIGATION_REF 506366 3566262 12
42.74 34 IR_SENSORS -900 6 1
42.75 34 NAVIGATION 0 1 0 0 38 0. 6571.9
42.75 34 GPS 0 50455938 356665430 0 72627 0 0 12576248 12 0
42.96 34 WP_MOVED 3 506366. 3566262. 0.
42.96 34 GYRO_RATES -200 -164 -137 1.745329 -1.43117 -1.195551
43.05 34 ESTIMATOR 0. 0. 0. 0. 0.
43.05 34 NAVIGATION 0 1 0 0 38 0. 6571.9
43.05 34 ATTITUDE 0 0 -71
43.06 34 GPS 0 50455938 356665430 0 72627 0 0 12576500 12 0
43.16 34 DESIRED 0. 0. 0. 0. 770. 0.
43.27 34 NAVIGATION 0 1 0 0 38 0. 6571.9
43.27 34 GPS 0 50455938 356665430 0 72627 0 0 12576748 12 0
43.27 34 WP_MOVED 0 506408. 3566304. 800.
43.46 34 ESTIMATOR 0. 0. 0. 0. 0.
43.56 34 COMMANDS 455,-6,-45,-354
43.56 34 NAVIGATION 0 1 0 0 38 0. 6571.9
43.56 34 ATTITUDE 0 0 -71
43.56 34 DL_VALUE 31 0.023
43.56 34 GPS 0 50455938 356665430 0 72627 0 0 12577000 12 0
43.57 34 FBW_STATUS 0 0 116
43.57 34 RAD_OF_IR 6 0 0.00211
43.63 34 DOWNLINK_STATUS 43 17124 1059 0 383. 24.
43.86 34 ACTUATORS 1497,1502,0,1237,1482
43.86 34 IR_SENSORS -899 6 1
43.86 34 NAVIGATION 0 1 0 0 38 0. 6571.9
43.98 34 WP_MOVED 1 506292.5 3566296.25 800.
43.98 34 GYRO_RATES -199 -164 -137 1.736603 -1.43117 -1.195551
43.98 34 GPS 0 50455938 356665430 0 72627 0 0 12577248 12 0
43.98 34 ESTIMATOR 0. 0. 0. 0. 0.
43.98 34 BAT 453 116 0 0 197 1 8
43.98 34 NAVIGATION 0 1 0 0 38 0. 6571.9
44.17 34 ATTITUDE 0 0 -72
44.17 34 CALIBRATION 0. 0.023 0.067 0
44.17 34 GPS 0 50455938 356665430 0 72627 0 0 12577500 12 0
44.17 34 SERVO 9600 -9600 452
44.17 34 DESIRED 0. 0. 0. 0. 770. 0.
44.18 34 IR_DEBUG 647 638 647 638
44.18 34 NAVIGATION 0 1 0 0 38 0. 6571.9
44.57 34 WP_MOVED 2 506379.59375 3566304.75 800.
44.57 34 PPRZ_MODE 0 0 3 0 0 1 0
44.57 34 GPS 0 50455938 356665430 0 72627 0 0 12577748 12 0
44.63 34 DOWNLINK_STATUS 44 17442 1078 0 318. 19.
44.68 34 ESTIMATOR 0. 0. 0. 0. 0.
44.68 34 COMMANDS 452,1,-50,-350
44.68 34 NAVIGATION 0 1 0 0 38 0. 6571.9
44.68 34 ATTITUDE 0 0 -71
44.68 34 DL_VALUE 32 0.001
44.68 34 FBW_STATUS 0 0 116
44.68 34 RAD_OF_IR 6 0 0.00211
44.68 34 GPS 0 50455938 356665430 0 72627 0 0 12578000 12 0
44.75 34 NAVIGATION 0 1 0 0 38 0. 6571.9
44.75 34 WP_MOVED 3 506366. 3566262. 0.
44.75 34 GYRO_RATES -199 -164 -137 1.736603 -1.43117 -1.195551
45.08 34 GPS 0 50455938 356665430 0 72627 0 0 12578248 12 0
45.08 34 ESTIMATOR 0. 0. 0. 0. 0.
45.08 34 NAVIGATION 0 1 0 0 38 0. 6571.9
45.08 34 ATTITUDE 0 0 -71
45.15 34 GPS 0 50455938 356665430 0 72627 0 0 12578500 12 0
45.15 34 DESIRED 0. 0. 0. 0. 770. 0.
45.16 34 NAVIGATION 0 1 0 0 38 0. 6571.9
45.16 34 WP_MOVED 0 506408. 3566304. 800.
45.24 34 GPS 0 50455938 356665430 0 72627 0 0 12578748 12 0
45.24 34 ESTIMATOR 0. 0. 0. 0. 0.
45.57 34 COMMANDS 452,-6,-52,-352
45.57 34 NAVIGATION 0 1 0 0 38 0. 6571.9
45.57 34 ATTITUDE 0 0 -71
45.57 34 DL_VALUE 33 0.01
45.57 34 FBW_STATUS 0 0 116
45.63 34 DOWNLINK_STATUS 45 17862 1104 0 420. 26.
45.79 34 RAD_OF_IR 7 0 0.00211
45.79 34 GPS 0 50455938 356665430 0 72627 0 0 12579000 12 0
45.79 34 IR_SENSORS -900 6 1
45.79 34 NAVIGATION 0 1 0 0 38 0. 6571.9
45.79 34 WP_MOVED 1 506292.5 3566296.25 800.
45.79 34 GYRO_RATES -198 -163 -137 1.727876 -1.422443 -1.195551
45.87 34 ESTIMATOR 0. 0. 0. 0. 0.
45.87 34 BAT 451 116 0 0 199 1 8
45.87 34 GPS 0 50455938 356665430 0 72627 0 0 12579248 12 0
45.88 34 NAVIGATION 0 1 0 0 38 0. 6571.9
45.88 34 ATTITUDE 0 0 -71
45.88 34 CALIBRATION 0. 0.023 0.067 0
45.88 34 SERVO 9600 -9600 452
46.18 34 GPS 0 50455938 356665430 0 72627 0 0 12579500 12 0
46.18 34 DESIRED 0. 0. 0. 0. 770. 0.
46.18 34 IR_DEBUG 647 639 647 639
46.18 34 NAVIGATION 0 1 0 0 38 0. 6571.9
46.24 34 WP_MOVED 2 506379.59375 3566304.75 800.
46.24 34 ESTIMATOR 0. 0. 0. 0. 0.
46.49 34 GPS 0 50455938 356665430 0 72627 0 0 12579748 12 0
46.49 34 SVINFO 1 17 12 6 33 65 216
46.49 34 COMMANDS 451,-9,-55,-352
46.49 34 NAVIGATION 0 1 0 0 38 0. 6571.9
46.49 34 ATTITUDE 0 0 -72
46.49 34 DL_VALUE 34 1.
46.49 34 FBW_STATUS 0 0 116
46.49 34 RAD_OF_IR 7 0 0.00211
46.63 34 DOWNLINK_STATUS 46 18286 1131 0 424. 27.
46.69 34 IR_SENSORS -899 6 1
46.69 34 GPS 0 50455938 356665430 0 72627 0 0 12580000 12 0
46.69 34 SVINFO 2 28 4 4 33 60 355
46.69 34 NAVIGATION 0 1 0 0 38 0. 6571.9
46.69 34 WP_MOVED 3 506366. 3566262. 0.
46.69 34 GYRO_RATES -199 -163 -137 1.736603 -1.422443 -1.195551
46.76 34 ESTIMATOR 0. 0. 0. 0. 0.
46.76 34 GPS 0 50455938 356665430 0 72627 0 0 12580248 12 0
46.76 34 NAVIGATION 0 1 0 0 38 0. 6571.9
46.76 34 ATTITUDE 0 0 -71
46.96 34 DESIRED 0. 0. 0. 0. 770. 0.
46.96 34 NAVIGATION 0 1 0 0 38 0. 6571.9
46.97 34 GPS 0 50455938 356665430 0 72627 0 0 12580500 12 0
47.14 34 WP_MOVED 0 506408. 3566304. 800.
47.14 34 ESTIMATOR 0. 0. 0. 0. 0.
47.26 34 COMMANDS 453,-14,-50,-352
47.26 34 NAVIGATION 0 1 0 0 38 0. 6571.9
47.26 34 GPS 0 50455938 356665430 0 72627 0 0 12580748 12 0
47.26 34 ATTITUDE 0 0 -71
47.26 34 DL_VALUE 35 0.
47.26 34 FBW_STATUS 0 0 116
47.36 34 RAD_OF_IR 6 0 0.00211
47.36 34 IR_SENSORS -900 7 1
47.56 34 NAVIGATION 0 1 0 0 38 0. 6571.9
47.56 34 GPS 0 50455938 356665430 0 72627 0 0 12581000 12 0
47.56 34 WP_MOVED 1 506292.5 3566296.25 800.
47.56 34 GYRO_RATES -198 -163 -137 1.727876 -1.422443 -1.195551
47.63 34 DOWNLINK_STATUS 47 18741 1158 0 455. 27.
47.64 34 ESTIMATOR 0. 0. 0. 0. 0.
47.64 34 BAT 452 116 0 0 201 1 8
47.67 34 NAVIGATION 0 1 0 0 38 0. 6571.9
47.67 34 ATTITUDE 0 0 -71
47.67 34 CALIBRATION 0. 0.023 0.067 0
47.75 34 GPS 0 50455938 356665430 0 72627 0 0 12581248 12 0
47.75 34 SVINFO 7 26 4 4 31 3 327
47.75 34 SERVO 9600 -9600 451
48.07 34 DESIRED 0. 0. 0. 0. 770. 0.
48.07 34 IR_DEBUG 648 639 648 639
48.07 34 NAVIGATION 0 1 0 0 38 0. 6571.9
48.16 34 WP_MOVED 2 506379.59375 3566304.75 800.
48.16 34 GPS 0 50455938 356665430 0 72627 0 0 12581500 12 0
48.16 34 SVINFO 8 16 4 3 31 -9 102
48.16 34 ESTIMATOR 0. 0. 0. 0. 0.
48.17 34 COMMANDS 452,-7,-50,-357
48.17 34 NAVIGATION 0 1 0 0 38 0. 6571.9
48.17 34 ATTITUDE 0 0 -71
48.17 34 DL_VALUE 36 0.
48.24 34 GPS 0 50455938 356665430 0 72627 0 0 12581748 12 0
48.24 34 FBW_STATUS 0 0 116
48.24 34 RAD_OF_IR 6 0 0.00211
48.35 34 ACTUATORS 1496,1502,0,1237,1482
48.35 34 IR_SENSORS -900 6 1
48.35 34 NAVIGATION 0 1 0 0 38 0. 6571.9
48.56 34 WP_MOVED 3 506366. 3566262. 0.
48.56 34 GYRO_RATES -199 -162 -137 1.736603 -1.413717 -1.195551
48.63 34 DOWNLINK_STATUS 48 19151 1185 0 410. 27.
48.65 34 GPS 0 50455938 356665430 0 72627 0 0 12582000 12 0
48.66 34 ESTIMATOR 0. 0. 0. 0. 0.
48.66 34 NAVIGATION 0 1 0 0 38 0. 6571.9
48.66 34 ATTITUDE 0 0 -71
49.09 34 GPS 0 50455938 356665430 0 72627 0 0 12582248 12 0
49.09 34 DESIRED 0. 0. 0. 0. 770. 0.
49.09 34 NAVIGATION 0 1 0 0 38 0. 6571.9
49.09 34 WP_MOVED 0 506408. 3566304. 800.
49.09 34 PPRZ_MODE 0 0 3 0 0 1 0
49.17 34 GPS 0 50455938 356665430 0 72627 0 0 12582500 12 0
49.17 34 ESTIMATOR 0. 0. 0. 0. 0.
49.17 34 COMMANDS 458,-9,-42,-354
49.17 34 NAVIGATION 0 1 0 0 38 0. 6571.9
49.17 34 ATTITUDE 0 0 -71
49.17 34 DL_VALUE 37 0.1
49.17 34 FBW_STATUS 0 0 116
49.17 34 RAD_OF_IR 5 0 0.00211
49.35 34 GPS 0 50455938 356665430 0 72627 0 0 12582748 12 0
49.35 34 IR_SENSORS -900 6 1
49.35 34 NAVIGATION 0 1 0 0 38 0. 6571.9
49.36 34 WP_MOVED 1 506292.5 3566296.25 800.
49.36 34 GYRO_RATES -199 -163 -137 1.736603 -1.422443 -1.195551
49.63 34 DOWNLINK_STATUS 49 19517 1207 0 366. 22.
50.60 34 NAVIGATION 0 1 0 0 38 0. 6571.9
50.60 34 ATTITUDE 0 0 -71
50.60 34 COMMANDS 452,-3,-48,-352
50.60 34 NAVIGATION 0 1 0 0 38 0. 6571.9
50.60 34 ATTITUDE 0 0 -71
50.60 34 DL_VALUE 38 0.
50.60 34 FBW_STATUS 0 0 115
50.60 34 RAD_OF_IR 6 0 0.00211
50.63 34 DOWNLINK_STATUS 50 19602 1215 0 85. 8.
50.68 34 GPS 0 50455938 356665430 0 72627 0 0 12583748 12 0
50.68 34 NAVIGATION 0 1 0 0 38 0. 6571.9
50.68 34 WP_MOVED 3 506366. 3566262. 0.
50.68 34 GYRO_RATES -199 -163 -137 1.736603 -1.422443 -1.195551
50.68 34 ESTIMATOR 0. 0. 0. 0. 0.
50.69 34 NAVIGATION 0 1 0 0 38 0. 6571.9
50.69 34 ATTITUDE 0 0 -71
50.69 34 DESIRED 0. 0. 0. 0. 770. 0.
50.76 34 NAVIGATION 0 1 0 0 38 0. 6571.9
50.76 34 GPS 0 50455938 356665430 0 72627 0 0 12584248 12 0
50.76 34 WP_MOVED 0 506408. 3566304. 800.
51.06 34 ESTIMATOR 0. 0. 0. 0. 0.
51.17 34 COMMANDS 453,-6,-50,-350
51.17 34 NAVIGATION 0 1 0 0 38 0. 6571.9
51.17 34 ATTITUDE 0 0 -71
51.17 34 DL_VALUE 39 0.067
51.17 34 GPS 0 50455938 356665430 0 72627 0 0 12584500 12 0
51.17 34 FBW_STATUS 0 0 116
51.17 34 RAD_OF_IR 6 0 0.00211
51.17 34 NAVIGATION_REF 506366 3566262 12
51.17 34 IR_SENSORS -900 7 1
51.18 34 NAVIGATION 0 1 0 0 38 0. 6571.9
51.25 34 GPS 0 50455938 356665430 0 72627 0 0 12584748 12 0
51.25 34 WP_MOVED 1 506292.5 3566296.25 800.
51.25 34 GYRO_RATES -199 -164 -137 1.736603 -1.43117 -1.195551
51.34 34 ESTIMATOR 0. 0. 0. 0. 0.
51.34 34 BAT 451 116 0 0 204 0 8
51.58 34 NAVIGATION 0 1 0 0 38 0. 6571.9
51.58 34 ATTITUDE 0 0 -71
51.58 34 CALIBRATION 0. 0.023 0.067 0
51.58 34 GPS 0 50455938 356665430 0 72627 0 0 12585000 12 0
51.63 34 DOWNLINK_STATUS 51 20127 1246 0 525. 31.
51.65 34 SERVO 9600 -9600 450
51.65 34 DESIRED 0. 0. 0. 0. 770. 0.
51.65 34 IR_DEBUG 647 638 647 638
51.65 34 NAVIGATION 0 1 0 0 38 0. 6571.9
51.74 34 WP_MOVED 2 506379.59375 3566304.75 800.
51.74 34 GPS 0 50455938 356665430 0 72627 0 0 12585248 12 0
51.98 34 ESTIMATOR 0. 0. 0. 0. 0.
52.07 34 COMMANDS 451,-4,-52,-352
52.07 34 NAVIGATION 0 1 0 0 38 0. 6571.9
52.07 34 ATTITUDE 0 0 -71
52.07 34 DL_VALUE 40 1.
52.07 34 GPS 0 50455938 356665430 0 72627 0 0 12585500 12 0
52.07 34 FBW_STATUS 0 0 115
52.07 34 RAD_OF_IR 6 0 0.00211
52.07 34 IR_SENSORS -899 6 1
52.28 34 NAVIGATION 0 1 0 0 38 0. 6571.9
52.28 34 WP_MOVED 3 506366. 3566262. 0.
52.28 34 GYRO_RATES -199 -164 -137 1.736603 -1.43117 -1.195551
52.29 34 GPS 0 50455938 356665430 0 72627 0 0 12585748 12 0
52.29 34 ESTIMATOR 0. 0. 0. 0. 0.
52.47 34 NAVIGATION 0 1 0 0 38 0. 6571.9
52.47 34 ATTITUDE 0 0 -71
52.48 34 GPS 0 50455938 356665430 0 72627 0 0 12586000 12 0
52.54 34 DESIRED 0. 0. 0. 0. 770. 0.
52.55 34 NAVIGATION 0 1 0 0 38 0. 6571.9
52.63 34 WP_MOVED 0 506408. 3566304. 800.
52.63 34 DOWNLINK_STATUS 52 20561 1272 0 434. 26.
52.75 34 GPS 0 50455938 356665430 0 72627 0 0 12586248 12 0
52.75 34 ESTIMATOR 0. 0. 0. 0. 0.
52.98 34 COMMANDS 451,-7,-53,-349
52.99 34 NAVIGATION 0 1 0 0 38 0. 6571.9
52.99 34 ATTITUDE 0 0 -71
52.99 34 DL_VALUE 41 0.
53.06 34 FBW_STATUS 0 0 115
53.06 34 RAD_OF_IR 7 0 0.00211
53.06 34 GPS 0 50455938 356665430 0 72627 0 0 12586500 12 0
53.07 34 ACTUATORS 1498,1502,0,1237,1483
53.07 34 IR_SENSORS -900 7 1
53.07 34 NAVIGATION 0 1 0 0 38 0. 6571.9
53.14 34 WP_MOVED 1 506292.5 3566296.25 800.
53.14 34 GYRO_RATES -199 -163 -137 1.736603 -1.422443 -1.195551
53.25 34 ESTIMATOR 0. 0. 0. 0. 0.
53.25 34 BAT 452 116 0 0 206 0 8
53.25 34 GPS 0 50455938 356665430 0 72627 0 0 12586748 12 0
53.48 34 NAVIGATION 0 1 0 0 38 0. 6571.9
53.48 34 ATTITUDE 0 0 -71
53.48 34 CALIBRATION 0. 0.023 0.067 0
53.56 34 SERVO 9600 -9600 453
53.56 34 GPS 0 50455938 356665430 0 72627 0 0 12587000 12 0
53.57 34 DESIRED 0. 0. 0. 0. 770. 0.
53.57 34 IR_DEBUG 647 638 647 638
53.57 34 NAVIGATION 0 1 0 0 38 0. 6571.9
53.57 34 WP_MOVED 2 506379.59375 3566304.75 800.
53.57 34 PPRZ_MODE 0 0 3 0 0 1 0
53.63 34 DOWNLINK_STATUS 53 20987 1299 0 426. 27.
53.65 34 ESTIMATOR 0. 0. 0. 0. 0.
53.98 34 GPS 0 50455938 356665430 0 72627 0 0 12587248 12 0
53.98 34 COMMANDS 448,-6,-58,-350
53.98 34 NAVIGATION 0 1 0 0 38 0. 6571.9
53.98 34 ATTITUDE 0 0 -71
53.98 34 DL_VALUE 0 770.
54.40 34 FBW_STATUS 0 0 115
54.40 34 RAD_OF_IR 6 0 0.00211
54.40 34 IR_SENSORS -899 6 1
54.40 34 GPS 0 50455938 356665430 0 72627 0 0 12587500 12 0
54.40 34 NAVIGATION 0 1 0 0 38 0. 6571.9
54.40 34 WP_MOVED 3 506366. 3566262. 0.
54.40 34 GYRO_RATES -198 -163 -137 1.727876 -1.422443 -1.195551
54.48 34 GPS 0 50455938 356665430 0 72627 0 0 12587748 12 0
54.52 34 NAVIGATION 0 1 0 0 38 0. 6571.9
54.52 34 ATTITUDE 0 0 -71
54.52 34 DESIRED 0. 0. 0. 0. 770. 0.
54.52 34 NAVIGATION 0 1 0 0 38 0. 6571.9
54.53 34 WP_MOVED 0 506408. 3566304. 800.
54.63 34 ESTIMATOR 0. 0. 0. 0. 0.
54.63 34 DOWNLINK_STATUS 54 21317 1319 0 330. 20.
54.88 34 COMMANDS 453,-12,-52,-354
54.88 34 NAVIGATION 0 1 0 0 38 0. 6571.9
54.88 34 ATTITUDE 0 0 -71
54.88 34 DL_VALUE 1 1.
54.88 34 GPS 0 50455938 356665430 0 72627 0 0 12588248 12 0
54.94 34 FBW_STATUS 0 0 115
54.94 34 RAD_OF_IR 6 0 0.00211
54.94 34 IR_SENSORS -900 5 1
55.06 34 NAVIGATION 0 1 0 0 38 0. 6571.9
55.06 34 GPS 0 50455938 356665430 0 72627 0 0 12588500 12 0
55.06 34 WP_MOVED 1 506292.5 3566296.25 800.
55.06 34 GYRO_RATES -198 -163 -137 1.727876 -1.422443 -1.195551
55.14 34 ESTIMATOR 0. 0. 0. 0. 0.
55.14 34 BAT 450 116 0 0 208 0 8
55.17 34 NAVIGATION 0 1 0 0 38 0. 6571.9
55.17 34 ATTITUDE 0 0 -71
55.17 34 CALIBRATION 0. 0.023 0.067 0
55.36 34 GPS 0 50455938 356665430 0 72627 0 0 12588748 12 0
55.36 34 SERVO 9600 -9600 453
55.46 34 DESIRED 0. 0. 0. 0. 770. 0.
55.46 34 IR_DEBUG 649 639 649 639
55.46 34 NAVIGATION 0 1 0 0 38 0. 6571.9
55.48 34 WP_MOVED 2 506379.59375 3566304.75 800.
55.48 34 GPS 0 50455938 356665430 0 72627 0 0 12589000 12 0
55.53 34 ESTIMATOR 0. 0. 0. 0. 0.
55.63 34 DOWNLINK_STATUS 55 21721 1344 0 404. 25.
55.65 34 COMMANDS 458,-9,-55,-371
55.65 34 NAVIGATION 0 1 0 0 38 0. 6571.9
55.65 34 ATTITUDE 0 0 -71
55.65 34 DL_VALUE 2 0.
55.87 34 FBW_STATUS 0 0 116
55.87 34 GPS 0 50455938 356665430 0 72627 0 0 12589248 12 0
55.87 34 RAD_OF_IR 6 0 0.00211
55.88 34 IR_SENSORS -900 6 1
55.88 34 NAVIGATION 0 1 0 0 38 0. 6571.9
56.08 34 WP_MOVED 3 506366. 3566262. 0.
56.08 34 GYRO_RATES -199 -163 -137 1.736603 -1.422443 -1.195551
56.08 34 GPS 0 50455938 356665430 0 72627 0 0 12589500 12 0
56.15 34 ESTIMATOR 0. 0. 0. 0. 0.
56.15 34 NAVIGATION 0 1 0 0 38 0. 6571.9
56.15 34 ATTITUDE 0 0 -71
56.36 34 GPS 0 50455938 356665430 0 72627 0 0 12589748 12 0
56.47 34 DESIRED 0. 0. 0. 0. 770. 0.
56.47 34 NAVIGATION 0 1 0 0 38 0. 6571.9
56.47 34 WP_MOVED 0 506408. 3566304. 800.
56.63 34 DOWNLINK_STATUS 56 22029 1363 0 308. 19.
56.67 34 GPS 0 50455938 356665430 0 72627 0 0 12590000 12 0
56.67 34 ESTIMATOR 0. 0. 0. 0. 0.
56.67 34 COMMANDS 462,-4,-45,-369
56.67 34 NAVIGATION 0 1 0 0 38 0. 6571.9
56.67 34 ATTITUDE 0 0 -71
56.67 34 DL_VALUE 3 0.
56.67 34 FBW_STATUS 0 0 116
56.67 34 RAD_OF_IR 6 0 0.00211
56.86 34 GPS 0 50455938 356665430 0 72627 0 0 12590248 12 0
56.86 34 IR_SENSORS -900 6 1
56.97 34 NAVIGATION 0 1 0 0 38 0. 6571.9
56.97 34 WP_MOVED 1 506292.5 3566296.25 800.
56.97 34 GYRO_RATES -199 -164 -137 1.736603 -1.43117 -1.195551
57.08 34 ESTIMATOR 0. 0. 0. 0. 0.
57.08 34 BAT 454 116 0 0 210 0 8
57.08 34 GPS 0 50455938 356665430 0 72627 0 0 12590500 12 0
57.08 34 NAVIGATION 0 1 0 0 38 0. 6571.9
57.08 34 ATTITUDE 0 0 -71
57.08 34 CALIBRATION 0. 0.023 0.067 0
57.13 34 SERVO 9600 -9600 450
57.63 34 DOWNLINK_STATUS 57 22337 1383 0 308. 20.
58.63 34 DOWNLINK_STATUS 58 22337 1383 0 0. 0.
59.63 34 DOWNLINK_STATUS 59 22337 1383 0 0. 0.
60.63 34 DOWNLINK_STATUS 60 22337 1383 0 0. 0.
61.63 34 DOWNLINK_STATUS 61 22337 1383 0 0. 0.
62.63 34 DOWNLINK_STATUS 62 22337 1383 0 0. 0.
63.63 34 DOWNLINK_STATUS 63 22337 1383 0 0. 0.
64.63 34 DOWNLINK_STATUS 64 22337 1383 0 0. 0.
65.63 34 DOWNLINK_STATUS 65 22337 1383 0 0. 0.
66.63 34 DOWNLINK_STATUS 66 22337 1383 0 0. 0.
67.63 34 DOWNLINK_STATUS 67 22337 1383 0 0. 0.
68.63 34 DOWNLINK_STATUS 68 22337 1383 0 0. 0.
69.63 34 DOWNLINK_STATUS 69 22337 1383 0 0. 0.
70.63 34 DOWNLINK_STATUS 70 22337 1383 0 0. 0.
71.63 34 DOWNLINK_STATUS 71 22337 1383 0 0. 0.
72.63 34 DOWNLINK_STATUS 72 22337 1383 0 0. 0.
73.63 34 DOWNLINK_STATUS 73 22337 1383 0 0. 0.
74.63 34 DOWNLINK_STATUS 74 22337 1383 0 0. 0.
75.63 34 DOWNLINK_STATUS 75 22337 1383 0 0. 0.
76.63 34 DOWNLINK_STATUS 76 22337 1383 0 0. 0.
77.63 34 DOWNLINK_STATUS 77 22337 1383 0 0. 0.
78.63 34 DOWNLINK_STATUS 78 22337 1383 0 0. 0.
79.63 34 DOWNLINK_STATUS 79 22337 1383 0 0. 0.
80.63 34 DOWNLINK_STATUS 80 22337 1383 0 0. 0.
81.63 34 DOWNLINK_STATUS 81 22337 1383 0 0. 0.
82.63 34 DOWNLINK_STATUS 82 22337 1383 0 0. 0.
83.63 34 DOWNLINK_STATUS 83 22337 1383 0 0. 0.
84.63 34 DOWNLINK_STATUS 84 22337 1383 0 0. 0.
85.63 34 DOWNLINK_STATUS 85 22337 1383 0 0. 0.
86.64 34 DOWNLINK_STATUS 86 22337 1383 0 0. 0.
87.64 34 DOWNLINK_STATUS 87 22337 1383 0 0. 0.
88.64 34 DOWNLINK_STATUS 88 22337 1383 0 0. 0.
89.64 34 DOWNLINK_STATUS 89 22337 1383 0 0. 0.
90.64 34 DOWNLINK_STATUS 90 22337 1383 0 0. 0.
91.64 34 DOWNLINK_STATUS 91 22337 1383 0 0. 0.
92.64 34 DOWNLINK_STATUS 92 22337 1383 0 0. 0.
93.64 34 DOWNLINK_STATUS 93 22337 1383 0 0. 0.
94.64 34 DOWNLINK_STATUS 94 22337 1383 0 0. 0.
95.64 34 DOWNLINK_STATUS 95 22337 1383 0 0. 0.
96.64 34 DOWNLINK_STATUS 96 22337 1383 0 0. 0.
97.64 34 DOWNLINK_STATUS 97 22337 1383 0 0. 0.
98.64 34 DOWNLINK_STATUS 98 22337 1383 0 0. 0.
99.64 34 DOWNLINK_STATUS 99 22337 1383 0 0. 0.
100.64 34 DOWNLINK_STATUS 100 22337 1383 0 0. 0.
101.64 34 DOWNLINK_STATUS 101 22337 1383 0 0. 0.
102.64 34 DOWNLINK_STATUS 102 22337 1383 0 0. 0.
103.64 34 DOWNLINK_STATUS 103 22337 1383 0 0. 0.
104.64 34 DOWNLINK_STATUS 104 22337 1383 0 0. 0.
105.64 34 DOWNLINK_STATUS 105 22337 1383 0 0. 0.
106.64 34 DOWNLINK_STATUS 106 22337 1383 0 0. 0.
107.64 34 DOWNLINK_STATUS 107 22337 1383 0 0. 0.
108.64 34 DOWNLINK_STATUS 108 22337 1383 0 0. 0.
109.64 34 DOWNLINK_STATUS 109 22337 1383 0 0. 0.
110.64 34 DOWNLINK_STATUS 110 22337 1383 0 0. 0.
111.64 34 DOWNLINK_STATUS 111 22337 1383 0 0. 0.
112.64 34 DOWNLINK_STATUS 112 22337 1383 0 0. 0.
113.64 34 DOWNLINK_STATUS 113 22337 1383 0 0. 0.
114.64 34 DOWNLINK_STATUS 114 22337 1383 0 0. 0.
115.64 34 DOWNLINK_STATUS 115 22337 1383 0 0. 0.
116.64 34 DOWNLINK_STATUS 116 22337 1383 0 0. 0.
117.64 34 DOWNLINK_STATUS 117 22337 1383 0 0. 0.
118.64 34 DOWNLINK_STATUS 118 22337 1383 0 0. 0.
119.64 34 DOWNLINK_STATUS 119 22337 1383 0 0. 0.
120.64 34 DOWNLINK_STATUS 120 22337 1383 0 0. 0.
121.64 34 DOWNLINK_STATUS 121 22337 1383 0 0. 0.
122.64 34 DOWNLINK_STATUS 122 22337 1383 0 0. 0.
123.64 34 DOWNLINK_STATUS 123 22337 1383 0 0. 0.
124.64 34 DOWNLINK_STATUS 124 22337 1383 0 0. 0.
125.64 34 DOWNLINK_STATUS 125 22337 1383 0 0. 0.
126.64 34 DOWNLINK_STATUS 126 22337 1383 0 0. 0.
127.64 34 DOWNLINK_STATUS 127 22337 1383 0 0. 0.
128.64 34 DOWNLINK_STATUS 128 22337 1383 0 0. 0.
129.64 34 DOWNLINK_STATUS 129 22337 1383 0 0. 0.
130.64 34 DOWNLINK_STATUS 130 22337 1383 0 0. 0.
131.64 34 DOWNLINK_STATUS 131 22337 1383 0 0. 0.
132.64 34 DOWNLINK_STATUS 132 22337 1383 0 0. 0.
133.64 34 DOWNLINK_STATUS 133 22337 1383 0 0. 0.
134.64 34 DOWNLINK_STATUS 134 22337 1383 0 0. 0.
135.64 34 DOWNLINK_STATUS 135 22337 1383 0 0. 0.
136.64 34 DOWNLINK_STATUS 136 22337 1383 0 0. 0.
137.64 34 DOWNLINK_STATUS 137 22337 1383 0 0. 0.
138.64 34 DOWNLINK_STATUS 138 22337 1383 0 0. 0.
139.64 34 DOWNLINK_STATUS 139 22337 1383 0 0. 0.
140.64 34 DOWNLINK_STATUS 140 22337 1383 0 0. 0.
141.64 34 DOWNLINK_STATUS 141 22337 1383 0 0. 0.
142.64 34 DOWNLINK_STATUS 142 22337 1383 0 0. 0.
143.64 34 DOWNLINK_STATUS 143 22337 1383 0 0. 0.
144.64 34 DOWNLINK_STATUS 144 22337 1383 0 0. 0.
145.64 34 DOWNLINK_STATUS 145 22337 1383 0 0. 0.
146.64 34 DOWNLINK_STATUS 146 22337 1383 0 0. 0.
147.64 34 DOWNLINK_STATUS 147 22337 1383 0 0. 0.
148.64 34 DOWNLINK_STATUS 148 22337 1383 0 0. 0.
149.64 34 DOWNLINK_STATUS 149 22337 1383 0 0. 0.
150.64 34 DOWNLINK_STATUS 150 22337 1383 0 0. 0.
151.64 34 DOWNLINK_STATUS 151 22337 1383 0 0. 0.
152.64 34 DOWNLINK_STATUS 152 22337 1383 0 0. 0.
153.64 34 DOWNLINK_STATUS 153 22337 1383 0 0. 0.
154.64 34 DOWNLINK_STATUS 154 22337 1383 0 0. 0.
155.64 34 DOWNLINK_STATUS 155 22337 1383 0 0. 0.
156.64 34 DOWNLINK_STATUS 156 22337 1383 0 0. 0.
157.64 34 DOWNLINK_STATUS 157 22337 1383 0 0. 0.
158.64 34 DOWNLINK_STATUS 158 22337 1383 0 0. 0.
159.64 34 DOWNLINK_STATUS 159 22337 1383 0 0. 0.
160.64 34 DOWNLINK_STATUS 160 22337 1383 0 0. 0.
161.64 34 DOWNLINK_STATUS 161 22337 1383 0 0. 0.
162.64 34 DOWNLINK_STATUS 162 22337 1383 0 0. 0.
163.64 34 DOWNLINK_STATUS 163 22337 1383 0 0. 0.
164.64 34 DOWNLINK_STATUS 164 22337 1383 0 0. 0.
165.64 34 DOWNLINK_STATUS 165 22337 1383 0 0. 0.
166.64 34 DOWNLINK_STATUS 166 22337 1383 0 0. 0.
167.64 34 DOWNLINK_STATUS 167 22337 1383 0 0. 0.
168.64 34 DOWNLINK_STATUS 168 22337 1383 0 0. 0.
169.64 34 DOWNLINK_STATUS 169 22337 1383 0 0. 0.
170.64 34 DOWNLINK_STATUS 170 22337 1383 0 0. 0.
171.64 34 DOWNLINK_STATUS 171 22337 1383 0 0. 0.
172.64 34 DOWNLINK_STATUS 172 22337 1383 0 0. 0.
173.64 34 DOWNLINK_STATUS 173 22337 1383 0 0. 0.
174.64 34 DOWNLINK_STATUS 174 22337 1383 0 0. 0.
175.64 34 DOWNLINK_STATUS 175 22337 1383 0 0. 0.
176.64 34 DOWNLINK_STATUS 176 22337 1383 0 0. 0.
177.64 34 DOWNLINK_STATUS 177 22337 1383 0 0. 0.
178.64 34 DOWNLINK_STATUS 178 22337 1383 0 0. 0.
179.64 34 DOWNLINK_STATUS 179 22337 1383 0 0. 0.
180.64 34 DOWNLINK_STATUS 180 22337 1383 0 0. 0.
181.64 34 DOWNLINK_STATUS 181 22337 1383 0 0. 0.
182.64 34 DOWNLINK_STATUS 182 22337 1383 0 0. 0.
183.64 34 DOWNLINK_STATUS 183 22337 1383 0 0. 0.
184.64 34 DOWNLINK_STATUS 184 22337 1383 0 0. 0.
185.64 34 DOWNLINK_STATUS 185 22337 1383 0 0. 0.
186.64 34 DOWNLINK_STATUS 186 22337 1383 0 0. 0.
187.64 34 DOWNLINK_STATUS 187 22337 1383 0 0. 0.
188.64 34 DOWNLINK_STATUS 188 22337 1383 0 0. 0.
189.64 34 DOWNLINK_STATUS 189 22337 1383 0 0. 0.
190.64 34 DOWNLINK_STATUS 190 22337 1383 0 0. 0.
191.64 34 DOWNLINK_STATUS 191 22337 1383 0 0. 0.
192.64 34 DOWNLINK_STATUS 192 22337 1383 0 0. 0.
193.64 34 DOWNLINK_STATUS 193 22337 1383 0 0. 0.
194.64 34 DOWNLINK_STATUS 194 22337 1383 0 0. 0.
195.64 34 DOWNLINK_STATUS 195 22337 1383 0 0. 0.
196.64 34 DOWNLINK_STATUS 196 22337 1383 0 0. 0.
197.64 34 DOWNLINK_STATUS 197 22337 1383 0 0. 0.
198.64 34 DOWNLINK_STATUS 198 22337 1383 0 0. 0.
199.64 34 DOWNLINK_STATUS 199 22337 1383 0 0. 0.
200.64 34 DOWNLINK_STATUS 200 22337 1383 0 0. 0.
201.64 34 DOWNLINK_STATUS 201 22337 1383 0 0. 0.
202.64 34 DOWNLINK_STATUS 202 22337 1383 0 0. 0.
203.64 34 DOWNLINK_STATUS 203 22337 1383 0 0. 0.
204.64 34 DOWNLINK_STATUS 204 22337 1383 0 0. 0.
205.64 34 DOWNLINK_STATUS 205 22337 1383 0 0. 0.
206.64 34 DOWNLINK_STATUS 206 22337 1383 0 0. 0.
207.64 34 DOWNLINK_STATUS 207 22337 1383 0 0. 0.
208.64 34 DOWNLINK_STATUS 208 22337 1383 0 0. 0.
209.64 34 DOWNLINK_STATUS 209 22337 1383 0 0. 0.
210.64 34 DOWNLINK_STATUS 210 22337 1383 0 0. 0.
211.64 34 DOWNLINK_STATUS 211 22337 1383 0 0. 0.
212.64 34 DOWNLINK_STATUS 212 22337 1383 0 0. 0.
213.64 34 DOWNLINK_STATUS 213 22337 1383 0 0. 0.
214.64 34 DOWNLINK_STATUS 214 22337 1383 0 0. 0.
215.64 34 DOWNLINK_STATUS 215 22337 1383 0 0. 0.
216.64 34 DOWNLINK_STATUS 216 22337 1383 0 0. 0.
217.64 34 DOWNLINK_STATUS 217 22337 1383 0 0. 0.
218.64 34 DOWNLINK_STATUS 218 22337 1383 0 0. 0.
219.64 34 DOWNLINK_STATUS 219 22337 1383 0 0. 0.
220.64 34 DOWNLINK_STATUS 220 22337 1383 0 0. 0.
221.64 34 DOWNLINK_STATUS 221 22337 1383 0 0. 0.
222.64 34 DOWNLINK_STATUS 222 22337 1383 0 0. 0.
223.64 34 DOWNLINK_STATUS 223 22337 1383 0 0. 0.
224.64 34 DOWNLINK_STATUS 224 22337 1383 0 0. 0.
