10.20 3 FBW_STATUS 0 0 124
10.21 3 ESTIMATOR 700.513 0. 51.299999 5e-06 51.299969
10.26 3 BAT 174 124 0 0 253 253 4
10.32 3 CALIBRATION -0.459 0.037 0.5 0
10.32 3 NAVIGATION 0 0 0 0 286 0. 570986.7
10.39 3 WP_MOVED 1 358824.90625 4822110. 702.
10.51 3 SERVO -1561 -99 174
10.55 3 DESIRED 0. -0.11 0. 0. 700.055 -0.137
10.55 3 NAVIGATION 0 0 0 0 286 0. 570986.7
10.55 3 ATTITUDE 0 0 0
10.56 3 ESTIMATOR 700.513 0. 51.299999 5e-06 51.299969
10.61 3 DL_VALUE 33 0.037
10.67 3 DOWNLINK_STATUS 9 1530 102 0 178. 12.
10.68 3 NAVIGATION 0 0 0 0 286 0. 570986.7
10.78 3 WP_MOVED 2 358071. 4822161. 0.
10.90 3 COMMANDS 159,44,-1292,-469
10.90 3 NAVIGATION 0 0 0 0 286 0. 570986.7
10.90 3 ATTITUDE 0 0 0
10.91 3 GYRO_RATES -1 1 1 0.008727 0.008727 -0.008727
10.96 3 FBW_STATUS 0 0 123
10.96 3 ESTIMATOR 700.513 0. 51.299999 5e-06 51.299969
10.97 3 NAVIGATION 0 0 0 0 286 0. 570986.7
11.02 3 WP_MOVED 0 358113. 4822203. 702.
11.08 3 DESIRED 0. -0.11 0. 0. 700.053 -0.137
11.08 3 NAVIGATION 0 0 0 0 286 0. 570986.7
11.08 3 ATTITUDE 0 0 0
11.09 3 ESTIMATOR 700.513 0. 51.299999 5e-06 51.299969
11.14 3 DL_VALUE 34 0.037
11.14 3 NAVIGATION 0 0 0 0 286 0. 570986.7
11.14 3 WP_MOVED 1 358824.90625 4822110. 702.
11.20 3 COMMANDS 177,30,-1311,-516
11.20 3 NAVIGATION 0 0 0 0 286 0. 570986.7
11.20 3 ATTITUDE 0 0 0
11.21 3 GYRO_RATES -1 1 1 0.008727 0.008727 -0.008727
11.21 3 FBW_STATUS 0 0 123
11.21 3 ESTIMATOR 700.513 0. 51.299999 5e-06 51.299969
11.26 3 BAT 176 124 0 0 255 255 4
11.32 3 ACTUATORS 1430,1567,0,1214,1527
11.46 3 CALIBRATION -0.458 0.037 0.5 0
11.67 3 NAVIGATION 0 0 0 0 286 0. 570986.7
11.80 3 WP_MOVED 2 358071. 4822161. 0.
11.90 3 SERVO -1561 -99 176
11.97 3 DESIRED 0. -0.11 0. 0. 700.056 -0.136
11.98 3 NAVIGATION 0 0 0 0 286 0. 570986.7
11.99 3 ATTITUDE 0 0 0
12.00 3 PPRZ_MODE 0 3 0 0 0 1 0
12.02 3 ESTIMATOR 700.513 0. 51.299999 5e-06 51.299969
12.12 3 DOWNLINK_STATUS 10 2044 136 0 514. 34.
12.25 3 DL_VALUE 35 0.
12.27 3 NAVIGATION 0 0 0 0 286 0. 570986.7
12.37 3 WP_MOVED 0 358113. 4822203. 702.
12.67 3 COMMANDS 176,43,-1310,-511
12.72 3 NAVIGATION 0 0 0 0 286 0. 570986.7
12.72 3 ATTITUDE 0 0 0
12.72 3 GYRO_RATES -1 1 1 0.008727 0.008727 -0.008727
12.81 3 FBW_STATUS 0 0 124
12.81 3 ESTIMATOR 700.513 0. 51.299999 5e-06 51.299969
12.82 3 NAVIGATION 0 0 0 0 286 0. 570986.7
12.93 3 WP_MOVED 1 358824.90625 4822110. 702.
12.99 3 DESIRED 0. -0.11 0. 0. 700.057 -0.137
12.99 3 NAVIGATION 0 0 0 0 286 0. 570986.7
12.99 3 ATTITUDE 0 0 0
12.99 3 ESTIMATOR 700.513 0. 51.299999 5e-06 51.299969
13.04 3 DL_VALUE 36 0.
13.05 3 NAVIGATION 0 0 0 0 286 0. 570986.7
13.05 3 WP_MOVED 2 358071. 4822161. 0.
13.05 3 NAVIGATION_REF 358071 4822161 31
13.11 3 COMMANDS 177,43,-1313,-521
13.11 3 NAVIGATION 0 0 0 0 286 0. 570986.7
13.11 3 ATTITUDE 0 0 0
13.11 3 GYRO_RATES -1 1 1 0.008727 0.008727 -0.008727
13.16 3 FBW_STATUS 0 0 123
13.22 3 DOWNLINK_STATUS 12 2388 160 0 344. 24.
13.22 3 ESTIMATOR 700.513 0. 51.299999 5e-06 51.299969
13.28 3 BAT 166 123 0 0 257 257 4
13.28 3 CALIBRATION -0.458 0.037 0.5 0
13.28 3 NAVIGATION 0 0 0 0 286 0. 570986.7
13.34 3 WP_MOVED 0 358113. 4822203. 702.
13.40 3 SERVO -1561 -99 169
13.54 3 DESIRED 0. -0.11 0. 0. 700.055 -0.137
13.55 3 NAVIGATION 0 0 0 0 286 0. 570986.7
13.55 3 ATTITUDE 0 0 0
13.56 3 ESTIMATOR 700.513 0. 51.299999 5e-06 51.299969
13.61 3 DL_VALUE 37 0.
13.61 3 NAVIGATION 0 0 0 0 286 0. 570986.7
13.66 3 WP_MOVED 1 358824.90625 4822110. 702.
13.72 3 COMMANDS 180,29,-1313,-519
13.72 3 NAVIGATION 0 0 0 0 286 0. 570986.7
13.72 3 ATTITUDE 0 0 0
13.72 3 GYRO_RATES -1 1 1 0.008727 0.008727 -0.008727
13.83 3 FBW_STATUS 0 0 124
13.83 3 ESTIMATOR 700.513 0. 51.299999 5e-06 51.299969
13.83 3 NAVIGATION 0 0 0 0 286 0. 570986.7
13.84 3 WP_MOVED 2 358071. 4822161. 0.
13.84 3 DESIRED 0. -0.11 0. 0. 700.055 -0.137
13.84 3 NAVIGATION 0 0 0 0 286 0. 570986.7
13.85 3 ATTITUDE 0 0 0
13.85 3 ESTIMATOR 700.513 0. 51.299999 5e-06 51.299969
13.96 3 DL_VALUE 38 0.045
13.96 3 NAVIGATION 0 0 0 0 286 0. 570986.7
14.02 3 WP_MOVED 0 358113. 4822203. 702.
14.07 3 COMMANDS 179,46,-1299,-524
14.07 3 NAVIGATION 0 0 0 0 286 0. 570986.7
14.08 3 ATTITUDE 0 0 0
14.08 3 GYRO_RATES -1 1 1 0.008727 0.008727 -0.008727
14.08 3 FBW_STATUS 0 0 124
14.08 3 ESTIMATOR 700.513 0. 51.299999 5e-06 51.299969
14.14 3 BAT 176 123 0 0 259 259 4
14.14 3 CALIBRATION -0.458 0.037 0.5 0
14.14 3 NAVIGATION 0 0 0 0 286 0. 570986.7
14.19 3 WP_MOVED 1 358824.90625 4822110. 702.
14.26 3 SERVO -1561 -99 177
14.35 3 DESIRED 0. -0.11 0. 0. 700.055 -0.138
14.35 3 NAVIGATION 0 0 0 0 286 0. 570986.7
14.36 3 ATTITUDE 0 0 0
14.36 3 ESTIMATOR 700.513 0. 51.299999 5e-06 51.299969
14.42 3 DOWNLINK_STATUS 13 3053 203 0 665. 43.
14.53 3 DL_VALUE 39 0.045
14.53 3 NAVIGATION 0 0 0 0 286 0. 570986.7
14.59 3 WP_MOVED 2 358071. 4822161. 0.
14.65 3 COMMANDS 178,18,-1319,-523
14.65 3 NAVIGATION 0 0 0 0 286 0. 570986.7
14.65 3 ATTITUDE 0 0 0
14.65 3 GYRO_RATES -1 1 1 0.008727 0.008727 -0.008727
14.71 3 FBW_STATUS 0 0 123
14.71 3 ESTIMATOR 700.513 0. 51.299999 5e-06 51.299969
14.83 3 ACTUATORS 1431,1566,0,1215,1528
14.83 3 NAVIGATION 0 0 0 0 286 0. 570986.7
14.95 3 WP_MOVED 0 358113. 4822203. 702.
15.01 3 DESIRED 0. -0.11 0. 0. 700.057 -0.137
15.01 3 NAVIGATION 0 0 0 0 286 0. 570986.7
15.01 3 ATTITUDE 0 0 0
15.02 3 PPRZ_MODE 0 3 0 0 0 1 0
15.02 3 ESTIMATOR 700.513 0. 51.299999 5e-06 51.299969
15.08 3 DL_VALUE 40 0.1
15.08 3 NAVIGATION 0 0 0 0 286 0. 570986.7
15.14 3 WP_MOVED 1 358824.90625 4822110. 702.
15.23 3 COMMANDS 179,38,-1316,-524
15.23 3 NAVIGATION 0 0 0 0 286 0. 570986.7
15.23 3 ATTITUDE 0 0 0
15.23 3 GYRO_RATES -1 1 1 0.008727 0.008727 -0.008727
15.24 3 FBW_STATUS 0 0 123
15.24 3 ESTIMATOR 700.513 0. 51.299999 5e-06 51.299969
15.29 3 BAT 165 123 0 0 261 261 4
15.35 3 CALIBRATION -0.457 0.037 0.5 0
15.35 3 NAVIGATION 0 0 0 0 286 0. 570986.7
15.42 3 WP_MOVED 2 358071. 4822161. 0.
15.47 3 SERVO -1561 -99 173
15.57 3 DESIRED 0. -0.11 0. 0. 700.06 -0.136
15.63 3 DOWNLINK_STATUS 14 3526 235 0 473. 32.
15.64 3 NAVIGATION 0 0 0 0 286 0. 570986.7
15.64 3 ATTITUDE 0 0 0
15.64 3 ESTIMATOR 700.513 0. 51.299999 5e-06 51.299969
15.70 3 DL_VALUE 41 0.
15.70 3 NAVIGATION 0 0 0 0 286 0. 570986.7
15.76 3 WP_MOVED 0 358113. 4822203. 702.
15.96 3 COMMANDS 185,24,-1313,-534
15.96 3 NAVIGATION 0 0 0 0 286 0. 570986.7
15.96 3 ATTITUDE 0 0 0
15.96 3 GYRO_RATES -1 1 1 0.008727 0.008727 -0.008727
16.02 3 FBW_STATUS 0 0 124
16.02 3 ESTIMATOR 700.513 0. 51.299999 5e-06 51.299969
16.07 3 NAVIGATION 0 0 0 0 286 0. 570986.7
16.13 3 WP_MOVED 1 358824.90625 4822110. 702.
16.19 3 DESIRED 0. -0.11 0. 0. 700.055 -0.137
16.19 3 NAVIGATION 0 0 0 0 286 0. 570986.7
16.20 3 ATTITUDE 0 0 0
16.29 3 DOWNLINK_STATUS 15 3783 252 0 257. 17.
16.29 3 ESTIMATOR 700.513 0. 51.299999 5e-06 51.299969
16.40 3 DL_VALUE 42 0.5
16.41 3 NAVIGATION 0 0 0 0 286 0. 570986.7
16.56 3 WP_MOVED 2 358071. 4822161. 0.
16.66 3 COMMANDS 166,20,-1340,-514
16.66 3 NAVIGATION 0 0 0 0 286 0. 570986.7
16.66 3 ATTITUDE 0 0 0
16.66 3 GYRO_RATES -1 1 1 0.008727 0.008727 -0.008727
16.69 3 FBW_STATUS 0 0 123
16.76 3 ESTIMATOR 700.513 0. 51.299999 5e-06 51.299969
16.76 3 BAT 179 123 0 0 263 263 4
16.85 3 CALIBRATION -0.457 0.037 0.5 0
16.86 3 NAVIGATION 0 0 0 0 286 0. 570986.7
17.07 3 WP_MOVED 0 358113. 4822203. 702.
17.07 3 SERVO -1439 -99 176
17.10 3 DESIRED 0. -0.11 0. 0. 700.055 -0.138
17.10 3 NAVIGATION 0 0 0 0 286 0. 570986.7
17.10 3 ATTITUDE 0 0 0
17.17 3 ESTIMATOR 700.513 0. 51.299999 5e-06 51.299969
17.24 3 DOWNLINK_STATUS 16 4073 271 0 290. 19.
17.25 3 DL_VALUE 43 1.
17.36 3 NAVIGATION 0 0 0 0 286 0. 570986.7
17.36 3 WP_MOVED 1 358824.90625 4822110. 702.
17.68 3 COMMANDS 177,0,-1322,-526
17.68 3 NAVIGATION 0 0 0 0 286 0. 570986.7
17.68 3 ATTITUDE 0 0 0
17.68 3 GYRO_RATES -1 1 1 0.008727 0.008727 -0.008727
17.74 3 FBW_STATUS 0 0 123
17.74 3 ESTIMATOR 700.513 0. 51.299999 5e-06 51.299969
17.76 3 NAVIGATION 0 0 0 0 286 0. 570986.7
17.84 3 WP_MOVED 2 358071. 4822161. 0.
17.94 3 DESIRED 0. -0.11 0. 0. 700.053 -0.138
18.18 3 NAVIGATION 0 0 0 0 286 0. 570986.7
18.18 3 ATTITUDE 0 0 0
18.24 3 DOWNLINK_STATUS 17 4282 285 0 209. 14.
18.25 3 ESTIMATOR 700.513 0. 51.299999 5e-06 51.299969
18.25 3 DL_VALUE 44 0.
18.27 3 NAVIGATION 0 0 0 0 286 0. 570986.7
18.35 3 WP_MOVED 0 358113. 4822203. 702.
18.69 3 COMMANDS 194,83,-1300,-556
18.69 3 NAVIGATION 0 0 0 0 286 0. 570986.7
18.69 3 ATTITUDE 0 0 0
18.69 3 GYRO_RATES -1 1 1 0.008727 0.008727 -0.008727
18.69 3 FBW_STATUS 0 0 124
18.83 3 ESTIMATOR 700.513 0. 51.299999 5e-06 51.299969
18.83 3 BAT 162 123 0 0 265 265 4
18.83 3 ACTUATORS 1430,1566,0,1215,1527
18.83 3 CALIBRATION -0.457 0.037 0.5 0
18.83 3 NAVIGATION 0 0 0 0 286 0. 570986.7
18.83 3 WP_MOVED 1 358824.90625 4822110. 702.
18.83 3 SERVO -1561 -99 161
18.86 3 DESIRED 0. -0.11 0. 0. 700.056 -0.137
18.96 3 NAVIGATION 0 0 0 0 286 0. 570986.7
18.96 3 ATTITUDE 0 0 0
18.96 3 PPRZ_MODE 0 3 0 0 0 1 0
19.17 3 ESTIMATOR 700.513 0. 51.299999 5e-06 51.299969
19.18 3 DL_VALUE 0 700.056274
19.18 3 NAVIGATION 0 0 0 0 286 0. 570986.7
19.24 3 DOWNLINK_STATUS 18 4619 308 0 337. 23.
19.26 3 WP_MOVED 2 358071. 4822161. 0.
19.26 3 NAVIGATION_REF 358071 4822161 31
19.47 3 COMMANDS 162,30,-1338,-501
19.47 3 NAVIGATION 0 0 0 0 286 0. 570986.7
19.47 3 ATTITUDE 0 0 0
19.47 3 GYRO_RATES -1 1 1 0.008727 0.008727 -0.008727
19.49 3 FBW_STATUS 0 0 123
19.67 3 ESTIMATOR 700.513 0. 51.299999 5e-06 51.299969
19.75 3 NAVIGATION 0 0 0 0 286 0. 570986.7
19.75 3 WP_MOVED 0 358113. 4822203. 702.
19.86 3 DESIRED 0. -0.11 0. 0. 700.058 -0.137
19.89 3 NAVIGATION 0 0 0 0 286 0. 570986.7
19.89 3 ATTITUDE 0 0 0
20.17 3 ESTIMATOR 700.513 0. 51.299999 5e-06 51.299969
20.18 3 DL_VALUE 1 1.
20.18 3 NAVIGATION 0 0 0 0 286 0. 570986.7
20.18 3 WP_MOVED 1 358824.90625 4822110. 702.
20.24 3 DOWNLINK_STATUS 19 4876 325 0 257. 17.
20.46 3 COMMANDS 169,17,-1340,-514
20.46 3 NAVIGATION 0 0 0 0 286 0. 570986.7
20.46 3 ATTITUDE 0 0 0
20.46 3 GYRO_RATES -1 1 1 0.008727 0.008727 -0.008727
20.49 3 FBW_STATUS 0 0 123
20.49 3 ESTIMATOR 700.513 0. 51.299999 5e-06 51.299969
20.49 3 BAT 177 123 0 0 267 267 4
20.67 3 CALIBRATION -0.458 0.037 0.5 0
20.71 3 NAVIGATION 0 0 0 0 286 0. 570986.7
20.71 3 WP_MOVED 2 358071. 4822161. 0.
20.71 3 SERVO -1561 -99 177
20.75 3 DESIRED 0. -0.11 0. 0. 700.053 -0.138
20.84 3 NAVIGATION 0 0 0 0 286 0. 570986.7
20.84 3 ATTITUDE 0 0 0
20.99 3 ESTIMATOR 700.513 0. 51.299999 5e-06 51.299969
21.17 3 DL_VALUE 2 0.
21.17 3 NAVIGATION 0 0 0 0 286 0. 570986.7
21.18 3 WP_MOVED 0 358113. 4822203. 702.
21.24 3 DOWNLINK_STATUS 20 5144 343 0 268. 18.
21.49 3 COMMANDS 177,13,-1319,-534
21.49 3 NAVIGATION 0 0 0 0 286 0. 570986.7
21.49 3 ATTITUDE 0 0 0
21.49 3 GYRO_RATES -1 1 1 0.008727 0.008727 -0.008727
21.67 3 FBW_STATUS 0 0 123
21.67 3 ESTIMATOR 700.513 0. 51.299999 5e-06 51.299969
21.76 3 NAVIGATION 0 0 0 0 286 0. 570986.7
21.76 3 WP_MOVED 1 358824.90625 4822110. 702.
21.76 3 DESIRED 0. -0.11 0. 0. 700.053 -0.138
21.77 3 NAVIGATION 0 0 0 0 286 0. 570986.7
21.77 3 ATTITUDE 0 0 0
21.86 3 ESTIMATOR 700.513 0. 51.299999 5e-06 51.299969
21.96 3 DL_VALUE 3 0.
21.98 3 NAVIGATION 0 0 0 0 286 0. 570986.7
22.17 3 WP_MOVED 2 358071. 4822161. 0.
22.25 3 DOWNLINK_STATUS 21 5375 358 0 231. 15.
22.28 3 COMMANDS 166,24,-1338,-559
22.28 3 NAVIGATION 0 0 0 0 286 0. 570986.7
22.28 3 ATTITUDE 0 0 0
22.28 3 GYRO_RATES -1 1 1 0.008727 0.008727 -0.008727
22.35 3 FBW_STATUS 0 0 123
22.35 3 ESTIMATOR 700.513 0. 51.299999 5e-06 51.299969
22.35 3 BAT 186 123 0 0 269 269 4
22.46 3 CALIBRATION -0.459 0.037 0.5 0
22.46 3 NAVIGATION 0 0 0 0 286 0. 570986.7
22.67 3 WP_MOVED 0 358113. 4822203. 702.
22.71 3 SERVO -1561 -99 176
22.76 3 DESIRED 0. -0.11 0. 0. 700.055 -0.137
22.76 3 NAVIGATION 0 0 0 0 286 0. 570986.7
22.76 3 ATTITUDE 0 0 0
22.86 3 ESTIMATOR 700.513 0. 51.299999 5e-06 51.299969
22.87 3 DL_VALUE 4 0.
22.96 3 NAVIGATION 0 0 0 0 286 0. 570986.7
22.98 3 WP_MOVED 1 358824.90625 4822110. 702.
23.25 3 DOWNLINK_STATUS 22 5643 376 0 268. 18.
23.40 3 COMMANDS 186,23,-1305,-521
23.40 3 NAVIGATION 0 0 0 0 286 0. 570986.7
23.40 3 ATTITUDE 0 0 0
23.40 3 GYRO_RATES -1 1 1 0.008727 0.008727 -0.008727
23.40 3 FBW_STATUS 0 0 123
23.40 3 ESTIMATOR 700.513 0. 51.299999 5e-06 51.299969
23.56 3 ACTUATORS 1430,1567,0,1214,1528
23.56 3 NAVIGATION 0 0 0 0 286 0. 570986.7
23.56 3 WP_MOVED 2 358071. 4822161. 0.
23.57 3 DESIRED 0. -0.11 0. 0. 700.053 -0.138
23.65 3 NAVIGATION 0 0 0 0 286 0. 570986.7
23.65 3 ATTITUDE 0 0 0
23.65 3 PPRZ_MODE 0 3 0 0 0 1 0
23.88 3 ESTIMATOR 700.513 0. 51.299999 5e-06 51.299969
23.89 3 DL_VALUE 5 0.
23.89 3 NAVIGATION 0 0 0 0 286 0. 570986.7
23.96 3 WP_MOVED 0 358113. 4822203. 702.
24.16 3 COMMANDS 179,55,-1314,-524
24.16 3 NAVIGATION 0 0 0 0 286 0. 570986.7
24.16 3 ATTITUDE 0 0 0
24.17 3 GYRO_RATES -1 1 1 0.008727 0.008727 -0.008727
24.17 3 FBW_STATUS 0 0 123
24.25 3 DOWNLINK_STATUS 23 5958 398 0 315. 22.
24.38 3 ESTIMATOR 700.513 0. 51.299999 5e-06 51.299969
24.38 3 BAT 159 123 0 0 271 271 4
24.46 3 CALIBRATION -0.459 0.037 0.5 0
24.46 3 NAVIGATION 0 0 0 0 286 0. 570986.7
24.46 3 WP_MOVED 1 358824.90625 4822110. 702.
24.46 3 SERVO -1561 -99 158
24.54 3 DESIRED 0. -0.11 0. 0. 700.055 -0.137
24.59 3 NAVIGATION 0 0 0 0 286 0. 570986.7
24.59 3 ATTITUDE 0 0 0
24.68 3 ESTIMATOR 700.513 0. 51.299999 5e-06 51.299969
24.88 3 DL_VALUE 6 0.
24.89 3 NAVIGATION 0 0 0 0 286 0. 570986.7
24.89 3 WP_MOVED 2 358071. 4822161. 0.
25.09 3 COMMANDS 169,30,-1321,-494
25.09 3 NAVIGATION 0 0 0 0 286 0. 570986.7
25.09 3 ATTITUDE 0 0 0
25.09 3 GYRO_RATES -1 1 1 0.008727 0.008727 -0.008727
25.15 3 FBW_STATUS 0 0 123
25.15 3 ESTIMATOR 700.513 0. 51.299999 5e-06 51.299969
25.25 3 DOWNLINK_STATUS 24 6248 417 0 290. 19.
25.37 3 NAVIGATION 0 0 0 0 286 0. 570986.7
25.38 3 WP_MOVED 0 358113. 4822203. 702.
25.44 3 DESIRED 0. -0.11 0. 0. 700.057 -0.137
25.54 3 NAVIGATION 0 0 0 0 286 0. 570986.7
25.54 3 ATTITUDE 0 0 0
25.64 3 ESTIMATOR 700.513 0. 51.299999 5e-06 51.299969
25.87 3 DL_VALUE 7 0.
25.88 3 NAVIGATION 0 0 0 0 286 0. 570986.7
25.88 3 WP_MOVED 1 358824.90625 4822110. 702.
26.06 3 COMMANDS 172,21,-1327,-513
26.06 3 NAVIGATION 0 0 0 0 286 0. 570986.7
26.06 3 ATTITUDE 0 0 0
26.06 3 GYRO_RATES -1 1 1 0.008727 0.008727 -0.008727
26.06 3 FBW_STATUS 0 0 123
26.15 3 ESTIMATOR 700.513 0. 51.299999 5e-06 51.299969
26.15 3 BAT 177 123 0 0 273 273 4
26.17 3 CALIBRATION -0.458 0.037 0.5 0
26.25 3 DOWNLINK_STATUS 25 6508 434 0 260. 17.
26.38 3 NAVIGATION 0 0 0 0 286 0. 570986.7
26.38 3 WP_MOVED 2 358071. 4822161. 0.
26.38 3 SERVO -1561 -99 176
26.38 3 DESIRED 0. -0.11 0. 0. 700.051 -0.138
26.44 3 NAVIGATION 0 0 0 0 286 0. 570986.7
26.44 3 ATTITUDE 0 0 0
26.55 3 ESTIMATOR 700.513 0. 51.299999 5e-06 51.299969
26.64 3 DL_VALUE 8 0.
26.68 3 NAVIGATION 0 0 0 0 286 0. 570986.7
26.87 3 WP_MOVED 0 358113. 4822203. 702.
26.97 3 COMMANDS 179,27,-1318,-528
26.97 3 NAVIGATION 0 0 0 0 286 0. 570986.7
26.97 3 ATTITUDE 0 0 0
26.97 3 GYRO_RATES -1 1 2 0.008727 0.008727 -0.017453
27.00 3 FBW_STATUS 0 0 123
27.05 3 ESTIMATOR 700.513 0. 51.299999 5e-06 51.299969
27.14 3 NAVIGATION 0 0 0 0 286 0. 570986.7
27.26 3 DOWNLINK_STATUS 26 6765 451 0 257. 17.
27.36 3 WP_MOVED 1 358824.90625 4822110. 702.
27.46 3 DESIRED 0. -0.11 0. 0. 700.054 -0.137
27.46 3 NAVIGATION 0 0 0 0 286 0. 570986.7
27.46 3 ATTITUDE 0 0 0
27.54 3 ESTIMATOR 700.513 0. 51.299999 5e-06 51.299969
27.56 3 DL_VALUE 9 515.
27.64 3 NAVIGATION 0 0 0 0 286 0. 570986.7
27.69 3 WP_MOVED 2 358071. 4822161. 0.
27.69 3 NAVIGATION_REF 358071 4822161 31
28.08 3 COMMANDS 178,27,-1308,-513
28.08 3 NAVIGATION 0 0 0 0 286 0. 570986.7
28.08 3 ATTITUDE 0 0 0
28.08 3 GYRO_RATES -1 1 1 0.008727 0.008727 -0.008727
28.18 3 FBW_STATUS 0 0 123
28.18 3 ESTIMATOR 700.513 0. 51.299999 5e-06 51.299969
28.18 3 BAT 176 123 0 0 275 275 4
28.18 3 ACTUATORS 1430,1567,0,1214,1527
28.18 3 CALIBRATION -0.459 0.037 0.5 0
28.18 3 NAVIGATION 0 0 0 0 286 0. 570986.7
28.18 3 WP_MOVED 0 358113. 4822203. 702.
28.18 3 SERVO -1561 -99 176
28.26 3 DESIRED 0. -0.11 0. 0. 700.055 -0.138
28.29 3 DOWNLINK_STATUS 27 7098 473 0 333. 22.
28.35 3 NAVIGATION 0 0 0 0 286 0. 570986.7
28.35 3 ATTITUDE 0 0 0
28.35 3 PPRZ_MODE 0 3 0 0 0 1 0
28.57 3 ESTIMATOR 700.513 0. 51.299999 5e-06 51.299969
28.58 3 DL_VALUE 10 480.
28.58 3 NAVIGATION 0 0 0 0 286 0. 570986.7
28.64 3 WP_MOVED 1 358824.90625 4822110. 702.
28.87 3 COMMANDS 176,1,-1322,-524
28.87 3 NAVIGATION 0 0 0 0 286 0. 570986.7
28.87 3 ATTITUDE 0 0 0
28.87 3 GYRO_RATES -1 1 1 0.008727 0.008727 -0.008727
28.87 3 FBW_STATUS 0 0 123
29.08 3 ESTIMATOR 700.513 0. 51.299999 5e-06 51.299969
29.09 3 NAVIGATION 0 0 0 0 286 0. 570986.7
29.09 3 WP_MOVED 2 358071. 4822161. 0.
29.18 3 DESIRED 0. -0.11 0. 0. 700.053 -0.137
29.26 3 NAVIGATION 0 0 0 0 286 0. 570986.7
29.26 3 ATTITUDE 0 0 0
29.27 3 DOWNLINK_STATUS 28 7364 491 0 266. 18.
29.36 3 ESTIMATOR 700.513 0. 51.299999 5e-06 51.299969
29.57 3 DL_VALUE 11 470.
29.60 3 NAVIGATION 0 0 0 0 286 0. 570986.7
29.60 3 WP_MOVED 0 358113. 4822203. 702.
29.79 3 COMMANDS 173,43,-1300,-503
29.79 3 NAVIGATION 0 0 0 0 286 0. 570986.7
29.79 3 ATTITUDE 0 0 0
29.79 3 GYRO_RATES -1 1 1 0.008727 0.008727 -0.008727
29.85 3 FBW_STATUS 0 0 123
29.85 3 ESTIMATOR 700.513 0. 51.299999 5e-06 51.299969
29.85 3 BAT 177 123 0 0 277 277 4
30.07 3 CALIBRATION -0.459 0.037 0.5 0
30.07 3 NAVIGATION 0 0 0 0 286 0. 570986.7
30.08 3 WP_MOVED 1 358824.90625 4822110. 702.
30.08 3 SERVO -1561 -99 176
30.14 3 DESIRED 0. -0.11 0. 0. 700.056 -0.137
30.24 3 NAVIGATION 0 0 0 0 286 0. 570986.7
30.24 3 ATTITUDE 0 0 0
30.28 3 DOWNLINK_STATUS 29 7632 509 0 268. 18.
30.34 3 ESTIMATOR 700.513 0. 51.299999 5e-06 51.299969
30.37 3 DL_VALUE 12 1.35
30.58 3 NAVIGATION 0 0 0 0 286 0. 570986.7
30.58 3 WP_MOVED 2 358071. 4822161. 0.
30.80 3 COMMANDS 179,34,-1303,-509
30.80 3 NAVIGATION 0 0 0 0 286 0. 570986.7
30.80 3 ATTITUDE 0 0 0
30.80 3 GYRO_RATES -1 1 1 0.008727 0.008727 -0.008727
30.80 3 FBW_STATUS 0 0 123
30.80 3 ESTIMATOR 700.513 0. 51.299999 5e-06 51.299969
31.07 3 NAVIGATION 0 0 0 0 286 0. 570986.7
31.08 3 WP_MOVED 0 358113. 4822203. 702.
31.08 3 DESIRED 0. -0.11 0. 0. 700.052 -0.137
31.14 3 NAVIGATION 0 0 0 0 286 0. 570986.7
31.14 3 ATTITUDE 0 0 0
31.24 3 ESTIMATOR 700.513 0. 51.299999 5e-06 51.299969
31.27 3 DOWNLINK_STATUS 30 7885 525 0 253. 16.
31.35 3 DL_VALUE 13 0.
31.36 3 NAVIGATION 0 0 0 0 286 0. 570986.7
31.58 3 WP_MOVED 1 358824.90625 4822110. 702.
31.66 3 COMMANDS 175,29,-1318,-504
31.66 3 NAVIGATION 0 0 0 0 286 0. 570986.7
31.66 3 ATTITUDE 0 0 0
31.66 3 GYRO_RATES -1 0 1 0.008727 0. -0.008727
31.67 3 FBW_STATUS 0 0 124
31.76 3 ESTIMATOR 700.513 0. 51.299999 5e-06 51.299969
31.76 3 BAT 176 123 0 0 279 279 4
31.84 3 CALIBRATION -0.458 0.037 0.5 0
31.85 3 NAVIGATION 0 0 0 0 286 0. 570986.7
32.07 3 WP_MOVED 2 358071. 4822161. 0.
32.07 3 SERVO -1561 -99 167
32.10 3 DESIRED 0. -0.11 0. 0. 700.057 -0.136
32.10 3 NAVIGATION 0 0 0 0 286 0. 570986.7
32.10 3 ATTITUDE 0 0 0
32.17 3 ESTIMATOR 700.513 0. 51.299999 5e-06 51.299969
32.24 3 DL_VALUE 14 0.
32.29 3 DOWNLINK_STATUS 31 8160 544 0 275. 19.
32.35 3 NAVIGATION 0 0 0 0 286 0. 570986.7
32.35 3 WP_MOVED 0 358113. 4822203. 702.
32.68 3 COMMANDS 180,27,-1313,-521
32.68 3 NAVIGATION 0 0 0 0 286 0. 570986.7
32.68 3 ATTITUDE 0 0 0
32.68 3 GYRO_RATES -1 1 1 0.008727 0.008727 -0.008727
32.76 3 FBW_STATUS 0 0 124
32.76 3 ESTIMATOR 700.513 0. 51.299999 5e-06 51.299969
32.77 3 ACTUATORS 1430,1564,0,1214,1526
32.77 3 NAVIGATION 0 0 0 0 286 0. 570986.7
32.84 3 WP_MOVED 1 358824.90625 4822110. 702.
32.94 3 DESIRED 0. -0.11 0. 0. 700.055 -0.137
33.17 3 NAVIGATION 0 0 0 0 286 0. 570986.7
33.17 3 ATTITUDE 0 0 0
33.17 3 PPRZ_MODE 0 3 0 0 0 1 0
33.25 3 ESTIMATOR 700.513 0. 51.299999 5e-06 51.299969
33.25 3 DL_VALUE 15 0.75
33.26 3 NAVIGATION 0 0 0 0 286 0. 570986.7
33.30 3 DOWNLINK_STATUS 32 8431 562 0 271. 18.
33.35 3 WP_MOVED 2 358071. 4822161. 0.
33.69 3 COMMANDS 174,13,-1329,-514
33.69 3 NAVIGATION 0 0 0 0 286 0. 570986.7
33.69 3 ATTITUDE 0 0 0
33.69 3 GYRO_RATES -1 1 1 0.008727 0.008727 -0.008727
33.69 3 FBW_STATUS 0 0 123
33.80 3 ESTIMATOR 700.513 0. 51.299999 5e-06 51.299969
33.80 3 BAT 179 123 0 0 281 281 4
33.80 3 CALIBRATION -0.458 0.037 0.5 0
33.80 3 NAVIGATION 0 0 0 0 286 0. 570986.7
33.80 3 WP_MOVED 0 358113. 4822203. 702.
33.80 3 SERVO -1561 -99 166
33.86 3 DESIRED 0. -0.11 0. 0. 700.053 -0.138
33.95 3 NAVIGATION 0 0 0 0 286 0. 570986.7
33.95 3 ATTITUDE 0 0 0
34.17 3 ESTIMATOR 700.513 0. 51.299999 5e-06 51.299969
34.18 3 DL_VALUE 16 25000.
34.18 3 NAVIGATION 0 0 0 0 286 0. 570986.7
34.24 3 WP_MOVED 1 358824.90625 4822110. 702.
34.30 3 DOWNLINK_STATUS 33 8714 581 0 283. 19.
34.47 3 COMMANDS 179,7,-1318,-538
34.47 3 NAVIGATION 0 0 0 0 286 0. 570986.7
34.47 3 ATTITUDE 0 0 0
34.47 3 GYRO_RATES -1 1 1 0.008727 0.008727 -0.008727
34.49 3 FBW_STATUS 0 0 123
34.66 3 ESTIMATOR 700.513 0. 51.299999 5e-06 51.299969
34.75 3 NAVIGATION 0 0 0 0 286 0. 570986.7
34.76 3 WP_MOVED 2 358071. 4822161. 0.
34.85 3 DESIRED 0. -0.11 0. 0. 700.052 -0.138
34.88 3 NAVIGATION 0 0 0 0 286 0. 570986.7
34.88 3 ATTITUDE 0 0 0
35.16 3 ESTIMATOR 700.513 0. 51.299999 5e-06 51.299969
35.19 3 DL_VALUE 17 25000.
35.19 3 NAVIGATION 0 0 0 0 286 0. 570986.7
35.19 3 WP_MOVED 0 358113. 4822203. 702.
35.30 3 DOWNLINK_STATUS 34 8945 596 0 231. 15.
35.46 3 COMMANDS 183,35,-1305,-528
35.46 3 NAVIGATION 0 0 0 0 286 0. 570986.7
35.46 3 ATTITUDE 0 0 0
35.46 3 GYRO_RATES -1 1 1 0.008727 0.008727 -0.008727
35.49 3 FBW_STATUS 0 0 123
35.49 3 ESTIMATOR 700.513 0. 51.299999 5e-06 51.299969
35.49 3 BAT 176 123 0 0 283 283 4
35.66 3 CALIBRATION -0.459 0.037 0.5 0
35.69 3 NAVIGATION 0 0 0 0 286 0. 570986.7
35.69 3 WP_MOVED 1 358824.90625 4822110. 702.
35.69 3 SERVO -1439 -99 174
35.75 3 DESIRED 0. -0.11 0. 0. 700.056 -0.137
35.84 3 NAVIGATION 0 0 0 0 286 0. 570986.7
35.84 3 ATTITUDE 0 0 0
35.94 3 ESTIMATOR 700.513 0. 51.299999 5e-06 51.299969
36.17 3 DL_VALUE 18 0.75
36.17 3 NAVIGATION 0 0 0 0 286 0. 570986.7
36.18 3 WP_MOVED 2 358071. 4822161. 0.
36.18 3 NAVIGATION_REF 358071 4822161 31
36.31 3 DOWNLINK_STATUS 35 9224 615 0 279. 19.
36.37 3 COMMANDS 176,17,-1321,-519
36.38 3 NAVIGATION 0 0 0 0 286 0. 570986.7
36.38 3 ATTITUDE 0 0 0
36.38 3 GYRO_RATES -1 1 1 0.008727 0.008727 -0.008727
36.38 3 FBW_STATUS 0 0 123
36.44 3 ESTIMATOR 700.513 0. 51.299999 5e-06 51.299969
36.67 3 NAVIGATION 0 0 0 0 286 0. 570986.7
36.68 3 WP_MOVED 0 358113. 4822203. 702.
36.68 3 DESIRED 0. -0.11 0. 0. 700.056 -0.137
36.75 3 NAVIGATION 0 0 0 0 286 0. 570986.7
36.75 3 ATTITUDE 0 0 0
36.86 3 ESTIMATOR 700.513 0. 51.299999 5e-06 51.299969
36.93 3 DL_VALUE 19 14000.
36.98 3 NAVIGATION 0 0 0 0 286 0. 570986.7
37.16 3 WP_MOVED 1 358824.90625 4822110. 702.
37.28 3 COMMANDS 180,74,-1311,-524
37.28 3 NAVIGATION 0 0 0 0 286 0. 570986.7
37.28 3 ATTITUDE 0 0 0
37.29 3 GYRO_RATES -1 1 1 0.008727 0.008727 -0.008727
37.33 3 DOWNLINK_STATUS 36 9512 634 0 288. 19.
37.36 3 FBW_STATUS 0 0 123
37.36 3 ESTIMATOR 700.513 0. 51.299999 5e-06 51.299969
37.36 3 BAT 169 123 0 0 285 285 4
37.46 3 ACTUATORS 1432,1569,0,1214,1527
37.46 3 CALIBRATION -0.458 0.037 0.5 0
37.46 3 NAVIGATION 0 0 0 0 286 0. 570986.7
