4.04 34 ESTIMATOR 0. 0. 0. 0. 0.
4.07 34 GPS 0 49843677 356191231 0 175539 0 0 153419749 12 0
4.22 34 COMMANDS 170,105,84,123
4.22 34 NAVIGATION 0 1 0 0 38 0. 140.5
4.22 34 ATTITUDE -4 0 -2
4.22 34 DL_VALUE 26 10000.
4.22 34 FBW_STATUS 0 0 122
4.22 34 RAD_OF_IR -23 0 0.00151
4.31 34 GPS 0 49843677 356191231 0 175539 0 0 153420001 12 0
4.31 34 IR_SENSORS -728 -24 1
4.31 34 NAVIGATION 0 1 0 0 38 0. 140.5
4.39 34 WP_MOVED 3 497546.40625 3565495.5 833.
4.39 34 GYRO_RATES -38 -21 -4 0.331613 -0.18326 -0.034907
4.51 34 ESTIMATOR 0. 0. 0. 0. 0.
4.51 34 GPS 0 49843677 356191231 0 175539 0 0 153420249 12 0
4.71 34 NAVIGATION 0 1 0 0 38 0. 140.5
4.71 34 ATTITUDE -4 0 -2
4.73 34 DOWNLINK_STATUS 4 1247 79 0 527. 33.
4.82 34 CALIB_CONTRAST 1262
4.82 34 DESIRED 0. -0.01 0. 0. 778. 0.
4.82 34 GPS 0 49843677 356191231 0 175539 0 0 153420501 12 0
4.82 34 NAVIGATION 0 1 0 0 38 0. 140.5
4.88 34 WP_MOVED 4 497575. 3565498. 0.
4.98 34 ESTIMATOR 0. 0. 0. 0. 0.
5.24 34 GPS 0 49843677 356191231 0 175539 0 0 153420749 12 0
5.24 34 SVINFO 0 31 12 7 37 78 102
5.24 34 COMMANDS 167,23,-28,107
5.24 34 NAVIGATION 0 1 0 0 38 0. 140.5
5.24 34 ATTITUDE -4 0 -2
5.24 34 DL_VALUE 27 4000.
5.24 34 FBW_STATUS 0 0 122
5.41 34 RAD_OF_IR -27 0 0.00151
5.41 34 IR_SENSORS -728 -28 1
5.42 34 NAVIGATION 0 1 0 0 38 0. 140.5
5.42 34 GPS 0 49843677 356191231 0 175539 0 0 153421001 12 0
5.42 34 WP_MOVED 0 497617. 3565540. 833.
5.42 34 GYRO_RATES -38 -21 -4 0.331613 -0.18326 -0.034907
5.42 34 ESTIMATOR 0. 0. 0. 0. 0.
5.42 34 BAT 167 122 0 0 317 1 4
5.72 34 NAVIGATION 0 1 0 0 38 0. 140.5
5.73 34 ATTITUDE -5 0 -2
5.73 34 CALIBRATION 0. 0.023 0.067 0
5.73 34 GPS 0 49843677 356191231 0 175539 0 0 153421249 12 0
5.73 34 DOWNLINK_STATUS 5 1647 104 0 400. 25.
5.80 34 CALIB_CONTRAST 1262
5.80 34 SERVO 5689 -7505 166
5.80 34 DESIRED 0. -0.01 0. 0. 778. 0.
5.80 34 IR_DEBUG 500 540 500 540
5.80 34 NAVIGATION 0 1 0 0 38 0. 140.5
5.81 34 GPS 0 49843677 356191231 0 175539 0 0 153421501 12 0
5.81 34 WP_MOVED 1 497586.6875 3565500. 833.
5.88 34 ESTIMATOR 0. 0. 0. 0. 0.
6.03 34 COMMANDS 0,24,-107,399
6.03 34 NAVIGATION 0 1 0 0 38 0. 140.5
6.03 34 ATTITUDE -4 0 -2
6.03 34 DL_VALUE 28 0.228
6.03 34 GPS 0 49843677 356191231 0 175539 0 0 153421749 12 0
6.03 34 FBW_STATUS 0 0 122
6.20 34 RAD_OF_IR -27 0 0.00151
6.31 34 IR_SENSORS -726 -28 1
6.31 34 NAVIGATION 0 1 0 0 38 0. 140.5
6.32 34 WP_MOVED 2 497622.6875 3565498.5 833.
6.32 34 GYRO_RATES -38 -20 -4 0.331613 -0.174533 -0.034907
6.32 34 GPS 0 49843677 356191231 0 175539 0 0 153422001 12 0
6.38 34 ESTIMATOR 0. 0. 0. 0. 0.
6.41 34 NAVIGATION 0 1 0 0 38 0. 140.5
6.41 34 ATTITUDE -5 0 -2
6.51 34 GPS 0 49843677 356191231 0 175539 0 0 153422249 12 0
6.51 34 CALIB_CONTRAST 1262
6.71 34 DESIRED 0. -0.01 0. 0. 778. 0.
6.72 34 NAVIGATION 0 1 0 0 38 0. 140.5
6.72 34 WP_MOVED 3 497546.40625 3565495.5 833.
6.73 34 DOWNLINK_STATUS 6 2089 132 0 442. 28.
6.83 34 GPS 0 49843677 356191231 0 175539 0 0 153422501 12 0
6.83 34 ESTIMATOR 0. 0. 0. 0. 0.
6.92 34 COMMANDS 167,21,-9,123
6.92 34 NAVIGATION 0 1 0 0 38 0. 140.5
6.92 34 ATTITUDE -5 0 -2
6.92 34 DL_VALUE 29 0.42
7.01 34 FBW_STATUS 0 0 122
7.02 34 RAD_OF_IR -30 0 0.00151
7.02 34 GPS 0 49843677 356191231 0 175539 0 0 153422749 12 0
7.20 34 IR_SENSORS -728 -30 1
7.23 34 NAVIGATION 0 1 0 0 38 0. 140.5
7.23 34 WP_MOVED 4 497575. 3565498. 0.
7.23 34 GYRO_RATES -38 -21 -4 0.331613 -0.18326 -0.034907
7.31 34 GPS 0 49843677 356191231 0 175539 0 0 153423001 12 0
7.31 34 ESTIMATOR 0. 0. 0. 0. 0.
7.31 34 BAT 167 122 0 0 319 1 4
7.40 34 NAVIGATION 0 1 0 0 38 0. 140.5
7.40 34 ATTITUDE -5 0 -2
7.40 34 CALIBRATION 0. 0.023 0.067 0
7.51 34 CALIB_CONTRAST 1262
7.51 34 SERVO 5689 -7409 169
7.51 34 GPS 0 49843677 356191231 0 175539 0 0 153423249 12 0
7.72 34 DESIRED 0. -0.01 0. 0. 778. 0.
7.72 34 IR_DEBUG 500 541 500 541
7.72 34 NAVIGATION 0 1 0 0 38 0. 140.5
7.73 34 DOWNLINK_STATUS 7 2482 157 0 393. 25.
7.80 34 WP_MOVED 0 497617. 3565540. 833.
7.80 34 ESTIMATOR 0. 0. 0. 0. 0.
7.80 34 GPS 0 49843677 356191231 0 175539 0 0 153423501 12 0
7.89 34 COMMANDS 137,17,-77,121
7.89 34 NAVIGATION 0 1 0 0 38 0. 140.5
7.89 34 ATTITUDE -5 0 -2
7.89 34 DL_VALUE 30 0.
7.89 34 FBW_STATUS 0 0 122
8.11 34 RAD_OF_IR -28 0 0.00151
8.11 34 NAVIGATION_REF 497575 3565498 12
8.21 34 GPS 0 49843677 356191231 0 175539 0 0 153423749 12 0
8.22 34 ACTUATORS 1500,1501,0,1214,1505
8.22 34 IR_SENSORS -728 -28 1
8.22 34 NAVIGATION 0 1 0 0 38 0. 140.5
8.22 34 WP_MOVED 1 497586.6875 3565500. 833.
8.22 34 GYRO_RATES -38 -21 -4 0.331613 -0.18326 -0.034907
8.22 34 ESTIMATOR 0. 0. 0. 0. 0.
8.33 34 GPS 0 49843677 356191231 0 175539 0 0 153424001 12 0
8.33 34 NAVIGATION 0 1 0 0 38 0. 140.5
8.33 34 ATTITUDE -5 0 -2
8.38 34 CALIB_CONTRAST 1262
8.73 34 DOWNLINK_STATUS 8 2796 178 0 314. 21.
8.74 34 DESIRED 0. -0.01 0. 0. 778. 0.
8.74 34 GPS 0 49843677 356191231 0 175539 0 0 153424249 12 0
8.74 34 NAVIGATION 0 1 0 0 38 0. 140.5
8.74 34 WP_MOVED 2 497622.6875 3565498.5 833.
8.74 34 PPRZ_MODE 0 0 3 0 0 1 0
8.78 34 ESTIMATOR 0. 0. 0. 0. 0.
8.83 34 COMMANDS 173,17,-6,108
8.83 34 NAVIGATION 0 1 0 0 38 0. 140.5
8.83 34 GPS 0 49843677 356191231 0 175539 0 0 153424501 12 0
8.83 34 ATTITUDE -5 0 -2
8.84 34 DL_VALUE 31 0.023
8.87 34 FBW_STATUS 0 0 123
8.88 34 RAD_OF_IR -30 0 0.00151
9.24 34 IR_SENSORS -728 -30 1
9.24 34 NAVIGATION 0 1 0 0 38 0. 140.5
9.24 34 GPS 0 49843677 356191231 0 175539 0 0 153424749 12 0
9.24 34 SVINFO 0 31 12 7 37 78 102
9.24 34 WP_MOVED 3 497546.40625 3565495.5 833.
9.24 34 GYRO_RATES -38 -21 -4 0.331613 -0.18326 -0.034907
9.32 34 ESTIMATOR 0. 0. 0. 0. 0.
9.32 34 BAT 175 123 0 0 321 1 4
9.32 34 NAVIGATION 0 1 0 0 38 0. 140.5
9.32 34 ATTITUDE -5 0 -2
9.32 34 CALIBRATION 0. 0.023 0.067 0
9.32 34 GPS 0 49843677 356191231 0 175539 0 0 153425001 12 0
9.38 34 CALIB_CONTRAST 1262
9.38 34 SERVO 5780 -7313 169
9.73 34 DOWNLINK_STATUS 9 3213 205 0 417. 27.
9.74 34 DESIRED 0. -0.01 0. 0. 778. 0.
9.74 34 IR_DEBUG 498 544 498 544
9.74 34 NAVIGATION 0 1 0 0 38 0. 140.5
9.74 34 GPS 0 49843677 356191231 0 175539 0 0 153425249 12 0
9.74 34 WP_MOVED 4 497575. 3565498. 0.
9.80 34 ESTIMATOR 0. 0. 0. 0. 0.
9.80 34 COMMANDS 160,21,-12,127
9.80 34 NAVIGATION 0 1 0 0 38 0. 140.5
9.80 34 ATTITUDE -5 0 -2
9.80 34 DL_VALUE 32 0.001
9.81 34 GPS 0 49843677 356191231 0 175539 0 0 153425501 12 0
9.82 34 FBW_STATUS 0 0 122
9.82 34 RAD_OF_IR -31 0 0.00151
9.87 34 IR_SENSORS -727 -31 1
9.92 34 NAVIGATION 0 1 0 0 38 0. 140.5
10.23 34 WP_MOVED 0 497617. 3565540. 833.
10.23 34 GYRO_RATES -38 -21 -4 0.331613 -0.18326 -0.034907
10.23 34 GPS 0 49843677 356191231 0 175539 0 0 153425749 12 0
10.24 34 ESTIMATOR 0. 0. 0. 0. 0.
10.30 34 NAVIGATION 0 1 0 0 38 0. 140.5
10.30 34 ATTITUDE -5 0 -2
10.30 34 GPS 0 49843677 356191231 0 175539 0 0 153426001 12 0
10.30 34 CALIB_CONTRAST 1262
10.39 34 DESIRED 0. -0.01 0. 0. 778. 0.
10.40 34 NAVIGATION 0 1 0 0 38 0. 140.5
10.52 34 WP_MOVED 1 497586.6875 3565500. 833.
10.52 34 GPS 0 49843677 356191231 0 175539 0 0 153426249 12 0
10.73 34 DOWNLINK_STATUS 10 3670 232 0 457. 27.
10.81 34 ESTIMATOR 0. 0. 0. 0. 0.
10.81 34 COMMANDS 179,21,15,128
10.81 34 NAVIGATION 0 1 0 0 38 0. 140.5
10.81 34 ATTITUDE -5 0 -2
10.81 34 DL_VALUE 33 0.01
10.81 34 FBW_STATUS 0 0 122
10.81 34 RAD_OF_IR -29 0 0.00151
10.81 34 GPS 0 49843677 356191231 0 175539 0 0 153426501 12 0
10.82 34 IR_SENSORS -727 -30 1
10.88 34 NAVIGATION 0 1 0 0 38 0. 140.5
11.25 34 WP_MOVED 2 497622.6875 3565498.5 833.
11.25 34 GYRO_RATES -38 -21 -3 0.331613 -0.18326 -0.02618
11.25 34 GPS 0 49843677 356191231 0 175539 0 0 153426749 12 0
11.25 34 ESTIMATOR 0. 0. 0. 0. 0.
11.25 34 BAT 170 122 0 0 323 1 4
11.25 34 NAVIGATION 0 1 0 0 38 0. 140.5
11.43 34 ATTITUDE -5 0 -2
11.43 34 CALIBRATION 0. 0.023 0.067 0
11.43 34 CALIB_CONTRAST 1262
11.43 34 SERVO 5546 -7361 169
11.43 34 GPS 0 49843677 356191231 0 175539 0 0 153427001 12 0
11.43 34 DESIRED 0. -0.01 0. 0. 778. 0.
11.43 34 IR_DEBUG 498 543 498 543
11.43 34 WP_MOVED 3 497546.40625 3565495.5 833.
11.54 34 ESTIMATOR 0. 0. 0. 0. 0.
11.54 34 GPS 0 49843677 356191231 0 175539 0 0 153427249 12 0
11.72 34 COMMANDS 169,23,-12,112
11.72 34 NAVIGATION 0 1 0 0 38 0. 140.5
11.72 34 ATTITUDE -5 0 -2
11.72 34 DL_VALUE 34 1.
11.72 34 FBW_STATUS 0 0 122
11.72 34 RAD_OF_IR -30 0 0.00151
11.73 34 DOWNLINK_STATUS 11 4141 264 0 471. 32.
11.81 34 GPS 0 49843677 356191231 0 175539 0 0 153427501 12 0
11.81 34 IR_SENSORS -726 -30 1
11.81 34 NAVIGATION 0 1 0 0 38 0. 140.5
11.99 34 WP_MOVED 4 497575. 3565498. 0.
11.99 34 GYRO_RATES -38 -21 -3 0.331613 -0.18326 -0.02618
12.02 34 ESTIMATOR 0. 0. 0. 0. 0.
12.02 34 GPS 0 49843677 356191231 0 175539 0 0 153427749 12 0
12.33 34 NAVIGATION 0 1 0 0 38 0. 140.5
12.33 34 ATTITUDE -5 0 -2
12.33 34 CALIB_CONTRAST 1262
12.33 34 DESIRED 0. -0.01 0. 0. 778. 0.
12.33 34 GPS 0 49843677 356191231 0 175539 0 0 153428001 12 0
12.33 34 NAVIGATION 0 1 0 0 38 0. 140.5
12.37 34 WP_MOVED 0 497617. 3565540. 833.
12.48 34 ESTIMATOR 0. 0. 0. 0. 0.
12.73 34 GPS 0 49843677 356191231 0 175539 0 0 153428249 12 0
12.73 34 COMMANDS 0,23,-94,357
12.73 34 NAVIGATION 0 1 0 0 38 0. 140.5
12.73 34 ATTITUDE -5 0 -2
12.73 34 DL_VALUE 35 0.
12.73 34 FBW_STATUS 0 0 122
12.73 34 DOWNLINK_STATUS 12 4492 285 0 351. 21.
12.92 34 RAD_OF_IR -35 0 0.00151
12.93 34 ACTUATORS 1500,1501,0,1213,1506
12.93 34 IR_SENSORS -726 -35 1
12.93 34 NAVIGATION 0 1 0 0 38 0. 140.5
12.93 34 GPS 0 49843677 356191231 0 175539 0 0 153428501 12 0
12.93 34 WP_MOVED 1 497586.6875 3565500. 833.
12.93 34 GYRO_RATES -38 -21 -4 0.331613 -0.18326 -0.034907
12.93 34 ESTIMATOR 0. 0. 0. 0. 0.
12.93 34 BAT 162 122 0 0 324 0 5
13.24 34 NAVIGATION 0 1 0 0 38 0. 140.5
13.24 34 ATTITUDE -6 0 -2
13.24 34 CALIBRATION 0. 0.023 0.067 0
13.24 34 GPS 0 49843677 356191231 0 175539 0 0 153428749 12 0
13.24 34 SVINFO 0 31 12 7 37 78 102
13.24 34 CALIB_CONTRAST 1262
13.24 34 SERVO 5508 -7168 55
13.65 34 DESIRED 0. -0.01 0. 0. 778. 0.
13.65 34 IR_DEBUG 492 543 492 543
13.65 34 NAVIGATION 0 1 0 0 38 0. 140.5
13.65 34 GPS 0 49843677 356191231 0 175539 0 0 153429001 12 0
13.65 34 WP_MOVED 2 497622.6875 3565498.5 833.
13.65 34 PPRZ_MODE 0 0 3 0 0 1 0
13.73 34 COMMANDS 166,26,-12,124
13.73 34 NAVIGATION 0 1 0 0 38 0. 140.5
13.73 34 ATTITUDE -6 0 -2
13.73 34 DL_VALUE 36 0.
13.73 34 GPS 0 49843677 356191231 0 175539 0 0 153429249 12 0
13.73 34 FBW_STATUS 0 0 122
13.73 34 RAD_OF_IR -35 0 0.00151
13.73 34 IR_SENSORS -725 -35 1
13.73 34 NAVIGATION 0 1 0 0 38 0. 140.5
13.73 34 DOWNLINK_STATUS 13 4946 316 0 454. 31.
13.80 34 WP_MOVED 3 497546.40625 3565495.5 833.
13.80 34 GYRO_RATES -38 -20 -4 0.331613 -0.174533 -0.034907
13.80 34 GPS 0 49843677 356191231 0 175539 0 0 153429501 12 0
13.88 34 ESTIMATOR 0. 0. 0. 0. 0.
13.91 34 NAVIGATION 0 1 0 0 38 0. 140.5
13.91 34 ATTITUDE -6 0 -2
14.11 34 GPS 0 49843677 356191231 0 175539 0 0 153429749 12 0
14.11 34 CALIB_CONTRAST 1262
14.21 34 DESIRED 0. -0.01 0. 0. 778. 0.
14.21 34 NAVIGATION 0 1 0 0 38 0. 140.5
14.21 34 WP_MOVED 4 497575. 3565498. 0.
14.31 34 GPS 0 49843677 356191231 0 175539 0 0 153430001 12 0
14.31 34 ESTIMATOR 0. 0. 0. 0. 0.
14.42 34 COMMANDS 192,17,-9,75
14.42 34 NAVIGATION 0 1 0 0 38 0. 140.5
14.42 34 ATTITUDE -6 0 -2
14.42 34 DL_VALUE 37 0.1
14.62 34 FBW_STATUS 0 0 122
14.62 34 RAD_OF_IR -38 0 0.00151
14.62 34 GPS 0 49843677 356191231 0 175539 0 0 153430249 12 0
14.62 34 IR_SENSORS -725 -37 1
14.62 34 NAVIGATION 0 1 0 0 38 0. 140.5
14.69 34 WP_MOVED 0 497617. 3565540. 833.
14.69 34 GYRO_RATES -38 -21 -3 0.331613 -0.18326 -0.02618
14.73 34 DOWNLINK_STATUS 14 5342 340 0 396. 24.
14.82 34 GPS 0 49843677 356191231 0 175539 0 0 153430501 12 0
14.82 34 ESTIMATOR 0. 0. 0. 0. 0.
14.82 34 BAT 166 122 0 0 326 0 5
14.89 34 NAVIGATION 0 1 0 0 38 0. 140.5
14.89 34 ATTITUDE -6 0 -2
14.89 34 CALIBRATION 0. 0.023 0.067 0
15.11 34 CALIB_CONTRAST 1262
15.11 34 SERVO 5319 -7072 190
15.11 34 GPS 0 49843677 356191231 0 175539 0 0 153430749 12 0
15.20 34 DESIRED 0. -0.01 0. 0. 778. 0.
15.20 34 IR_DEBUG 492 545 492 545
15.20 34 NAVIGATION 0 1 0 0 38 0. 140.5
15.20 34 WP_MOVED 1 497586.6875 3565500. 833.
15.29 34 ESTIMATOR 0. 0. 0. 0. 0.
15.29 34 GPS 0 49843677 356191231 0 175539 0 0 153431001 12 0
15.39 34 COMMANDS 170,9,-26,104
15.39 34 NAVIGATION 0 1 0 0 38 0. 140.5
15.39 34 ATTITUDE -6 0 -2
15.39 34 DL_VALUE 38 0.
15.39 34 FBW_STATUS 0 0 122
15.40 34 RAD_OF_IR -35 0 0.00151
15.61 34 GPS 0 49843677 356191231 0 175539 0 0 153431249 12 0
15.61 34 IR_SENSORS -726 -36 1
15.70 34 NAVIGATION 0 1 0 0 38 0. 140.5
15.70 34 WP_MOVED 2 497622.6875 3565498.5 833.
15.70 34 GYRO_RATES -38 -21 -4 0.331613 -0.18326 -0.034907
15.73 34 DOWNLINK_STATUS 15 5750 366 0 408. 26.
16.13 34 ESTIMATOR 0. 0. 0. 0. 0.
16.13 34 GPS 0 49843677 356191231 0 175539 0 0 153431501 12 0
16.13 34 NAVIGATION 0 1 0 0 38 0. 140.5
16.13 34 ATTITUDE -6 0 -2
16.13 34 CALIB_CONTRAST 1262
16.21 34 DESIRED 0. -0.01 0. 0. 778. 0.
16.21 34 GPS 0 49843677 356191231 0 175539 0 0 153431749 12 0
16.21 34 NAVIGATION 0 1 0 0 38 0. 140.5
16.21 34 WP_MOVED 3 497546.40625 3565495.5 833.
16.21 34 ESTIMATOR 0. 0. 0. 0. 0.
16.33 34 GPS 0 49843677 356191231 0 175539 0 0 153432001 12 0
16.33 34 COMMANDS 169,17,-11,34
16.33 34 NAVIGATION 0 1 0 0 38 0. 140.5
16.33 34 ATTITUDE -6 0 -2
16.33 34 DL_VALUE 39 0.067
16.37 34 FBW_STATUS 0 0 122
16.39 34 RAD_OF_IR -37 0 0.00151
16.39 34 NAVIGATION_REF 497575 3565498 12
16.62 34 IR_SENSORS -726 -37 1
16.62 34 NAVIGATION 0 1 0 0 38 0. 140.5
16.62 34 GPS 0 49843677 356191231 0 175539 0 0 153432249 12 0
16.70 34 WP_MOVED 4 497575. 3565498. 0.
16.70 34 GYRO_RATES -38 -21 -4 0.331613 -0.18326 -0.034907
16.70 34 ESTIMATOR 0. 0. 0. 0. 0.
16.70 34 BAT 198 122 0 0 328 0 5
16.73 34 DOWNLINK_STATUS 16 6158 391 0 408. 25.
16.80 34 NAVIGATION 0 1 0 0 38 0. 140.5
16.80 34 ATTITUDE -6 0 -2
16.80 34 CALIBRATION 0. 0.023 0.067 0
16.80 34 GPS 0 49843677 356191231 0 175539 0 0 153432501 12 0
16.82 34 CALIB_CONTRAST 1262
16.82 34 SERVO 5553 -7024 176
17.24 34 DESIRED 0. -0.01 0. 0. 778. 0.
17.24 34 IR_DEBUG 491 547 491 547
17.25 34 NAVIGATION 0 1 0 0 38 0. 140.5
17.25 34 GPS 0 49843677 356191231 0 175539 0 0 153432749 12 0
17.25 34 SVINFO 0 31 12 7 37 78 102
17.25 34 WP_MOVED 0 497617. 3565540. 833.
17.33 34 ESTIMATOR 0. 0. 0. 0. 0.
17.33 34 COMMANDS 186,15,7,99
17.33 34 NAVIGATION 0 1 0 0 38 0. 140.5
17.33 34 ATTITUDE -6 0 -2
17.33 34 DL_VALUE 40 1.
17.33 34 GPS 0 49843677 356191231 0 175539 0 0 153433001 12 0
17.33 34 FBW_STATUS 0 0 122
17.33 34 RAD_OF_IR -38 0 0.00151
17.38 34 ACTUATORS 1500,1502,0,1212,1506
17.38 34 IR_SENSORS -728 -39 1
17.42 34 NAVIGATION 0 1 0 0 38 0. 140.5
17.73 34 WP_MOVED 1 497586.6875 3565500. 833.
17.74 34 GYRO_RATES -38 -21 -4 0.331613 -0.18326 -0.034907
17.74 34 GPS 0 49843677 356191231 0 175539 0 0 153433249 12 0
17.74 34 ESTIMATOR 0. 0. 0. 0. 0.
17.74 34 DOWNLINK_STATUS 17 6575 418 0 417. 27.
17.78 34 NAVIGATION 0 1 0 0 38 0. 140.5
17.78 34 ATTITUDE -6 0 -2
17.79 34 GPS 0 49843677 356191231 0 175539 0 0 153433501 12 0
17.79 34 CALIB_CONTRAST 1262
17.90 34 DESIRED 0. -0.01 0. 0. 778. 0.
17.90 34 NAVIGATION 0 1 0 0 38 0. 140.5
18.01 34 WP_MOVED 2 497622.6875 3565498.5 833.
18.01 34 PPRZ_MODE 0 0 3 0 0 1 0
18.01 34 GPS 0 49843677 356191231 0 175539 0 0 153433749 12 0
18.20 34 ESTIMATOR 0. 0. 0. 0. 0.
18.20 34 COMMANDS 173,15,-12,104
18.20 34 NAVIGATION 0 1 0 0 38 0. 140.5
18.20 34 ATTITUDE -6 0 -2
18.20 34 DL_VALUE 41 0.
18.20 34 FBW_STATUS 0 0 122
18.29 34 RAD_OF_IR -41 0 0.00151
18.29 34 GPS 0 49843677 356191231 0 175539 0 0 153434001 12 0
18.74 34 DOWNLINK_STATUS 18 6835 435 0 260. 17.
18.75 34 IR_SENSORS -727 -39 1
18.75 34 NAVIGATION 0 1 0 0 38 0. 140.5
18.75 34 WP_MOVED 3 497546.40625 3565495.5 833.
18.75 34 GYRO_RATES -38 -20 -3 0.331613 -0.174533 -0.02618
18.75 34 GPS 0 49843677 356191231 0 175539 0 0 153434249 12 0
18.75 34 ESTIMATOR 0. 0. 0. 0. 0.
18.80 34 NAVIGATION 0 1 0 0 38 0. 140.5
18.80 34 ATTITUDE -6 0 -2
18.80 34 CALIBRATION 0. 0.023 0.067 0
18.80 34 CALIB_CONTRAST 1262
18.80 34 SERVO 5689 -7128 169
18.92 34 GPS 0 49843677 356191231 0 175539 0 0 153434501 12 0
18.92 34 DESIRED 0. -0.01 0. 0. 778. 0.
18.92 34 IR_DEBUG 491 549 491 549
18.92 34 NAVIGATION 0 1 0 0 38 0. 140.5
18.92 34 WP_MOVED 4 497575. 3565498. 0.
19.03 34 ESTIMATOR 0. 0. 0. 0. 0.
19.03 34 GPS 0 49843677 356191231 0 175539 0 0 153434749 12 0
19.22 34 COMMANDS 218,29,3,33
19.22 34 NAVIGATION 0 1 0 0 38 0. 140.5
19.22 34 ATTITUDE -6 0 -2
19.22 34 DL_VALUE 0 778.
19.40 34 FBW_STATUS 0 0 122
19.40 34 RAD_OF_IR -40 0 0.00151
19.40 34 GPS 0 49843677 356191231 0 175539 0 0 153435001 12 0
19.40 34 IR_SENSORS -727 -39 1
19.40 34 NAVIGATION 0 1 0 0 38 0. 140.5
19.41 34 WP_MOVED 0 497617. 3565540. 833.
19.41 34 GYRO_RATES -38 -21 -4 0.331613 -0.18326 -0.034907
19.53 34 ESTIMATOR 0. 0. 0. 0. 0.
19.53 34 GPS 0 49843677 356191231 0 175539 0 0 153435249 12 0
19.71 34 NAVIGATION 0 1 0 0 38 0. 140.5
19.71 34 ATTITUDE -6 0 -2
19.74 34 DOWNLINK_STATUS 19 7365 468 0 530. 33.
19.81 34 CALIB_CONTRAST 1262
19.81 34 DESIRED 0. -0.01 0. 0. 778. 0.
19.81 34 GPS 0 49843677 356191231 0 175539 0 0 153435501 12 0
19.82 34 NAVIGATION 0 1 0 0 38 0. 140.5
19.87 34 WP_MOVED 1 497586.6875 3565500. 833.
19.99 34 ESTIMATOR 0. 0. 0. 0. 0.
20.23 34 GPS 0 49843677 356191231 0 175539 0 0 153435749 12 0
20.23 34 COMMANDS 173,17,-1,115
20.23 34 NAVIGATION 0 1 0 0 38 0. 140.5
20.23 34 ATTITUDE -6 0 -2
20.23 34 DL_VALUE 1 1.
20.23 34 FBW_STATUS 0 0 122
20.42 34 RAD_OF_IR -39 0 0.00151
20.42 34 IR_SENSORS -727 -38 1
20.42 34 NAVIGATION 0 1 0 0 38 0. 140.5
20.42 34 GPS 0 49843677 356191231 0 175539 0 0 153436001 12 0
20.42 34 WP_MOVED 2 497622.6875 3565498.5 833.
20.42 34 GYRO_RATES -38 -21 -4 0.331613 -0.18326 -0.034907
20.42 34 ESTIMATOR 0. 0. 0. 0. 0.
20.42 34 BAT 175 122 0 0 332 0 5
20.73 34 NAVIGATION 0 1 0 0 38 0. 140.5
20.73 34 ATTITUDE -6 0 -2
20.73 34 CALIBRATION 0. 0.023 0.067 0
20.73 34 GPS 0 49843677 356191231 0 175539 0 0 153436249 12 0
20.74 34 DOWNLINK_STATUS 20 7755 492 0 390. 24.
21.15 34 SERVO 5410 -7072 166
21.15 34 DESIRED 0. -0.01 0. 0. 778. 0.
21.15 34 IR_DEBUG 492 544 492 544
21.15 34 NAVIGATION 0 1 0 0 38 0. 140.5
21.15 34 GPS 0 49843677 356191231 0 175539 0 0 153436501 12 0
21.15 34 WP_MOVED 3 497546.40625 3565495.5 833.
21.23 34 COMMANDS 186,0,-18,50
21.23 34 NAVIGATION 0 1 0 0 38 0. 140.5
21.23 34 ATTITUDE -6 0 -1
21.23 34 DL_VALUE 2 0.
21.23 34 GPS 0 49843677 356191231 0 175539 0 0 153436749 12 0
21.23 34 SVINFO 0 31 12 7 38 78 102
21.23 34 FBW_STATUS 0 0 122
21.23 34 IR_SENSORS -725 -35 1
21.23 34 NAVIGATION 0 1 0 0 38 0. 140.5
21.30 34 WP_MOVED 4 497575. 3565498. 0.
21.30 34 GYRO_RATES -38 -21 -4 0.331613 -0.18326 -0.034907
21.30 34 GPS 0 49843677 356191231 0 175539 0 0 153437001 12 0
21.38 34 ESTIMATOR 0. 0. 0. 0. 0.
21.41 34 NAVIGATION 0 1 0 0 38 0. 140.5
21.41 34 ATTITUDE -5 0 -2
21.61 34 GPS 0 49843677 356191231 0 175539 0 0 153437249 12 0
21.61 34 CALIB_CONTRAST 1262
21.71 34 DESIRED 0. -0.01 0. 0. 778. 0.
21.71 34 NAVIGATION 0 1 0 0 38 0. 140.5
21.71 34 WP_MOVED 0 497617. 3565540. 833.
21.74 34 DOWNLINK_STATUS 21 8171 518 0 416. 26.
21.81 34 GPS 0 49843677 356191231 0 175539 0 0 153437501 12 0
21.81 34 ESTIMATOR 0. 0. 0. 0. 0.
21.92 34 COMMANDS 169,30,-3,120
21.92 34 NAVIGATION 0 1 0 0 38 0. 140.5
21.92 34 ATTITUDE -5 0 -2
21.92 34 DL_VALUE 3 0.
22.12 34 FBW_STATUS 0 0 122
22.12 34 RAD_OF_IR -32 0 0.00151
22.12 34 GPS 0 49843677 356191231 0 175539 0 0 153437749 12 0
22.33 34 ACTUATORS 1500,1501,0,1216,1503
22.33 34 IR_SENSORS -724 -32 1
22.33 34 NAVIGATION 0 1 0 0 38 0. 140.5
22.33 34 WP_MOVED 1 497586.6875 3565500. 833.
22.33 34 GYRO_RATES -38 -21 -4 0.331613 -0.18326 -0.034907
22.33 34 GPS 0 49843677 356191231 0 175539 0 0 153438001 12 0
22.33 34 BAT 164 122 0 0 334 0 5
22.39 34 NAVIGATION 0 1 0 0 38 0. 140.5
22.39 34 ATTITUDE -5 0 -2
22.39 34 CALIBRATION 0. 0.023 0.067 0
22.61 34 CALIB_CONTRAST 1262
22.61 34 SERVO 5462 -7265 163
22.61 34 GPS 0 49843677 356191231 0 175539 0 0 153438249 12 0
22.71 34 DESIRED 0. -0.01 0. 0. 778. 0.
22.71 34 IR_DEBUG 494 541 494 541
22.71 34 NAVIGATION 0 1 0 0 38 0. 140.5
22.71 34 WP_MOVED 2 497622.6875 3565498.5 833.
22.71 34 PPRZ_MODE 0 0 3 0 0 1 0
22.74 34 DOWNLINK_STATUS 22 8579 545 0 408. 27.
22.79 34 ESTIMATOR 0. 0. 0. 0. 0.
22.79 34 GPS 0 49843677 356191231 0 175539 0 0 153438501 12 0
22.91 34 COMMANDS 157,129,-14,165
22.91 34 NAVIGATION 0 1 0 0 38 0. 140.5
22.91 34 ATTITUDE -5 0 -2
22.91 34 DL_VALUE 4 0.
22.91 34 FBW_STATUS 0 0 122
22.91 34 RAD_OF_IR -31 0 0.00151
23.11 34 GPS 0 49843677 356191231 0 175539 0 0 153438749 12 0
23.11 34 IR_SENSORS -727 -31 1
23.20 34 NAVIGATION 0 1 0 0 38 0. 140.5
23.20 34 WP_MOVED 3 497546.40625 3565495.5 833.
23.20 34 GYRO_RATES -38 -21 -4 0.331613 -0.18326 -0.034907
23.20 34 ESTIMATOR 0. 0. 0. 0. 0.
23.30 34 GPS 0 49843677 356191231 0 175539 0 0 153439001 12 0
23.30 34 NAVIGATION 0 1 0 0 38 0. 140.5
23.30 34 ATTITUDE -5 0 -2
23.37 34 CALIB_CONTRAST 1262
23.74 34 DESIRED 0. -0.01 0. 0. 778. 0.
23.74 34 GPS 0 49843677 356191231 0 175539 0 0 153439249 12 0
23.74 34 NAVIGATION 0 1 0 0 38 0. 140.5
23.74 34 WP_MOVED 4 497575. 3565498. 0.
23.74 34 DOWNLINK_STATUS 23 8940 567 0 361. 22.
23.84 34 ESTIMATOR 0. 0. 0. 0. 0.
23.84 34 GPS 0 49843677 356191231 0 175539 0 0 153439501 12 0
23.84 34 COMMANDS 203,12,-14,59
23.84 34 NAVIGATION 0 1 0 0 38 0. 140.5
23.84 34 ATTITUDE -5 0 -2
23.84 34 DL_VALUE 5 0.
23.87 34 FBW_STATUS 0 0 122
23.88 34 RAD_OF_IR -31 0 0.00151
24.03 34 IR_SENSORS -727 -31 1
24.03 34 NAVIGATION 0 1 0 0 38 0. 140.5
24.03 34 GPS 0 49843677 356191231 0 175539 0 0 153439749 12 0
24.21 34 WP_MOVED 0 497617. 3565540. 833.
24.21 34 GYRO_RATES -38 -21 -4 0.331613 -0.18326 -0.034907
24.32 34 ESTIMATOR 0. 0. 0. 0. 0.
24.32 34 BAT 154 122 0 0 336 0 5
24.32 34 NAVIGATION 0 1 0 0 38 0. 140.5
24.32 34 ATTITUDE -5 0 -2
24.32 34 CALIBRATION 0. 0.023 0.067 0
24.32 34 GPS 0 49843677 356191231 0 175539 0 0 153440001 12 0
24.32 34 CALIB_CONTRAST 1262
24.32 34 SERVO 5599 -7313 147
24.74 34 DESIRED 0. -0.01 0. 0. 778. 0.
24.74 34 IR_DEBUG 497 542 497 542
24.74 34 NAVIGATION 0 1 0 0 38 0. 140.5
24.74 34 GPS 0 49843677 356191231 0 175539 0 0 153440249 12 0
24.74 34 WP_MOVED 1 497586.6875 3565500. 833.
24.74 34 DOWNLINK_STATUS 24 9348 593 0 408. 26.
25.20 34 NAVIGATION 0 1 0 0 38 0. 140.5
25.20 34 ATTITUDE -5 0 -2
25.20 34 ATTITUDE -5 0 -2
25.20 34 DL_VALUE 6 0.
25.20 34 GPS 0 49843677 356191231 0 175539 0 0 153440501 12 0
25.20 34 FBW_STATUS 0 0 122
25.20 34 RAD_OF_IR -32 0 0.00151
25.27 34 IR_SENSORS -726 -33 1
25.27 34 NAVIGATION 0 1 0 0 38 0. 140.5
25.27 34 WP_MOVED 2 497622.6875 3565498.5 833.
25.27 34 GYRO_RATES -38 -20 -3 0.331613 -0.174533 -0.02618
25.27 34 GPS 0 49843677 356191231 0 175539 0 0 153440749 12 0
25.28 34 SVINFO 0 31 12 7 38 78 102
25.29 34 NAVIGATION 0 1 0 0 38 0. 140.5
25.29 34 ATTITUDE -5 0 -2
25.29 34 GPS 0 49843677 356191231 0 175539 0 0 153441001 12 0
25.29 34 CALIB_CONTRAST 1262
25.37 34 DESIRED 0. -0.01 0. 0. 778. 0.
25.45 34 NAVIGATION 0 1 0 0 38 0. 140.5
25.45 34 WP_MOVED 3 497546.40625 3565495.5 833.
25.67 34 GPS 0 49843677 356191231 0 175539 0 0 153441249 12 0
25.70 34 ESTIMATOR 0. 0. 0. 0. 0.
25.74 34 COMMANDS 176,12,-14,123
25.74 34 NAVIGATION 0 1 0 0 38 0. 140.5
25.74 34 ATTITUDE -5 0 -2
25.75 34 DL_VALUE 7 0.
25.75 34 DOWNLINK_STATUS 25 9738 619 0 390. 26.
25.77 34 FBW_STATUS 0 0 122
25.77 34 RAD_OF_IR -33 0 0.00151
25.77 34 GPS 0 49843677 356191231 0 175539 0 0 153441501 12 0
25.82 34 IR_SENSORS -725 -33 1
26.00 34 NAVIGATION 0 1 0 0 38 0. 140.5
26.00 34 WP_MOVED 4 497575. 3565498. 0.
26.00 34 GYRO_RATES -38 -21 -4 0.331613 -0.18326 -0.034907
26.17 34 GPS 0 49843677 356191231 0 175539 0 0 153441749 12 0
26.17 34 ESTIMATOR 0. 0. 0. 0. 0.
26.17 34 BAT 153 122 0 0 338 0 5
26.24 34 NAVIGATION 0 1 0 0 38 0. 140.5
26.24 34 ATTITUDE -6 0 -2
26.24 34 CALIBRATION 0. 0.023 0.067 0
26.47 34 CALIB_CONTRAST 1262
26.47 34 SERVO 5599 -7168 162
26.54 34 GPS 0 49843677 356191231 0 175539 0 0 153442001 12 0
26.54 34 DESIRED 0. -0.01 0. 0. 778. 0.
26.54 34 IR_DEBUG 493 544 493 544
26.54 34 NAVIGATION 0 1 0 0 38 0. 140.5
26.54 34 WP_MOVED 0 497617. 3565540. 833.
26.67 34 ESTIMATOR 0. 0. 0. 0. 0.
26.67 34 GPS 0 49843677 356191231 0 175539 0 0 153442249 12 0
26.75 34 COMMANDS 167,18,-25,115
26.75 34 NAVIGATION 0 1 0 0 38 0. 140.5
26.75 34 ATTITUDE -6 0 -2
26.75 34 DL_VALUE 8 1.
26.75 34 FBW_STATUS 0 0 122
26.75 34 RAD_OF_IR -37 0 0.00151
26.75 34 DOWNLINK_STATUS 26 10161 647 0 423. 28.
26.97 34 ACTUATORS 1501,1501,0,1215,1504
26.97 34 GPS 0 49843677 356191231 0 175539 0 0 153442501 12 0
26.97 34 IR_SENSORS -726 -36 1
26.97 34 NAVIGATION 0 1 0 0 38 0. 140.5
26.97 34 WP_MOVED 1 497586.6875 3565500. 833.
26.97 34 GYRO_RATES -38 -21 -4 0.331613 -0.18326 -0.034907
26.97 34 ESTIMATOR 0. 0. 0. 0. 0.
27.17 34 GPS 0 49843677 356191231 0 175539 0 0 153442749 12 0
27.21 34 NAVIGATION 0 1 0 0 38 0. 140.5
27.21 34 ATTITUDE -6 0 -2
27.21 34 CALIB_CONTRAST 1262
27.36 34 DESIRED 0. -0.01 0. 0. 778. 0.
27.36 34 GPS 0 49843677 356191231 0 175539 0 0 153443001 12 0
27.36 34 NAVIGATION 0 1 0 0 38 0. 140.5
27.37 34 WP_MOVED 2 497622.6875 3565498.5 833.
27.37 34 PPRZ_MODE 0 0 3 0 0 1 0
27.43 34 ESTIMATOR 0. 0. 0. 0. 0.
27.68 34 GPS 0 49843677 356191231 0 175539 0 0 153443249 12 0
27.68 34 COMMANDS 171,17,-26,167
27.68 34 NAVIGATION 0 1 0 0 38 0. 140.5
27.68 34 ATTITUDE -6 0 -2
27.68 34 DL_VALUE 9 -61.099998
27.73 34 FBW_STATUS 0 0 122
27.73 34 RAD_OF_IR -36 0 0.00151
27.75 34 DOWNLINK_STATUS 27 10544 671 0 383. 24.
27.78 34 IR_SENSORS -725 -35 1
27.78 34 NAVIGATION 0 1 0 0 38 0. 140.5
27.78 34 GPS 0 49843677 356191231 0 175539 0 0 153443501 12 0
27.84 34 WP_MOVED 3 497546.40625 3565495.5 833.
27.84 34 GYRO_RATES -38 -21 -3 0.331613 -0.18326 -0.02618
27.94 34 ESTIMATOR 0. 0. 0. 0. 0.
27.94 34 BAT 169 122 0 0 340 0 5
28.18 34 NAVIGATION 0 1 0 0 38 0. 140.5
28.18 34 ATTITUDE -6 0 -2
28.18 34 CALIBRATION 0. 0.023 0.067 0
28.18 34 GPS 0 49843677 356191231 0 175539 0 0 153443749 12 0
28.38 34 CALIB_CONTRAST 1262
28.38 34 SERVO 5599 -7168 170
28.38 34 DESIRED 0. -0.01 0. 0. 778. 0.
28.38 34 IR_DEBUG 493 544 493 544
28.38 34 NAVIGATION 0 1 0 0 38 0. 140.5
28.38 34 GPS 0 49843677 356191231 0 175539 0 0 153444001 12 0
28.38 34 WP_MOVED 4 497575. 3565498. 0.
28.38 34 ESTIMATOR 0. 0. 0. 0. 0.
28.48 34 COMMANDS 166,-35,-64,120
28.48 34 NAVIGATION 0 1 0 0 38 0. 140.5
28.54 34 ATTITUDE -6 0 -2
28.54 34 DL_VALUE 10 0.
28.66 34 GPS 0 49843677 356191231 0 175539 0 0 153444249 12 0
28.66 34 FBW_STATUS 0 0 122
28.67 34 RAD_OF_IR -37 0 0.00151
28.67 34 IR_SENSORS -727 -37 1
28.67 34 NAVIGATION 0 1 0 0 38 0. 140.5
28.75 34 DOWNLINK_STATUS 28 10978 699 0 434. 28.
28.85 34 WP_MOVED 0 497617. 3565540. 833.
28.85 34 GYRO_RATES -38 -21 -3 0.331613 -0.18326 -0.02618
28.85 34 GPS 0 49843677 356191231 0 175539 0 0 153444501 12 0
28.85 34 ESTIMATOR 0. 0. 0. 0. 0.
29.06 34 NAVIGATION 0 1 0 0 38 0. 140.5
29.06 34 ATTITUDE -6 0 -2
29.08 34 GPS 0 49843677 356191231 0 175539 0 0 153444749 12 0
29.08 34 SVINFO 0 31 12 7 38 78 102
29.08 34 CALIB_CONTRAST 1262
29.14 34 DESIRED 0. -0.01 0. 0. 778. 0.
29.14 34 NAVIGATION 0 1 0 0 38 0. 140.5
29.26 34 WP_MOVED 1 497586.6875 3565500. 833.
29.26 34 GPS 0 49843677 356191231 0 175539 0 0 153445001 12 0
29.33 34 ESTIMATOR 0. 0. 0. 0. 0.
29.67 34 COMMANDS 162,30,-25,214
29.67 34 NAVIGATION 0 1 0 0 38 0. 140.5
29.67 34 ATTITUDE -6 0 -2
29.67 34 DL_VALUE 11 1.
29.75 34 DOWNLINK_STATUS 29 11281 717 0 303. 18.
29.78 34 FBW_STATUS 0 0 122
29.79 34 RAD_OF_IR -39 0 0.00151
29.79 34 GPS 0 49843677 356191231 0 175539 0 0 153445249 12 0
29.79 34 IR_SENSORS -728 -40 1
29.79 34 NAVIGATION 0 1 0 0 38 0. 140.5
29.79 34 WP_MOVED 2 497622.6875 3565498.5 833.
29.79 34 GYRO_RATES -38 -21 -3 0.331613 -0.18326 -0.02618
29.96 34 ESTIMATOR 0. 0. 0. 0. 0.
29.96 34 BAT 128 122 0 0 342 0 5
29.96 34 NAVIGATION 0 1 0 0 38 0. 140.5
29.96 34 ATTITUDE -6 0 -2
29.97 34 CALIBRATION 0. 0.023 0.067 0
29.97 34 CALIB_CONTRAST 1262
29.97 34 SERVO 5456 -6976 169
30.29 34 GPS 0 49843677 356191231 0 175539 0 0 153445749 12 0
30.33 34 DESIRED 0. -0.01 0. 0. 778. 0.
30.33 34 IR_DEBUG 492 547 492 547
30.33 34 NAVIGATION 0 1 0 0 38 0. 140.5
30.33 34 WP_MOVED 3 497546.40625 3565495.5 833.
30.34 34 ESTIMATOR 0. 0. 0. 0. 0.
30.34 34 GPS 0 49843677 356191231 0 175539 0 0 153446001 12 0
30.36 34 COMMANDS 177,-21,-40,120
30.36 34 NAVIGATION 0 1 0 0 38 0. 140.5
30.36 34 ATTITUDE -6 0 -2
30.36 34 DL_VALUE 12 0.
30.43 34 FBW_STATUS 0 0 122
30.43 34 RAD_OF_IR -37 0 0.00151
30.56 34 GPS 0 49843677 356191231 0 175539 0 0 153446249 12 0
30.56 34 IR_SENSORS -729 -37 1
30.56 34 NAVIGATION 0 1 0 0 38 0. 140.5
30.75 34 DOWNLINK_STATUS 30 11730 747 0 449. 30.
30.76 34 WP_MOVED 4 497575. 3565498. 0.
30.76 34 GYRO_RATES -38 -21 -3 0.331613 -0.18326 -0.02618
30.85 34 ESTIMATOR 0. 0. 0. 0. 0.
30.85 34 GPS 0 49843677 356191231 0 175539 0 0 153446501 12 0
30.86 34 NAVIGATION 0 1 0 0 38 0. 140.5
30.86 34 ATTITUDE -6 0 -2
30.86 34 CALIB_CONTRAST 1262
31.06 34 DESIRED 0. -0.01 0. 0. 778. 0.
31.06 34 GPS 0 49843677 356191231 0 175539 0 0 153446749 12 0
31.06 34 NAVIGATION 0 1 0 0 38 0. 140.5
31.24 34 WP_MOVED 0 497617. 3565540. 833.
31.24 34 ESTIMATOR 0. 0. 0. 0. 0.
31.36 34 GPS 0 49843677 356191231 0 175539 0 0 153447001 12 0
31.36 34 COMMANDS 190,-98,9,134
31.36 34 NAVIGATION 0 1 0 0 38 0. 140.5
31.36 34 ATTITUDE -6 0 -2
31.36 34 DL_VALUE 13 517.
31.36 34 FBW_STATUS 0 0 122
31.36 34 RAD_OF_IR -37 0 0.00151
31.44 34 ACTUATORS 1500,1500,0,1212,1509
31.44 34 IR_SENSORS -733 -37 1
31.68 34 NAVIGATION 0 1 0 0 38 0. 140.5
31.68 34 GPS 0 49843677 356191231 0 175539 0 0 153447249 12 0
31.68 34 WP_MOVED 1 497586.6875 3565500. 833.
31.68 34 GYRO_RATES -39 -20 -4 0.340339 -0.174533 -0.034907
31.74 34 ESTIMATOR 0. 0. 0. 0. 0.
31.74 34 BAT 3 122 0 0 344 0 5
31.75 34 DOWNLINK_STATUS 31 12175 774 0 445. 27.
31.86 34 NAVIGATION 0 1 0 0 38 0. 140.5
31.86 34 ATTITUDE -6 0 -3
31.86 34 CALIBRATION 0. 0.023 0.067 0
31.86 34 GPS 0 49843677 356191231 0 175539 0 0 153447501 12 0
31.86 34 CALIB_CONTRAST 1262
31.86 34 SERVO 5826 -7416 168
31.97 34 DESIRED 0. -0.01 0. 0. 778. 0.
31.97 34 IR_DEBUG 498 548 498 548
31.97 34 NAVIGATION 0 1 0 0 38 0. 140.5
32.17 34 GPS 0 49843677 356191231 0 175539 0 0 153447749 12 0
32.21 34 WP_MOVED 2 497622.6875 3565498.5 833.
32.21 34 PPRZ_MODE 0 0 3 0 0 1 0
32.28 34 ESTIMATOR 0. 0. 0. 0. 0.
32.28 34 COMMANDS 188,9,16,91
32.28 34 NAVIGATION 0 1 0 0 38 0. 140.5
32.28 34 ATTITUDE -6 0 -3
32.28 34 DL_VALUE 14 482.
32.28 34 GPS 0 49843677 356191231 0 175539 0 0 153448001 12 0
32.28 34 FBW_STATUS 0 0 122
32.33 34 RAD_OF_IR -35 0 0.00151
32.43 34 IR_SENSORS -733 -35 1
32.44 34 NAVIGATION 0 1 0 0 38 0. 140.5
32.67 34 WP_MOVED 3 497546.40625 3565495.5 833.
32.67 34 GYRO_RATES -38 -21 -4 0.331613 -0.18326 -0.034907
32.67 34 GPS 0 49843677 356191231 0 175539 0 0 153448249 12 0
32.74 34 ESTIMATOR 0. 0. 0. 0. 0.
32.74 34 NAVIGATION 0 1 0 0 38 0. 140.5
32.75 34 ATTITUDE -6 0 -2
32.75 34 DOWNLINK_STATUS 32 12604 802 0 429. 28.
32.77 34 GPS 0 49843677 356191231 0 175539 0 0 153448501 12 0
32.77 34 CALIB_CONTRAST 1262
32.86 34 DESIRED 0. -0.01 0. 0. 778. 0.
32.95 34 NAVIGATION 0 1 0 0 38 0. 140.5
32.95 34 WP_MOVED 4 497575. 3565498. 0.
33.17 34 GPS 0 49843677 356191231 0 175539 0 0 153448749 12 0
33.21 34 SVINFO 0 31 12 7 38 78 101
33.21 34 ESTIMATOR 0. 0. 0. 0. 0.
33.24 34 COMMANDS 169,-46,-53,102
33.24 34 NAVIGATION 0 1 0 0 38 0. 140.5
33.24 34 ATTITUDE -6 0 -3
33.24 34 DL_VALUE 15 455.
33.28 34 FBW_STATUS 0 0 122
33.28 34 RAD_OF_IR -37 0 0.00151
33.28 34 NAVIGATION_REF 497575 3565498 12
33.28 34 GPS 0 49843677 356191231 0 175539 0 0 153449001 12 0
33.33 34 IR_SENSORS -732 -38 1
33.35 34 NAVIGATION 0 1 0 0 38 0. 140.5
33.44 34 WP_MOVED 0 497617. 3565540. 833.
33.44 34 GYRO_RATES -38 -21 -3 0.331613 -0.18326 -0.02618
33.67 34 GPS 0 49843677 356191231 0 175539 0 0 153449249 12 0
33.71 34 ESTIMATOR 0. 0. 0. 0. 0.
33.71 34 BAT 193 122 0 0 346 0 5
33.74 34 NAVIGATION 0 1 0 0 38 0. 140.5
33.74 34 ATTITUDE -6 0 -2
33.74 34 CALIBRATION 0. 0.023 0.067 0
33.75 34 DOWNLINK_STATUS 33 13015 828 0 411. 26.
33.76 34 CALIB_CONTRAST 1262
33.76 34 SERVO 5826 -6976 162
33.76 34 GPS 0 49843677 356191231 0 175539 0 0 153449501 12 0
33.85 34 DESIRED 0. -0.01 0. 0. 778. 0.
33.85 34 IR_DEBUG 495 552 495 552
33.85 34 NAVIGATION 0 1 0 0 38 0. 140.5
34.17 34 WP_MOVED 1 497586.6875 3565500. 833.
34.17 34 ESTIMATOR 0. 0. 0. 0. 0.
34.17 34 GPS 0 49843677 356191231 0 175539 0 0 153449749 12 0
34.25 34 COMMANDS 169,41,7,120
34.25 34 NAVIGATION 0 1 0 0 38 0. 140.5
34.25 34 ATTITUDE -6 0 -2
34.25 34 DL_VALUE 16 7500.
34.25 34 FBW_STATUS 0 0 122
34.25 34 RAD_OF_IR -42 0 0.00151
34.26 34 GPS 0 49843677 356191231 0 175539 0 0 153450001 12 0
34.26 34 IR_SENSORS -730 -42 1
34.33 34 NAVIGATION 0 1 0 0 38 0. 140.5
34.44 34 WP_MOVED 2 497622.6875 3565498.5 833.
34.44 34 GYRO_RATES -38 -20 -4 0.331613 -0.174533 -0.034907
34.45 34 ESTIMATOR 0. 0. 0. 0. 0.
34.67 34 GPS 0 49843677 356191231 0 175539 0 0 153450249 12 0
34.71 34 NAVIGATION 0 1 0 0 38 0. 140.5
34.71 34 ATTITUDE -6 0 -3
34.71 34 CALIB_CONTRAST 1262
34.75 34 DOWNLINK_STATUS 34 13398 853 0 383. 25.
34.86 34 DESIRED 0. -0.01 0. 0. 778. 0.
34.86 34 GPS 0 49843677 356191231 0 175539 0 0 153450501 12 0
34.86 34 NAVIGATION 0 1 0 0 38 0. 140.5
34.86 34 WP_MOVED 3 497546.40625 3565495.5 833.
34.93 34 ESTIMATOR 0. 0. 0. 0. 0.
35.18 34 GPS 0 49843677 356191231 0 175539 0 0 153450749 12 0
35.18 34 COMMANDS 176,-261,-282,121
35.18 34 NAVIGATION 0 1 0 0 38 0. 140.5
35.18 34 ATTITUDE -6 0 -3
35.18 34 DL_VALUE 17 11250.
35.23 34 FBW_STATUS 0 0 122
35.23 34 RAD_OF_IR -38 0 0.00151
35.27 34 IR_SENSORS -730 -37 1
35.27 34 NAVIGATION 0 1 0 0 38 0. 140.5
35.27 34 GPS 0 49843677 356191231 0 175539 0 0 153451001 12 0
35.34 34 WP_MOVED 4 497575. 3565498. 0.
35.34 34 GYRO_RATES -37 -20 -4 0.322886 -0.174533 -0.034907
35.44 34 ESTIMATOR 0. 0. 0. 0. 0.
35.44 34 BAT 184 122 0 0 348 0 5
35.68 34 NAVIGATION 0 1 0 0 38 0. 140.5
35.68 34 ATTITUDE -6 0 -2
35.68 34 CALIBRATION 0. 0.023 0.067 0
35.68 34 GPS 0 49843677 356191231 0 175539 0 0 153451249 12 0
35.75 34 DOWNLINK_STATUS 35 13784 876 0 386. 23.
35.87 34 CALIB_CONTRAST 1262
35.87 34 SERVO 5637 -7168 166
35.88 34 DESIRED 0. -0.01 0. 0. 778. 0.
35.88 34 IR_DEBUG 498 548 498 548
35.88 34 NAVIGATION 0 1 0 0 38 0. 140.5
35.88 34 GPS 0 49843677 356191231 0 175539 0 0 153451501 12 0
35.88 34 WP_MOVED 0 497617. 3565540. 833.
35.88 34 ESTIMATOR 0. 0. 0. 0. 0.
35.98 34 COMMANDS 170,38,-12,112
36.04 34 NAVIGATION 0 1 0 0 38 0. 140.5
36.04 34 ATTITUDE -6 0 -3
36.04 34 DL_VALUE 18 10000.
36.16 34 GPS 0 49843677 356191231 0 175539 0 0 153451749 12 0
36.17 34 FBW_STATUS 0 0 122
36.17 34 RAD_OF_IR -35 0 0.00151
36.24 34 ACTUATORS 1498,1500,0,1213,1506
36.24 34 IR_SENSORS -731 -35 1
36.24 34 NAVIGATION 0 1 0 0 38 0. 140.5
36.46 34 WP_MOVED 1 497586.6875 3565500. 833.
36.46 34 GYRO_RATES -38 -21 -3 0.331613 -0.18326 -0.02618
36.46 34 GPS 0 49843677 356191231 0 175539 0 0 153452001 12 0
36.46 34 ESTIMATOR 0. 0. 0. 0. 0.
36.46 34 NAVIGATION 0 1 0 0 38 0. 140.5
36.46 34 ATTITUDE -6 0 -2
36.66 34 GPS 0 49843677 356191231 0 175539 0 0 153452249 12 0
36.70 34 CALIB_CONTRAST 1262
36.70 34 DESIRED 0. -0.01 0. 0. 778. 0.
36.70 34 NAVIGATION 0 1 0 0 38 0. 140.5
36.75 34 DOWNLINK_STATUS 36 14224 904 0 440. 28.
36.76 34 WP_MOVED 2 497622.6875 3565498.5 833.
36.77 34 PPRZ_MODE 0 0 3 0 0 1 0
36.77 34 GPS 0 49843677 356191231 0 175539 0 0 153452501 12 0
36.83 34 ESTIMATOR 0. 0. 0. 0. 0.
36.95 34 COMMANDS 263,51,200,120
36.95 34 NAVIGATION 0 1 0 0 38 0. 140.5
36.95 34 ATTITUDE -6 0 -2
36.95 34 DL_VALUE 19 3000.
36.95 34 FBW_STATUS 0 0 122
37.17 34 RAD_OF_IR -39 0 0.00151
37.20 34 GPS 0 49843677 356191231 0 175539 0 0 153452749 12 0
37.21 34 SVINFO 0 31 12 7 38 78 101
37.37 34 IR_SENSORS -732 -39 1
37.37 34 NAVIGATION 0 1 0 0 38 0. 140.5
37.37 34 WP_MOVED 3 497546.40625 3565495.5 833.
37.38 34 GYRO_RATES -38 -20 -3 0.331613 -0.174533 -0.02618
37.38 34 GPS 0 49843677 356191231 0 175539 0 0 153453001 12 0
37.38 34 ESTIMATOR 0. 0. 0. 0. 0.
37.44 34 NAVIGATION 0 1 0 0 38 0. 140.5
37.44 34 ATTITUDE -6 0 -2
37.44 34 CALIBRATION 0. 0.023 0.067 0
37.45 34 CALIB_CONTRAST 1262
37.45 34 SERVO 5780 -6976 174
37.75 34 DOWNLINK_STATUS 37 14556 927 0 332. 23.
37.79 34 GPS 0 49843677 356191231 0 175539 0 0 153453249 12 0
37.79 34 DESIRED 0. -0.01 0. 0. 778. 0.
37.79 34 IR_DEBUG 495 550 495 550
37.79 34 NAVIGATION 0 1 0 0 38 0. 140.5
37.79 34 WP_MOVED 4 497575. 3565498. 0.
37.84 34 ESTIMATOR 0. 0. 0. 0. 0.
37.84 34 GPS 0 49843677 356191231 0 175539 0 0 153453501 12 0
37.86 34 COMMANDS 166,-59,-15,127
37.86 34 NAVIGATION 0 1 0 0 38 0. 140.5
37.86 34 ATTITUDE -6 0 -2
37.86 34 DL_VALUE 20 20000.
37.93 34 FBW_STATUS 0 0 122
37.93 34 RAD_OF_IR -37 0 0.00151
38.06 34 GPS 0 49843677 356191231 0 175539 0 0 153453749 12 0
38.06 34 IR_SENSORS -730 -37 1
38.06 34 NAVIGATION 0 1 0 0 38 0. 140.5
38.26 34 WP_MOVED 0 497617. 3565540. 833.
38.26 34 GYRO_RATES -38 -20 -4 0.331613 -0.174533 -0.034907
38.36 34 ESTIMATOR 0. 0. 0. 0. 0.
38.36 34 GPS 0 49843677 356191231 0 175539 0 0 153454001 12 0
38.36 34 NAVIGATION 0 1 0 0 38 0. 140.5
38.36 34 ATTITUDE -6 0 -3
38.36 34 CALIB_CONTRAST 1262
38.56 34 DESIRED 0. -0.01 0. 0. 778. 0.
38.56 34 GPS 0 49843677 356191231 0 175539 0 0 153454249 12 0
38.56 34 NAVIGATION 0 1 0 0 38 0. 140.5
38.57 34 WP_MOVED 1 497586.6875 3565500. 833.
38.75 34 DOWNLINK_STATUS 38 15013 954 0 457. 27.
38.85 34 ESTIMATOR 0. 0. 0. 0. 0.
39.07 34 COMMANDS 166,34,-11,134
39.08 34 NAVIGATION 0 1 0 0 38 0. 140.5
39.08 34 GPS 0 49843677 356191231 0 175539 0 0 153454501 12 0
39.08 34 ATTITUDE -6 0 -2
39.08 34 DL_VALUE 21 17500.
39.08 34 FBW_STATUS 0 0 122
39.08 34 RAD_OF_IR -36 0 0.00151
39.08 34 IR_SENSORS -732 -37 1
39.09 34 GPS 0 49843677 356191231 0 175539 0 0 153454749 12 0
39.09 34 WP_MOVED 2 497622.6875 3565498.5 833.
39.09 34 GYRO_RATES -39 -20 -3 0.340339 -0.174533 -0.02618
39.36 34 ESTIMATOR 0. 0. 0. 0. 0.
39.36 34 BAT 150 122 0 0 352 0 5
39.46 34 NAVIGATION 0 1 0 0 38 0. 140.5
39.46 34 ATTITUDE -6 0 -3
39.46 34 CALIBRATION 0. 0.023 0.067 0
39.46 34 GPS 0 49843677 356191231 0 175539 0 0 153455001 12 0
39.46 34 CALIB_CONTRAST 1262
39.46 34 SERVO 5819 -7120 194
39.47 34 DESIRED 0. -0.01 0. 0. 778. 0.
39.47 34 IR_DEBUG 501 552 501 552
39.47 34 NAVIGATION 0 1 0 0 38 0. 140.5
39.54 34 GPS 0 49843677 356191231 0 175539 0 0 153455249 12 0
39.58 34 WP_MOVED 3 497546.40625 3565495.5 833.
39.63 34 ESTIMATOR 0. 0. 0. 0. 0.
39.75 34 DOWNLINK_STATUS 39 15425 980 0 412. 26.
39.98 34 COMMANDS 164,98,76,143
39.98 34 NAVIGATION 0 1 0 0 38 0. 140.5
39.98 34 ATTITUDE -5 0 -3
39.98 34 DL_VALUE 22 20000.
39.98 34 GPS 0 49843677 356191231 0 175539 0 0 153455501 12 0
39.99 34 FBW_STATUS 0 0 122
40.07 34 RAD_OF_IR -27 0 0.00151
40.10 34 IR_SENSORS -746 -23 1
40.11 34 NAVIGATION 0 1 0 0 38 0. 140.5
40.11 34 WP_MOVED 4 497575. 3565498. 0.
40.11 34 GYRO_RATES -38 -21 -3 0.331613 -0.18326 -0.02618
40.11 34 GPS 0 49843677 356191231 0 175539 0 0 153455749 12 0
40.13 34 ESTIMATOR 0. 0. 0. 0. 0.
40.16 34 NAVIGATION 0 1 0 0 38 0. 140.5
40.16 34 ATTITUDE -4 0 -5
40.27 34 GPS 0 49843677 356191231 0 175539 0 0 153456001 12 0
40.27 34 CALIB_CONTRAST 1262
40.46 34 DESIRED 0. -0.01 0. 0. 778. 0.
40.46 34 NAVIGATION 0 1 0 0 38 0. 140.5
40.46 34 WP_MOVED 0 497617. 3565540. 833.
40.56 34 GPS 0 49843677 356191231 0 175539 0 0 153456249 12 0
40.59 34 ESTIMATOR 0. 0. 0. 0. 0.
40.67 34 COMMANDS 173,21,-12,107
40.67 34 NAVIGATION 0 1 0 0 38 0. 140.5
40.67 34 ATTITUDE -6 0 -6
40.67 34 DL_VALUE 23 0.
40.75 34 DOWNLINK_STATUS 40 15830 1006 0 405. 26.
40.86 34 FBW_STATUS 0 0 122
40.86 34 RAD_OF_IR -44 0 0.00151
40.87 34 GPS 0 49843677 356191231 0 175539 0 0 153456501 12 0
40.94 34 ACTUATORS 1499,1499,0,1214,1505
40.94 34 IR_SENSORS -765 -44 1
40.94 34 NAVIGATION 0 1 0 0 38 0. 140.5
40.95 34 WP_MOVED 1 497586.6875 3565500. 833.
40.95 34 GYRO_RATES -37 -20 -4 0.322886 -0.174533 -0.034907
41.08 34 GPS 0 49843677 356191231 0 175539 0 0 153456749 12 0
41.11 34 SVINFO 0 31 12 7 38 78 101
41.11 34 ESTIMATOR 0. 0. 0. 0. 0.
41.11 34 BAT 183 122 0 0 354 0 5
41.36 34 NAVIGATION 0 1 0 0 38 0. 140.5
41.37 34 ATTITUDE -7 0 -6
41.37 34 CALIBRATION 0. 0.023 0.067 0
41.48 34 CALIB_CONTRAST 1262
41.48 34 SERVO 7330 -6735 167
41.48 34 GPS 0 49843677 356191231 0 175539 0 0 153457001 12 0
41.48 34 DESIRED 0. -0.01 0. 0. 778. 0.
41.48 34 IR_DEBUG 510 575 510 575
41.48 34 NAVIGATION 0 1 0 0 38 0. 140.5
41.48 34 WP_MOVED 2 497622.6875 3565498.5 833.
41.56 34 ESTIMATOR 0. 0. 0. 0. 0.
41.59 34 GPS 0 49843677 356191231 0 175539 0 0 153457249 12 0
41.65 34 COMMANDS 165,60,32,118
41.65 34 NAVIGATION 0 1 0 0 38 0. 140.5
41.65 34 ATTITUDE -7 0 -6
41.65 34 DL_VALUE 24 2150.
41.65 34 FBW_STATUS 0 0 122
41.75 34 DOWNLINK_STATUS 41 16266 1035 0 436. 29.
41.86 34 RAD_OF_IR -50 0 0.00151
41.86 34 NAVIGATION_REF 497575 3565498 12
41.96 34 GPS 0 49843677 356191231 0 175539 0 0 153457501 12 0
41.97 34 IR_SENSORS -754 -49 1
41.97 34 NAVIGATION 0 1 0 0 38 0. 140.5
41.97 34 WP_MOVED 3 497546.40625 3565495.5 833.
41.97 34 GYRO_RATES -47 -26 0 0.410152 -0.226893 0.
41.97 34 ESTIMATOR 0. 0. 0. 0. 0.
42.05 34 GPS 0 49843677 356191231 0 175539 0 0 153457749 12 0
42.09 34 NAVIGATION 0 1 0 0 38 0. 140.5
42.09 34 ATTITUDE -9 0 -6
42.12 34 CALIB_CONTRAST 1262
42.48 34 DESIRED 0. -0.01 0. 0. 778. 0.
42.48 34 GPS 0 49843677 356191231 0 175539 0 0 153458001 12 0
42.49 34 NAVIGATION 0 1 0 0 38 0. 140.5
42.49 34 WP_MOVED 4 497575. 3565498. 0.
42.59 34 ESTIMATOR 0. 0. 0. 0. 0.
42.63 34 COMMANDS 174,10,-7,112
42.63 34 NAVIGATION 0 1 0 0 38 0. 140.5
42.63 34 ATTITUDE -9 0 -7
42.63 34 DL_VALUE 25 5300.
42.63 34 GPS 0 49843677 356191231 0 175539 0 0 153458249 12 0
42.63 34 FBW_STATUS 0 0 122
42.63 34 RAD_OF_IR -59 0 0.00151
42.73 34 IR_SENSORS -771 -57 1
42.73 34 NAVIGATION 0 1 0 0 38 0. 140.5
42.75 34 DOWNLINK_STATUS 42 16674 1061 0 408. 26.
42.97 34 GPS 0 49843677 356191231 0 175539 0 0 153458501 12 0
42.97 34 WP_MOVED 0 497617. 3565540. 833.
42.97 34 GYRO_RATES -33 -16 -7 0.287979 -0.139626 -0.061087
42.97 34 ESTIMATOR 0. 0. 0. 0. 0.
42.97 34 BAT 199 122 0 0 356 0 5
43.06 34 NAVIGATION 0 1 0 0 38 0. 140.5
43.10 34 ATTITUDE -5 0 -8
43.10 34 CALIBRATION 0. 0.023 0.067 0
43.10 34 GPS 0 49843677 356191231 0 175539 0 0 153458749 12 0
43.10 34 CALIB_CONTRAST 1262
43.10 34 SERVO 8615 -8752 170
43.37 34 DESIRED 0. -0.01 0. 0. 778. 0.
43.37 34 IR_DEBUG 532 583 532 583
43.37 34 NAVIGATION 0 1 0 0 38 0. 140.5
43.45 34 WP_MOVED 1 497586.6875 3565500. 833.
43.45 34 GPS 0 49843677 356191231 0 175539 0 0 153459001 12 0
43.45 34 ESTIMATOR 0. 0. 0. 0. 0.
43.48 34 COMMANDS 195,1,51,131
43.48 34 NAVIGATION 0 1 0 0 38 0. 140.5
43.48 34 ATTITUDE -7 0 -9
43.48 34 DL_VALUE 26 10000.
43.56 34 GPS 0 49843677 356191231 0 175539 0 0 153459249 12 0
43.59 34 FBW_STATUS 0 0 122
43.59 34 RAD_OF_IR -43 0 0.00151
43.62 34 IR_SENSORS -776 -39 1
43.66 34 NAVIGATION 0 1 0 0 38 0. 140.5
43.75 34 DOWNLINK_STATUS 43 17082 1087 0 408. 26.
43.86 34 WP_MOVED 2 497622.6875 3565498.5 833.
43.86 34 GYRO_RATES -37 -29 -1 0.322886 -0.253073 -0.008727
43.94 34 GPS 0 49843677 356191231 0 175539 0 0 153459501 12 0
43.94 34 ESTIMATOR 0. 0. 0. 0. 0.
43.95 34 NAVIGATION 0 1 0 0 38 0. 140.5
43.95 34 ATTITUDE -4 0 -7
44.16 34 CALIB_CONTRAST 1262
44.20 34 GPS 0 49843677 356191231 0 175539 0 0 153459749 12 0
44.20 34 DESIRED 0. -0.01 0. 0. 778. 0.
44.20 34 NAVIGATION 0 1 0 0 38 0. 140.5
44.35 34 WP_MOVED 3 497546.40625 3565495.5 833.
44.47 34 GPS 0 49843677 356191231 0 175539 0 0 153460001 12 0
44.47 34 ESTIMATOR 0. 0. 0. 0. 0.
44.47 34 COMMANDS 169,72,36,128
44.47 34 NAVIGATION 0 1 0 0 38 0. 140.5
44.47 34 ATTITUDE -6 0 1
44.47 34 DL_VALUE 27 4000.
44.47 34 FBW_STATUS 0 0 122
44.47 34 RAD_OF_IR -53 0 0.00151
44.55 34 GPS 0 49843677 356191231 0 175539 0 0 153460249 12 0
44.58 34 IR_SENSORS -668 -67 1
44.63 34 NAVIGATION 0 1 0 0 38 0. 140.5
44.75 34 DOWNLINK_STATUS 44 17443 1109 0 361. 22.
44.86 34 WP_MOVED 4 497575. 3565498. 0.
44.86 34 GYRO_RATES -42 -13 5 0.366519 -0.113446 0.043633
44.97 34 ESTIMATOR 0. 0. 0. 0. 0.
44.97 34 BAT 169 122 0 0 358 0 5
44.97 34 GPS 0 49843677 356191231 0 175539 0 0 153460501 12 0
44.97 34 NAVIGATION 0 1 0 0 38 0. 140.5
44.97 34 ATTITUDE -17 0 8
44.97 34 CALIBRATION 0. 0.023 0.067 0
44.97 34 CALIB_CONTRAST 1262
44.97 34 SERVO 260 -6364 168
45.17 34 GPS 0 49843677 356191231 0 175539 0 0 153460749 12 0
45.21 34 DESIRED 0. -0.01 0. 0. 778. 0.
45.21 34 IR_DEBUG 365 549 365 549
45.21 34 NAVIGATION 0 1 0 0 38 0. 140.5
45.21 34 WP_MOVED 0 497617. 3565540. 833.
45.37 34 ESTIMATOR 0. 0. 0. 0. 0.
45.37 34 GPS 0 49843677 356191231 0 175539 0 0 153461001 12 0
45.56 34 COMMANDS 157,24,-37,120
45.56 34 NAVIGATION 0 1 0 0 38 0. 140.5
45.56 34 ATTITUDE -26 0 11
45.56 34 DL_VALUE 28 0.228
45.56 34 FBW_STATUS 0 0 122
45.56 34 RAD_OF_IR -193 0 0.00151
45.57 34 ACTUATORS 1498,1500,0,1214,1505
45.57 34 GPS 0 49843677 356191231 0 175539 0 0 153461249 12 0
45.57 34 IR_SENSORS -620 -207 1
45.57 34 NAVIGATION 0 1 0 0 38 0. 140.5
45.64 34 WP_MOVED 1 497586.6875 3565500. 833.
45.64 34 GYRO_RATES -46 -19 17 0.401426 -0.165806 0.148353
45.75 34 DOWNLINK_STATUS 45 17899 1138 0 456. 29.
45.86 34 ESTIMATOR 0. 0. 0. 0. 0.
45.95 34 GPS 0 49843677 356191231 0 175539 0 0 153461501 12 0
45.95 34 NAVIGATION 0 1 0 0 38 0. 140.5
45.95 34 ATTITUDE -39 0 7
45.95 34 CALIB_CONTRAST 1262
46.06 34 DESIRED 0. -0.01 0. 0. 778. 0.
46.06 34 NAVIGATION 0 1 0 0 38 0. 140.5
46.06 34 GPS 0 49843677 356191231 0 175539 0 0 153461749 12 0
46.13 34 WP_MOVED 2 497622.6875 3565498.5 833.
46.13 34 PPRZ_MODE 0 0 3 0 0 17 0
46.36 34 ESTIMATOR 0. 0. 0. 0. 0.
46.47 34 COMMANDS 173,32,13,128
46.47 34 NAVIGATION 0 1 0 0 38 0. 140.5
46.47 34 ATTITUDE -43 0 5
46.47 34 DL_VALUE 29 0.42
46.47 34 GPS 0 49843677 356191231 0 175539 0 0 153462001 12 0
46.47 34 FBW_STATUS 0 0 122
46.47 34 RAD_OF_IR -349 0 0.00151
46.47 34 IR_SENSORS -659 -375 1
46.54 34 NAVIGATION 0 1 0 0 38 0. 140.5
46.58 34 GPS 0 49843677 356191231 0 175539 0 0 153462249 12 0
46.58 34 WP_MOVED 3 497546.40625 3565495.5 833.
46.58 34 GYRO_RATES -76 -16 -3 0.663225 -0.139626 -0.02618
46.66 34 ESTIMATOR 0. 0. 0. 0. 0.
46.66 34 BAT 162 122 0 0 360 0 5
46.75 34 DOWNLINK_STATUS 46 18305 1163 0 406. 25.
47.75 34 DOWNLINK_STATUS 47 18305 1163 0 0. 0.
48.11 34 ATTITUDE -42 0 35
48.11 34 GPS 0 49843677 356191231 0 175539 0 0 153463501 12 0
48.11 34 CALIB_CONTRAST 1262
48.11 34 DESIRED 0. -0.01 0. 0. 778. 0.
48.11 34 NAVIGATION 0 1 0 0 38 0. 140.5
48.11 34 WP_MOVED 1 497586.6875 3565500. 833.
48.26 34 ESTIMATOR 0. 0. 0. 0. 0.
48.53 34 COMMANDS 162,12,-29,114
48.53 34 NAVIGATION 0 1 0 0 38 0. 140.5
48.53 34 ATTITUDE -11 0 16
48.53 34 DL_VALUE 31 0.023
48.53 34 FBW_STATUS 0 0 122
48.53 34 RAD_OF_IR -53 0 0.00151
48.53 34 GPS 0 49843677 356191231 0 175539 0 0 153464001 12 0
48.58 34 IR_SENSORS -592 -36 1
48.58 34 NAVIGATION 0 1 0 0 38 0. 140.5
48.58 34 WP_MOVED 2 497622.6875 3565498.5 833.
48.58 34 GYRO_RATES -47 -14 -7 0.410152 -0.122173 -0.061087
48.58 34 GPS 0 49843677 356191231 0 175539 0 0 153464249 12 0
48.58 34 ESTIMATOR 0. 0. 0. 0. 0.
48.68 34 NAVIGATION 0 1 0 0 38 0. 140.5
48.68 34 ATTITUDE -11 0 23
48.68 34 CALIBRATION 0. 0.023 0.067 0
48.73 34 CALIB_CONTRAST 1262
48.73 34 SERVO -6568 -2983 143
48.75 34 DOWNLINK_STATUS 48 18674 1188 0 369. 25.
48.97 34 GPS 0 49843677 356191231 0 175539 0 0 153464501 12 0
48.97 34 DESIRED 0. -0.01 0. 0. 778. 0.
48.97 34 IR_DEBUG 277 444 277 444
48.97 34 NAVIGATION 0 1 0 0 38 0. 140.5
48.97 34 WP_MOVED 3 497546.40625 3565495.5 833.
49.17 34 ESTIMATOR 0. 0. 0. 0. 0.
49.21 34 GPS 0 49843677 356191231 0 175539 0 0 153464749 12 0
49.21 34 COMMANDS 166,106,64,127
49.21 34 NAVIGATION 0 1 0 0 38 0. 140.5
49.21 34 ATTITUDE -9 0 23
49.21 34 DL_VALUE 32 0.001
49.21 34 FBW_STATUS 0 0 122
49.21 34 RAD_OF_IR -44 0 0.00151
49.59 34 GPS 0 49843677 356191231 0 175539 0 0 153465001 12 0
49.59 34 IR_SENSORS -591 16 1
49.59 34 NAVIGATION 0 1 0 0 38 0. 140.5
49.59 34 WP_MOVED 4 497575. 3565498. 0.
49.59 34 GYRO_RATES -34 -12 2 0.296706 -0.10472 0.017453
49.66 34 ESTIMATOR 0. 0. 0. 0. 0.
49.67 34 GPS 0 49843677 356191231 0 175539 0 0 153465249 12 0
49.67 34 NAVIGATION 0 1 0 0 38 0. 140.5
49.67 34 ATTITUDE -3 0 9
49.67 34 CALIB_CONTRAST 1262
49.74 34 DESIRED 0. -0.01 0. 0. 778. 0.
49.75 34 DOWNLINK_STATUS 49 19071 1212 0 397. 24.
49.85 34 GPS 0 49843677 356191231 0 175539 0 0 153465501 12 0
49.86 34 NAVIGATION 0 1 0 0 38 0. 140.5
49.86 34 WP_MOVED 0 497617. 3565540. 833.
50.06 34 ESTIMATOR 0. 0. 0. 0. 0.
50.16 34 COMMANDS 173,-6,-31,98
50.16 34 NAVIGATION 0 1 0 0 38 0. 140.5
50.17 34 GPS 0 49843677 356191231 0 175539 0 0 153465749 12 0
50.17 34 ATTITUDE -19 0 10
50.17 34 DL_VALUE 33 0.01
50.17 34 FBW_STATUS 0 0 122
50.17 34 RAD_OF_IR -214 0 0.00151
50.17 34 NAVIGATION_REF 497575 3565498 12
50.28 34 ACTUATORS 1511,1501,0,1214,1506
50.28 34 IR_SENSORS -511 -240 1
50.28 34 NAVIGATION 0 1 0 0 38 0. 140.5
50.28 34 GPS 0 49843677 356191231 0 175539 0 0 153466001 12 0
50.34 34 WP_MOVED 1 497586.6875 3565500. 833.
50.34 34 GYRO_RATES -89 9 -40 0.776672 0.07854 -0.349066
50.57 34 ESTIMATOR 0. 0. 0. 0. 0.
50.57 34 BAT 170 122 0 0 364 0 5
50.66 34 NAVIGATION 0 1 0 0 38 0. 140.5
50.66 34 ATTITUDE -17 0 10
50.67 34 CALIBRATION 0. 0.023 0.067 0
50.67 34 GPS 0 49843677 356191231 0 175539 0 0 153466249 12 0
50.67 34 CALIB_CONTRAST 1262
50.67 34 SERVO 2501 -1733 166
50.75 34 DESIRED 0. -0.01 0. 0. 778. 0.
50.75 34 IR_DEBUG 339 565 339 565
50.75 34 NAVIGATION 0 1 0 0 38 0. 140.5
50.75 34 DOWNLINK_STATUS 50 19521 1241 0 450. 29.
50.88 34 WP_MOVED 2 497622.6875 3565498.5 833.
50.88 34 PPRZ_MODE 0 0 3 0 0 17 0
50.88 34 GPS 0 49843677 356191231 0 175539 0 0 153466501 12 0
50.88 34 ESTIMATOR 0. 0. 0. 0. 0.
51.05 34 COMMANDS 76,10,-85,218
51.05 34 NAVIGATION 0 1 0 0 38 0. 140.5
51.05 34 ATTITUDE -25 0 14
51.05 34 DL_VALUE 34 1.
51.06 34 GPS 0 49843677 356191231 0 175539 0 0 153466749 12 0
51.06 34 FBW_STATUS 0 0 122
51.06 34 RAD_OF_IR -195 0 0.00151
51.18 34 IR_SENSORS -558 -207 1
51.18 34 NAVIGATION 0 1 0 0 38 0. 140.5
51.25 34 WP_MOVED 3 497546.40625 3565495.5 833.
51.25 34 GYRO_RATES -35 -28 -7 0.305433 -0.244346 -0.061087
51.46 34 GPS 0 49843677 356191231 0 175539 0 0 153467001 12 0
51.49 34 ESTIMATOR 0. 0. 0. 0. 0.
51.49 34 NAVIGATION 0 1 0 0 38 0. 140.5
51.49 34 ATTITUDE -28 0 21
51.54 34 GPS 0 49843677 356191231 0 175539 0 0 153467249 12 0
51.58 34 CALIB_CONTRAST 1262
51.65 34 DESIRED 0. -0.01 0. 0. 778. 0.
51.65 34 NAVIGATION 0 1 0 0 38 0. 140.5
51.73 34 WP_MOVED 4 497575. 3565498. 0.
51.75 34 DOWNLINK_STATUS 51 19906 1265 0 385. 24.
51.97 34 GPS 0 49843677 356191231 0 175539 0 0 153467501 12 0
51.97 34 ESTIMATOR 0. 0. 0. 0. 0.
52.06 34 COMMANDS 172,111,77,97
52.09 34 NAVIGATION 0 1 0 0 38 0. 140.5
52.09 34 ATTITUDE -33 0 29
52.09 34 DL_VALUE 35 0.
52.09 34 FBW_STATUS 0 0 122
52.09 34 RAD_OF_IR -224 0 0.00151
52.09 34 GPS 0 49843677 356191231 0 175539 0 0 153467749 12 0
52.09 34 IR_SENSORS -495 -221 1
52.14 34 NAVIGATION 0 1 0 0 38 0. 140.5
52.24 34 WP_MOVED 0 497617. 3565540. 833.
52.24 34 GYRO_RATES -38 -21 -3 0.331613 -0.18326 -0.02618
52.60 34 ESTIMATOR 0. 0. 0. 0. 0.
52.60 34 BAT 169 122 0 0 366 0 5
52.60 34 GPS 0 49843677 356191231 0 175539 0 0 153468001 12 0
52.60 34 NAVIGATION 0 1 0 0 38 0. 140.5
52.60 34 ATTITUDE -31 0 27
52.60 34 CALIBRATION 0. 0.023 0.067 0
52.68 34 CALIB_CONTRAST 1262
52.68 34 SERVO -4268 3716 167
52.68 34 GPS 0 49843677 356191231 0 175539 0 0 153468249 12 0
52.68 34 DESIRED 0. -0.01 0. 0. 778. 0.
52.68 34 IR_DEBUG 163 530 163 530
52.68 34 NAVIGATION 0 1 0 0 38 0. 140.5
52.68 34 WP_MOVED 1 497586.6875 3565500. 833.
52.74 34 ESTIMATOR 0. 0. 0. 0. 0.
52.75 34 DOWNLINK_STATUS 52 20336 1292 0 430. 27.
52.84 34 GPS 0 49843677 356191231 0 175539 0 0 153468501 12 0
52.86 34 COMMANDS 166,10,-25,110
52.86 34 NAVIGATION 0 1 0 0 38 0. 140.5
52.86 34 ATTITUDE -33 0 28
52.86 34 DL_VALUE 36 0.
53.75 34 DOWNLINK_STATUS 53 20407 1297 0 71. 5.
54.75 34 DOWNLINK_STATUS 54 20407 1297 0 0. 0.
55.75 34 DOWNLINK_STATUS 55 20407 1297 0 0. 0.
56.75 34 DOWNLINK_STATUS 56 20407 1297 0 0. 0.
57.75 34 DOWNLINK_STATUS 57 20407 1297 0 0. 0.
58.75 34 DOWNLINK_STATUS 58 20407 1297 0 0. 0.
59.75 34 DOWNLINK_STATUS 59 20407 1297 0 0. 0.
60.75 34 DOWNLINK_STATUS 60 20407 1297 0 0. 0.
61.75 34 DOWNLINK_STATUS 61 20407 1297 0 0. 0.
62.75 34 DOWNLINK_STATUS 62 20407 1297 0 0. 0.
63.75 34 DOWNLINK_STATUS 63 20407 1297 0 0. 0.
64.75 34 DOWNLINK_STATUS 64 20407 1297 0 0. 0.
65.75 34 DOWNLINK_STATUS 65 20407 1297 0 0. 0.
66.75 34 DOWNLINK_STATUS 66 20407 1297 0 0. 0.
67.76 34 DOWNLINK_STATUS 67 20407 1297 0 0. 0.
68.76 34 DOWNLINK_STATUS 68 20407 1297 0 0. 0.
69.76 34 DOWNLINK_STATUS 69 20407 1297 0 0. 0.
70.76 34 DOWNLINK_STATUS 70 20407 1297 0 0. 0.
71.76 34 DOWNLINK_STATUS 71 20407 1297 0 0. 0.
72.76 34 DOWNLINK_STATUS 72 20407 1297 0 0. 0.
73.76 34 DOWNLINK_STATUS 73 20407 1297 0 0. 0.
74.76 34 DOWNLINK_STATUS 74 20407 1297 0 0. 0.
75.76 34 DOWNLINK_STATUS 75 20407 1297 0 0. 0.
76.76 34 DOWNLINK_STATUS 76 20407 1297 0 0. 0.
77.76 34 DOWNLINK_STATUS 77 20407 1297 0 0. 0.
78.76 34 DOWNLINK_STATUS 78 20407 1297 0 0. 0.
79.76 34 DOWNLINK_STATUS 79 20407 1297 0 0. 0.
80.76 34 DOWNLINK_STATUS 80 20407 1297 0 0. 0.
81.76 34 DOWNLINK_STATUS 81 20407 1297 0 0. 0.
82.76 34 DOWNLINK_STATUS 82 20407 1297 0 0. 0.
83.76 34 DOWNLINK_STATUS 83 20407 1297 0 0. 0.
84.76 34 DOWNLINK_STATUS 84 20407 1297 0 0. 0.
85.76 34 DOWNLINK_STATUS 85 20407 1297 0 0. 0.
86.76 34 DOWNLINK_STATUS 86 20407 1297 0 0. 0.
87.76 34 DOWNLINK_STATUS 87 20407 1297 0 0. 0.
88.76 34 DOWNLINK_STATUS 88 20407 1297 0 0. 0.
89.76 34 DOWNLINK_STATUS 89 20407 1297 0 0. 0.
90.76 34 DOWNLINK_STATUS 90 20407 1297 0 0. 0.
91.76 34 DOWNLINK_STATUS 91 20407 1297 0 0. 0.
92.76 34 DOWNLINK_STATUS 92 20407 1297 0 0. 0.
93.76 34 DOWNLINK_STATUS 93 20407 1297 0 0. 0.
94.76 34 DOWNLINK_STATUS 94 20407 1297 0 0. 0.
95.76 34 DOWNLINK_STATUS 95 20407 1297 0 0. 0.
96.76 34 DOWNLINK_STATUS 96 20407 1297 0 0. 0.
97.76 34 DOWNLINK_STATUS 97 20407 1297 0 0. 0.
98.76 34 DOWNLINK_STATUS 98 20407 1297 0 0. 0.
99.76 34 DOWNLINK_STATUS 99 20407 1297 0 0. 0.
100.76 34 DOWNLINK_STATUS 100 20407 1297 0 0. 0.
101.76 34 DOWNLINK_STATUS 101 20407 1297 0 0. 0.
102.76 34 DOWNLINK_STATUS 102 20407 1297 0 0. 0.
103.76 34 DOWNLINK_STATUS 103 20407 1297 0 0. 0.
104.76 34 DOWNLINK_STATUS 104 20407 1297 0 0. 0.
105.76 34 DOWNLINK_STATUS 105 20407 1297 0 0. 0.
106.76 34 DOWNLINK_STATUS 106 20407 1297 0 0. 0.
107.76 34 DOWNLINK_STATUS 107 20407 1297 0 0. 0.
108.76 34 DOWNLINK_STATUS 108 20407 1297 0 0. 0.
109.76 34 DOWNLINK_STATUS 109 20407 1297 0 0. 0.
110.76 34 DOWNLINK_STATUS 110 20407 1297 0 0. 0.
111.76 34 DOWNLINK_STATUS 111 20407 1297 0 0. 0.
112.76 34 DOWNLINK_STATUS 112 20407 1297 0 0. 0.
113.76 34 DOWNLINK_STATUS 113 20407 1297 0 0. 0.
114.76 34 DOWNLINK_STATUS 114 20407 1297 0 0. 0.
115.76 34 DOWNLINK_STATUS 115 20407 1297 0 0. 0.
116.76 34 DOWNLINK_STATUS 116 20407 1297 0 0. 0.
117.76 34 DOWNLINK_STATUS 117 20407 1297 0 0. 0.
118.76 34 DOWNLINK_STATUS 118 20407 1297 0 0. 0.
119.76 34 DOWNLINK_STATUS 119 20407 1297 0 0. 0.
120.76 34 DOWNLINK_STATUS 120 20407 1297 0 0. 0.
121.76 34 DOWNLINK_STATUS 121 20407 1297 0 0. 0.
122.76 34 DOWNLINK_STATUS 122 20407 1297 0 0. 0.
123.76 34 DOWNLINK_STATUS 123 20407 1297 0 0. 0.
124.76 34 DOWNLINK_STATUS 124 20407 1297 0 0. 0.
125.76 34 DOWNLINK_STATUS 125 20407 1297 0 0. 0.
126.76 34 DOWNLINK_STATUS 126 20407 1297 0 0. 0.
127.76 34 DOWNLINK_STATUS 127 20407 1297 0 0. 0.
128.76 34 DOWNLINK_STATUS 128 20407 1297 0 0. 0.
129.76 34 DOWNLINK_STATUS 129 20407 1297 0 0. 0.
130.76 34 DOWNLINK_STATUS 130 20407 1297 0 0. 0.
131.76 34 DOWNLINK_STATUS 131 20407 1297 0 0. 0.
132.76 34 DOWNLINK_STATUS 132 20407 1297 0 0. 0.
133.76 34 DOWNLINK_STATUS 133 20407 1297 0 0. 0.
134.76 34 DOWNLINK_STATUS 134 20407 1297 0 0. 0.
135.76 34 DOWNLINK_STATUS 135 20407 1297 0 0. 0.
136.76 34 DOWNLINK_STATUS 136 20407 1297 0 0. 0.
137.76 34 DOWNLINK_STATUS 137 20407 1297 0 0. 0.
138.76 34 DOWNLINK_STATUS 138 20407 1297 0 0. 0.
139.76 34 DOWNLINK_STATUS 139 20407 1297 0 0. 0.
140.76 34 DOWNLINK_STATUS 140 20407 1297 0 0. 0.
141.76 34 DOWNLINK_STATUS 141 20407 1297 0 0. 0.
142.76 34 DOWNLINK_STATUS 142 20407 1297 0 0. 0.
143.76 34 DOWNLINK_STATUS 143 20407 1297 0 0. 0.
144.76 34 DOWNLINK_STATUS 144 20407 1297 0 0. 0.
145.76 34 DOWNLINK_STATUS 145 20407 1297 0 0. 0.
146.76 34 DOWNLINK_STATUS 146 20407 1297 0 0. 0.
147.76 34 DOWNLINK_STATUS 147 20407 1297 0 0. 0.
148.76 34 DOWNLINK_STATUS 148 20407 1297 0 0. 0.
149.76 34 DOWNLINK_STATUS 149 20407 1297 0 0. 0.
150.76 34 DOWNLINK_STATUS 150 20407 1297 0 0. 0.
151.76 34 DOWNLINK_STATUS 151 20407 1297 0 0. 0.
152.76 34 DOWNLINK_STATUS 152 20407 1297 0 0. 0.
153.76 34 DOWNLINK_STATUS 153 20407 1297 0 0. 0.
154.76 34 DOWNLINK_STATUS 154 20407 1297 0 0. 0.
155.76 34 DOWNLINK_STATUS 155 20407 1297 0 0. 0.
156.76 34 DOWNLINK_STATUS 156 20407 1297 0 0. 0.
157.07 34 BOOT 1
157.07 34 PPRZ_MODE 2 0 0 0 0 1 0
157.07 34 GPS 0 49843677 356191231 0 175539 0 0 153571200 12 0
157.07 34 FBW_STATUS 0 0 0
157.07 34 RAD_OF_IR -31 0 0.00211
157.07 34 ACTUATORS 1498,1504,0,1214,1504
157.07 34 IR_SENSORS -1194 -31 1
157.07 34 NAVIGATION 0 1 0 0 38 0. 140.5
157.07 34 WP_MOVED 1 497586.6875 3565500. 833.
157.09 34 ATTITUDE -7 0 -124
157.09 34 FBW_STATUS 0 1 123
157.09 34 RAD_OF_IR -41 0 0.00211
157.09 34 PPRZ_MODE 0 0 3 0 0 17 0
157.10 34 IR_SENSORS -1223 -63 1
157.10 34 NAVIGATION 0 1 0 0 38 0. 140.5
157.18 34 WP_MOVED 0 497617. 3565540. 833.
157.18 34 GYRO_RATES -42 -27 8 0.366519 -0.235619 0.069813
157.56 34 ESTIMATOR 0. 0. 0. 0. 0.
157.56 34 BAT 217 123 0 0 2 0 0
157.56 34 GPS 0 49843677 356191231 0 175539 0 0 153573000 12 0
157.56 34 NAVIGATION 0 1 0 0 38 0. 140.5
157.56 34 ATTITUDE -7 0 -125
157.56 34 CALIBRATION 0. 0.023 0.067 0
157.63 34 SERVO 9600 -7558 162
157.63 34 DESIRED 0. 0. 0. 0. 778. 0.
157.63 34 IR_DEBUG 832 880 832 880
157.63 34 NAVIGATION 0 1 0 0 38 0. 140.5
157.63 34 GPS 0 49843677 356191231 0 175539 0 0 153573248 12 0
157.63 34 WP_MOVED 1 497586.6875 3565500. 833.
157.69 34 ESTIMATOR 0. 0. 0. 0. 0.
157.76 34 DOWNLINK_STATUS 157 20839 1327 0 432. 30.
158.05 34 COMMANDS 173,111,30,101
158.06 34 NAVIGATION 0 1 0 0 38 0. 140.5
158.06 34 ATTITUDE -7 0 -125
158.06 34 DL_VALUE 2 0.
158.06 34 GPS 0 49843677 356191231 0 175539 0 0 153573500 12 0
158.06 34 FBW_STATUS 0 0 123
158.06 34 RAD_OF_IR -33 0 0.00211
158.12 34 PPRZ_MODE 1 0 3 0 0 21 0
158.12 34 CALIB_START 
158.12 34 IR_SENSORS -1197 -32 1
158.12 34 NAVIGATION 0 1 0 0 38 0. 140.5
158.12 34 GPS 0 49843677 356191231 0 175539 0 0 153573748 12 0
158.12 34 WP_MOVED 2 497622.6875 3565498.5 833.
158.12 34 GYRO_RATES -38 -15 3 0.331613 -0.1309 0.02618
158.18 34 ESTIMATOR 0. 0. 0. 0. 0.
158.31 34 NAVIGATION 0 1 0 0 38 0. 140.5
158.31 34 ATTITUDE -8 0 -132
158.31 34 CALIB_START 
158.31 34 GPS 0 49843677 356191231 0 175539 0 0 153574000 12 0
158.61 34 DESIRED -0. -0. 0. 0. 778. 0.
158.61 34 NAVIGATION 0 1 0 0 38 0. 140.5
158.70 34 WP_MOVED 3 497546.40625 3565495.5 833.
158.70 34 GPS 0 49843677 356191231 0 175539 0 0 153574248 12 0
158.70 34 ESTIMATOR 0. 0. 0. 0. 0.
158.76 34 DOWNLINK_STATUS 158 21209 1351 0 370. 24.
158.91 34 COMMANDS 141,-5881,9600,1495
158.91 34 NAVIGATION 0 1 0 0 38 0. 140.5
158.91 34 ATTITUDE -9 0 -133
158.91 34 DL_VALUE 3 0.
158.91 34 GPS 0 49843677 356191231 0 175539 0 0 153574500 12 0
158.91 34 FBW_STATUS 0 1 123
158.91 34 RAD_OF_IR -46 0 0.00211
158.91 34 IR_SENSORS -1241 -46 1
159.25 34 NAVIGATION 0 1 0 0 38 0. 140.5
159.25 34 CALIB_CONTRAST 1242
159.25 34 WP_MOVED 4 497575. 3565498. 0.
159.25 34 GYRO_RATES -38 -15 -2 0.331613 -0.1309 -0.017453
159.25 34 GPS 0 49843677 356191231 0 175539 0 0 153574748 12 0
159.25 34 ESTIMATOR 0. 0. 0. 0. 0.
159.29 34 NAVIGATION 0 1 0 0 38 0. 140.5
159.29 34 ATTITUDE -7 0 -72
159.29 34 CALIBRATION 0. 0.023 0.067 1
159.32 34 CALIB_CONTRAST 1242
159.32 34 SERVO 9600 -3823 0
159.32 34 GPS 0 49843677 356191231 0 175539 0 0 153575000 12 0
159.49 34 DESIRED 0.12 -0. 0. 0. 778. 0.
159.49 34 IR_DEBUG 862 920 862 920
159.49 34 NAVIGATION 0 1 0 0 38 0. 140.5
159.51 34 WP_MOVED 0 497617. 3565540. 833.
159.76 34 DOWNLINK_STATUS 159 21558 1375 0 349. 24.
159.82 34 GPS 0 49843677 356191231 0 175539 0 0 153575248 12 0
159.82 34 ESTIMATOR 0. 0. 0. 0. 0.
159.92 34 COMMANDS 171,-4411,9600,1178
159.92 34 NAVIGATION 0 1 0 0 38 0. 140.5
159.92 34 ATTITUDE -6 0 -72
159.92 34 DL_VALUE 4 1.
159.92 34 FBW_STATUS 0 1 123
159.92 34 RAD_OF_IR -40 0 0.00153
159.92 34 GPS 0 49843677 356191231 0 175539 0 0 153575500 12 0
159.93 34 ACTUATORS 1761,1000,0,1214,1552
159.93 34 IR_SENSORS -1245 -39 1
159.98 34 WP_MOVED 1 497586.6875 3565500. 833.
159.98 34 GYRO_RATES -38 -18 -2 0.331613 -0.15708 -0.017453
160.09 34 GPS 0 49843677 356191231 0 175539 0 0 153575748 12 0
160.12 34 ESTIMATOR 0. 0. 0. 0. 0.
160.31 34 NAVIGATION 0 1 0 0 38 0. 140.5
160.31 34 ATTITUDE -7 0 -71
160.40 34 CALIB_CONTRAST 1242
160.40 34 GPS 0 49843677 356191231 0 175539 0 0 153576000 12 0
160.40 34 DESIRED -0.01 -0.04 0. 0. 778. 0.
160.40 34 NAVIGATION 0 1 0 0 38 0. 140.5
160.41 34 WP_MOVED 2 497622.6875 3565498.5 833.
160.41 34 PPRZ_MODE 1 0 3 0 0 5 0
160.51 34 ESTIMATOR 0. 0. 0. 0. 0.
160.63 34 GPS 0 49843677 356191231 0 175539 0 0 153576248 12 0
160.64 34 COMMANDS 0,-7047,9600,1211
160.64 34 NAVIGATION 0 1 0 0 38 0. 140.5
160.64 34 ATTITUDE -7 0 -70
160.64 34 DL_VALUE 5 0.
160.76 34 DOWNLINK_STATUS 160 22016 1404 0 458. 29.
160.80 34 FBW_STATUS 0 1 123
160.80 34 RAD_OF_IR -46 0 0.00153
160.90 34 PPRZ_MODE 0 0 3 0 0 17 0
160.90 34 IR_SENSORS -1234 -49 1
160.90 34 GPS 0 49843677 356191231 0 175539 0 0 153576500 12 0
160.90 34 NAVIGATION 0 1 0 0 38 0. 140.5
160.91 34 WP_MOVED 3 497546.40625 3565495.5 833.
160.91 34 GYRO_RATES -35 -17 -2 0.305433 -0.148353 -0.017453
161.00 34 ESTIMATOR 0. 0. 0. 0. 0.
161.00 34 BAT 173 123 0 0 6 0 0
161.11 34 GPS 0 49843677 356191231 0 175539 0 0 153576748 12 0
161.14 34 NAVIGATION 0 1 0 0 38 0. 140.5
161.14 34 ATTITUDE -5 0 -66
161.14 34 CALIBRATION 0. 0.023 0.067 0
161.30 34 CALIB_CONTRAST 1242
161.30 34 SERVO 9600 -7654 37
161.41 34 DESIRED -0. -0.01 0. 0. 778. 0.
161.41 34 IR_DEBUG 837 882 837 882
161.41 34 NAVIGATION 0 1 0 0 38 0. 140.5
161.41 34 GPS 0 49843677 356191231 0 175539 0 0 153577000 12 0
161.41 34 WP_MOVED 4 497575. 3565498. 0.
161.48 34 ESTIMATOR 0. 0. 0. 0. 0.
161.60 34 COMMANDS 169,40,-64,98
161.64 34 NAVIGATION 0 1 0 0 38 0. 140.5
161.64 34 ATTITUDE -6 0 -66
161.64 34 DL_VALUE 6 0.
161.64 34 GPS 0 49843677 356191231 0 175539 0 0 153577248 12 0
161.64 34 FBW_STATUS 0 0 123
161.64 34 RAD_OF_IR -40 0 0.00153
161.76 34 DOWNLINK_STATUS 161 22448 1433 0 432. 29.
161.80 34 IR_SENSORS -1207 -44 1
161.90 34 NAVIGATION 0 1 0 0 38 0. 140.5
161.90 34 GPS 0 49843677 356191231 0 175539 0 0 153577500 12 0
161.90 34 WP_MOVED 0 497617. 3565540. 833.
161.90 34 GYRO_RATES -35 -19 -1 0.305433 -0.165806 -0.008727
161.91 34 ESTIMATOR 0. 0. 0. 0. 0.
161.99 34 NAVIGATION 0 1 0 0 38 0. 140.5
162.00 34 ATTITUDE -7 0 -66
162.08 34 GPS 0 49843677 356191231 0 175539 0 0 153577748 12 0
162.12 34 CALIB_CONTRAST 1242
162.30 34 DESIRED -0. -0.01 0. 0. 778. 0.
162.40 34 NAVIGATION 0 1 0 0 38 0. 140.5
162.40 34 WP_MOVED 1 497586.6875 3565500. 833.
162.40 34 GPS 0 49843677 356191231 0 175539 0 0 153578000 12 0
162.40 34 ESTIMATOR 0. 0. 0. 0. 0.
162.50 34 COMMANDS 465,34,-64,-543
162.52 34 NAVIGATION 0 1 0 0 38 0. 140.5
162.52 34 ATTITUDE -5 0 -66
162.52 34 DL_VALUE 7 0.
162.59 34 GPS 0 49843677 356191231 0 175539 0 0 153578248 12 0
162.62 34 FBW_STATUS 0 0 123
162.62 34 RAD_OF_IR -30 0 0.00153
162.76 34 DOWNLINK_STATUS 162 22809 1455 0 361. 22.
162.80 34 IR_SENSORS -1198 -47 1
162.80 34 NAVIGATION 0 1 0 0 38 0. 140.5
162.90 34 WP_MOVED 2 497622.6875 3565498.5 833.
162.90 34 GYRO_RATES -35 -19 -3 0.305433 -0.165806 -0.02618
162.90 34 GPS 0 49843677 356191231 0 175539 0 0 153578500 12 0
162.91 34 ESTIMATOR 0. 0. 0. 0. 0.
162.91 34 BAT 173 122 0 0 8 0 0
162.99 34 NAVIGATION 0 1 0 0 38 0. 140.5
162.99 34 ATTITUDE -4 0 -66
162.99 34 CALIBRATION 0. 0.023 0.067 0
163.09 34 GPS 0 49843677 356191231 0 175539 0 0 153578748 12 0
163.12 34 CALIB_CONTRAST 1242
163.12 34 SERVO 9600 -7455 0
163.32 34 DESIRED -0. -0.01 0. 0. 778. 0.
163.32 34 IR_DEBUG 836 884 836 884
163.32 34 NAVIGATION 0 1 0 0 38 0. 140.5
163.40 34 WP_MOVED 3 497546.40625 3565495.5 833.
163.40 34 GPS 0 49843677 356191231 0 175539 0 0 153579000 12 0
163.40 34 ESTIMATOR 0. 0. 0. 0. 0.
163.49 34 COMMANDS 190,24,-83,14
163.49 34 NAVIGATION 0 1 0 0 38 0. 140.5
163.49 34 ATTITUDE -5 0 -67
163.49 34 DL_VALUE 8 1.
163.49 34 FBW_STATUS 0 0 123
163.49 34 RAD_OF_IR -29 0 0.00153
163.59 34 GPS 0 49843677 356191231 0 175539 0 0 153579248 12 0
163.62 34 IR_SENSORS -1207 -28 1
163.76 34 DOWNLINK_STATUS 163 23225 1482 0 416. 27.
163.80 34 NAVIGATION 0 1 0 0 38 0. 140.5
163.91 34 WP_MOVED 4 497575. 3565498. 0.
163.91 34 GYRO_RATES -32 -11 -3 0.279253 -0.095993 -0.02618
163.91 34 ESTIMATOR 0. 0. 0. 0. 0.
163.91 34 GPS 0 49843677 356191231 0 175539 0 0 153579500 12 0
163.91 34 NAVIGATION 0 1 0 0 38 0. 140.5
163.91 34 ATTITUDE -5 0 -66
163.97 34 CALIB_CONTRAST 1242
164.11 34 GPS 0 49843677 356191231 0 175539 0 0 153579748 12 0
164.15 34 DESIRED -0. -0.01 0. 0. 778. 0.
164.15 34 NAVIGATION 0 1 0 0 38 0. 140.5
164.30 34 WP_MOVED 0 497617. 3565540. 833.
164.41 34 ESTIMATOR 0. 0. 0. 0. 0.
164.41 34 GPS 0 49843677 356191231 0 175539 0 0 153580000 12 0
164.41 34 COMMANDS 276,30,-58,-103
164.41 34 NAVIGATION 0 1 0 0 38 0. 140.5
164.41 34 ATTITUDE -5 0 -66
164.41 34 DL_VALUE 9 -61.099998
164.42 34 FBW_STATUS 0 0 123
164.48 34 RAD_OF_IR -28 0 0.00153
164.48 34 NAVIGATION_REF 497575 3565498 12
164.60 34 ACTUATORS 1499,1505,0,1215,1476
164.64 34 IR_SENSORS -1201 -30 1
164.64 34 GPS 0 49843677 356191231 0 175539 0 0 153580248 12 0
164.64 34 NAVIGATION 0 1 0 0 38 0. 140.5
164.76 34 DOWNLINK_STATUS 164 23628 1507 0 403. 25.
164.81 34 WP_MOVED 1 497586.6875 3565500. 833.
164.81 34 GYRO_RATES -38 -20 -5 0.331613 -0.174533 -0.043633
164.92 34 ESTIMATOR 0. 0. 0. 0. 0.
164.92 34 BAT 166 123 0 0 10 0 0
164.92 34 GPS 0 49843677 356191231 0 175539 0 0 153580500 12 0
164.92 34 NAVIGATION 0 1 0 0 38 0. 140.5
164.92 34 ATTITUDE -5 0 -66
164.92 34 CALIBRATION 0. 0.023 0.067 0
164.92 34 CALIB_CONTRAST 1242
164.92 34 SERVO 9600 -7407 225
165.14 34 DESIRED -0. -0.01 0. 0. 778. 0.
165.14 34 IR_DEBUG 838 881 838 881
165.14 34 GPS 0 49843677 356191231 0 175539 0 0 153580748 12 0
165.14 34 NAVIGATION 0 1 0 0 38 0. 140.5
165.14 34 WP_MOVED 2 497622.6875 3565498.5 833.
165.14 34 PPRZ_MODE 0 0 3 0 0 1 0
165.30 34 ESTIMATOR 0. 0. 0. 0. 0.
165.41 34 COMMANDS 176,119,-58,107
165.41 34 NAVIGATION 0 1 0 0 38 0. 140.5
165.41 34 ATTITUDE -5 0 -66
165.41 34 DL_VALUE 10 0.
165.41 34 GPS 0 49843677 356191231 0 175539 0 0 153581000 12 0
165.41 34 FBW_STATUS 0 0 123
165.41 34 RAD_OF_IR -29 0 0.00153
165.51 34 IR_SENSORS -1201 -29 1
165.51 34 NAVIGATION 0 1 0 0 38 0. 140.5
165.60 34 GPS 0 49843677 356191231 0 175539 0 0 153581248 12 0
165.60 34 WP_MOVED 3 497546.40625 3565495.5 833.
165.60 34 GYRO_RATES -39 -21 -3 0.340339 -0.18326 -0.02618
165.76 34 DOWNLINK_STATUS 165 24080 1536 0 452. 29.
165.80 34 ESTIMATOR 0. 0. 0. 0. 0.
165.83 34 NAVIGATION 0 1 0 0 38 0. 140.5
165.83 34 ATTITUDE -5 0 -66
165.83 34 GPS 0 49843677 356191231 0 175539 0 0 153581500 12 0
165.87 34 CALIB_CONTRAST 1242
165.99 34 DESIRED -0. -0.01 0. 0. 778. 0.
165.99 34 NAVIGATION 0 1 0 0 38 0. 140.5
166.09 34 GPS 0 49843677 356191231 0 175539 0 0 153581748 12 0
166.12 34 WP_MOVED 4 497575. 3565498. 0.
166.30 34 ESTIMATOR 0. 0. 0. 0. 0.
166.56 34 COMMANDS 190,30,-66,60
166.56 34 NAVIGATION 0 1 0 0 38 0. 140.5
166.56 34 ATTITUDE -5 0 -66
166.56 34 DL_VALUE 11 1.
166.56 34 GPS 0 49843677 356191231 0 175539 0 0 153582000 12 0
166.56 34 FBW_STATUS 0 0 123
166.56 34 RAD_OF_IR -30 0 0.00153
166.65 34 IR_SENSORS -1206 -32 1
166.65 34 NAVIGATION 0 1 0 0 38 0. 140.5
166.65 34 WP_MOVED 0 497617. 3565540. 833.
166.65 34 GYRO_RATES -36 -18 -1 0.314159 -0.15708 -0.008727
166.65 34 GPS 0 49843677 356191231 0 175539 0 0 153582248 12 0
166.65 34 ESTIMATOR 0. 0. 0. 0. 0.
166.76 34 DOWNLINK_STATUS 166 24463 1559 0 383. 23.
166.91 34 NAVIGATION 0 1 0 0 38 0. 140.5
166.91 34 ATTITUDE -5 0 -67
166.91 34 CALIBRATION 0. 0.023 0.067 0
166.91 34 CALIB_CONTRAST 1242
166.91 34 SERVO 9600 -5022 169
166.91 34 GPS 0 49843677 356191231 0 175539 0 0 153582500 12 0
167.00 34 DESIRED -0. -0.01 0. 0. 778. 0.
167.01 34 IR_DEBUG 845 878 845 878
167.02 34 NAVIGATION 0 1 0 0 38 0. 140.5
167.02 34 WP_MOVED 1 497586.6875 3565500. 833.
167.09 34 GPS 0 49843677 356191231 0 175539 0 0 153582748 12 0
167.09 34 ESTIMATOR 0. 0. 0. 0. 0.
167.31 34 COMMANDS 169,200,-63,88
167.31 34 NAVIGATION 0 1 0 0 38 0. 140.5
167.31 34 ATTITUDE -5 0 -65
167.31 34 DL_VALUE 12 0.
167.39 34 FBW_STATUS 0 0 123
167.39 34 RAD_OF_IR -23 0 0.00153
167.39 34 GPS 0 49843677 356191231 0 175539 0 0 153583000 12 0
167.40 34 IR_SENSORS -1192 -29 1
167.40 34 NAVIGATION 0 1 0 0 38 0. 140.5
167.48 34 WP_MOVED 2 497622.6875 3565498.5 833.
167.48 34 GYRO_RATES -31 -11 3 0.270526 -0.095993 0.02618
167.59 34 GPS 0 49843677 356191231 0 175539 0 0 153583248 12 0
167.62 34 ESTIMATOR 0. 0. 0. 0. 0.
167.76 34 DOWNLINK_STATUS 167 24857 1584 0 394. 25.
167.80 34 NAVIGATION 0 1 0 0 38 0. 140.5
167.80 34 ATTITUDE -4 0 -64
167.90 34 CALIB_CONTRAST 1242
167.90 34 GPS 0 49843677 356191231 0 175539 0 0 153583500 12 0
167.90 34 DESIRED -0. -0.01 0. 0. 778. 0.
167.90 34 NAVIGATION 0 1 0 0 38 0. 140.5
167.91 34 WP_MOVED 3 497546.40625 3565495.5 833.
168.34 34 ESTIMATOR 0. 0. 0. 0. 0.
168.34 34 GPS 0 49843677 356191231 0 175539 0 0 153583748 12 0
168.34 34 COMMANDS 169,12,-74,57
168.34 34 NAVIGATION 0 1 0 0 38 0. 140.5
168.34 34 ATTITUDE -7 0 -66
168.34 34 DL_VALUE 13 517.
168.40 34 FBW_STATUS 0 0 123
168.40 34 RAD_OF_IR -45 0 0.00153
168.40 34 GPS 0 49843677 356191231 0 175539 0 0 153584000 12 0
168.40 34 IR_SENSORS -1193 -42 1
168.40 34 NAVIGATION 0 1 0 0 38 0. 140.5
168.41 34 WP_MOVED 4 497575. 3565498. 0.
168.41 34 GYRO_RATES -36 -27 -8 0.314159 -0.235619 -0.069813
168.50 34 ESTIMATOR 0. 0. 0. 0. 0.
168.50 34 BAT 169 123 0 0 14 0 0
168.60 34 GPS 0 49843677 356191231 0 175539 0 0 153584248 12 0
168.64 34 NAVIGATION 0 1 0 0 38 0. 140.5
168.64 34 ATTITUDE -5 0 -64
168.64 34 CALIBRATION 0. 0.023 0.067 0
168.76 34 DOWNLINK_STATUS 168 25273 1610 0 416. 26.
168.80 34 CALIB_CONTRAST 1242
168.80 34 SERVO 9600 -6265 169
168.91 34 DESIRED -0. -0.01 0. 0. 778. 0.
168.91 34 IR_DEBUG 828 858 828 858
168.91 34 NAVIGATION 0 1 0 0 38 0. 140.5
168.91 34 GPS 0 49843677 356191231 0 175539 0 0 153584500 12 0
168.91 34 WP_MOVED 0 497617. 3565540. 833.
169.10 34 ESTIMATOR 0. 0. 0. 0. 0.
169.34 34 COMMANDS 162,30,-64,120
169.34 34 NAVIGATION 0 1 0 0 38 0. 140.5
169.34 34 GPS 0 49843677 356191231 0 175539 0 0 153584748 12 0
169.34 34 ATTITUDE -3 0 -63
169.34 34 DL_VALUE 14 482.
169.34 34 FBW_STATUS 0 0 123
169.34 34 RAD_OF_IR -13 0 0.00153
169.42 34 ACTUATORS 1500,1506,0,1214,1503
169.42 34 IR_SENSORS -1185 -11 1
169.42 34 NAVIGATION 0 1 0 0 38 0. 140.5
169.42 34 GPS 0 49843677 356191231 0 175539 0 0 153585000 12 0
169.42 34 WP_MOVED 1 497586.6875 3565500. 833.
169.42 34 GYRO_RATES -33 -18 0 0.287979 -0.15708 0.
169.42 34 ESTIMATOR 0. 0. 0. 0. 0.
169.50 34 NAVIGATION 0 1 0 0 38 0. 140.5
169.50 34 ATTITUDE -1 0 -65
169.58 34 GPS 0 49843677 356191231 0 175539 0 0 153585248 12 0
169.62 34 CALIB_CONTRAST 1242
169.76 34 DOWNLINK_STATUS 169 25669 1636 0 396. 26.
169.80 34 DESIRED -0. -0.01 0. 0. 778. 0.
169.90 34 NAVIGATION 0 1 0 0 38 0. 140.5
169.90 34 WP_MOVED 2 497622.6875 3565498.5 833.
169.90 34 PPRZ_MODE 0 0 3 0 0 1 0
169.90 34 GPS 0 49843677 356191231 0 175539 0 0 153585500 12 0
169.91 34 ESTIMATOR 0. 0. 0. 0. 0.
170.00 34 COMMANDS 169,-200,-286,55
170.00 34 NAVIGATION 0 1 0 0 38 0. 140.5
170.00 34 ATTITUDE 0 0 -66
170.00 34 DL_VALUE 15 455.
170.09 34 GPS 0 49843677 356191231 0 175539 0 0 153585748 12 0
170.12 34 FBW_STATUS 0 0 123
170.13 34 RAD_OF_IR 16 0 0.00153
170.30 34 IR_SENSORS -1197 7 1
170.30 34 NAVIGATION 0 1 0 0 38 0. 140.5
170.40 34 WP_MOVED 3 497546.40625 3565495.5 833.
170.40 34 GYRO_RATES -44 -19 -12 0.383972 -0.165806 -0.10472
170.40 34 GPS 0 49843677 356191231 0 175539 0 0 153586000 12 0
170.41 34 ESTIMATOR 0. 0. 0. 0. 0.
170.41 34 BAT 183 123 0 0 16 1 0
170.49 34 NAVIGATION 0 1 0 0 38 0. 140.5
170.49 34 ATTITUDE -1 0 -64
170.49 34 CALIBRATION 0. 0.023 0.067 0
170.59 34 CALIB_CONTRAST 1242
170.62 34 SERVO 9600 -8475 169
170.63 34 GPS 0 49843677 356191231 0 175539 0 0 153586248 12 0
170.77 34 DOWNLINK_STATUS 170 26076 1662 0 407. 26.
170.82 34 DESIRED -0. -0.01 0. 0. 778. 0.
170.82 34 IR_DEBUG 854 843 854 843
170.82 34 NAVIGATION 0 1 0 0 38 0. 140.5
170.90 34 WP_MOVED 4 497575. 3565498. 0.
170.90 34 GPS 0 49843677 356191231 0 175539 0 0 153586500 12 0
170.90 34 ESTIMATOR 0. 0. 0. 0. 0.
170.99 34 COMMANDS 176,24,-53,55
170.99 34 NAVIGATION 0 1 0 0 38 0. 140.5
170.99 34 ATTITUDE 2 0 -64
170.99 34 DL_VALUE 16 7500.
170.99 34 FBW_STATUS 0 0 123
170.99 34 RAD_OF_IR 27 0 0.00153
171.09 34 GPS 0 49843677 356191231 0 175539 0 0 153586748 12 0
171.13 34 IR_SENSORS -1184 32 1
171.29 34 NAVIGATION 0 1 0 0 38 0. 140.5
171.29 34 WP_MOVED 0 497617. 3565540. 833.
171.29 34 GYRO_RATES -39 -14 -8 0.340339 -0.122173 -0.069813
171.33 34 ESTIMATOR 0. 0. 0. 0. 0.
171.33 34 GPS 0 49843677 356191231 0 175539 0 0 153587000 12 0
171.38 34 NAVIGATION 0 1 0 0 38 0. 140.5
171.38 34 ATTITUDE 2 0 -63
171.47 34 CALIB_CONTRAST 1242
171.73 34 GPS 0 49843677 356191231 0 175539 0 0 153587248 12 0
171.77 34 DESIRED -0. -0.01 0. 0. 778. 0.
171.77 34 NAVIGATION 0 1 0 0 38 0. 140.5
171.77 34 DOWNLINK_STATUS 171 26491 1687 0 415. 25.
171.77 34 WP_MOVED 1 497586.6875 3565500. 833.
171.91 34 ESTIMATOR 0. 0. 0. 0. 0.
171.91 34 GPS 0 49843677 356191231 0 175539 0 0 153587500 12 0
171.92 34 COMMANDS 170,-51,-69,56
171.92 34 NAVIGATION 0 1 0 0 38 0. 140.5
171.92 34 ATTITUDE 1 0 -64
171.92 34 DL_VALUE 17 11250.
171.92 34 FBW_STATUS 0 0 123
171.98 34 RAD_OF_IR 14 0 0.00153
172.22 34 GPS 0 49843677 356191231 0 175539 0 0 153587748 12 0
172.26 34 IR_SENSORS -1189 2 1
172.26 34 NAVIGATION 0 1 0 0 38 0. 140.5
172.35 34 WP_MOVED 2 497622.6875 3565498.5 833.
172.35 34 GYRO_RATES -30 -16 -32 0.261799 -0.139626 -0.279253
172.35 34 ESTIMATOR 0. 0. 0. 0. 0.
172.35 34 BAT 210 123 0 0 18 1 0
172.35 34 GPS 0 49843677 356191231 0 175539 0 0 153588000 12 0
172.35 34 NAVIGATION 0 1 0 0 38 0. 140.5
172.38 34 ATTITUDE -5 0 -64
172.38 34 CALIBRATION 0. 0.023 0.067 0
172.39 34 CALIB_CONTRAST 1242
172.39 34 SERVO 9600 -4928 172
172.74 34 DESIRED -0. -0.01 0. 0. 778. 0.
172.74 34 IR_DEBUG 832 867 832 867
172.74 34 NAVIGATION 0 1 0 0 38 0. 140.5
172.74 34 GPS 0 49843677 356191231 0 175539 0 0 153588248 12 0
172.74 34 WP_MOVED 3 497546.40625 3565495.5 833.
172.77 34 DOWNLINK_STATUS 172 26914 1714 0 423. 27.
172.78 34 ESTIMATOR 0. 0. 0. 0. 0.
172.90 34 COMMANDS 297,51,210,53
172.90 34 NAVIGATION 0 1 0 0 38 0. 140.5
172.90 34 ATTITUDE -4 0 -64
172.90 34 DL_VALUE 18 10000.
172.90 34 GPS 0 49843677 356191231 0 175539 0 0 153588500 12 0
172.91 34 FBW_STATUS 0 0 123
172.91 34 RAD_OF_IR -22 0 0.00153
172.91 34 NAVIGATION_REF 497575 3565498 12
173.00 34 IR_SENSORS -1195 -22 1
173.00 34 NAVIGATION 0 1 0 0 38 0. 140.5
173.22 34 GPS 0 49843677 356191231 0 175539 0 0 153588748 12 0
173.26 34 WP_MOVED 4 497575. 3565498. 0.
173.26 34 GYRO_RATES -38 -1 1 0.331613 -0.008727 0.008727
173.32 34 ESTIMATOR 0. 0. 0. 0. 0.
173.32 34 NAVIGATION 0 1 0 0 38 0. 140.5
173.32 34 ATTITUDE -3 0 -62
173.32 34 GPS 0 49843677 356191231 0 175539 0 0 153589000 12 0
173.37 34 CALIB_CONTRAST 1242
173.49 34 DESIRED -0. -0.01 0. 0. 778. 0.
173.49 34 NAVIGATION 0 1 0 0 38 0. 140.5
173.71 34 WP_MOVED 0 497617. 3565540. 833.
173.75 34 GPS 0 49843677 356191231 0 175539 0 0 153589248 12 0
173.77 34 DOWNLINK_STATUS 173 27286 1737 0 372. 23.
173.93 34 ESTIMATOR 0. 0. 0. 0. 0.
173.93 34 COMMANDS 169,27,-67,53
173.93 34 NAVIGATION 0 1 0 0 38 0. 140.5
173.93 34 ATTITUDE -1 0 -62
173.93 34 DL_VALUE 19 3000.
173.93 34 GPS 0 49843677 356191231 0 175539 0 0 153589500 12 0
173.93 34 FBW_STATUS 0 0 123
173.93 34 RAD_OF_IR -4 0 0.00153
173.93 34 ACTUATORS 1497,1502,0,1214,1502
173.93 34 IR_SENSORS -1193 -7 1
174.35 34 NAVIGATION 0 1 0 0 38 0. 140.5
174.35 34 WP_MOVED 1 497586.6875 3565500. 833.
174.35 34 GYRO_RATES -23 -19 -21 0.200713 -0.165806 -0.18326
174.35 34 GPS 0 49843677 356191231 0 175539 0 0 153589748 12 0
174.35 34 ESTIMATOR 0. 0. 0. 0. 0.
174.35 34 BAT 165 123 0 0 20 1 0
174.41 34 NAVIGATION 0 1 0 0 38 0. 140.5
174.41 34 ATTITUDE 0 0 -64
174.41 34 CALIBRATION 0. 0.023 0.067 0
174.41 34 CALIB_CONTRAST 1242
174.41 34 SERVO 9600 -1532 162
174.41 34 GPS 0 49843677 356191231 0 175539 0 0 153590000 12 0
174.49 34 DESIRED -0. -0.01 0. 0. 778. 0.
174.49 34 IR_DEBUG 850 827 850 827
174.49 34 NAVIGATION 0 1 0 0 38 0. 140.5
174.50 34 WP_MOVED 2 497622.6875 3565498.5 833.
174.50 34 PPRZ_MODE 0 0 3 0 0 1 0
174.59 34 GPS 0 49843677 356191231 0 175539 0 0 153590248 12 0
174.63 34 ESTIMATOR 0. 0. 0. 0. 0.
174.77 34 DOWNLINK_STATUS 174 27738 1766 0 452. 29.
174.81 34 COMMANDS 173,100,12,52
174.81 34 NAVIGATION 0 1 0 0 38 0. 140.5
174.81 34 ATTITUDE 4 0 -60
174.81 34 DL_VALUE 20 20000.
174.89 34 FBW_STATUS 0 0 123
174.89 34 RAD_OF_IR 40 0 0.00153
174.89 34 GPS 0 49843677 356191231 0 175539 0 0 153590500 12 0
174.90 34 IR_SENSORS -1172 45 1
174.90 34 NAVIGATION 0 1 0 0 38 0. 140.5
174.98 34 WP_MOVED 3 497546.40625 3565495.5 833.
174.98 34 GYRO_RATES -6 -29 -49 0.05236 -0.253073 -0.427606
175.09 34 GPS 0 49843677 356191231 0 175539 0 0 153590748 12 0
175.13 34 ESTIMATOR 0. 0. 0. 0. 0.
175.30 34 NAVIGATION 0 1 0 0 38 0. 140.5
175.30 34 ATTITUDE 7 0 -58
175.54 34 CALIB_CONTRAST 1242
175.54 34 GPS 0 49843677 356191231 0 175539 0 0 153591000 12 0
175.54 34 DESIRED -0. -0.01 0. 0. 778. 0.
175.54 34 NAVIGATION 0 1 0 0 38 0. 140.5
175.54 34 WP_MOVED 4 497575. 3565498. 0.
175.54 34 ESTIMATOR 0. 0. 0. 0. 0.
175.63 34 GPS 0 49843677 356191231 0 175539 0 0 153591248 12 0
175.63 34 COMMANDS 165,23,-74,63
175.63 34 NAVIGATION 0 1 0 0 38 0. 140.5
175.63 34 ATTITUDE 0 0 -46
175.63 34 DL_VALUE 21 17500.
175.77 34 DOWNLINK_STATUS 175 28143 1792 0 405. 26.
175.80 34 FBW_STATUS 0 0 123
175.80 34 RAD_OF_IR 26 0 0.00153
175.89 34 IR_SENSORS -969 30 1
175.89 34 GPS 0 49843677 356191231 0 175539 0 0 153591500 12 0
175.89 34 NAVIGATION 0 1 0 0 38 0. 140.5
175.90 34 WP_MOVED 0 497617. 3565540. 833.
175.90 34 GYRO_RATES -37 5 -11 0.322886 0.043633 -0.095993
175.99 34 ESTIMATOR 0. 0. 0. 0. 0.
175.99 34 BAT 164 123 0 0 22 1 0
176.10 34 GPS 0 49843677 356191231 0 175539 0 0 153591748 12 0
176.14 34 NAVIGATION 0 1 0 0 38 0. 140.5
176.14 34 ATTITUDE 6 0 -18
176.14 34 CALIBRATION 0. 0.023 0.067 0
176.30 34 CALIB_CONTRAST 1242
176.30 34 SERVO 9600 -9600 117
176.41 34 DESIRED -0. -0.01 0. 0. 778. 0.
176.41 34 IR_DEBUG 628 557 628 557
176.41 34 NAVIGATION 0 1 0 0 38 0. 140.5
176.41 34 GPS 0 49843677 356191231 0 175539 0 0 153592000 12 0
176.41 34 WP_MOVED 1 497586.6875 3565500. 833.
176.48 34 ESTIMATOR 0. 0. 0. 0. 0.
176.60 34 COMMANDS 172,26,-61,53
176.64 34 NAVIGATION 0 1 0 0 38 0. 140.5
176.64 34 ATTITUDE 9 0 -16
176.64 34 DL_VALUE 22 20000.
176.64 34 GPS 0 49843677 356191231 0 175539 0 0 153592248 12 0
176.64 34 FBW_STATUS 0 0 123
176.64 34 RAD_OF_IR 84 0 0.00153
176.77 34 DOWNLINK_STATUS 176 28566 1820 0 423. 28.
176.80 34 IR_SENSORS -818 86 1
176.90 34 NAVIGATION 0 1 0 0 38 0. 140.5
176.90 34 GPS 0 49843677 356191231 0 175539 0 0 153592500 12 0
176.91 34 WP_MOVED 2 497622.6875 3565498.5 833.
176.91 34 GYRO_RATES -40 0 5 0.349066 0. 0.043633
176.91 34 ESTIMATOR 0. 0. 0. 0. 0.
177.00 34 NAVIGATION 0 1 0 0 38 0. 140.5
177.00 34 ATTITUDE 7 0 -9
177.08 34 GPS 0 49843677 356191231 0 175539 0 0 153592748 12 0
177.12 34 CALIB_CONTRAST 1242
177.30 34 DESIRED -0. -0.01 0. 0. 778. 0.
177.40 34 NAVIGATION 0 1 0 0 38 0. 140.5
177.40 34 WP_MOVED 3 497546.40625 3565495.5 833.
177.40 34 GPS 0 49843677 356191231 0 175539 0 0 153593000 12 0
177.40 34 ESTIMATOR 0. 0. 0. 0. 0.
177.50 34 COMMANDS 101,32,-97,149
177.50 34 NAVIGATION 0 1 0 0 38 0. 140.5
177.50 34 ATTITUDE 7 0 -13
177.50 34 DL_VALUE 23 0.
177.59 34 GPS 0 49843677 356191231 0 175539 0 0 153593248 12 0
177.63 34 FBW_STATUS 0 0 123
177.63 34 RAD_OF_IR 70 0 0.00153
177.77 34 DOWNLINK_STATUS 177 28927 1842 0 361. 22.
177.80 34 IR_SENSORS -792 68 1
177.80 34 NAVIGATION 0 1 0 0 38 0. 140.5
177.90 34 WP_MOVED 4 497575. 3565498. 0.
177.90 34 GYRO_RATES -36 -23 -5 0.314159 -0.200713 -0.043633
177.90 34 GPS 0 49843677 356191231 0 175539 0 0 153593500 12 0
177.91 34 ESTIMATOR 0. 0. 0. 0. 0.
177.91 34 BAT 172 123 0 0 24 1 0
177.99 34 NAVIGATION 0 1 0 0 38 0. 140.5
177.99 34 ATTITUDE 7 0 -12
177.99 34 CALIBRATION 0. 0.023 0.067 0
178.09 34 GPS 0 49843677 356191231 0 175539 0 0 153593748 12 0
178.13 34 CALIB_CONTRAST 1242
178.13 34 SERVO 9125 -9600 131
178.32 34 DESIRED -0. -0.01 0. 0. 778. 0.
178.32 34 IR_DEBUG 617 508 617 508
178.32 34 NAVIGATION 0 1 0 0 38 0. 140.5
178.40 34 WP_MOVED 0 497617. 3565540. 833.
178.40 34 GPS 0 49843677 356191231 0 175539 0 0 153594000 12 0
178.40 34 ESTIMATOR 0. 0. 0. 0. 0.
178.49 34 COMMANDS 170,-1,-91,44
178.49 34 NAVIGATION 0 1 0 0 38 0. 140.5
178.49 34 ATTITUDE 8 0 -11
178.49 34 DL_VALUE 24 2150.
178.50 34 FBW_STATUS 0 0 123
178.50 34 RAD_OF_IR 81 0 0.00153
178.59 34 GPS 0 49843677 356191231 0 175539 0 0 153594248 12 0
178.63 34 ACTUATORS 1499,1504,0,1214,1502
178.63 34 IR_SENSORS -786 86 1
178.77 34 DOWNLINK_STATUS 178 29356 1870 0 429. 28.
178.80 34 NAVIGATION 0 1 0 0 38 0. 140.5
178.91 34 WP_MOVED 1 497586.6875 3565500. 833.
178.91 34 GYRO_RATES -42 -21 -6 0.366519 -0.18326 -0.05236
178.91 34 ESTIMATOR 0. 0. 0. 0. 0.
178.91 34 GPS 0 49843677 356191231 0 175539 0 0 153594500 12 0
178.91 34 NAVIGATION 0 1 0 0 38 0. 140.5
178.91 34 ATTITUDE 10 0 -12
178.97 34 CALIB_CONTRAST 1242
179.12 34 GPS 0 49843677 356191231 0 175539 0 0 153594748 12 0
179.15 34 DESIRED -0. -0.01 0. 0. 778. 0.
179.15 34 NAVIGATION 0 1 0 0 38 0. 140.5
179.30 34 WP_MOVED 2 497622.6875 3565498.5 833.
179.30 34 PPRZ_MODE 0 0 3 0 0 1 0
179.41 34 ESTIMATOR 0. 0. 0. 0. 0.
179.41 34 GPS 0 49843677 356191231 0 175539 0 0 153595000 12 0
179.42 34 COMMANDS 183,38,-55,23
179.42 34 NAVIGATION 0 1 0 0 38 0. 140.5
179.42 34 ATTITUDE 10 0 -13
179.42 34 DL_VALUE 25 5300.
179.42 34 FBW_STATUS 0 0 123
179.47 34 RAD_OF_IR 78 0 0.00153
179.59 34 IR_SENSORS -796 78 1
179.63 34 GPS 0 49843677 356191231 0 175539 0 0 153595248 12 0
179.63 34 NAVIGATION 0 1 0 0 38 0. 140.5
179.77 34 DOWNLINK_STATUS 179 29744 1894 0 388. 24.
179.81 34 WP_MOVED 3 497546.40625 3565495.5 833.
179.81 34 GYRO_RATES -40 -25 -5 0.349066 -0.218166 -0.043633
179.92 34 ESTIMATOR 0. 0. 0. 0. 0.
179.92 34 BAT 174 123 0 0 25 0 0
179.92 34 GPS 0 49843677 356191231 0 175539 0 0 153595500 12 0
179.92 34 NAVIGATION 0 1 0 0 38 0. 140.5
179.92 34 ATTITUDE 8 0 -13
179.92 34 CALIBRATION 0. 0.023 0.067 0
179.92 34 CALIB_CONTRAST 1242
179.92 34 SERVO 7155 -9600 166
180.13 34 DESIRED -0. -0.01 0. 0. 778. 0.
180.13 34 IR_DEBUG 628 499 628 499
180.13 34 GPS 0 49843677 356191231 0 175539 0 0 153595748 12 0
180.13 34 NAVIGATION 0 1 0 0 38 0. 140.5
180.13 34 WP_MOVED 4 497575. 3565498. 0.
180.28 34 ESTIMATOR 0. 0. 0. 0. 0.
180.41 34 COMMANDS 183,38,-47,-310
180.41 34 NAVIGATION 0 1 0 0 38 0. 140.5
180.41 34 ATTITUDE 10 0 -19
180.41 34 DL_VALUE 26 10000.
180.41 34 GPS 0 49843677 356191231 0 175539 0 0 153596000 12 0
180.41 34 FBW_STATUS 0 0 123
180.41 34 RAD_OF_IR 112 0 0.00153
180.50 34 IR_SENSORS -900 116 1
180.50 34 NAVIGATION 0 1 0 0 38 0. 140.5
180.72 34 GPS 0 49843677 356191231 0 175539 0 0 153596248 12 0
180.76 34 WP_MOVED 0 497617. 3565540. 833.
180.76 34 GYRO_RATES -37 -18 -9 0.322886 -0.15708 -0.07854
180.77 34 DOWNLINK_STATUS 180 30187 1922 0 443. 28.
180.82 34 ESTIMATOR 0. 0. 0. 0. 0.
180.82 34 NAVIGATION 0 1 0 0 38 0. 140.5
180.82 34 ATTITUDE 11 0 -28
180.82 34 GPS 0 49843677 356191231 0 175539 0 0 153596500 12 0
180.87 34 CALIB_CONTRAST 1242
180.99 34 DESIRED -0. -0.01 0. 0. 778. 0.
180.99 34 NAVIGATION 0 1 0 0 38 0. 140.5
181.21 34 GPS 0 49843677 356191231 0 175539 0 0 153596748 12 0
181.25 34 WP_MOVED 1 497586.6875 3565500. 833.
181.42 34 ESTIMATOR 0. 0. 0. 0. 0.
181.42 34 COMMANDS 170,18,-61,70
181.42 34 NAVIGATION 0 1 0 0 38 0. 140.5
181.42 34 ATTITUDE 11 0 -14
181.43 34 DL_VALUE 27 4000.
181.43 34 GPS 0 49843677 356191231 0 175539 0 0 153597000 12 0
181.43 34 FBW_STATUS 0 0 123
181.43 34 RAD_OF_IR 97 0 0.00153
181.43 34 IR_SENSORS -803 113 1
181.77 34 DOWNLINK_STATUS 181 30468 1940 0 281. 18.
181.85 34 NAVIGATION 0 1 0 0 38 0. 140.5
181.85 34 WP_MOVED 2 497622.6875 3565498.5 833.
181.85 34 GYRO_RATES -31 1 -15 0.270526 0.008727 -0.1309
181.85 34 GPS 0 49843677 356191231 0 175539 0 0 153597248 12 0
181.85 34 ESTIMATOR 0. 0. 0. 0. 0.
181.85 34 BAT 155 123 0 0 27 0 0
181.91 34 NAVIGATION 0 1 0 0 38 0. 140.5
181.91 34 ATTITUDE 15 0 -13
181.91 34 CALIBRATION 0. 0.023 0.067 0
181.91 34 CALIB_CONTRAST 1242
181.91 34 SERVO 8835 -9600 174
181.91 34 GPS 0 49843677 356191231 0 175539 0 0 153597500 12 0
181.93 34 DESIRED -0. -0.01 0. 0. 778. 0.
181.93 34 IR_DEBUG 659 482 659 482
181.93 34 NAVIGATION 0 1 0 0 38 0. 140.5
181.98 34 WP_MOVED 3 497546.40625 3565495.5 833.
182.30 34 ESTIMATOR 0. 0. 0. 0. 0.
182.39 34 FBW_STATUS 0 0 123
182.39 34 RAD_OF_IR 123 0 0.00153
182.39 34 GPS 0 49843677 356191231 0 175539 0 0 153598000 12 0
182.40 34 IR_SENSORS -806 126 1
182.40 34 NAVIGATION 0 1 0 0 38 0. 140.5
182.49 34 WP_MOVED 4 497575. 3565498. 0.
182.49 34 GYRO_RATES -39 -22 -2 0.340339 -0.191986 -0.017453
182.59 34 ESTIMATOR 0. 0. 0. 0. 0.
182.63 34 GPS 0 49843677 356191231 0 175539 0 0 153598248 12 0
182.63 34 NAVIGATION 0 1 0 0 38 0. 140.5
182.63 34 ATTITUDE 13 0 -13
182.77 34 DOWNLINK_STATUS 182 30933 1968 0 465. 28.
182.79 34 CALIB_CONTRAST 1242
182.91 34 GPS 0 49843677 356191231 0 175539 0 0 153598500 12 0
182.91 34 DESIRED -0. -0.01 0. 0. 778. 0.
182.91 34 NAVIGATION 0 1 0 0 38 0. 140.5
182.91 34 WP_MOVED 0 497617. 3565540. 833.
183.14 34 ESTIMATOR 0. 0. 0. 0. 0.
183.14 34 GPS 0 49843677 356191231 0 175539 0 0 153598748 12 0
183.14 34 COMMANDS 178,100,-56,81
183.14 34 NAVIGATION 0 1 0 0 38 0. 140.5
183.14 34 ATTITUDE 13 0 -14
183.14 34 DL_VALUE 29 0.42
183.30 34 FBW_STATUS 0 0 123
183.30 34 RAD_OF_IR 109 0 0.00153
183.40 34 ACTUATORS 1498,1504,0,1213,1502
183.40 34 IR_SENSORS -812 104 1
183.40 34 GPS 0 49843677 356191231 0 175539 0 0 153599000 12 0
183.40 34 NAVIGATION 0 1 0 0 38 0. 140.5
183.41 34 WP_MOVED 1 497586.6875 3565500. 833.
183.41 34 GYRO_RATES -48 -22 -4 0.418879 -0.191986 -0.034907
183.50 34 ESTIMATOR 0. 0. 0. 0. 0.
183.50 34 BAT 15 123 0 0 29 0 0
183.61 34 GPS 0 49843677 356191231 0 175539 0 0 153599248 12 0
183.65 34 NAVIGATION 0 1 0 0 38 0. 140.5
183.65 34 ATTITUDE 11 0 -17
183.65 34 CALIBRATION 0. 0.023 0.067 0
183.77 34 DOWNLINK_STATUS 183 31336 1993 0 403. 25.
183.80 34 CALIB_CONTRAST 1242
183.80 34 SERVO 9382 -9600 166
183.92 34 DESIRED -0. -0.01 0. 0. 778. 0.
183.92 34 IR_DEBUG 667 503 667 503
183.92 34 NAVIGATION 0 1 0 0 38 0. 140.5
183.92 34 GPS 0 49843677 356191231 0 175539 0 0 153599500 12 0
183.92 34 WP_MOVED 2 497622.6875 3565498.5 833.
183.92 34 PPRZ_MODE 0 0 3 0 0 1 0
184.11 34 ESTIMATOR 0. 0. 0. 0. 0.
184.11 34 COMMANDS 169,13,-77,59
184.11 34 NAVIGATION 0 1 0 0 38 0. 140.5
184.11 34 GPS 0 49843677 356191231 0 175539 0 0 153599748 12 0
184.12 34 ATTITUDE 15 0 -12
184.12 34 DL_VALUE 30 0.
184.12 34 FBW_STATUS 0 0 123
184.12 34 RAD_OF_IR 137 0 0.00153
184.30 34 IR_SENSORS -795 140 1
184.40 34 NAVIGATION 0 1 0 0 38 0. 140.5
184.41 34 GPS 0 49843677 356191231 0 175539 0 0 153600000 12 0
184.41 34 WP_MOVED 3 497546.40625 3565495.5 833.
184.41 34 GYRO_RATES -35 -21 -3 0.305433 -0.18326 -0.02618
184.41 34 ESTIMATOR 0. 0. 0. 0. 0.
184.50 34 NAVIGATION 0 1 0 0 38 0. 140.5
184.50 34 ATTITUDE 17 0 -12
184.59 34 GPS 0 49843677 356191231 0 175539 0 0 153600248 12 0
184.62 34 CALIB_CONTRAST 1242
