5.73 66 ESTIMATOR 0. 0. 0. 0. 0.
5.76 66 DL_VALUE 12 1.5
5.76 66 NAVIGATION 0 1 0 0 286 0. 140.5
5.89 66 WP_MOVED 2 497622.6875 3565498.5 770.
5.91 66 RAD_OF_IR 9 0 0.00211
5.91 66 IR_SENSORS -864 9 1
5.91 66 COMMANDS 0,508,-99,-56
5.96 66 NAVIGATION 0 1 0 0 286 0. 140.5
5.96 66 ATTITUDE 1 0 -243
6.03 66 GYRO_RATES -1 1 -8 0.008727 0.008727 0.069813
6.03 66 FBW_STATUS 0 0 112
6.03 66 ESTIMATOR 0. 0. 0. 0. 0.
6.15 66 BAT 0 112 0 0 55 0 0
6.18 66 CALIBRATION 0. 0.02 0.5 0
6.18 66 NAVIGATION 0 1 0 0 286 0. 140.5
6.30 66 WP_MOVED 3 497546.40625 3565495.5 770.
6.30 66 SERVO 9600 -427 0
6.39 66 DESIRED 0. 0. 0. 0. 761. 0.
6.39 66 IR_DEBUG 625 612 625 612
6.39 66 NAVIGATION 0 1 0 0 286 0. 140.5
6.60 66 ATTITUDE 1 0 -243
6.60 66 ESTIMATOR 0. 0. 0. 0. 0.
6.60 66 DL_VALUE 13 1.5
6.60 66 DOWNLINK_STATUS 6 971 68 0 360. 26.
6.74 66 NAVIGATION 0 1 0 0 286 0. 140.5
6.74 66 WP_MOVED 4 497575. 3565498. 0.
6.74 66 RAD_OF_IR 9 0 0.00211
6.89 66 IR_SENSORS -865 9 1
6.89 66 COMMANDS 0,507,-99,-56
6.89 66 NAVIGATION 0 1 0 0 286 0. 140.5
6.89 66 ATTITUDE 1 0 -243
6.95 66 GYRO_RATES -1 2 -8 0.008727 0.017453 0.069813
6.95 66 FBW_STATUS 0 0 112
7.22 66 ESTIMATOR 0. 0. 0. 0. 0.
7.22 66 NAVIGATION 0 1 0 0 286 0. 140.5
7.22 66 WP_MOVED 0 497617. 3565540. 770.
7.32 66 DESIRED 0. 0. 0. 0. 761. 0.
7.33 66 NAVIGATION 0 1 0 0 286 0. 140.5
7.53 66 ATTITUDE 1 0 -243
7.53 66 ESTIMATOR 0. 0. 0. 0. 0.
7.53 66 DL_VALUE 14 0.
7.68 66 NAVIGATION 0 1 0 0 286 0. 140.5
7.72 66 WP_MOVED 1 497586.6875 3565500. 770.
7.72 66 RAD_OF_IR 9 0 0.00211
7.72 66 DOWNLINK_STATUS 7 1263 88 0 292. 20.
7.83 66 IR_SENSORS -864 9 1
7.83 66 COMMANDS 0,508,-97,-56
7.83 66 NAVIGATION 0 1 0 0 286 0. 140.5
7.84 66 ATTITUDE 1 0 -243
7.89 66 GYRO_RATES -1 1 -9 0.008727 0.008727 0.07854
7.89 66 FBW_STATUS 0 0 112
8.00 66 ESTIMATOR 0. 0. 0. 0. 0.
8.00 66 BAT 0 112 0 0 57 0 0
8.00 66 CALIBRATION 0. 0.02 0.5 0
8.17 66 NAVIGATION 0 1 0 0 286 0. 140.5
8.17 66 WP_MOVED 2 497622.6875 3565498.5 770.
8.17 66 SERVO 9600 -427 0
8.25 66 DESIRED 0. 0. 0. 0. 761. 0.
8.25 66 IR_DEBUG 625 612 625 612
8.25 66 NAVIGATION 0 1 0 0 286 0. 140.5
8.46 66 ATTITUDE 1 0 -243
8.46 66 ESTIMATOR 0. 0. 0. 0. 0.
8.46 66 DL_VALUE 15 1.
8.61 66 NAVIGATION 0 1 0 0 286 0. 140.5
8.61 66 WP_MOVED 3 497546.40625 3565495.5 770.
8.61 66 RAD_OF_IR 9 0 0.00211
8.75 66 IR_SENSORS -864 9 1
8.75 66 COMMANDS 0,508,-100,-56
8.75 66 NAVIGATION 0 1 0 0 286 0. 140.5
8.75 66 DOWNLINK_STATUS 8 1596 112 0 333. 24.
8.82 66 ATTITUDE 1 0 -243
8.82 66 GYRO_RATES -1 1 -9 0.008727 0.008727 0.07854
8.82 66 FBW_STATUS 0 0 112
9.01 66 ESTIMATOR 0. 0. 0. 0. 0.
9.01 66 NAVIGATION 0 1 0 0 286 0. 140.5
9.01 66 WP_MOVED 4 497575. 3565498. 0.
9.19 66 DESIRED 0. 0. 0. 0. 761. 0.
9.19 66 NAVIGATION 0 1 0 0 286 0. 140.5
9.40 66 ATTITUDE 1 0 -243
9.40 66 ESTIMATOR 0. 0. 0. 0. 0.
9.40 66 DL_VALUE 16 472.
9.55 66 NAVIGATION 0 1 0 0 286 0. 140.5
9.55 66 WP_MOVED 0 497617. 3565540. 770.
9.55 66 RAD_OF_IR 9 0 0.00211
9.69 66 IR_SENSORS -865 9 1
9.73 66 COMMANDS 0,503,-100,-53
9.73 66 NAVIGATION 0 1 0 0 286 0. 140.5
9.76 66 ATTITUDE 1 0 -243
9.76 66 GYRO_RATES -1 2 -9 0.008727 0.017453 0.07854
9.76 66 FBW_STATUS 0 0 112
9.76 66 DOWNLINK_STATUS 9 1878 132 0 282. 20.
9.84 66 ESTIMATOR 0. 0. 0. 0. 0.
9.84 66 BAT 0 112 0 0 59 0 0
9.84 66 ACTUATORS 1505,1495,0,1199,1498,1208
9.95 66 CALIBRATION 0. 0.02 0.5 0
9.95 66 NAVIGATION 0 1 0 0 286 0. 140.5
9.95 66 WP_MOVED 1 497586.6875 3565500. 770.
10.07 66 SERVO 9600 -602 0
10.07 66 DESIRED 0. 0. 0. 0. 761. 0.
10.16 66 IR_DEBUG 624 611 624 611
10.20 66 NAVIGATION 0 1 0 0 286 0. 140.5
10.20 66 ATTITUDE 1 0 -243
10.20 66 PPRZ_MODE 0 0 3 0 0 1 0
10.35 66 ESTIMATOR 0. 0. 0. 0. 0.
10.35 66 DL_VALUE 17 478.
10.57 66 NAVIGATION 0 1 0 0 286 0. 140.5
10.57 66 WP_MOVED 2 497622.6875 3565498.5 770.
10.57 66 RAD_OF_IR 9 0 0.00211
10.58 66 IR_SENSORS -864 9 1
10.65 66 COMMANDS 0,507,-99,-58
10.69 66 NAVIGATION 0 1 0 0 286 0. 140.5
10.69 66 ATTITUDE 1 0 -243
10.81 66 GYRO_RATES -1 1 -9 0.008727 0.008727 0.07854
10.81 66 FBW_STATUS 0 0 112
10.81 66 ESTIMATOR 0. 0. 0. 0. 0.
10.81 66 DOWNLINK_STATUS 10 2220 156 0 342. 24.
10.98 66 NAVIGATION 0 1 0 0 286 0. 140.5
10.98 66 WP_MOVED 3 497546.40625 3565495.5 770.
11.16 66 DESIRED 0. 0. 0. 0. 761. 0.
11.16 66 NAVIGATION 0 1 0 0 286 0. 140.5
11.16 66 ATTITUDE 1 0 -243
11.35 66 ESTIMATOR 0. 0. 0. 0. 0.
11.35 66 DL_VALUE 18 487.
11.35 66 NAVIGATION 0 1 0 0 286 0. 140.5
11.51 66 WP_MOVED 4 497575. 3565498. 0.
11.51 66 RAD_OF_IR 9 0 0.00211
11.51 66 IR_SENSORS -865 9 1
11.63 66 COMMANDS 0,508,-97,-56
11.63 66 NAVIGATION 0 1 0 0 286 0. 140.5
11.63 66 ATTITUDE 1 0 -243
11.66 66 GYRO_RATES -1 1 -9 0.008727 0.008727 0.07854
11.66 66 FBW_STATUS 0 0 112
11.66 66 ESTIMATOR 0. 0. 0. 0. 0.
11.77 66 BAT 0 112 0 0 61 1 0
11.77 66 CALIBRATION 0. 0.02 0.5 0
11.77 66 NAVIGATION 0 1 0 0 286 0. 140.5
11.93 66 WP_MOVED 0 497617. 3565540. 770.
11.93 66 SERVO 9600 -427 0
11.93 66 DOWNLINK_STATUS 11 2539 178 0 319. 22.
12.01 66 DESIRED 0. 0. 0. 0. 761. 0.
12.01 66 IR_DEBUG 624 611 624 611
12.01 66 NAVIGATION 0 1 0 0 286 0. 140.5
12.22 66 ATTITUDE 1 0 -243
12.22 66 ESTIMATOR 0. 0. 0. 0. 0.
12.22 66 DL_VALUE 19 0.
12.37 66 NAVIGATION 0 1 0 0 286 0. 140.5
12.37 66 WP_MOVED 1 497586.6875 3565500. 770.
12.37 66 RAD_OF_IR 9 0 0.00211
12.51 66 IR_SENSORS -865 9 1
12.51 66 COMMANDS 0,507,-99,-56
12.51 66 NAVIGATION 0 1 0 0 286 0. 140.5
12.52 66 ATTITUDE 1 0 -243
12.59 66 GYRO_RATES -1 1 -8 0.008727 0.008727 0.069813
12.59 66 FBW_STATUS 0 0 112
12.85 66 ESTIMATOR 0. 0. 0. 0. 0.
12.89 66 NAVIGATION 0 1 0 0 286 0. 140.5
12.89 66 WP_MOVED 2 497622.6875 3565498.5 770.
12.89 66 DOWNLINK_STATUS 12 2798 196 0 259. 18.
12.95 66 DESIRED 0. 0. 0. 0. 761. 0.
12.95 66 NAVIGATION 0 1 0 0 286 0. 140.5
13.16 66 ATTITUDE 1 0 -243
13.16 66 ESTIMATOR 0. 0. 0. 0. 0.
13.16 66 DL_VALUE 20 0.75
13.26 66 NAVIGATION 0 1 0 0 286 0. 140.5
13.26 66 WP_MOVED 3 497546.40625 3565495.5 770.
13.26 66 RAD_OF_IR 9 0 0.00211
13.42 66 NAVIGATION_REF 497575 3565498 12
13.42 66 IR_SENSORS -865 9 1
13.42 66 COMMANDS 0,507,-100,-55
13.49 66 NAVIGATION 0 1 0 0 286 0. 140.5
13.49 66 ATTITUDE 1 0 -243
13.49 66 GYRO_RATES -1 1 -8 0.008727 0.008727 0.069813
13.50 66 FBW_STATUS 0 0 112
13.67 66 ESTIMATOR 0. 0. 0. 0. 0.
13.67 66 BAT 0 112 0 0 63 1 0
13.70 66 CALIBRATION 0. 0.02 0.5 0
13.70 66 NAVIGATION 0 1 0 0 286 0. 140.5
13.70 66 WP_MOVED 4 497575. 3565498. 0.
13.86 66 SERVO 9600 -602 0
13.86 66 DESIRED 0. 0. 0. 0. 761. 0.
13.86 66 IR_DEBUG 625 611 625 611
13.86 66 DOWNLINK_STATUS 13 3131 219 0 333. 23.
13.99 66 NAVIGATION 0 1 0 0 286 0. 140.5
13.99 66 ATTITUDE 1 0 -243
14.00 66 ESTIMATOR 0. 0. 0. 0. 0.
14.16 66 DL_VALUE 21 20000.
14.16 66 NAVIGATION 0 1 0 0 286 0. 140.5
14.16 66 WP_MOVED 0 497617. 3565540. 770.
14.34 66 RAD_OF_IR 9 0 0.00211
14.34 66 IR_SENSORS -865 9 1
14.34 66 COMMANDS 0,507,-99,-55
14.41 66 NAVIGATION 0 1 0 0 286 0. 140.5
14.41 66 ATTITUDE 1 0 -243
14.52 66 GYRO_RATES -1 1 -9 0.008727 0.008727 0.07854
14.52 66 FBW_STATUS 0 0 112
14.52 66 ESTIMATOR 0. 0. 0. 0. 0.
14.52 66 ACTUATORS 1505,1495,0,1199,1498,1208
14.73 66 NAVIGATION 0 1 0 0 286 0. 140.5
14.73 66 WP_MOVED 1 497586.6875 3565500. 770.
14.83 66 DESIRED 0. 0. 0. 0. 761. 0.
14.84 66 NAVIGATION 0 1 0 0 286 0. 140.5
14.84 66 ATTITUDE 1 0 -243
15.03 66 PPRZ_MODE 0 0 3 0 0 1 0
15.03 66 ESTIMATOR 0. 0. 0. 0. 0.
15.03 66 DL_VALUE 22 20000.
15.03 66 DOWNLINK_STATUS 14 3459 242 0 328. 23.
15.17 66 NAVIGATION 0 1 0 0 286 0. 140.5
15.17 66 WP_MOVED 2 497622.6875 3565498.5 770.
15.17 66 RAD_OF_IR 9 0 0.00211
15.31 66 IR_SENSORS -865 9 1
15.31 66 COMMANDS 0,507,-99,166
15.31 66 NAVIGATION 0 1 0 0 286 0. 140.5
15.39 66 ATTITUDE 1 0 -243
15.39 66 GYRO_RATES -1 1 -9 0.008727 0.008727 0.07854
15.39 66 FBW_STATUS 0 0 112
15.49 66 ESTIMATOR 0. 0. 0. 0. 0.
15.49 66 BAT 0 112 0 0 65 1 0
15.49 66 CALIBRATION 0. 0.02 0.5 0
15.66 66 NAVIGATION 0 1 0 0 286 0. 140.5
15.66 66 WP_MOVED 3 497546.40625 3565495.5 770.
15.66 66 SERVO 9600 -427 0
15.74 66 DESIRED 0. 0. 0. 0. 761. 0.
15.74 66 IR_DEBUG 625 611 625 611
15.94 66 NAVIGATION 0 1 0 0 286 0. 140.5
15.94 66 ATTITUDE 1 0 -243
15.94 66 ESTIMATOR 0. 0. 0. 0. 0.
15.94 66 DL_VALUE 23 0.75
16.05 66 NAVIGATION 0 1 0 0 286 0. 140.5
16.05 66 WP_MOVED 4 497575. 3565498. 0.
16.05 66 DOWNLINK_STATUS 15 3788 265 0 329. 23.
16.23 66 RAD_OF_IR 9 0 0.00211
16.23 66 IR_SENSORS -863 8 1
16.24 66 COMMANDS 0,507,-100,-33
16.31 66 NAVIGATION 0 1 0 0 286 0. 140.5
16.31 66 ATTITUDE 1 0 -243
16.31 66 GYRO_RATES 0 1 -8 -0. 0.008727 0.069813
16.32 66 FBW_STATUS 0 0 112
16.49 66 ESTIMATOR 0. 0. 0. 0. 0.
16.49 66 NAVIGATION 0 1 0 0 286 0. 140.5
16.67 66 WP_MOVED 0 497617. 3565540. 770.
16.67 66 DESIRED 0. 0. 0. 0. 761. 0.
16.85 66 NAVIGATION 0 1 0 0 286 0. 140.5
16.85 66 ATTITUDE 1 0 -243
16.85 66 ESTIMATOR 0. 0. 0. 0. 0.
16.99 66 DL_VALUE 24 20000.
16.99 66 NAVIGATION 0 1 0 0 286 0. 140.5
16.99 66 WP_MOVED 1 497586.6875 3565500. 770.
17.16 66 RAD_OF_IR 9 0 0.00211
17.16 66 IR_SENSORS -864 9 1
17.16 66 COMMANDS 0,508,-100,-105
17.17 66 DOWNLINK_STATUS 17 4066 285 0 278. 20.
17.23 66 NAVIGATION 0 1 0 0 286 0. 140.5
17.23 66 ATTITUDE 1 0 -243
17.23 66 GYRO_RATES -1 1 -8 0.008727 0.008727 0.069813
17.33 66 FBW_STATUS 0 0 112
17.33 66 ESTIMATOR 0. 0. 0. 0. 0.
17.34 66 BAT 0 112 0 0 66 0 0
17.45 66 CALIBRATION 0. 0.02 0.5 0
17.45 66 NAVIGATION 0 1 0 0 286 0. 140.5
17.45 66 WP_MOVED 2 497622.6875 3565498.5 770.
17.57 66 SERVO 9600 -602 0
17.57 66 DESIRED 0. 0. 0. 0. 761. 0.
17.73 66 IR_DEBUG 623 610 623 610
17.77 66 NAVIGATION 0 1 0 0 286 0. 140.5
17.77 66 ATTITUDE 1 0 -243
17.89 66 ESTIMATOR 0. 0. 0. 0. 0.
17.89 66 DL_VALUE 25 20000.
17.89 66 NAVIGATION 0 1 0 0 286 0. 140.5
18.07 66 WP_MOVED 3 497546.40625 3565495.5 770.
18.07 66 RAD_OF_IR 9 0 0.00211
18.07 66 IR_SENSORS -865 9 1
18.15 66 COMMANDS 0,507,-99,-2313
18.15 66 NAVIGATION 0 1 0 0 286 0. 140.5
18.15 66 ATTITUDE 1 0 -243
18.31 66 GYRO_RATES -2 1 -13 0.017453 0.008727 0.113446
18.31 66 FBW_STATUS 0 0 112
18.31 66 ESTIMATOR 0. 0. 0. 0. 0.
18.31 66 DOWNLINK_STATUS 18 4435 311 0 369. 26.
18.49 66 NAVIGATION 0 1 0 0 286 0. 140.5
18.49 66 WP_MOVED 4 497575. 3565498. 0.
18.67 66 DESIRED 0. 0. 0. 0. 761. 0.
18.67 66 NAVIGATION 0 1 0 0 286 0. 140.5
18.67 66 ATTITUDE 1 0 -243
18.84 66 ESTIMATOR 0. 0. 0. 0. 0.
18.84 66 DL_VALUE 26 0.75
18.84 66 NAVIGATION 0 1 0 0 286 0. 140.5
19.02 66 WP_MOVED 0 497617. 3565540. 770.
19.02 66 RAD_OF_IR 8 0 0.00211
19.02 66 IR_SENSORS -865 9 1
19.02 66 COMMANDS 0,508,-97,107
19.09 66 NAVIGATION 0 1 0 0 286 0. 140.5
19.09 66 ATTITUDE 1 0 -243
19.16 66 GYRO_RATES 0 1 -9 -0. 0.008727 0.07854
19.19 66 FBW_STATUS 0 0 112
19.19 66 ESTIMATOR 0. 0. 0. 0. 0.
19.25 66 BAT 0 112 0 0 68 0 0
19.25 66 ACTUATORS 1505,1495,0,1199,1497,1208
19.25 66 CALIBRATION 0. 0.02 0.5 0
19.25 66 DOWNLINK_STATUS 19 4728 331 0 293. 20.
19.41 66 NAVIGATION 0 1 0 0 286 0. 140.5
19.41 66 WP_MOVED 1 497586.6875 3565500. 770.
19.41 66 SERVO 9600 -602 0
19.49 66 DESIRED 0. 0. 0. 0. 761. 0.
19.49 66 IR_DEBUG 624 611 624 611
19.64 66 NAVIGATION 0 1 0 0 286 0. 140.5
19.64 66 ATTITUDE 1 0 -243
19.64 66 PPRZ_MODE 0 0 3 0 0 1 0
19.64 66 ESTIMATOR 0. 0. 0. 0. 0.
19.79 66 DL_VALUE 27 10000.
19.79 66 NAVIGATION 0 1 0 0 286 0. 140.5
19.79 66 WP_MOVED 2 497622.6875 3565498.5 770.
19.98 66 RAD_OF_IR 9 0 0.00211
19.98 66 IR_SENSORS -864 9 1
19.98 66 COMMANDS 0,497,-108,-106
20.04 66 NAVIGATION 0 1 0 0 286 0. 140.5
20.04 66 ATTITUDE 1 0 -243
20.20 66 GYRO_RATES -1 1 -8 0.008727 0.008727 0.069813
20.20 66 FBW_STATUS 0 0 112
20.20 66 ESTIMATOR 0. 0. 0. 0. 0.
20.42 66 NAVIGATION 0 1 0 0 286 0. 140.5
20.42 66 WP_MOVED 3 497546.40625 3565495.5 770.
20.42 66 DESIRED 0. 0. 0. 0. 761. 0.
20.42 66 DOWNLINK_STATUS 20 5063 354 0 335. 23.
20.56 66 NAVIGATION 0 1 0 0 286 0. 140.5
20.56 66 ATTITUDE 1 0 -243
20.56 66 ESTIMATOR 0. 0. 0. 0. 0.
20.73 66 DL_VALUE 28 10000.
20.73 66 NAVIGATION 0 1 0 0 286 0. 140.5
20.73 66 WP_MOVED 4 497575. 3565498. 0.
20.90 66 RAD_OF_IR 9 0 0.00211
20.90 66 IR_SENSORS -864 9 1
20.90 66 COMMANDS 0,507,-100,-38
20.98 66 NAVIGATION 0 1 0 0 286 0. 140.5
20.98 66 ATTITUDE 1 0 -243
21.05 66 GYRO_RATES -1 1 -8 0.008727 0.008727 0.069813
21.05 66 FBW_STATUS 0 0 112
21.05 66 ESTIMATOR 0. 0. 0. 0. 0.
21.18 66 BAT 0 112 0 0 70 0 0
21.18 66 CALIBRATION 0. 0.02 0.5 0
21.18 66 NAVIGATION 0 1 0 0 286 0. 140.5
21.30 66 WP_MOVED 0 497617. 3565540. 770.
21.30 66 SERVO 9600 -602 0
21.40 66 DESIRED 0. 0. 0. 0. 761. 0.
21.40 66 IR_DEBUG 624 611 624 611
21.40 66 NAVIGATION 0 1 0 0 286 0. 140.5
21.40 66 ATTITUDE 1 0 -243
21.41 66 DOWNLINK_STATUS 21 5385 377 0 322. 23.
21.60 66 ESTIMATOR 0. 0. 0. 0. 0.
21.60 66 DL_VALUE 29 0.3
21.71 66 NAVIGATION 0 1 0 0 286 0. 140.5
21.74 66 WP_MOVED 1 497586.6875 3565500. 770.
21.74 66 RAD_OF_IR 9 0 0.00211
21.74 66 NAVIGATION_REF 497575 3565498 12
21.87 66 IR_SENSORS -864 9 1
21.87 66 COMMANDS 0,505,-96,-183
21.87 66 NAVIGATION 0 1 0 0 286 0. 140.5
21.96 66 ATTITUDE 1 0 -243
21.96 66 GYRO_RATES -1 1 -8 0.008727 0.008727 0.069813
21.96 66 FBW_STATUS 0 0 112
22.14 66 ESTIMATOR 0. 0. 0. 0. 0.
22.14 66 NAVIGATION 0 1 0 0 286 0. 140.5
22.14 66 WP_MOVED 2 497622.6875 3565498.5 770.
22.31 66 DESIRED 0. 0. 0. 0. 761. 0.
22.31 66 NAVIGATION 0 1 0 0 286 0. 140.5
22.52 66 ATTITUDE 1 0 -243
22.53 66 ESTIMATOR 0. 0. 0. 0. 0.
22.53 66 DL_VALUE 30 0.36
22.53 66 DOWNLINK_STATUS 22 5674 397 0 289. 20.
22.67 66 NAVIGATION 0 1 0 0 286 0. 140.5
22.67 66 WP_MOVED 3 497546.40625 3565495.5 770.
22.67 66 RAD_OF_IR 9 0 0.00211
22.81 66 IR_SENSORS -864 9 1
22.81 66 COMMANDS 0,503,-99,18
22.81 66 NAVIGATION 0 1 0 0 286 0. 140.5
22.88 66 ATTITUDE 1 0 -243
22.88 66 GYRO_RATES -1 1 -8 0.008727 0.008727 0.069813
22.88 66 FBW_STATUS 0 0 112
23.01 66 ESTIMATOR 0. 0. 0. 0. 0.
23.01 66 BAT 0 112 0 0 72 0 0
23.01 66 CALIBRATION 0. 0.02 0.5 0
23.17 66 NAVIGATION 0 1 0 0 286 0. 140.5
23.17 66 WP_MOVED 4 497575. 3565498. 0.
23.17 66 SERVO 9600 -602 0
23.25 66 DESIRED 0. 0. 0. 0. 761. 0.
23.25 66 IR_DEBUG 624 611 624 611
23.26 66 NAVIGATION 0 1 0 0 286 0. 140.5
23.46 66 ATTITUDE 1 0 -243
23.46 66 ESTIMATOR 0. 0. 0. 0. 0.
23.46 66 DL_VALUE 31 0.01
23.61 66 NAVIGATION 0 1 0 0 286 0. 140.5
23.61 66 WP_MOVED 0 497617. 3565540. 770.
23.61 66 RAD_OF_IR 9 0 0.00211
23.61 66 DOWNLINK_STATUS 23 6013 421 0 339. 24.
23.76 66 IR_SENSORS -864 9 1
23.80 66 COMMANDS 0,502,-104,537
23.80 66 NAVIGATION 0 1 0 0 286 0. 140.5
23.82 66 ATTITUDE 1 0 -243
23.82 66 GYRO_RATES -1 1 -9 0.008727 0.008727 0.07854
23.82 66 FBW_STATUS 0 0 112
23.96 66 ESTIMATOR 0. 0. 0. 0. 0.
23.96 66 ACTUATORS 1505,1495,0,1199,1501,1208
23.96 66 NAVIGATION 0 1 0 0 286 0. 140.5
24.17 66 WP_MOVED 1 497586.6875 3565500. 770.
24.17 66 DESIRED 0. 0. 0. 0. 761. 0.
24.29 66 NAVIGATION 0 1 0 0 286 0. 140.5
24.29 66 ATTITUDE 1 0 -243
24.29 66 PPRZ_MODE 0 0 3 0 0 1 0
24.46 66 ESTIMATOR 0. 0. 0. 0. 0.
24.46 66 DL_VALUE 32 0.02
24.46 66 NAVIGATION 0 1 0 0 286 0. 140.5
24.63 66 WP_MOVED 2 497622.6875 3565498.5 770.
24.63 66 RAD_OF_IR 9 0 0.00211
24.63 66 IR_SENSORS -863 9 1
24.63 66 DOWNLINK_STATUS 24 6294 441 0 281. 20.
24.72 66 COMMANDS 0,505,-100,-108
24.76 66 NAVIGATION 0 1 0 0 286 0. 140.5
24.76 66 ATTITUDE 1 0 -243
24.78 66 GYRO_RATES -1 2 -8 0.008727 0.017453 0.069813
24.78 66 FBW_STATUS 0 0 112
24.78 66 ESTIMATOR 0. 0. 0. 0. 0.
24.89 66 BAT 0 112 0 0 74 0 0
24.89 66 CALIBRATION 0. 0.02 0.5 0
24.89 66 NAVIGATION 0 1 0 0 286 0. 140.5
25.05 66 WP_MOVED 3 497546.40625 3565495.5 770.
25.05 66 SERVO 9600 -602 0
25.13 66 DESIRED 0. 0. 0. 0. 761. 0.
25.14 66 IR_DEBUG 624 611 624 611
25.15 66 NAVIGATION 0 1 0 0 286 0. 140.5
25.35 66 ATTITUDE 1 0 -243
25.35 66 ESTIMATOR 0. 0. 0. 0. 0.
25.35 66 DL_VALUE 33 0.
25.49 66 NAVIGATION 0 1 0 0 286 0. 140.5
25.49 66 WP_MOVED 4 497575. 3565498. 0.
25.49 66 RAD_OF_IR 9 0 0.00211
25.63 66 IR_SENSORS -864 9 1
25.65 66 COMMANDS 0,507,-99,-1256
25.65 66 NAVIGATION 0 1 0 0 286 0. 140.5
25.65 66 ATTITUDE 1 0 -243
25.72 66 GYRO_RATES -1 1 -8 0.008727 0.008727 0.069813
25.73 66 FBW_STATUS 0 0 112
25.73 66 ESTIMATOR 0. 0. 0. 0. 0.
25.73 66 DOWNLINK_STATUS 25 6674 468 0 380. 27.
25.99 66 NAVIGATION 0 1 0 0 286 0. 140.5
25.99 66 WP_MOVED 0 497617. 3565540. 770.
26.17 66 DESIRED 0. 0. 0. 0. 761. 0.
26.17 66 NAVIGATION 0 1 0 0 286 0. 140.5
26.17 66 ATTITUDE 1 0 -243
26.33 66 ESTIMATOR 0. 0. 0. 0. 0.
26.33 66 DL_VALUE 34 0.01
26.33 66 NAVIGATION 0 1 0 0 286 0. 140.5
26.51 66 WP_MOVED 1 497586.6875 3565500. 770.
26.51 66 RAD_OF_IR 9 0 0.00211
26.51 66 IR_SENSORS -864 9 1
26.59 66 COMMANDS 0,505,-102,-2537
26.59 66 NAVIGATION 0 1 0 0 286 0. 140.5
26.59 66 ATTITUDE 1 0 -243
26.67 66 GYRO_RATES -1 2 -8 0.008727 0.017453 0.069813
26.67 66 FBW_STATUS 0 0 112
26.67 66 ESTIMATOR 0. 0. 0. 0. 0.
26.77 66 BAT 0 112 0 0 76 0 0
26.77 66 CALIBRATION 0. 0.02 0.5 0
26.77 66 NAVIGATION 0 1 0 0 286 0. 140.5
26.78 66 DOWNLINK_STATUS 26 6970 488 0 296. 20.
26.92 66 WP_MOVED 2 497622.6875 3565498.5 770.
26.92 66 SERVO 9600 -602 0
27.01 66 DESIRED 0. 0. 0. 0. 761. 0.
27.01 66 IR_DEBUG 624 611 624 611
27.01 66 NAVIGATION 0 1 0 0 286 0. 140.5
27.23 66 ATTITUDE 1 0 -243
27.24 66 ESTIMATOR 0. 0. 0. 0. 0.
27.24 66 DL_VALUE 35 1.
27.37 66 NAVIGATION 0 1 0 0 286 0. 140.5
27.37 66 WP_MOVED 3 497546.40625 3565495.5 770.
27.37 66 RAD_OF_IR 9 0 0.00211
27.51 66 IR_SENSORS -864 9 1
27.51 66 COMMANDS 0,508,-97,-4019
27.51 66 NAVIGATION 0 1 0 0 286 0. 140.5
27.51 66 ATTITUDE 1 0 -243
27.58 66 GYRO_RATES -1 1 -8 0.008727 0.008727 0.069813
27.58 66 FBW_STATUS 0 0 112
27.85 66 ESTIMATOR 0. 0. 0. 0. 0.
27.85 66 NAVIGATION 0 1 0 0 286 0. 140.5
27.85 66 WP_MOVED 4 497575. 3565498. 0.
27.85 66 DOWNLINK_STATUS 27 7252 508 0 282. 20.
27.95 66 DESIRED 0. 0. 0. 0. 761. 0.
27.95 66 NAVIGATION 0 1 0 0 286 0. 140.5
28.16 66 ATTITUDE 1 0 -243
28.16 66 ESTIMATOR 0. 0. 0. 0. 0.
28.16 66 DL_VALUE 36 0.44
28.31 66 NAVIGATION 0 1 0 0 286 0. 140.5
28.31 66 WP_MOVED 0 497617. 3565540. 770.
28.31 66 RAD_OF_IR 9 0 0.00211
28.45 66 IR_SENSORS -864 9 1
28.45 66 COMMANDS 0,507,-100,-352
28.45 66 NAVIGATION 0 1 0 0 286 0. 140.5
28.45 66 ATTITUDE 1 0 -243
28.52 66 GYRO_RATES -1 1 -8 0.008727 0.008727 0.069813
28.52 66 FBW_STATUS 0 0 112
28.60 66 ESTIMATOR 0. 0. 0. 0. 0.
28.60 66 BAT 0 112 0 0 78 0 0
28.60 66 ACTUATORS 1504,1496,0,1199,1347,1208
28.70 66 CALIBRATION 0. 0.02 0.5 0
28.74 66 NAVIGATION 0 1 0 0 286 0. 140.5
28.74 66 WP_MOVED 1 497586.6875 3565500. 770.
28.86 66 SERVO 9600 -776 0
28.86 66 DESIRED 0. 0. 0. 0. 761. 0.
28.86 66 IR_DEBUG 624 611 624 611
28.97 66 NAVIGATION 0 1 0 0 286 0. 140.5
28.97 66 ATTITUDE 1 0 -243
28.97 66 PPRZ_MODE 0 0 3 0 0 1 0
28.97 66 DOWNLINK_STATUS 28 7624 534 0 372. 26.
29.16 66 ESTIMATOR 0. 0. 0. 0. 0.
29.16 66 DL_VALUE 37 0.36
29.16 66 NAVIGATION 0 1 0 0 286 0. 140.5
29.33 66 WP_MOVED 2 497622.6875 3565498.5 770.
29.33 66 RAD_OF_IR 9 0 0.00211
29.33 66 IR_SENSORS -863 9 1
29.33 66 COMMANDS 0,497,-108,-3115
29.40 66 NAVIGATION 0 1 0 0 286 0. 140.5
29.40 66 ATTITUDE 1 0 -243
29.56 66 GYRO_RATES -1 1 -8 0.008727 0.008727 0.069813
29.56 66 FBW_STATUS 0 0 112
29.56 66 ESTIMATOR 0. 0. 0. 0. 0.
29.75 66 NAVIGATION 0 1 0 0 286 0. 140.5
29.75 66 WP_MOVED 3 497546.40625 3565495.5 770.
29.92 66 DESIRED 0. 0. 0. 0. 761. 0.
29.92 66 NAVIGATION 0 1 0 0 286 0. 140.5
29.92 66 ATTITUDE 1 0 -243
29.92 66 DOWNLINK_STATUS 29 7873 551 0 249. 17.
30.10 66 ESTIMATOR 0. 0. 0. 0. 0.
30.10 66 DL_VALUE 38 0.1
30.10 66 NAVIGATION 0 1 0 0 286 0. 140.5
30.18 66 WP_MOVED 4 497575. 3565498. 0.
30.18 66 RAD_OF_IR 9 0 0.00211
30.18 66 NAVIGATION_REF 497575 3565498 12
30.18 66 IR_SENSORS -864 9 1
30.32 66 COMMANDS 0,507,-99,3095
30.32 66 NAVIGATION 0 1 0 0 286 0. 140.5
30.32 66 ATTITUDE 1 0 -243
30.39 66 GYRO_RATES -1 1 -8 0.008727 0.008727 0.069813
30.39 66 FBW_STATUS 0 0 112
30.50 66 ESTIMATOR 0. 0. 0. 0. 0.
30.50 66 BAT 0 112 0 0 80 0 0
30.50 66 CALIBRATION 0. 0.02 0.5 0
30.69 66 NAVIGATION 0 1 0 0 286 0. 140.5
30.69 66 WP_MOVED 0 497617. 3565540. 770.
30.69 66 SERVO 9600 -602 0
30.75 66 DESIRED 0. 0. 0. 0. 761. 0.
30.75 66 IR_DEBUG 625 611 625 611
30.75 66 NAVIGATION 0 1 0 0 286 0. 140.5
30.96 66 ATTITUDE 1 0 -243
30.96 66 ESTIMATOR 0. 0. 0. 0. 0.
30.96 66 DL_VALUE 39 0.
30.96 66 DOWNLINK_STATUS 30 8209 575 0 336. 24.
31.11 66 NAVIGATION 0 1 0 0 286 0. 140.5
31.11 66 WP_MOVED 1 497586.6875 3565500. 770.
31.11 66 RAD_OF_IR 9 0 0.00211
31.25 66 IR_SENSORS -864 9 1
31.26 66 COMMANDS 0,507,-100,1795
31.26 66 NAVIGATION 0 1 0 0 286 0. 140.5
31.32 66 ATTITUDE 1 0 -243
31.32 66 GYRO_RATES 0 1 -8 -0. 0.008727 0.069813
31.32 66 FBW_STATUS 0 0 112
31.51 66 ESTIMATOR 0. 0. 0. 0. 0.
31.51 66 NAVIGATION 0 1 0 0 286 0. 140.5
31.51 66 WP_MOVED 2 497622.6875 3565498.5 770.
31.69 66 DESIRED 0. 0. 0. 0. 761. 0.
31.69 66 NAVIGATION 0 1 0 0 286 0. 140.5
31.90 66 ATTITUDE 1 0 -243
31.90 66 ESTIMATOR 0. 0. 0. 0. 0.
31.90 66 DL_VALUE 40 0.5
32.06 66 NAVIGATION 0 1 0 0 286 0. 140.5
32.06 66 WP_MOVED 3 497546.40625 3565495.5 770.
32.06 66 RAD_OF_IR 9 0 0.00211
32.06 66 DOWNLINK_STATUS 31 8501 595 0 292. 20.
32.20 66 IR_SENSORS -864 9 1
32.20 66 COMMANDS 0,508,-99,1602
32.20 66 NAVIGATION 0 1 0 0 286 0. 140.5
32.20 66 ATTITUDE 1 0 -243
32.27 66 GYRO_RATES -1 1 -8 0.008727 0.008727 0.069813
32.27 66 FBW_STATUS 0 0 112
32.38 66 ESTIMATOR 0. 0. 0. 0. 0.
32.38 66 BAT 0 112 0 0 82 0 0
32.38 66 CALIBRATION 0. 0.02 0.5 0
32.54 66 NAVIGATION 0 1 0 0 286 0. 140.5
32.54 66 WP_MOVED 4 497575. 3565498. 0.
32.54 66 SERVO 9600 -602 0
32.63 66 DESIRED 0. 0. 0. 0. 761. 0.
32.63 66 IR_DEBUG 624 611 624 611
32.63 66 NAVIGATION 0 1 0 0 286 0. 140.5
32.83 66 ATTITUDE 1 0 -243
32.88 66 ESTIMATOR 0. 0. 0. 0. 0.
32.88 66 DL_VALUE 41 1.
32.98 66 NAVIGATION 0 1 0 0 286 0. 140.5
32.99 66 WP_MOVED 0 497617. 3565540. 770.
32.99 66 RAD_OF_IR 9 0 0.00211
33.13 66 IR_SENSORS -865 9 1
33.13 66 COMMANDS 0,507,-97,-2288
33.13 66 NAVIGATION 0 1 0 0 286 0. 140.5
33.13 66 DOWNLINK_STATUS 33 8834 619 0 333. 24.
33.20 66 ATTITUDE 1 0 -243
33.24 66 GYRO_RATES -1 1 -8 0.008727 0.008727 0.069813
33.24 66 FBW_STATUS 0 0 112
33.33 66 ESTIMATOR 0. 0. 0. 0. 0.
33.33 66 ACTUATORS 1505,1495,0,1199,1481,1208
33.33 66 NAVIGATION 0 1 0 0 286 0. 140.5
33.54 66 WP_MOVED 1 497586.6875 3565500. 770.
33.54 66 DESIRED 0. 0. 0. 0. 761. 0.
33.67 66 NAVIGATION 0 1 0 0 286 0. 140.5
33.67 66 ATTITUDE 1 0 -243
33.67 66 PPRZ_MODE 0 0 3 0 0 1 0
33.83 66 ESTIMATOR 0. 0. 0. 0. 0.
33.83 66 DL_VALUE 42 0.
33.83 66 NAVIGATION 0 1 0 0 286 0. 140.5
34.01 66 WP_MOVED 2 497622.6875 3565498.5 770.
34.01 66 RAD_OF_IR 9 0 0.00211
34.01 66 IR_SENSORS -865 9 1
34.10 66 COMMANDS 0,507,-99,-178
34.10 66 NAVIGATION 0 1 0 0 286 0. 140.5
34.10 66 ATTITUDE 1 0 -243
34.16 66 GYRO_RATES -1 1 -7 0.008727 0.008727 0.061087
34.16 66 FBW_STATUS 0 0 112
34.16 66 ESTIMATOR 0. 0. 0. 0. 0.
34.16 66 DOWNLINK_STATUS 34 9162 642 0 328. 23.
34.27 66 BAT 0 112 0 0 84 0 0
34.27 66 CALIBRATION 0. 0.02 0.5 0
34.27 66 NAVIGATION 0 1 0 0 286 0. 140.5
34.42 66 WP_MOVED 3 497546.40625 3565495.5 770.
34.42 66 SERVO 9600 -602 0
34.51 66 DESIRED 0. 0. 0. 0. 761. 0.
34.51 66 IR_DEBUG 624 611 624 611
34.51 66 NAVIGATION 0 1 0 0 286 0. 140.5
34.72 66 ATTITUDE 1 0 -243
34.72 66 ESTIMATOR 0. 0. 0. 0. 0.
34.72 66 DL_VALUE 0 761.
34.86 66 NAVIGATION 0 1 0 0 286 0. 140.5
34.87 66 WP_MOVED 4 497575. 3565498. 0.
34.87 66 RAD_OF_IR 9 0 0.00211
35.01 66 IR_SENSORS -865 9 1
35.01 66 COMMANDS 0,507,-100,-180
35.01 66 NAVIGATION 0 1 0 0 286 0. 140.5
35.01 66 ATTITUDE 1 0 -243
35.09 66 GYRO_RATES -1 1 -8 0.008727 0.008727 0.069813
35.09 66 FBW_STATUS 0 0 112
35.35 66 ESTIMATOR 0. 0. 0. 0. 0.
35.35 66 NAVIGATION 0 1 0 0 286 0. 140.5
35.35 66 WP_MOVED 0 497617. 3565540. 770.
35.35 66 DOWNLINK_STATUS 35 9491 665 0 329. 23.
35.45 66 DESIRED 0. 0. 0. 0. 761. 0.
35.45 66 NAVIGATION 0 1 0 0 286 0. 140.5
35.66 66 ATTITUDE 1 0 -243
35.66 66 ESTIMATOR 0. 0. 0. 0. 0.
35.66 66 DL_VALUE 1 1.
35.81 66 NAVIGATION 0 1 0 0 286 0. 140.5
35.81 66 WP_MOVED 1 497586.6875 3565500. 770.
35.81 66 RAD_OF_IR 9 0 0.00211
35.95 66 IR_SENSORS -864 9 1
35.95 66 COMMANDS 0,507,-99,-182
35.95 66 NAVIGATION 0 1 0 0 286 0. 140.5
35.95 66 ATTITUDE 1 0 -243
36.02 66 GYRO_RATES -1 1 -8 0.008727 0.008727 0.069813
36.02 66 FBW_STATUS 0 0 112
36.16 66 ESTIMATOR 0. 0. 0. 0. 0.
36.19 66 BAT 0 112 0 0 86 0 0
36.19 66 CALIBRATION 0. 0.02 0.5 0
36.30 66 NAVIGATION 0 1 0 0 286 0. 140.5
36.34 66 WP_MOVED 2 497622.6875 3565498.5 770.
36.34 66 SERVO 9600 -602 0
36.39 66 DESIRED 0. 0. 0. 0. 761. 0.
36.39 66 IR_DEBUG 624 611 624 611
36.39 66 NAVIGATION 0 1 0 0 286 0. 140.5
36.39 66 DOWNLINK_STATUS 36 9831 688 0 340. 23.
36.59 66 ATTITUDE 1 0 -243
36.59 66 ESTIMATOR 0. 0. 0. 0. 0.
36.59 66 DL_VALUE 2 0.
36.74 66 NAVIGATION 0 1 0 0 286 0. 140.5
36.74 66 WP_MOVED 3 497546.40625 3565495.5 770.
36.74 66 RAD_OF_IR 9 0 0.00211
36.89 66 IR_SENSORS -864 9 1
36.89 66 COMMANDS 0,508,-97,-183
36.89 66 NAVIGATION 0 1 0 0 286 0. 140.5
36.89 66 ATTITUDE 1 0 -243
36.95 66 GYRO_RATES -1 1 -8 0.008727 0.008727 0.069813
36.95 66 FBW_STATUS 0 0 112
37.22 66 ESTIMATOR 0. 0. 0. 0. 0.
37.22 66 NAVIGATION 0 1 0 0 286 0. 140.5
37.22 66 WP_MOVED 4 497575. 3565498. 0.
37.33 66 DESIRED 0. 0. 0. 0. 761. 0.
37.33 66 NAVIGATION 0 1 0 0 286 0. 140.5
37.53 66 ATTITUDE 1 0 -243
37.54 66 ESTIMATOR 0. 0. 0. 0. 0.
37.54 66 DL_VALUE 3 0.
37.54 66 DOWNLINK_STATUS 37 10117 708 0 286. 20.
37.70 66 NAVIGATION 0 1 0 0 286 0. 140.5
37.70 66 WP_MOVED 0 497617. 3565540. 770.
37.70 66 RAD_OF_IR 9 0 0.00211
37.70 66 IR_SENSORS -864 9 1
37.82 66 COMMANDS 0,507,-100,-180
37.84 66 NAVIGATION 0 1 0 0 286 0. 140.5
37.84 66 ATTITUDE 1 0 -243
37.89 66 GYRO_RATES -1 1 -8 0.008727 0.008727 0.069813
37.89 66 FBW_STATUS 0 0 112
37.98 66 ESTIMATOR 0. 0. 0. 0. 0.
37.98 66 BAT 0 112 0 0 88 0 0
37.98 66 ACTUATORS 1505,1495,0,1199,1491,1208
38.08 66 CALIBRATION 0. 0.02 0.5 0
38.08 66 NAVIGATION 0 1 0 0 286 0. 140.5
38.08 66 WP_MOVED 1 497586.6875 3565500. 770.
38.25 66 SERVO 9600 -602 0
38.25 66 DESIRED 0. 0. 0. 0. 761. 0.
38.25 66 IR_DEBUG 624 611 624 611
38.36 66 NAVIGATION 0 1 0 0 286 0. 140.5
38.36 66 ATTITUDE 1 0 -243
38.36 66 PPRZ_MODE 0 0 3 0 0 1 0
38.53 66 ESTIMATOR 0. 0. 0. 0. 0.
38.53 66 DL_VALUE 4 0.
38.53 66 NAVIGATION 0 1 0 0 286 0. 140.5
38.62 66 WP_MOVED 2 497622.6875 3565498.5 770.
38.62 66 RAD_OF_IR 9 0 0.00211
38.62 66 NAVIGATION_REF 497575 3565498 12
38.62 66 IR_SENSORS -864 9 1
38.62 66 DOWNLINK_STATUS 38 10499 736 0 382. 28.
38.76 66 COMMANDS 0,508,-100,-182
38.76 66 NAVIGATION 0 1 0 0 286 0. 140.5
38.76 66 ATTITUDE 1 0 -243
38.83 66 GYRO_RATES -1 1 -7 0.008727 0.008727 0.061087
38.83 66 FBW_STATUS 0 0 112
39.10 66 ESTIMATOR 0. 0. 0. 0. 0.
39.10 66 NAVIGATION 0 1 0 0 286 0. 140.5
39.10 66 WP_MOVED 3 497546.40625 3565495.5 770.
39.21 66 DESIRED 0. 0. 0. 0. 761. 0.
39.21 66 NAVIGATION 0 1 0 0 286 0. 140.5
39.41 66 ATTITUDE 1 0 -243
39.41 66 ESTIMATOR 0. 0. 0. 0. 0.
39.41 66 DL_VALUE 5 0.
39.55 66 NAVIGATION 0 1 0 0 286 0. 140.5
39.55 66 WP_MOVED 4 497575. 3565498. 0.
39.55 66 RAD_OF_IR 9 0 0.00211
39.55 66 DOWNLINK_STATUS 39 10740 752 0 241. 16.
39.73 66 IR_SENSORS -864 9 1
39.73 66 COMMANDS 0,507,-100,-105
39.73 66 NAVIGATION 0 1 0 0 286 0. 140.5
39.73 66 ATTITUDE 1 0 -243
39.78 66 GYRO_RATES -1 1 -7 0.008727 0.008727 0.061087
39.78 66 FBW_STATUS 0 0 112
39.78 66 ESTIMATOR 0. 0. 0. 0. 0.
39.88 66 BAT 0 112 0 0 90 0 0
39.88 66 CALIBRATION 0. 0.02 0.5 0
40.05 66 NAVIGATION 0 1 0 0 286 0. 140.5
40.05 66 WP_MOVED 0 497617. 3565540. 770.
40.05 66 SERVO 9600 -602 0
40.14 66 DESIRED 0. 0. 0. 0. 761. 0.
40.14 66 IR_DEBUG 624 611 624 611
40.14 66 NAVIGATION 0 1 0 0 286 0. 140.5
40.34 66 ATTITUDE 1 0 -243
40.34 66 ESTIMATOR 0. 0. 0. 0. 0.
40.35 66 DL_VALUE 6 0.
40.49 66 NAVIGATION 0 1 0 0 286 0. 140.5
40.49 66 WP_MOVED 1 497586.6875 3565500. 770.
40.49 66 RAD_OF_IR 9 0 0.00211
40.64 66 IR_SENSORS -864 9 1
40.64 66 COMMANDS 0,510,-97,-103
40.64 66 NAVIGATION 0 1 0 0 286 0. 140.5
40.64 66 ATTITUDE 1 0 -243
40.64 66 DOWNLINK_STATUS 40 11081 777 0 341. 25.
40.72 66 GYRO_RATES -1 1 -7 0.008727 0.008727 0.061087
40.72 66 FBW_STATUS 0 0 112
40.97 66 ESTIMATOR 0. 0. 0. 0. 0.
40.97 66 NAVIGATION 0 1 0 0 286 0. 140.5
40.97 66 WP_MOVED 2 497622.6875 3565498.5 770.
41.07 66 DESIRED 0. 0. 0. 0. 761. 0.
41.07 66 NAVIGATION 0 1 0 0 286 0. 140.5
41.29 66 ATTITUDE 1 0 -243
41.29 66 ESTIMATOR 0. 0. 0. 0. 0.
41.29 66 DL_VALUE 7 0.
41.43 66 NAVIGATION 0 1 0 0 286 0. 140.5
41.43 66 WP_MOVED 3 497546.40625 3565495.5 770.
41.43 66 RAD_OF_IR 9 0 0.00211
41.57 66 IR_SENSORS -865 9 1
41.57 66 COMMANDS 0,507,-100,-105
41.57 66 NAVIGATION 0 1 0 0 286 0. 140.5
41.59 66 ATTITUDE 1 0 -243
41.64 66 GYRO_RATES -1 1 -7 0.008727 0.008727 0.061087
41.64 66 FBW_STATUS 0 0 112
41.64 66 DOWNLINK_STATUS 41 11355 796 0 274. 19.
41.75 66 ESTIMATOR 0. 0. 0. 0. 0.
41.75 66 BAT 0 112 0 0 92 0 0
41.75 66 CALIBRATION 0. 0.02 0.5 0
41.92 66 NAVIGATION 0 1 0 0 286 0. 140.5
41.92 66 WP_MOVED 4 497575. 3565498. 0.
41.92 66 SERVO 9600 -602 0
42.00 66 DESIRED 0. 0. 0. 0. 761. 0.
42.00 66 IR_DEBUG 624 611 624 611
42.01 66 NAVIGATION 0 1 0 0 286 0. 140.5
42.24 66 ATTITUDE 1 0 -243
42.24 66 ESTIMATOR 0. 0. 0. 0. 0.
42.24 66 DL_VALUE 8 0.
42.36 66 NAVIGATION 0 1 0 0 286 0. 140.5
42.37 66 WP_MOVED 0 497617. 3565540. 770.
42.37 66 RAD_OF_IR 9 0 0.00211
42.51 66 IR_SENSORS -865 9 1
42.51 66 COMMANDS 0,507,-97,-103
42.51 66 NAVIGATION 0 1 0 0 286 0. 140.5
42.51 66 ATTITUDE 1 0 -243
42.58 66 GYRO_RATES -1 2 -7 0.008727 0.017453 0.061087
42.58 66 FBW_STATUS 0 0 112
42.74 66 ESTIMATOR 0. 0. 0. 0. 0.
42.74 66 ACTUATORS 1505,1495,0,1199,1495,1208
42.75 66 NAVIGATION 0 1 0 0 286 0. 140.5
42.92 66 WP_MOVED 1 497586.6875 3565500. 770.
42.93 66 DESIRED 0. 0. 0. 0. 761. 0.
42.93 66 DOWNLINK_STATUS 42 11747 822 0 392. 26.
43.04 66 NAVIGATION 0 1 0 0 286 0. 140.5
43.04 66 ATTITUDE 1 0 -243
43.04 66 PPRZ_MODE 0 0 3 0 0 1 0
43.22 66 ESTIMATOR 0. 0. 0. 0. 0.
43.23 66 DL_VALUE 9 1.01
43.23 66 NAVIGATION 0 1 0 0 286 0. 140.5
43.23 66 WP_MOVED 2 497622.6875 3565498.5 770.
43.40 66 RAD_OF_IR 9 0 0.00211
43.40 66 IR_SENSORS -864 9 1
43.40 66 COMMANDS 0,507,-100,-105
43.48 66 NAVIGATION 0 1 0 0 286 0. 140.5
43.48 66 ATTITUDE 1 0 -243
43.54 66 GYRO_RATES -1 1 -7 0.008727 0.008727 0.061087
43.54 66 FBW_STATUS 0 0 112
43.54 66 ESTIMATOR 0. 0. 0. 0. 0.
43.68 66 BAT 0 112 0 0 94 0 0
43.68 66 CALIBRATION 0. 0.02 0.5 0
43.68 66 NAVIGATION 0 1 0 0 286 0. 140.5
43.81 66 WP_MOVED 3 497546.40625 3565495.5 770.
43.84 66 SERVO 9600 -602 0
43.84 66 DOWNLINK_STATUS 43 12016 842 0 269. 20.
43.89 66 DESIRED 0. 0. 0. 0. 761. 0.
43.89 66 IR_DEBUG 624 611 624 611
43.89 66 NAVIGATION 0 1 0 0 286 0. 140.5
43.89 66 ATTITUDE 1 0 -243
44.10 66 ESTIMATOR 0. 0. 0. 0. 0.
44.10 66 DL_VALUE 10 1.5
44.31 66 NAVIGATION 0 1 0 0 286 0. 140.5
44.31 66 WP_MOVED 4 497575. 3565498. 0.
44.31 66 RAD_OF_IR 9 0 0.00211
44.31 66 IR_SENSORS -864 9 1
44.39 66 COMMANDS 0,508,-99,-103
44.39 66 NAVIGATION 0 1 0 0 286 0. 140.5
44.39 66 ATTITUDE 1 0 -243
44.56 66 GYRO_RATES -1 1 -7 0.008727 0.008727 0.061087
44.56 66 FBW_STATUS 0 0 112
44.56 66 ESTIMATOR 0. 0. 0. 0. 0.
44.75 66 NAVIGATION 0 1 0 0 286 0. 140.5
44.75 66 WP_MOVED 0 497617. 3565540. 770.
44.92 66 DESIRED 0. 0. 0. 0. 761. 0.
44.92 66 NAVIGATION 0 1 0 0 286 0. 140.5
44.92 66 ATTITUDE 1 0 -243
44.92 66 DOWNLINK_STATUS 44 12327 863 0 311. 21.
45.10 66 ESTIMATOR 0. 0. 0. 0. 0.
45.10 66 DL_VALUE 11 1.5
45.10 66 NAVIGATION 0 1 0 0 286 0. 140.5
45.29 66 WP_MOVED 1 497586.6875 3565500. 770.
45.30 66 RAD_OF_IR 9 0 0.00211
45.30 66 IR_SENSORS -864 9 1
45.30 66 COMMANDS 0,530,-99,-106
45.36 66 NAVIGATION 0 1 0 0 286 0. 140.5
45.36 66 ATTITUDE 1 0 -243
45.42 66 GYRO_RATES -1 3 -7 0.008727 0.02618 0.061087
45.42 66 FBW_STATUS 0 0 112
45.43 66 ESTIMATOR 0. 0. 0. 0. 0.
45.55 66 BAT 0 112 0 0 96 0 0
45.55 66 CALIBRATION 0. 0.02 0.5 0
45.55 66 NAVIGATION 0 1 0 0 286 0. 140.5
45.68 66 WP_MOVED 2 497622.6875 3565498.5 770.
45.68 66 SERVO 9600 -602 0
45.80 66 DESIRED 0. 0. 0. 0. 761. 0.
45.80 66 IR_DEBUG 624 611 624 611
45.80 66 NAVIGATION 0 1 0 0 286 0. 140.5
45.80 66 ATTITUDE 1 0 -243
45.97 66 ESTIMATOR 0. 0. 0. 0. 0.
45.97 66 DL_VALUE 12 1.5
45.97 66 DOWNLINK_STATUS 45 12652 886 0 325. 23.
46.19 66 NAVIGATION 0 1 0 0 286 0. 140.5
46.19 66 WP_MOVED 3 497546.40625 3565495.5 770.
46.20 66 RAD_OF_IR 9 0 0.00211
46.20 66 IR_SENSORS -864 9 1
46.27 66 COMMANDS 0,511,-96,-106
46.30 66 NAVIGATION 0 1 0 0 286 0. 140.5
46.30 66 ATTITUDE 1 0 -243
46.43 66 GYRO_RATES -1 1 -7 0.008727 0.008727 0.061087
46.43 66 FBW_STATUS 0 0 112
46.43 66 ESTIMATOR 0. 0. 0. 0. 0.
46.61 66 NAVIGATION 0 1 0 0 286 0. 140.5
46.61 66 WP_MOVED 4 497575. 3565498. 0.
46.79 66 DESIRED 0. 0. 0. 0. 761. 0.
46.79 66 NAVIGATION 0 1 0 0 286 0. 140.5
46.79 66 ATTITUDE 1 0 -243
46.96 66 ESTIMATOR 0. 0. 0. 0. 0.
46.96 66 DL_VALUE 13 1.5
46.96 66 NAVIGATION 0 1 0 0 286 0. 140.5
47.05 66 WP_MOVED 0 497617. 3565540. 770.
47.05 66 RAD_OF_IR 9 0 0.00211
47.05 66 NAVIGATION_REF 497575 3565498 12
47.05 66 DOWNLINK_STATUS 46 12955 907 0 303. 21.
47.21 66 IR_SENSORS -864 9 1
47.21 66 COMMANDS 0,530,-99,-105
47.21 66 NAVIGATION 0 1 0 0 286 0. 140.5
47.22 66 ATTITUDE 1 0 -243
47.27 66 GYRO_RATES -1 1 -7 0.008727 0.008727 0.061087
47.31 66 FBW_STATUS 0 0 112
47.35 66 ESTIMATOR 0. 0. 0. 0. 0.
47.35 66 BAT 0 112 0 0 98 0 0
47.35 66 ACTUATORS 1504,1496,0,1199,1495,1208
47.46 66 CALIBRATION 0. 0.02 0.5 0
47.46 66 NAVIGATION 0 1 0 0 286 0. 140.5
47.46 66 WP_MOVED 1 497586.6875 3565500. 770.
47.60 66 SERVO 9600 -602 0
47.60 66 DESIRED 0. 0. 0. 0. 761. 0.
47.60 66 IR_DEBUG 624 611 624 611
47.72 66 NAVIGATION 0 1 0 0 286 0. 140.5
47.72 66 ATTITUDE 1 0 -243
47.72 66 PPRZ_MODE 0 0 3 0 0 17 0
47.90 66 ESTIMATOR 0. 0. 0. 0. 0.
47.94 66 DL_VALUE 14 0.
47.94 66 NAVIGATION 0 1 0 0 286 0. 140.5
48.07 66 WP_MOVED 2 497622.6875 3565498.5 770.
48.07 66 RAD_OF_IR 9 0 0.00211
48.08 66 IR_SENSORS -864 9 1
48.08 66 DOWNLINK_STATUS 48 13283 931 0 328. 24.
48.15 66 COMMANDS 0,528,-110,-105
48.15 66 NAVIGATION 0 1 0 0 286 0. 140.5
48.15 66 ATTITUDE 1 0 -243
48.31 66 GYRO_RATES -1 1 -7 0.008727 0.008727 0.061087
48.31 66 FBW_STATUS 0 0 112
48.31 66 ESTIMATOR 0. 0. 0. 0. 0.
48.49 66 NAVIGATION 0 1 0 0 286 0. 140.5
48.49 66 WP_MOVED 3 497546.40625 3565495.5 770.
48.67 66 DESIRED 0. 0. 0. 0. 761. 0.
48.67 66 NAVIGATION 0 1 0 0 286 0. 140.5
48.67 66 ATTITUDE 1 0 -243
48.84 66 ESTIMATOR 0. 0. 0. 0. 0.
48.84 66 DL_VALUE 15 1.
48.84 66 NAVIGATION 0 1 0 0 286 0. 140.5
49.02 66 WP_MOVED 4 497575. 3565498. 0.
49.02 66 RAD_OF_IR 9 0 0.00211
49.02 66 IR_SENSORS -864 9 1
49.02 66 COMMANDS 0,527,-100,-106
49.09 66 NAVIGATION 0 1 0 0 286 0. 140.5
49.09 66 ATTITUDE 1 0 -243
49.09 66 DOWNLINK_STATUS 49 13569 951 0 286. 20.
49.16 66 GYRO_RATES -1 1 -7 0.008727 0.008727 0.061087
49.16 66 FBW_STATUS 0 0 112
49.16 66 ESTIMATOR 0. 0. 0. 0. 0.
49.31 66 BAT 0 112 0 0 100 0 0
49.31 66 CALIBRATION 0. 0.02 0.5 0
49.31 66 NAVIGATION 0 1 0 0 286 0. 140.5
49.42 66 WP_MOVED 0 497617. 3565540. 770.
49.42 66 SERVO 9600 -602 0
49.51 66 DESIRED 0. 0. 0. 0. 761. 0.
49.51 66 IR_DEBUG 624 611 624 611
49.51 66 NAVIGATION 0 1 0 0 286 0. 140.5
49.72 66 ATTITUDE 1 0 -243
49.72 66 ESTIMATOR 0. 0. 0. 0. 0.
49.72 66 DL_VALUE 16 472.
49.86 66 NAVIGATION 0 1 0 0 286 0. 140.5
49.86 66 WP_MOVED 1 497586.6875 3565500. 770.
49.86 66 RAD_OF_IR 9 0 0.00211
50.01 66 IR_SENSORS -865 9 1
50.01 66 COMMANDS 0,507,-99,-106
50.01 66 NAVIGATION 0 1 0 0 286 0. 140.5
50.01 66 ATTITUDE 1 0 -243
50.09 66 GYRO_RATES -1 2 -7 0.008727 0.017453 0.061087
50.09 66 FBW_STATUS 0 0 112
50.36 66 ESTIMATOR 0. 0. 0. 0. 0.
50.36 66 NAVIGATION 0 1 0 0 286 0. 140.5
50.36 66 WP_MOVED 2 497622.6875 3565498.5 770.
50.36 66 DOWNLINK_STATUS 50 13945 977 0 376. 26.
50.53 66 DESIRED 0. 0. 0. 0. 761. 0.
50.53 66 NAVIGATION 0 1 0 0 286 0. 140.5
50.53 66 ATTITUDE 1 0 -243
50.67 66 ESTIMATOR 0. 0. 0. 0. 0.
50.67 66 DL_VALUE 17 478.
50.67 66 NAVIGATION 0 1 0 0 286 0. 140.5
50.88 66 WP_MOVED 3 497546.40625 3565495.5 770.
50.88 66 RAD_OF_IR 9 0 0.00211
50.88 66 IR_SENSORS -864 9 1
50.96 66 COMMANDS 0,502,-104,-96
50.96 66 NAVIGATION 0 1 0 0 286 0. 140.5
50.96 66 ATTITUDE 1 0 -243
51.02 66 GYRO_RATES -1 1 -7 0.008727 0.008727 0.061087
51.02 66 FBW_STATUS 0 0 112
51.02 66 ESTIMATOR 0. 0. 0. 0. 0.
51.13 66 BAT 0 112 0 0 102 0 0
51.13 66 CALIBRATION 0. 0.02 0.5 0
51.13 66 DOWNLINK_STATUS 51 14190 994 0 245. 17.
51.30 66 NAVIGATION 0 1 0 0 286 0. 140.5
51.30 66 WP_MOVED 4 497575. 3565498. 0.
51.30 66 SERVO 9600 -602 0
51.40 66 DESIRED 0. 0. 0. 0. 761. 0.
51.40 66 IR_DEBUG 624 611 624 611
51.40 66 NAVIGATION 0 1 0 0 286 0. 140.5
51.40 66 ATTITUDE 1 0 -243
51.60 66 ESTIMATOR 0. 0. 0. 0. 0.
51.60 66 DL_VALUE 18 487.
51.83 66 NAVIGATION 0 1 0 0 286 0. 140.5
51.83 66 WP_MOVED 0 497617. 3565540. 770.
51.83 66 RAD_OF_IR 9 0 0.00211
51.83 66 IR_SENSORS -864 9 1
51.83 66 COMMANDS 0,507,-99,-106
51.90 66 NAVIGATION 0 1 0 0 286 0. 140.5
51.90 66 ATTITUDE 1 0 -243
52.01 66 GYRO_RATES -1 1 -7 0.008727 0.008727 0.061087
52.01 66 FBW_STATUS 0 0 112
52.01 66 ESTIMATOR 0. 0. 0. 0. 0.
52.22 66 ACTUATORS 1505,1495,0,1199,1495,1208
52.22 66 NAVIGATION 0 1 0 0 286 0. 140.5
52.22 66 WP_MOVED 1 497586.6875 3565500. 770.
52.23 66 DOWNLINK_STATUS 52 14505 1016 0 315. 22.
52.34 66 DESIRED 0. 0. 0. 0. 761. 0.
52.34 66 NAVIGATION 0 1 0 0 286 0. 140.5
52.49 66 ATTITUDE 1 0 -243
52.49 66 PPRZ_MODE 0 0 3 0 0 17 0
52.49 66 ESTIMATOR 0. 0. 0. 0. 0.
52.49 66 DL_VALUE 19 0.
52.61 66 NAVIGATION 0 1 0 0 286 0. 140.5
52.62 66 WP_MOVED 2 497622.6875 3565498.5 770.
52.80 66 RAD_OF_IR 9 0 0.00211
52.80 66 IR_SENSORS -864 9 1
52.80 66 COMMANDS 0,503,-99,-108
52.88 66 NAVIGATION 0 1 0 0 286 0. 140.5
52.88 66 ATTITUDE 1 0 -243
52.88 66 GYRO_RATES -1 1 -7 0.008727 0.008727 0.061087
52.89 66 FBW_STATUS 0 0 112
52.97 66 ESTIMATOR 0. 0. 0. 0. 0.
52.97 66 BAT 0 112 0 0 104 0 0
52.97 66 CALIBRATION 0. 0.02 0.5 0
53.08 66 NAVIGATION 0 1 0 0 286 0. 140.5
53.08 66 WP_MOVED 3 497546.40625 3565495.5 770.
53.24 66 SERVO 9600 -602 0
53.24 66 DESIRED 0. 0. 0. 0. 761. 0.
53.24 66 IR_DEBUG 624 611 624 611
53.24 66 DOWNLINK_STATUS 53 14836 1039 0 331. 23.
53.43 66 NAVIGATION 0 1 0 0 286 0. 140.5
53.43 66 ATTITUDE 1 0 -243
53.43 66 ESTIMATOR 0. 0. 0. 0. 0.
53.43 66 DL_VALUE 20 0.75
53.55 66 NAVIGATION 0 1 0 0 286 0. 140.5
53.55 66 WP_MOVED 4 497575. 3565498. 0.
53.73 66 RAD_OF_IR 9 0 0.00211
53.73 66 IR_SENSORS -864 9 1
53.73 66 COMMANDS 0,505,-100,-91
53.83 66 NAVIGATION 0 1 0 0 286 0. 140.5
53.83 66 ATTITUDE 1 0 -243
53.83 66 GYRO_RATES -1 1 -7 0.008727 0.008727 0.061087
53.84 66 FBW_STATUS 0 0 112
54.00 66 ESTIMATOR 0. 0. 0. 0. 0.
54.00 66 NAVIGATION 0 1 0 0 286 0. 140.5
54.01 66 WP_MOVED 0 497617. 3565540. 770.
54.19 66 DESIRED 0. 0. 0. 0. 761. 0.
54.19 66 NAVIGATION 0 1 0 0 286 0. 140.5
54.40 66 ATTITUDE 1 0 -243
54.40 66 ESTIMATOR 0. 0. 0. 0. 0.
54.40 66 DL_VALUE 21 20000.
54.40 66 DOWNLINK_STATUS 54 15140 1060 0 304. 21.
54.55 66 NAVIGATION 0 1 0 0 286 0. 140.5
54.55 66 WP_MOVED 1 497586.6875 3565500. 770.
54.55 66 RAD_OF_IR 9 0 0.00211
54.69 66 IR_SENSORS -864 9 1
54.69 66 COMMANDS 0,494,-113,-110
54.69 66 NAVIGATION 0 1 0 0 286 0. 140.5
54.76 66 ATTITUDE 1 0 -243
54.76 66 GYRO_RATES -1 1 -7 0.008727 0.008727 0.061087
54.76 66 FBW_STATUS 0 0 112
54.87 66 ESTIMATOR 0. 0. 0. 0. 0.
54.87 66 BAT 0 112 0 0 106 0 0
54.87 66 CALIBRATION 0. 0.02 0.5 0
55.04 66 NAVIGATION 0 1 0 0 286 0. 140.5
55.05 66 WP_MOVED 2 497622.6875 3565498.5 770.
55.05 66 SERVO 9600 -602 0
55.13 66 DESIRED 0. 0. 0. 0. 761. 0.
55.13 66 IR_DEBUG 624 611 624 611
55.13 66 NAVIGATION 0 1 0 0 286 0. 140.5
55.36 66 ATTITUDE 1 0 -243
55.36 66 ESTIMATOR 0. 0. 0. 0. 0.
55.36 66 DL_VALUE 22 20000.
55.46 66 NAVIGATION 0 1 0 0 286 0. 140.5
55.46 66 WP_MOVED 3 497546.40625 3565495.5 770.
55.46 66 RAD_OF_IR 9 0 0.00211
55.46 66 NAVIGATION_REF 497575 3565498 12
55.46 66 DOWNLINK_STATUS 55 15490 1085 0 350. 25.
55.62 66 IR_SENSORS -864 9 1
55.62 66 COMMANDS 0,502,-107,-120
55.62 66 NAVIGATION 0 1 0 0 286 0. 140.5
55.69 66 ATTITUDE 1 0 -243
55.69 66 GYRO_RATES -1 1 -6 0.008727 0.008727 0.05236
55.69 66 FBW_STATUS 0 0 112
55.87 66 ESTIMATOR 0. 0. 0. 0. 0.
55.87 66 NAVIGATION 0 1 0 0 286 0. 140.5
56.06 66 WP_MOVED 4 497575. 3565498. 0.
56.06 66 DESIRED 0. 0. 0. 0. 761. 0.
56.24 66 NAVIGATION 0 1 0 0 286 0. 140.5
56.24 66 ATTITUDE 1 0 -243
56.24 66 ESTIMATOR 0. 0. 0. 0. 0.
56.24 66 DL_VALUE 23 0.75
56.38 66 NAVIGATION 0 1 0 0 286 0. 140.5
56.38 66 WP_MOVED 0 497617. 3565540. 770.
56.54 66 RAD_OF_IR 8 0 0.00211
56.54 66 IR_SENSORS -864 9 1
56.54 66 COMMANDS 0,510,-100,-106
56.54 66 DOWNLINK_STATUS 56 15758 1104 0 268. 19.
56.63 66 NAVIGATION 0 1 0 0 286 0. 140.5
56.63 66 ATTITUDE 1 0 -243
56.63 66 GYRO_RATES -1 1 -7 0.008727 0.008727 0.061087
56.64 66 FBW_STATUS 0 0 112
56.71 66 ESTIMATOR 0. 0. 0. 0. 0.
56.71 66 BAT 0 112 0 0 108 0 0
56.71 66 ACTUATORS 1505,1495,0,1199,1495,1208
56.81 66 CALIBRATION 0. 0.02 0.5 0
56.81 66 NAVIGATION 0 1 0 0 286 0. 140.5
56.96 66 WP_MOVED 1 497586.6875 3565500. 770.
56.98 66 SERVO 9600 -602 0
56.98 66 DESIRED 0. 0. 0. 0. 761. 0.
57.04 66 IR_DEBUG 624 611 624 611
57.04 66 NAVIGATION 0 1 0 0 286 0. 140.5
57.04 66 ATTITUDE 1 0 -243
57.04 66 PPRZ_MODE 0 0 3 0 0 17 0
57.23 66 ESTIMATOR 0. 0. 0. 0. 0.
57.23 66 DL_VALUE 24 20000.
57.44 66 NAVIGATION 0 1 0 0 286 0. 140.5
57.44 66 WP_MOVED 2 497622.6875 3565498.5 770.
57.44 66 RAD_OF_IR 9 0 0.00211
57.44 66 IR_SENSORS -865 9 1
57.52 66 COMMANDS 0,503,-97,-106
57.52 66 NAVIGATION 0 1 0 0 286 0. 140.5
57.52 66 ATTITUDE 1 0 -243
57.68 66 GYRO_RATES -1 1 -7 0.008727 0.008727 0.061087
57.68 66 FBW_STATUS 0 0 112
57.68 66 ESTIMATOR 0. 0. 0. 0. 0.
57.68 66 DOWNLINK_STATUS 57 16151 1132 0 393. 28.
57.88 66 NAVIGATION 0 1 0 0 286 0. 140.5
57.88 66 WP_MOVED 3 497546.40625 3565495.5 770.
58.04 66 DESIRED 0. 0. 0. 0. 761. 0.
58.04 66 NAVIGATION 0 1 0 0 286 0. 140.5
58.05 66 ATTITUDE 1 0 -243
58.22 66 ESTIMATOR 0. 0. 0. 0. 0.
58.22 66 DL_VALUE 25 20000.
58.22 66 NAVIGATION 0 1 0 0 286 0. 140.5
58.39 66 WP_MOVED 4 497575. 3565498. 0.
58.39 66 RAD_OF_IR 9 0 0.00211
58.39 66 IR_SENSORS -864 9 1
58.39 66 COMMANDS 0,502,-104,-108
58.47 66 NAVIGATION 0 1 0 0 286 0. 140.5
58.47 66 ATTITUDE 1 0 -243
58.53 66 GYRO_RATES -1 1 -6 0.008727 0.008727 0.05236
58.53 66 FBW_STATUS 0 0 112
58.53 66 ESTIMATOR 0. 0. 0. 0. 0.
58.64 66 BAT 0 112 0 0 110 0 0
58.64 66 CALIBRATION 0. 0.02 0.5 0
58.64 66 NAVIGATION 0 1 0 0 286 0. 140.5
58.80 66 WP_MOVED 0 497617. 3565540. 770.
58.80 66 SERVO 9600 -602 0
58.80 66 DOWNLINK_STATUS 58 16470 1154 0 319. 22.
58.91 66 DESIRED 0. 0. 0. 0. 761. 0.
58.91 66 IR_DEBUG 624 611 624 611
58.91 66 NAVIGATION 0 1 0 0 286 0. 140.5
58.91 66 ATTITUDE 1 0 -243
59.10 66 ESTIMATOR 0. 0. 0. 0. 0.
59.10 66 DL_VALUE 26 0.75
59.33 66 NAVIGATION 0 1 0 0 286 0. 140.5
59.33 66 WP_MOVED 1 497586.6875 3565500. 770.
59.33 66 RAD_OF_IR 9 0 0.00211
59.36 66 IR_SENSORS -864 9 1
59.40 66 COMMANDS 0,511,-96,-105
59.44 66 NAVIGATION 0 1 0 0 286 0. 140.5
59.44 66 ATTITUDE 1 0 -243
59.58 66 GYRO_RATES -1 1 -7 0.008727 0.008727 0.061087
59.58 66 FBW_STATUS 0 0 112
59.58 66 ESTIMATOR 0. 0. 0. 0. 0.
59.79 66 NAVIGATION 0 1 0 0 286 0. 140.5
59.79 66 WP_MOVED 2 497622.6875 3565498.5 770.
59.80 66 DESIRED 0. 0. 0. 0. 761. 0.
59.93 66 NAVIGATION 0 1 0 0 286 0. 140.5
59.93 66 ATTITUDE 1 0 -243
59.93 66 ESTIMATOR 0. 0. 0. 0. 0.
59.93 66 DOWNLINK_STATUS 59 16803 1176 0 333. 22.
60.10 66 DL_VALUE 27 10000.
60.10 66 NAVIGATION 0 1 0 0 286 0. 140.5
60.10 66 WP_MOVED 3 497546.40625 3565495.5 770.
60.28 66 RAD_OF_IR 9 0 0.00211
60.28 66 IR_SENSORS -864 9 1
60.28 66 COMMANDS 0,500,-107,-95
60.35 66 NAVIGATION 0 1 0 0 286 0. 140.5
60.35 66 ATTITUDE 1 0 -243
60.42 66 GYRO_RATES -1 1 -6 0.008727 0.008727 0.05236
60.46 66 FBW_STATUS 0 0 112
60.46 66 ESTIMATOR 0. 0. 0. 0. 0.
60.56 66 BAT 0 112 0 0 112 0 0
60.56 66 CALIBRATION 0. 0.02 0.5 0
60.56 66 NAVIGATION 0 1 0 0 286 0. 140.5
60.68 66 WP_MOVED 4 497575. 3565498. 0.
60.68 66 SERVO 9600 -602 0
60.77 66 DESIRED 0. 0. 0. 0. 761. 0.
60.77 66 IR_DEBUG 624 611 624 611
60.77 66 NAVIGATION 0 1 0 0 286 0. 140.5
60.77 66 ATTITUDE 1 0 -243
60.98 66 ESTIMATOR 0. 0. 0. 0. 0.
60.98 66 DL_VALUE 28 10000.
60.98 66 DOWNLINK_STATUS 60 17106 1198 0 303. 22.
61.19 66 NAVIGATION 0 1 0 0 286 0. 140.5
61.19 66 WP_MOVED 0 497617. 3565540. 770.
61.19 66 RAD_OF_IR 9 0 0.00211
61.20 66 IR_SENSORS -864 9 1
61.28 66 COMMANDS 0,510,-100,-110
61.28 66 NAVIGATION 0 1 0 0 286 0. 140.5
61.28 66 ATTITUDE 1 0 -243
61.39 66 GYRO_RATES -1 1 -6 0.008727 0.008727 0.05236
61.39 66 FBW_STATUS 0 0 112
61.39 66 ESTIMATOR 0. 0. 0. 0. 0.
61.51 66 ACTUATORS 1505,1495,0,1199,1495,1208
61.51 66 NAVIGATION 0 1 0 0 286 0. 140.5
61.51 66 WP_MOVED 1 497586.6875 3565500. 770.
61.69 66 DESIRED 0. 0. 0. 0. 761. 0.
61.69 66 NAVIGATION 0 1 0 0 286 0. 140.5
61.86 66 ATTITUDE 1 0 -243
61.86 66 PPRZ_MODE 0 0 3 0 0 17 0
61.86 66 ESTIMATOR 0. 0. 0. 0. 0.
61.98 66 DL_VALUE 29 0.3
62.03 66 NAVIGATION 0 1 0 0 286 0. 140.5
62.03 66 WP_MOVED 2 497622.6875 3565498.5 770.
62.03 66 DOWNLINK_STATUS 61 17412 1219 0 306. 21.
62.16 66 RAD_OF_IR 9 0 0.00211
62.16 66 IR_SENSORS -864 9 1
62.16 66 COMMANDS 0,505,-105,-106
62.23 66 NAVIGATION 0 1 0 0 286 0. 140.5
62.23 66 ATTITUDE 1 0 -243
62.23 66 GYRO_RATES -1 1 -7 0.008727 0.008727 0.061087
62.33 66 FBW_STATUS 0 0 112
62.33 66 ESTIMATOR 0. 0. 0. 0. 0.
62.33 66 BAT 0 112 0 0 114 0 0
62.44 66 CALIBRATION 0. 0.02 0.5 0
62.48 66 NAVIGATION 0 1 0 0 286 0. 140.5
62.49 66 WP_MOVED 3 497546.40625 3565495.5 770.
62.57 66 SERVO 9600 -602 0
62.57 66 DESIRED 0. 0. 0. 0. 761. 0.
62.72 66 IR_DEBUG 624 611 624 611
62.72 66 NAVIGATION 0 1 0 0 286 0. 140.5
62.72 66 ATTITUDE 1 0 -243
62.92 66 ESTIMATOR 0. 0. 0. 0. 0.
62.92 66 DL_VALUE 30 0.36
62.92 66 NAVIGATION 0 1 0 0 286 0. 140.5
63.08 66 WP_MOVED 4 497575. 3565498. 0.
63.08 66 RAD_OF_IR 9 0 0.00211
63.08 66 IR_SENSORS -864 9 1
63.08 66 COMMANDS 0,507,-99,-91
63.08 66 DOWNLINK_STATUS 63 17737 1243 0 325. 24.
63.15 66 NAVIGATION 0 1 0 0 286 0. 140.5
63.15 66 ATTITUDE 1 0 -243
63.32 66 GYRO_RATES -1 1 -6 0.008727 0.008727 0.05236
63.32 66 FBW_STATUS 0 0 112
63.32 66 ESTIMATOR 0. 0. 0. 0. 0.
63.50 66 NAVIGATION 0 1 0 0 286 0. 140.5
63.51 66 WP_MOVED 0 497617. 3565540. 770.
63.67 66 DESIRED 0. 0. 0. 0. 761. 0.
63.67 66 NAVIGATION 0 1 0 0 286 0. 140.5
63.67 66 ATTITUDE 1 0 -243
63.84 66 ESTIMATOR 0. 0. 0. 0. 0.
63.85 66 DL_VALUE 31 0.01
63.85 66 NAVIGATION 0 1 0 0 286 0. 140.5
63.95 66 WP_MOVED 1 497586.6875 3565500. 770.
63.97 66 RAD_OF_IR 9 0 0.00211
63.97 66 NAVIGATION_REF 497575 3565498 12
63.97 66 IR_SENSORS -864 9 1
64.07 66 COMMANDS 0,507,-99,-105
64.07 66 NAVIGATION 0 1 0 0 286 0. 140.5
64.08 66 ATTITUDE 1 0 -243
64.14 66 GYRO_RATES -1 1 -6 0.008727 0.008727 0.05236
64.14 66 FBW_STATUS 0 0 112
64.14 66 DOWNLINK_STATUS 64 18048 1265 0 311. 22.
64.25 66 ESTIMATOR 0. 0. 0. 0. 0.
64.25 66 BAT 0 112 0 0 116 0 0
64.25 66 CALIBRATION 0. 0.02 0.5 0
64.42 66 NAVIGATION 0 1 0 0 286 0. 140.5
64.43 66 WP_MOVED 2 497622.6875 3565498.5 770.
64.43 66 SERVO 9600 -602 0
64.52 66 DESIRED 0. 0. 0. 0. 761. 0.
64.52 66 IR_DEBUG 624 611 624 611
64.52 66 NAVIGATION 0 1 0 0 286 0. 140.5
64.72 66 ATTITUDE 1 0 -243
64.72 66 ESTIMATOR 0. 0. 0. 0. 0.
64.72 66 DL_VALUE 32 0.02
64.86 66 NAVIGATION 0 1 0 0 286 0. 140.5
64.86 66 WP_MOVED 3 497546.40625 3565495.5 770.
64.86 66 RAD_OF_IR 9 0 0.00211
65.01 66 IR_SENSORS -864 9 1
65.05 66 COMMANDS 0,514,-93,-105
65.05 66 NAVIGATION 0 1 0 0 286 0. 140.5
65.05 66 ATTITUDE 1 0 -243
65.08 66 GYRO_RATES -1 1 -6 0.008727 0.008727 0.05236
65.08 66 FBW_STATUS 0 0 112
65.08 66 DOWNLINK_STATUS 65 18344 1286 0 296. 21.
65.35 66 ESTIMATOR 0. 0. 0. 0. 0.
65.35 66 NAVIGATION 0 1 0 0 286 0. 140.5
65.35 66 WP_MOVED 4 497575. 3565498. 0.
65.45 66 DESIRED 0. 0. 0. 0. 761. 0.
65.48 66 NAVIGATION 0 1 0 0 286 0. 140.5
65.66 66 ATTITUDE 1 0 -243
65.66 66 ESTIMATOR 0. 0. 0. 0. 0.
65.66 66 DL_VALUE 33 0.
65.80 66 NAVIGATION 0 1 0 0 286 0. 140.5
65.80 66 WP_MOVED 0 497617. 3565540. 770.
65.80 66 RAD_OF_IR 9 0 0.00211
65.95 66 IR_SENSORS -864 9 1
65.95 66 COMMANDS 0,505,-100,-106
65.95 66 NAVIGATION 0 1 0 0 286 0. 140.5
65.97 66 ATTITUDE 1 0 -243
66.02 66 GYRO_RATES 0 1 -6 -0. 0.008727 0.05236
66.02 66 FBW_STATUS 0 0 112
66.10 66 ESTIMATOR 0. 0. 0. 0. 0.
66.10 66 BAT 0 112 0 0 118 0 0
66.10 66 ACTUATORS 1505,1495,0,1199,1495,1208
66.10 66 DOWNLINK_STATUS 66 18644 1306 0 300. 20.
66.20 66 CALIBRATION 0. 0.02 0.5 0
66.20 66 NAVIGATION 0 1 0 0 286 0. 140.5
66.20 66 WP_MOVED 1 497586.6875 3565500. 770.
66.35 66 SERVO 9600 -602 0
66.35 66 DESIRED 0. 0. 0. 0. 761. 0.
66.35 66 IR_DEBUG 624 611 624 611
66.47 66 NAVIGATION 0 1 0 0 286 0. 140.5
66.52 66 ATTITUDE 1 0 -243
66.52 66 PPRZ_MODE 0 0 3 0 0 17 0
66.65 66 ESTIMATOR 0. 0. 0. 0. 0.
66.65 66 DL_VALUE 34 0.01
66.65 66 NAVIGATION 0 1 0 0 286 0. 140.5
66.82 66 WP_MOVED 2 497622.6875 3565498.5 770.
66.82 66 RAD_OF_IR 9 0 0.00211
66.82 66 IR_SENSORS -864 9 1
66.91 66 COMMANDS 0,507,-102,-106
66.91 66 NAVIGATION 0 1 0 0 286 0. 140.5
66.93 66 ATTITUDE 1 0 -243
67.07 66 GYRO_RATES 0 1 -6 -0. 0.008727 0.05236
67.07 66 FBW_STATUS 0 0 112
67.07 66 ESTIMATOR 0. 0. 0. 0. 0.
67.29 66 NAVIGATION 0 1 0 0 286 0. 140.5
67.29 66 WP_MOVED 3 497546.40625 3565495.5 770.
67.30 66 DESIRED 0. 0. 0. 0. 761. 0.
67.44 66 NAVIGATION 0 1 0 0 286 0. 140.5
67.44 66 ATTITUDE 1 0 -243
67.44 66 ESTIMATOR 0. 0. 0. 0. 0.
67.44 66 DOWNLINK_STATUS 67 19042 1333 0 398. 27.
67.60 66 DL_VALUE 35 1.
67.60 66 NAVIGATION 0 1 0 0 286 0. 140.5
67.60 66 WP_MOVED 4 497575. 3565498. 0.
67.78 66 RAD_OF_IR 9 0 0.00211
67.78 66 IR_SENSORS -864 9 1
67.78 66 COMMANDS 0,511,-100,-106
67.85 66 NAVIGATION 0 1 0 0 286 0. 140.5
67.85 66 ATTITUDE 1 0 -243
67.93 66 GYRO_RATES -1 1 -6 0.008727 0.008727 0.05236
67.93 66 FBW_STATUS 0 0 112
67.93 66 ESTIMATOR 0. 0. 0. 0. 0.
68.05 66 BAT 0 112 0 0 120 0 0
68.05 66 CALIBRATION 0. 0.02 0.5 0
68.05 66 NAVIGATION 0 1 0 0 286 0. 140.5
68.18 66 WP_MOVED 0 497617. 3565540. 770.
68.18 66 SERVO 9600 -427 0
68.27 66 DESIRED 0. 0. 0. 0. 761. 0.
68.27 66 IR_DEBUG 624 611 624 611
68.27 66 NAVIGATION 0 1 0 0 286 0. 140.5
68.27 66 ATTITUDE 1 0 -243
68.30 66 DOWNLINK_STATUS 68 19316 1353 0 274. 20.
68.48 66 ESTIMATOR 0. 0. 0. 0. 0.
68.48 66 DL_VALUE 36 0.44
68.69 66 NAVIGATION 0 1 0 0 286 0. 140.5
68.69 66 WP_MOVED 1 497586.6875 3565500. 770.
68.69 66 RAD_OF_IR 9 0 0.00211
68.69 66 IR_SENSORS -864 9 1
68.78 66 COMMANDS 0,507,-99,-105
68.78 66 NAVIGATION 0 1 0 0 286 0. 140.5
68.78 66 ATTITUDE 1 0 -243
68.94 66 GYRO_RATES -1 1 -6 0.008727 0.008727 0.05236
68.95 66 FBW_STATUS 0 0 112
68.95 66 ESTIMATOR 0. 0. 0. 0. 0.
69.12 66 NAVIGATION 0 1 0 0 286 0. 140.5
69.12 66 WP_MOVED 2 497622.6875 3565498.5 770.
69.29 66 DESIRED 0. 0. 0. 0. 761. 0.
69.29 66 NAVIGATION 0 1 0 0 286 0. 140.5
69.29 66 ATTITUDE 1 0 -243
69.30 66 DOWNLINK_STATUS 69 19565 1370 0 249. 17.
69.47 66 ESTIMATOR 0. 0. 0. 0. 0.
69.47 66 DL_VALUE 37 0.36
69.47 66 NAVIGATION 0 1 0 0 286 0. 140.5
69.64 66 WP_MOVED 3 497546.40625 3565495.5 770.
69.64 66 RAD_OF_IR 9 0 0.00211
69.64 66 IR_SENSORS -864 9 1
69.64 66 COMMANDS 0,503,-104,-103
69.71 66 NAVIGATION 0 1 0 0 286 0. 140.5
69.71 66 ATTITUDE 1 0 -243
69.78 66 GYRO_RATES -1 1 -6 0.008727 0.008727 0.05236
69.78 66 FBW_STATUS 0 0 112
69.78 66 ESTIMATOR 0. 0. 0. 0. 0.
69.89 66 BAT 0 112 0 0 122 1 0
69.89 66 CALIBRATION 0. 0.02 0.5 0
69.89 66 NAVIGATION 0 1 0 0 286 0. 140.5
70.05 66 WP_MOVED 4 497575. 3565498. 0.
70.09 66 SERVO 9600 -602 0
70.14 66 DESIRED 0. 0. 0. 0. 761. 0.
70.14 66 IR_DEBUG 624 611 624 611
70.14 66 NAVIGATION 0 1 0 0 286 0. 140.5
70.34 66 ATTITUDE 1 0 -243
70.35 66 ESTIMATOR 0. 0. 0. 0. 0.
70.35 66 DL_VALUE 38 0.1
70.35 66 DOWNLINK_STATUS 70 19890 1393 0 325. 23.
70.49 66 NAVIGATION 0 1 0 0 286 0. 140.5
70.49 66 WP_MOVED 0 497617. 3565540. 770.
70.49 66 RAD_OF_IR 9 0 0.00211
70.65 66 IR_SENSORS -864 9 1
70.65 66 COMMANDS 0,505,-99,-106
70.65 66 NAVIGATION 0 1 0 0 286 0. 140.5
70.65 66 ATTITUDE 1 0 -243
70.70 66 GYRO_RATES -1 1 -6 0.008727 0.008727 0.05236
70.70 66 FBW_STATUS 0 0 112
70.87 66 ESTIMATOR 0. 0. 0. 0. 0.
70.87 66 ACTUATORS 1504,1496,0,1199,1495,1208
70.87 66 NAVIGATION 0 1 0 0 286 0. 140.5
71.05 66 WP_MOVED 1 497586.6875 3565500. 770.
71.08 66 DESIRED 0. 0. 0. 0. 761. 0.
71.17 66 NAVIGATION 0 1 0 0 286 0. 140.5
71.17 66 ATTITUDE 1 0 -243
71.17 66 PPRZ_MODE 0 0 3 0 0 17 0
71.35 66 ESTIMATOR 0. 0. 0. 0. 0.
71.35 66 DL_VALUE 39 0.
71.35 66 NAVIGATION 0 1 0 0 286 0. 140.5
71.52 66 WP_MOVED 2 497622.6875 3565498.5 770.
71.52 66 RAD_OF_IR 9 0 0.00211
71.52 66 IR_SENSORS -864 9 1
71.52 66 COMMANDS 0,507,-99,-106
71.52 66 DOWNLINK_STATUS 71 20225 1417 0 335. 24.
71.60 66 NAVIGATION 0 1 0 0 286 0. 140.5
71.60 66 ATTITUDE 1 0 -243
71.66 66 GYRO_RATES -1 1 -6 0.008727 0.008727 0.05236
71.66 66 FBW_STATUS 0 0 112
71.66 66 ESTIMATOR 0. 0. 0. 0. 0.
71.77 66 BAT 0 112 0 0 124 1 0
71.77 66 CALIBRATION 0. 0.02 0.5 0
71.77 66 NAVIGATION 0 1 0 0 286 0. 140.5
71.93 66 WP_MOVED 3 497546.40625 3565495.5 770.
71.93 66 SERVO 9600 -602 0
72.01 66 DESIRED 0. 0. 0. 0. 761. 0.
72.01 66 IR_DEBUG 624 611 624 611
72.01 66 NAVIGATION 0 1 0 0 286 0. 140.5
72.22 66 ATTITUDE 1 0 -243
72.22 66 ESTIMATOR 0. 0. 0. 0. 0.
72.22 66 DL_VALUE 40 0.5
72.32 66 NAVIGATION 0 1 0 0 286 0. 140.5
72.32 66 WP_MOVED 4 497575. 3565498. 0.
72.32 66 RAD_OF_IR 9 0 0.00211
72.48 66 NAVIGATION_REF 497575 3565498 12
72.48 66 IR_SENSORS -864 9 1
72.48 66 COMMANDS 0,507,-99,-106
72.48 66 DOWNLINK_STATUS 72 20532 1439 0 307. 22.
72.55 66 NAVIGATION 0 1 0 0 286 0. 140.5
72.55 66 ATTITUDE 1 0 -243
72.55 66 GYRO_RATES -1 1 -6 0.008727 0.008727 0.05236
72.55 66 FBW_STATUS 0 0 112
72.74 66 ESTIMATOR 0. 0. 0. 0. 0.
72.74 66 NAVIGATION 0 1 0 0 286 0. 140.5
72.94 66 WP_MOVED 0 497617. 3565540. 770.
72.94 66 DESIRED 0. 0. 0. 0. 761. 0.
73.11 66 NAVIGATION 0 1 0 0 286 0. 140.5
73.11 66 ATTITUDE 1 0 -243
73.11 66 ESTIMATOR 0. 0. 0. 0. 0.
73.23 66 DL_VALUE 41 1.
73.23 66 NAVIGATION 0 1 0 0 286 0. 140.5
73.23 66 WP_MOVED 1 497586.6875 3565500. 770.
73.41 66 RAD_OF_IR 9 0 0.00211
73.41 66 IR_SENSORS -864 9 1
73.41 66 COMMANDS 0,508,-97,-108
73.50 66 NAVIGATION 0 1 0 0 286 0. 140.5
73.53 66 ATTITUDE 1 0 -243
73.53 66 GYRO_RATES -1 1 -6 0.008727 0.008727 0.05236
73.59 66 FBW_STATUS 0 0 112
73.59 66 ESTIMATOR 0. 0. 0. 0. 0.
73.59 66 BAT 0 112 0 0 126 1 0
73.59 66 DOWNLINK_STATUS 73 20868 1462 0 336. 23.
73.70 66 CALIBRATION 0. 0.02 0.5 0
73.70 66 NAVIGATION 0 1 0 0 286 0. 140.5
73.70 66 WP_MOVED 2 497622.6875 3565498.5 770.
73.82 66 SERVO 9600 -602 0
73.82 66 DESIRED 0. 0. 0. 0. 761. 0.
73.97 66 IR_DEBUG 624 611 624 611
73.97 66 NAVIGATION 0 1 0 0 286 0. 140.5
73.97 66 ATTITUDE 1 0 -243
74.15 66 ESTIMATOR 0. 0. 0. 0. 0.
74.15 66 DL_VALUE 42 0.
74.15 66 NAVIGATION 0 1 0 0 286 0. 140.5
74.32 66 WP_MOVED 3 497546.40625 3565495.5 770.
74.32 66 RAD_OF_IR 9 0 0.00211
74.32 66 IR_SENSORS -864 9 1
74.41 66 COMMANDS 0,508,-99,-106
74.41 66 NAVIGATION 0 1 0 0 286 0. 140.5
74.41 66 ATTITUDE 1 0 -243
74.56 66 GYRO_RATES -1 1 -6 0.008727 0.008727 0.05236
74.60 66 FBW_STATUS 0 0 112
74.60 66 ESTIMATOR 0. 0. 0. 0. 0.
74.60 66 DOWNLINK_STATUS 74 21150 1482 0 282. 20.
74.74 66 NAVIGATION 0 1 0 0 286 0. 140.5
74.74 66 WP_MOVED 4 497575. 3565498. 0.
74.93 66 DESIRED 0. 0. 0. 0. 761. 0.
74.93 66 NAVIGATION 0 1 0 0 286 0. 140.5
74.93 66 ATTITUDE 1 0 -243
75.09 66 ESTIMATOR 0. 0. 0. 0. 0.
75.09 66 DL_VALUE 0 761.
75.09 66 NAVIGATION 0 1 0 0 286 0. 140.5
75.27 66 WP_MOVED 0 497617. 3565540. 770.
75.27 66 RAD_OF_IR 9 0 0.00211
75.27 66 IR_SENSORS -864 9 1
75.27 66 COMMANDS 0,507,-99,-101
75.34 66 NAVIGATION 0 1 0 0 286 0. 140.5
75.34 66 ATTITUDE 1 0 -243
75.41 66 GYRO_RATES -1 0 -6 0.008727 0. 0.05236
75.41 66 FBW_STATUS 0 0 112
75.41 66 ESTIMATOR 0. 0. 0. 0. 0.
75.52 66 BAT 0 112 0 0 127 0 0
75.54 66 ACTUATORS 1505,1495,0,1199,1495,1208
75.54 66 CALIBRATION 0. 0.02 0.5 0
75.66 66 NAVIGATION 0 1 0 0 286 0. 140.5
75.66 66 WP_MOVED 1 497586.6875 3565500. 770.
75.66 66 SERVO 9600 -427 0
75.66 66 DOWNLINK_STATUS 75 21484 1505 0 334. 23.
75.74 66 DESIRED 0. 0. 0. 0. 761. 0.
75.74 66 IR_DEBUG 624 611 624 611
75.87 66 NAVIGATION 0 1 0 0 286 0. 140.5
75.87 66 ATTITUDE 1 0 -243
75.87 66 PPRZ_MODE 0 0 3 0 0 17 0
75.87 66 ESTIMATOR 0. 0. 0. 0. 0.
76.04 66 DL_VALUE 1 1.
76.04 66 NAVIGATION 0 1 0 0 286 0. 140.5
76.04 66 WP_MOVED 2 497622.6875 3565498.5 770.
76.21 66 RAD_OF_IR 9 0 0.00211
76.21 66 IR_SENSORS -863 8 1
76.21 66 COMMANDS 0,508,-99,-105
76.28 66 NAVIGATION 0 1 0 0 286 0. 140.5
76.28 66 ATTITUDE 1 0 -243
76.45 66 GYRO_RATES -1 1 -6 0.008727 0.008727 0.05236
76.45 66 FBW_STATUS 0 0 112
76.45 66 ESTIMATOR 0. 0. 0. 0. 0.
76.68 66 NAVIGATION 0 1 0 0 286 0. 140.5
76.68 66 WP_MOVED 3 497546.40625 3565495.5 770.
76.68 66 DESIRED 0. 0. 0. 0. 761. 0.
76.81 66 NAVIGATION 0 1 0 0 286 0. 140.5
76.81 66 ATTITUDE 1 0 -243
76.81 66 ESTIMATOR 0. 0. 0. 0. 0.
76.81 66 DOWNLINK_STATUS 76 21826 1528 0 342. 23.
76.98 66 DL_VALUE 2 0.
76.98 66 NAVIGATION 0 1 0 0 286 0. 140.5
76.98 66 WP_MOVED 4 497575. 3565498. 0.
77.15 66 RAD_OF_IR 9 0 0.00211
77.15 66 IR_SENSORS -864 9 1
77.15 66 COMMANDS 0,490,-102,-101
77.22 66 NAVIGATION 0 1 0 0 286 0. 140.5
77.22 66 ATTITUDE 1 0 -243
77.29 66 GYRO_RATES -1 1 -6 0.008727 0.008727 0.05236
77.29 66 FBW_STATUS 0 0 112
77.29 66 ESTIMATOR 0. 0. 0. 0. 0.
77.59 66 BAT 0 112 0 0 129 0 0
77.59 66 CALIBRATION 0. 0.02 0.5 0
77.59 66 NAVIGATION 0 1 0 0 286 0. 140.5
77.59 66 WP_MOVED 0 497617. 3565540. 770.
77.59 66 SERVO 9600 -602 0
77.59 66 DESIRED 0. 0. 0. 0. 761. 0.
77.71 66 IR_DEBUG 624 611 624 611
77.71 66 NAVIGATION 0 1 0 0 286 0. 140.5
77.71 66 ATTITUDE 1 0 -243
77.71 66 DOWNLINK_STATUS 77 22100 1548 0 274. 20.
77.86 66 ESTIMATOR 0. 0. 0. 0. 0.
77.86 66 DL_VALUE 3 0.
77.86 66 NAVIGATION 0 1 0 0 286 0. 140.5
78.06 66 WP_MOVED 1 497586.6875 3565500. 770.
78.06 66 RAD_OF_IR 9 0 0.00211
78.06 66 IR_SENSORS -864 9 1
78.14 66 COMMANDS 0,507,-99,-106
78.14 66 NAVIGATION 0 1 0 0 286 0. 140.5
78.14 66 ATTITUDE 1 0 -243
78.31 66 GYRO_RATES -1 1 -6 0.008727 0.008727 0.05236
78.31 66 FBW_STATUS 0 0 112
78.31 66 ESTIMATOR 0. 0. 0. 0. 0.
78.49 66 NAVIGATION 0 1 0 0 286 0. 140.5
78.49 66 WP_MOVED 2 497622.6875 3565498.5 770.
78.67 66 DESIRED 0. 0. 0. 0. 761. 0.
78.67 66 NAVIGATION 0 1 0 0 286 0. 140.5
78.67 66 ATTITUDE 1 0 -243
78.83 66 ESTIMATOR 0. 0. 0. 0. 0.
78.83 66 DL_VALUE 4 0.
78.83 66 NAVIGATION 0 1 0 0 286 0. 140.5
78.83 66 DOWNLINK_STATUS 78 22396 1568 0 296. 20.
79.01 66 WP_MOVED 3 497546.40625 3565495.5 770.
79.01 66 RAD_OF_IR 8 0 0.00211
79.01 66 IR_SENSORS -864 9 1
79.09 66 COMMANDS 0,507,-116,-103
79.09 66 NAVIGATION 0 1 0 0 286 0. 140.5
79.09 66 ATTITUDE 1 0 -243
79.16 66 GYRO_RATES 0 1 -6 -0. 0.008727 0.05236
79.16 66 FBW_STATUS 0 0 112
79.16 66 ESTIMATOR 0. 0. 0. 0. 0.
79.27 66 BAT 0 112 0 0 131 0 0
79.27 66 CALIBRATION 0. 0.02 0.5 0
79.27 66 NAVIGATION 0 1 0 0 286 0. 140.5
79.42 66 WP_MOVED 4 497575. 3565498. 0.
79.42 66 SERVO 9600 -602 0
79.51 66 DESIRED 0. 0. 0. 0. 761. 0.
79.55 66 IR_DEBUG 624 611 624 611
79.55 66 NAVIGATION 0 1 0 0 286 0. 140.5
79.72 66 ATTITUDE 1 0 -243
79.72 66 ESTIMATOR 0. 0. 0. 0. 0.
79.72 66 DL_VALUE 5 0.
79.86 66 NAVIGATION 0 1 0 0 286 0. 140.5
79.86 66 WP_MOVED 0 497617. 3565540. 770.
79.86 66 RAD_OF_IR 9 0 0.00211
79.86 66 DOWNLINK_STATUS 79 22717 1591 0 321. 23.
80.01 66 IR_SENSORS -864 9 1
80.01 66 COMMANDS 0,502,-122,-105
80.02 66 NAVIGATION 0 1 0 0 286 0. 140.5
80.02 66 ATTITUDE 1 0 -243
80.09 66 GYRO_RATES -1 1 -6 0.008727 0.008727 0.05236
80.09 66 FBW_STATUS 0 0 112
80.24 66 ESTIMATOR 0. 0. 0. 0. 0.
80.24 66 ACTUATORS 1506,1494,0,1199,1495,1208
80.26 66 NAVIGATION 0 1 0 0 286 0. 140.5
80.42 66 WP_MOVED 1 497586.6875 3565500. 770.
80.42 66 DESIRED 0. 0. 0. 0. 761. 0.
80.56 66 NAVIGATION 0 1 0 0 286 0. 140.5
80.59 66 ATTITUDE 1 0 -243
80.59 66 PPRZ_MODE 0 0 3 0 0 17 0
80.71 66 ESTIMATOR 0. 0. 0. 0. 0.
80.72 66 DL_VALUE 6 0.
80.72 66 NAVIGATION 0 1 0 0 286 0. 140.5
80.82 66 WP_MOVED 2 497622.6875 3565498.5 770.
80.82 66 RAD_OF_IR 9 0 0.00211
80.82 66 NAVIGATION_REF 497575 3565498 12
80.82 66 IR_SENSORS -864 9 1
80.86 66 DOWNLINK_STATUS 80 23009 1612 0 292. 21.
80.96 66 COMMANDS 0,505,-121,-108
80.96 66 NAVIGATION 0 1 0 0 286 0. 140.5
80.96 66 ATTITUDE 1 0 -243
81.02 66 GYRO_RATES -1 1 -6 0.008727 0.008727 0.05236
81.02 66 FBW_STATUS 0 0 112
81.02 66 ESTIMATOR 0. 0. 0. 0. 0.
81.13 66 BAT 0 112 0 0 133 0 0
81.13 66 CALIBRATION 0. 0.02 0.5 0
81.30 66 NAVIGATION 0 1 0 0 286 0. 140.5
81.30 66 WP_MOVED 3 497546.40625 3565495.5 770.
81.30 66 SERVO 9600 -602 0
81.40 66 DESIRED 0. 0. 0. 0. 761. 0.
81.40 66 IR_DEBUG 624 611 624 611
81.40 66 NAVIGATION 0 1 0 0 286 0. 140.5
81.40 66 ATTITUDE 1 0 -243
81.60 66 ESTIMATOR 0. 0. 0. 0. 0.
81.60 66 DL_VALUE 7 0.
81.81 66 NAVIGATION 0 1 0 0 286 0. 140.5
81.81 66 WP_MOVED 4 497575. 3565498. 0.
81.81 66 RAD_OF_IR 9 0 0.00211
81.81 66 IR_SENSORS -864 9 1
81.89 66 COMMANDS 0,508,-122,-108
81.90 66 NAVIGATION 0 1 0 0 286 0. 140.5
81.90 66 ATTITUDE 1 0 -243
81.90 66 DOWNLINK_STATUS 81 23342 1636 0 333. 24.
82.05 66 GYRO_RATES -1 1 -6 0.008727 0.008727 0.05236
82.05 66 FBW_STATUS 0 0 112
82.05 66 ESTIMATOR 0. 0. 0. 0. 0.
82.23 66 NAVIGATION 0 1 0 0 286 0. 140.5
82.23 66 WP_MOVED 0 497617. 3565540. 770.
83.13 66 DESIRED 0. 0. 0. 0. 761. 0.
83.13 66 NAVIGATION 0 1 0 0 286 0. 140.5
83.13 66 ATTITUDE 1 0 -243
83.14 66 DOWNLINK_STATUS 83 23474 1644 0 132. 8.
84.13 66 DOWNLINK_STATUS 84 23474 1644 0 0. 0.
85.13 66 DOWNLINK_STATUS 85 23474 1644 0 0. 0.
86.13 66 DOWNLINK_STATUS 86 23474 1644 0 0. 0.
87.13 66 DOWNLINK_STATUS 87 23474 1644 0 0. 0.
88.13 66 DOWNLINK_STATUS 88 23474 1644 0 0. 0.
89.13 66 DOWNLINK_STATUS 89 23474 1644 0 0. 0.
90.13 66 DOWNLINK_STATUS 90 23474 1644 0 0. 0.
91.14 66 DOWNLINK_STATUS 91 23474 1644 0 0. 0.
92.14 66 DOWNLINK_STATUS 92 23474 1644 0 0. 0.
93.14 66 DOWNLINK_STATUS 93 23474 1644 0 0. 0.
94.14 66 DOWNLINK_STATUS 94 23474 1644 0 0. 0.
95.14 66 DOWNLINK_STATUS 95 23474 1644 0 0. 0.
96.14 66 DOWNLINK_STATUS 96 23474 1644 0 0. 0.
97.14 66 DOWNLINK_STATUS 97 23474 1644 0 0. 0.
98.14 66 DOWNLINK_STATUS 98 23474 1644 0 0. 0.
99.14 66 DOWNLINK_STATUS 99 23474 1644 0 0. 0.
100.14 66 DOWNLINK_STATUS 100 23474 1644 0 0. 0.
101.14 66 DOWNLINK_STATUS 101 23474 1644 0 0. 0.
102.14 66 DOWNLINK_STATUS 102 23474 1644 0 0. 0.
103.14 66 DOWNLINK_STATUS 103 23474 1644 0 0. 0.
104.14 66 DOWNLINK_STATUS 104 23474 1644 0 0. 0.
105.14 66 DOWNLINK_STATUS 105 23474 1644 0 0. 0.
106.16 66 DOWNLINK_STATUS 106 23474 1644 0 0. 0.
107.15 66 DOWNLINK_STATUS 107 23474 1644 0 0. 0.
108.14 66 DOWNLINK_STATUS 108 23474 1644 0 0. 0.
109.14 66 DOWNLINK_STATUS 109 23474 1644 0 0. 0.
110.15 66 DOWNLINK_STATUS 110 23474 1644 0 0. 0.
111.15 66 DOWNLINK_STATUS 111 23474 1644 0 0. 0.
112.15 66 DOWNLINK_STATUS 112 23474 1644 0 0. 0.
113.15 66 DOWNLINK_STATUS 113 23474 1644 0 0. 0.
114.15 66 DOWNLINK_STATUS 114 23474 1644 0 0. 0.
115.15 66 DOWNLINK_STATUS 115 23474 1644 0 0. 0.
116.15 66 DOWNLINK_STATUS 116 23474 1644 0 0. 0.
117.15 66 DOWNLINK_STATUS 117 23474 1644 0 0. 0.
118.15 66 DOWNLINK_STATUS 118 23474 1644 0 0. 0.
119.15 66 DOWNLINK_STATUS 119 23474 1644 0 0. 0.
