5.75 34 ESTIMATOR 0. 0. 0. 0. 0.
5.78 34 GPS 0 55197951 337606767 0 -386 0 0 172599250 16 0
5.79 34 DOWNLINK_STATUS 2151 675723 42703 0 262. 15.
5.83 34 COMMANDS 173,-9,-28,-2458
5.83 34 NAVIGATION 0 1 0 0 42 0. 0.
5.83 34 ATTITUDE -7 0 -39
5.83 34 DL_VALUE 25 11000.
5.83 34 FBW_STATUS 0 0 124
5.83 34 RAD_OF_IR -46 0 0.00191
5.85 34 GPS 0 55197951 337606767 0 -386 0 0 172599498 16 0
5.85 34 IR_SENSORS -758 -43 1
5.85 34 NAVIGATION 0 1 0 0 42 0. 0.
5.92 34 WP_MOVED 3 552041.875 3376020.5 50.
5.92 34 GYRO_RATES 0 -16 5 -0. -0.139626 0.043633
6.02 34 ESTIMATOR 0. 0. 0. 0. 0.
6.05 34 DOWNLINK_STATUS 3 42 2 0 0. 0.
6.05 34 BAT 173 124 0 0 25 0 0
6.24 34 GYRO_RATES 12 13 0 -0.10472 0.113446 0.
6.45 34 CALIB_CONTRAST 995
6.45 34 SERVO 9600 1205 173
6.45 34 DESIRED -0. -0. 0. 0. 23. 0.
6.45 34 IR_DEBUG 525 575 525 575
6.45 34 GPS 0 55197951 337606767 0 -386 0 0 172599998 16 0
6.45 34 NAVIGATION 0 1 0 0 42 0. 0.
6.45 34 WP_MOVED 4 552016. 3376052. 0.
6.51 34 ESTIMATOR 0. 0. 0. 0. 0.
6.76 34 COMMANDS 172,-4,-28,-2456
6.76 34 NAVIGATION 0 1 0 0 42 0. 0.
6.76 34 GPS 0 55197951 337606767 0 -386 0 0 172600250 16 0
6.76 34 ATTITUDE -4 0 -43
6.76 34 DL_VALUE 26 10000.
6.76 34 FBW_STATUS 0 0 124
6.77 34 DOWNLINK_STATUS 2152 676004 42723 0 281. 20.
6.83 34 RAD_OF_IR -33 0 0.00191
6.83 34 IR_SENSORS -791 -33 1
6.83 34 NAVIGATION 0 1 0 0 42 0. 0.
6.83 34 GPS 0 55197951 337606767 0 -386 0 0 172600498 16 0
6.91 34 WP_MOVED 0 552058. 3376094. 50.
6.91 34 GYRO_RATES -9 4 -7 0.07854 0.034907 -0.061087
6.93 34 ESTIMATOR 0. 0. 0. 0. 0.
7.02 34 NAVIGATION 0 1 0 0 42 0. 0.
7.05 34 DOWNLINK_STATUS 4 170 10 0 128. 8.
7.05 34 ATTITUDE -5 0 -44
7.24 34 GPS 0 55197951 337606767 0 -386 0 0 172600750 16 0
7.26 34 CALIB_CONTRAST 995
7.26 34 DESIRED -0. -0. 0. 0. 23. 0.
7.26 34 NAVIGATION 0 1 0 0 42 0. 0.
7.32 34 GPS 0 55197951 337606767 0 -386 0 0 172600998 16 0
7.33 34 WP_MOVED 1 552016. 3376052. 50.
7.41 34 ESTIMATOR 0. 0. 0. 0. 0.
7.52 34 COMMANDS 173,-9,-26,-2456
7.52 34 NAVIGATION 0 1 0 0 42 0. 0.
7.52 34 ATTITUDE -5 0 -44
7.52 34 DL_VALUE 27 5500.
7.75 34 GPS 0 55197951 337606767 0 -386 0 0 172601250 16 0
7.75 34 FBW_STATUS 0 0 124
7.75 34 RAD_OF_IR -24 0 0.00191
7.75 34 NAVIGATION_REF 552016 3376052 16
7.77 34 DOWNLINK_STATUS 2153 676386 42747 0 382. 24.
7.97 34 IR_SENSORS -786 -18 1
7.97 34 NAVIGATION 0 1 0 0 42 0. 0.
7.97 34 WP_MOVED 2 551981.375 3376075. 50.
7.97 34 GYRO_RATES -29 -23 4 0.253073 -0.200713 0.034907
7.97 34 GPS 0 55197951 337606767 0 -386 0 0 172601498 16 0
8.04 34 ESTIMATOR 0. 0. 0. 0. 0.
8.04 34 BAT 173 124 0 0 27 0 0
8.04 34 NAVIGATION 0 1 0 0 42 0. 0.
8.04 34 ATTITUDE 1 0 -45
8.04 34 CALIBRATION 0. 0.023 0.074 0
8.05 34 DOWNLINK_STATUS 5 170 10 0 0. 0.
8.24 34 GPS 0 55197951 337606767 0 -386 0 0 172601750 16 0
8.24 34 CALIB_CONTRAST 995
8.24 34 SERVO 9600 -4201 172
8.33 34 DESIRED -0. -0. 0. 0. 23. 0.
8.33 34 IR_DEBUG 587 560 587 560
8.33 34 NAVIGATION 0 1 0 0 42 0. 0.
8.33 34 WP_MOVED 3 552041.875 3376020.5 50.
8.45 34 COMMANDS 174,-7,-23,-2458
8.46 34 NAVIGATION 0 1 0 0 42 0. 0.
8.46 34 ATTITUDE 4 0 -36
8.46 34 DL_VALUE 28 0.228
8.51 34 FBW_STATUS 0 0 124
8.54 34 RAD_OF_IR 35 0 0.00191
8.74 34 GPS 0 55197951 337606767 0 -386 0 0 172602250 16 0
8.77 34 DOWNLINK_STATUS 2154 676745 42771 0 359. 24.
8.83 34 IR_SENSORS -729 32 1
8.83 34 NAVIGATION 0 1 0 0 42 0. 0.
8.83 34 WP_MOVED 4 552016. 3376052. 0.
8.83 34 GYRO_RATES -2 -1 1 0.017453 -0.008727 0.008727
8.91 34 NAVIGATION 0 1 0 0 42 0. 0.
8.91 34 ATTITUDE 0 0 -37
9.00 34 CALIB_CONTRAST 995
9.05 34 DOWNLINK_STATUS 6 170 10 0 0. 0.
9.25 34 GPS 0 55197951 337606767 0 -386 0 0 172602750 16 0
9.26 34 DESIRED -0. -0. 0. 0. 23. 0.
9.26 34 NAVIGATION 0 1 0 0 42 0. 0.
9.33 34 WP_MOVED 0 552058. 3376094. 50.
9.33 34 ESTIMATOR 0. 0. 0. 0. 0.
9.33 34 GPS 0 55197951 337606767 0 -386 0 0 172602998 16 0
9.42 34 COMMANDS 174,-9,-26,-2456
9.42 34 NAVIGATION 0 1 0 0 42 0. 0.
9.42 34 ATTITUDE 1 0 -38
9.42 34 DL_VALUE 29 0.462
9.42 34 FBW_STATUS 0 0 124
9.44 34 RAD_OF_IR 14 0 0.00191
9.75 34 ACTUATORS 1499,1500,0,1214,1373
9.79 34 GPS 0 55197951 337606767 0 -386 0 0 172603250 16 0
9.79 34 IR_SENSORS -752 21 1
9.79 34 NAVIGATION 0 1 0 0 42 0. 0.
9.79 34 DOWNLINK_STATUS 2155 677096 42794 0 351. 23.
9.87 34 WP_MOVED 1 552016. 3376052. 50.
9.87 34 GYRO_RATES -15 11 1 0.1309 0.095993 0.008727
9.87 34 ESTIMATOR 0. 0. 0. 0. 0.
9.87 34 BAT 174 124 0 0 29 0 0
9.87 34 GPS 0 55197951 337606767 0 -386 0 0 172603498 16 0
9.87 34 NAVIGATION 0 1 0 0 42 0. 0.
9.93 34 ATTITUDE 5 0 -36
9.93 34 CALIBRATION 0. 0.023 0.074 0
9.93 34 CALIB_CONTRAST 995
9.93 34 SERVO 9600 -1890 173
10.05 34 DOWNLINK_STATUS 7 170 10 0 0. 0.
10.27 34 DESIRED -0. -0. 0. 0. 23. 0.
10.31 34 IR_DEBUG 557 511 557 511
10.31 34 GPS 0 55197951 337606767 0 -386 0 0 172603750 16 0
10.31 34 NAVIGATION 0 1 0 0 42 0. 0.
10.31 34 WP_MOVED 2 551981.375 3376075. 50.
10.31 34 PPRZ_MODE 0 0 3 0 0 17 0
10.31 34 ESTIMATOR 0. 0. 0. 0. 0.
10.43 34 COMMANDS 173,-14,-28,-2456
10.43 34 NAVIGATION 0 1 0 0 42 0. 0.
10.43 34 GPS 0 55197951 337606767 0 -386 0 0 172603998 16 0
10.43 34 ATTITUDE 4 0 -38
10.43 34 DL_VALUE 30 0.
10.44 34 FBW_STATUS 0 0 124
10.44 34 RAD_OF_IR 30 0 0.00191
10.52 34 IR_SENSORS -769 28 1
10.56 34 NAVIGATION 0 1 0 0 42 0. 0.
10.74 34 GPS 0 55197951 337606767 0 -386 0 0 172604250 16 0
10.77 34 DOWNLINK_STATUS 2156 677513 42821 0 417. 27.
10.86 34 WP_MOVED 3 552041.875 3376020.5 50.
10.86 34 GYRO_RATES 11 4 -12 -0.095993 0.034907 -0.10472
10.86 34 ESTIMATOR 0. 0. 0. 0. 0.
10.86 34 NAVIGATION 0 1 0 0 42 0. 0.
10.86 34 ATTITUDE 3 0 -38
10.86 34 GPS 0 55197951 337606767 0 -386 0 0 172604498 16 0
10.86 34 CALIB_CONTRAST 995
11.02 34 DESIRED -0. -0. 0. 0. 23. 0.
11.02 34 NAVIGATION 0 1 0 0 42 0. 0.
11.05 34 DOWNLINK_STATUS 8 170 10 0 0. 0.
11.24 34 GPS 0 55197951 -13270673 51 -2129255936 65326 80 572203520 8 0
11.33 34 ESTIMATOR 0. 0. 0. 0. 0.
11.33 34 COMMANDS 173,-9,-25,-2455
11.33 34 NAVIGATION 0 1 0 0 42 0. 0.
11.33 34 ATTITUDE 6 0 -38
11.33 34 DL_VALUE 31 0.023
11.41 34 FBW_STATUS 0 0 124
11.41 34 RAD_OF_IR 35 0 0.00191
11.51 34 NAVIGATION 0 1 0 0 42 0. 0.
11.77 34 WP_MOVED 0 552058. 3376094. 50.
11.77 34 GYRO_RATES -1 0 11 0.008727 0. 0.095993
11.77 34 GPS 0 55197951 337606767 0 -386 0 0 172605250 16 0
11.77 34 ESTIMATOR 0. 0. 0. 0. 0.
11.77 34 BAT 173 124 0 0 31 0 0
11.77 34 DOWNLINK_STATUS 2157 677787 42836 0 274. 15.
11.82 34 NAVIGATION 0 1 0 0 42 0. 0.
11.82 34 ATTITUDE 2 0 -41
11.82 34 CALIBRATION 0. 0.023 0.074 0
11.83 34 CALIB_CONTRAST 995
11.83 34 SERVO 9600 -1288 173
11.83 34 GPS 0 55197951 337606767 0 -386 0 0 172605498 16 0
11.95 34 DESIRED -0. -0. 0. 0. 23. 0.
11.95 34 IR_DEBUG 561 536 561 536
11.95 34 NAVIGATION 0 1 0 0 42 0. 0.
12.01 34 WP_MOVED 1 552016. 3376052. 50.
12.06 34 DOWNLINK_STATUS 9 278 18 0 108. 8.
12.24 34 GPS 0 55197951 337606767 0 -386 0 0 172605750 16 0
12.33 34 ESTIMATOR 0. 0. 0. 0. 0.
12.33 34 COMMANDS 173,-9,-25,-2456
12.33 34 NAVIGATION 0 1 0 0 42 0. 0.
12.33 34 ATTITUDE 2 0 -41
12.34 34 DL_VALUE 32 0.001
12.34 34 FBW_STATUS 0 0 124
12.51 34 WP_MOVED 2 551981.375 3376075. 50.
12.51 34 GYRO_RATES -2 13 8 0.017453 0.113446 0.069813
12.76 34 GPS 0 55197951 337606767 0 -386 0 0 172606250 16 0
12.76 34 ESTIMATOR 0. 0. 0. 0. 0.
12.76 34 NAVIGATION 0 1 0 0 42 0. 0.
12.76 34 ATTITUDE 2 0 -40
12.77 34 DOWNLINK_STATUS 2158 678144 42859 0 357. 23.
12.80 34 CALIB_CONTRAST 995
12.85 34 GPS 0 55197951 337606767 0 -386 0 0 172606498 16 0
12.85 34 DESIRED -0. -0. 0. 0. 23. 0.
13.04 34 NAVIGATION 0 1 0 0 42 0. 0.
13.04 34 WP_MOVED 3 552041.875 3376020.5 50.
13.05 34 DOWNLINK_STATUS 10 278 18 0 0. 0.
13.25 34 ESTIMATOR 0. 0. 0. 0. 0.
13.25 34 GPS 0 55197951 337606767 0 -386 0 0 172606750 16 0
13.33 34 COMMANDS 171,-9,-29,-2458
13.33 34 NAVIGATION 0 1 0 0 42 0. 0.
13.33 34 ATTITUDE 5 0 -39
13.33 34 DL_VALUE 33 0.01
13.33 34 FBW_STATUS 0 0 124
13.33 34 RAD_OF_IR 32 0 0.00191
13.35 34 GPS 0 55197951 337606767 0 -386 0 0 172606998 16 0
13.35 34 IR_SENSORS -781 31 1
13.35 34 NAVIGATION 0 1 0 0 42 0. 0.
13.52 34 WP_MOVED 4 552016. 3376052. 0.
13.53 34 GYRO_RATES -10 -12 17 0.087266 -0.10472 0.148353
13.77 34 ESTIMATOR 0. 0. 0. 0. 0.
13.77 34 BAT 172 124 0 0 33 0 0
13.77 34 GPS 0 55197951 337606767 0 -386 0 0 172607250 16 0
13.77 34 NAVIGATION 0 1 0 0 42 0. 0.
13.77 34 ATTITUDE 4 0 -44
13.77 34 CALIBRATION 0. 0.023 0.074 0
13.78 34 DOWNLINK_STATUS 2159 678534 42883 0 390. 24.
13.95 34 CALIB_CONTRAST 995
13.95 34 SERVO 9600 1140 170
13.95 34 DESIRED -0. -0. 0. 0. 23. 0.
13.95 34 IR_DEBUG 591 554 591 554
13.95 34 NAVIGATION 0 1 0 0 42 0. 0.
13.95 34 GPS 0 55197951 337606767 0 -386 0 0 172607498 16 0
13.95 34 WP_MOVED 0 552058. 3376094. 50.
14.02 34 ESTIMATOR 0. 0. 0. 0. 0.
14.05 34 DOWNLINK_STATUS 11 278 18 0 0. 0.
14.24 34 COMMANDS 171,-7,-29,-2460
14.24 34 NAVIGATION 0 1 0 0 42 0. 0.
14.24 34 GPS 0 55197951 337606767 0 -386 0 0 172607750 16 0
14.24 34 ATTITUDE 3 0 -45
14.24 34 DL_VALUE 34 1.
14.24 34 FBW_STATUS 0 0 124
14.24 34 RAD_OF_IR 20 0 0.00191
14.41 34 WP_MOVED 1 552016. 3376052. 50.
14.41 34 GYRO_RATES -4 -7 -25 0.034907 -0.061087 -0.218166
14.43 34 ESTIMATOR 0. 0. 0. 0. 0.
14.67 34 NAVIGATION 0 1 0 0 42 0. 0.
14.69 34 ATTITUDE 2 0 -46
14.69 34 GPS 0 55197951 337606767 0 -386 0 0 172608250 16 0
14.69 34 CALIB_CONTRAST 995
14.72 34 DESIRED -0. -0. 0. 0. 23. 0.
14.74 34 NAVIGATION 0 1 0 0 42 0. 0.
14.78 34 DOWNLINK_STATUS 2160 678908 42907 0 374. 24.
14.85 34 WP_MOVED 2 551981.375 3376075. 50.
14.85 34 PPRZ_MODE 0 0 3 0 0 17 0
14.85 34 GPS 0 55197951 337606767 0 -386 0 0 172608498 16 0
14.91 34 ESTIMATOR 0. 0. 0. 0. 0.
15.05 34 DOWNLINK_STATUS 12 278 18 0 0. 0.
15.16 34 COMMANDS 170,-6,-31,-2453
15.17 34 NAVIGATION 0 1 0 0 42 0. 0.
15.17 34 ATTITUDE 2 0 -47
15.17 34 DL_VALUE 35 0.
15.22 34 GPS 0 55197951 337606767 0 -386 0 0 172608750 16 0
15.22 34 FBW_STATUS 0 0 124
15.22 34 RAD_OF_IR 13 0 0.00191
15.23 34 IR_SENSORS -798 16 1
15.23 34 NAVIGATION 0 1 0 0 42 0. 0.
15.34 34 WP_MOVED 3 552041.875 3376020.5 50.
15.34 34 GYRO_RATES -3 0 9 0.02618 0. 0.07854
15.34 34 GPS 0 55197951 337606767 0 -386 0 0 172608998 16 0
15.74 34 GPS 0 55197951 337606767 0 -386 0 0 172609250 16 0
15.74 34 CALIB_CONTRAST 995
15.74 34 SERVO 9600 -2218 173
15.74 34 DESIRED -0. -0. 0. 0. 23. 0.
15.74 34 IR_DEBUG 581 558 581 558
15.75 34 NAVIGATION 0 1 0 0 42 0. 0.
15.78 34 DOWNLINK_STATUS 2161 678981 42911 0 73. 4.
15.80 34 ESTIMATOR 0. 0. 0. 0. 0.
15.80 34 BAT 172 124 0 0 35 0 0
15.80 34 NAVIGATION 0 1 0 0 42 0. 0.
15.83 34 ESTIMATOR 0. 0. 0. 0. 0.
15.95 34 COMMANDS 176,-12,-25,-2460
15.95 34 NAVIGATION 0 1 0 0 42 0. 0.
15.95 34 ATTITUDE 2 0 -44
15.95 34 DL_VALUE 36 0.
16.05 34 DOWNLINK_STATUS 13 545 36 0 267. 18.
16.22 34 GPS 0 55197951 337606767 0 -386 0 0 172609750 16 0
16.26 34 IR_SENSORS -795 16 1
16.26 34 NAVIGATION 0 1 0 0 42 0. 0.
16.26 34 WP_MOVED 0 552058. 3376094. 50.
16.26 34 GYRO_RATES -5 8 -8 0.043633 0.069813 -0.069813
16.34 34 GPS 0 55197951 337606767 0 -386 0 0 172609998 16 0
16.34 34 ESTIMATOR 0. 0. 0. 0. 0.
16.41 34 NAVIGATION 0 1 0 0 42 0. 0.
16.41 34 ATTITUDE 2 0 -45
16.62 34 CALIB_CONTRAST 995
16.70 34 WP_MOVED 1 552016. 3376052. 50.
16.78 34 DOWNLINK_STATUS 2162 679283 42930 0 302. 19.
16.82 34 ESTIMATOR 0. 0. 0. 0. 0.
16.82 34 GPS 0 55197951 337606767 0 -386 0 0 172610498 16 0
16.94 34 COMMANDS 174,-4,-18,-2455
16.94 34 NAVIGATION 0 1 0 0 42 0. 0.
16.94 34 ATTITUDE 2 0 -44
16.94 34 DL_VALUE 37 0.1
16.94 34 FBW_STATUS 0 0 124
16.94 34 RAD_OF_IR 14 0 0.00191
17.05 34 DOWNLINK_STATUS 14 545 36 0 0. 0.
17.25 34 GPS 0 55197951 337606767 0 -386 0 0 172610750 16 0
17.29 34 IR_SENSORS -796 11 1
17.29 34 NAVIGATION 0 1 0 0 42 0. 0.
17.33 34 WP_MOVED 2 551981.375 3376075. 50.
17.33 34 GYRO_RATES 3 -1 13 -0.02618 -0.008727 0.113446
17.33 34 ESTIMATOR 0. 0. 0. 0. 0.
17.33 34 BAT 175 124 0 0 37 0 0
17.43 34 GPS 0 55197951 337606767 0 -386 0 0 172610998 16 0
17.43 34 NAVIGATION 0 1 0 0 42 0. 0.
17.43 34 ATTITUDE 1 0 -45
17.43 34 CALIBRATION 0. 0.023 0.074 0
17.43 34 CALIB_CONTRAST 995
17.44 34 SERVO 9600 -2039 174
17.77 34 DESIRED -0. -0. 0. 0. 23. 0.
17.80 34 IR_DEBUG 581 566 581 566
17.80 34 GPS 0 55197951 337606767 0 -386 0 0 172611250 16 0
17.80 34 NAVIGATION 0 1 0 0 42 0. 0.
17.80 34 WP_MOVED 3 552041.875 3376020.5 50.
17.80 34 DOWNLINK_STATUS 2163 679691 42956 0 408. 26.
17.81 34 ESTIMATOR 0. 0. 0. 0. 0.
17.93 34 COMMANDS 175,-6,-20,-2456
17.93 34 NAVIGATION 0 1 0 0 42 0. 0.
17.93 34 ATTITUDE 1 0 -46
17.93 34 DL_VALUE 38 0.
17.93 34 GPS 0 55197951 337606767 0 -386 0 0 172611498 16 0
17.94 34 FBW_STATUS 0 0 124
17.94 34 RAD_OF_IR 12 0 0.00191
18.05 34 DOWNLINK_STATUS 15 545 36 0 0. 0.
18.25 34 IR_SENSORS -804 13 1
18.29 34 NAVIGATION 0 1 0 0 42 0. 0.
18.29 34 GPS 0 55197951 337606767 0 -386 0 0 172611750 16 0
18.35 34 WP_MOVED 4 552016. 3376052. 0.
18.35 34 GYRO_RATES -4 -7 -7 0.034907 -0.061087 -0.061087
18.35 34 ESTIMATOR 0. 0. 0. 0. 0.
18.35 34 NAVIGATION 0 1 0 0 42 0. 0.
18.35 34 ATTITUDE 1 0 -46
18.35 34 GPS 0 55197951 337606767 0 -386 0 0 172611998 16 0
18.74 34 GPS 0 55197951 337606767 0 -386 0 0 172612250 16 0
18.74 34 WP_MOVED 0 552058. 3376094. 50.
18.78 34 DOWNLINK_STATUS 2164 680004 42975 0 313. 19.
18.83 34 ESTIMATOR 0. 0. 0. 0. 0.
18.83 34 COMMANDS 176,-4,-15,-2461
18.83 34 NAVIGATION 0 1 0 0 42 0. 0.
18.83 34 ATTITUDE 1 0 -46
18.83 34 DL_VALUE 39 0.074
19.02 34 FBW_STATUS 0 0 124
19.02 34 RAD_OF_IR 11 0 0.00191
19.05 34 DOWNLINK_STATUS 16 545 36 0 0. 0.
19.27 34 WP_MOVED 1 552016. 3376052. 50.
19.27 34 GYRO_RATES -4 -1 2 0.034907 -0.008727 0.017453
19.27 34 GPS 0 55197951 337606767 0 -386 0 0 172612750 16 0
19.27 34 ESTIMATOR 0. 0. 0. 0. 0.
19.27 34 BAT 169 124 0 0 39 0 0
19.33 34 NAVIGATION 0 1 0 0 42 0. 0.
19.33 34 ATTITUDE 1 0 -47
19.33 34 CALIBRATION 0. 0.023 0.074 0
19.43 34 GPS 0 55197951 337606767 0 -386 0 0 172612998 16 0
19.43 34 CALIB_CONTRAST 995
19.53 34 WP_MOVED 2 551981.375 3376075. 50.
19.56 34 PPRZ_MODE 0 0 3 0 0 17 0
19.73 34 GPS 0 55197951 337606767 0 -386 0 0 172613250 16 0
19.78 34 DOWNLINK_STATUS 2165 680306 42995 0 302. 20.
19.83 34 ESTIMATOR 0. 0. 0. 0. 0.
19.83 34 COMMANDS 173,-7,-28,-2458
19.83 34 NAVIGATION 0 1 0 0 42 0. 0.
19.83 34 ATTITUDE 1 0 -46
19.83 34 DL_VALUE 40 1.
19.83 34 FBW_STATUS 0 0 124
19.93 34 NAVIGATION 0 1 0 0 42 0. 0.
20.02 34 WP_MOVED 3 552041.875 3376020.5 50.
20.02 34 GYRO_RATES -5 0 1 0.043633 0. 0.008727
20.06 34 DOWNLINK_STATUS 17 545 36 0 0. 0.
20.26 34 GPS 0 55197951 337606767 0 -386 0 0 172613750 16 0
20.26 34 ESTIMATOR 0. 0. 0. 0. 0.
20.26 34 NAVIGATION 0 1 0 0 42 0. 0.
20.26 34 ATTITUDE 0 0 -46
20.30 34 CALIB_CONTRAST 995
20.45 34 GPS 0 55197951 337606767 0 -386 0 0 172613998 16 0
20.45 34 DESIRED -0. -0. 0. 0. 23. 0.
20.45 34 NAVIGATION 0 1 0 0 42 0. 0.
20.45 34 WP_MOVED 4 552016. 3376052. 0.
20.75 34 ESTIMATOR 0. 0. 0. 0. 0.
20.79 34 GPS 0 55197951 337606767 0 -386 0 0 172614250 16 0
20.79 34 DOWNLINK_STATUS 2166 680644 43015 0 338. 20.
20.83 34 COMMANDS 175,-12,-28,-2456
20.83 34 NAVIGATION 0 1 0 0 42 0. 0.
20.83 34 ATTITUDE 0 0 -46
20.83 34 DL_VALUE 41 0.
20.83 34 FBW_STATUS 0 0 124
20.83 34 RAD_OF_IR 5 0 0.00191
20.85 34 IR_SENSORS -805 5 1
20.85 34 GPS 0 55197951 337606767 0 -386 0 0 172614498 16 0
20.86 34 NAVIGATION 0 1 0 0 42 0. 0.
20.92 34 WP_MOVED 0 552058. 3376094. 50.
20.92 34 GYRO_RATES -4 1 1 0.034907 0.008727 0.008727
21.01 34 ESTIMATOR 0. 0. 0. 0. 0.
21.01 34 BAT 175 124 0 0 41 0 0
21.06 34 DOWNLINK_STATUS 18 545 36 0 0. 0.
21.26 34 GPS 0 55197951 337606767 0 -386 0 0 172614750 16 0
21.26 34 NAVIGATION 0 1 0 0 42 0. 0.
21.26 34 ATTITUDE 0 0 -46
21.26 34 CALIBRATION 0. 0.023 0.074 0
21.45 34 CALIB_CONTRAST 995
21.45 34 SERVO 9600 -1299 173
21.45 34 DESIRED -0. -0. 0. 0. 23. 0.
21.45 34 IR_DEBUG 579 571 579 571
21.45 34 GPS 0 55197951 337606767 0 -386 0 0 172614998 16 0
21.45 34 NAVIGATION 0 1 0 0 42 0. 0.
21.45 34 WP_MOVED 1 552016. 3376052. 50.
21.53 34 ESTIMATOR 0. 0. 0. 0. 0.
21.76 34 COMMANDS 173,-10,-29,-2455
21.76 34 NAVIGATION 0 1 0 0 42 0. 0.
21.76 34 GPS 0 55197951 337606767 0 -386 0 0 172615250 16 0
21.76 34 ATTITUDE 0 0 -46
21.76 34 DL_VALUE 0 23.
21.76 34 FBW_STATUS 0 0 124
21.78 34 DOWNLINK_STATUS 2167 681101 43046 0 457. 31.
21.95 34 RAD_OF_IR 5 0 0.00191
21.95 34 IR_SENSORS -806 5 1
21.95 34 NAVIGATION 0 1 0 0 42 0. 0.
21.95 34 GPS 0 55197951 337606767 0 -386 0 0 172615498 16 0
21.95 34 WP_MOVED 2 551981.375 3376075. 50.
21.95 34 GYRO_RATES -5 0 1 0.043633 0. 0.008727
22.06 34 DOWNLINK_STATUS 19 545 36 0 0. 0.
22.23 34 GPS 0 55197951 337606767 0 -386 0 0 172615750 16 0
22.27 34 CALIB_CONTRAST 995
22.27 34 DESIRED -0. -0. 0. 0. 23. 0.
22.27 34 NAVIGATION 0 1 0 0 42 0. 0.
22.34 34 GPS 0 55197951 337606767 0 -386 0 0 172615998 16 0
22.35 34 WP_MOVED 3 552041.875 3376020.5 50.
22.41 34 ESTIMATOR 0. 0. 0. 0. 0.
22.52 34 COMMANDS 173,-7,-25,-2456
22.52 34 NAVIGATION 0 1 0 0 42 0. 0.
22.52 34 ATTITUDE 1 0 -46
22.52 34 DL_VALUE 1 1.
22.74 34 GPS 0 55197951 337606767 0 -386 0 0 172616250 16 0
22.74 34 FBW_STATUS 0 0 124
22.75 34 RAD_OF_IR 6 0 0.00191
22.75 34 IR_SENSORS -804 6 1
22.75 34 NAVIGATION 0 1 0 0 42 0. 0.
22.78 34 DOWNLINK_STATUS 2168 681450 43068 0 349. 22.
22.84 34 WP_MOVED 4 552016. 3376052. 0.
22.84 34 GYRO_RATES -4 1 2 0.034907 0.008727 0.017453
22.84 34 GPS 0 55197951 337606767 0 -386 0 0 172616498 16 0
22.91 34 ESTIMATOR 0. 0. 0. 0. 0.
22.91 34 BAT 170 124 0 0 43 0 0
23.04 34 NAVIGATION 0 1 0 0 42 0. 0.
23.04 34 ATTITUDE 1 0 -46
23.04 34 CALIBRATION 0. 0.023 0.074 0
23.06 34 DOWNLINK_STATUS 20 545 36 0 0. 0.
23.24 34 GPS 0 55197951 337606767 0 -386 0 0 172616750 16 0
23.24 34 CALIB_CONTRAST 995
23.24 34 SERVO 9600 -1360 176
23.33 34 DESIRED -0. -0. 0. 0. 23. 0.
23.33 34 IR_DEBUG 580 570 580 570
23.33 34 NAVIGATION 0 1 0 0 42 0. 0.
23.33 34 WP_MOVED 0 552058. 3376094. 50.
23.35 34 GPS 0 55197951 337606767 0 -386 0 0 172616998 16 0
23.35 34 ESTIMATOR 0. 0. 0. 0. 0.
23.45 34 COMMANDS 172,-6,-25,-2448
23.45 34 NAVIGATION 0 1 0 0 42 0. 0.
23.45 34 ATTITUDE 1 0 -46
23.45 34 DL_VALUE 2 0.
23.52 34 FBW_STATUS 0 0 124
23.55 34 RAD_OF_IR 7 0 0.00191
23.74 34 GPS 0 55197951 337606767 0 -386 0 0 172617250 16 0
23.78 34 DOWNLINK_STATUS 2169 681832 43092 0 382. 24.
23.83 34 ACTUATORS 1499,1501,0,1214,1372
23.83 34 IR_SENSORS -805 8 1
23.83 34 NAVIGATION 0 1 0 0 42 0. 0.
23.83 34 WP_MOVED 1 552016. 3376052. 50.
23.83 34 GYRO_RATES -4 1 1 0.034907 0.008727 0.008727
23.91 34 GPS 0 55197951 337606767 0 -386 0 0 172617498 16 0
24.01 34 CALIB_CONTRAST 995
24.06 34 DOWNLINK_STATUS 21 545 36 0 0. 0.
24.23 34 GPS 0 55197951 337606767 0 -386 0 0 172617750 16 0
24.33 34 DESIRED -0. -0. 0. 0. 23. 0.
24.33 34 NAVIGATION 0 1 0 0 42 0. 0.
24.33 34 WP_MOVED 2 551981.375 3376075. 50.
24.33 34 PPRZ_MODE 0 0 3 0 0 1 0
24.44 34 ESTIMATOR 0. 0. 0. 0. 0.
24.44 34 GPS 0 55197951 337606767 0 -386 0 0 172617998 16 0
24.44 34 COMMANDS 173,-9,-26,-2458
24.44 34 NAVIGATION 0 1 0 0 42 0. 0.
24.44 34 ATTITUDE 1 0 -46
24.44 34 DL_VALUE 3 0.
24.75 34 IR_SENSORS -805 8 1
24.79 34 GPS 0 55197951 337606767 0 -386 0 0 172618250 16 0
24.79 34 NAVIGATION 0 1 0 0 42 0. 0.
24.79 34 DOWNLINK_STATUS 2170 682178 43113 0 346. 21.
24.83 34 WP_MOVED 3 552041.875 3376020.5 50.
24.83 34 GYRO_RATES -4 1 1 0.034907 0.008727 0.008727
24.83 34 ESTIMATOR 0. 0. 0. 0. 0.
24.83 34 BAT 169 124 0 0 45 0 0
24.95 34 GPS 0 55197951 337606767 0 -386 0 0 172618498 16 0
24.95 34 NAVIGATION 0 1 0 0 42 0. 0.
24.95 34 ATTITUDE 1 0 -46
24.95 34 CALIBRATION 0. 0.023 0.074 0
24.95 34 CALIB_CONTRAST 995
24.95 34 SERVO 9600 -1669 174
25.06 34 DOWNLINK_STATUS 22 545 36 0 0. 0.
25.27 34 DESIRED -0. -0. 0. 0. 23. 0.
25.30 34 IR_DEBUG 580 569 580 569
25.30 34 GPS 0 55197951 337606767 0 -386 0 0 172618750 16 0
25.30 34 NAVIGATION 0 1 0 0 42 0. 0.
25.30 34 WP_MOVED 4 552016. 3376052. 0.
25.31 34 ESTIMATOR 0. 0. 0. 0. 0.
25.43 34 COMMANDS 173,-12,-29,-2455
25.43 34 NAVIGATION 0 1 0 0 42 0. 0.
25.43 34 GPS 0 55197951 337606767 0 -386 0 0 172618998 16 0
25.44 34 ATTITUDE 1 0 -46
25.44 34 DL_VALUE 4 0.
25.73 34 GPS 0 55197951 337606767 0 -386 0 0 172619250 16 0
25.78 34 DOWNLINK_STATUS 2171 682545 43135 0 367. 22.
25.85 34 CALIB_CONTRAST 995
26.06 34 DOWNLINK_STATUS 23 549 37 0 4. 1.
26.24 34 WP_MOVED 0 552058. 3376094. 50.
26.24 34 NAVIGATION 0 1 0 0 42 0. 0.
26.33 34 ESTIMATOR 0. 0. 0. 0. 0.
26.33 34 COMMANDS 171,-10,-29,-2456
26.33 34 NAVIGATION 0 1 0 0 42 0. 0.
26.33 34 ATTITUDE 1 0 -46
26.33 34 DL_VALUE 5 0.
26.34 34 GPS 0 55197951 337606767 0 -386 0 0 172619998 16 0
26.34 34 FBW_STATUS 0 0 124
26.34 34 RAD_OF_IR 9 0 0.00191
26.41 34 IR_SENSORS -806 9 1
26.50 34 NAVIGATION 0 1 0 0 42 0. 0.
26.77 34 WP_MOVED 2 551981.375 3376075. 50.
26.77 34 GYRO_RATES -2 1 2 0.017453 0.008727 0.017453
26.77 34 GPS 0 55197951 337606767 0 -386 0 0 172620250 16 0
26.77 34 ESTIMATOR 0. 0. 0. 0. 0.
26.77 34 BAT 176 124 0 0 47 0 0
26.78 34 DOWNLINK_STATUS 2172 682810 43152 0 265. 17.
26.82 34 NAVIGATION 0 1 0 0 42 0. 0.
26.82 34 ATTITUDE 1 0 -46
26.82 34 CALIBRATION 0. 0.023 0.074 0
26.83 34 CALIB_CONTRAST 995
26.83 34 SERVO 9600 -2413 173
26.83 34 GPS 0 55197951 337606767 0 -386 0 0 172620498 16 0
