37.36 44 ESTIMATOR 65.699997 0.91 0.91 0.91 65.699997
37.37 44 COMMANDS 186,83,39,-1205
37.37 44 NAVIGATION 0 2 55 31 28 0. 4324.
37.37 44 ATTITUDE 15 0 -17
37.37 44 DL_VALUE 18 14800.
37.37 44 FBW_STATUS 0 0 119
37.37 44 GPS 3 55815747 339506975 936 6534 41 135 234227498 16 0
37.44 44 RAD_OF_IR 78 -106 0.00164
37.44 44 IR_SENSORS -803 71 1
37.44 44 NAVIGATION 0 2 55 31 28 0. 4322.4
37.61 44 WP_MOVED 23 558137.1875 3395065.75 119.
37.61 44 GYRO_RATES -141 -149 -222 1.230457 -1.30027 -1.937315
37.71 44 GPS 3 55815735 339506977 939 6504 22 142 234227750 16 0
37.72 44 SVINFO 8 9 12 4 29 2 41
37.72 44 ESTIMATOR 65.040001 1.42 1.42 1.42 65.040001
37.72 44 NAVIGATION 0 2 55 31 28 0. 4309.8
37.72 44 ATTITUDE 17 0 -23
37.72 44 DOWNLINK_STATUS 37 1587 100 0 445. 29.
37.72 44 GPS 3 55815719 339506969 951 6473 58 129 234227998 16 0
37.79 44 DESIRED 0. -0.01 0. 0. 109. 0.
37.80 44 NAVIGATION 0 2 55 31 28 0. 4286.4
38.00 44 WP_MOVED 24 558102. 3395038. 0.
38.12 44 ESTIMATOR 64.730003 1.29 1.29 1.29 64.730003
38.13 44 GPS 3 55815712 339506977 941 6423 56 145 234228250 16 0
38.13 44 COMMANDS 182,-10,-17,-1184
38.13 44 NAVIGATION 0 2 55 31 28 0. 4283.5
38.13 44 ATTITUDE 17 0 -34
38.13 44 DL_VALUE 19 4800.
38.13 44 FBW_STATUS 0 0 119
38.13 44 RAD_OF_IR 84 -28 0.00164
38.20 44 GPS 3 55815708 339506981 948 6393 44 143 234228498 16 0
38.20 44 IR_SENSORS -918 82 1
38.46 44 NAVIGATION 0 2 55 31 28 0. 4281.4
38.46 44 WP_MOVED 0 558144. 3395080. 119.
38.46 44 GYRO_RATES -261 -262 -346 2.277655 -2.286381 -3.01942
38.56 44 ESTIMATOR 63.93 1.43 1.43 1.43 63.93
38.56 44 BAT 190 119 43 0 61 42 0
38.56 44 GPS 3 55815699 339506986 940 6370 87 137 234228750 16 0
38.56 44 NAVIGATION 0 2 54 31 28 0. 4274.3
38.56 44 ATTITUDE 19 0 -37
38.56 44 CALIBRATION 0. 0.023 0.05 0
38.62 44 SERVO 9600 -9600 165
38.71 44 DOWNLINK_STATUS 38 1981 124 0 394. 24.
38.89 44 GPS 3 55815705 339506999 934 6361 89 187 234228998 16 0
38.89 44 DESIRED 0. -0.01 0. 0. 109. 0.
38.89 44 IR_DEBUG 729 593 729 593
38.89 44 NAVIGATION 0 2 55 31 28 0. 4289.5
38.94 44 WP_MOVED 1 558099.875 3395038. 119.
38.94 44 ESTIMATOR 63.610001 1.87 1.87 1.87 63.610001
39.06 44 GPS 3 55815720 339507024 931 6361 81 225 234229250 16 0
39.06 44 COMMANDS 172,-9,-67,-1171
39.06 44 NAVIGATION 0 2 55 32 28 0. 4322.7
39.06 44 ATTITUDE 12 0 -32
39.06 44 DL_VALUE 20 17900.
39.06 44 FBW_STATUS 0 0 119
39.06 44 RAD_OF_IR 81 -8 0.00164
39.25 44 IR_SENSORS -920 95 1
39.36 44 GPS 3 55815728 339507051 925 6357 77 198 234229498 16 0
39.40 44 NAVIGATION 0 2 55 32 28 0. 4349.4
39.40 44 WP_MOVED 2 557977.5 3395042. 119.
39.40 44 GYRO_RATES -169 -177 -255 1.474803 -1.544616 -2.225295
39.40 44 ESTIMATOR 63.57 1.98 1.98 1.98 63.57
39.48 44 NAVIGATION 0 2 55 32 28 0. 4349.4
39.48 44 GPS 3 55815730 339507074 926 6345 21 208 234229750 16 0
39.49 44 SVINFO 0 22 13 7 36 71 95
39.49 44 ATTITUDE 19 0 -28
39.71 44 DOWNLINK_STATUS 39 2358 147 0 377. 23.
39.89 44 DESIRED 0. -0.01 0. 0. 109. 0.
39.90 44 NAVIGATION 0 2 55 32 28 0. 4366.7
39.90 44 GPS 3 55815710 339507097 914 6310 38 172 234229998 16 0
39.90 44 SVINFO 1 14 13 7 35 57 355
39.90 44 WP_MOVED 3 557795.5 3395102.75 119.
40.13 44 ESTIMATOR 63.099998 1.72 1.72 1.72 63.099998
40.13 44 COMMANDS 165,-80,-80,-1174
40.13 44 NAVIGATION 0 2 55 32 28 0. 4358.9
40.13 44 ATTITUDE 19 0 -32
40.13 44 DL_VALUE 21 17250.
40.13 44 GPS 3 55815702 339507105 928 6286 49 150 234230250 16 0
40.13 44 SVINFO 2 31 13 6 36 50 218
40.13 44 FBW_STATUS 0 0 119
40.30 44 RAD_OF_IR 106 39 0.00164
40.31 44 NAVIGATION_REF 558102 3395038 16
40.31 44 IR_SENSORS -896 97 1
40.31 44 NAVIGATION 0 2 55 33 28 0. 4355.
40.31 44 GPS 3 55815695 339507096 927 6275 62 158 234230498 16 0
40.31 44 SVINFO 3 18 13 7 35 38 119
40.31 44 WP_MOVED 4 557843.625 3395191.25 119.
40.31 44 ESTIMATOR 62.75 1.58 1.58 1.58 62.75
40.31 44 BAT 212 119 45 0 63 44 0
40.51 44 NAVIGATION 0 2 54 32 28 0. 4341.1
40.51 44 ATTITUDE 14 0 -30
40.51 44 CALIBRATION 0. 0.023 0.05 0
40.59 44 GPS 3 55815677 339507096 908 6261 52 148 234230750 16 0
40.59 44 SVINFO 4 30 13 7 35 34 104
40.59 44 SERVO 9600 -9600 180
40.61 44 DESIRED 0. -0.01 0. 0. 109. 0.
40.61 44 IR_DEBUG 689 581 689 581
40.61 44 NAVIGATION 0 2 54 32 28 0. 4320.6
40.70 44 WP_MOVED 5 557925.3125 3395354. 229.
40.70 44 GPS 3 55815663 339507077 921 6265 32 202 234230998 16 0
40.70 44 SVINFO 5 12 13 6 36 22 67
40.71 44 DOWNLINK_STATUS 40 2889 181 0 531. 34.
40.90 44 ESTIMATOR 62.650002 2.02 2.02 2.02 62.650002
41.01 44 COMMANDS 170,-3,-64,-1194
41.01 44 NAVIGATION 0 2 54 32 28 0. 4292.2
41.01 44 ATTITUDE 11 0 -29
41.01 44 DL_VALUE 22 14000.
41.01 44 FBW_STATUS 0 0 119
41.01 44 GPS 3 55815649 339507061 913 6260 47 158 234231250 16 0
41.01 44 RAD_OF_IR 58 -22 0.00164
41.01 44 ACTUATORS 1504,1497,0,1214,1438
41.01 44 IR_SENSORS -877 52 1
41.07 44 NAVIGATION 0 2 54 32 28 0. 4265.8
41.32 44 WP_MOVED 6 557648.8125 3395447. 229.
41.32 44 GYRO_RATES -171 -177 -257 1.492257 -1.544616 -2.242748
41.32 44 GPS 3 55815649 339507046 899 6272 67 202 234231498 16 0
41.39 44 ESTIMATOR 62.720001 2.02 2.02 2.02 62.720001
41.39 44 NAVIGATION 0 2 54 32 28 0. 4256.1
41.39 44 ATTITUDE 8 0 -27
41.48 44 GPS 3 55815639 339507031 903 6248 49 179 234231750 16 0
41.71 44 DOWNLINK_STATUS 41 3173 199 0 284. 18.
41.84 44 DESIRED 0. -0.01 0. 0. 109. 0.
41.84 44 NAVIGATION 0 2 54 32 28 0. 4235.1
41.84 44 WP_MOVED 7 557713.875 3395562.25 229.
41.84 44 PPRZ_MODE 0 1 2 0 0 1 0
41.84 44 GPS 3 55815640 339507016 896 6228 49 174 234231998 16 0
41.85 44 COMMANDS 183,-17,-22,-1188
41.85 44 NAVIGATION 0 2 54 32 28 0. 4226.5
41.85 44 ATTITUDE 6 0 -25
41.86 44 DL_VALUE 23 0.
41.88 44 FBW_STATUS 0 0 119
41.88 44 RAD_OF_IR 14 -20 0.00164
42.11 44 GPS 3 55815630 339507007 877 6195 52 157 234232250 16 0
42.20 44 IR_SENSORS -840 9 1
42.20 44 NAVIGATION 0 2 54 32 28 0. 4209.4
42.20 44 WP_MOVED 8 558003.1875 3395761.75 229.
42.20 44 GYRO_RATES -166 -179 -256 1.448623 -1.56207 -2.234021
42.22 44 ESTIMATOR 61.950001 1.57 1.57 1.57 61.950001
42.22 44 BAT 170 119 47 0 65 46 0
42.22 44 GPS 3 55815616 339506997 874 6157 19 139 234232498 16 0
42.29 44 NAVIGATION 0 2 54 31 28 0. 4187.3
42.29 44 ATTITUDE 4 0 -23
42.29 44 CALIBRATION 0. 0.023 0.05 0
42.50 44 SERVO 9600 -9600 173
42.61 44 GPS 3 55815609 339506998 865 6112 18 131 234232750 16 0
42.62 44 DESIRED 0. -0.01 0. 0. 109. 0.
42.62 44 IR_DEBUG 614 587 614 587
42.62 44 NAVIGATION 0 2 54 31 28 0. 4180.
42.62 44 WP_MOVED 9 558151.375 3395696.75 229.
42.62 44 ESTIMATOR 61.119999 1.31 1.31 1.31 61.119999
42.71 44 DOWNLINK_STATUS 42 3645 228 0 472. 29.
42.93 44 GPS 3 55815615 339506992 868 6099 54 149 234232998 16 0
42.93 44 COMMANDS 169,-10,-72,-1181
42.93 44 NAVIGATION 0 2 54 31 28 0. 4182.9
42.93 44 ATTITUDE 7 0 -24
42.93 44 DL_VALUE 24 12300.
43.05 44 FBW_STATUS 0 0 119
43.05 44 RAD_OF_IR 37 8 0.00164
43.05 44 IR_SENSORS -851 45 1
43.05 44 GPS 3 55815612 339506989 852 6076 38 164 234233250 16 0
43.05 44 NAVIGATION 0 2 54 31 28 0. 4177.7
43.05 44 WP_MOVED 10 558094.1875 3395598. 229.
43.05 44 GYRO_RATES -147 -161 -232 1.282817 -1.40499 -2.024582
43.08 44 ESTIMATOR 60.759998 1.64 1.64 1.64 60.759998
43.34 44 NAVIGATION 0 2 54 31 28 0. 4177.7
43.34 44 GPS 3 55815595 339506988 833 6040 2 125 234233498 16 0
43.34 44 ATTITUDE 10 0 -28
43.54 44 DESIRED 0. -0.01 0. 0. 109. 0.
43.54 44 NAVIGATION 0 2 53 31 28 0. 4157.9
43.54 44 GPS 3 55815590 339506987 874 6028 39 139 234233750 16 0
43.54 44 SVINFO 0 22 13 7 36 71 95
43.54 44 WP_MOVED 11 558150.3125 3395567. 119.
43.71 44 DOWNLINK_STATUS 43 3990 249 0 345. 21.
43.72 44 ESTIMATOR 60.279999 1.39 1.39 1.39 60.279999
43.84 44 COMMANDS 175,-70,-72,-1183
43.84 44 NAVIGATION 0 2 53 31 28 0. 4151.7
43.84 44 ATTITUDE 10 0 -30
43.84 44 DL_VALUE 25 10600.
43.84 44 GPS 3 55815587 339506982 894 6023 52 141 234233998 16 0
43.84 44 SVINFO 1 14 13 7 36 57 355
43.84 44 FBW_STATUS 0 0 119
43.84 44 RAD_OF_IR 53 57 0.00164
43.84 44 IR_SENSORS -881 51 1
44.20 44 NAVIGATION 0 2 53 31 28 0. 4145.2
44.20 44 GPS 3 55815595 339506988 785 6040 100 192 234234250 16 0
44.20 44 SVINFO 2 31 13 6 35 50 218
44.20 44 WP_MOVED 12 557820.5 3395444. 180.
44.20 44 GYRO_RATES -178 -180 -265 1.553343 -1.570796 -2.312561
44.20 44 ESTIMATOR 60.400002 1.92 1.92 1.92 60.400002
44.26 44 NAVIGATION 0 2 53 31 28 0. 4157.9
44.26 44 ATTITUDE 9 0 -26
44.26 44 CALIBRATION 0. 0.023 0.05 0
44.26 44 GPS 3 55815592 339506978 812 6053 58 182 234234498 16 0
44.26 44 SVINFO 3 18 13 7 36 38 119
44.27 44 SERVO 9600 -9600 166
44.37 44 DESIRED 0. -0.01 0. 0. 109. 0.
44.39 44 IR_DEBUG 652 580 652 580
44.39 44 NAVIGATION 0 2 53 31 28 0. 4148.2
44.58 44 WP_MOVED 13 558004.8125 3395690. 140.
44.58 44 GPS 3 55815609 339506976 825 6081 74 215 234234750 16 0
44.58 44 SVINFO 4 30 13 7 35 34 104
44.67 44 ESTIMATOR 60.810001 2.15 2.15 2.15 60.810001
44.67 44 COMMANDS 176,-32,-81,-1206
44.67 44 NAVIGATION 0 2 54 31 28 0. 4166.
44.67 44 ATTITUDE 9 0 -26
44.67 44 DL_VALUE 26 11950.
44.71 44 DOWNLINK_STATUS 44 4486 282 0 496. 33.
44.75 44 FBW_STATUS 0 0 119
44.75 44 GPS 3 55815620 339506980 846 6090 70 223 234234998 16 0
44.75 44 SVINFO 5 12 13 7 36 22 67
44.75 44 RAD_OF_IR 45 60 0.00164
44.75 44 IR_SENSORS -863 47 1
44.96 44 NAVIGATION 0 2 54 31 28 0. 4180.9
45.07 44 WP_MOVED 14 558084.8125 3395110.25 119.
45.07 44 GYRO_RATES -151 -160 -238 1.317724 -1.396263 -2.076942
45.07 44 GPS 3 55815622 339506980 866 6092 92 234 234235250 16 0
45.07 44 ESTIMATOR 60.919998 2.34 2.34 2.34 60.919998
45.07 44 NAVIGATION 0 2 54 31 28 0. 4183.2
45.07 44 ATTITUDE 10 0 -27
45.36 44 GPS 3 55815619 339506985 894 6057 59 164 234235498 16 0
45.45 44 DESIRED 0. -0.01 0. 0. 109. 0.
45.45 44 NAVIGATION 0 2 54 31 28 0. 4183.
45.45 44 WP_MOVED 15 557962.375 3395214. 119.
45.47 44 GPS 3 55815625 339506993 890 6045 51 145 234235750 16 0
45.47 44 ESTIMATOR 60.450001 1.45 1.45 1.45 60.450001
45.55 44 COMMANDS 104,-17,-159,-1126
45.55 44 NAVIGATION 0 2 54 31 28 0. 4194.8
45.55 44 ATTITUDE 10 0 -26
45.55 44 DL_VALUE 27 8800.
45.71 44 DOWNLINK_STATUS 45 4853 304 0 367. 22.
45.75 44 FBW_STATUS 0 0 119
45.87 44 RAD_OF_IR 55 -11 0.00164
45.90 44 GPS 3 55815631 339506998 897 6054 61 164 234235998 16 0
45.90 44 ACTUATORS 1500,1494,0,1214,1438
45.90 44 IR_SENSORS -861 55 1
45.90 44 NAVIGATION 0 2 54 31 28 0. 4204.8
45.90 44 WP_MOVED 16 558256.875 3395029.25 119.
45.90 44 GYRO_RATES -173 -183 -253 1.50971 -1.596976 -2.207841
45.96 44 ESTIMATOR 60.540001 1.64 1.64 1.64 60.540001
45.96 44 BAT 169 119 51 0 69 50 1
45.97 44 GPS 3 55815628 339506999 921 6062 49 169 234236250 16 0
46.17 44 NAVIGATION 0 2 54 31 28 0. 4202.1
46.17 44 ATTITUDE 11 0 -26
46.17 44 CALIBRATION 0. 0.023 0.05 0
46.27 44 SERVO 9600 -9600 170
46.29 44 GPS 3 55815625 339507007 915 6062 49 190 234236498 16 0
46.29 44 DESIRED 0. -0.01 0. 0. 109. 0.
46.29 44 IR_DEBUG 659 571 659 571
46.29 44 NAVIGATION 0 2 54 32 28 0. 4203.8
46.34 44 WP_MOVED 17 558256.875 3395638. 119.
46.38 44 PPRZ_MODE 0 1 2 0 0 1 0
46.38 44 ESTIMATOR 60.619999 1.9 1.9 1.9 60.619999
46.63 44 GPS 3 55815639 339507022 911 6057 86 179 234236750 16 0
46.63 44 COMMANDS 111,-57,-85,-1061
46.63 44 NAVIGATION 0 2 54 32 28 0. 4229.2
46.63 44 ATTITUDE 11 0 -26
46.63 44 DL_VALUE 28 0.228
46.68 44 FBW_STATUS 0 0 119
46.68 44 RAD_OF_IR 64 -11 0.00164
46.71 44 IR_SENSORS -858 65 1
46.71 44 GPS 3 55815653 339507036 902 6074 78 240 234236998 16 0
46.71 44 NAVIGATION 0 2 54 32 28 0. 4254.1
46.71 44 DOWNLINK_STATUS 46 5347 336 0 494. 32.
46.79 44 WP_MOVED 18 558256.875 3395538. 119.
46.80 44 GYRO_RATES -179 -186 -265 1.56207 -1.623156 -2.312561
47.00 44 ESTIMATOR 60.740002 2.4 2.4 2.4 60.740002
47.04 44 NAVIGATION 0 2 54 32 28 0. 4254.1
47.04 44 GPS 3 55815645 339507032 921 6056 62 197 234237250 16 0
47.04 44 ATTITUDE 12 0 -26
47.18 44 DESIRED 0. -0.01 0. 0. 109. 0.
47.22 44 NAVIGATION 0 2 54 32 28 0. 4242.5
47.22 44 GPS 3 55815632 339507026 944 6030 57 161 234237498 16 0
47.22 44 WP_MOVED 19 558256.875 3395438. 119.
47.43 44 ESTIMATOR 60.299999 1.61 1.61 1.61 60.299999
47.54 44 COMMANDS 172,7,-39,-1151
47.54 44 NAVIGATION 0 2 54 32 28 0. 4223.9
47.54 44 ATTITUDE 12 0 -27
47.54 44 DL_VALUE 29 0.42
47.54 44 GPS 3 55815616 339507033 937 6003 45 167 234237750 16 0
47.55 44 SVINFO 0 22 13 7 35 71 95
47.55 44 FBW_STATUS 0 0 119
47.55 44 RAD_OF_IR 69 -19 0.00164
47.61 44 IR_SENSORS -870 67 1
47.61 44 NAVIGATION 0 2 54 32 28 0. 4210.4
47.71 44 DOWNLINK_STATUS 47 5687 357 0 340. 21.
47.89 44 GPS 3 55815610 339507036 962 5994 60 170 234237998 16 0
47.89 44 SVINFO 1 14 13 7 35 57 355
47.89 44 WP_MOVED 20 558256.875 3395338. 119.
47.89 44 GYRO_RATES -167 -180 -256 1.45735 -1.570796 -2.234021
47.95 44 ESTIMATOR 59.939999 1.7 1.7 1.7 59.939999
47.95 44 BAT 176 119 53 0 71 52 1
47.95 44 NAVIGATION 0 2 54 32 28 0. 4205.6
47.96 44 ATTITUDE 12 0 -27
47.96 44 CALIBRATION 0. 0.023 0.05 0
47.97 44 GPS 3 55815607 339507037 977 5971 65 130 234238250 16 0
47.97 44 SVINFO 2 31 13 7 36 50 218
47.97 44 SERVO 9600 -9600 131
48.29 44 DESIRED 0. -0.01 0. 0. 109. 0.
48.29 44 IR_DEBUG 668 573 668 573
48.29 44 NAVIGATION 0 2 54 32 28 0. 4202.9
48.29 44 WP_MOVED 21 558256.875 3395238. 119.
48.38 44 GPS 3 55815605 339507036 996 5965 40 144 234238498 16 0
48.41 44 SVINFO 3 18 13 7 36 38 119
48.41 44 ESTIMATOR 59.650002 1.44 1.44 1.44 59.650002
48.41 44 COMMANDS 170,-154,-56,-1166
48.41 44 NAVIGATION 0 2 54 32 28 0. 4200.
48.41 44 ATTITUDE 12 0 -27
48.41 44 DL_VALUE 30 0.
48.49 44 FBW_STATUS 0 0 119
48.49 44 GPS 3 55815606 339507052 985 5938 24 141 234238750 16 0
48.49 44 SVINFO 4 30 13 7 35 34 104
48.49 44 RAD_OF_IR 69 -31 0.00164
48.49 44 NAVIGATION_REF 558102 3395038 16
48.68 44 IR_SENSORS -868 69 1
48.68 44 NAVIGATION 0 2 54 32 28 0. 4211.5
48.71 44 DOWNLINK_STATUS 48 6142 387 0 455. 30.
48.78 44 WP_MOVED 22 558256.875 3395138. 119.
48.78 44 GYRO_RATES -154 -161 -240 1.343904 -1.40499 -2.094395
48.78 44 GPS 3 55815617 339507062 977 5937 35 162 234238998 16 0
48.78 44 SVINFO 5 12 13 7 35 22 67
48.78 44 ESTIMATOR 59.369999 1.62 1.62 1.62 59.369999
48.87 44 NAVIGATION 0 2 54 32 28 0. 4230.4
48.90 44 ATTITUDE 13 0 -27
49.08 44 GPS 3 55815627 339507072 960 5939 63 186 234239250 16 0
49.17 44 DESIRED 0. -0.01 0. 0. 109. 0.
49.17 44 NAVIGATION 0 2 54 32 28 0. 4248.2
49.17 44 WP_MOVED 23 558137.1875 3395065.75 119.
49.51 44 GPS 3 55815642 339507075 962 5935 64 176 234239498 16 0
49.51 44 ESTIMATOR 59.349998 1.76 1.76 1.76 59.349998
49.51 44 COMMANDS 170,-10,-67,-1181
49.51 44 NAVIGATION 0 2 54 32 28 0. 4267.1
49.51 44 ATTITUDE 13 0 -27
49.51 44 DL_VALUE 31 0.023
49.57 44 FBW_STATUS 0 0 119
49.57 44 RAD_OF_IR 73 5 0.00164
49.57 44 GPS 3 55815653 339507076 968 5932 81 165 234239750 16 0
49.57 44 IR_SENSORS -866 74 1
49.57 44 NAVIGATION 0 2 54 32 28 0. 4280.2
49.58 44 WP_MOVED 24 558102. 3395038. 0.
49.58 44 GYRO_RATES -172 -175 -260 1.500983 -1.527163 -2.268928
49.71 44 DOWNLINK_STATUS 49 6544 411 0 402. 24.
49.90 44 ESTIMATOR 59.32 1.65 1.65 1.65 59.32
49.90 44 BAT 172 119 55 0 73 54 1
49.90 44 GPS 3 55815659 339507083 964 5941 43 206 234239998 16 0
49.96 44 NAVIGATION 0 2 54 32 28 0. 4291.6
49.96 44 ATTITUDE 13 0 -27
49.96 44 CALIBRATION 0. 0.023 0.05 0
49.96 44 SERVO 9600 -9600 171
50.08 44 GPS 3 55815657 339507091 958 5947 63 209 234240250 16 0
50.08 44 DESIRED 0. -0.01 0. 0. 109. 0.
50.08 44 IR_DEBUG 673 562 673 562
50.08 44 NAVIGATION 0 2 54 32 28 0. 4294.6
50.08 44 WP_MOVED 0 558144. 3395080. 119.
50.29 44 ESTIMATOR 59.470001 2.09 2.09 2.09 59.470001
50.29 44 GPS 3 55815645 339507087 952 5950 85 189 234240498 16 0
50.29 44 COMMANDS 157,-45,-129,-1184
50.29 44 NAVIGATION 0 2 54 32 28 0. 4278.3
50.29 44 ATTITUDE 14 0 -27
50.29 44 DL_VALUE 32 0.001
50.34 44 FBW_STATUS 0 0 119
50.38 44 RAD_OF_IR 80 -17 0.00164
50.43 44 ACTUATORS 1499,1498,0,1214,1438
50.43 44 IR_SENSORS -869 81 1
50.46 44 GPS 3 55815637 339507078 955 5970 96 213 234240750 16 0
50.46 44 NAVIGATION 0 2 54 32 28 0. 4263.4
50.54 44 WP_MOVED 1 558099.875 3395038. 119.
50.54 44 GYRO_RATES -175 -181 -254 1.527163 -1.579523 -2.216568
50.66 44 ESTIMATOR 59.700001 2.13 2.13 2.13 59.700001
50.71 44 DOWNLINK_STATUS 50 6983 438 0 439. 27.
50.75 44 NAVIGATION 0 2 54 32 28 0. 4263.4
50.75 44 GPS 3 55815621 339507065 973 5967 63 186 234240998 16 0
50.75 44 ATTITUDE 14 0 -27
50.87 44 DESIRED 0. -0.01 0. 0. 109. 0.
50.99 44 NAVIGATION 0 2 54 32 28 0. 4236.8
50.99 44 GPS 3 55815620 339507066 958 5972 90 170 234241250 16 0
50.99 44 WP_MOVED 2 557977.5 3395042. 119.
50.99 44 PPRZ_MODE 0 1 2 0 0 1 0
51.10 44 ESTIMATOR 59.720001 1.7 1.7 1.7 59.720001
51.22 44 COMMANDS 236,-31,-88,-1335
51.22 44 NAVIGATION 0 2 54 32 28 0. 4236.4
51.22 44 ATTITUDE 14 0 -26
51.22 44 DL_VALUE 33 0.01
51.22 44 GPS 3 55815623 339507072 959 5958 67 171 234241498 16 0
51.22 44 FBW_STATUS 0 0 119
51.23 44 RAD_OF_IR 77 2 0.00164
51.33 44 IR_SENSORS -858 79 1
51.53 44 NAVIGATION 0 2 54 32 28 0. 4243.7
51.53 44 GPS 3 55815628 339507082 936 5945 75 186 234241750 16 0
51.53 44 SVINFO 0 22 13 7 35 70 96
51.53 44 WP_MOVED 3 557795.5 3395102.75 119.
51.53 44 GYRO_RATES -186 -182 -267 1.623156 -1.58825 -2.330014
51.70 44 ESTIMATOR 59.450001 1.86 1.86 1.86 59.450001
51.70 44 BAT 176 119 57 0 75 56 1
51.70 44 NAVIGATION 0 2 54 32 28 0. 4255.9
51.70 44 ATTITUDE 14 0 -26
51.70 44 CALIBRATION 0. 0.023 0.05 0
51.71 44 DOWNLINK_STATUS 51 7414 465 0 431. 27.
51.72 44 GPS 3 55815620 339507075 927 5930 76 149 234241998 16 0
51.72 44 SVINFO 1 14 13 7 36 57 355
51.72 44 SERVO 9600 -9600 175
52.04 44 DESIRED 0. -0.01 0. 0. 109. 0.
52.04 44 IR_DEBUG 678 554 678 554
52.04 44 NAVIGATION 0 2 54 32 28 0. 4242.3
52.04 44 WP_MOVED 4 557843.625 3395191.25 119.
52.11 44 GPS 3 55815611 339507060 923 5926 64 162 234242250 16 0
52.11 44 SVINFO 2 31 13 7 36 50 218
52.11 44 ESTIMATOR 59.259998 1.62 1.62 1.62 59.259998
52.12 44 COMMANDS 175,129,-55,-1183
52.12 44 NAVIGATION 0 2 54 32 28 0. 4222.3
52.12 44 ATTITUDE 15 0 -27
52.12 44 DL_VALUE 34 1.
52.22 44 FBW_STATUS 0 0 119
52.22 44 GPS 3 55815600 339507040 942 5903 82 134 234242498 16 0
52.22 44 SVINFO 3 18 13 7 37 38 120
52.22 44 RAD_OF_IR 91 54 0.00164
52.43 44 IR_SENSORS -868 89 1
52.43 44 NAVIGATION 0 2 54 32 28 0. 4197.
52.54 44 WP_MOVED 5 557925.3125 3395354. 229.
52.54 44 GYRO_RATES -147 -153 -231 1.282817 -1.335177 -2.015855
52.54 44 GPS 3 55815589 339507021 947 5884 47 155 234242750 16 0
52.54 44 SVINFO 4 30 13 7 35 34 104
52.54 44 ESTIMATOR 58.84 1.55 1.55 1.55 58.84
52.71 44 DOWNLINK_STATUS 52 7803 490 0 389. 25.
52.87 44 NAVIGATION 0 2 53 32 28 0. 4172.4
52.87 44 ATTITUDE 16 0 -27
52.87 44 GPS 3 55815579 339507003 958 5865 89 176 234242998 16 0
52.87 44 SVINFO 5 12 13 7 36 22 67
52.93 44 DESIRED 0. -0.01 0. 0. 109. 0.
52.93 44 NAVIGATION 0 2 53 32 28 0. 4149.6
52.93 44 WP_MOVED 6 557648.8125 3395447. 229.
53.02 44 GPS 3 55815569 339506986 962 5851 87 191 234243250 16 0
53.02 44 ESTIMATOR 58.509998 1.91 1.91 1.91 58.509998
53.05 44 COMMANDS 182,77,38,-1198
53.05 44 NAVIGATION 0 2 53 31 28 0. 4127.6
53.05 44 ATTITUDE 18 0 -29
53.05 44 DL_VALUE 35 0.
53.23 44 FBW_STATUS 0 0 119
53.23 44 RAD_OF_IR 109 11 0.00164
53.25 44 GPS 3 55815551 339506974 968 5820 97 144 234243498 16 0
53.25 44 IR_SENSORS -871 115 1
53.25 44 NAVIGATION 0 2 53 31 28 0. 4099.9
53.33 44 WP_MOVED 7 557713.875 3395562.25 229.
53.33 44 GYRO_RATES -169 -176 -255 1.474803 -1.53589 -2.225295
53.65 44 ESTIMATOR 58.200001 1.44 1.44 1.44 58.200001
53.65 44 BAT 167 119 59 0 77 58 1
53.65 44 GPS 3 55815538 339506972 958 5789 71 116 234243750 16 0
53.71 44 DOWNLINK_STATUS 53 8184 513 0 381. 23.
53.76 44 NAVIGATION 0 2 53 31 28 0. 4084.2
53.76 44 ATTITUDE 21 0 -25
53.76 44 CALIBRATION 0. 0.023 0.05 0
53.76 44 SERVO 9600 -9600 161
53.76 44 GPS 3 55815532 339506971 955 5782 69 157 234243998 16 0
53.76 44 DESIRED 0. -0.01 0. 0. 109. 0.
53.76 44 IR_DEBUG 709 515 709 515
53.83 44 WP_MOVED 8 558003.1875 3395761.75 229.
54.14 44 ESTIMATOR 57.82 1.57 1.57 1.57 57.82
54.14 44 GPS 3 55815523 339506970 957 5766 51 112 234244250 16 0
54.14 44 COMMANDS 172,193,96,-1174
54.14 44 NAVIGATION 0 2 53 31 28 0. 4066.3
54.14 44 ATTITUDE 21 0 -25
54.14 44 DL_VALUE 36 0.
54.22 44 FBW_STATUS 0 0 119
54.22 44 RAD_OF_IR 145 5 0.00164
54.22 44 IR_SENSORS -858 142 1
54.22 44 GPS 3 55815512 339506966 972 5744 49 125 234244498 16 0
54.22 44 NAVIGATION 0 2 53 31 28 0. 4051.6
54.29 44 WP_MOVED 9 558151.375 3395696.75 229.
54.29 44 GYRO_RATES -178 -184 -264 1.553343 -1.605703 -2.303835
54.50 44 ESTIMATOR 57.439999 1.25 1.25 1.25 57.439999
54.54 44 NAVIGATION 0 2 53 31 28 0. 4051.6
54.54 44 GPS 3 55815498 339506959 974 5727 26 123 234244750 16 0
54.54 44 ATTITUDE 21 0 -23
54.68 44 DESIRED 0. -0.01 0. 0. 109. 0.
54.71 44 DOWNLINK_STATUS 54 8608 539 0 424. 26.
54.72 44 NAVIGATION 0 2 52 31 28 0. 4031.7
54.72 44 GPS 3 55815489 339506962 938 5739 47 172 234244998 16 0
54.72 44 WP_MOVED 10 558094.1875 3395598. 229.
54.93 44 ESTIMATOR 57.389999 1.72 1.72 1.72 57.389999
55.03 44 COMMANDS 131,17,-132,-1179
55.03 44 NAVIGATION 0 2 52 31 28 0. 4023.7
55.03 44 ATTITUDE 21 0 -22
55.03 44 DL_VALUE 37 0.1
55.03 44 GPS 3 55815484 339506962 931 5755 53 211 234245250 16 0
55.07 44 FBW_STATUS 0 0 119
55.07 44 RAD_OF_IR 129 -19 0.00164
55.12 44 ACTUATORS 1504,1498,0,1214,1438
55.12 44 IR_SENSORS -842 127 1
55.12 44 NAVIGATION 0 2 52 31 28 0. 4018.2
55.38 44 GPS 3 55815477 339506960 955 5760 69 183 234245498 16 0
55.38 44 WP_MOVED 11 558150.3125 3395567. 119.
55.38 44 GYRO_RATES -169 -180 -261 1.474803 -1.570796 -2.277655
55.48 44 ESTIMATOR 57.599998 1.83 1.83 1.83 57.599998
55.48 44 BAT 171 119 61 0 79 60 1
55.48 44 NAVIGATION 0 2 52 31 28 0. 4009.3
55.48 44 ATTITUDE 22 0 -27
55.48 44 CALIBRATION 0. 0.023 0.05 0
55.48 44 GPS 3 55815464 339506965 943 5744 75 204 234245750 16 0
55.48 44 SVINFO 0 22 13 7 35 70 96
55.48 44 SERVO 9600 -9600 171
55.71 44 DOWNLINK_STATUS 55 8999 564 0 391. 25.
55.76 44 DESIRED 0. -0.01 0. 0. 109. 0.
55.76 44 IR_DEBUG 719 548 719 548
55.76 44 NAVIGATION 0 2 52 31 28 0. 3998.2
55.86 44 WP_MOVED 12 557820.5 3395444. 180.
55.86 44 PPRZ_MODE 0 1 2 0 0 1 0
55.86 44 GPS 3 55815453 339506961 942 5750 45 222 234245998 16 0
55.86 44 SVINFO 1 14 13 7 35 57 355
55.86 44 ESTIMATOR 57.5 2.22 2.22 2.22 57.5
55.86 44 COMMANDS 164,-49,-81,-1183
55.86 44 NAVIGATION 0 2 52 31 28 0. 3983.6
55.86 44 ATTITUDE 18 0 -32
55.86 44 DL_VALUE 38 0.
55.97 44 FBW_STATUS 0 0 119
55.97 44 GPS 3 55815453 339506959 946 5766 56 211 234246250 16 0
55.97 44 SVINFO 2 31 13 7 36 51 218
55.97 44 RAD_OF_IR 111 11 0.00164
56.26 44 IR_SENSORS -910 109 1
56.26 44 NAVIGATION 0 2 52 31 28 0. 3982.4
56.26 44 WP_MOVED 13 558004.8125 3395690. 140.
56.26 44 GYRO_RATES -173 -173 -257 1.50971 -1.50971 -2.242748
56.26 44 GPS 3 55815452 339506957 965 5739 47 158 234246498 16 0
56.26 44 SVINFO 3 18 13 7 36 38 120
56.33 44 NAVIGATION 0 2 52 31 28 0. 3980.
56.33 44 ATTITUDE 17 0 -35
56.56 44 GPS 3 55815465 339506952 962 5740 65 197 234246750 16 0
56.56 44 SVINFO 4 30 13 7 37 34 104
56.65 44 DESIRED 0. -0.01 0. 0. 109. 0.
56.65 44 NAVIGATION 0 2 52 31 28 0. 3991.1
56.65 44 WP_MOVED 14 558084.8125 3395110.25 119.
56.71 44 DOWNLINK_STATUS 56 9452 593 0 453. 29.
57.00 44 GPS 3 55815482 339506957 969 5768 53 244 234246998 16 0
57.00 44 SVINFO 5 12 13 7 33 22 67
57.00 44 ESTIMATOR 57.68 2.44 2.44 2.44 57.68
57.00 44 COMMANDS 169,-23,-66,-1186
57.00 44 NAVIGATION 0 2 52 31 28 0. 4012.9
57.00 44 ATTITUDE 17 0 -37
57.00 44 DL_VALUE 39 0.05
57.00 44 FBW_STATUS 0 0 119
57.18 44 RAD_OF_IR 103 20 0.00164
57.18 44 NAVIGATION_REF 558102 3395038 16
57.18 44 GPS 3 55815500 339506953 992 5802 57 254 234247250 16 0
57.18 44 IR_SENSORS -938 93 1
57.18 44 NAVIGATION 0 2 53 31 28 0. 4030.2
57.18 44 WP_MOVED 15 557962.375 3395214. 119.
57.18 44 GYRO_RATES -275 -282 -360 2.399828 -2.460914 -3.141593
57.41 44 ESTIMATOR 58.02 2.54 2.54 2.54 58.02
57.41 44 BAT 172 119 63 0 81 62 1
57.41 44 GPS 3 55815508 339506947 1012 5819 34 258 234247498 16 0
57.41 44 NAVIGATION 0 2 53 31 28 0. 4035.2
57.41 44 ATTITUDE 8 0 -35
57.41 44 CALIBRATION 0. 0.023 0.05 0
57.59 44 SERVO 9600 -9600 169
57.59 44 GPS 3 55815506 339506949 1054 5804 43 207 234247750 16 0
57.59 44 DESIRED 0. -0.01 0. 0. 109. 0.
57.59 44 IR_DEBUG 715 647 715 647
57.59 44 NAVIGATION 0 2 53 31 28 0. 4034.2
57.59 44 WP_MOVED 16 558256.875 3395029.25 119.
57.71 44 DOWNLINK_STATUS 57 9877 620 0 425. 27.
57.90 44 ESTIMATOR 58.040001 2.07 2.07 2.07 58.040001
57.90 44 GPS 3 55815504 339506951 1046 5806 49 212 234247998 16 0
57.90 44 COMMANDS 170,-38,-86,-1183
57.90 44 NAVIGATION 0 2 53 31 28 0. 4033.3
57.90 44 ATTITUDE 11 0 -38
57.90 44 DL_VALUE 40 1.
57.92 44 FBW_STATUS 0 0 119
57.92 44 RAD_OF_IR 69 -23 0.00164
57.96 44 IR_SENSORS -938 60 1
57.96 44 GPS 3 55815511 339506950 1055 5806 77 230 234248250 16 0
57.96 44 NAVIGATION 0 2 53 31 28 0. 4040.4
58.03 44 WP_MOVED 17 558256.875 3395638. 119.
58.03 44 GYRO_RATES -204 -218 -288 1.780236 -1.902409 -2.513274
58.25 44 ESTIMATOR 58.060001 2.3 2.3 2.3 58.060001
58.28 44 NAVIGATION 0 2 53 31 28 0. 4040.4
58.28 44 GPS 3 55815523 339506959 1060 5797 44 216 234248498 16 0
58.28 44 ATTITUDE 6 0 -41
58.43 44 DESIRED 0. -0.01 0. 0. 109. 0.
58.47 44 NAVIGATION 0 2 53 31 28 0. 4059.3
58.47 44 GPS 3 55815540 339506967 1057 5840 78 316 234248750 16 0
58.47 44 WP_MOVED 18 558256.875 3395538. 119.
58.68 44 ESTIMATOR 58.400002 3.16 3.16 3.16 58.400002
58.71 44 DOWNLINK_STATUS 58 10256 642 0 379. 22.
58.78 44 COMMANDS 184,-60,-85,-1203
58.78 44 NAVIGATION 0 2 53 31 28 0. 4083.2
58.78 44 ATTITUDE 5 0 -49
58.78 44 DL_VALUE 41 0.
58.78 44 GPS 3 55815574 339506953 1051 5866 86 282 234248998 16 0
58.78 44 FBW_STATUS 0 0 119
58.78 44 RAD_OF_IR 12 -17 0.00164
58.86 44 IR_SENSORS -1012 4 1
58.90 44 NAVIGATION 0 2 53 31 28 0. 4112.2
59.11 44 GPS 3 55815601 339506961 746 5914 117 333 234249250 16 0
59.11 44 WP_MOVED 19 558256.875 3395438. 119.
59.11 44 GYRO_RATES -312 -318 -399 2.722714 -2.775074 -3.481932
59.22 44 ESTIMATOR 59.139999 3.33 3.33 3.33 59.139999
59.22 44 BAT 143 119 65 0 83 64 1
59.22 44 NAVIGATION 0 2 54 31 28 0. 4147.5
59.22 44 ATTITUDE 3 0 -46
59.22 44 CALIBRATION 0. 0.023 0.05 0
59.22 44 GPS 3 55815627 339506969 751 5973 92 325 234249498 16 0
59.22 44 SERVO 9600 -9600 172
59.50 44 DESIRED 0. -0.01 0. 0. 109. 0.
59.51 44 IR_DEBUG 727 713 727 713
59.51 44 NAVIGATION 0 2 54 31 28 0. 4181.8
59.59 44 WP_MOVED 20 558256.875 3395338. 119.
59.59 44 GPS 3 55815638 339506968 771 6012 64 338 234249750 16 0
59.59 44 SVINFO 0 22 13 6 33 70 96
59.59 44 ESTIMATOR 60.119999 3.38 3.38 3.38 60.119999
59.61 44 COMMANDS 166,-73,-124,-1174
59.61 44 NAVIGATION 0 2 54 31 28 0. 4193.6
59.61 44 ATTITUDE 3 0 -47
59.61 44 DL_VALUE 0 109.
59.71 44 DOWNLINK_STATUS 59 10714 672 0 458. 30.
59.72 44 FBW_STATUS 0 0 119
59.72 44 GPS 3 55815644 339506973 776 6050 54 299 234249998 16 0
59.72 44 SVINFO 1 14 13 4 29 57 355
59.72 44 RAD_OF_IR 7 14 0.00164
59.89 44 ACTUATORS 1504,1498,0,1214,1438
59.89 44 IR_SENSORS -1012 11 1
60.01 44 NAVIGATION 0 2 54 31 28 0. 4203.6
60.01 44 WP_MOVED 21 558256.875 3395238. 119.
60.01 44 GYRO_RATES -187 -194 -272 1.631883 -1.692969 -2.373648
60.01 44 GPS 3 55815655 339506956 807 6062 89 235 234250250 16 0
60.01 44 SVINFO 2 31 13 7 33 51 218
60.01 44 ESTIMATOR 60.619999 2.35 2.35 2.35 60.619999
60.07 44 NAVIGATION 0 2 54 31 28 0. 4205.3
60.07 44 ATTITUDE 4 0 -47
60.33 44 GPS 3 55815674 339506930 1400 6079 138 220 234250498 16 0
60.34 44 SVINFO 3 18 13 4 29 38 120
60.41 44 DESIRED 0. -0.01 0. 0. 109. 0.
60.41 44 NAVIGATION 0 2 54 31 28 0. 4210.5
60.42 44 WP_MOVED 22 558256.875 3395138. 119.
60.42 44 PPRZ_MODE 0 1 2 0 0 1 0
60.71 44 DOWNLINK_STATUS 60 11030 692 0 316. 20.
60.76 44 GPS 3 55815695 339506904 1503 6133 150 275 234250750 16 0
60.76 44 SVINFO 4 30 13 4 31 34 104
60.76 44 ESTIMATOR 61.330002 2.75 2.75 2.75 61.330002
60.76 44 COMMANDS 162,-45,-78,-1164
60.76 44 NAVIGATION 0 2 54 31 28 0. 4218.2
60.76 44 ATTITUDE 5 0 -46
60.76 44 DL_VALUE 1 1.
60.94 44 FBW_STATUS 0 0 119
60.94 44 RAD_OF_IR 18 291 0.00164
60.94 44 GPS 3 55815699 339506893 1557 6148 128 263 234250998 16 0
60.94 44 SVINFO 5 12 13 4 29 22 67
60.94 44 IR_SENSORS -997 25 1
60.94 44 NAVIGATION 0 2 54 30 28 0. 4215.9
60.94 44 WP_MOVED 23 558137.1875 3395065.75 119.
61.71 44 DOWNLINK_STATUS 61 11226 706 0 196. 14.
62.71 44 DOWNLINK_STATUS 62 11226 706 0 0. 0.
63.71 44 DOWNLINK_STATUS 63 11226 706 0 0. 0.
64.71 44 DOWNLINK_STATUS 64 11226 706 0 0. 0.
65.71 44 DOWNLINK_STATUS 65 11226 706 0 0. 0.
66.71 44 DOWNLINK_STATUS 66 11226 706 0 0. 0.
67.71 44 DOWNLINK_STATUS 67 11226 706 0 0. 0.
68.71 44 DOWNLINK_STATUS 68 11226 706 0 0. 0.
69.71 44 DOWNLINK_STATUS 69 11226 706 0 0. 0.
70.71 44 DOWNLINK_STATUS 70 11226 706 0 0. 0.
71.71 44 DOWNLINK_STATUS 71 11226 706 0 0. 0.
72.71 44 DOWNLINK_STATUS 72 11226 706 0 0. 0.
73.71 44 DOWNLINK_STATUS 73 11226 706 0 0. 0.
74.71 44 DOWNLINK_STATUS 74 11226 706 0 0. 0.
75.71 44 DOWNLINK_STATUS 75 11226 706 0 0. 0.
76.71 44 DOWNLINK_STATUS 76 11226 706 0 0. 0.
77.71 44 DOWNLINK_STATUS 77 11226 706 0 0. 0.
78.71 44 DOWNLINK_STATUS 78 11226 706 0 0. 0.
79.71 44 DOWNLINK_STATUS 79 11226 706 0 0. 0.
80.71 44 DOWNLINK_STATUS 80 11226 706 0 0. 0.
81.71 44 DOWNLINK_STATUS 81 11226 706 0 0. 0.
82.71 44 DOWNLINK_STATUS 82 11226 706 0 0. 0.
83.71 44 DOWNLINK_STATUS 83 11226 706 0 0. 0.
84.71 44 DOWNLINK_STATUS 84 11226 706 0 0. 0.
85.71 44 DOWNLINK_STATUS 85 11226 706 0 0. 0.
86.71 44 DOWNLINK_STATUS 86 11226 706 0 0. 0.
87.71 44 DOWNLINK_STATUS 87 11226 706 0 0. 0.
88.71 44 DOWNLINK_STATUS 88 11226 706 0 0. 0.
89.71 44 DOWNLINK_STATUS 89 11226 706 0 0. 0.
90.71 44 DOWNLINK_STATUS 90 11226 706 0 0. 0.
91.71 44 DOWNLINK_STATUS 91 11226 706 0 0. 0.
92.71 44 DOWNLINK_STATUS 92 11226 706 0 0. 0.
93.72 44 DOWNLINK_STATUS 93 11226 706 0 0. 0.
94.72 44 DOWNLINK_STATUS 94 11226 706 0 0. 0.
95.72 44 DOWNLINK_STATUS 95 11226 706 0 0. 0.
96.72 44 DOWNLINK_STATUS 96 11226 706 0 0. 0.
97.72 44 DOWNLINK_STATUS 97 11226 706 0 0. 0.
98.72 44 DOWNLINK_STATUS 98 11226 706 0 0. 0.
99.72 44 DOWNLINK_STATUS 99 11226 706 0 0. 0.
100.72 44 DOWNLINK_STATUS 100 11226 706 0 0. 0.
101.72 44 DOWNLINK_STATUS 101 11226 706 0 0. 0.
102.72 44 DOWNLINK_STATUS 102 11226 706 0 0. 0.
103.72 44 DOWNLINK_STATUS 103 11226 706 0 0. 0.
104.72 44 DOWNLINK_STATUS 104 11226 706 0 0. 0.
105.72 44 DOWNLINK_STATUS 105 11226 706 0 0. 0.
106.72 44 DOWNLINK_STATUS 106 11226 706 0 0. 0.
107.72 44 DOWNLINK_STATUS 107 11226 706 0 0. 0.
108.72 44 DOWNLINK_STATUS 108 11226 706 0 0. 0.
109.72 44 DOWNLINK_STATUS 109 11226 706 0 0. 0.
110.72 44 DOWNLINK_STATUS 110 11226 706 0 0. 0.
111.72 44 DOWNLINK_STATUS 111 11226 706 0 0. 0.
112.72 44 DOWNLINK_STATUS 112 11226 706 0 0. 0.
113.72 44 DOWNLINK_STATUS 113 11226 706 0 0. 0.
114.72 44 DOWNLINK_STATUS 114 11226 706 0 0. 0.
115.72 44 DOWNLINK_STATUS 115 11226 706 0 0. 0.
116.72 44 DOWNLINK_STATUS 116 11226 706 0 0. 0.
117.72 44 DOWNLINK_STATUS 117 11226 706 0 0. 0.
118.72 44 DOWNLINK_STATUS 118 11226 706 0 0. 0.
119.72 44 DOWNLINK_STATUS 119 11226 706 0 0. 0.
120.72 44 DOWNLINK_STATUS 120 11226 706 0 0. 0.
121.72 44 DOWNLINK_STATUS 121 11226 706 0 0. 0.
122.72 44 DOWNLINK_STATUS 122 11226 706 0 0. 0.
123.72 44 DOWNLINK_STATUS 123 11226 706 0 0. 0.
124.72 44 DOWNLINK_STATUS 124 11226 706 0 0. 0.
125.72 44 DOWNLINK_STATUS 125 11226 706 0 0. 0.
126.72 44 DOWNLINK_STATUS 126 11226 706 0 0. 0.
127.72 44 DOWNLINK_STATUS 127 11226 706 0 0. 0.
128.72 44 DOWNLINK_STATUS 128 11226 706 0 0. 0.
129.72 44 DOWNLINK_STATUS 129 11226 706 0 0. 0.
130.72 44 DOWNLINK_STATUS 130 11226 706 0 0. 0.
131.72 44 DOWNLINK_STATUS 131 11226 706 0 0. 0.
132.73 44 DOWNLINK_STATUS 132 11226 706 0 0. 0.
133.72 44 DOWNLINK_STATUS 133 11226 706 0 0. 0.
134.72 44 DOWNLINK_STATUS 134 11226 706 0 0. 0.
135.73 44 DOWNLINK_STATUS 135 11226 706 0 0. 0.
136.73 44 DOWNLINK_STATUS 136 11226 706 0 0. 0.
137.73 44 DOWNLINK_STATUS 137 11226 706 0 0. 0.
138.73 44 DOWNLINK_STATUS 138 11226 706 0 0. 0.
139.73 44 DOWNLINK_STATUS 139 11226 706 0 0. 0.
140.73 44 DOWNLINK_STATUS 140 11226 706 0 0. 0.
141.73 44 DOWNLINK_STATUS 141 11226 706 0 0. 0.
142.73 44 DOWNLINK_STATUS 142 11226 706 0 0. 0.
143.73 44 DOWNLINK_STATUS 143 11226 706 0 0. 0.
144.73 44 DOWNLINK_STATUS 144 11226 706 0 0. 0.
145.73 44 DOWNLINK_STATUS 145 11226 706 0 0. 0.
146.73 44 DOWNLINK_STATUS 146 11226 706 0 0. 0.
147.73 44 DOWNLINK_STATUS 147 11226 706 0 0. 0.
148.66 44 BOOT 1
148.66 44 PPRZ_MODE 2 0 0 0 0 1 0
148.66 44 GPS 0 55815432 339507115 0 6217 0 0 234337443 16 0
148.66 44 FBW_STATUS 0 0 0
148.66 44 RAD_OF_IR 3 0 0.00211
148.66 44 ACTUATORS 1504,1499,0,1217,1438
148.66 44 IR_SENSORS -1171 3 1
148.66 44 NAVIGATION 0 1 0 0 28 0. 4.4
148.66 44 WP_MOVED 1 558099.875 3395038. 119.
148.71 44 PPRZ_MODE 1 0 3 0 0 21 0
148.71 44 CALIB_START 
148.71 44 IR_SENSORS -1213 -2 1
148.72 44 NAVIGATION 0 1 0 0 28 0. 4.4
148.73 44 DOWNLINK_STATUS 148 11372 719 0 146. 13.
148.80 44 WP_MOVED 5 557925.3125 3395354. 229.
148.80 44 GYRO_RATES 5 7 -9 -0.043633 0.061087 -0.07854
148.90 44 ESTIMATOR 0. 0. 0. 0. 0.
148.95 44 BAT 168 119 0 0 2 0 0
149.06 44 GPS 0 55815432 339507115 0 6217 0 0 234339251 16 0
149.06 44 NAVIGATION 0 1 0 0 28 0. 4.4
149.06 44 ATTITUDE 1 0 -125
149.06 44 CALIB_START 
149.06 44 CALIBRATION 0. 0.023 0.05 1
149.06 44 SERVO 9600 474 84
149.36 44 DESIRED 0. -0.01 0. 0. 109. 0.
149.36 44 IR_DEBUG 859 873 859 873
149.36 44 NAVIGATION 0 1 0 0 28 0. 4.4
149.36 44 GPS 0 55815432 339507115 0 6217 0 0 234339499 16 0
149.36 44 WP_MOVED 6 557648.8125 3395447. 229.
149.36 44 ESTIMATOR 0. 0. 0. 0. 0.
149.53 44 COMMANDS 117,146,9600,-144
149.53 44 NAVIGATION 0 1 0 0 28 0. 4.4
149.53 44 ATTITUDE 1 0 -124
149.53 44 DL_VALUE 2 0.
149.53 44 GPS 0 55815432 339507115 0 6217 0 0 234339751 16 0
149.58 44 FBW_STATUS 0 1 118
149.58 44 RAD_OF_IR -10 0 0.00211
149.60 44 IR_SENSORS -1213 -11 1
149.73 44 DOWNLINK_STATUS 149 11733 743 0 361. 24.
149.81 44 NAVIGATION 0 1 0 0 28 0. 4.4
149.81 44 GPS 0 55815432 339507115 0 6217 0 0 234339999 16 0
149.81 44 WP_MOVED 7 557713.875 3395562.25 229.
149.81 44 GYRO_RATES 3 10 -8 -0.02618 0.087266 -0.069813
149.81 44 CALIB_CONTRAST 1214
149.81 44 ESTIMATOR 0. 0. 0. 0. 0.
149.92 44 NAVIGATION 0 1 0 0 28 0. 4.4
149.96 44 ATTITUDE 0 0 -68
150.00 44 GPS 0 55815432 339507115 0 6217 0 0 234340251 16 0
150.00 44 CALIB_CONTRAST 1214
150.10 44 DESIRED 0.17 0.01 0. 0. 109. 0.
150.12 44 NAVIGATION 0 1 0 0 28 0. 4.4
150.22 44 WP_MOVED 8 558003.1875 3395761.75 229.
150.22 44 GPS 0 55815432 339507115 0 6217 0 0 234340499 16 0
150.32 44 ESTIMATOR 0. 0. 0. 0. 0.
150.41 44 COMMANDS 170,4248,9600,839
150.45 44 NAVIGATION 0 1 0 0 28 0. 4.4
150.45 44 ATTITUDE 0 0 -66
150.45 44 DL_VALUE 3 0.
150.51 44 GPS 0 55815432 339507115 0 6217 0 0 234340751 16 0
150.51 44 FBW_STATUS 0 1 118
150.51 44 RAD_OF_IR -18 0 0.00157
150.60 44 IR_SENSORS -1204 -18 1
150.60 44 NAVIGATION 0 1 0 0 28 0. 4.4
150.73 44 DOWNLINK_STATUS 150 12116 767 0 383. 24.
150.75 44 WP_MOVED 9 558151.375 3395696.75 229.
150.75 44 GYRO_RATES -1 9 -8 0.008727 0.07854 -0.069813
150.75 44 GPS 0 55815432 339507115 0 6217 0 0 234340999 16 0
150.94 44 ESTIMATOR 0. 0. 0. 0. 0.
150.94 44 BAT 170 119 0 0 4 0 0
150.94 44 NAVIGATION 0 1 0 0 28 0. 4.4
150.94 44 ATTITUDE 1 0 -66
150.94 44 CALIBRATION 0. 0.023 0.05 1
151.18 44 CALIB_CONTRAST 1214
151.18 44 SERVO 9600 3648 182
151.18 44 GPS 0 55815432 339507115 0 6217 0 0 234341251 16 0
151.18 44 DESIRED 0.06 -0. 0. 0. 109. 0.
151.18 44 IR_DEBUG 850 868 850 868
151.18 44 NAVIGATION 0 1 0 0 28 0. 4.4
151.18 44 WP_MOVED 10 558094.1875 3395598. 229.
151.24 44 GPS 0 55815432 339507115 0 6217 0 0 234341499 16 0
151.24 44 ESTIMATOR 0. 0. 0. 0. 0.
151.35 44 COMMANDS 169,-1115,9600,1133
151.35 44 NAVIGATION 0 1 0 0 28 0. 4.4
151.35 44 ATTITUDE 2 0 -66
151.36 44 DL_VALUE 4 1.
151.42 44 FBW_STATUS 0 1 119
151.42 44 RAD_OF_IR 5 0 0.00157
151.45 44 GPS 0 55815432 339507115 0 6217 0 0 234341751 16 0
151.56 44 ACTUATORS 1134,2000,0,1213,1566
151.56 44 IR_SENSORS -1194 12 1
151.56 44 NAVIGATION 0 1 0 0 28 0. 4.4
151.63 44 WP_MOVED 11 558150.3125 3395567. 119.
151.63 44 GYRO_RATES -1 19 -13 0.008727 0.165806 -0.113446
151.73 44 DOWNLINK_STATUS 151 12572 796 0 456. 29.
151.74 44 ESTIMATOR 0. 0. 0. 0. 0.
151.74 44 GPS 0 55815432 339507115 0 6217 0 0 234341999 16 0
151.83 44 NAVIGATION 0 1 0 0 28 0. 4.4
151.83 44 ATTITUDE 7 0 -62
151.86 44 CALIB_CONTRAST 1214
152.01 44 GPS 0 55815432 339507115 0 6217 0 0 234342251 16 0
152.01 44 DESIRED -0. -0. 0. 0. 109. 0.
152.02 44 NAVIGATION 0 1 0 0 28 0. 4.4
152.08 44 WP_MOVED 12 557820.5 3395444. 180.
152.09 44 PPRZ_MODE 1 0 3 0 0 5 0
152.09 44 PPRZ_MODE 0 0 3 0 0 17 0
152.21 44 ESTIMATOR 0. 0. 0. 0. 0.
152.21 44 GPS 0 55815432 339507115 0 6217 0 0 234342499 16 0
152.28 44 COMMANDS 176,-17,-72,-1210
152.28 44 NAVIGATION 0 1 0 0 28 0. 4.4
152.28 44 ATTITUDE 7 0 -49
152.28 44 DL_VALUE 5 0.
152.30 44 FBW_STATUS 0 0 119
152.40 44 RAD_OF_IR 34 0 0.00157
152.47 44 IR_SENSORS -1024 26 1
152.49 44 GPS 0 55815432 339507115 0 6217 0 0 234342751 16 0
152.50 44 NAVIGATION 0 1 0 0 28 0. 4.4
152.58 44 WP_MOVED 13 558004.8125 3395690. 140.
152.58 44 GYRO_RATES -6 59 4 0.05236 0.514872 0.034907
152.73 44 DOWNLINK_STATUS 152 12951 820 0 379. 24.
152.86 44 ESTIMATOR 0. 0. 0. 0. 0.
152.86 44 BAT 277 119 0 0 6 0 0
152.87 44 GPS 0 55815432 339507115 0 6217 0 0 234342999 16 0
152.87 44 NAVIGATION 0 1 0 0 28 0. 4.4
152.87 44 ATTITUDE 6 0 -25
152.87 44 CALIBRATION 0. 0.023 0.05 0
152.88 44 CALIB_CONTRAST 1214
152.88 44 SERVO 5353 -5808 256
153.03 44 DESIRED 0. 0. 0. 0. 109. 0.
153.03 44 IR_DEBUG 660 588 660 588
153.03 44 NAVIGATION 0 1 0 0 28 0. 4.4
153.03 44 GPS 0 55815432 339507115 0 6217 0 0 234343251 16 0
153.03 44 WP_MOVED 14 558084.8125 3395110.25 119.
153.09 44 ESTIMATOR 0. 0. 0. 0. 0.
153.28 44 COMMANDS 214,-14,-56,-1276
153.28 44 NAVIGATION 0 1 0 0 28 0. 4.4
153.28 44 ATTITUDE -1 0 -18
153.28 44 DL_VALUE 6 0.
153.28 44 GPS 0 55815432 339507115 0 6217 0 0 234343499 16 0
153.33 44 FBW_STATUS 0 0 119
153.33 44 RAD_OF_IR -80 0 0.00157
153.36 44 IR_SENSORS -825 -79 1
153.56 44 NAVIGATION 0 1 0 0 28 0. 4.4
153.56 44 GPS 0 55815432 339507115 0 6217 0 0 234343751 16 0
153.56 44 WP_MOVED 15 557962.375 3395214. 119.
153.56 44 GYRO_RATES -2 22 17 0.017453 0.191986 0.148353
153.56 44 ESTIMATOR 0. 0. 0. 0. 0.
153.67 44 NAVIGATION 0 1 0 0 28 0. 4.4
153.67 44 ATTITUDE -2 0 -4
153.73 44 DOWNLINK_STATUS 153 13407 849 0 456. 29.
153.75 44 GPS 0 55815432 339507115 0 6217 0 0 234343999 16 0
153.75 44 CALIB_CONTRAST 1214
153.86 44 DESIRED 0. 0. 0. 0. 109. 0.
153.88 44 NAVIGATION 0 1 0 0 28 0. 4.4
153.97 44 WP_MOVED 16 558256.875 3395029.25 119.
153.97 44 GPS 0 55815432 339507115 0 6217 0 0 234344251 16 0
154.07 44 ESTIMATOR 0. 0. 0. 0. 0.
154.16 44 COMMANDS 122,-14,-148,-1194
154.16 44 NAVIGATION 0 1 0 0 28 0. 4.4
154.16 44 ATTITUDE -1 0 2
154.16 44 DL_VALUE 7 0.
154.26 44 FBW_STATUS 0 0 119
154.26 44 GPS 0 55815432 339507115 0 6217 0 0 234344499 16 0
154.26 44 RAD_OF_IR -21 0 0.00157
154.36 44 IR_SENSORS -689 -11 1
154.36 44 NAVIGATION 0 1 0 0 28 0. 4.4
154.50 44 WP_MOVED 17 558256.875 3395638. 119.
154.50 44 GYRO_RATES -7 9 -15 0.061087 0.07854 -0.1309
154.50 44 GPS 0 55815432 339507115 0 6217 0 0 234344751 16 0
154.68 44 ESTIMATOR 0. 0. 0. 0. 0.
154.68 44 BAT 181 119 0 0 8 0 0
154.68 44 NAVIGATION 0 1 0 0 28 0. 4.4
154.68 44 ATTITUDE 0 0 1
154.68 44 CALIBRATION 0. 0.023 0.05 0
154.73 44 DOWNLINK_STATUS 154 13797 873 0 390. 24.
154.76 44 CALIB_CONTRAST 1214
154.76 44 SERVO -3982 1555 211
154.76 44 GPS 0 55815432 339507115 0 6217 0 0 234344999 16 0
154.92 44 DESIRED 0. 0. 0. 0. 109. 0.
154.92 44 IR_DEBUG 462 512 462 512
154.92 44 NAVIGATION 0 1 0 0 28 0. 4.4
154.92 44 WP_MOVED 18 558256.875 3395538. 119.
154.98 44 GPS 0 55815432 339507115 0 6217 0 0 234345251 16 0
154.98 44 ESTIMATOR 0. 0. 0. 0. 0.
155.09 44 COMMANDS 170,-96,-122,-1188
155.09 44 NAVIGATION 0 1 0 0 28 0. 4.4
155.09 44 ATTITUDE -1 0 4
155.09 44 DL_VALUE 8 -2.
155.18 44 FBW_STATUS 0 0 119
155.18 44 RAD_OF_IR -33 0 0.00157
155.21 44 GPS 0 55815432 339507115 0 6217 0 0 234345499 16 0
155.30 44 IR_SENSORS -677 -33 1
155.30 44 NAVIGATION 0 1 0 0 28 0. 4.4
155.39 44 WP_MOVED 19 558256.875 3395438. 119.
155.39 44 GYRO_RATES 2 9 -3 -0.017453 0.07854 -0.02618
155.49 44 ESTIMATOR 0. 0. 0. 0. 0.
155.49 44 GPS 0 55815432 339507115 0 6217 0 0 234345751 16 0
155.58 44 NAVIGATION 0 1 0 0 28 0. 4.4
155.58 44 ATTITUDE 0 0 4
155.59 44 CALIB_CONTRAST 1214
155.72 44 GPS 0 55815432 339507115 0 6217 0 0 234345999 16 0
155.73 44 DOWNLINK_STATUS 155 14207 899 0 410. 26.
155.82 44 DESIRED 0. 0. 0. 0. 109. 0.
155.82 44 NAVIGATION 0 1 0 0 28 0. 4.4
155.82 44 WP_MOVED 20 558256.875 3395338. 119.
155.92 44 ESTIMATOR 0. 0. 0. 0. 0.
156.04 44 GPS 0 55815432 339507115 0 6217 0 0 234346251 16 0
156.04 44 COMMANDS 171,-10,-66,-1186
156.04 44 NAVIGATION 0 1 0 0 28 0. 4.4
156.04 44 ATTITUDE -1 0 3
156.04 44 DL_VALUE 9 -63.400002
156.13 44 FBW_STATUS 0 0 119
156.13 44 RAD_OF_IR -27 0 0.00157
156.13 44 NAVIGATION_REF 558102 3395038 16
156.24 44 ACTUATORS 1507,1500,0,1214,1439
156.24 44 IR_SENSORS -683 -17 1
156.24 44 GPS 0 55815432 339507115 0 6217 0 0 234346499 16 0
156.24 44 NAVIGATION 0 1 0 0 28 0. 4.4
156.30 44 WP_MOVED 21 558256.875 3395238. 119.
156.30 44 GYRO_RATES -17 -3 -14 0.148353 -0.02618 -0.122173
156.41 44 ESTIMATOR 0. 0. 0. 0. 0.
156.41 44 BAT 149 119 0 0 10 0 0
156.54 44 GPS 0 55815432 339507115 0 6217 0 0 234346751 16 0
156.54 44 NAVIGATION 0 1 0 0 28 0. 4.4
156.54 44 ATTITUDE 5 0 -2
156.55 44 CALIBRATION 0. 0.023 0.05 0
156.59 44 CALIB_CONTRAST 1214
156.59 44 SERVO 1517 -1638 174
156.73 44 DOWNLINK_STATUS 156 14602 925 0 395. 26.
156.84 44 DESIRED 0. 0. 0. 0. 109. 0.
156.84 44 IR_DEBUG 561 529 561 529
156.84 44 GPS 0 55815432 339507115 0 6217 0 0 234346999 16 0
156.84 44 NAVIGATION 0 1 0 0 28 0. 4.4
156.84 44 WP_MOVED 22 558256.875 3395138. 119.
156.84 44 PPRZ_MODE 0 0 3 0 0 17 0
156.92 44 ESTIMATOR 0. 0. 0. 0. 0.
157.03 44 COMMANDS 174,-109,-156,-1189
157.03 44 NAVIGATION 0 1 0 0 28 0. 4.4
157.03 44 GPS 0 55815432 339507115 0 6217 0 0 234347251 16 0
157.03 44 ATTITUDE 4 0 -9
157.03 44 DL_VALUE 10 0.
157.03 44 FBW_STATUS 0 0 119
157.03 44 RAD_OF_IR 2 0 0.00157
157.10 44 IR_SENSORS -771 -2 1
157.35 44 NAVIGATION 0 1 0 0 28 0. 4.4
157.35 44 GPS 0 55815432 339507115 0 6217 0 0 234347499 16 0
157.35 44 WP_MOVED 23 558137.1875 3395065.75 119.
157.35 44 GYRO_RATES 4 12 -8 -0.034907 0.10472 -0.069813
157.40 44 ESTIMATOR 0. 0. 0. 0. 0.
157.43 44 NAVIGATION 0 1 0 0 28 0. 4.4
157.43 44 ATTITUDE 2 0 -9
157.50 44 GPS 0 55815432 339507115 0 6217 0 0 234347751 16 0
157.50 44 CALIB_CONTRAST 1214
157.63 44 DESIRED 0. 0. 0. 0. 109. 0.
157.63 44 NAVIGATION 0 1 0 0 28 0. 4.4
157.73 44 DOWNLINK_STATUS 157 15026 951 0 424. 26.
157.74 44 WP_MOVED 24 558102. 3395038. 0.
157.74 44 GPS 0 55815432 339507115 0 6217 0 0 234347999 16 0
157.81 44 ESTIMATOR 0. 0. 0. 0. 0.
158.04 44 COMMANDS 169,-17,-34,-1275
158.04 44 NAVIGATION 0 1 0 0 28 0. 4.4
158.04 44 ATTITUDE -2 0 -4
158.04 44 DL_VALUE 11 1.
158.04 44 GPS 0 55815432 339507115 0 6217 0 0 234348251 16 0
158.04 44 FBW_STATUS 0 0 119
158.04 44 RAD_OF_IR -41 0 0.00157
158.04 44 IR_SENSORS -737 -38 1
158.13 44 NAVIGATION 0 1 0 0 28 0. 4.4
158.23 44 WP_MOVED 0 558144. 3395080. 119.
158.23 44 GYRO_RATES 6 10 -5 -0.05236 0.087266 -0.043633
158.23 44 GPS 0 55815432 339507115 0 6217 0 0 234348499 16 0
158.44 44 ESTIMATOR 0. 0. 0. 0. 0.
158.44 44 BAT 192 119 0 0 12 0 0
158.44 44 NAVIGATION 0 1 0 0 28 0. 4.4
158.44 44 ATTITUDE -2 0 -4
158.44 44 CALIBRATION 0. 0.023 0.05 0
158.54 44 CALIB_CONTRAST 1214
158.54 44 SERVO 2262 270 175
158.54 44 GPS 0 55815432 339507115 0 6217 0 0 234348751 16 0
158.64 44 DESIRED 0. 0. 0. 0. 109. 0.
158.64 44 IR_DEBUG 515 560 515 560
158.64 44 NAVIGATION 0 1 0 0 28 0. 4.4
158.64 44 WP_MOVED 1 558099.875 3395038. 119.
158.73 44 GPS 0 55815432 339507115 0 6217 0 0 234348999 16 0
158.73 44 ESTIMATOR 0. 0. 0. 0. 0.
158.73 44 DOWNLINK_STATUS 158 15498 980 0 472. 29.
158.83 44 COMMANDS 171,-21,-66,-1191
158.83 44 NAVIGATION 0 1 0 0 28 0. 4.4
158.83 44 ATTITUDE -1 0 -4
158.83 44 DL_VALUE 12 0.
158.97 44 FBW_STATUS 0 0 119
159.01 44 RAD_OF_IR -30 0 0.00157
159.01 44 GPS 0 55815432 339507115 0 6217 0 0 234349251 16 0
159.04 44 IR_SENSORS -743 -29 1
159.05 44 NAVIGATION 0 1 0 0 28 0. 4.4
159.15 44 WP_MOVED 2 557977.5 3395042. 119.
159.15 44 GYRO_RATES 2 19 -20 -0.017453 0.165806 -0.174533
159.30 44 ESTIMATOR 0. 0. 0. 0. 0.
159.30 44 GPS 0 55815432 339507115 0 6217 0 0 234349499 16 0
159.30 44 NAVIGATION 0 1 0 0 28 0. 4.4
159.30 44 ATTITUDE -6 0 0
159.38 44 CALIB_CONTRAST 1214
159.59 44 GPS 0 55815432 339507115 0 6217 0 0 234349751 16 0
159.59 44 DESIRED 0. 0. 0. 0. 109. 0.
159.59 44 NAVIGATION 0 1 0 0 28 0. 4.4
159.59 44 WP_MOVED 3 557795.5 3395102.75 119.
159.66 44 ESTIMATOR 0. 0. 0. 0. 0.
159.69 44 GPS 0 55815432 339507115 0 6217 0 0 234349999 16 0
159.73 44 DOWNLINK_STATUS 159 15859 1002 0 361. 22.
159.80 44 COMMANDS 171,-21,-66,-1186
159.80 44 NAVIGATION 0 1 0 0 28 0. 4.4
159.80 44 ATTITUDE -8 0 0
159.80 44 DL_VALUE 13 415.
159.88 44 FBW_STATUS 0 0 119
159.88 44 RAD_OF_IR -85 0 0.00157
159.99 44 GPS 0 55815432 339507115 0 6217 0 0 234350251 16 0
159.99 44 IR_SENSORS -731 -76 1
159.99 44 NAVIGATION 0 1 0 0 28 0. 4.4
160.07 44 WP_MOVED 4 557843.625 3395191.25 119.
160.07 44 GYRO_RATES 3 6 -2 -0.02618 0.05236 -0.017453
160.19 44 ESTIMATOR 0. 0. 0. 0. 0.
160.19 44 BAT 166 119 0 0 14 0 0
160.28 44 GPS 0 55815432 339507115 0 6217 0 0 234350499 16 0
160.28 44 NAVIGATION 0 1 0 0 28 0. 4.4
160.28 44 ATTITUDE -5 0 -5
160.29 44 CALIBRATION 0. 0.023 0.05 0
160.30 44 CALIB_CONTRAST 1214
160.30 44 SERVO -214 3057 173
160.53 44 DESIRED 0. 0. 0. 0. 109. 0.
160.53 44 IR_DEBUG 491 584 491 584
160.53 44 NAVIGATION 0 1 0 0 28 0. 4.4
160.53 44 GPS 0 55815432 339507115 0 6217 0 0 234350751 16 0
160.53 44 WP_MOVED 5 557925.3125 3395354. 229.
160.62 44 ESTIMATOR 0. 0. 0. 0. 0.
160.73 44 DOWNLINK_STATUS 160 16240 1027 0 381. 25.
160.82 44 COMMANDS 167,-23,-66,-1181
160.82 44 NAVIGATION 0 1 0 0 28 0. 4.4
160.82 44 ATTITUDE -6 0 -4
160.82 44 DL_VALUE 14 422.
160.82 44 GPS 0 55815432 339507115 0 6217 0 0 234350999 16 0
160.82 44 FBW_STATUS 0 0 119
160.82 44 RAD_OF_IR -85 0 0.00157
160.91 44 ACTUATORS 1504,1498,0,1214,1438
160.95 44 IR_SENSORS -731 -86 1
160.95 44 NAVIGATION 0 1 0 0 28 0. 4.4
161.04 44 GPS 0 55815432 339507115 0 6217 0 0 234351251 16 0
161.04 44 WP_MOVED 6 557648.8125 3395447. 229.
161.04 44 GYRO_RATES 5 27 -10 -0.043633 0.235619 -0.087266
161.10 44 ESTIMATOR 0. 0. 0. 0. 0.
161.20 44 NAVIGATION 0 1 0 0 28 0. 4.4
161.20 44 ATTITUDE -10 0 0
161.21 44 GPS 0 55815432 339507115 0 6217 0 0 234351499 16 0
161.22 44 CALIB_CONTRAST 1214
161.43 44 DESIRED 0. 0. 0. 0. 109. 0.
161.43 44 NAVIGATION 0 1 0 0 28 0. 4.4
161.51 44 WP_MOVED 7 557713.875 3395562.25 229.
161.51 44 PPRZ_MODE 0 0 3 0 0 17 0
161.52 44 GPS 0 55815432 339507115 0 6217 0 0 234351751 16 0
161.53 44 ESTIMATOR 0. 0. 0. 0. 0.
161.71 44 COMMANDS 171,-68,-104,-1191
161.71 44 NAVIGATION 0 1 0 0 28 0. 4.4
161.71 44 ATTITUDE -17 0 7
161.71 44 DL_VALUE 15 500.
161.72 44 GPS 0 55815432 339507115 0 6217 0 0 234351999 16 0
161.72 44 FBW_STATUS 0 0 119
161.72 44 RAD_OF_IR -158 0 0.00157
161.73 44 DOWNLINK_STATUS 161 16709 1058 0 469. 31.
161.82 44 IR_SENSORS -629 -157 1
161.91 44 NAVIGATION 0 1 0 0 28 0. 4.4
162.05 44 WP_MOVED 8 558003.1875 3395761.75 229.
162.05 44 GYRO_RATES 8 14 -15 -0.069813 0.122173 -0.1309
162.05 44 GPS 0 55815432 339507115 0 6217 0 0 234352251 16 0
162.05 44 ESTIMATOR 0. 0. 0. 0. 0.
162.05 44 BAT 171 119 0 0 16 1 0
162.11 44 NAVIGATION 0 1 0 0 28 0. 4.4
162.11 44 ATTITUDE -18 0 13
162.11 44 CALIBRATION 0. 0.023 0.05 0
162.24 44 CALIB_CONTRAST 1214
162.24 44 SERVO -3451 5872 169
162.24 44 GPS 0 55815432 339507115 0 6217 0 0 234352499 16 0
162.33 44 DESIRED 0. 0. 0. 0. 109. 0.
162.33 44 IR_DEBUG 344 552 344 552
162.33 44 NAVIGATION 0 1 0 0 28 0. 4.4
162.41 44 WP_MOVED 9 558151.375 3395696.75 229.
162.52 44 GPS 0 55815432 339507115 0 6217 0 0 234352751 16 0
162.53 44 ESTIMATOR 0. 0. 0. 0. 0.
162.73 44 COMMANDS 171,-28,-64,-1188
162.73 44 NAVIGATION 0 1 0 0 28 0. 4.4
162.73 44 ATTITUDE -16 0 11
162.73 44 DL_VALUE 16 10800.
162.73 44 FBW_STATUS 0 0 119
162.73 44 RAD_OF_IR -144 0 0.00157
162.73 44 DOWNLINK_STATUS 162 17090 1083 0 381. 25.
162.74 44 GPS 0 55815432 339507115 0 6217 0 0 234352999 16 0
162.74 44 IR_SENSORS -610 -152 1
162.81 44 NAVIGATION 0 1 0 0 28 0. 4.4
162.92 44 WP_MOVED 10 558094.1875 3395598. 229.
162.92 44 GYRO_RATES 6 10 0 -0.05236 0.087266 0.
163.07 44 ESTIMATOR 0. 0. 0. 0. 0.
163.07 44 GPS 0 55815432 339507115 0 6217 0 0 234353251 16 0
163.07 44 NAVIGATION 0 1 0 0 28 0. 4.4
163.07 44 ATTITUDE -20 0 10
163.11 44 CALIB_CONTRAST 1214
163.35 44 GPS 0 55815432 339507115 0 6217 0 0 234353499 16 0
163.35 44 DESIRED 0. 0. 0. 0. 109. 0.
163.35 44 NAVIGATION 0 1 0 0 28 0. 4.4
163.35 44 WP_MOVED 11 558150.3125 3395567. 119.
163.45 44 ESTIMATOR 0. 0. 0. 0. 0.
163.54 44 GPS 0 55815432 339507115 0 6217 0 0 234353751 16 0
163.55 44 COMMANDS 173,-23,-66,-1151
163.55 44 NAVIGATION 0 1 0 0 28 0. 4.4
163.55 44 ATTITUDE -20 0 4
163.55 44 DL_VALUE 17 12800.
163.55 44 FBW_STATUS 0 0 119
163.62 44 RAD_OF_IR -181 0 0.00157
163.74 44 IR_SENSORS -665 -185 1
163.74 44 GPS 0 55815432 339507115 0 6217 0 0 234353999 16 0
163.74 44 NAVIGATION 0 1 0 0 28 0. 4.4
163.74 44 DOWNLINK_STATUS 163 17504 1108 0 414. 25.
163.88 44 WP_MOVED 12 557820.5 3395444. 180.
163.89 44 GYRO_RATES -1 15 -13 0.008727 0.1309 -0.113446
164.06 44 ESTIMATOR 0. 0. 0. 0. 0.
164.06 44 BAT 171 119 0 0 18 1 0
164.07 44 GPS 0 55815432 339507115 0 6217 0 0 234354251 16 0
164.07 44 NAVIGATION 0 1 0 0 28 0. 4.4
164.07 44 ATTITUDE -20 0 7
164.07 44 CALIBRATION 0. 0.023 0.05 0
164.07 44 CALIB_CONTRAST 1214
164.07 44 SERVO -2690 4840 170
164.30 44 DESIRED 0. 0. 0. 0. 109. 0.
164.30 44 IR_DEBUG 366 585 366 585
164.30 44 NAVIGATION 0 1 0 0 28 0. 4.4
164.30 44 GPS 0 55815432 339507115 0 6217 0 0 234354499 16 0
164.30 44 WP_MOVED 13 558004.8125 3395690. 140.
164.34 44 ESTIMATOR 0. 0. 0. 0. 0.
164.56 44 COMMANDS 177,17,-50,-1191
164.60 44 NAVIGATION 0 1 0 0 28 0. 4.4
164.60 44 ATTITUDE -14 0 5
164.60 44 DL_VALUE 18 14800.
164.60 44 GPS 0 55815432 339507115 0 6217 0 0 234354751 16 0
164.60 44 FBW_STATUS 0 0 119
164.60 44 RAD_OF_IR -133 0 0.00157
164.60 44 NAVIGATION_REF 558102 3395038 16
164.68 44 IR_SENSORS -653 -133 1
164.68 44 NAVIGATION 0 1 0 0 28 0. 4.4
164.73 44 DOWNLINK_STATUS 164 17896 1134 0 392. 26.
164.77 44 GPS 0 55815432 339507115 0 6217 0 0 234354999 16 0
164.77 44 WP_MOVED 14 558084.8125 3395110.25 119.
164.77 44 GYRO_RATES -3 10 -4 0.02618 0.087266 -0.034907
164.85 44 ESTIMATOR 0. 0. 0. 0. 0.
164.96 44 NAVIGATION 0 1 0 0 28 0. 4.4
165.00 44 ATTITUDE -13 0 6
165.00 44 GPS 0 55815432 339507115 0 6217 0 0 234355251 16 0
165.00 44 CALIB_CONTRAST 1214
165.12 44 DESIRED 0. 0. 0. 0. 109. 0.
165.13 44 NAVIGATION 0 1 0 0 28 0. 4.4
165.22 44 WP_MOVED 15 557962.375 3395214. 119.
165.22 44 GPS 0 55815432 339507115 0 6217 0 0 234355499 16 0
165.30 44 ESTIMATOR 0. 0. 0. 0. 0.
165.42 44 COMMANDS 171,-42,-74,-1191
165.42 44 NAVIGATION 0 1 0 0 28 0. 4.4
165.42 44 ATTITUDE -13 0 11
165.42 44 DL_VALUE 19 4800.
165.53 44 GPS 0 55815432 339507115 0 6217 0 0 234355751 16 0
165.53 44 FBW_STATUS 0 0 119
165.53 44 RAD_OF_IR -122 0 0.00157
165.60 44 ACTUATORS 1502,1498,0,1215,1438
165.60 44 IR_SENSORS -639 -112 1
165.60 44 NAVIGATION 0 1 0 0 28 0. 4.4
165.74 44 WP_MOVED 16 558256.875 3395029.25 119.
165.74 44 GYRO_RATES 7 10 9 -0.061087 0.087266 0.07854
165.74 44 GPS 0 55815432 339507115 0 6217 0 0 234355999 16 0
165.74 44 SVINFO 4 30 12 4 33 34 103
165.74 44 DOWNLINK_STATUS 165 18342 1161 0 446. 27.
165.80 44 ESTIMATOR 0. 0. 0. 0. 0.
165.80 44 BAT 169 119 0 0 20 1 0
165.94 44 NAVIGATION 0 1 0 0 28 0. 4.4
165.94 44 ATTITUDE -8 0 7
165.94 44 CALIBRATION 0. 0.023 0.05 0
166.01 44 CALIB_CONTRAST 1214
166.01 44 SERVO 130 2663 165
166.01 44 GPS 0 55815432 339507115 0 6217 0 0 234356251 16 0
166.25 44 DESIRED 0. 0. 0. 0. 109. 0.
166.25 44 IR_DEBUG 463 543 463 543
166.25 44 NAVIGATION 0 1 0 0 28 0. 4.4
166.25 44 WP_MOVED 17 558256.875 3395638. 119.
166.25 44 PPRZ_MODE 0 0 3 0 0 17 0
166.33 44 GPS 0 55815432 339507115 0 6217 0 0 234356499 16 0
166.34 44 ESTIMATOR 0. 0. 0. 0. 0.
166.42 44 COMMANDS 172,-29,-61,-1179
166.45 44 NAVIGATION 0 1 0 0 28 0. 4.4
166.45 44 ATTITUDE -1 0 -1
166.45 44 DL_VALUE 20 17900.
166.45 44 FBW_STATUS 0 0 119
166.45 44 RAD_OF_IR -31 0 0.00157
166.51 44 GPS 0 55815432 339507115 0 6217 0 0 234356751 16 0
166.51 44 IR_SENSORS -721 -19 1
166.52 44 NAVIGATION 0 1 0 0 28 0. 4.4
166.61 44 WP_MOVED 18 558256.875 3395538. 119.
166.61 44 GYRO_RATES 1 9 -7 -0.008727 0.07854 -0.061087
166.73 44 DOWNLINK_STATUS 166 18732 1187 0 390. 26.
166.75 44 ESTIMATOR 0. 0. 0. 0. 0.
166.75 44 GPS 0 55815432 339507115 0 6217 0 0 234356999 16 0
166.82 44 NAVIGATION 0 1 0 0 28 0. 4.4
166.82 44 ATTITUDE 5 0 -8
166.84 44 CALIB_CONTRAST 1214
167.04 44 GPS 0 55815432 339507115 0 6217 0 0 234357251 16 0
167.08 44 DESIRED 0. 0. 0. 0. 109. 0.
167.08 44 NAVIGATION 0 1 0 0 28 0. 4.4
167.08 44 WP_MOVED 19 558256.875 3395438. 119.
167.18 44 ESTIMATOR 0. 0. 0. 0. 0.
167.26 44 GPS 0 55815432 339507115 0 6217 0 0 234357499 16 0
167.28 44 COMMANDS 162,-23,-67,-1118
167.28 44 NAVIGATION 0 1 0 0 28 0. 4.4
167.28 44 ATTITUDE 5 0 -8
167.28 44 DL_VALUE 21 17250.
167.48 44 FBW_STATUS 0 0 119
167.48 44 RAD_OF_IR 24 0 0.00157
167.49 44 IR_SENSORS -776 27 1
167.49 44 GPS 0 55815432 339507115 0 6217 0 0 234357751 16 0
167.49 44 NAVIGATION 0 1 0 0 28 0. 4.4
167.59 44 WP_MOVED 20 558256.875 3395338. 119.
167.59 44 GYRO_RATES 5 10 -3 -0.043633 0.087266 -0.02618
167.66 44 ESTIMATOR 0. 0. 0. 0. 0.
167.66 44 BAT 171 119 0 0 22 1 0
167.73 44 DOWNLINK_STATUS 167 19129 1211 0 397. 24.
167.78 44 GPS 0 55815432 339507115 0 6217 0 0 234357999 16 0
167.78 44 NAVIGATION 0 1 0 0 28 0. 4.4
167.78 44 ATTITUDE 7 0 -10
167.78 44 CALIBRATION 0. 0.023 0.05 0
167.88 44 CALIB_CONTRAST 1214
167.88 44 SERVO 1345 -1743 163
168.05 44 DESIRED 0. 0. 0. 0. 109. 0.
168.05 44 IR_DEBUG 587 541 587 541
168.05 44 NAVIGATION 0 1 0 0 28 0. 4.4
168.05 44 GPS 0 55815432 339507115 0 6217 0 0 234358251 16 0
168.05 44 WP_MOVED 21 558256.875 3395238. 119.
168.09 44 ESTIMATOR 0. 0. 0. 0. 0.
168.31 44 COMMANDS 176,-23,-66,-1201
168.31 44 NAVIGATION 0 1 0 0 28 0. 4.4
168.31 44 ATTITUDE 6 0 -9
168.31 44 DL_VALUE 22 14000.
168.31 44 GPS 0 55815432 339507115 0 6217 0 0 234358499 16 0
168.32 44 FBW_STATUS 0 0 119
168.32 44 RAD_OF_IR 22 0 0.00157
168.43 44 IR_SENSORS -780 21 1
168.46 44 NAVIGATION 0 1 0 0 28 0. 4.4
168.53 44 GPS 0 55815432 339507115 0 6217 0 0 234358751 16 0
168.53 44 WP_MOVED 22 558256.875 3395138. 119.
168.53 44 GYRO_RATES 4 8 -5 -0.034907 0.069813 -0.043633
168.60 44 ESTIMATOR 0. 0. 0. 0. 0.
168.70 44 NAVIGATION 0 1 0 0 28 0. 4.4
168.70 44 ATTITUDE 5 0 -9
168.72 44 GPS 0 55815432 339507115 0 6217 0 0 234358999 16 0
168.72 44 SVINFO 0 22 12 6 36 70 98
168.72 44 CALIB_CONTRAST 1214
168.73 44 DOWNLINK_STATUS 168 19590 1241 0 461. 30.
168.88 44 DESIRED 0. 0. 0. 0. 109. 0.
168.89 44 NAVIGATION 0 1 0 0 28 0. 4.4
168.97 44 WP_MOVED 23 558137.1875 3395065.75 119.
168.98 44 GPS 0 55815432 339507115 0 6217 0 0 234359251 16 0
169.17 44 ESTIMATOR 0. 0. 0. 0. 0.
169.17 44 COMMANDS 173,27,-63,-1194
169.17 44 NAVIGATION 0 1 0 0 28 0. 4.4
169.17 44 ATTITUDE 6 0 -10
169.17 44 DL_VALUE 23 0.
169.28 44 FBW_STATUS 0 0 119
169.28 44 GPS 0 55815432 339507115 0 6217 0 0 234359499 16 0
169.28 44 RAD_OF_IR 24 0 0.00157
169.34 44 IR_SENSORS -787 24 1
169.38 44 NAVIGATION 0 1 0 0 28 0. 4.4
169.48 44 WP_MOVED 24 558102. 3395038. 0.
169.48 44 GYRO_RATES 0 8 -6 -0. 0.069813 -0.05236
169.48 44 GPS 0 55815432 339507115 0 6217 0 0 234359751 16 0
169.55 44 ESTIMATOR 0. 0. 0. 0. 0.
169.55 44 BAT 171 119 0 0 24 1 0
169.68 44 NAVIGATION 0 1 0 0 28 0. 4.4
169.68 44 ATTITUDE 6 0 -11
169.68 44 CALIBRATION 0. 0.023 0.05 0
169.73 44 DOWNLINK_STATUS 169 19949 1263 0 359. 22.
169.76 44 CALIB_CONTRAST 1214
169.76 44 SERVO 1767 -1740 188
169.76 44 GPS 0 55815432 339507115 0 6217 0 0 234359999 16 0
169.76 44 SVINFO 4 30 12 6 33 34 103
169.89 44 DESIRED 0. 0. 0. 0. 109. 0.
169.89 44 IR_DEBUG 587 547 587 547
169.89 44 NAVIGATION 0 1 0 0 28 0. 4.4
169.89 44 WP_MOVED 0 558144. 3395080. 119.
170.09 44 GPS 0 55815432 339507115 0 6217 0 0 234360251 16 0
170.09 44 ESTIMATOR 0. 0. 0. 0. 0.
170.16 44 COMMANDS 148,26,-22,-1134
170.17 44 NAVIGATION 0 1 0 0 28 0. 4.4
170.17 44 ATTITUDE 7 0 -12
170.17 44 DL_VALUE 24 12300.
170.17 44 FBW_STATUS 0 0 119
170.17 44 RAD_OF_IR 28 0 0.00157
170.26 44 GPS 0 55815432 339507115 0 6217 0 0 234360499 16 0
170.26 44 ACTUATORS 1503,1497,0,1213,1439
170.26 44 IR_SENSORS -783 18 1
170.27 44 NAVIGATION 0 1 0 0 28 0. 4.4
170.38 44 WP_MOVED 1 558099.875 3395038. 119.
170.38 44 GYRO_RATES 5 10 -5 -0.043633 0.087266 -0.043633
170.49 44 GPS 0 55815432 339507115 0 6217 0 0 234360751 16 0
170.49 44 ESTIMATOR 0. 0. 0. 0. 0.
170.55 44 NAVIGATION 0 1 0 0 28 0. 4.4
170.55 44 ATTITUDE 4 0 -10
170.66 44 CALIB_CONTRAST 1214
170.66 44 GPS 0 55815432 339507115 0 6217 0 0 234360999 16 0
170.73 44 DOWNLINK_STATUS 170 20382 1291 0 433. 28.
170.76 44 DESIRED 0. 0. 0. 0. 109. 0.
170.76 44 NAVIGATION 0 1 0 0 28 0. 4.4
170.89 44 WP_MOVED 2 557977.5 3395042. 119.
170.89 44 PPRZ_MODE 0 0 3 0 0 17 0
170.96 44 GPS 0 55815432 339507115 0 6217 0 0 234361251 16 0
170.96 44 ESTIMATOR 0. 0. 0. 0. 0.
171.09 44 COMMANDS 172,-29,-63,-1189
171.09 44 NAVIGATION 0 1 0 0 28 0. 4.4
171.10 44 ATTITUDE 2 0 -8
171.10 44 DL_VALUE 25 10600.
171.10 44 FBW_STATUS 0 0 119
171.10 44 RAD_OF_IR -4 0 0.00157
171.17 44 GPS 0 55815432 339507115 0 6217 0 0 234361499 16 0
171.17 44 IR_SENSORS -769 -9 1
171.34 44 NAVIGATION 0 1 0 0 28 0. 4.4
171.34 44 WP_MOVED 3 557795.5 3395102.75 119.
171.34 44 GYRO_RATES 2 -3 -1 -0.017453 -0.02618 -0.008727
171.44 44 ESTIMATOR 0. 0. 0. 0. 0.
171.48 44 BAT 175 119 0 0 25 0 0
171.48 44 GPS 0 55815432 339507115 0 6217 0 0 234361751 16 0
171.51 44 NAVIGATION 0 1 0 0 28 0. 4.4
171.51 44 ATTITUDE 3 0 -12
171.51 44 CALIBRATION 0. 0.023 0.05 0
171.59 44 CALIB_CONTRAST 1214
171.59 44 SERVO -476 1839 172
171.73 44 DOWNLINK_STATUS 171 20762 1316 0 380. 25.
171.80 44 DESIRED 0. 0. 0. 0. 109. 0.
171.80 44 IR_DEBUG 541 561 541 561
171.80 44 GPS 0 55815432 339507115 0 6217 0 0 234361999 16 0
171.80 44 NAVIGATION 0 1 0 0 28 0. 4.4
171.80 44 WP_MOVED 4 557843.625 3395191.25 119.
171.84 44 ESTIMATOR 0. 0. 0. 0. 0.
171.98 44 GPS 0 55815432 339507115 0 6217 0 0 234362251 16 0
172.02 44 COMMANDS 181,-32,-50,-1194
172.02 44 NAVIGATION 0 1 0 0 28 0. 4.4
172.02 44 ATTITUDE 0 0 -6
172.02 44 DL_VALUE 26 11950.
172.04 44 FBW_STATUS 0 0 119
172.04 44 RAD_OF_IR -19 0 0.00157
172.22 44 IR_SENSORS -752 -20 1
172.22 44 NAVIGATION 0 1 0 0 28 0. 4.4
172.22 44 GPS 0 55815432 339507115 0 6217 0 0 234362499 16 0
172.29 44 WP_MOVED 5 557925.3125 3395354. 229.
172.29 44 GYRO_RATES 0 9 -9 -0. 0.07854 -0.07854
172.31 44 ESTIMATOR 0. 0. 0. 0. 0.
172.50 44 NAVIGATION 0 1 0 0 28 0. 4.4
172.50 44 ATTITUDE 0 0 -5
172.50 44 GPS 0 55815432 339507115 0 6217 0 0 234362751 16 0
172.50 44 CALIB_CONTRAST 1214
172.63 44 DESIRED 0. 0. 0. 0. 109. 0.
172.63 44 NAVIGATION 0 1 0 0 28 0. 4.4
172.70 44 GPS 0 55815432 339507115 0 6217 0 0 234362999 16 0
172.70 44 SVINFO 0 22 12 6 35 70 98
172.70 44 WP_MOVED 6 557648.8125 3395447. 229.
172.73 44 DOWNLINK_STATUS 172 21229 1344 0 467. 28.
172.78 44 ESTIMATOR 0. 0. 0. 0. 0.
172.94 44 COMMANDS 172,-26,-69,-1196
172.94 44 NAVIGATION 0 1 0 0 28 0. 4.4
172.94 44 ATTITUDE 0 0 -6
172.94 44 DL_VALUE 27 8800.
172.94 44 GPS 0 55815432 339507115 0 6217 0 0 234363251 16 0
173.00 44 FBW_STATUS 0 0 119
173.02 44 RAD_OF_IR -17 0 0.00157
173.02 44 NAVIGATION_REF 558102 3395038 16
173.09 44 IR_SENSORS -781 -16 1
173.09 44 NAVIGATION 0 1 0 0 28 0. 4.4
173.22 44 WP_MOVED 7 557713.875 3395562.25 229.
173.22 44 GYRO_RATES 1 9 -4 -0.008727 0.07854 -0.034907
173.22 44 GPS 0 55815432 339507115 0 6217 0 0 234363499 16 0
173.29 44 ESTIMATOR 0. 0. 0. 0. 0.
173.30 44 BAT 172 119 0 0 27 0 0
173.42 44 NAVIGATION 0 1 0 0 28 0. 4.4
173.42 44 ATTITUDE 0 0 -9
173.42 44 CALIBRATION 0. 0.023 0.05 0
173.49 44 GPS 0 55815432 339507115 0 6217 0 0 234363751 16 0
173.50 44 CALIB_CONTRAST 1214
173.50 44 SERVO 167 -2266 174
173.60 44 DESIRED 0. 0. 0. 0. 109. 0.
173.60 44 IR_DEBUG 534 556 534 556
173.60 44 NAVIGATION 0 1 0 0 28 0. 4.4
173.61 44 WP_MOVED 8 558003.1875 3395761.75 229.
173.69 44 GPS 0 55815432 339507115 0 6217 0 0 234363999 16 0
173.69 44 SVINFO 4 30 12 6 33 34 103
173.72 44 ESTIMATOR 0. 0. 0. 0. 0.
173.73 44 DOWNLINK_STATUS 173 21680 1373 0 451. 29.
173.90 44 COMMANDS 166,-24,-63,-1225
173.90 44 NAVIGATION 0 1 0 0 28 0. 4.4
173.90 44 ATTITUDE 0 0 -7
173.90 44 DL_VALUE 28 0.228
173.92 44 FBW_STATUS 0 0 119
174.06 44 GPS 0 55815432 339507115 0 6217 0 0 234364251 16 0
174.06 44 RAD_OF_IR -25 0 0.00157
174.08 44 IR_SENSORS -744 -30 1
174.08 44 NAVIGATION 0 1 0 0 28 0. 4.4
174.13 44 WP_MOVED 9 558151.375 3395696.75 229.
174.13 44 GYRO_RATES 6 11 -5 -0.05236 0.095993 -0.043633
174.26 44 GPS 0 55815432 339507115 0 6217 0 0 234364499 16 0
174.26 44 ESTIMATOR 0. 0. 0. 0. 0.
174.33 44 NAVIGATION 0 1 0 0 28 0. 4.4
174.33 44 ATTITUDE -2 0 -6
174.34 44 CALIB_CONTRAST 1214
174.43 44 GPS 0 55815432 339507115 0 6217 0 0 234364751 16 0
174.53 44 DESIRED 0. 0. 0. 0. 109. 0.
174.56 44 NAVIGATION 0 1 0 0 28 0. 4.4
174.56 44 WP_MOVED 10 558094.1875 3395598. 229.
174.73 44 GPS 0 55815432 339507115 0 6217 0 0 234364999 16 0
174.73 44 ESTIMATOR 0. 0. 0. 0. 0.
174.73 44 DOWNLINK_STATUS 174 22041 1395 0 361. 22.
174.81 44 COMMANDS 148,-7,-50,-1133
174.81 44 NAVIGATION 0 1 0 0 28 0. 4.4
174.81 44 ATTITUDE -4 0 -8
174.81 44 DL_VALUE 29 0.42
174.81 44 FBW_STATUS 0 0 119
174.90 44 RAD_OF_IR -63 0 0.00157
175.00 44 GPS 0 55815432 339507115 0 6217 0 0 234365251 16 0
175.01 44 ACTUATORS 1504,1497,0,1213,1438
175.01 44 IR_SENSORS -767 -70 1
175.01 44 NAVIGATION 0 1 0 0 28 0. 4.4
175.11 44 WP_MOVED 11 558150.3125 3395567. 119.
175.12 44 GYRO_RATES -4 23 -2 0.034907 0.200713 -0.017453
175.33 44 ESTIMATOR 0. 0. 0. 0. 0.
175.33 44 BAT 170 119 0 0 29 0 0
175.33 44 GPS 0 55815432 339507115 0 6217 0 0 234365499 16 0
175.33 44 NAVIGATION 0 1 0 0 28 0. 4.4
175.33 44 ATTITUDE -6 0 -4
175.33 44 CALIBRATION 0. 0.023 0.05 0
175.33 44 CALIB_CONTRAST 1214
175.33 44 SERVO -2325 2766 167
175.57 44 DESIRED 0. 0. 0. 0. 109. 0.
175.61 44 IR_DEBUG 467 577 467 577
175.61 44 GPS 0 55815432 339507115 0 6217 0 0 234365751 16 0
175.61 44 NAVIGATION 0 1 0 0 28 0. 4.4
175.61 44 WP_MOVED 12 557820.5 3395444. 180.
175.61 44 PPRZ_MODE 0 0 3 0 0 17 0
175.61 44 ESTIMATOR 0. 0. 0. 0. 0.
175.73 44 GPS 0 55815432 339507115 0 6217 0 0 234365999 16 0
175.73 44 COMMANDS 173,-24,-63,-1194
175.73 44 NAVIGATION 0 1 0 0 28 0. 4.4
175.73 44 ATTITUDE -7 0 -6
175.74 44 DL_VALUE 30 0.
175.74 44 DOWNLINK_STATUS 175 22515 1427 0 474. 32.
175.75 44 FBW_STATUS 0 0 119
175.80 44 RAD_OF_IR -74 0 0.00157
175.96 44 IR_SENSORS -746 -67 1
175.96 44 GPS 0 55815432 339507115 0 6217 0 0 234366251 16 0
175.96 44 NAVIGATION 0 1 0 0 28 0. 4.4
176.03 44 WP_MOVED 13 558004.8125 3395690. 140.
176.03 44 GYRO_RATES 7 5 -1 -0.061087 0.043633 -0.008727
176.06 44 ESTIMATOR 0. 0. 0. 0. 0.
176.24 44 NAVIGATION 0 1 0 0 28 0. 4.4
176.24 44 ATTITUDE -5 0 -6
176.24 44 GPS 0 55815432 339507115 0 6217 0 0 234366499 16 0
176.24 44 CALIB_CONTRAST 1214
176.40 44 DESIRED 0. 0. 0. 0. 109. 0.
176.46 44 NAVIGATION 0 1 0 0 28 0. 4.4
176.47 44 GPS 0 55815432 339507115 0 6217 0 0 234366751 16 0
176.47 44 WP_MOVED 14 558084.8125 3395110.25 119.
176.55 44 ESTIMATOR 0. 0. 0. 0. 0.
176.74 44 DOWNLINK_STATUS 176 22805 1444 0 290. 17.
176.82 44 COMMANDS 193,-28,-25,-1184
176.82 44 NAVIGATION 0 1 0 0 28 0. 4.4
176.82 44 ATTITUDE -5 0 -5
176.82 44 DL_VALUE 31 0.023
176.82 44 GPS 0 55815432 339507115 0 6217 0 0 234366999 16 0
176.82 44 SVINFO 0 22 12 7 34 70 98
176.82 44 FBW_STATUS 0 0 119
176.86 44 RAD_OF_IR -60 0 0.00157
176.86 44 IR_SENSORS -751 -60 1
176.87 44 NAVIGATION 0 1 0 0 28 0. 4.4
176.97 44 WP_MOVED 15 557962.375 3395214. 119.
177.01 44 GYRO_RATES 1 8 -5 -0.008727 0.069813 -0.043633
177.01 44 GPS 0 55815432 339507115 0 6217 0 0 234367251 16 0
177.05 44 ESTIMATOR 0. 0. 0. 0. 0.
177.06 44 BAT 168 119 0 0 31 0 0
177.23 44 NAVIGATION 0 1 0 0 28 0. 4.4
177.23 44 ATTITUDE -4 0 -6
177.23 44 CALIBRATION 0. 0.023 0.05 0
177.23 44 GPS 0 55815432 339507115 0 6217 0 0 234367499 16 0
177.23 44 CALIB_CONTRAST 1214
177.23 44 SERVO 9600 -9600 173
177.39 44 DESIRED 0. 0. 0. 0. 109. 0.
177.39 44 IR_DEBUG 497 586 497 586
177.39 44 NAVIGATION 0 1 0 0 28 0. 4.4
177.42 44 WP_MOVED 16 558256.875 3395029.25 119.
177.42 44 GPS 0 55815432 339507115 0 6217 0 0 234367751 16 0
177.48 44 ESTIMATOR 0. 0. 0. 0. 0.
177.62 44 COMMANDS 159,-26,-91,-1193
177.62 44 NAVIGATION 0 1 0 0 28 0. 4.4
177.62 44 ATTITUDE -3 0 -8
177.62 44 DL_VALUE 32 0.001
177.62 44 FBW_STATUS 0 0 119
177.69 44 GPS 0 55815432 339507115 0 6217 0 0 234367999 16 0
177.69 44 SVINFO 4 30 12 7 34 34 103
177.69 44 RAD_OF_IR -44 0 0.00157
177.74 44 DOWNLINK_STATUS 177 23319 1479 0 514. 35.
177.79 44 IR_SENSORS -769 -53 1
177.79 44 NAVIGATION 0 1 0 0 28 0. 4.4
177.92 44 WP_MOVED 17 558256.875 3395638. 119.
177.93 44 GYRO_RATES -194 -201 -277 1.692969 -1.754056 -2.417281
177.93 44 GPS 0 55815432 339507115 0 6217 0 0 234368251 16 0
178.00 44 ESTIMATOR 0. 0. 0. 0. 0.
178.09 44 NAVIGATION 0 1 0 0 28 0. 4.4
178.09 44 ATTITUDE -4 0 -6
178.10 44 CALIB_CONTRAST 1214
178.18 44 GPS 0 55815432 339507115 0 6217 0 0 234368499 16 0
178.28 44 DESIRED 0. 0. 0. 0. 109. 0.
178.31 44 NAVIGATION 0 1 0 0 28 0. 4.4
178.31 44 WP_MOVED 18 558256.875 3395538. 119.
178.47 44 ESTIMATOR 0. 0. 0. 0. 0.
178.47 44 GPS 0 55815432 339507115 0 6217 0 0 234368751 16 0
178.55 44 COMMANDS 152,-35,-108,-1230
178.55 44 NAVIGATION 0 1 0 0 28 0. 4.4
178.55 44 ATTITUDE -4 0 -12
178.55 44 DL_VALUE 33 0.01
178.55 44 FBW_STATUS 0 0 119
178.64 44 RAD_OF_IR -49 0 0.00157
178.75 44 GPS 0 55815432 339507115 0 6217 0 0 234368999 16 0
178.75 44 IR_SENSORS -823 -39 1
178.75 44 DOWNLINK_STATUS 178 23688 1502 0 369. 23.
178.77 44 NAVIGATION 0 1 0 0 28 0. 4.4
178.88 44 WP_MOVED 19 558256.875 3395438. 119.
178.90 44 GYRO_RATES -109 -116 -194 0.951204 -1.012291 -1.692969
179.08 44 ESTIMATOR 0. 0. 0. 0. 0.
179.12 44 BAT 176 119 0 0 33 0 0
179.12 44 GPS 0 55815432 339507115 0 6217 0 0 234369251 16 0
179.12 44 NAVIGATION 0 1 0 0 28 0. 4.4
179.12 44 ATTITUDE -2 0 -12
179.12 44 CALIBRATION 0. 0.023 0.05 0
179.12 44 CALIB_CONTRAST 1214
179.12 44 SERVO 9600 -9600 169
179.33 44 DESIRED 0. 0. 0. 0. 109. 0.
179.33 44 IR_DEBUG 556 607 556 607
179.33 44 GPS 0 55815432 339507115 0 6217 0 0 234369499 16 0
179.33 44 NAVIGATION 0 1 0 0 28 0. 4.4
179.34 44 WP_MOVED 20 558256.875 3395338. 119.
179.36 44 ESTIMATOR 0. 0. 0. 0. 0.
179.49 44 GPS 0 55815432 339507115 0 6217 0 0 234369751 16 0
179.53 44 COMMANDS 170,-65,-72,-1188
179.53 44 NAVIGATION 0 1 0 0 28 0. 4.4
179.53 44 ATTITUDE -4 0 -10
179.53 44 DL_VALUE 34 1.
179.54 44 FBW_STATUS 0 0 119
179.54 44 RAD_OF_IR -53 0 0.00157
179.73 44 ACTUATORS 1504,1498,0,1213,1439
179.73 44 IR_SENSORS -813 -49 1
179.73 44 NAVIGATION 0 1 0 0 28 0. 4.4
179.73 44 GPS 0 55815432 339507115 0 6217 0 0 234369999 16 0
179.74 44 DOWNLINK_STATUS 179 24127 1530 0 439. 28.
179.79 44 WP_MOVED 21 558256.875 3395238. 119.
179.79 44 GYRO_RATES 261 253 175 -2.277655 2.207841 1.527163
179.81 44 ESTIMATOR 0. 0. 0. 0. 0.
179.91 44 NAVIGATION 0 1 0 0 28 0. 4.4
179.91 44 ATTITUDE -4 0 -14
179.99 44 GPS 0 55813990 339507651 3489 4243 55 -24 234370251 16 0
179.99 44 CALIB_CONTRAST 1214
180.12 44 DESIRED 0. 0. 0. 0. 109. 0.
180.32 44 NAVIGATION 0 1 0 0 28 0. 4.4
180.32 44 GPS 3 55814569 339506820 3383 5082 36 79 234370499 16 0
180.32 44 WP_MOVED 22 558256.875 3395138. 119.
180.32 44 PPRZ_MODE 0 0 3 0 0 17 0
180.32 44 ESTIMATOR 50.82 0.79 0.79 0.79 50.82
180.42 44 COMMANDS 171,18,-23,-1191
180.42 44 NAVIGATION 0 1 43 30 28 0. 3008.8
180.42 44 ATTITUDE -5 0 -13
180.42 44 DL_VALUE 35 0.
180.42 44 TAKEOFF 71
180.53 44 GPS 3 55814382 339507278 3494 4687 39 22 234370751 16 0
180.53 44 FBW_STATUS 0 0 119
180.53 44 RAD_OF_IR -72 0 0.00157
180.59 44 IR_SENSORS -805 -78 1
180.60 44 NAVIGATION 0 2 41 34 28 0. 3138.6
180.75 44 WP_MOVED 23 558137.1875 3395065.75 119.
180.75 44 GYRO_RATES -414 -422 -499 3.612832 -3.682645 -4.354597
180.75 44 GPS 3 55814640 339507332 3529 4966 44 -48 234370999 16 0
180.75 44 SVINFO 0 22 13 7 36 70 98
180.75 44 DOWNLINK_STATUS 180 24546 1557 0 419. 27.
180.80 44 ESTIMATOR 49.66 -0.48 -0.48 -0.48 49.66
180.80 44 BAT 176 119 1 0 35 0 0
180.93 44 NAVIGATION 0 2 44 35 28 0. 3409.8
180.93 44 ATTITUDE -9 0 -15
180.93 44 CALIBRATION 0. 0.023 0.05 0
181.00 44 GPS 3 55814777 339507499 3493 5071 12 30 234371251 16 0
181.00 44 SERVO 9600 -9600 169
181.15 44 DESIRED 0. 0. 0. 0. 109. 0.
181.15 44 IR_DEBUG 527 659 527 659
181.15 44 NAVIGATION 0 2 45 36 28 0. 3659.8
181.15 44 WP_MOVED 24 558102. 3395038. 0.
181.24 44 GPS 3 55814845 339507552 3407 5150 22 24 234371499 16 0
181.24 44 SVINFO 2 31 13 6 36 52 219
181.24 44 ESTIMATOR 51.5 0.24 0.24 0.24 51.5
181.36 44 COMMANDS 169,-23,-63,-1176
181.36 44 NAVIGATION 0 2 46 37 28 0. 3764.9
181.36 44 ATTITUDE -12 0 -11
181.36 44 DL_VALUE 36 0.
181.42 44 FBW_STATUS 0 0 119
181.46 44 RAD_OF_IR -119 -247 0.00157
181.46 44 NAVIGATION_REF 558102 3395038 16
181.47 44 GPS 3 55814881 339507659 3407 5184 35 20 234371751 16 0
181.47 44 SVINFO 3 18 13 6 37 37 120
181.53 44 IR_SENSORS -779 -125 1
181.53 44 NAVIGATION 0 2 46 38 28 0. 3881.4
181.63 44 WP_MOVED 0 558144. 3395080. 119.
181.63 44 GYRO_RATES 81 76 -5 -0.706858 0.663225 -0.043633
181.74 44 DOWNLINK_STATUS 181 24954 1584 0 408. 27.
181.77 44 GPS 3 55815054 339507555 3457 5447 25 97 234371999 16 0
181.77 44 SVINFO 4 30 13 7 37 34 103
181.77 44 ESTIMATOR 54.470001 0.97 0.97 0.97 54.470001
181.83 44 NAVIGATION 0 2 48 37 28 0. 3974.4
181.83 44 ATTITUDE -14 0 -9
181.94 44 GPS 3 55815194 339507461 3350 5670 62 107 234372251 16 0
182.03 44 DESIRED 0. 0. 0. 0. 109. 0.
182.06 44 NAVIGATION 0 2 49 36 28 0. 4048.5
182.06 44 WP_MOVED 1 558099.875 3395038. 119.
182.22 44 ESTIMATOR 56.700001 1.07 1.07 1.07 56.700001
182.22 44 GPS 3 55815262 339507410 3245 5784 95 83 234372499 16 0
182.30 44 COMMANDS 147,-32,-83,-1151
182.30 44 NAVIGATION 0 2 50 36 28 0. 4082.6
182.30 44 ATTITUDE -12 0 -10
182.30 44 DL_VALUE 37 0.1
182.30 44 FBW_STATUS 0 0 119
182.41 44 RAD_OF_IR -112 -302 0.00157
182.51 44 GPS 3 55815306 339507344 1622 5893 131 104 234372751 16 0
182.51 44 SVINFO 7 32 4 4 32 6 312
182.51 44 IR_SENSORS -772 -107 1
182.51 44 NAVIGATION 0 2 51 35 28 0. 4082.
182.61 44 WP_MOVED 2 557977.5 3395042. 119.
182.62 44 GYRO_RATES 605 598 520 -5.279621 5.218534 4.537856
182.74 44 DOWNLINK_STATUS 182 25331 1607 0 377. 23.
182.83 44 ESTIMATOR 58.93 1.04 1.04 1.04 58.93
182.83 44 BAT 170 119 3 0 37 2 0
182.83 44 GPS 3 55815286 339507291 1529 5954 119 118 234372999 16 0
182.83 44 NAVIGATION 0 2 50 34 28 0. 4023.5
182.83 44 ATTITUDE -8 0 -12
182.83 44 CALIBRATION 0. 0.023 0.05 0
182.83 44 SERVO -9600 9600 169
183.05 44 GPS 3 55815291 339507305 1539 5969 69 123 234373251 16 0
183.05 44 DESIRED 0. 0. 0. 0. 109. 0.
183.05 44 IR_DEBUG 528 632 528 632
183.05 44 NAVIGATION 0 2 50 35 28 0. 4038.6
183.05 44 WP_MOVED 3 557795.5 3395102.75 119.
183.09 44 ESTIMATOR 59.689999 1.23 1.23 1.23 59.689999
183.23 44 GPS 3 55815285 339507322 1547 5983 77 108 234373499 16 0
183.23 44 COMMANDS 186,-24,-61,-1223
183.23 44 NAVIGATION 0 2 50 35 28 0. 4044.2
183.23 44 ATTITUDE -6 0 -16
183.23 44 DL_VALUE 38 0.
183.29 44 FBW_STATUS 0 0 119
183.29 44 RAD_OF_IR -74 23 0.00157
183.51 44 IR_SENSORS -827 -72 1
183.51 44 GPS 3 55815270 339507359 1439 5955 132 164 234373751 16 0
183.51 44 NAVIGATION 0 2 50 35 28 0. 4054.5
183.53 44 WP_MOVED 4 557843.625 3395191.25 119.
183.53 44 GYRO_RATES -92 -100 -177 0.802851 -0.872665 -1.544616
183.57 44 ESTIMATOR 59.549999 1.64 1.64 1.64 59.549999
183.74 44 NAVIGATION 0 2 50 35 28 0. 4054.5
183.74 44 GPS 3 55815254 339507368 1521 5964 177 236 234373999 16 0
183.74 44 ATTITUDE -7 0 -12
183.74 44 DOWNLINK_STATUS 183 25810 1636 0 479. 29.
183.87 44 DESIRED 0. 0. 0. 0. 109. 0.
183.97 44 NAVIGATION 0 2 50 35 28 0. 4044.
184.00 44 GPS 3 55815231 339507419 1424 5936 163 266 234374251 16 0
184.00 44 WP_MOVED 5 557925.3125 3395354. 229.
184.05 44 ESTIMATOR 59.360001 2.66 2.66 2.66 59.360001
184.20 44 COMMANDS 166,-24,-72,-1201
184.20 44 NAVIGATION 0 2 50 36 28 0. 4056.5
184.20 44 ATTITUDE -2 0 -14
184.20 44 DL_VALUE 39 0.05
184.20 44 GPS 3 55815214 339507479 1533 5898 174 309 234374499 16 0
184.21 44 FBW_STATUS 0 0 119
184.26 44 RAD_OF_IR -37 313 0.00157
184.35 44 ACTUATORS 1504,1498,0,1215,1437
184.35 44 IR_SENSORS -807 -38 1
184.35 44 NAVIGATION 0 2 50 36 28 0. 4082.5
184.48 44 WP_MOVED 6 557648.8125 3395447. 229.
184.52 44 GYRO_RATES 93 85 8 -0.811578 0.741765 0.069813
184.52 44 GPS 3 55815371 339507031 1365 6284 104 360 234374751 16 0
184.55 44 ESTIMATOR 62.84 3.6 3.6 3.6 62.84
184.55 44 BAT 166 119 5 0 39 4 0
184.74 44 NAVIGATION 0 2 51 32 28 0. 3939.5
184.74 44 ATTITUDE 0 0 -17
184.74 44 CALIBRATION 0. 0.023 0.05 0
184.74 44 GPS 3 55815402 339507011 1307 6321 147 350 234374999 16 0
184.74 44 SVINFO 0 22 13 7 36 70 98
184.75 44 SERVO -228 7661 166
184.75 44 DOWNLINK_STATUS 184 26227 1662 0 417. 26.
184.83 44 DESIRED 0. 0. 0. 0. 109. 0.
184.83 44 IR_DEBUG 587 600 587 600
184.83 44 NAVIGATION 0 2 52 32 28 0. 3960.
185.01 44 WP_MOVED 7 557713.875 3395562.25 229.
185.01 44 PPRZ_MODE 0 1 2 0 0 1 0
185.01 44 GPS 3 55815395 339507124 1226 6274 106 331 234375251 16 0
185.01 44 SVINFO 1 14 13 6 34 57 357
185.01 44 ESTIMATOR 62.740002 3.31 3.31 3.31 62.740002
185.12 44 COMMANDS 171,-18,-63,-1158
185.13 44 NAVIGATION 0 2 51 33 28 0. 4026.3
185.13 44 ATTITUDE 0 0 -17
185.13 44 DL_VALUE 40 1.
185.13 44 FBW_STATUS 0 0 119
185.20 44 RAD_OF_IR -18 -229 0.00157
185.20 44 GPS 3 55815415 339507145 1230 6265 98 293 234375499 16 0
185.20 44 SVINFO 2 31 13 6 37 52 219
185.28 44 IR_SENSORS -832 -20 1
185.29 44 NAVIGATION 0 2 52 33 28 0. 4062.
185.41 44 WP_MOVED 8 558003.1875 3395761.75 229.
185.41 44 GYRO_RATES 131 124 45 -1.143191 1.082104 0.392699
185.58 44 GPS 3 55815434 339507133 1227 6244 86 247 234375751 16 0
185.58 44 SVINFO 3 18 13 6 34 37 120
185.58 44 ESTIMATOR 62.439999 2.47 2.47 2.47 62.439999
185.58 44 NAVIGATION 0 2 52 33 28 0. 4074.6
185.58 44 ATTITUDE 0 0 -10
185.74 44 GPS 3 55815447 339507134 1228 6210 92 191 234375999 16 0
185.74 44 SVINFO 4 30 13 7 33 34 103
185.74 44 DESIRED 0. 0. 0. 0. 109. 0.
185.74 44 NAVIGATION 0 2 52 33 28 0. 4089.4
185.74 44 DOWNLINK_STATUS 185 26687 1691 0 460. 29.
185.81 44 WP_MOVED 9 558151.375 3395696.75 229.
185.99 44 ESTIMATOR 62.099998 1.91 1.91 1.91 62.099998
185.99 44 GPS 3 55815459 339507115 1218 6200 61 187 234376251 16 0
185.99 44 SVINFO 5 12 13 4 32 22 66
186.06 44 COMMANDS 206,-37,-23,-1221
186.06 44 NAVIGATION 0 2 52 33 28 0. 4089.9
186.06 44 ATTITUDE 1 0 -10
186.06 44 DL_VALUE 41 0.
186.06 44 FBW_STATUS 0 0 119
186.07 44 RAD_OF_IR -23 -28 0.00157
186.27 44 GPS 3 55815475 339507087 1213 6209 69 199 234376499 16 0
186.27 44 SVINFO 6 11 4 4 33 7 312
186.27 44 IR_SENSORS -717 -45 1
186.27 44 NAVIGATION 0 2 52 32 28 0. 4089.
186.38 44 WP_MOVED 10 558094.1875 3395598. 229.
186.38 44 GYRO_RATES -130 -137 -215 1.134464 -1.195551 -1.876229
186.45 44 ESTIMATOR 62.09 1.99 1.99 1.99 62.09
186.49 44 BAT 170 119 7 0 41 6 0
186.58 44 GPS 3 55815491 339507050 1198 6219 85 194 234376752 16 0
186.58 44 SVINFO 7 32 4 6 35 6 312
186.58 44 NAVIGATION 0 2 52 32 28 0. 4082.3
186.58 44 ATTITUDE -5 0 1
186.58 44 CALIBRATION 0. 0.023 0.05 0
186.58 44 SERVO 9600 -9600 170
186.74 44 DOWNLINK_STATUS 186 27040 1715 0 353. 24.
186.81 44 DESIRED 0. 0. 0. 0. 109. 0.
186.81 44 IR_DEBUG 410 529 410 529
186.81 44 GPS 3 55815496 339507041 1171 6209 63 148 234377000 16 0
186.81 44 NAVIGATION 0 2 52 32 28 0. 4082.
186.81 44 WP_MOVED 11 558150.3125 3395567. 119.
186.85 44 ESTIMATOR 62.09 1.48 1.48 1.48 62.09
186.99 44 GPS 3 55815508 339507040 1137 6202 66 152 234377248 16 0
187.03 44 COMMANDS 176,-112,-154,-1193
187.03 44 NAVIGATION 0 2 53 32 28 0. 4094.6
187.03 44 ATTITUDE -8 0 4
187.03 44 DL_VALUE 0 109.
187.04 44 FBW_STATUS 0 0 119
187.05 44 RAD_OF_IR -72 -97 0.00157
187.22 44 IR_SENSORS -698 -63 1
187.22 44 NAVIGATION 0 2 53 32 28 0. 4094.6
187.22 44 GPS 3 55815529 339507026 1124 6199 45 183 234377500 16 0
187.29 44 WP_MOVED 12 557820.5 3395444. 180.
187.29 44 GYRO_RATES -100 -107 -185 0.872665 -0.933751 -1.61443
187.31 44 ESTIMATOR 61.990002 1.83 1.83 1.83 61.990002
187.49 44 NAVIGATION 0 2 53 32 28 0. 4108.8
187.49 44 ATTITUDE -5 0 3
187.49 44 GPS 3 55815538 339507016 1121 6200 63 151 234377748 16 0
187.62 44 DESIRED 0. 0. 0. 0. 109. 0.
187.63 44 NAVIGATION 0 2 53 32 28 0. 4112.3
187.70 44 GPS 3 55815545 339507012 1138 6218 84 161 234378000 16 0
187.70 44 WP_MOVED 13 558004.8125 3395690. 140.
187.74 44 DOWNLINK_STATUS 187 27493 1741 0 453. 26.
187.79 44 ESTIMATOR 62.18 1.61 1.61 1.61 62.18
187.91 44 COMMANDS 171,41,-56,-1191
187.91 44 NAVIGATION 0 2 53 32 28 0. 4117.5
187.91 44 ATTITUDE -15 0 20
187.91 44 DL_VALUE 1 1.
188.02 44 GPS 3 55815540 339507030 1134 6235 41 143 234378248 16 0
188.02 44 FBW_STATUS 0 0 119
188.03 44 RAD_OF_IR -133 -11 0.00157
188.09 44 IR_SENSORS -598 -128 1
188.10 44 NAVIGATION 0 2 53 32 28 0. 4123.5
188.22 44 WP_MOVED 14 558084.8125 3395110.25 119.
188.22 44 GYRO_RATES -123 -129 -208 1.073377 -1.125737 -1.815142
188.22 44 GPS 3 55815543 339507037 1146 6264 61 148 234378500 16 0
188.30 44 ESTIMATOR 62.639999 1.48 1.48 1.48 62.639999
188.30 44 BAT 186 119 9 0 43 8 0
188.48 44 NAVIGATION 0 2 53 32 28 0. 4131.4
188.48 44 ATTITUDE -14 0 17
188.48 44 CALIBRATION 0. 0.023 0.05 0
188.48 44 GPS 3 55815541 339507045 1164 6286 81 153 234378748 16 0
188.48 44 SERVO 8020 -9178 175
188.58 44 DESIRED 0. 0. 0. 0. 109. 0.
188.58 44 IR_DEBUG 259 489 259 489
188.58 44 NAVIGATION 0 2 53 32 28 0. 4134.4
188.75 44 WP_MOVED 15 557962.375 3395214. 119.
188.75 44 GPS 3 55815559 339507051 1170 6331 88 196 234379000 16 0
188.75 44 SVINFO 0 22 13 7 37 70 98
188.75 44 DOWNLINK_STATUS 188 27907 1767 0 414. 26.
188.75 44 ESTIMATOR 63.310001 1.96 1.96 1.96 63.310001
188.92 44 COMMANDS 138,-59,-154,-1260
188.92 44 NAVIGATION 0 2 53 32 28 0. 4158.3
188.92 44 ATTITUDE -13 0 15
188.92 44 DL_VALUE 2 0.
188.92 44 FBW_STATUS 0 0 119
188.95 44 RAD_OF_IR -112 16 0.00156
188.95 44 GPS 3 55815567 339507039 1178 6367 74 231 234379248 16 0
188.95 44 SVINFO 1 14 13 5 32 57 357
189.16 44 ACTUATORS 1500,1500,0,1216,1439
189.16 44 IR_SENSORS -634 -97 1
189.30 44 NAVIGATION 0 2 53 32 28 0. 4159.4
189.30 44 WP_MOVED 16 558256.875 3395029.25 119.
189.30 44 GYRO_RATES -105 -113 -189 0.916298 -0.986111 -1.649336
189.30 44 GPS 3 55815572 339507010 1382 6389 161 236 234379500 16 0
189.30 44 SVINFO 2 31 13 7 36 52 219
189.30 44 ESTIMATOR 63.889999 2.36 2.36 2.36 63.889999
189.34 44 NAVIGATION 0 2 53 32 28 0. 4146.3
189.34 44 ATTITUDE -12 0 5
189.45 44 GPS 3 55815593 339506990 1348 6421 132 277 234379748 16 0
189.48 44 SVINFO 3 18 13 7 34 37 120
189.48 44 DESIRED 0. 0. 0. 0. 109. 0.
189.57 44 NAVIGATION 0 2 53 31 28 0. 4157.
189.57 44 WP_MOVED 17 558256.875 3395638. 119.
189.57 44 PPRZ_MODE 0 1 2 0 0 1 0
189.74 44 ESTIMATOR 64.209999 2.77 2.77 2.77 64.209999
189.74 44 GPS 3 55815616 339506983 970 6422 121 244 234380000 16 0
189.74 44 SVINFO 4 30 13 7 35 34 103
189.74 44 DOWNLINK_STATUS 189 28348 1795 0 441. 28.
189.81 44 COMMANDS 169,-90,-61,-1176
189.81 44 NAVIGATION 0 2 54 31 28 0. 4178.3
189.81 44 ATTITUDE -13 0 -3
189.81 44 DL_VALUE 3 0.
189.81 44 FBW_STATUS 0 0 119
189.91 44 RAD_OF_IR -119 -1070 0.00156
189.91 44 NAVIGATION_REF 558102 3395038 16
190.01 44 GPS 3 55815636 339506967 969 6427 61 236 234380248 16 0
190.01 44 SVINFO 5 12 13 4 31 22 66
190.01 44 IR_SENSORS -706 -129 1
190.14 44 NAVIGATION 0 2 54 31 28 0. 4190.7
190.14 44 WP_MOVED 18 558256.875 3395538. 119.
190.14 44 GYRO_RATES -216 -221 -299 1.884956 -1.928589 -2.609267
190.34 44 ESTIMATOR 64.269997 2.36 2.36 2.36 64.269997
190.34 44 BAT 179 119 11 0 45 10 0
190.34 44 GPS 3 55815642 339506954 988 6412 52 217 234380500 16 0
190.34 44 SVINFO 6 11 4 4 29 7 311
190.34 44 NAVIGATION 0 2 54 31 28 0. 4189.3
190.34 44 ATTITUDE -13 0 -1
190.34 44 CALIBRATION 0. 0.023 0.05 0
190.34 44 SERVO 9600 -9600 165
190.57 44 DESIRED 0. 0. 0. 0. 109. 0.
190.61 44 IR_DEBUG 418 610 418 610
190.61 44 GPS 3 55815653 339506947 982 6424 56 268 234380748 16 0
190.61 44 SVINFO 7 32 4 5 33 6 312
190.61 44 NAVIGATION 0 2 54 31 28 0. 4197.3
190.61 44 WP_MOVED 19 558256.875 3395438. 119.
190.61 44 ESTIMATOR 64.239998 2.68 2.68 2.68 64.239998
190.74 44 GPS 3 55815636 339506950 981 6397 46 220 234381000 16 0
190.74 44 COMMANDS 182,-28,-52,-1241
190.74 44 NAVIGATION 0 2 54 31 28 0. 4180.
190.74 44 ATTITUDE -11 0 0
190.74 44 DL_VALUE 4 0.
190.74 44 DOWNLINK_STATUS 190 28837 1828 0 489. 33.
190.79 44 FBW_STATUS 0 0 119
190.81 44 RAD_OF_IR -98 -2 0.00156
190.97 44 IR_SENSORS -691 -88 1
190.97 44 NAVIGATION 0 2 54 31 28 0. 4180.
190.97 44 GPS 3 55815622 339506955 991 6380 31 194 234381248 16 0
191.04 44 WP_MOVED 20 558256.875 3395338. 119.
191.04 44 GYRO_RATES -102 -111 -189 0.890118 -0.968658 -1.649336
191.06 44 ESTIMATOR 63.799999 1.94 1.94 1.94 63.799999
191.24 44 NAVIGATION 0 2 54 31 28 0. 4167.3
191.25 44 ATTITUDE -6 0 -2
191.25 44 GPS 3 55815647 339507036 1018 6210 23 194 234381500 16 0
191.37 44 DESIRED 0. 0. 0. 0. 109. 0.
191.40 44 NAVIGATION 0 2 54 32 28 0. 4247.3
191.47 44 GPS 3 55815649 339507090 1028 6078 33 138 234381748 16 0
191.48 44 WP_MOVED 21 558256.875 3395238. 119.
191.55 44 ESTIMATOR 60.779999 1.38 1.38 1.38 60.779999
191.69 44 COMMANDS 171,12,-55,-1191
191.69 44 NAVIGATION 0 2 54 32 28 0. 4284.8
191.69 44 ATTITUDE 1 0 -9
191.69 44 DL_VALUE 5 13.
191.69 44 GPS 3 55815646 339507121 1020 6004 54 165 234382000 16 0
191.69 44 FBW_STATUS 0 0 119
191.74 44 DOWNLINK_STATUS 191 29199 1850 0 362. 22.
191.77 44 RAD_OF_IR -7 -22 0.00156
191.84 44 IR_SENSORS -777 -9 1
191.85 44 NAVIGATION 0 2 54 33 28 0. 4301.9
191.98 44 WP_MOVED 22 558256.875 3395138. 119.
192.02 44 GYRO_RATES -210 -216 -290 1.832596 -1.884956 -2.530727
192.02 44 GPS 3 55815633 339507142 1040 5945 65 172 234382248 16 0
192.05 44 ESTIMATOR 59.450001 1.72 1.72 1.72 59.450001
192.05 44 BAT 169 119 13 0 47 12 0
192.23 44 NAVIGATION 0 2 54 33 28 0. 4301.2
192.23 44 ATTITUDE 2 0 -9
192.23 44 CALIBRATION 0. 0.023 0.05 0
192.23 44 GPS 3 55815607 339507157 1033 5897 41 164 234382500 16 0
192.23 44 SERVO 9600 -9600 179
192.33 44 DESIRED 0. 0. 0. 0. 109. 0.
192.33 44 IR_DEBUG 565 567 565 567
192.33 44 NAVIGATION 0 2 54 33 28 0. 4282.
192.37 44 WP_MOVED 23 558137.1875 3395065.75 119.
192.48 44 GPS 3 55815586 339507166 1021 5865 54 197 234382748 16 0
192.71 44 ESTIMATOR 58.650002 1.97 1.97 1.97 58.650002
192.71 44 COMMANDS 173,-26,-61,-1203
192.71 44 NAVIGATION 0 2 53 33 28 0. 4264.5
192.71 44 ATTITUDE 4 0 -13
192.71 44 DL_VALUE 6 1.
192.71 44 FBW_STATUS 0 0 119
192.72 44 RAD_OF_IR 11 -34 0.00156
192.72 44 GPS 3 55815582 339507172 1010 5844 81 182 234383000 16 0
192.72 44 SVINFO 0 22 13 7 38 70 99
192.74 44 DOWNLINK_STATUS 192 29623 1877 0 424. 27.
192.78 44 IR_SENSORS -825 9 1
192.78 44 NAVIGATION 0 2 53 33 28 0. 4264.1
192.91 44 WP_MOVED 24 558102. 3395038. 0.
192.91 44 GYRO_RATES -240 -247 -326 2.094395 -2.155482 -2.844887
193.02 44 GPS 3 55815596 339507175 1003 5824 92 147 234383248 16 0
193.02 44 SVINFO 1 14 13 6 36 57 357
193.02 44 ESTIMATOR 58.240002 1.47 1.47 1.47 58.240002
193.08 44 NAVIGATION 0 2 53 33 28 0. 4281.8
193.08 44 ATTITUDE 4 0 -20
193.19 44 GPS 3 55815608 339507175 1003 5785 71 131 234383500 16 0
193.19 44 SVINFO 2 31 13 7 38 52 219
193.22 44 DESIRED 0. 0. 0. 0. 109. 0.
193.28 44 NAVIGATION 0 2 54 33 28 0. 4295.3
193.30 44 WP_MOVED 0 558144. 3395080. 119.
193.49 44 ESTIMATOR 57.849998 1.31 1.31 1.31 57.849998
193.49 44 GPS 3 55815610 339507170 1013 5727 79 138 234383748 16 0
193.49 44 SVINFO 3 18 13 7 37 37 121
193.56 44 COMMANDS 188,-24,-58,-1223
193.56 44 NAVIGATION 0 2 54 33 28 0. 4294.1
193.56 44 ATTITUDE 4 0 -20
193.56 44 DL_VALUE 7 0.
193.56 44 FBW_STATUS 0 0 119
193.57 44 RAD_OF_IR 0 28 0.00156
193.74 44 DOWNLINK_STATUS 193 29983 1900 0 360. 23.
193.77 44 GPS 3 55815603 339507164 1024 5691 87 122 234384000 16 0
193.77 44 SVINFO 4 30 13 7 36 34 103
193.77 44 ACTUATORS 1504,1499,0,1214,1439
193.77 44 IR_SENSORS -821 9 1
193.77 44 NAVIGATION 0 2 54 33 28 0. 4282.2
193.88 44 WP_MOVED 1 558099.875 3395038. 119.
193.88 44 GYRO_RATES -262 -268 -345 2.286381 -2.338741 -3.010693
194.09 44 ESTIMATOR 56.91 1.22 1.22 1.22 56.91
194.13 44 BAT 214 119 15 0 49 14 0
194.13 44 GPS 3 55815599 339507169 1031 5664 94 130 234384248 16 0
194.13 44 SVINFO 5 12 13 6 35 22 66
194.13 44 NAVIGATION 0 2 53 33 28 0. 4281.1
194.13 44 ATTITUDE 7 0 -9
194.13 44 CALIBRATION 0. 0.023 0.05 0
194.13 44 SERVO 9600 -9600 168
194.33 44 DESIRED 0. 0. 0. 0. 109. 0.
194.33 44 IR_DEBUG 569 525 569 525
194.33 44 GPS 3 55815611 339507170 1095 5651 101 119 234384500 16 0
194.33 44 SVINFO 6 11 4 6 30 7 311
194.33 44 NAVIGATION 0 2 54 33 28 0. 4295.3
194.33 44 WP_MOVED 2 557977.5 3395042. 119.
194.37 44 ESTIMATOR 56.509998 1.19 1.19 1.19 56.509998
194.59 44 GPS 3 55815617 339507165 1097 5629 61 138 234384748 16 0
194.63 44 SVINFO 7 32 4 4 27 6 312
194.63 44 COMMANDS 169,-21,-56,-1191
194.63 44 NAVIGATION 0 2 54 33 28 0. 4298.6
194.63 44 ATTITUDE 3 0 -3
194.63 44 DL_VALUE 8 -2.
194.63 44 FBW_STATUS 0 0 119
194.63 44 RAD_OF_IR 58 5 0.00156
194.68 44 IR_SENSORS -748 59 1
194.74 44 DOWNLINK_STATUS 194 30448 1931 0 465. 31.
194.79 44 NAVIGATION 0 2 54 33 28 0. 4298.6
194.79 44 GPS 3 55815619 339507146 1121 5648 46 242 234385000 16 0
194.79 44 SVINFO 8 9 4 4 30 1 41
194.79 44 WP_MOVED 3 557795.5 3395102.75 119.
194.79 44 GYRO_RATES -231 -232 -311 2.015855 -2.024582 -2.713987
194.86 44 ESTIMATOR 56.48 2.42 2.42 2.42 56.48
194.97 44 NAVIGATION 0 2 54 33 28 0. 4288.1
195.01 44 ATTITUDE 14 0 -15
195.01 44 GPS 3 55815629 339507136 1115 5692 69 253 234385248 16 0
195.12 44 DESIRED 0. 0. 0. 0. 109. 0.
195.13 44 NAVIGATION 0 2 54 33 28 0. 4292.7
195.20 44 GPS 3 55815655 339507127 1101 5757 94 368 234385500 16 0
195.20 44 WP_MOVED 4 557843.625 3395191.25 119.
195.29 44 ESTIMATOR 57.57 3.68 3.68 3.68 57.57
195.54 44 COMMANDS 173,-26,-59,-1176
195.54 44 NAVIGATION 0 2 54 33 28 0. 4316.1
195.54 44 ATTITUDE 20 0 -18
195.54 44 DL_VALUE 9 -63.400002
195.54 44 GPS 3 55815672 339507115 1112 5823 150 393 234385748 16 0
195.59 44 FBW_STATUS 0 0 119
195.60 44 RAD_OF_IR 123 31 0.00156
195.60 44 IR_SENSORS -867 130 1
195.60 44 NAVIGATION 0 2 54 33 28 0. 4327.4
195.72 44 WP_MOVED 5 557925.3125 3395354. 229.
195.72 44 GYRO_RATES -164 -175 -252 1.43117 -1.527163 -2.199115
195.72 44 GPS 3 55815686 339507071 1096 5911 151 384 234386000 16 0
195.74 44 DOWNLINK_STATUS 195 30895 1957 0 447. 26.
195.80 44 ESTIMATOR 59.110001 3.84 3.84 3.84 59.110001
195.80 44 BAT 171 119 17 0 51 16 0
195.97 44 NAVIGATION 0 2 54 32 28 0. 4314.4
195.97 44 ATTITUDE 18 0 -29
195.97 44 CALIBRATION 0. 0.023 0.05 0
195.97 44 GPS 3 55815704 339507051 983 6031 104 389 234386248 16 0
195.97 44 SERVO 9600 -9600 168
196.14 44 DESIRED 0. 0. 0. 0. 109. 0.
196.14 44 IR_DEBUG 742 597 742 597
196.14 44 NAVIGATION 0 2 55 32 28 0. 4321.9
196.23 44 WP_MOVED 6 557648.8125 3395447. 229.
196.23 44 GPS 3 55815746 339507076 1044 6098 102 393 234386500 16 0
196.24 44 ESTIMATOR 60.98 3.93 3.93 3.93 60.98
196.37 44 COMMANDS 170,-28,-61,-1186
196.37 44 NAVIGATION 0 2 55 32 28 0. 4386.4
196.37 44 ATTITUDE 15 0 -30
196.37 44 DL_VALUE 10 0.
196.53 44 FBW_STATUS 0 0 119
196.57 44 RAD_OF_IR 95 172 0.00156
196.57 44 GPS 3 55815768 339507080 1122 6128 143 348 234386748 16 0
196.57 44 IR_SENSORS -912 93 1
196.57 44 NAVIGATION 0 2 55 32 28 0. 4414.4
196.63 44 WP_MOVED 7 557713.875 3395562.25 229.
196.63 44 GYRO_RATES -178 -185 -263 1.553343 -1.61443 -2.295108
196.75 44 DOWNLINK_STATUS 196 31272 1981 0 377. 24.
196.77 44 GPS 3 55815776 339507080 1111 6136 100 350 234387000 16 0
196.77 44 SVINFO 0 22 13 7 36 70 99
196.77 44 ESTIMATOR 61.360001 3.5 3.5 3.5 61.360001
196.83 44 NAVIGATION 0 2 55 32 28 0. 4423.6
196.83 44 ATTITUDE 15 0 -27
196.94 44 GPS 3 55815770 339507083 1127 6136 77 318 234387248 16 0
196.95 44 SVINFO 1 14 13 6 34 57 357
197.03 44 DESIRED 0. 0. 0. 0. 109. 0.
197.06 44 NAVIGATION 0 2 55 32 28 0. 4418.6
197.06 44 WP_MOVED 8 558003.1875 3395761.75 229.
197.24 44 ESTIMATOR 61.360001 3.18 3.18 3.18 61.360001
197.24 44 GPS 3 55815751 339507093 1104 6114 73 265 234387500 16 0
197.24 44 SVINFO 2 31 13 7 35 52 219
197.31 44 COMMANDS 173,-26,-61,-1198
197.31 44 NAVIGATION 0 2 55 32 28 0. 4403.3
197.31 44 ATTITUDE 16 0 -28
197.31 44 DL_VALUE 11 1.
197.31 44 FBW_STATUS 0 0 119
197.32 44 RAD_OF_IR 101 -65 0.00156
197.51 44 GPS 3 55815742 339507096 1101 6132 96 289 234387748 16 0
197.51 44 SVINFO 3 18 13 7 36 37 121
197.51 44 IR_SENSORS -914 98 1
197.52 44 NAVIGATION 0 2 55 32 28 0. 4394.9
197.63 44 WP_MOVED 9 558151.375 3395696.75 229.
197.63 44 GYRO_RATES -178 -186 -263 1.553343 -1.623156 -2.295108
197.74 44 DOWNLINK_STATUS 197 31669 2006 0 397. 25.
197.85 44 ESTIMATOR 61.32 2.89 2.89 2.89 61.32
197.85 44 BAT 166 119 19 0 53 18 0
197.85 44 GPS 3 55815742 339507099 859 6166 113 312 234388000 16 0
197.85 44 SVINFO 4 30 13 7 35 34 103
197.85 44 NAVIGATION 0 2 55 32 28 0. 4396.9
197.85 44 ATTITUDE 15 0 -27
197.85 44 CALIBRATION 0. 0.023 0.05 0
197.85 44 SERVO 9600 -9600 185
198.07 44 DESIRED 0. 0. 0. 0. 109. 0.
198.10 44 IR_DEBUG 712 581 712 581
198.10 44 GPS 3 55815749 339507104 868 6196 82 337 234388248 16 0
198.11 44 SVINFO 5 12 13 6 32 22 66
198.11 44 NAVIGATION 0 2 55 33 28 0. 4408.2
198.11 44 WP_MOVED 10 558094.1875 3395598. 229.
198.11 44 ESTIMATOR 61.959999 3.37 3.37 3.37 61.959999
198.25 44 GPS 3 55815763 339507100 1054 6236 114 337 234388500 16 0
198.25 44 COMMANDS 191,-20,-56,-1233
198.25 44 NAVIGATION 0 2 55 33 28 0. 4421.8
198.25 44 ATTITUDE 16 0 -26
198.25 44 DL_VALUE 12 0.
198.29 44 FBW_STATUS 0 0 119
198.31 44 RAD_OF_IR 101 526 0.00156
198.31 44 NAVIGATION_REF 558102 3395038 16
198.47 44 ACTUATORS 1505,1500,0,1214,1439
198.47 44 IR_SENSORS -905 102 1
198.47 44 NAVIGATION 0 2 55 33 28 0. 4421.8
198.47 44 GPS 3 55815779 339507098 882 6271 113 360 234388748 16 0
198.54 44 WP_MOVED 11 558150.3125 3395567. 119.
198.54 44 GYRO_RATES -168 -171 -251 1.466077 -1.492257 -2.190388
198.56 44 ESTIMATOR 62.709999 3.6 3.6 3.6 62.709999
198.75 44 NAVIGATION 0 2 55 32 28 0. 4438.9
198.75 44 ATTITUDE 16 0 -26
198.75 44 GPS 3 55815771 339507090 1204 6302 106 351 234389000 16 0
198.75 44 SVINFO 8 9 4 4 30 1 41
198.75 44 DOWNLINK_STATUS 198 32202 2040 0 533. 34.
198.87 44 DESIRED 0. 0. 0. 0. 109. 0.
199.07 44 NAVIGATION 0 2 55 32 28 0. 4424.4
199.10 44 GPS 3 55815769 339507095 1199 6336 85 338 234389248 16 0
199.11 44 WP_MOVED 12 557820.5 3395444. 180.
199.11 44 PPRZ_MODE 0 1 2 0 0 1 0
199.11 44 ESTIMATOR 63.360001 3.38 3.38 3.38 63.360001
199.19 44 COMMANDS 168,-14,-56,-1189
199.19 44 NAVIGATION 0 2 55 32 28 0. 4425.4
199.19 44 ATTITUDE 16 0 -26
199.19 44 DL_VALUE 13 415.
199.19 44 GPS 3 55815772 339507096 1321 6365 102 339 234389500 16 0
199.19 44 FBW_STATUS 0 0 119
199.27 44 RAD_OF_IR 101 345 0.00156
199.34 44 IR_SENSORS -899 102 1
