30.29 8 ENOSE_STATUS 0 0 0 0. 0. 0. 237
30.34 8 GPS 0 0 0 0 0 0 0 0 0 0
30.37 8 ENOSE_STATUS 0 0 0 inf inf inf 237
30.38 8 FBW_STATUS 2 1 122
30.42 8 ESTIMATOR 0. 0. 0. 0. 0.
30.49 8 NAVIGATION 0 1 0 0 286 0. 140.5
30.51 8 WP_MOVED 0 497617. 3565540. 770.
30.53 8 SERVO 9600 -9600 0
30.57 8 ENOSE_STATUS 0 0 0 inf inf inf 237
30.62 8 GPS 0 0 0 0 0 0 0 1748 0 0
30.65 8 DESIRED 0. 0. 0. 0. 761. 0.
30.67 8 IR_DEBUG 655 587 655 587
30.70 8 NAVIGATION 0 1 0 0 286 0. 140.5
30.72 8 ATTITUDE 13 0 -21
30.76 8 ENOSE_STATUS 0 0 0 inf inf inf 237
30.81 8 ESTIMATOR 0. 0. 0. 0. 0.
30.88 8 GPS 0 0 0 0 0 0 0 2000 0 0
30.89 8 DL_VALUE 2 0.
30.92 8 NAVIGATION 0 1 0 0 286 0. 140.5
30.97 8 WP_MOVED 1 497586.6875 3565500. 770.
31.00 8 RAD_OF_IR 77 0 0.00211
31.03 8 DOWNLINK_STATUS 30 380 23 0 380. 23.
31.04 8 ENOSE_STATUS 0 0 0 inf inf inf 237
31.05 8 IR_SENSORS -763 14 1
31.12 8 GPS 0 0 0 0 0 0 0 2248 0 0
31.14 8 COMMANDS 0,-9600,3496,-7592
31.18 8 NAVIGATION 0 1 0 0 286 0. 140.5
31.20 8 ATTITUDE 3 0 -3
31.23 8 GYRO_RATES -49 17 -51 0.427606 0.148353 0.445059
31.26 8 ENOSE_STATUS 65535 65535 65535 -0.811617 -0.986731 -0.966091 237
31.30 8 FBW_STATUS 2 1 122
31.31 8 ESTIMATOR 0. 0. 0. 0. 0.
31.37 8 GPS 0 0 0 0 0 0 0 2500 0 0
31.39 8 NAVIGATION 0 1 0 0 286 0. 140.5
31.44 8 WP_MOVED 2 497622.6875 3565498.5 770.
31.49 8 ENOSE_STATUS 65535 65535 65535 -0.811617 -0.986731 -0.966091 237
31.57 8 DESIRED 0. 0. 0. 0. 761. 0.
31.62 8 GPS 0 0 0 0 0 0 0 2748 0 0
31.64 8 NAVIGATION 0 1 0 0 286 0. 140.5
31.66 8 ATTITUDE 2 0 -15
31.69 8 ENOSE_STATUS 65535 65535 65535 -0.811617 -0.986731 -0.966091 237
31.75 8 ESTIMATOR 0. 0. 0. 0. 0.
31.80 8 DL_VALUE 3 0.
31.88 8 GPS 0 0 0 0 0 0 0 3000 0 0
31.90 8 NAVIGATION 0 1 0 0 286 0. 140.5
31.93 8 WP_MOVED 3 497546.40625 3565495.5 770.
31.95 8 RAD_OF_IR -10 0 0.00211
31.98 8 ENOSE_STATUS 65535 65535 65535 -0.811617 -0.986731 -0.966091 237
32.00 8 IR_SENSORS -602 2 1
32.04 8 DOWNLINK_STATUS 31 850 50 0 470. 27.
32.08 8 COMMANDS 0,-4410,-9600,-2356
32.11 8 NAVIGATION 0 1 0 0 286 0. 140.5
32.16 8 GPS 0 0 0 0 0 0 0 3248 0 0
32.18 8 ATTITUDE 0 0 22
32.21 8 GYRO_RATES -24 43 -28 0.20944 0.375246 0.244346
32.24 8 ENOSE_STATUS 65535 65535 65535 -0.811617 -0.986731 -0.966091 237
32.25 8 FBW_STATUS 2 1 122
32.29 8 ESTIMATOR 0. 0. 0. 0. 0.
32.31 8 BAT 0 122 0 0 4 1 0
32.34 8 CALIBRATION 0. 0.02 0.5 0
32.37 8 NAVIGATION 0 1 0 0 286 0. 140.5
32.41 8 GPS 0 0 0 0 0 0 0 3500 0 0
32.43 8 WP_MOVED 4 497575. 3565498. 0.
32.44 8 SERVO -9600 -4283 0
32.48 8 ENOSE_STATUS 65535 65535 65535 -0.811617 -0.986731 -0.966091 237
32.51 8 DESIRED 0. 0. 0. 0. 761. 0.
32.53 8 IR_DEBUG 424 418 424 418
32.57 8 NAVIGATION 0 1 0 0 286 0. 140.5
32.58 8 ATTITUDE 1 0 24
32.63 8 GPS 0 0 0 0 0 0 0 3748 0 0
32.66 8 ENOSE_STATUS 65535 28986 17801 -0.811617 -0.970001 -0.875163 237
32.69 8 ESTIMATOR 0. 0. 0. 0. 0.
32.74 8 DL_VALUE 4 2.
32.80 8 NAVIGATION 0 1 0 0 286 0. 140.5
32.88 8 GPS 0 0 0 0 0 0 0 4000 0 0
32.91 8 WP_MOVED 0 497617. 3565540. 770.
32.92 8 RAD_OF_IR 8 0 0.00211
32.95 8 ENOSE_STATUS 65535 28986 17801 -0.811617 -0.970001 -0.875163 237
32.97 8 IR_SENSORS -556 7 1
33.02 8 COMMANDS 0,-4695,-9600,-2356
33.04 8 DOWNLINK_STATUS 32 1349 80 0 499. 30.
33.05 8 NAVIGATION 0 1 0 0 286 0. 140.5
33.07 8 ATTITUDE 1 0 28
33.11 8 GYRO_RATES -25 43 -28 0.218166 0.375246 0.244346
33.14 8 ENOSE_STATUS 65535 28986 17801 -0.811617 -0.970001 -0.875163 237
33.18 8 GPS 0 0 0 0 0 0 0 4248 0 0
33.20 8 FBW_STATUS 2 1 122
33.23 8 ESTIMATOR 0. 0. 0. 0. 0.
33.24 8 ACTUATORS 1000,1750,0,1200,1373
33.27 8 NAVIGATION 0 1 0 0 286 0. 140.5
33.33 8 WP_MOVED 1 497586.6875 3565500. 770.
33.36 8 ENOSE_STATUS 30313 4643 2257 -0.592727 -0.812715 -0.015409 237
33.41 8 GPS 0 0 0 0 0 0 0 4500 0 0
33.44 8 DESIRED 0. 0. 0. 0. 761. 0.
33.50 8 NAVIGATION 0 1 0 0 286 0. 140.5
33.52 8 ATTITUDE 7 0 -34
33.54 8 PPRZ_MODE 2 0 3 0 0 6 0
33.57 8 ENOSE_STATUS 30313 4643 2257 -0.592727 -0.812715 -0.015409 237
33.62 8 GPS 0 0 0 0 0 0 0 4748 0 0
33.65 8 ESTIMATOR 0. 0. 0. 0. 0.
33.68 8 DL_VALUE 5 0.
33.73 8 NAVIGATION 0 1 0 0 286 0. 140.5
33.78 8 WP_MOVED 2 497622.6875 3565498.5 770.
33.83 8 RAD_OF_IR 7 0 0.00211
33.85 8 ENOSE_STATUS 30313 4643 2257 -0.592727 -0.812715 -0.015409 237
33.89 8 GPS 0 0 0 0 0 0 0 5000 0 0
33.91 8 IR_SENSORS -947 7 1
33.95 8 COMMANDS 0,-9600,9600,-9600
33.99 8 NAVIGATION 0 1 0 0 286 0. 140.5
34.01 8 ATTITUDE 1 0 -42
34.04 8 DOWNLINK_STATUS 33 1838 109 0 489. 29.
34.04 8 GYRO_RATES -303 -237 -304 2.644174 -2.068215 2.6529
34.07 8 ENOSE_STATUS 3170 549 212 2.894536 0.583907 9.482181 237
34.09 8 FBW_STATUS 2 1 122
34.12 8 ESTIMATOR 0. 0. 0. 0. 0.
34.14 8 BAT 0 122 0 0 6 1 0
34.19 8 GPS 0 0 0 0 0 0 0 5248 0 0
34.21 8 CALIBRATION 0. 0.02 0.5 0
34.24 8 NAVIGATION 0 1 0 0 286 0. 140.5
34.28 8 WP_MOVED 3 497546.40625 3565495.5 770.
34.31 8 SERVO 9600 -9600 0
34.32 8 ENOSE_STATUS 3170 549 212 2.894536 0.583907 9.482181 237
34.37 8 GPS 0 0 0 0 0 0 0 5500 0 0
34.40 8 DESIRED 0. 0. 0. 0. 761. 0.
34.42 8 IR_DEBUG 682 673 682 673
34.45 8 NAVIGATION 0 1 0 0 286 0. 140.5
34.46 8 ATTITUDE 1 0 -43
34.51 8 ENOSE_STATUS 3170 549 212 2.894536 0.583907 9.482181 237
34.56 8 ESTIMATOR 0. 0. 0. 0. 0.
34.62 8 GPS 0 0 0 0 0 0 0 5748 0 0
34.63 8 DL_VALUE 6 0.
34.67 8 NAVIGATION 0 1 0 0 286 0. 140.5
34.72 8 WP_MOVED 4 497575. 3565498. 0.
34.75 8 RAD_OF_IR 6 0 0.00211
34.80 8 ENOSE_STATUS 459 122 74 25.896906 6.127584 29.030031 237
34.83 8 IR_SENSORS -949 7 1
34.88 8 GPS 0 0 0 0 0 0 0 6000 0 0
34.89 8 COMMANDS 0,-9600,9600,-9600
34.93 8 NAVIGATION 0 1 0 0 286 0. 140.5
34.95 8 ATTITUDE 1 0 -43
34.98 8 GYRO_RATES -280 -214 -282 2.443461 -1.867502 2.460914
35.01 8 ENOSE_STATUS 459 122 74 25.896906 6.127584 29.030031 237
35.02 8 FBW_STATUS 2 1 122
35.04 8 DOWNLINK_STATUS 34 2372 141 0 534. 32.
35.06 8 ESTIMATOR 0. 0. 0. 0. 0.
35.11 8 GPS 0 0 0 0 0 0 0 6248 0 0
35.14 8 NAVIGATION 0 1 0 0 286 0. 140.5
35.19 8 WP_MOVED 0 497617. 3565540. 770.
35.23 8 ENOSE_STATUS 459 122 74 25.896906 6.127584 29.030031 237
35.31 8 DESIRED 0. 0. 0. 0. 761. 0.
35.38 8 GPS 0 0 0 0 0 0 0 6500 0 0
35.41 8 NAVIGATION 0 1 0 0 286 0. 140.5
35.42 8 ATTITUDE 1 0 -43
35.45 8 ENOSE_STATUS 115 66 47 106.353729 12.175231 46.281322 237
35.49 8 ESTIMATOR 0. 0. 0. 0. 0.
35.55 8 DL_VALUE 7 0.
35.62 8 GPS 0 0 0 0 0 0 0 6748 0 0
35.64 8 NAVIGATION 0 1 0 0 286 0. 140.5
35.66 8 WP_MOVED 1 497586.6875 3565500. 770.
35.69 8 RAD_OF_IR 6 0 0.00211
35.73 8 ENOSE_STATUS 115 66 47 106.353729 12.175231 46.281322 237
35.74 8 IR_SENSORS -948 6 1
35.83 8 COMMANDS 0,-9600,9600,-9600
35.87 8 NAVIGATION 0 1 0 0 286 0. 140.5
35.91 8 GPS 0 0 0 0 0 0 0 7000 0 0
35.93 8 ATTITUDE 1 0 -43
35.96 8 GYRO_RATES -280 -214 -283 2.443461 -1.867502 2.469641
35.99 8 ENOSE_STATUS 115 66 47 106.353729 12.175231 46.281322 237
36.00 8 FBW_STATUS 2 1 122
36.04 8 ESTIMATOR 0. 0. 0. 0. 0.
36.04 8 DOWNLINK_STATUS 35 2835 167 0 463. 26.
36.06 8 BAT 0 122 0 0 7 0 0
36.09 8 CALIBRATION 0. 0.02 0.5 0
36.11 8 NAVIGATION 0 1 0 0 286 0. 140.5
36.15 8 GPS 0 0 0 0 0 0 0 7248 0 0
36.18 8 WP_MOVED 2 497622.6875 3565498.5 770.
36.20 8 SERVO 9600 -9600 0
36.23 8 ENOSE_STATUS 55 51 44 223.466873 16.050299 49.505051 237
36.27 8 DESIRED 0. 0. 0. 0. 761. 0.
36.29 8 IR_DEBUG 683 673 683 673
36.32 8 NAVIGATION 0 1 0 0 286 0. 140.5
36.33 8 ATTITUDE 1 0 -43
36.38 8 GPS 0 0 0 0 0 0 0 7500 0 0
36.41 8 ENOSE_STATUS 55 51 44 223.466873 16.050299 49.505051 237
36.44 8 ESTIMATOR 0. 0. 0. 0. 0.
36.49 8 DL_VALUE 8 0.
36.55 8 NAVIGATION 0 1 0 0 286 0. 140.5
36.62 8 GPS 0 0 0 0 0 0 0 7748 0 0
36.64 8 WP_MOVED 3 497546.40625 3565495.5 770.
36.66 8 RAD_OF_IR 7 0 0.00211
36.69 8 ENOSE_STATUS 55 51 44 223.466873 16.050299 49.505051 237
36.71 8 IR_SENSORS -946 7 1
36.76 8 COMMANDS 0,-9600,9600,-9600
36.81 8 NAVIGATION 0 1 0 0 286 0. 140.5
36.85 8 ATTITUDE 1 0 -43
36.86 8 GYRO_RATES -280 -215 -283 2.443461 -1.876229 2.469641
36.88 8 ENOSE_STATUS 55 51 44 223.466873 16.050299 49.505051 237
36.93 8 GPS 0 0 0 0 0 0 0 8000 0 0
36.94 8 FBW_STATUS 2 1 122
36.98 8 ESTIMATOR 0. 0. 0. 0. 0.
37.02 8 NAVIGATION 0 1 0 0 286 0. 140.5
37.04 8 DOWNLINK_STATUS 36 3341 197 0 506. 30.
37.07 8 WP_MOVED 4 497575. 3565498. 0.
37.11 8 ENOSE_STATUS 55 51 44 223.466873 16.050299 49.505051 237
37.15 8 GPS 0 0 0 0 0 0 0 8248 0 0
37.19 8 DESIRED 0. 0. 0. 0. 761. 0.
37.25 8 NAVIGATION 0 1 0 0 286 0. 140.5
37.27 8 ATTITUDE 1 0 -43
37.33 8 ENOSE_STATUS 55 51 44 223.466873 16.050299 49.505051 237
37.37 8 GPS 0 0 0 0 0 0 0 8500 0 0
37.40 8 ESTIMATOR 0. 0. 0. 0. 0.
37.42 8 DL_VALUE 9 0.
37.48 8 NAVIGATION 0 1 0 0 286 0. 140.5
37.54 8 WP_MOVED 0 497617. 3565540. 770.
37.56 8 RAD_OF_IR 7 0 0.00211
37.58 8 NAVIGATION_REF 497575 3565498 12
37.62 8 ENOSE_STATUS 47 44 40 261.674011 18.762846 54.555557 237
37.67 8 GPS 0 0 0 0 0 0 0 8748 0 0
37.68 8 IR_SENSORS -948 6 1
37.70 8 COMMANDS 0,-9600,9600,-9600
37.74 8 NAVIGATION 0 1 0 0 286 0. 140.5
37.76 8 ATTITUDE 1 0 -43
37.81 8 GYRO_RATES -280 -214 -282 2.443461 -1.867502 2.460914
37.84 8 ENOSE_STATUS 47 44 40 261.674011 18.762846 54.555557 237
37.84 8 FBW_STATUS 2 1 122
37.87 8 ESTIMATOR 0. 0. 0. 0. 0.
37.89 8 BAT 0 122 0 0 9 0 0
37.94 8 GPS 0 0 0 0 0 0 0 9000 0 0
37.96 8 ACTUATORS 1500,1000,0,1200,1000
37.99 8 CALIBRATION 0. 0.02 0.5 0
38.01 8 NAVIGATION 0 1 0 0 286 0. 140.5
38.04 8 WP_MOVED 1 497586.6875 3565500. 770.
38.04 8 DOWNLINK_STATUS 37 3850 227 0 509. 30.
38.05 8 SERVO 9600 -9600 0
38.09 8 ENOSE_STATUS 47 44 40 261.674011 18.762846 54.555557 237
38.12 8 GPS 0 0 0 0 0 0 0 9248 0 0
38.17 8 DESIRED 0. 0. 0. 0. 761. 0.
38.18 8 IR_DEBUG 683 673 683 673
38.21 8 NAVIGATION 0 1 0 0 286 0. 140.5
38.23 8 ATTITUDE 1 0 -43
38.24 8 PPRZ_MODE 2 0 3 0 0 6 0
38.29 8 ENOSE_STATUS 44 47 36 279.583618 17.501387 60.728397 237
38.33 8 ESTIMATOR 0. 0. 0. 0. 0.
38.37 8 GPS 0 0 0 0 0 0 0 9500 0 0
38.38 8 DL_VALUE 10 -85.943672
38.42 8 NAVIGATION 0 1 0 0 286 0. 140.5
38.47 8 WP_MOVED 2 497622.6875 3565498.5 770.
38.50 8 RAD_OF_IR 7 0 0.00211
38.54 8 ENOSE_STATUS 44 47 36 279.583618 17.501387 60.728397 237
38.56 8 IR_SENSORS -947 7 1
38.62 8 GPS 0 0 0 0 0 0 0 9748 0 0
38.64 8 COMMANDS 0,-9600,9600,-9600
38.68 8 NAVIGATION 0 1 0 0 286 0. 140.5
38.70 8 ATTITUDE 1 0 -43
38.73 8 GYRO_RATES -279 -214 -283 2.434734 -1.867502 2.469641
38.76 8 ENOSE_STATUS 44 47 36 279.583618 17.501387 60.728397 237
38.77 8 FBW_STATUS 2 1 122
38.81 8 ESTIMATOR 0. 0. 0. 0. 0.
38.88 8 GPS 0 0 0 0 0 0 0 10000 0 0
38.90 8 NAVIGATION 0 1 0 0 286 0. 140.5
38.94 8 WP_MOVED 3 497546.40625 3565495.5 770.
38.98 8 ENOSE_STATUS 47 44 47 261.674011 18.762846 46.281322 237
39.04 8 DOWNLINK_STATUS 38 4339 256 0 489. 29.
39.07 8 DESIRED 0. 0. 0. 0. 761. 0.
39.11 8 GPS 0 0 0 0 0 0 0 10248 0 0
39.14 8 NAVIGATION 0 1 0 0 286 0. 140.5
39.16 8 ATTITUDE 1 0 -43
39.19 8 ENOSE_STATUS 47 44 47 261.674011 18.762846 46.281322 237
39.24 8 ESTIMATOR 0. 0. 0. 0. 0.
39.32 8 DL_VALUE 11 1.5
39.37 8 GPS 0 0 0 0 0 0 0 10500 0 0
39.39 8 NAVIGATION 0 1 0 0 286 0. 140.5
39.42 8 WP_MOVED 4 497575. 3565498. 0.
39.44 8 RAD_OF_IR 6 0 0.00211
39.47 8 ENOSE_STATUS 47 44 47 261.674011 18.762846 46.281322 237
39.49 8 IR_SENSORS -949 7 1
39.58 8 COMMANDS 0,-9600,9600,-9600
39.61 8 NAVIGATION 0 1 0 0 286 0. 140.5
39.66 8 GPS 0 0 0 0 0 0 0 10748 0 0
39.68 8 ATTITUDE 1 0 -43
39.71 8 GYRO_RATES -279 -214 -282 2.434734 -1.867502 2.460914
39.74 8 ENOSE_STATUS 55 40 59 223.466873 20.73913 36.664783 237
39.75 8 FBW_STATUS 2 1 122
39.79 8 ESTIMATOR 0. 0. 0. 0. 0.
39.83 8 BAT 0 122 0 0 11 0 0
39.84 8 CALIBRATION 0. 0.02 0.5 0
39.86 8 NAVIGATION 0 1 0 0 286 0. 140.5
39.90 8 GPS 0 0 0 0 0 0 0 11000 0 0
39.93 8 WP_MOVED 0 497617. 3565540. 770.
39.94 8 SERVO 9600 -9600 0
39.98 8 ENOSE_STATUS 55 40 59 223.466873 20.73913 36.664783 237
40.01 8 DESIRED 0. 0. 0. 0. 761. 0.
40.03 8 IR_DEBUG 682 673 682 673
40.04 8 DOWNLINK_STATUS 39 4853 286 0 514. 30.
40.06 8 NAVIGATION 0 1 0 0 286 0. 140.5
40.08 8 ATTITUDE 1 0 -43
40.13 8 GPS 0 0 0 0 0 0 0 11248 0 0
40.16 8 ENOSE_STATUS 55 40 59 223.466873 20.73913 36.664783 237
40.19 8 ESTIMATOR 0. 0. 0. 0. 0.
40.24 8 DL_VALUE 12 1.5
40.30 8 NAVIGATION 0 1 0 0 286 0. 140.5
40.36 8 GPS 0 0 0 0 0 0 0 11500 0 0
40.39 8 WP_MOVED 1 497586.6875 3565500. 770.
40.40 8 RAD_OF_IR 6 0 0.00211
40.44 8 ENOSE_STATUS 59 51 59 208.248795 16.050299 36.664783 237
40.46 8 IR_SENSORS -948 6 1
40.52 8 COMMANDS 0,-9600,9600,-9600
40.55 8 NAVIGATION 0 1 0 0 286 0. 140.5
40.57 8 ATTITUDE 1 0 -43
40.60 8 GYRO_RATES -280 -213 -282 2.443461 -1.858776 2.460914
40.63 8 ENOSE_STATUS 59 51 59 208.248795 16.050299 36.664783 237
40.68 8 GPS 0 0 0 0 0 0 0 11748 0 0
40.70 8 FBW_STATUS 2 1 122
40.72 8 ESTIMATOR 0. 0. 0. 0. 0.
40.76 8 NAVIGATION 0 1 0 0 286 0. 140.5
40.83 8 WP_MOVED 2 497622.6875 3565498.5 770.
40.86 8 ENOSE_STATUS 59 51 59 208.248795 16.050299 36.664783 237
40.90 8 GPS 0 0 0 0 0 0 0 12000 0 0
40.94 8 DESIRED 0. 0. 0. 0. 761. 0.
41.00 8 NAVIGATION 0 1 0 0 286 0. 140.5
41.02 8 ATTITUDE 1 0 -43
41.04 8 DOWNLINK_STATUS 40 5320 313 0 467. 27.
41.07 8 ENOSE_STATUS 66 47 70 186.055756 17.501387 30.746033 237
41.11 8 GPS 0 0 0 0 0 0 0 12248 0 0
41.14 8 ESTIMATOR 0. 0. 0. 0. 0.
41.18 8 DL_VALUE 13 1.5
41.23 8 NAVIGATION 0 1 0 0 286 0. 140.5
41.30 8 WP_MOVED 3 497546.40625 3565495.5 770.
41.34 8 RAD_OF_IR 6 0 0.00211
41.35 8 ENOSE_STATUS 66 47 70 186.055756 17.501387 30.746033 237
41.39 8 GPS 0 0 0 0 0 0 0 12500 0 0
41.41 8 IR_SENSORS -948 6 1
41.45 8 COMMANDS 0,-9600,9600,-9600
41.49 8 NAVIGATION 0 1 0 0 286 0. 140.5
41.51 8 ATTITUDE 1 0 -43
41.54 8 GYRO_RATES -280 -214 -282 2.443461 -1.867502 2.460914
41.57 8 ENOSE_STATUS 66 47 70 186.055756 17.501387 30.746033 237
41.59 8 FBW_STATUS 2 1 122
41.62 8 ESTIMATOR 0. 0. 0. 0. 0.
41.64 8 BAT 0 122 0 0 13 0 0
41.69 8 GPS 0 0 0 0 0 0 0 12748 0 0
41.71 8 CALIBRATION 0. 0.02 0.5 0
41.74 8 NAVIGATION 0 1 0 0 286 0. 140.5
41.76 8 WP_MOVED 4 497575. 3565498. 0.
41.78 8 SERVO 9600 -9600 0
41.83 8 ENOSE_STATUS 66 40 89 186.055756 20.73913 23.96879 237
41.88 8 GPS 0 0 0 0 0 0 0 13000 0 0
41.91 8 DESIRED 0. 0. 0. 0. 761. 0.
41.93 8 IR_DEBUG 682 673 682 673
41.96 8 NAVIGATION 0 1 0 0 286 0. 140.5
41.98 8 ATTITUDE 1 0 -43
42.01 8 ENOSE_STATUS 66 40 89 186.055756 20.73913 23.96879 237
42.04 8 DOWNLINK_STATUS 41 5829 343 0 509. 30.
42.05 8 ESTIMATOR 0. 0. 0. 0. 0.
42.11 8 GPS 0 0 0 0 0 0 0 13248 0 0
42.13 8 DL_VALUE 14 1.5
42.17 8 NAVIGATION 0 1 0 0 286 0. 140.5
42.22 8 WP_MOVED 0 497617. 3565540. 770.
42.25 8 RAD_OF_IR 6 0 0.00211
42.30 8 ENOSE_STATUS 66 40 89 186.055756 20.73913 23.96879 237
42.34 8 IR_SENSORS -949 7 1
42.37 8 GPS 0 0 0 0 0 0 0 13500 0 0
42.39 8 COMMANDS 0,-9600,9600,-9600
42.43 8 NAVIGATION 0 1 0 0 286 0. 140.5
42.44 8 ATTITUDE 1 0 -42
42.48 8 GYRO_RATES -280 -214 -282 2.443461 -1.867502 2.460914
42.50 8 ENOSE_STATUS 96 36 96 127.60083 23.154589 22.148149 237
42.52 8 FBW_STATUS 2 1 122
42.56 8 ESTIMATOR 0. 0. 0. 0. 0.
42.58 8 ACTUATORS 1500,1000,0,1200,1000
42.64 8 GPS 0 0 0 0 0 0 0 13748 0 0
42.66 8 NAVIGATION 0 1 0 0 286 0. 140.5
42.69 8 WP_MOVED 1 497586.6875 3565500. 770.
42.73 8 ENOSE_STATUS 96 36 96 127.60083 23.154589 22.148149 237
42.83 8 DESIRED 0. 0. 0. 0. 761. 0.
42.88 8 GPS 0 0 0 0 0 0 0 14000 0 0
42.90 8 NAVIGATION 0 1 0 0 286 0. 140.5
42.92 8 ATTITUDE 1 0 -43
42.94 8 PPRZ_MODE 2 0 3 0 0 6 0
42.97 8 ENOSE_STATUS 96 36 96 127.60083 23.154589 22.148149 237
43.00 8 ESTIMATOR 0. 0. 0. 0. 0.
43.04 8 DOWNLINK_STATUS 42 6314 371 0 485. 28.
43.05 8 DL_VALUE 15 0.
43.11 8 GPS 0 0 0 0 0 0 0 14248 0 0
43.14 8 NAVIGATION 0 1 0 0 286 0. 140.5
43.16 8 WP_MOVED 2 497622.6875 3565498.5 770.
43.18 8 RAD_OF_IR 6 0 0.00211
43.22 8 ENOSE_STATUS 104 40 126 117.708458 20.73913 16.636684 237
43.24 8 IR_SENSORS -947 7 1
43.34 8 COMMANDS 0,-9600,9600,-9600
43.38 8 NAVIGATION 0 1 0 0 286 0. 140.5
43.41 8 GPS 0 0 0 0 0 0 0 14500 0 0
43.43 8 ATTITUDE 1 0 -43
43.46 8 GYRO_RATES -280 -215 -282 2.443461 -1.876229 2.460914
43.48 8 ENOSE_STATUS 104 40 126 117.708458 20.73913 16.636684 237
43.50 8 FBW_STATUS 2 1 122
43.54 8 ESTIMATOR 0. 0. 0. 0. 0.
43.56 8 BAT 0 122 0 0 15 0 0
43.58 8 CALIBRATION 0. 0.02 0.5 0
43.61 8 NAVIGATION 0 1 0 0 286 0. 140.5
43.65 8 GPS 0 0 0 0 0 0 0 14748 0 0
43.68 8 WP_MOVED 3 497546.40625 3565495.5 770.
43.70 8 SERVO 9600 -9600 0
43.73 8 ENOSE_STATUS 104 40 126 117.708458 20.73913 16.636684 237
43.76 8 DESIRED 0. 0. 0. 0. 761. 0.
43.78 8 IR_DEBUG 682 673 682 673
43.82 8 NAVIGATION 0 1 0 0 286 0. 140.5
43.85 8 ATTITUDE 1 0 -43
43.88 8 GPS 0 0 0 0 0 0 0 15000 0 0
43.91 8 ENOSE_STATUS 104 40 126 117.708458 20.73913 16.636684 237
43.94 8 ESTIMATOR 0. 0. 0. 0. 0.
43.99 8 DL_VALUE 16 1.
44.04 8 NAVIGATION 0 1 0 0 286 0. 140.5
44.05 8 DOWNLINK_STATUS 43 6827 402 0 513. 31.
44.11 8 GPS 0 0 0 0 0 0 0 15248 0 0
44.14 8 WP_MOVED 4 497575. 3565498. 0.
44.16 8 RAD_OF_IR 6 0 0.00211
44.19 8 ENOSE_STATUS 104 40 126 117.708458 20.73913 16.636684 237
44.21 8 IR_SENSORS -947 7 1
44.26 8 COMMANDS 0,-9600,9600,-9600
44.30 8 NAVIGATION 0 1 0 0 286 0. 140.5
44.34 8 ATTITUDE 1 0 -43
44.36 8 GYRO_RATES -280 -215 -283 2.443461 -1.876229 2.469641
44.38 8 ENOSE_STATUS 104 40 126 117.708458 20.73913 16.636684 237
44.43 8 GPS 0 0 0 0 0 0 0 15500 0 0
44.44 8 FBW_STATUS 2 1 122
44.48 8 ESTIMATOR 0. 0. 0. 0. 0.
44.52 8 NAVIGATION 0 1 0 0 286 0. 140.5
44.56 8 WP_MOVED 0 497617. 3565540. 770.
44.61 8 ENOSE_STATUS 111 47 126 110.222336 17.501387 16.636684 237
44.65 8 GPS 0 0 0 0 0 0 0 15748 0 0
44.69 8 DESIRED 0. 0. 0. 0. 761. 0.
44.75 8 NAVIGATION 0 1 0 0 286 0. 140.5
44.77 8 ATTITUDE 1 0 -43
44.83 8 ENOSE_STATUS 111 47 126 110.222336 17.501387 16.636684 237
44.88 8 GPS 0 0 0 0 0 0 0 16000 0 0
44.91 8 ESTIMATOR 0. 0. 0. 0. 0.
44.92 8 DL_VALUE 17 470.
44.98 8 NAVIGATION 0 1 0 0 286 0. 140.5
45.04 8 WP_MOVED 1 497586.6875 3565500. 770.
45.04 8 DOWNLINK_STATUS 44 7283 428 0 456. 26.
45.06 8 RAD_OF_IR 7 0 0.00211
45.10 8 ENOSE_STATUS 111 47 126 110.222336 17.501387 16.636684 237
45.14 8 GPS 0 0 0 0 0 0 0 16248 0 0
45.16 8 IR_SENSORS -948 6 1
45.20 8 COMMANDS 0,-9600,9600,-9600
45.24 8 NAVIGATION 0 1 0 0 286 0. 140.5
45.26 8 ATTITUDE 1 0 -43
45.30 8 GYRO_RATES -280 -215 -283 2.443461 -1.876229 2.469641
45.34 8 ENOSE_STATUS 122 32 141 100.194084 26.173912 14.760441 237
45.34 8 FBW_STATUS 2 1 122
45.37 8 ESTIMATOR 0. 0. 0. 0. 0.
45.39 8 BAT 0 122 0 0 17 0 0
45.44 8 GPS 0 0 0 0 0 0 0 16500 0 0
45.46 8 CALIBRATION 0. 0.02 0.5 0
45.48 8 NAVIGATION 0 1 0 0 286 0. 140.5
45.51 8 WP_MOVED 2 497622.6875 3565498.5 770.
45.53 8 SERVO 9600 -9600 0
45.56 8 ENOSE_STATUS 122 32 141 100.194084 26.173912 14.760441 237
45.61 8 GPS 0 0 0 0 0 0 0 16748 0 0
45.65 8 DESIRED 0. 0. 0. 0. 761. 0.
45.67 8 IR_DEBUG 683 673 683 673
45.70 8 NAVIGATION 0 1 0 0 286 0. 140.5
45.72 8 ATTITUDE 1 0 -43
45.76 8 ENOSE_STATUS 122 32 141 100.194084 26.173912 14.760441 237
45.82 8 ESTIMATOR 0. 0. 0. 0. 0.
45.88 8 GPS 0 0 0 0 0 0 0 17000 0 0
45.89 8 DL_VALUE 18 405.
45.92 8 NAVIGATION 0 1 0 0 286 0. 140.5
45.97 8 WP_MOVED 3 497546.40625 3565495.5 770.
46.00 8 RAD_OF_IR 6 0 0.00211
46.02 8 NAVIGATION_REF 497575 3565498 12
46.04 8 DOWNLINK_STATUS 45 7792 459 0 509. 31.
46.05 8 ENOSE_STATUS 145 44 156 84.142616 18.762846 13.245014 237
46.07 8 IR_SENSORS -947 7 1
46.12 8 GPS 0 0 0 0 0 0 0 17248 0 0
46.14 8 COMMANDS 0,-9600,9600,-9600
46.18 8 NAVIGATION 0 1 0 0 286 0. 140.5
46.20 8 ATTITUDE 1 0 -43
46.24 8 GYRO_RATES -280 -214 -283 2.443461 -1.867502 2.469641
46.26 8 ENOSE_STATUS 145 44 156 84.142616 18.762846 13.245014 237
46.27 8 FBW_STATUS 2 1 122
46.32 8 ESTIMATOR 0. 0. 0. 0. 0.
46.36 8 GPS 0 0 0 0 0 0 0 17500 0 0
46.39 8 NAVIGATION 0 1 0 0 286 0. 140.5
46.44 8 WP_MOVED 4 497575. 3565498. 0.
46.48 8 ENOSE_STATUS 145 44 156 84.142616 18.762846 13.245014 237
46.56 8 DESIRED 0. 0. 0. 0. 761. 0.
46.62 8 GPS 0 0 0 0 0 0 0 17748 0 0
46.64 8 NAVIGATION 0 1 0 0 286 0. 140.5
46.66 8 ATTITUDE 1 0 -42
46.69 8 ENOSE_STATUS 156 36 171 78.138969 23.154589 11.995452 237
46.74 8 ESTIMATOR 0. 0. 0. 0. 0.
46.82 8 DL_VALUE 19 473.
46.88 8 GPS 0 0 0 0 0 0 0 18000 0 0
46.90 8 NAVIGATION 0 1 0 0 286 0. 140.5
46.92 8 WP_MOVED 0 497617. 3565540. 770.
46.95 8 RAD_OF_IR 6 0 0.00211
46.98 8 ENOSE_STATUS 156 36 171 78.138969 23.154589 11.995452 237
47.00 8 IR_SENSORS -948 6 1
47.04 8 DOWNLINK_STATUS 46 8262 486 0 470. 27.
47.08 8 COMMANDS 0,-9600,9600,-9600
47.11 8 NAVIGATION 0 1 0 0 286 0. 140.5
47.16 8 GPS 0 0 0 0 0 0 0 18248 0 0
47.18 8 ATTITUDE 1 0 -43
47.21 8 GYRO_RATES -280 -214 -282 2.443461 -1.867502 2.460914
47.24 8 ENOSE_STATUS 156 36 171 78.138969 23.154589 11.995452 237
47.25 8 FBW_STATUS 2 1 122
47.28 8 ESTIMATOR 0. 0. 0. 0. 0.
47.33 8 BAT 0 122 0 0 19 0 0
47.36 8 ACTUATORS 1500,1000,0,1200,1000
47.36 8 CALIBRATION 0. 0.02 0.5 0
47.39 8 NAVIGATION 0 1 0 0 286 0. 140.5
47.43 8 GPS 0 0 0 0 0 0 0 18500 0 0
47.45 8 WP_MOVED 1 497586.6875 3565500. 770.
47.47 8 SERVO 9600 -9600 0
47.50 8 ENOSE_STATUS 178 36 186 68.35775 23.154589 10.947432 237
47.54 8 DESIRED 0. 0. 0. 0. 761. 0.
47.55 8 IR_DEBUG 682 673 682 673
47.58 8 NAVIGATION 0 1 0 0 286 0. 140.5
47.60 8 ATTITUDE 1 0 -43
47.62 8 PPRZ_MODE 2 0 3 0 0 6 0
47.65 8 GPS 0 0 0 0 0 0 0 18748 0 0
47.69 8 ENOSE_STATUS 178 36 186 68.35775 23.154589 10.947432 237
47.72 8 ESTIMATOR 0. 0. 0. 0. 0.
47.74 8 DL_VALUE 20 0.
47.80 8 NAVIGATION 0 1 0 0 286 0. 140.5
47.88 8 GPS 0 0 0 0 0 0 0 19000 0 0
47.92 8 WP_MOVED 2 497622.6875 3565498.5 770.
47.92 8 RAD_OF_IR 6 0 0.00211
47.95 8 ENOSE_STATUS 178 36 186 68.35775 23.154589 10.947432 237
47.97 8 IR_SENSORS -948 6 1
48.02 8 COMMANDS 0,-9600,9600,-9600
48.04 8 DOWNLINK_STATUS 47 8783 518 0 521. 32.
48.05 8 NAVIGATION 0 1 0 0 286 0. 140.5
48.07 8 ATTITUDE 1 0 -42
48.10 8 GYRO_RATES -280 -214 -282 2.443461 -1.867502 2.460914
48.13 8 ENOSE_STATUS 197 40 193 61.668423 20.73913 10.514104 237
48.18 8 GPS 0 0 0 0 0 0 0 19248 0 0
48.20 8 FBW_STATUS 2 1 122
48.22 8 ESTIMATOR 0. 0. 0. 0. 0.
48.26 8 NAVIGATION 0 1 0 0 286 0. 140.5
48.33 8 WP_MOVED 3 497546.40625 3565495.5 770.
48.36 8 ENOSE_STATUS 197 40 193 61.668423 20.73913 10.514104 237
48.40 8 GPS 0 0 0 0 0 0 0 19500 0 0
48.44 8 DESIRED 0. 0. 0. 0. 761. 0.
48.50 8 NAVIGATION 0 1 0 0 286 0. 140.5
48.52 8 ATTITUDE 1 0 -42
48.57 8 ENOSE_STATUS 197 40 193 61.668423 20.73913 10.514104 237
48.62 8 GPS 0 0 0 0 0 0 0 19748 0 0
48.65 8 ESTIMATOR 0. 0. 0. 0. 0.
48.67 8 DL_VALUE 21 0.75
48.73 8 NAVIGATION 0 1 0 0 286 0. 140.5
48.78 8 WP_MOVED 4 497575. 3565498. 0.
48.82 8 RAD_OF_IR 6 0 0.00211
48.86 8 ENOSE_STATUS 231 47 212 52.4445 17.501387 9.482181 237
48.89 8 GPS 0 0 0 0 0 0 0 20000 0 0
48.91 8 IR_SENSORS -947 7 1
48.95 8 COMMANDS 0,-9600,9600,-9600
48.99 8 NAVIGATION 0 1 0 0 286 0. 140.5
49.01 8 ATTITUDE 1 0 -43
49.04 8 GYRO_RATES -280 -214 -282 2.443461 -1.867502 2.460914
49.05 8 DOWNLINK_STATUS 48 9270 546 0 487. 28.
49.07 8 ENOSE_STATUS 231 47 212 52.4445 17.501387 9.482181 237
49.08 8 FBW_STATUS 2 1 122
49.12 8 ESTIMATOR 0. 0. 0. 0. 0.
49.14 8 BAT 0 122 0 0 21 0 0
49.18 8 GPS 0 0 0 0 0 0 0 20248 0 0
49.21 8 CALIBRATION 0. 0.02 0.5 0
49.24 8 NAVIGATION 0 1 0 0 286 0. 140.5
49.26 8 WP_MOVED 0 497617. 3565540. 770.
49.28 8 SERVO 9600 -9600 0
49.32 8 ENOSE_STATUS 231 47 212 52.4445 17.501387 9.482181 237
49.37 8 GPS 0 0 0 0 0 0 0 20500 0 0
49.40 8 DESIRED 0. 0. 0. 0. 761. 0.
49.42 8 IR_DEBUG 682 672 682 672
49.45 8 NAVIGATION 0 1 0 0 286 0. 140.5
49.46 8 ATTITUDE 1 0 -43
49.50 8 ENOSE_STATUS 261 44 219 46.301453 18.762846 9.147133 237
49.55 8 ESTIMATOR 0. 0. 0. 0. 0.
49.61 8 GPS 0 0 0 0 0 0 0 20748 0 0
49.63 8 DL_VALUE 22 20000.
49.67 8 NAVIGATION 0 1 0 0 286 0. 140.5
49.72 8 WP_MOVED 1 497586.6875 3565500. 770.
49.74 8 RAD_OF_IR 6 0 0.00211
49.78 8 ENOSE_STATUS 261 44 219 46.301453 18.762846 9.147133 237
49.80 8 IR_SENSORS -948 6 1
49.88 8 GPS 0 0 0 0 0 0 0 21000 0 0
49.92 8 COMMANDS 0,-9600,9600,-9600
49.93 8 NAVIGATION 0 1 0 0 286 0. 140.5
49.94 8 ATTITUDE 1 0 -43
49.98 8 GYRO_RATES -279 -215 -282 2.434734 -1.876229 2.460914
50.00 8 ENOSE_STATUS 261 44 219 46.301453 18.762846 9.147133 237
50.02 8 FBW_STATUS 2 1 122
50.05 8 DOWNLINK_STATUS 49 9784 577 0 514. 31.
50.06 8 ESTIMATOR 0. 0. 0. 0. 0.
50.11 8 GPS 0 0 0 0 0 0 0 21248 0 0
50.14 8 NAVIGATION 0 1 0 0 286 0. 140.5
50.19 8 WP_MOVED 2 497622.6875 3565498.5 770.
50.23 8 ENOSE_STATUS 261 44 219 46.301453 18.762846 9.147133 237
50.32 8 DESIRED 0. 0. 0. 0. 761. 0.
50.36 8 GPS 0 0 0 0 0 0 0 21500 0 0
50.39 8 NAVIGATION 0 1 0 0 286 0. 140.5
50.40 8 ATTITUDE 1 0 -43
50.44 8 ENOSE_STATUS 261 44 219 46.301453 18.762846 9.147133 237
50.49 8 ESTIMATOR 0. 0. 0. 0. 0.
50.55 8 DL_VALUE 23 20000.
50.61 8 GPS 0 0 0 0 0 0 0 21748 0 0
50.64 8 NAVIGATION 0 1 0 0 286 0. 140.5
50.66 8 WP_MOVED 3 497546.40625 3565495.5 770.
50.69 8 RAD_OF_IR 7 0 0.00211
50.72 8 ENOSE_STATUS 261 44 219 46.301453 18.762846 9.147133 237
50.74 8 IR_SENSORS -947 7 1
50.84 8 COMMANDS 0,-9600,9600,-9600
50.86 8 NAVIGATION 0 1 0 0 286 0. 140.5
50.91 8 GPS 0 0 0 0 0 0 0 22000 0 0
50.93 8 ATTITUDE 1 0 -42
50.96 8 GYRO_RATES -280 -215 -282 2.443461 -1.876229 2.460914
50.98 8 ENOSE_STATUS 302 40 242 39.879734 20.73913 8.182736 237
51.00 8 FBW_STATUS 2 1 122
51.04 8 ESTIMATOR 0. 0. 0. 0. 0.
51.05 8 DOWNLINK_STATUS 50 10247 603 0 463. 26.
51.06 8 BAT 0 122 0 0 23 0 0
51.08 8 CALIBRATION 0. 0.02 0.5 0
51.11 8 NAVIGATION 0 1 0 0 286 0. 140.5
51.15 8 GPS 0 0 0 0 0 0 0 22248 0 0
51.18 8 WP_MOVED 4 497575. 3565498. 0.
51.20 8 SERVO 9600 -9600 0
51.23 8 ENOSE_STATUS 302 40 242 39.879734 20.73913 8.182736 237
51.26 8 DESIRED 0. 0. 0. 0. 761. 0.
51.28 8 IR_DEBUG 682 673 682 673
51.33 8 NAVIGATION 0 1 0 0 286 0. 140.5
51.36 8 ATTITUDE 1 0 -43
51.38 8 GPS 0 0 0 0 0 0 0 22500 0 0
51.41 8 ENOSE_STATUS 302 40 242 39.879734 20.73913 8.182736 237
51.44 8 ESTIMATOR 0. 0. 0. 0. 0.
51.49 8 DL_VALUE 24 0.75
51.54 8 NAVIGATION 0 1 0 0 286 0. 140.5
51.61 8 GPS 0 0 0 0 0 0 0 22748 0 0
51.64 8 WP_MOVED 0 497617. 3565540. 770.
51.66 8 RAD_OF_IR 6 0 0.00211
51.69 8 ENOSE_STATUS 332 40 253 36.18578 20.73913 7.783488 237
51.71 8 IR_SENSORS -948 6 1
51.77 8 COMMANDS 0,-9600,9600,-9600
51.80 8 NAVIGATION 0 1 0 0 286 0. 140.5
51.83 8 ATTITUDE 1 0 -42
51.87 8 GYRO_RATES -280 -215 -283 2.443461 -1.876229 2.469641
51.88 8 ENOSE_STATUS 332 40 253 36.18578 20.73913 7.783488 237
51.93 8 GPS 0 0 0 0 0 0 0 23000 0 0
51.94 8 FBW_STATUS 2 1 122
51.98 8 ESTIMATOR 0. 0. 0. 0. 0.
51.99 8 ACTUATORS 1500,1000,0,1200,1000
52.02 8 NAVIGATION 0 1 0 0 286 0. 140.5
52.05 8 DOWNLINK_STATUS 51 10766 634 0 519. 31.
52.06 8 WP_MOVED 1 497586.6875 3565500. 770.
52.11 8 ENOSE_STATUS 332 40 253 36.18578 20.73913 7.783488 237
52.15 8 GPS 0 0 0 0 0 0 0 23248 0 0
52.19 8 DESIRED 0. 0. 0. 0. 761. 0.
52.25 8 NAVIGATION 0 1 0 0 286 0. 140.5
52.26 8 ATTITUDE 1 0 -42
52.29 8 PPRZ_MODE 2 0 3 0 0 6 0
52.34 8 ENOSE_STATUS 358 40 261 33.485138 20.73913 7.514261 237
52.37 8 GPS 0 0 0 0 0 0 0 23500 0 0
52.40 8 ESTIMATOR 0. 0. 0. 0. 0.
52.42 8 DL_VALUE 25 20000.
52.48 8 NAVIGATION 0 1 0 0 286 0. 140.5
52.54 8 WP_MOVED 2 497622.6875 3565498.5 770.
52.56 8 RAD_OF_IR 7 0 0.00211
52.60 8 ENOSE_STATUS 358 40 261 33.485138 20.73913 7.514261 237
52.64 8 GPS 0 0 0 0 0 0 0 23748 0 0
52.66 8 IR_SENSORS -947 7 1
52.70 8 COMMANDS 0,-9600,9600,-9600
52.74 8 NAVIGATION 0 1 0 0 286 0. 140.5
52.76 8 ATTITUDE 1 0 -43
52.79 8 GYRO_RATES -280 -215 -283 2.443461 -1.876229 2.469641
52.82 8 ENOSE_STATUS 358 40 261 33.485138 20.73913 7.514261 237
52.85 8 FBW_STATUS 2 1 122
52.88 8 ESTIMATOR 0. 0. 0. 0. 0.
52.89 8 BAT 0 122 0 0 25 0 0
52.94 8 GPS 0 0 0 0 0 0 0 24000 0 0
52.96 8 CALIBRATION 0. 0.02 0.5 0
52.98 8 NAVIGATION 0 1 0 0 286 0. 140.5
53.01 8 WP_MOVED 3 497546.40625 3565495.5 770.
53.03 8 SERVO 9600 -9600 0
53.05 8 DOWNLINK_STATUS 52 11268 664 0 502. 30.
53.06 8 ENOSE_STATUS 391 36 276 30.574629 23.154589 7.05153 237
53.11 8 GPS 0 0 0 0 0 0 0 24248 0 0
53.14 8 DESIRED 0. 0. 0. 0. 761. 0.
53.17 8 IR_DEBUG 683 673 683 673
53.20 8 NAVIGATION 0 1 0 0 286 0. 140.5
53.22 8 ATTITUDE 1 0 -43
53.26 8 ENOSE_STATUS 391 36 276 30.574629 23.154589 7.05153 237
53.30 8 ESTIMATOR 0. 0. 0. 0. 0.
53.38 8 GPS 0 0 0 0 0 0 0 24500 0 0
53.42 8 DL_VALUE 26 20000.
53.42 8 NAVIGATION 0 1 0 0 286 0. 140.5
53.47 8 WP_MOVED 4 497575. 3565498. 0.
53.50 8 RAD_OF_IR 6 0 0.00211
53.53 8 ENOSE_STATUS 391 36 276 30.574629 23.154589 7.05153 237
53.56 8 IR_SENSORS -947 7 1
53.61 8 GPS 0 0 0 0 0 0 0 24748 0 0
53.64 8 COMMANDS 0,-9600,9600,-9600
53.68 8 NAVIGATION 0 1 0 0 286 0. 140.5
53.70 8 ATTITUDE 1 0 -43
53.73 8 GYRO_RATES -280 -214 -282 2.443461 -1.867502 2.460914
53.76 8 ENOSE_STATUS 418 40 298 28.535118 20.73913 6.457122 237
53.77 8 FBW_STATUS 2 1 122
53.80 8 ESTIMATOR 0. 0. 0. 0. 0.
53.87 8 GPS 0 0 0 0 0 0 0 25000 0 0
53.92 8 NAVIGATION 0 1 0 0 286 0. 140.5
53.94 8 WP_MOVED 0 497617. 3565540. 770.
53.99 8 ENOSE_STATUS 418 40 298 28.535118 20.73913 6.457122 237
