2.64 8 ENOSE_STATUS 65535 65535 65535 -0.811617 -0.986731 -0.966091 237
2.70 8 GPS 0 0 0 0 0 0 0 61000 0 0
2.74 8 ESTIMATOR 0. 0. 0. 0. 0.
2.75 8 DL_VALUE 32 0.01
2.80 8 NAVIGATION 0 1 0 0 286 0. 140.5
2.85 8 WP_MOVED 2 497622.6875 3565498.5 770.
2.88 8 RAD_OF_IR 7 0 0.00211
2.92 8 ENOSE_STATUS 65535 65535 65535 -0.811617 -0.986731 -0.966091 237
2.96 8 GPS 0 0 0 0 0 0 0 61248 0 0
2.98 8 IR_SENSORS -945 6 1
3.02 8 COMMANDS 0,-9600,9600,-9600
3.06 8 NAVIGATION 0 1 0 0 286 0. 140.5
3.06 8 DOWNLINK_STATUS 2 481 28 0 481. 28.
3.08 8 ATTITUDE 1 0 -42
4.06 8 DOWNLINK_STATUS 3 489 29 0 8. 1.
4.19 8 GPS 0 0 0 0 0 0 0 62500 0 0
4.21 8 NAVIGATION 0 1 0 0 286 0. 140.5
4.26 8 WP_MOVED 0 497617. 3565540. 770.
4.30 8 ENOSE_STATUS 65535 65535 65535 -0.811617 -0.986731 -0.966091 237
4.38 8 DESIRED 0. 0. 0. 0. 761. 0.
4.44 8 GPS 0 0 0 0 0 0 0 62748 0 0
4.46 8 NAVIGATION 0 1 0 0 286 0. 140.5
4.48 8 ATTITUDE 1 0 -42
4.51 8 ENOSE_STATUS 65535 65535 65535 -0.811617 -0.986731 -0.966091 237
4.56 8 ESTIMATOR 0. 0. 0. 0. 0.
4.62 8 DL_VALUE 1 1.
4.70 8 GPS 0 0 0 0 0 0 0 63000 0 0
4.72 8 NAVIGATION 0 1 0 0 286 0. 140.5
4.75 8 WP_MOVED 1 497586.6875 3565500. 770.
4.77 8 RAD_OF_IR 6 0 0.00211
4.80 8 ENOSE_STATUS 65535 65535 65535 -0.811617 -0.986731 -0.966091 237
4.82 8 IR_SENSORS -945 6 1
4.90 8 COMMANDS 0,-9600,9600,-9600
4.93 8 NAVIGATION 0 1 0 0 286 0. 140.5
4.98 8 GPS 0 0 0 0 0 0 0 63248 0 0
5.00 8 ATTITUDE 1 0 -42
5.03 8 GYRO_RATES -279 -214 -282 2.434734 -1.867502 2.460914
5.05 8 ENOSE_STATUS 65535 65535 65535 -0.811617 -0.986731 -0.966091 237
5.06 8 DOWNLINK_STATUS 4 903 52 0 414. 23.
5.07 8 FBW_STATUS 2 1 121
5.11 8 ESTIMATOR 0. 0. 0. 0. 0.
5.13 8 BAT 0 121 0 0 66 0 0
5.17 8 CALIBRATION 0. 0.02 0.5 0
5.18 8 NAVIGATION 0 1 0 0 286 0. 140.5
5.22 8 GPS 0 0 0 0 0 0 0 63500 0 0
5.25 8 WP_MOVED 2 497622.6875 3565498.5 770.
5.27 8 SERVO 9600 -9600 0
5.32 8 ENOSE_STATUS 65535 65535 65535 -0.811617 -0.986731 -0.966091 237
5.33 8 DESIRED 0. 0. 0. 0. 761. 0.
5.35 8 IR_DEBUG 680 671 680 671
5.38 8 NAVIGATION 0 1 0 0 286 0. 140.5
5.40 8 ATTITUDE 1 0 -42
5.45 8 GPS 0 0 0 0 0 0 0 63748 0 0
5.48 8 ENOSE_STATUS 65535 65535 65535 -0.811617 -0.986731 -0.966091 237
5.51 8 ESTIMATOR 0. 0. 0. 0. 0.
5.56 8 DL_VALUE 2 0.
5.61 8 NAVIGATION 0 1 0 0 286 0. 140.5
5.70 8 GPS 0 0 0 0 0 0 0 64000 0 0
5.72 8 WP_MOVED 3 497546.40625 3565495.5 770.
5.74 8 RAD_OF_IR 7 0 0.00211
5.77 8 ENOSE_STATUS 65535 65535 65535 -0.811617 -0.986731 -0.966091 237
5.79 8 IR_SENSORS -946 7 1
5.83 8 COMMANDS 0,-9600,9600,-9600
5.87 8 NAVIGATION 0 1 0 0 286 0. 140.5
5.89 8 ATTITUDE 1 0 -42
5.93 8 GYRO_RATES -279 -215 -281 2.434734 -1.876229 2.452188
5.95 8 ENOSE_STATUS 65535 65535 65535 -0.811617 -0.986731 -0.966091 237
6.00 8 GPS 0 0 0 0 0 0 0 64248 0 0
6.01 8 FBW_STATUS 2 1 121
6.05 8 ESTIMATOR 0. 0. 0. 0. 0.
6.06 8 DOWNLINK_STATUS 5 1418 83 0 515. 31.
6.09 8 NAVIGATION 0 1 0 0 286 0. 140.5
6.16 8 WP_MOVED 4 497575. 3565498. 0.
6.19 8 ENOSE_STATUS 65535 65535 65535 -0.811617 -0.986731 -0.966091 237
6.22 8 GPS 0 0 0 0 0 0 0 64500 0 0
6.26 8 DESIRED 0. 0. 0. 0. 761. 0.
6.32 8 NAVIGATION 0 1 0 0 286 0. 140.5
6.34 8 ATTITUDE 1 0 -42
6.39 8 ENOSE_STATUS 65535 65535 65535 -0.811617 -0.986731 -0.966091 237
6.43 8 GPS 0 0 0 0 0 0 0 64748 0 0
6.47 8 ESTIMATOR 0. 0. 0. 0. 0.
6.49 8 DL_VALUE 3 0.
6.55 8 NAVIGATION 0 1 0 0 286 0. 140.5
6.61 8 WP_MOVED 0 497617. 3565540. 770.
6.64 8 RAD_OF_IR 6 0 0.00211
6.68 8 ENOSE_STATUS 65535 65535 65535 -0.811617 -0.986731 -0.966091 237
6.71 8 GPS 0 0 0 0 0 0 0 65000 0 0
6.73 8 IR_SENSORS -945 6 1
6.77 8 COMMANDS 0,-9600,9600,-9600
6.81 8 NAVIGATION 0 1 0 0 286 0. 140.5
6.83 8 ATTITUDE 1 0 -42
6.86 8 GYRO_RATES -279 -215 -282 2.434734 -1.876229 2.460914
6.89 8 ENOSE_STATUS 65535 65535 65535 -0.811617 -0.986731 -0.966091 237
6.91 8 FBW_STATUS 2 1 121
6.94 8 ESTIMATOR 0. 0. 0. 0. 0.
6.96 8 BAT 0 121 0 0 68 0 0
7.01 8 GPS 0 0 0 0 0 0 0 65248 0 0
7.03 8 ACTUATORS 1500,1000,0,1200,1000
7.06 8 CALIBRATION 0. 0.02 0.5 0
7.06 8 DOWNLINK_STATUS 6 1901 111 0 483. 28.
7.08 8 NAVIGATION 0 1 0 0 286 0. 140.5
7.11 8 WP_MOVED 1 497586.6875 3565500. 770.
7.13 8 SERVO 9600 -9600 0
7.17 8 ENOSE_STATUS 65535 65535 65535 -0.811617 -0.986731 -0.966091 237
7.19 8 GPS 0 0 0 0 0 0 0 65500 0 0
7.23 8 DESIRED 0. 0. 0. 0. 761. 0.
7.25 8 IR_DEBUG 680 671 680 671
7.28 8 NAVIGATION 0 1 0 0 286 0. 140.5
7.30 8 ATTITUDE 1 0 -42
7.31 8 PPRZ_MODE 2 0 3 0 0 6 0
7.35 8 ENOSE_STATUS 65535 65535 65535 -0.811617 -0.986731 -0.966091 237
7.38 8 ESTIMATOR 0. 0. 0. 0. 0.
7.43 8 GPS 0 0 0 0 0 0 0 65748 0 0
7.45 8 DL_VALUE 4 2.
7.49 8 NAVIGATION 0 1 0 0 286 0. 140.5
7.54 8 WP_MOVED 2 497622.6875 3565498.5 770.
7.57 8 RAD_OF_IR 6 0 0.00211
7.61 8 ENOSE_STATUS 65535 65535 65535 -0.811617 -0.986731 -0.966091 237
7.64 8 IR_SENSORS -946 7 1
7.70 8 GPS 0 0 0 0 0 0 0 66000 0 0
7.71 8 COMMANDS 0,-9600,9600,-9600
7.75 8 NAVIGATION 0 1 0 0 286 0. 140.5
7.77 8 ATTITUDE 1 0 -42
7.80 8 GYRO_RATES -279 -215 -282 2.434734 -1.876229 2.460914
7.83 8 ENOSE_STATUS 65535 65535 65535 -0.811617 -0.986731 -0.966091 237
7.84 8 FBW_STATUS 2 1 121
7.88 8 ESTIMATOR 0. 0. 0. 0. 0.
7.93 8 GPS 0 0 0 0 0 0 0 66248 0 0
7.96 8 NAVIGATION 0 1 0 0 286 0. 140.5
8.01 8 WP_MOVED 3 497546.40625 3565495.5 770.
8.05 8 ENOSE_STATUS 65535 65535 65535 -0.811617 -0.986731 -0.966091 237
8.06 8 DOWNLINK_STATUS 7 2423 142 0 522. 31.
8.14 8 DESIRED 0. 0. 0. 0. 761. 0.
8.19 8 GPS 0 0 0 0 0 0 0 66500 0 0
8.21 8 NAVIGATION 0 1 0 0 286 0. 140.5
8.23 8 ATTITUDE 1 0 -42
8.26 8 ENOSE_STATUS 65535 65535 65535 -0.811617 -0.986731 -0.966091 237
8.31 8 ESTIMATOR 0. 0. 0. 0. 0.
8.37 8 DL_VALUE 5 0.
8.44 8 GPS 0 0 0 0 0 0 0 66748 0 0
8.48 8 NAVIGATION 0 1 0 0 286 0. 140.5
8.50 8 WP_MOVED 4 497575. 3565498. 0.
8.52 8 RAD_OF_IR 6 0 0.00211
8.54 8 ENOSE_STATUS 65535 65535 65535 -0.811617 -0.986731 -0.966091 237
8.56 8 IR_SENSORS -945 6 1
8.66 8 COMMANDS 0,-9600,9600,-9600
8.68 8 NAVIGATION 0 1 0 0 286 0. 140.5
8.73 8 GPS 0 0 0 0 0 0 0 67000 0 0
8.75 8 ATTITUDE 1 0 -42
8.78 8 GYRO_RATES -280 -214 -282 2.443461 -1.867502 2.460914
8.81 8 ENOSE_STATUS 65535 65535 65535 -0.811617 -0.986731 -0.966091 237
8.82 8 FBW_STATUS 2 1 121
8.86 8 ESTIMATOR 0. 0. 0. 0. 0.
8.89 8 BAT 0 121 0 0 70 0 0
8.91 8 CALIBRATION 0. 0.02 0.5 0
8.94 8 NAVIGATION 0 1 0 0 286 0. 140.5
8.98 8 GPS 0 0 0 0 0 0 0 67248 0 0
9.00 8 WP_MOVED 0 497617. 3565540. 770.
9.01 8 SERVO 9600 -9600 0
9.05 8 ENOSE_STATUS 65535 65535 65535 -0.811617 -0.986731 -0.966091 237
9.06 8 DOWNLINK_STATUS 8 2901 170 0 478. 28.
9.08 8 DESIRED 0. 0. 0. 0. 761. 0.
9.10 8 IR_DEBUG 680 671 680 671
9.15 8 NAVIGATION 0 1 0 0 286 0. 140.5
9.18 8 ATTITUDE 1 0 -42
9.20 8 GPS 0 0 0 0 0 0 0 67500 0 0
9.23 8 ENOSE_STATUS 65535 65535 65535 -0.811617 -0.986731 -0.966091 237
9.26 8 ESTIMATOR 0. 0. 0. 0. 0.
9.31 8 DL_VALUE 6 0.
9.37 8 NAVIGATION 0 1 0 0 286 0. 140.5
9.43 8 GPS 0 0 0 0 0 0 0 67748 0 0
9.46 8 WP_MOVED 1 497586.6875 3565500. 770.
9.48 8 RAD_OF_IR 7 0 0.00211
9.50 8 NAVIGATION_REF 497575 3565498 12
9.53 8 ENOSE_STATUS 65535 65535 65535 -0.811617 -0.986731 -0.966091 237
9.55 8 IR_SENSORS -945 6 1
9.59 8 COMMANDS 0,-9600,9600,-9600
9.63 8 NAVIGATION 0 1 0 0 286 0. 140.5
9.66 8 ATTITUDE 1 0 -42
9.68 8 GYRO_RATES -280 -215 -282 2.443461 -1.876229 2.460914
9.71 8 ENOSE_STATUS 65535 65535 65535 -0.811617 -0.986731 -0.966091 237
9.75 8 GPS 0 0 0 0 0 0 0 68000 0 0
9.77 8 FBW_STATUS 2 1 121
9.79 8 ESTIMATOR 0. 0. 0. 0. 0.
9.83 8 NAVIGATION 0 1 0 0 286 0. 140.5
9.89 8 WP_MOVED 2 497622.6875 3565498.5 770.
9.93 8 ENOSE_STATUS 65535 65535 65535 -0.811617 -0.986731 -0.966091 237
9.97 8 GPS 0 0 0 0 0 0 0 68248 0 0
10.01 8 DESIRED 0. 0. 0. 0. 761. 0.
10.06 8 DOWNLINK_STATUS 9 3389 198 0 488. 28.
10.07 8 NAVIGATION 0 1 0 0 286 0. 140.5
10.09 8 ATTITUDE 1 0 -42
10.16 8 ENOSE_STATUS 65535 65535 65535 -0.811617 -0.986731 -0.966091 237
10.19 8 GPS 0 0 0 0 0 0 0 68500 0 0
10.22 8 ESTIMATOR 0. 0. 0. 0. 0.
10.24 8 DL_VALUE 7 0.
10.30 8 NAVIGATION 0 1 0 0 286 0. 140.5
10.35 8 WP_MOVED 3 497546.40625 3565495.5 770.
10.38 8 RAD_OF_IR 7 0 0.00211
10.42 8 ENOSE_STATUS 65535 65535 65535 -0.811617 -0.986731 -0.966091 237
10.46 8 GPS 0 0 0 0 0 0 0 68748 0 0
10.48 8 IR_SENSORS -945 6 1
10.52 8 COMMANDS 0,-9600,9600,-9600
10.56 8 NAVIGATION 0 1 0 0 286 0. 140.5
10.58 8 ATTITUDE 1 0 -42
10.61 8 GYRO_RATES -279 -215 -282 2.434734 -1.876229 2.460914
10.65 8 ENOSE_STATUS 65535 65535 65535 -0.811617 -0.986731 -0.966091 237
10.68 8 FBW_STATUS 2 1 121
10.69 8 ESTIMATOR 0. 0. 0. 0. 0.
10.71 8 BAT 0 121 0 0 72 0 0
10.76 8 GPS 0 0 0 0 0 0 0 69000 0 0
10.78 8 CALIBRATION 0. 0.02 0.5 0
10.81 8 NAVIGATION 0 1 0 0 286 0. 140.5
10.83 8 WP_MOVED 4 497575. 3565498. 0.
10.85 8 SERVO 9600 -9600 0
10.88 8 ENOSE_STATUS 65535 65535 65535 -0.811617 -0.986731 -0.966091 237
10.93 8 GPS 0 0 0 0 0 0 0 69248 0 0
10.97 8 DESIRED 0. 0. 0. 0. 761. 0.
10.99 8 IR_DEBUG 681 671 681 671
11.02 8 NAVIGATION 0 1 0 0 286 0. 140.5
11.03 8 ATTITUDE 1 0 -42
11.06 8 DOWNLINK_STATUS 10 3903 229 0 514. 31.
11.07 8 ENOSE_STATUS 65535 65535 65535 -0.811617 -0.986731 -0.966091 237
11.14 8 ESTIMATOR 0. 0. 0. 0. 0.
11.18 8 GPS 0 0 0 0 0 0 0 69500 0 0
11.20 8 DL_VALUE 8 0.
11.24 8 NAVIGATION 0 1 0 0 286 0. 140.5
11.29 8 WP_MOVED 0 497617. 3565540. 770.
11.32 8 RAD_OF_IR 6 0 0.00211
11.35 8 ENOSE_STATUS 65535 65535 65535 -0.811617 -0.986731 -0.966091 237
11.37 8 IR_SENSORS -945 6 1
11.43 8 GPS 0 0 0 0 0 0 0 69748 0 0
11.46 8 COMMANDS 0,-9600,9600,-9600
11.50 8 NAVIGATION 0 1 0 0 286 0. 140.5
11.51 8 ATTITUDE 1 0 -42
11.55 8 GYRO_RATES -279 -215 -282 2.434734 -1.876229 2.460914
11.57 8 ENOSE_STATUS 65535 65535 65535 -0.811617 -0.986731 -0.966091 237
11.59 8 FBW_STATUS 2 1 121
11.63 8 ESTIMATOR 0. 0. 0. 0. 0.
11.67 8 ACTUATORS 1500,1000,0,1200,1000
11.71 8 GPS 0 0 0 0 0 0 0 70000 0 0
11.73 8 NAVIGATION 0 1 0 0 286 0. 140.5
11.76 8 WP_MOVED 1 497586.6875 3565500. 770.
11.80 8 ENOSE_STATUS 65535 65535 65535 -0.811617 -0.986731 -0.966091 237
11.88 8 DESIRED 0. 0. 0. 0. 761. 0.
11.93 8 GPS 0 0 0 0 0 0 0 70248 0 0
11.96 8 NAVIGATION 0 1 0 0 286 0. 140.5
11.97 8 ATTITUDE 1 0 -42
12.00 8 PPRZ_MODE 2 0 3 0 0 6 0
12.03 8 ENOSE_STATUS 65535 65535 65535 -0.811617 -0.986731 -0.966091 237
12.06 8 ESTIMATOR 0. 0. 0. 0. 0.
12.06 8 DOWNLINK_STATUS 11 4409 258 0 506. 29.
12.12 8 DL_VALUE 9 0.
14.24 8 DOWNLINK_STATUS 13 4416 259 0 7. 1.
14.24 8 GPS 0 0 0 0 0 0 0 70500 0 0
14.24 8 NAVIGATION 0 1 0 0 286 0. 140.5
14.24 8 WP_MOVED 2 497622.6875 3565498.5 770.
14.24 8 RAD_OF_IR 6 0 0.00211
14.28 8 ENOSE_STATUS 65535 65535 65535 -0.811617 -0.986731 -0.966091 237
14.28 8 IR_SENSORS -945 6 1
14.28 8 COMMANDS 0,-9600,9600,-9600
14.28 8 NAVIGATION 0 1 0 0 286 0. 140.5
14.28 8 GPS 0 0 0 0 0 0 0 70748 0 0
14.28 8 ATTITUDE 1 0 -42
14.28 8 GYRO_RATES -279 -215 -282 2.434734 -1.876229 2.460914
14.28 8 ENOSE_STATUS 65535 65535 65535 -0.811617 -0.986731 -0.966091 237
14.28 8 FBW_STATUS 2 1 121
14.28 8 ESTIMATOR 0. 0. 0. 0. 0.
14.28 8 BAT 0 121 0 0 74 0 0
14.28 8 CALIBRATION 0. 0.02 0.5 0
14.31 8 NAVIGATION 0 1 0 0 286 0. 140.5
14.31 8 GPS 0 0 0 0 0 0 0 71000 0 0
14.31 8 WP_MOVED 3 497546.40625 3565495.5 770.
14.31 8 SERVO 9600 -9600 0
14.31 8 ENOSE_STATUS 65535 65535 65535 -0.811617 -0.986731 -0.966091 237
14.32 8 DESIRED 0. 0. 0. 0. 761. 0.
14.32 8 IR_DEBUG 680 670 680 670
14.33 8 NAVIGATION 0 1 0 0 286 0. 140.5
14.33 8 ATTITUDE 1 0 -42
14.33 8 GPS 0 0 0 0 0 0 0 71248 0 0
14.33 8 ENOSE_STATUS 65535 65535 65535 -0.811617 -0.986731 -0.966091 237
14.34 8 ESTIMATOR 0. 0. 0. 0. 0.
14.34 8 DL_VALUE 10 -85.943672
14.34 8 NAVIGATION 0 1 0 0 286 0. 140.5
14.35 8 GPS 0 0 0 0 0 0 0 71500 0 0
14.35 8 WP_MOVED 4 497575. 3565498. 0.
14.35 8 RAD_OF_IR 6 0 0.00211
14.36 8 ENOSE_STATUS 65535 65535 65535 -0.811617 -0.986731 -0.966091 237
14.36 8 IR_SENSORS -946 7 1
14.36 8 COMMANDS 0,-9600,9600,-9600
14.36 8 NAVIGATION 0 1 0 0 286 0. 140.5
14.36 8 ATTITUDE 1 0 -42
14.36 8 GYRO_RATES -279 -215 -281 2.434734 -1.876229 2.452188
14.36 8 ENOSE_STATUS 65535 65535 65535 -0.811617 -0.986731 -0.966091 237
14.37 8 GPS 0 0 0 0 0 0 0 71748 0 0
14.37 8 FBW_STATUS 2 1 121
14.37 8 ESTIMATOR 0. 0. 0. 0. 0.
14.37 8 NAVIGATION 0 1 0 0 286 0. 140.5
14.37 8 WP_MOVED 0 497617. 3565540. 770.
14.38 8 ENOSE_STATUS 65535 65535 65535 -0.811617 -0.986731 -0.966091 237
14.38 8 GPS 0 0 0 0 0 0 0 72000 0 0
14.38 8 DESIRED 0. 0. 0. 0. 761. 0.
14.38 8 NAVIGATION 0 1 0 0 286 0. 140.5
14.38 8 ATTITUDE 1 0 -42
14.39 8 ENOSE_STATUS 65535 65535 65535 -0.811617 -0.986731 -0.966091 237
14.39 8 GPS 0 0 0 0 0 0 0 72248 0 0
14.39 8 ESTIMATOR 0. 0. 0. 0. 0.
14.39 8 DL_VALUE 11 1.5
14.39 8 NAVIGATION 0 1 0 0 286 0. 140.5
14.39 8 WP_MOVED 1 497586.6875 3565500. 770.
14.40 8 RAD_OF_IR 6 0 0.00211
14.40 8 ENOSE_STATUS 65535 65535 65535 -0.811617 -0.986731 -0.966091 237
14.40 8 GPS 0 0 0 0 0 0 0 72500 0 0
14.40 8 IR_SENSORS -946 7 1
14.40 8 COMMANDS 0,-9600,9600,-9600
14.40 8 NAVIGATION 0 1 0 0 286 0. 140.5
14.41 8 ATTITUDE 1 0 -42
14.41 8 GYRO_RATES -279 -215 -282 2.434734 -1.876229 2.460914
14.41 8 ENOSE_STATUS 65535 65535 65535 -0.811617 -0.986731 -0.966091 237
14.41 8 FBW_STATUS 2 1 121
14.44 8 ESTIMATOR 0. 0. 0. 0. 0.
14.46 8 BAT 0 121 0 0 76 0 0
14.51 8 GPS 0 0 0 0 0 0 0 72748 0 0
14.53 8 CALIBRATION 0. 0.02 0.5 0
14.55 8 NAVIGATION 0 1 0 0 286 0. 140.5
14.59 8 WP_MOVED 2 497622.6875 3565498.5 770.
14.60 8 SERVO 9600 -9600 0
14.64 8 ENOSE_STATUS 65535 65535 65535 -0.811617 -0.986731 -0.966091 237
14.70 8 GPS 0 0 0 0 0 0 0 73000 0 0
14.75 8 DESIRED 0. 0. 0. 0. 761. 0.
14.78 8 IR_DEBUG 680 671 680 671
14.79 8 NAVIGATION 0 1 0 0 286 0. 140.5
14.81 8 ATTITUDE 1 0 -42
14.84 8 ENOSE_STATUS 65535 65535 65535 -0.811617 -0.986731 -0.966091 237
14.87 8 ESTIMATOR 0. 0. 0. 0. 0.
14.93 8 GPS 0 0 0 0 0 0 0 73248 0 0
14.95 8 DL_VALUE 12 1.5
14.99 8 NAVIGATION 0 1 0 0 286 0. 140.5
15.04 8 WP_MOVED 3 497546.40625 3565495.5 770.
15.07 8 RAD_OF_IR 6 0 0.00211
15.10 8 ENOSE_STATUS 65535 65535 65535 -0.811617 -0.986731 -0.966091 237
15.13 8 IR_SENSORS -946 7 1
15.18 8 GPS 0 0 0 0 0 0 0 73500 0 0
15.21 8 COMMANDS 0,-9600,9600,-9600
15.22 8 DOWNLINK_STATUS 14 5943 349 0 1527. 90.
15.25 8 NAVIGATION 0 1 0 0 286 0. 140.5
15.29 8 ATTITUDE 1 0 -42
15.29 8 GYRO_RATES -279 -215 -282 2.434734 -1.876229 2.460914
15.33 8 ENOSE_STATUS 65535 65535 65535 -0.811617 -0.986731 -0.966091 237
15.38 8 ESTIMATOR 0. 0. 0. 0. 0.
15.43 8 GPS 0 0 0 0 0 0 0 73748 0 0
15.46 8 NAVIGATION 0 1 0 0 286 0. 140.5
15.51 8 WP_MOVED 4 497575. 3565498. 0.
15.55 8 ENOSE_STATUS 65535 65535 65535 -0.811617 -0.986731 -0.966091 237
15.63 8 DESIRED 0. 0. 0. 0. 761. 0.
15.70 8 GPS 0 0 0 0 0 0 0 74000 0 0
15.73 8 NAVIGATION 0 1 0 0 286 0. 140.5
15.76 8 ATTITUDE 1 0 -42
15.79 8 ENOSE_STATUS 65535 65535 65535 -0.811617 -0.986731 -0.966091 237
15.81 8 ESTIMATOR 0. 0. 0. 0. 0.
15.87 8 DL_VALUE 13 1.5
15.93 8 GPS 0 0 0 0 0 0 0 74248 0 0
15.96 8 NAVIGATION 0 1 0 0 286 0. 140.5
15.98 8 WP_MOVED 0 497617. 3565540. 770.
16.01 8 RAD_OF_IR 7 0 0.00211
16.04 8 ENOSE_STATUS 65535 65535 65535 -0.811617 -0.986731 -0.966091 237
16.06 8 IR_SENSORS -945 6 1
16.16 8 COMMANDS 0,-9600,9600,-9600
16.19 8 NAVIGATION 0 1 0 0 286 0. 140.5
16.22 8 DOWNLINK_STATUS 15 6370 373 0 427. 24.
16.24 8 GPS 0 0 0 0 0 0 0 74500 0 0
16.28 8 ATTITUDE 1 0 -42
16.28 8 GYRO_RATES -279 -215 -282 2.434734 -1.876229 2.460914
16.31 8 ENOSE_STATUS 65535 65535 65535 -0.811617 -0.986731 -0.966091 237
16.32 8 FBW_STATUS 2 1 121
16.35 8 ESTIMATOR 0. 0. 0. 0. 0.
16.38 8 BAT 0 121 0 0 78 0 0
16.41 8 ACTUATORS 1500,1000,0,1200,1000
16.43 8 CALIBRATION 0. 0.02 0.5 0
16.45 8 NAVIGATION 0 1 0 0 286 0. 140.5
16.50 8 GPS 0 0 0 0 0 0 0 74748 0 0
16.52 8 WP_MOVED 1 497586.6875 3565500. 770.
16.54 8 SERVO 9600 -9600 0
16.57 8 ENOSE_STATUS 65535 65535 65535 -0.811617 -0.986731 -0.966091 237
16.61 8 DESIRED 0. 0. 0. 0. 761. 0.
16.62 8 IR_DEBUG 680 671 680 671
16.65 8 NAVIGATION 0 1 0 0 286 0. 140.5
16.67 8 ATTITUDE 1 0 -42
16.69 8 PPRZ_MODE 2 0 3 0 0 6 0
16.72 8 GPS 0 0 0 0 0 0 0 75000 0 0
16.76 8 ENOSE_STATUS 65535 65535 65535 -0.811617 -0.986731 -0.966091 237
16.80 8 ESTIMATOR 0. 0. 0. 0. 0.
16.81 8 DL_VALUE 14 1.5
16.87 8 NAVIGATION 0 1 0 0 286 0. 140.5
16.93 8 GPS 0 0 0 0 0 0 0 75248 0 0
16.96 8 WP_MOVED 2 497622.6875 3565498.5 770.
16.97 8 RAD_OF_IR 6 0 0.00211
17.01 8 ENOSE_STATUS 65535 65535 65535 -0.811617 -0.986731 -0.966091 237
17.03 8 IR_SENSORS -945 6 1
17.09 8 COMMANDS 0,-9600,9600,-9600
17.12 8 NAVIGATION 0 1 0 0 286 0. 140.5
17.14 8 ATTITUDE 1 0 -42
17.17 8 GYRO_RATES -280 -216 -282 2.443461 -1.884956 2.460914
17.20 8 ENOSE_STATUS 65535 65535 65535 -0.811617 -0.986731 -0.966091 237
17.22 8 DOWNLINK_STATUS 16 6929 407 0 559. 34.
17.25 8 GPS 0 0 0 0 0 0 0 75500 0 0
17.28 8 FBW_STATUS 2 1 121
17.29 8 ESTIMATOR 0. 0. 0. 0. 0.
17.33 8 NAVIGATION 0 1 0 0 286 0. 140.5
17.39 8 WP_MOVED 3 497546.40625 3565495.5 770.
17.43 8 ENOSE_STATUS 65535 65535 65535 -0.811617 -0.986731 -0.966091 237
17.47 8 GPS 0 0 0 0 0 0 0 75748 0 0
17.51 8 DESIRED 0. 0. 0. 0. 761. 0.
17.57 8 NAVIGATION 0 1 0 0 286 0. 140.5
17.59 8 ATTITUDE 1 0 -42
17.64 8 ENOSE_STATUS 65535 65535 65535 -0.811617 -0.986731 -0.966091 237
17.69 8 GPS 0 0 0 0 0 0 0 76000 0 0
17.75 8 ESTIMATOR 0. 0. 0. 0. 0.
17.78 8 DL_VALUE 15 0.
17.80 8 NAVIGATION 0 1 0 0 286 0. 140.5
17.85 8 WP_MOVED 4 497575. 3565498. 0.
17.88 8 RAD_OF_IR 7 0 0.00211
17.90 8 NAVIGATION_REF 497575 3565498 12
17.94 8 ENOSE_STATUS 65535 65535 65535 -0.811617 -0.986731 -0.966091 237
17.98 8 GPS 0 0 0 0 0 0 0 76248 0 0
18.00 8 IR_SENSORS -945 6 1
18.02 8 COMMANDS 0,-9600,9600,-9600
18.06 8 NAVIGATION 0 1 0 0 286 0. 140.5
18.08 8 ATTITUDE 1 0 -42
18.11 8 GYRO_RATES -279 -214 -282 2.434734 -1.867502 2.460914
18.14 8 ENOSE_STATUS 65535 65535 65535 -0.811617 -0.986731 -0.966091 237
18.15 8 FBW_STATUS 2 1 121
18.19 8 ESTIMATOR 0. 0. 0. 0. 0.
18.21 8 BAT 0 121 0 0 80 0 0
18.22 8 DOWNLINK_STATUS 17 7422 436 0 493. 29.
18.27 8 GPS 0 0 0 0 0 0 0 76500 0 0
18.30 8 CALIBRATION 0. 0.02 0.5 0
18.31 8 NAVIGATION 0 1 0 0 286 0. 140.5
18.33 8 WP_MOVED 0 497617. 3565540. 770.
18.35 8 SERVO 9600 -9600 0
18.38 8 ENOSE_STATUS 65535 65535 65535 -0.811617 -0.986731 -0.966091 237
18.44 8 GPS 0 0 0 0 0 0 0 76748 0 0
18.47 8 DESIRED 0. 0. 0. 0. 761. 0.
18.49 8 IR_DEBUG 680 671 680 671
18.52 8 NAVIGATION 0 1 0 0 286 0. 140.5
18.54 8 ATTITUDE 1 0 -42
18.57 8 ENOSE_STATUS 65535 65535 65535 -0.811617 -0.986731 -0.966091 237
18.62 8 ESTIMATOR 0. 0. 0. 0. 0.
18.69 8 GPS 0 0 0 0 0 0 0 77000 0 0
18.71 8 DL_VALUE 16 1.
18.75 8 NAVIGATION 0 1 0 0 286 0. 140.5
18.79 8 WP_MOVED 1 497586.6875 3565500. 770.
18.81 8 RAD_OF_IR 6 0 0.00211
18.85 8 ENOSE_STATUS 65535 65535 65535 -0.811617 -0.986731 -0.966091 237
18.87 8 IR_SENSORS -944 7 1
18.93 8 GPS 0 0 0 0 0 0 0 77248 0 0
18.96 8 COMMANDS 0,-9600,9600,-9600
19.00 8 NAVIGATION 0 1 0 0 286 0. 140.5
19.01 8 ATTITUDE 1 0 -42
19.05 8 GYRO_RATES -279 -214 -282 2.434734 -1.867502 2.460914
19.07 8 ENOSE_STATUS 65535 65535 65535 -0.811617 -0.986731 -0.966091 237
19.09 8 FBW_STATUS 2 1 121
19.13 8 ESTIMATOR 0. 0. 0. 0. 0.
19.19 8 GPS 0 0 0 0 0 0 0 77500 0 0
19.21 8 NAVIGATION 0 1 0 0 286 0. 140.5
19.22 8 DOWNLINK_STATUS 18 7941 466 0 519. 30.
19.26 8 WP_MOVED 2 497622.6875 3565498.5 770.
19.30 8 ENOSE_STATUS 65535 65535 65535 -0.811617 -0.986731 -0.966091 237
19.38 8 DESIRED 0. 0. 0. 0. 761. 0.
19.43 8 GPS 0 0 0 0 0 0 0 77748 0 0
19.46 8 NAVIGATION 0 1 0 0 286 0. 140.5
19.48 8 ATTITUDE 1 0 -42
19.51 8 ENOSE_STATUS 65535 65535 65535 -0.811617 -0.986731 -0.966091 237
19.56 8 ESTIMATOR 0. 0. 0. 0. 0.
19.62 8 DL_VALUE 17 470.
19.69 8 GPS 0 0 0 0 0 0 0 78000 0 0
19.72 8 NAVIGATION 0 1 0 0 286 0. 140.5
19.75 8 WP_MOVED 3 497546.40625 3565495.5 770.
19.79 8 RAD_OF_IR 7 0 0.00211
19.79 8 ENOSE_STATUS 65535 65535 65535 -0.811617 -0.986731 -0.966091 237
19.82 8 IR_SENSORS -945 6 1
19.90 8 COMMANDS 0,-9600,9600,-9600
19.93 8 NAVIGATION 0 1 0 0 286 0. 140.5
19.98 8 GPS 0 0 0 0 0 0 0 78248 0 0
20.00 8 ATTITUDE 1 0 -42
20.03 8 GYRO_RATES -279 -214 -282 2.434734 -1.867502 2.460914
20.05 8 ENOSE_STATUS 65535 65535 65535 -0.811617 -0.986731 -0.966091 237
20.07 8 FBW_STATUS 2 1 121
20.11 8 ESTIMATOR 0. 0. 0. 0. 0.
20.13 8 BAT 0 121 0 0 82 0 0
20.15 8 CALIBRATION 0. 0.02 0.5 0
20.18 8 NAVIGATION 0 1 0 0 286 0. 140.5
20.22 8 GPS 0 0 0 0 0 0 0 78500 0 0
20.22 8 DOWNLINK_STATUS 19 8411 493 0 470. 27.
20.26 8 WP_MOVED 4 497575. 3565498. 0.
20.29 8 SERVO 9600 -9600 0
20.30 8 ENOSE_STATUS 65535 65535 65535 -0.811617 -0.986731 -0.966091 237
20.33 8 DESIRED 0. 0. 0. 0. 761. 0.
20.35 8 IR_DEBUG 680 671 680 671
20.38 8 NAVIGATION 0 1 0 0 286 0. 140.5
20.40 8 ATTITUDE 1 0 -42
20.45 8 GPS 0 0 0 0 0 0 0 78748 0 0
20.48 8 ENOSE_STATUS 65535 65535 65535 -0.811617 -0.986731 -0.966091 237
20.51 8 ESTIMATOR 0. 0. 0. 0. 0.
20.55 8 DL_VALUE 18 405.
20.61 8 NAVIGATION 0 1 0 0 286 0. 140.5
20.69 8 GPS 0 0 0 0 0 0 0 79000 0 0
20.72 8 WP_MOVED 0 497617. 3565540. 770.
20.75 8 RAD_OF_IR 6 0 0.00211
20.78 8 ENOSE_STATUS 65535 65535 65535 -0.811617 -0.986731 -0.966091 237
20.79 8 IR_SENSORS -945 6 1
20.83 8 COMMANDS 0,-9600,9600,-9600
20.87 8 NAVIGATION 0 1 0 0 286 0. 140.5
20.89 8 ATTITUDE 1 0 -42
20.93 8 GYRO_RATES -279 -214 -282 2.434734 -1.867502 2.460914
20.95 8 ENOSE_STATUS 65535 65535 65535 -0.811617 -0.986731 -0.966091 237
21.00 8 GPS 0 0 0 0 0 0 0 79248 0 0
21.01 8 FBW_STATUS 2 1 121
21.05 8 ESTIMATOR 0. 0. 0. 0. 0.
21.06 8 ACTUATORS 1500,1000,0,1200,1000
21.09 8 NAVIGATION 0 1 0 0 286 0. 140.5
21.13 8 WP_MOVED 1 497586.6875 3565500. 770.
21.18 8 ENOSE_STATUS 65535 65535 65535 -0.811617 -0.986731 -0.966091 237
21.22 8 GPS 0 0 0 0 0 0 0 79500 0 0
21.22 8 DOWNLINK_STATUS 20 8919 523 0 508. 30.
21.27 8 DESIRED 0. 0. 0. 0. 761. 0.
21.32 8 NAVIGATION 0 1 0 0 286 0. 140.5
21.33 8 ATTITUDE 1 0 -42
21.35 8 PPRZ_MODE 2 0 3 0 0 6 0
21.39 8 ENOSE_STATUS 65535 65535 65535 -0.811617 -0.986731 -0.966091 237
21.43 8 GPS 0 0 0 0 0 0 0 79748 0 0
21.47 8 ESTIMATOR 0. 0. 0. 0. 0.
21.49 8 DL_VALUE 19 473.
21.55 8 NAVIGATION 0 1 0 0 286 0. 140.5
21.60 8 WP_MOVED 2 497622.6875 3565498.5 770.
21.63 8 RAD_OF_IR 6 0 0.00211
21.67 8 ENOSE_STATUS 65535 65535 65535 -0.811617 -0.986731 -0.966091 237
21.71 8 GPS 0 0 0 0 0 0 0 80000 0 0
21.73 8 IR_SENSORS -945 6 1
21.78 8 COMMANDS 0,-9600,9600,-9600
21.81 8 NAVIGATION 0 1 0 0 286 0. 140.5
21.83 8 ATTITUDE 1 0 -42
21.86 8 GYRO_RATES -279 -215 -282 2.434734 -1.876229 2.460914
21.89 8 ENOSE_STATUS 65535 65535 65535 -0.811617 -0.986731 -0.966091 237
21.91 8 FBW_STATUS 2 1 121
21.94 8 ESTIMATOR 0. 0. 0. 0. 0.
21.96 8 BAT 0 121 0 0 84 0 0
22.01 8 GPS 0 0 0 0 0 0 0 80248 0 0
22.03 8 CALIBRATION 0. 0.02 0.5 0
22.05 8 NAVIGATION 0 1 0 0 286 0. 140.5
22.08 8 WP_MOVED 3 497546.40625 3565495.5 770.
22.10 8 SERVO 9600 -9600 0
22.13 8 ENOSE_STATUS 65535 65535 65535 -0.811617 -0.986731 -0.966091 237
22.18 8 GPS 0 0 0 0 0 0 0 80500 0 0
22.22 8 DESIRED 0. 0. 0. 0. 761. 0.
22.22 8 DOWNLINK_STATUS 21 9432 553 0 513. 30.
22.25 8 IR_DEBUG 680 671 680 671
22.29 8 NAVIGATION 0 1 0 0 286 0. 140.5
22.29 8 ATTITUDE 1 0 -42
22.32 8 ENOSE_STATUS 65535 65535 65535 -0.811617 -0.986731 -0.966091 237
22.37 8 ESTIMATOR 0. 0. 0. 0. 0.
22.43 8 GPS 0 0 0 0 0 0 0 80748 0 0
22.45 8 DL_VALUE 20 0.
22.49 8 NAVIGATION 0 1 0 0 286 0. 140.5
22.54 8 WP_MOVED 4 497575. 3565498. 0.
22.57 8 RAD_OF_IR 6 0 0.00211
22.60 8 ENOSE_STATUS 65535 65535 65535 -0.811617 -0.986731 -0.966091 237
22.63 8 IR_SENSORS -946 7 1
22.69 8 GPS 0 0 0 0 0 0 0 81000 0 0
22.71 8 COMMANDS 0,-9600,9600,-9600
22.76 8 NAVIGATION 0 1 0 0 286 0. 140.5
22.79 8 ATTITUDE 1 0 -42
22.80 8 GYRO_RATES -279 -215 -282 2.434734 -1.876229 2.460914
22.82 8 ENOSE_STATUS 65535 65535 65535 -0.811617 -0.986731 -0.966091 237
22.84 8 FBW_STATUS 2 1 121
22.87 8 ESTIMATOR 0. 0. 0. 0. 0.
22.93 8 GPS 0 0 0 0 0 0 0 81248 0 0
22.96 8 NAVIGATION 0 1 0 0 286 0. 140.5
23.01 8 WP_MOVED 0 497617. 3565540. 770.
23.05 8 ENOSE_STATUS 65535 65535 65535 -0.811617 -0.986731 -0.966091 237
23.13 8 DESIRED 0. 0. 0. 0. 761. 0.
23.18 8 GPS 0 0 0 0 0 0 0 81500 0 0
23.21 8 NAVIGATION 0 1 0 0 286 0. 140.5
23.23 8 ATTITUDE 1 0 -42
23.23 8 DOWNLINK_STATUS 22 9909 581 0 477. 28.
23.28 8 ENOSE_STATUS 65535 65535 65535 -0.811617 -0.986731 -0.966091 237
23.31 8 ESTIMATOR 0. 0. 0. 0. 0.
23.37 8 DL_VALUE 21 0.75
23.43 8 GPS 0 0 0 0 0 0 0 81748 0 0
23.46 8 NAVIGATION 0 1 0 0 286 0. 140.5
23.48 8 WP_MOVED 1 497586.6875 3565500. 770.
23.51 8 RAD_OF_IR 6 0 0.00211
23.54 8 ENOSE_STATUS 65535 65535 65535 -0.811617 -0.986731 -0.966091 237
23.56 8 IR_SENSORS -944 7 1
23.65 8 COMMANDS 0,-9600,9600,-9600
23.68 8 NAVIGATION 0 1 0 0 286 0. 140.5
23.75 8 GPS 0 0 0 0 0 0 0 82000 0 0
23.78 8 ATTITUDE 1 0 -42
23.78 8 GYRO_RATES -280 -215 -282 2.443461 -1.876229 2.460914
23.81 8 ENOSE_STATUS 65535 65535 65535 -0.811617 -0.986731 -0.966091 237
23.82 8 FBW_STATUS 2 1 121
23.85 8 ESTIMATOR 0. 0. 0. 0. 0.
23.88 8 BAT 0 121 0 0 86 0 0
23.91 8 CALIBRATION 0. 0.02 0.5 0
23.93 8 NAVIGATION 0 1 0 0 286 0. 140.5
23.97 8 GPS 0 0 0 0 0 0 0 82248 0 0
24.00 8 WP_MOVED 2 497622.6875 3565498.5 770.
24.01 8 SERVO 9600 -9600 0
24.05 8 ENOSE_STATUS 65535 65535 65535 -0.811617 -0.986731 -0.966091 237
24.08 8 DESIRED 0. 0. 0. 0. 761. 0.
24.10 8 IR_DEBUG 680 670 680 670
24.13 8 NAVIGATION 0 1 0 0 286 0. 140.5
24.15 8 ATTITUDE 1 0 -42
24.19 8 GPS 0 0 0 0 0 0 0 82500 0 0
24.22 8 DOWNLINK_STATUS 23 10397 610 0 488. 29.
24.24 8 ENOSE_STATUS 65535 65535 65535 -0.811617 -0.986731 -0.966091 237
24.28 8 ESTIMATOR 0. 0. 0. 0. 0.
24.31 8 DL_VALUE 22 20000.
24.37 8 NAVIGATION 0 1 0 0 286 0. 140.5
24.43 8 GPS 0 0 0 0 0 0 0 82748 0 0
24.46 8 WP_MOVED 3 497546.40625 3565495.5 770.
24.47 8 RAD_OF_IR 7 0 0.00211
24.51 8 ENOSE_STATUS 65535 65535 65535 -0.811617 -0.986731 -0.966091 237
24.53 8 IR_SENSORS -945 6 1
24.58 8 COMMANDS 0,-9600,9600,-9600
24.62 8 NAVIGATION 0 1 0 0 286 0. 140.5
24.67 8 GYRO_RATES -280 -216 -282 2.443461 -1.884956 2.460914
24.70 8 ENOSE_STATUS 65535 65535 65535 -0.811617 -0.986731 -0.966091 237
24.76 8 GPS 0 0 0 0 0 0 0 83000 0 0
24.79 8 FBW_STATUS 2 1 121
24.79 8 ESTIMATOR 0. 0. 0. 0. 0.
24.83 8 NAVIGATION 0 1 0 0 286 0. 140.5
24.89 8 WP_MOVED 4 497575. 3565498. 0.
24.93 8 ENOSE_STATUS 65535 65535 65535 -0.811617 -0.986731 -0.966091 237
24.97 8 GPS 0 0 0 0 0 0 0 83248 0 0
25.01 8 DESIRED 0. 0. 0. 0. 761. 0.
25.07 8 NAVIGATION 0 1 0 0 286 0. 140.5
25.09 8 ATTITUDE 1 0 -42
25.14 8 ENOSE_STATUS 65535 65535 65535 -0.811617 -0.986731 -0.966091 237
25.19 8 GPS 0 0 0 0 0 0 0 83500 0 0
25.23 8 ESTIMATOR 0. 0. 0. 0. 0.
25.23 8 DOWNLINK_STATUS 24 10873 636 0 476. 26.
25.25 8 DL_VALUE 23 20000.
25.30 8 NAVIGATION 0 1 0 0 286 0. 140.5
25.35 8 WP_MOVED 0 497617. 3565540. 770.
25.38 8 RAD_OF_IR 6 0 0.00211
25.41 8 ENOSE_STATUS 65535 65535 65535 -0.811617 -0.986731 -0.966091 237
25.46 8 GPS 0 0 0 0 0 0 0 83748 0 0
25.48 8 IR_SENSORS -945 6 1
25.52 8 COMMANDS 0,-9600,9600,-9600
25.56 8 NAVIGATION 0 1 0 0 286 0. 140.5
25.58 8 ATTITUDE 1 0 -42
25.61 8 GYRO_RATES -279 -214 -282 2.434734 -1.867502 2.460914
25.64 8 ENOSE_STATUS 65535 65535 65535 -0.811617 -0.986731 -0.966091 237
25.65 8 FBW_STATUS 2 1 121
25.69 8 ESTIMATOR 0. 0. 0. 0. 0.
25.71 8 BAT 0 121 0 0 88 0 0
25.76 8 GPS 0 0 0 0 0 0 0 84000 0 0
25.79 8 ACTUATORS 1500,1000,0,1200,1000
25.81 8 CALIBRATION 0. 0.02 0.5 0
25.84 8 NAVIGATION 0 1 0 0 286 0. 140.5
25.86 8 WP_MOVED 1 497586.6875 3565500. 770.
25.88 8 SERVO 9600 -9600 0
25.91 8 ENOSE_STATUS 65535 65535 65535 -0.811617 -0.986731 -0.966091 237
25.95 8 GPS 0 0 0 0 0 0 0 84248 0 0
26.00 8 DESIRED 0. 0. 0. 0. 761. 0.
26.01 8 IR_DEBUG 681 671 681 671
26.04 8 NAVIGATION 0 1 0 0 286 0. 140.5
26.06 8 ATTITUDE 1 0 -42
26.07 8 PPRZ_MODE 2 0 3 0 0 6 0
26.11 8 ENOSE_STATUS 65535 65535 65535 -0.811617 -0.986731 -0.966091 237
26.15 8 ESTIMATOR 0. 0. 0. 0. 0.
26.18 8 GPS 0 0 0 0 0 0 0 84500 0 0
26.20 8 DL_VALUE 24 0.75
26.24 8 NAVIGATION 0 1 0 0 286 0. 140.5
26.28 8 DOWNLINK_STATUS 25 11408 669 0 535. 33.
26.29 8 WP_MOVED 2 497622.6875 3565498.5 770.
26.31 8 RAD_OF_IR 6 0 0.00211
26.33 8 NAVIGATION_REF 497575 3565498 12
26.37 8 ENOSE_STATUS 65535 65535 65535 -0.811617 -0.986731 -0.966091 237
26.39 8 IR_SENSORS -944 7 1
26.44 8 GPS 0 0 0 0 0 0 0 84748 0 0
26.45 8 COMMANDS 0,-9600,9600,-9600
26.49 8 NAVIGATION 0 1 0 0 286 0. 140.5
26.51 8 ATTITUDE 1 0 -42
26.55 8 GYRO_RATES -280 -214 -283 2.443461 -1.867502 2.469641
26.57 8 ENOSE_STATUS 65535 65535 65535 -0.811617 -0.986731 -0.966091 237
26.59 8 FBW_STATUS 2 1 121
26.63 8 ESTIMATOR 0. 0. 0. 0. 0.
26.69 8 GPS 0 0 0 0 0 0 0 85000 0 0
26.72 8 NAVIGATION 0 1 0 0 286 0. 140.5
26.77 8 WP_MOVED 3 497546.40625 3565495.5 770.
26.80 8 ENOSE_STATUS 65535 65535 65535 -0.811617 -0.986731 -0.966091 237
26.88 8 DESIRED 0. 0. 0. 0. 761. 0.
26.93 8 GPS 0 0 0 0 0 0 0 85248 0 0
26.96 8 NAVIGATION 0 1 0 0 286 0. 140.5
26.97 8 ATTITUDE 1 0 -42
27.01 8 ENOSE_STATUS 65535 65535 65535 -0.811617 -0.986731 -0.966091 237
27.06 8 ESTIMATOR 0. 0. 0. 0. 0.
27.12 8 DL_VALUE 25 20000.
27.18 8 GPS 0 0 0 0 0 0 0 85500 0 0
27.21 8 NAVIGATION 0 1 0 0 286 0. 140.5
27.24 8 WP_MOVED 4 497575. 3565498. 0.
27.28 8 DOWNLINK_STATUS 26 11875 696 0 467. 27.
27.28 8 RAD_OF_IR 6 0 0.00211
27.29 8 ENOSE_STATUS 65535 65535 65535 -0.811617 -0.986731 -0.966091 237
27.31 8 IR_SENSORS -945 6 1
27.39 8 COMMANDS 0,-9600,9600,-9600
27.43 8 NAVIGATION 0 1 0 0 286 0. 140.5
27.48 8 GPS 0 0 0 0 0 0 0 85748 0 0
27.49 8 ATTITUDE 1 0 -42
27.53 8 GYRO_RATES -279 -214 -282 2.434734 -1.867502 2.460914
27.55 8 ENOSE_STATUS 65535 65535 65535 -0.811617 -0.986731 -0.966091 237
27.57 8 FBW_STATUS 2 1 121
27.60 8 ESTIMATOR 0. 0. 0. 0. 0.
27.63 8 BAT 0 121 0 0 90 0 0
27.65 8 CALIBRATION 0. 0.02 0.5 0
27.68 8 NAVIGATION 0 1 0 0 286 0. 140.5
27.72 8 GPS 0 0 0 0 0 0 0 86000 0 0
27.76 8 WP_MOVED 0 497617. 3565540. 770.
27.79 8 SERVO 9600 -9600 0
27.80 8 ENOSE_STATUS 65535 65535 65535 -0.811617 -0.986731 -0.966091 237
27.83 8 DESIRED 0. 0. 0. 0. 761. 0.
27.85 8 IR_DEBUG 680 671 680 671
27.88 8 NAVIGATION 0 1 0 0 286 0. 140.5
27.90 8 ATTITUDE 1 0 -42
27.95 8 GPS 0 0 0 0 0 0 0 86248 0 0
27.98 8 ENOSE_STATUS 65535 65535 65535 -0.811617 -0.986731 -0.966091 237
28.01 8 ESTIMATOR 0. 0. 0. 0. 0.
28.05 8 DL_VALUE 26 20000.
28.11 8 NAVIGATION 0 1 0 0 286 0. 140.5
28.18 8 GPS 0 0 0 0 0 0 0 86500 0 0
28.21 8 WP_MOVED 1 497586.6875 3565500. 770.
28.23 8 RAD_OF_IR 7 0 0.00211
28.26 8 DOWNLINK_STATUS 27 12373 726 0 498. 30.
28.29 8 ENOSE_STATUS 65535 65535 65535 -0.811617 -0.986731 -0.966091 237
28.29 8 IR_SENSORS -945 6 1
28.33 8 COMMANDS 0,-9600,9600,-9600
28.37 8 NAVIGATION 0 1 0 0 286 0. 140.5
28.39 8 ATTITUDE 1 0 -42
28.42 8 GYRO_RATES -279 -213 -282 2.434734 -1.858776 2.460914
28.45 8 ENOSE_STATUS 65535 65535 65535 -0.811617 -0.986731 -0.966091 237
28.49 8 GPS 0 0 0 0 0 0 0 86748 0 0
28.51 8 FBW_STATUS 2 1 121
28.54 8 ESTIMATOR 0. 0. 0. 0. 0.
28.58 8 NAVIGATION 0 1 0 0 286 0. 140.5
28.63 8 WP_MOVED 2 497622.6875 3565498.5 770.
28.68 8 ENOSE_STATUS 65535 65535 65535 -0.811617 -0.986731 -0.966091 237
28.72 8 GPS 0 0 0 0 0 0 0 87000 0 0
28.76 8 DESIRED 0. 0. 0. 0. 761. 0.
28.82 8 NAVIGATION 0 1 0 0 286 0. 140.5
28.83 8 ATTITUDE 1 0 -42
28.89 8 ENOSE_STATUS 65535 65535 65535 -0.811617 -0.986731 -0.966091 237
28.93 8 GPS 0 0 0 0 0 0 0 87248 0 0
28.97 8 ESTIMATOR 0. 0. 0. 0. 0.
28.99 8 DL_VALUE 27 0.75
29.05 8 NAVIGATION 0 1 0 0 286 0. 140.5
29.10 8 WP_MOVED 3 497546.40625 3565495.5 770.
29.13 8 RAD_OF_IR 7 0 0.00211
29.17 8 ENOSE_STATUS 65535 65535 65535 -0.811617 -0.986731 -0.966091 237
29.21 8 GPS 0 0 0 0 0 0 0 87500 0 0
29.23 8 IR_SENSORS -946 7 1
29.26 8 DOWNLINK_STATUS 28 12843 753 0 470. 27.
29.30 8 COMMANDS 0,-9600,9600,-9600
29.31 8 NAVIGATION 0 1 0 0 286 0. 140.5
29.33 8 ATTITUDE 1 0 -42
29.36 8 GYRO_RATES -280 -214 -282 2.443461 -1.867502 2.460914
29.39 8 ENOSE_STATUS 65535 65535 65535 -0.811617 -0.986731 -0.966091 237
29.40 8 FBW_STATUS 2 1 121
29.44 8 ESTIMATOR 0. 0. 0. 0. 0.
29.46 8 BAT 0 121 0 0 92 0 0
29.51 8 GPS 0 0 0 0 0 0 0 87748 0 0
29.53 8 CALIBRATION 0. 0.02 0.5 0
29.55 8 NAVIGATION 0 1 0 0 286 0. 140.5
29.58 8 WP_MOVED 4 497575. 3565498. 0.
29.60 8 SERVO 9600 -9600 0
29.63 8 ENOSE_STATUS 65535 65535 65535 -0.811617 -0.986731 -0.966091 237
29.69 8 GPS 0 0 0 0 0 0 0 88000 0 0
29.74 8 DESIRED 0. 0. 0. 0. 761. 0.
29.78 8 IR_DEBUG 680 670 680 670
29.78 8 NAVIGATION 0 1 0 0 286 0. 140.5
29.79 8 ATTITUDE 1 0 -42
29.83 8 ENOSE_STATUS 65535 65535 65535 -0.811617 -0.986731 -0.966091 237
29.87 8 ESTIMATOR 0. 0. 0. 0. 0.
29.93 8 GPS 0 0 0 0 0 0 0 88248 0 0
29.95 8 DL_VALUE 28 10000.
29.99 8 NAVIGATION 0 1 0 0 286 0. 140.5
30.04 8 WP_MOVED 0 497617. 3565540. 770.
30.07 8 RAD_OF_IR 6 0 0.00211
30.10 8 ENOSE_STATUS 65535 65535 65535 -0.811617 -0.986731 -0.966091 237
30.12 8 IR_SENSORS -946 7 1
30.18 8 GPS 0 0 0 0 0 0 0 88500 0 0
30.21 8 COMMANDS 0,-9600,9600,-9600
30.25 8 NAVIGATION 0 1 0 0 286 0. 140.5
30.29 8 DOWNLINK_STATUS 29 13360 784 0 517. 31.
30.29 8 ATTITUDE 1 0 -42
30.30 8 GYRO_RATES -280 -215 -282 2.443461 -1.876229 2.460914
30.32 8 ENOSE_STATUS 65535 65535 65535 -0.811617 -0.986731 -0.966091 237
30.34 8 FBW_STATUS 2 1 121
30.38 8 ESTIMATOR 0. 0. 0. 0. 0.
30.40 8 ACTUATORS 1500,1000,0,1200,1000
30.45 8 GPS 0 0 0 0 0 0 0 88748 0 0
30.48 8 NAVIGATION 0 1 0 0 286 0. 140.5
30.51 8 WP_MOVED 1 497586.6875 3565500. 770.
30.55 8 ENOSE_STATUS 65535 65535 65535 -0.811617 -0.986731 -0.966091 237
30.63 8 DESIRED 0. 0. 0. 0. 761. 0.
30.69 8 GPS 0 0 0 0 0 0 0 89000 0 0
30.72 8 NAVIGATION 0 1 0 0 286 0. 140.5
30.74 8 ATTITUDE 1 0 -42
30.78 8 PPRZ_MODE 2 0 3 0 0 6 0
30.79 8 ENOSE_STATUS 65535 65535 65535 -0.811617 -0.986731 -0.966091 237
30.82 8 ESTIMATOR 0. 0. 0. 0. 0.
30.87 8 DL_VALUE 29 10000.
30.93 8 GPS 0 0 0 0 0 0 0 89248 0 0
30.96 8 NAVIGATION 0 1 0 0 286 0. 140.5
30.98 8 WP_MOVED 2 497622.6875 3565498.5 770.
31.01 8 RAD_OF_IR 6 0 0.00211
31.04 8 ENOSE_STATUS 65535 65535 65535 -0.811617 -0.986731 -0.966091 237
31.06 8 IR_SENSORS -945 6 1
31.15 8 COMMANDS 0,-9600,9600,-9600
31.18 8 NAVIGATION 0 1 0 0 286 0. 140.5
31.25 8 GPS 0 0 0 0 0 0 0 89500 0 0
31.28 8 ATTITUDE 1 0 -42
31.28 8 DOWNLINK_STATUS 30 13831 812 0 471. 28.
31.28 8 GYRO_RATES -279 -215 -282 2.434734 -1.876229 2.460914
31.31 8 ENOSE_STATUS 65535 65535 65535 -0.811617 -0.986731 -0.966091 237
31.32 8 FBW_STATUS 2 1 121
31.35 8 ESTIMATOR 0. 0. 0. 0. 0.
31.38 8 BAT 0 121 0 0 94 0 0
31.40 8 CALIBRATION 0. 0.02 0.5 0
31.43 8 NAVIGATION 0 1 0 0 286 0. 140.5
31.47 8 GPS 0 0 0 0 0 0 0 89748 0 0
31.50 8 WP_MOVED 3 497546.40625 3565495.5 770.
31.51 8 SERVO 9600 -9600 0
31.55 8 ENOSE_STATUS 65535 65535 65535 -0.811617 -0.986731 -0.966091 237
31.58 8 DESIRED 0. 0. 0. 0. 761. 0.
31.60 8 IR_DEBUG 680 671 680 671
31.63 8 NAVIGATION 0 1 0 0 286 0. 140.5
31.65 8 ATTITUDE 1 0 -42
31.69 8 GPS 0 0 0 0 0 0 0 90000 0 0
31.74 8 ENOSE_STATUS 65535 65535 65535 -0.811617 -0.986731 -0.966091 237
31.78 8 ESTIMATOR 0. 0. 0. 0. 0.
31.81 8 DL_VALUE 30 0.3
31.86 8 NAVIGATION 0 1 0 0 286 0. 140.5
31.93 8 GPS 0 0 0 0 0 0 0 90248 0 0
31.96 8 WP_MOVED 4 497575. 3565498. 0.
31.97 8 RAD_OF_IR 6 0 0.00211
32.01 8 ENOSE_STATUS 65535 65535 65535 -0.811617 -0.986731 -0.966091 237
32.03 8 IR_SENSORS -938 9 1
32.08 8 COMMANDS 0,-9600,9600,-9600
32.12 8 NAVIGATION 0 1 0 0 286 0. 140.5
32.14 8 ATTITUDE 1 0 -42
32.17 8 GYRO_RATES -297 -232 -300 2.591814 -2.024582 2.617994
32.20 8 ENOSE_STATUS 65535 65535 65535 -0.811617 -0.986731 -0.966091 237
32.26 8 GPS 0 0 0 0 0 0 0 90500 0 0
32.29 8 FBW_STATUS 2 1 121
32.29 8 DOWNLINK_STATUS 31 14365 844 0 534. 32.
32.29 8 ESTIMATOR 0. 0. 0. 0. 0.
32.33 8 NAVIGATION 0 1 0 0 286 0. 140.5
32.39 8 WP_MOVED 0 497617. 3565540. 770.
32.43 8 ENOSE_STATUS 65535 65535 65535 -0.811617 -0.986731 -0.966091 237
32.47 8 GPS 0 0 0 0 0 0 0 90748 0 0
32.51 8 DESIRED 0. 0. 0. 0. 761. 0.
32.57 8 NAVIGATION 0 1 0 0 286 0. 140.5
32.58 8 ATTITUDE 0 0 -43
32.63 8 ENOSE_STATUS 65535 65535 65535 -0.811617 -0.986731 -0.966091 237
32.69 8 GPS 0 0 0 0 0 0 0 91000 0 0
32.74 8 ESTIMATOR 0. 0. 0. 0. 0.
32.78 8 DL_VALUE 31 0.36
32.80 8 NAVIGATION 0 1 0 0 286 0. 140.5
32.85 8 WP_MOVED 1 497586.6875 3565500. 770.
32.88 8 RAD_OF_IR 7 0 0.00211
32.91 8 ENOSE_STATUS 65535 65535 65535 -0.811617 -0.986731 -0.966091 237
32.96 8 GPS 0 0 0 0 0 0 0 91248 0 0
32.98 8 IR_SENSORS -947 7 1
33.02 8 COMMANDS 0,-9600,9600,-9600
33.06 8 NAVIGATION 0 1 0 0 286 0. 140.5
33.08 8 ATTITUDE 1 0 -42
33.11 8 GYRO_RATES -279 -215 -282 2.434734 -1.876229 2.460914
33.13 8 ENOSE_STATUS 65535 65535 65535 -0.811617 -0.986731 -0.966091 237
33.15 8 FBW_STATUS 2 1 121
33.19 8 ESTIMATOR 0. 0. 0. 0. 0.
33.21 8 BAT 0 121 0 0 96 0 0
33.25 8 GPS 0 0 0 0 0 0 0 91500 0 0
33.29 8 DOWNLINK_STATUS 32 14842 871 0 477. 27.
33.29 8 CALIBRATION 0. 0.02 0.5 0
33.30 8 NAVIGATION 0 1 0 0 286 0. 140.5
33.33 8 WP_MOVED 2 497622.6875 3565498.5 770.
33.34 8 SERVO 9600 -9600 0
33.38 8 ENOSE_STATUS 65535 65535 65535 -0.811617 -0.986731 -0.966091 237
33.43 8 GPS 0 0 0 0 0 0 0 91748 0 0
33.47 8 DESIRED 0. 0. 0. 0. 761. 0.
33.49 8 IR_DEBUG 681 671 681 671
33.52 8 NAVIGATION 0 1 0 0 286 0. 140.5
33.53 8 ATTITUDE 1 0 -42
33.57 8 ENOSE_STATUS 65535 65535 65535 -0.811617 -0.986731 -0.966091 237
33.62 8 ESTIMATOR 0. 0. 0. 0. 0.
33.69 8 GPS 0 0 0 0 0 0 0 92000 0 0
33.71 8 DL_VALUE 32 0.01
33.74 8 NAVIGATION 0 1 0 0 286 0. 140.5
33.79 8 WP_MOVED 3 497546.40625 3565495.5 770.
33.81 8 RAD_OF_IR 7 0 0.00211
33.85 8 ENOSE_STATUS 65535 65535 65535 -0.811617 -0.986731 -0.966091 237
33.87 8 IR_SENSORS -944 7 1
33.93 8 GPS 0 0 0 0 0 0 0 92248 0 0
33.96 8 COMMANDS 0,-9600,9600,-9600
33.99 8 NAVIGATION 0 1 0 0 286 0. 140.5
34.01 8 ATTITUDE 1 0 -42
34.05 8 GYRO_RATES -280 -214 -282 2.443461 -1.867502 2.460914
34.07 8 ENOSE_STATUS 65535 65535 65535 -0.811617 -0.986731 -0.966091 237
34.09 8 FBW_STATUS 2 1 121
34.13 8 ESTIMATOR 0. 0. 0. 0. 0.
34.18 8 GPS 0 0 0 0 0 0 0 92500 0 0
34.21 8 NAVIGATION 0 1 0 0 286 0. 140.5
34.27 8 WP_MOVED 4 497575. 3565498. 0.
34.30 8 DOWNLINK_STATUS 33 15349 901 0 507. 30.
34.30 8 ENOSE_STATUS 65535 65535 65535 -0.811617 -0.986731 -0.966091 237
34.38 8 DESIRED 0. 0. 0. 0. 761. 0.
34.43 8 GPS 0 0 0 0 0 0 0 92748 0 0
34.46 8 NAVIGATION 0 1 0 0 286 0. 140.5
34.47 8 ATTITUDE 1 0 -42
34.51 8 ENOSE_STATUS 65535 65535 65535 -0.811617 -0.986731 -0.966091 237
34.56 8 ESTIMATOR 0. 0. 0. 0. 0.
34.62 8 DL_VALUE 0 761.
34.69 8 GPS 0 0 0 0 0 0 0 93000 0 0
34.72 8 NAVIGATION 0 1 0 0 286 0. 140.5
34.76 8 WP_MOVED 0 497617. 3565540. 770.
34.79 8 RAD_OF_IR 6 0 0.00211
34.79 8 NAVIGATION_REF 497575 3565498 12
34.82 8 ENOSE_STATUS 65535 65535 65535 -0.811617 -0.986731 -0.966091 237
34.84 8 IR_SENSORS -945 6 1
34.89 8 COMMANDS 0,-9600,9600,-9600
34.93 8 NAVIGATION 0 1 0 0 286 0. 140.5
34.98 8 GPS 0 0 0 0 0 0 0 93248 0 0
35.00 8 ATTITUDE 1 0 -42
35.03 8 GYRO_RATES -279 -214 -282 2.434734 -1.867502 2.460914
35.07 8 ENOSE_STATUS 65535 65535 65535 -0.811617 -0.986731 -0.966091 237
35.08 8 FBW_STATUS 2 1 121
35.11 8 ESTIMATOR 0. 0. 0. 0. 0.
35.14 8 BAT 0 121 0 0 98 0 0
35.16 8 ACTUATORS 1500,1000,0,1200,1000
35.19 8 CALIBRATION 0. 0.02 0.5 0
35.22 8 NAVIGATION 0 1 0 0 286 0. 140.5
35.26 8 GPS 0 0 0 0 0 0 0 93500 0 0
35.29 8 WP_MOVED 1 497586.6875 3565500. 770.
35.29 8 DOWNLINK_STATUS 34 15843 930 0 494. 29.
35.29 8 SERVO 9600 -9600 0
35.34 8 ENOSE_STATUS 65535 65535 65535 -0.811617 -0.986731 -0.966091 237
35.37 8 DESIRED 0. 0. 0. 0. 761. 0.
35.39 8 IR_DEBUG 681 671 681 671
35.42 8 NAVIGATION 0 1 0 0 286 0. 140.5
35.44 8 ATTITUDE 1 0 -42
35.46 8 PPRZ_MODE 2 0 3 0 0 6 0
35.49 8 GPS 0 0 0 0 0 0 0 93748 0 0
35.53 8 ENOSE_STATUS 65535 65535 65535 -0.811617 -0.986731 -0.966091 237
35.57 8 ESTIMATOR 0. 0. 0. 0. 0.
35.59 8 DL_VALUE 1 1.
35.61 8 NAVIGATION 0 1 0 0 286 0. 140.5
35.69 8 GPS 0 0 0 0 0 0 0 94000 0 0
35.72 8 WP_MOVED 2 497622.6875 3565498.5 770.
35.74 8 RAD_OF_IR 6 0 0.00211
35.78 8 ENOSE_STATUS 65535 65535 65535 -0.811617 -0.986731 -0.966091 237
35.79 8 IR_SENSORS -947 6 1
35.83 8 COMMANDS 0,-9600,9600,-9600
35.87 8 NAVIGATION 0 1 0 0 286 0. 140.5
35.89 8 ATTITUDE 1 0 -42
35.92 8 GYRO_RATES -279 -215 -281 2.434734 -1.876229 2.452188
35.95 8 ENOSE_STATUS 65535 65535 65535 -0.811617 -0.986731 -0.966091 237
36.01 8 GPS 0 0 0 0 0 0 0 94248 0 0
36.02 8 FBW_STATUS 2 1 121
36.05 8 ESTIMATOR 0. 0. 0. 0. 0.
36.08 8 NAVIGATION 0 1 0 0 286 0. 140.5
36.13 8 WP_MOVED 3 497546.40625 3565495.5 770.
36.17 8 ENOSE_STATUS 65535 65535 65535 -0.811617 -0.986731 -0.966091 237
36.24 8 GPS 0 0 0 0 0 0 0 94500 0 0
36.28 8 DESIRED 0. 0. 0. 0. 761. 0.
36.28 8 DOWNLINK_STATUS 35 16358 960 0 515. 30.
36.32 8 NAVIGATION 0 1 0 0 286 0. 140.5
36.33 8 ATTITUDE 1 0 -42
36.39 8 ENOSE_STATUS 65535 65535 65535 -0.811617 -0.986731 -0.966091 237
36.43 8 GPS 0 0 0 0 0 0 0 94748 0 0
36.47 8 ESTIMATOR 0. 0. 0. 0. 0.
36.49 8 DL_VALUE 2 0.
36.55 8 NAVIGATION 0 1 0 0 286 0. 140.5
36.60 8 WP_MOVED 4 497575. 3565498. 0.
36.62 8 RAD_OF_IR 7 0 0.00211
36.67 8 ENOSE_STATUS 65535 65535 65535 -0.811617 -0.986731 -0.966091 237
36.71 8 GPS 0 0 0 0 0 0 0 95000 0 0
36.72 8 IR_SENSORS -946 7 1
36.78 8 COMMANDS 0,-9600,9600,-9600
36.81 8 NAVIGATION 0 1 0 0 286 0. 140.5
36.82 8 ATTITUDE 1 0 -42
36.86 8 GYRO_RATES -279 -215 -282 2.434734 -1.876229 2.460914
36.89 8 ENOSE_STATUS 65535 65535 65535 -0.811617 -0.986731 -0.966091 237
36.91 8 FBW_STATUS 2 1 121
36.93 8 ESTIMATOR 0. 0. 0. 0. 0.
36.96 8 BAT 0 121 0 0 100 0 0
37.00 8 GPS 0 0 0 0 0 0 0 95248 0 0
37.03 8 CALIBRATION 0. 0.02 0.5 0
37.05 8 NAVIGATION 0 1 0 0 286 0. 140.5
37.08 8 WP_MOVED 0 497617. 3565540. 770.
37.09 8 SERVO 9600 -9600 0
37.13 8 ENOSE_STATUS 65535 65535 65535 -0.811617 -0.986731 -0.966091 237
37.18 8 GPS 0 0 0 0 0 0 0 95500 0 0
37.22 8 DESIRED 0. 0. 0. 0. 761. 0.
37.25 8 IR_DEBUG 680 670 680 670
37.29 8 NAVIGATION 0 1 0 0 286 0. 140.5
37.29 8 ATTITUDE 0 0 -43
37.29 8 DOWNLINK_STATUS 36 16872 991 0 514. 31.
37.32 8 ENOSE_STATUS 65535 65535 65535 -0.811617 -0.986731 -0.966091 237
37.37 8 ESTIMATOR 0. 0. 0. 0. 0.
37.43 8 GPS 0 0 0 0 0 0 0 95748 0 0
37.45 8 DL_VALUE 3 0.
37.49 8 NAVIGATION 0 1 0 0 286 0. 140.5
37.54 8 WP_MOVED 1 497586.6875 3565500. 770.
37.56 8 RAD_OF_IR 7 0 0.00211
37.60 8 ENOSE_STATUS 65535 65535 65535 -0.811617 -0.986731 -0.966091 237
37.62 8 IR_SENSORS -941 9 1
37.69 8 GPS 0 0 0 0 0 0 0 96000 0 0
37.71 8 COMMANDS 0,-9600,9600,-9600
37.76 8 NAVIGATION 0 1 0 0 286 0. 140.5
37.79 8 ATTITUDE 1 0 -41
37.80 8 GYRO_RATES -280 -214 -282 2.443461 -1.867502 2.460914
37.82 8 ENOSE_STATUS 65535 65535 65535 -0.811617 -0.986731 -0.966091 237
37.84 8 FBW_STATUS 2 1 121
37.87 8 ESTIMATOR 0. 0. 0. 0. 0.
37.93 8 GPS 0 0 0 0 0 0 0 96248 0 0
37.96 8 NAVIGATION 0 1 0 0 286 0. 140.5
38.01 8 WP_MOVED 2 497622.6875 3565498.5 770.
38.05 8 ENOSE_STATUS 65535 65535 65535 -0.811617 -0.986731 -0.966091 237
38.13 8 DESIRED 0. 0. 0. 0. 761. 0.
38.18 8 GPS 0 0 0 0 0 0 0 96500 0 0
38.21 8 NAVIGATION 0 1 0 0 286 0. 140.5
38.23 8 ATTITUDE 1 0 -42
38.27 8 ENOSE_STATUS 65535 65535 65535 -0.811617 -0.986731 -0.966091 237
38.30 8 DOWNLINK_STATUS 37 17334 1017 0 462. 26.
38.31 8 ESTIMATOR 0. 0. 0. 0. 0.
38.36 8 DL_VALUE 4 2.
38.43 8 GPS 0 0 0 0 0 0 0 96748 0 0
38.46 8 NAVIGATION 0 1 0 0 286 0. 140.5
38.48 8 WP_MOVED 3 497546.40625 3565495.5 770.
38.51 8 RAD_OF_IR 6 0 0.00211
38.53 8 ENOSE_STATUS 65535 65535 65535 -0.811617 -0.986731 -0.966091 237
38.56 8 IR_SENSORS -945 6 1
38.64 8 COMMANDS 0,-9600,9600,-9600
38.68 8 NAVIGATION 0 1 0 0 286 0. 140.5
38.74 8 GPS 0 0 0 0 0 0 0 97000 0 0
38.78 8 ATTITUDE 1 0 -42
38.78 8 GYRO_RATES -280 -214 -282 2.443461 -1.867502 2.460914
38.80 8 ENOSE_STATUS 65535 65535 65535 -0.811617 -0.986731 -0.966091 237
38.82 8 FBW_STATUS 2 1 121
38.85 8 ESTIMATOR 0. 0. 0. 0. 0.
38.88 8 BAT 0 121 0 0 102 0 0
38.90 8 CALIBRATION 0. 0.02 0.5 0
38.93 8 NAVIGATION 0 1 0 0 286 0. 140.5
38.97 8 GPS 0 0 0 0 0 0 0 97248 0 0
38.99 8 WP_MOVED 4 497575. 3565498. 0.
39.01 8 SERVO 9600 -9600 0
39.05 8 ENOSE_STATUS 65535 65535 65535 -0.811617 -0.986731 -0.966091 237
39.08 8 DESIRED 0. 0. 0. 0. 761. 0.
39.09 8 IR_DEBUG 680 670 680 670
39.13 8 NAVIGATION 0 1 0 0 286 0. 140.5
39.14 8 ATTITUDE 1 0 -42
39.19 8 GPS 0 0 0 0 0 0 0 97500 0 0
39.23 8 ENOSE_STATUS 65535 65535 65535 -0.811617 -0.986731 -0.966091 237
39.27 8 ESTIMATOR 0. 0. 0. 0. 0.
39.30 8 DOWNLINK_STATUS 38 17844 1047 0 510. 30.
39.30 8 DL_VALUE 5 0.
39.36 8 NAVIGATION 0 1 0 0 286 0. 140.5
39.43 8 GPS 0 0 0 0 0 0 0 97748 0 0
39.46 8 WP_MOVED 0 497617. 3565540. 770.
39.47 8 RAD_OF_IR 7 0 0.00211
39.51 8 ENOSE_STATUS 65535 65535 65535 -0.811617 -0.986731 -0.966091 237
39.52 8 IR_SENSORS -944 7 1
39.58 8 COMMANDS 0,-9600,9600,-9600
39.62 8 NAVIGATION 0 1 0 0 286 0. 140.5
39.64 8 ATTITUDE 1 0 -42
39.67 8 GYRO_RATES -280 -215 -283 2.443461 -1.876229 2.469641
39.70 8 ENOSE_STATUS 65535 65535 65535 -0.811617 -0.986731 -0.966091 237
39.76 8 GPS 0 0 0 0 0 0 0 98000 0 0
39.79 8 FBW_STATUS 2 1 121
39.79 8 ESTIMATOR 0. 0. 0. 0. 0.
39.81 8 ACTUATORS 1500,1000,0,1200,1000
39.84 8 NAVIGATION 0 1 0 0 286 0. 140.5
39.88 8 WP_MOVED 1 497586.6875 3565500. 770.
39.93 8 ENOSE_STATUS 65535 65535 65535 -0.811617 -0.986731 -0.966091 237
39.97 8 GPS 0 0 0 0 0 0 0 98248 0 0
40.01 8 DESIRED 0. 0. 0. 0. 761. 0.
40.07 8 NAVIGATION 0 1 0 0 286 0. 140.5
40.08 8 ATTITUDE 1 0 -42
40.10 8 PPRZ_MODE 2 0 3 0 0 6 0
40.14 8 ENOSE_STATUS 65535 65535 65535 -0.811617 -0.986731 -0.966091 237
40.18 8 GPS 0 0 0 0 0 0 0 98500 0 0
40.21 8 ESTIMATOR 0. 0. 0. 0. 0.
40.25 8 DL_VALUE 6 0.
40.28 8 DOWNLINK_STATUS 39 18314 1075 0 470. 28.
40.30 8 NAVIGATION 0 1 0 0 286 0. 140.5
40.35 8 WP_MOVED 2 497622.6875 3565498.5 770.
40.38 8 RAD_OF_IR 7 0 0.00211
40.41 8 ENOSE_STATUS 65535 65535 65535 -0.811617 -0.986731 -0.966091 237
40.46 8 GPS 0 0 0 0 0 0 0 98748 0 0
40.48 8 IR_SENSORS -945 6 1
40.52 8 COMMANDS 0,-9600,9600,-9600
40.56 8 NAVIGATION 0 1 0 0 286 0. 140.5
40.57 8 ATTITUDE 1 0 -42
40.61 8 GYRO_RATES -279 -214 -282 2.434734 -1.867502 2.460914
40.63 8 ENOSE_STATUS 65535 65535 65535 -0.811617 -0.986731 -0.966091 237
40.65 8 FBW_STATUS 2 1 121
40.69 8 ESTIMATOR 0. 0. 0. 0. 0.
40.71 8 BAT 0 121 0 0 104 0 0
40.76 8 GPS 0 0 0 0 0 0 0 99000 0 0
40.79 8 CALIBRATION 0. 0.02 0.5 0
40.80 8 NAVIGATION 0 1 0 0 286 0. 140.5
40.83 8 WP_MOVED 3 497546.40625 3565495.5 770.
40.84 8 SERVO 9600 -9600 0
40.88 8 ENOSE_STATUS 65535 65535 65535 -0.811617 -0.986731 -0.966091 237
40.93 8 GPS 0 0 0 0 0 0 0 99248 0 0
40.97 8 DESIRED 0. 0. 0. 0. 761. 0.
40.99 8 IR_DEBUG 680 671 680 671
41.01 8 NAVIGATION 0 1 0 0 286 0. 140.5
41.03 8 ATTITUDE 1 0 -42
41.07 8 ENOSE_STATUS 65535 65535 65535 -0.811617 -0.986731 -0.966091 237
41.12 8 ESTIMATOR 0. 0. 0. 0. 0.
41.18 8 GPS 0 0 0 0 0 0 0 99500 0 0
41.20 8 DL_VALUE 7 0.
41.24 8 NAVIGATION 0 1 0 0 286 0. 140.5
41.28 8 DOWNLINK_STATUS 40 18820 1105 0 506. 30.
41.29 8 WP_MOVED 4 497575. 3565498. 0.
41.31 8 RAD_OF_IR 7 0 0.00211
41.35 8 ENOSE_STATUS 65535 65535 65535 -0.811617 -0.986731 -0.966091 237
41.37 8 IR_SENSORS -942 7 1
41.43 8 GPS 0 0 0 0 0 0 0 99748 0 0
41.46 8 COMMANDS 0,-9600,9600,-9600
41.49 8 NAVIGATION 0 1 0 0 286 0. 140.5
41.51 8 ATTITUDE 1 0 -42
41.55 8 GYRO_RATES -280 -215 -282 2.443461 -1.876229 2.460914
41.57 8 ENOSE_STATUS 65535 65535 65535 -0.811617 -0.986731 -0.966091 237
41.59 8 FBW_STATUS 2 1 121
41.63 8 ESTIMATOR 0. 0. 0. 0. 0.
41.69 8 GPS 0 0 0 0 0 0 0 100000 0 0
41.72 8 NAVIGATION 0 1 0 0 286 0. 140.5
41.77 8 WP_MOVED 0 497617. 3565540. 770.
41.80 8 ENOSE_STATUS 65535 65535 65535 -0.811617 -0.986731 -0.966091 237
41.88 8 DESIRED 0. 0. 0. 0. 761. 0.
41.93 8 GPS 0 0 0 0 0 0 0 100248 0 0
41.95 8 NAVIGATION 0 1 0 0 286 0. 140.5
41.97 8 ATTITUDE 1 0 -42
42.01 8 ENOSE_STATUS 65535 65535 65535 -0.811617 -0.986731 -0.966091 237
42.06 8 ESTIMATOR 0. 0. 0. 0. 0.
42.12 8 DL_VALUE 8 0.
42.18 8 GPS 0 0 0 0 0 0 0 100500 0 0
42.21 8 NAVIGATION 0 1 0 0 286 0. 140.5
42.24 8 WP_MOVED 1 497586.6875 3565500. 770.
42.28 8 RAD_OF_IR 6 0 0.00211
42.28 8 DOWNLINK_STATUS 41 19286 1132 0 466. 27.
42.29 8 ENOSE_STATUS 65535 65535 65535 -0.811617 -0.986731 -0.966091 237
42.31 8 IR_SENSORS -945 6 1
42.39 8 COMMANDS 0,-9600,9600,-9600
42.43 8 NAVIGATION 0 1 0 0 286 0. 140.5
42.48 8 GPS 0 0 0 0 0 0 0 100748 0 0
42.49 8 ATTITUDE 1 0 -42
42.53 8 GYRO_RATES -279 -215 -282 2.434734 -1.876229 2.460914
42.55 8 ENOSE_STATUS 65535 65535 65535 -0.811617 -0.986731 -0.966091 237
42.57 8 FBW_STATUS 2 1 121
42.60 8 ESTIMATOR 0. 0. 0. 0. 0.
42.62 8 BAT 0 121 0 0 106 0 0
42.65 8 CALIBRATION 0. 0.02 0.5 0
42.68 8 NAVIGATION 0 1 0 0 286 0. 140.5
42.72 8 GPS 0 0 0 0 0 0 0 101000 0 0
42.75 8 WP_MOVED 2 497622.6875 3565498.5 770.
42.79 8 SERVO 9600 -9600 0
42.79 8 ENOSE_STATUS 65535 65535 65535 -0.811617 -0.986731 -0.966091 237
42.83 8 DESIRED 0. 0. 0. 0. 761. 0.
42.84 8 IR_DEBUG 680 671 680 671
42.88 8 NAVIGATION 0 1 0 0 286 0. 140.5
42.89 8 ATTITUDE 1 0 -42
42.94 8 GPS 0 0 0 0 0 0 0 101248 0 0
42.98 8 ENOSE_STATUS 65535 65535 65535 -0.811617 -0.986731 -0.966091 237
43.01 8 ESTIMATOR 0. 0. 0. 0. 0.
43.05 8 DL_VALUE 9 0.
43.11 8 NAVIGATION 0 1 0 0 286 0. 140.5
43.18 8 GPS 0 0 0 0 0 0 0 101500 0 0
43.21 8 WP_MOVED 3 497546.40625 3565495.5 770.
43.22 8 RAD_OF_IR 7 0 0.00211
43.26 8 NAVIGATION_REF 497575 3565498 12
43.29 8 ENOSE_STATUS 65535 65535 65535 -0.811617 -0.986731 -0.966091 237
43.29 8 DOWNLINK_STATUS 42 19806 1163 0 520. 31.
43.29 8 IR_SENSORS -946 7 1
43.33 8 COMMANDS 0,-9600,9600,-9600
43.37 8 NAVIGATION 0 1 0 0 286 0. 140.5
43.38 8 ATTITUDE 1 0 -42
43.42 8 GYRO_RATES -279 -215 -281 2.434734 -1.876229 2.452188
43.45 8 ENOSE_STATUS 65535 65535 65535 -0.811617 -0.986731 -0.966091 237
43.49 8 GPS 0 0 0 0 0 0 0 101748 0 0
43.51 8 FBW_STATUS 2 1 121
43.54 8 ESTIMATOR 0. 0. 0. 0. 0.
43.58 8 NAVIGATION 0 1 0 0 286 0. 140.5
43.63 8 WP_MOVED 4 497575. 3565498. 0.
43.67 8 ENOSE_STATUS 65535 65535 65535 -0.811617 -0.986731 -0.966091 237
43.72 8 GPS 0 0 0 0 0 0 0 102000 0 0
43.77 8 DESIRED 0. 0. 0. 0. 761. 0.
43.82 8 NAVIGATION 0 1 0 0 286 0. 140.5
43.83 8 ATTITUDE 1 0 -42
43.89 8 ENOSE_STATUS 65535 65535 65535 -0.811617 -0.986731 -0.966091 237
43.93 8 GPS 0 0 0 0 0 0 0 102248 0 0
43.96 8 ESTIMATOR 0. 0. 0. 0. 0.
43.99 8 DL_VALUE 10 -85.943672
44.05 8 NAVIGATION 0 1 0 0 286 0. 140.5
44.10 8 WP_MOVED 0 497617. 3565540. 770.
44.12 8 RAD_OF_IR 6 0 0.00211
44.16 8 ENOSE_STATUS 65535 65535 65535 -0.811617 -0.986731 -0.966091 237
44.21 8 GPS 0 0 0 0 0 0 0 102500 0 0
44.22 8 IR_SENSORS -944 7 1
44.28 8 COMMANDS 0,-9600,9600,-9600
44.32 8 DOWNLINK_STATUS 43 20266 1190 0 460. 27.
44.32 8 NAVIGATION 0 1 0 0 286 0. 140.5
44.32 8 ATTITUDE 1 0 -42
44.36 8 GYRO_RATES -280 -215 -282 2.443461 -1.876229 2.460914
44.39 8 ENOSE_STATUS 65535 65535 65535 -0.811617 -0.986731 -0.966091 237
44.40 8 FBW_STATUS 2 1 121
44.43 8 ESTIMATOR 0. 0. 0. 0. 0.
44.46 8 BAT 0 121 0 0 108 0 0
44.50 8 GPS 0 0 0 0 0 0 0 102748 0 0
44.53 8 ACTUATORS 1500,1000,0,1200,1000
44.55 8 CALIBRATION 0. 0.02 0.5 0
44.58 8 NAVIGATION 0 1 0 0 286 0. 140.5
44.60 8 WP_MOVED 1 497586.6875 3565500. 770.
44.62 8 SERVO 9600 -9600 0
44.66 8 ENOSE_STATUS 65535 65535 65535 -0.811617 -0.986731 -0.966091 237
44.70 8 GPS 0 0 0 0 0 0 0 103000 0 0
44.74 8 DESIRED 0. 0. 0. 0. 761. 0.
44.78 8 IR_DEBUG 680 671 680 671
44.78 8 NAVIGATION 0 1 0 0 286 0. 140.5
44.81 8 PPRZ_MODE 2 0 3 0 0 6 0
44.84 8 ENOSE_STATUS 65535 65535 65535 -0.811617 -0.986731 -0.966091 237
44.87 8 ESTIMATOR 0. 0. 0. 0. 0.
44.93 8 GPS 0 0 0 0 0 0 0 103248 0 0
44.94 8 DL_VALUE 11 1.5
44.99 8 NAVIGATION 0 1 0 0 286 0. 140.5
45.04 8 WP_MOVED 2 497622.6875 3565498.5 770.
45.06 8 RAD_OF_IR 7 0 0.00211
45.10 8 ENOSE_STATUS 65535 65535 65535 -0.811617 -0.986731 -0.966091 237
45.12 8 IR_SENSORS -946 7 1
45.18 8 GPS 0 0 0 0 0 0 0 103500 0 0
45.20 8 COMMANDS 0,-9600,9600,-9600
45.25 8 NAVIGATION 0 1 0 0 286 0. 140.5
45.28 8 ATTITUDE 1 0 -42
45.28 8 DOWNLINK_STATUS 44 20794 1222 0 528. 32.
45.30 8 GYRO_RATES -280 -214 -282 2.443461 -1.867502 2.460914
45.33 8 ENOSE_STATUS 65535 65535 65535 -0.811617 -0.986731 -0.966091 237
45.34 8 FBW_STATUS 2 1 121
45.37 8 ESTIMATOR 0. 0. 0. 0. 0.
45.43 8 GPS 0 0 0 0 0 0 0 103748 0 0
45.47 8 NAVIGATION 0 1 0 0 286 0. 140.5
45.51 8 WP_MOVED 3 497546.40625 3565495.5 770.
45.55 8 ENOSE_STATUS 65535 65535 65535 -0.811617 -0.986731 -0.966091 237
45.63 8 DESIRED 0. 0. 0. 0. 761. 0.
45.69 8 GPS 0 0 0 0 0 0 0 104000 0 0
45.72 8 NAVIGATION 0 1 0 0 286 0. 140.5
45.74 8 ATTITUDE 1 0 -42
45.78 8 ENOSE_STATUS 65535 65535 65535 -0.811617 -0.986731 -0.966091 237
45.81 8 ESTIMATOR 0. 0. 0. 0. 0.
45.87 8 DL_VALUE 12 1.5
45.93 8 GPS 0 0 0 0 0 0 0 104248 0 0
45.96 8 NAVIGATION 0 1 0 0 286 0. 140.5
45.99 8 WP_MOVED 4 497575. 3565498. 0.
46.01 8 RAD_OF_IR 6 0 0.00211
46.04 8 ENOSE_STATUS 65535 65535 65535 -0.811617 -0.986731 -0.966091 237
46.06 8 IR_SENSORS -945 6 1
46.14 8 COMMANDS 0,-9600,9600,-9600
46.18 8 NAVIGATION 0 1 0 0 286 0. 140.5
46.23 8 GPS 0 0 0 0 0 0 0 104500 0 0
46.26 8 ATTITUDE 1 0 -42
46.29 8 GYRO_RATES -280 -215 -282 2.443461 -1.876229 2.460914
46.29 8 DOWNLINK_STATUS 45 21255 1248 0 461. 26.
46.30 8 ENOSE_STATUS 65535 65535 65535 -0.811617 -0.986731 -0.966091 237
46.32 8 FBW_STATUS 2 1 121
46.35 8 ESTIMATOR 0. 0. 0. 0. 0.
46.38 8 BAT 0 121 0 0 110 0 0
46.40 8 CALIBRATION 0. 0.02 0.5 0
46.43 8 NAVIGATION 0 1 0 0 286 0. 140.5
46.47 8 GPS 0 0 0 0 0 0 0 104748 0 0
46.49 8 WP_MOVED 0 497617. 3565540. 770.
46.51 8 SERVO 9600 -9600 0
46.55 8 ENOSE_STATUS 65535 65535 65535 -0.811617 -0.986731 -0.966091 237
46.58 8 DESIRED 0. 0. 0. 0. 761. 0.
46.59 8 IR_DEBUG 681 671 681 671
46.63 8 NAVIGATION 0 1 0 0 286 0. 140.5
47.28 8 DOWNLINK_STATUS 46 21475 1261 0 220. 13.
48.28 8 DOWNLINK_STATUS 47 21475 1261 0 0. 0.
49.28 8 DOWNLINK_STATUS 48 21475 1261 0 0. 0.
50.29 8 DOWNLINK_STATUS 49 21475 1261 0 0. 0.
51.28 8 DOWNLINK_STATUS 50 21475 1261 0 0. 0.
52.28 8 DOWNLINK_STATUS 51 21475 1261 0 0. 0.
53.28 8 DOWNLINK_STATUS 52 21475 1261 0 0. 0.
