82.75 8 ENOSE_STATUS 0 0 0 0. 0. 0. 237
82.79 8 GPS 0 0 0 0 0 0 0 0 0 0
82.84 8 ENOSE_STATUS 65535 65535 65535 -0.811617 -0.986731 -0.966091 237
82.85 8 FBW_STATUS 2 1 121
82.89 8 ESTIMATOR 0. 0. 0. 0. 0.
82.95 8 NAVIGATION 0 1 0 0 286 0. 140.5
82.98 8 WP_MOVED 0 497617. 3565540. 770.
82.99 8 SERVO 9600 -9600 0
83.03 8 ENOSE_STATUS 65535 65535 65535 -0.811617 -0.986731 -0.966091 237
83.08 8 GPS 0 0 0 0 0 0 0 1748 0 0
83.12 8 DESIRED 0. 0. 0. 0. 761. 0.
83.14 8 IR_DEBUG 680 670 680 670
83.17 8 NAVIGATION 0 1 0 0 286 0. 140.5
83.18 8 ATTITUDE 1 0 -42
83.22 8 ENOSE_STATUS 65535 65535 65535 -0.811617 -0.986731 -0.966091 237
83.26 8 DOWNLINK_STATUS 82 281 17 0 281. 17.
83.27 8 ESTIMATOR 0. 0. 0. 0. 0.
83.34 8 GPS 0 0 0 0 0 0 0 2000 0 0
83.36 8 DL_VALUE 2 0.
83.39 8 NAVIGATION 0 1 0 0 286 0. 140.5
83.44 8 WP_MOVED 1 497586.6875 3565500. 770.
83.46 8 RAD_OF_IR 6 0 0.00211
83.50 8 ENOSE_STATUS 65535 65535 65535 -0.811617 -0.986731 -0.966091 237
83.53 8 IR_SENSORS -942 6 1
83.58 8 GPS 0 0 0 0 0 0 0 2248 0 0
83.61 8 COMMANDS 0,-9600,9600,-9600
83.64 8 NAVIGATION 0 1 0 0 286 0. 140.5
83.66 8 ATTITUDE 1 0 -41
83.70 8 GYRO_RATES -177 -112 -180 1.544616 -0.977384 1.570796
83.72 8 ENOSE_STATUS 65535 65535 65535 -0.811617 -0.986731 -0.966091 237
83.76 8 FBW_STATUS 2 1 121
83.79 8 ESTIMATOR 0. 0. 0. 0. 0.
83.83 8 GPS 0 0 0 0 0 0 0 2500 0 0
83.86 8 NAVIGATION 0 1 0 0 286 0. 140.5
83.91 8 WP_MOVED 2 497622.6875 3565498.5 770.
83.95 8 ENOSE_STATUS 65535 65535 65535 -0.811617 -0.986731 -0.966091 237
84.03 8 DESIRED 0. 0. 0. 0. 761. 0.
84.08 8 GPS 0 0 0 0 0 0 0 2748 0 0
84.10 8 NAVIGATION 0 1 0 0 286 0. 140.5
84.12 8 ATTITUDE 1 0 -41
84.16 8 ENOSE_STATUS 65535 65535 65535 -0.811617 -0.986731 -0.966091 237
84.21 8 ESTIMATOR 0. 0. 0. 0. 0.
84.26 8 DOWNLINK_STATUS 83 744 43 0 463. 26.
84.31 8 DL_VALUE 3 0.
84.34 8 GPS 0 0 0 0 0 0 0 3000 0 0
84.37 8 NAVIGATION 0 1 0 0 286 0. 140.5
84.40 8 WP_MOVED 3 497546.40625 3565495.5 770.
84.43 8 RAD_OF_IR 6 0 0.00211
84.45 8 ENOSE_STATUS 65535 65535 65535 -0.811617 -0.986731 -0.966091 237
84.47 8 IR_SENSORS -942 6 1
84.54 8 COMMANDS 0,-9600,9600,-9600
84.58 8 NAVIGATION 0 1 0 0 286 0. 140.5
84.63 8 GPS 0 0 0 0 0 0 0 3248 0 0
84.64 8 ATTITUDE 1 0 -42
84.68 8 GYRO_RATES -177 -112 -181 1.544616 -0.977384 1.579523
84.70 8 ENOSE_STATUS 65535 65535 65535 -0.811617 -0.986731 -0.966091 237
84.72 8 FBW_STATUS 2 1 121
84.76 8 ESTIMATOR 0. 0. 0. 0. 0.
84.78 8 BAT 0 121 0 0 4 1 0
84.81 8 CALIBRATION 0. 0.02 0.5 0
84.83 8 NAVIGATION 0 1 0 0 286 0. 140.5
84.87 8 GPS 0 0 0 0 0 0 0 3500 0 0
84.90 8 WP_MOVED 4 497575. 3565498. 0.
84.91 8 SERVO 9600 -9600 0
84.94 8 ENOSE_STATUS 65535 65535 65535 -0.811617 -0.986731 -0.966091 237
84.98 8 DESIRED 0. 0. 0. 0. 761. 0.
85.00 8 IR_DEBUG 678 669 678 669
85.04 8 NAVIGATION 0 1 0 0 286 0. 140.5
85.06 8 ATTITUDE 1 0 -41
85.09 8 GPS 0 0 0 0 0 0 0 3748 0 0
85.13 8 ENOSE_STATUS 65535 32676 65535 -0.811617 -0.973388 -0.966091 237
85.15 8 ESTIMATOR 0. 0. 0. 0. 0.
85.20 8 DL_VALUE 4 2.
85.25 8 DOWNLINK_STATUS 84 1239 73 0 495. 30.
85.30 8 NAVIGATION 0 1 0 0 286 0. 140.5
85.34 8 GPS 0 0 0 0 0 0 0 4000 0 0
85.37 8 WP_MOVED 0 497617. 3565540. 770.
85.38 8 RAD_OF_IR 6 0 0.00211
85.43 8 ENOSE_STATUS 65535 32676 65535 -0.811617 -0.973388 -0.966091 237
85.43 8 IR_SENSORS -942 6 1
85.48 8 COMMANDS 0,-9600,9600,-9600
85.52 8 NAVIGATION 0 1 0 0 286 0. 140.5
85.53 8 ATTITUDE 1 0 -41
85.57 8 GYRO_RATES -178 -112 -181 1.553343 -0.977384 1.579523
85.60 8 ENOSE_STATUS 65535 32676 65535 -0.811617 -0.973388 -0.966091 237
85.64 8 GPS 0 0 0 0 0 0 0 4248 0 0
85.66 8 FBW_STATUS 2 1 121
85.69 8 ESTIMATOR 0. 0. 0. 0. 0.
85.71 8 ACTUATORS 1500,1000,0,1200,1000
85.74 8 NAVIGATION 0 1 0 0 286 0. 140.5
85.78 8 WP_MOVED 1 497586.6875 3565500. 770.
85.82 8 ENOSE_STATUS 62048 4392 13187 -0.80103 -0.802012 -0.831484 237
85.87 8 GPS 0 0 0 0 0 0 0 4500 0 0
85.91 8 DESIRED 0. 0. 0. 0. 761. 0.
85.97 8 NAVIGATION 0 1 0 0 286 0. 140.5
85.98 8 ATTITUDE 1 0 -41
86.01 8 PPRZ_MODE 2 0 3 0 0 6 0
86.04 8 ENOSE_STATUS 62048 4392 13187 -0.80103 -0.802012 -0.831484 237
86.08 8 GPS 0 0 0 0 0 0 0 4748 0 0
86.11 8 ESTIMATOR 0. 0. 0. 0. 0.
86.15 8 DL_VALUE 5 0.
86.20 8 NAVIGATION 0 1 0 0 286 0. 140.5
86.25 8 WP_MOVED 2 497622.6875 3565498.5 770.
86.29 8 DOWNLINK_STATUS 85 1735 102 0 496. 29.
86.29 8 RAD_OF_IR 6 0 0.00211
86.31 8 ENOSE_STATUS 62048 4392 13187 -0.80103 -0.802012 -0.831484 237
86.36 8 GPS 0 0 0 0 0 0 0 5000 0 0
86.37 8 IR_SENSORS -942 6 1
86.42 8 COMMANDS 0,-9600,9600,-9600
86.46 8 NAVIGATION 0 1 0 0 286 0. 140.5
86.48 8 ATTITUDE 1 0 -41
86.51 8 GYRO_RATES -178 -112 -181 1.553343 -0.977384 1.579523
86.54 8 ENOSE_STATUS 62048 4392 13187 -0.80103 -0.802012 -0.831484 237
86.55 8 FBW_STATUS 2 1 121
86.58 8 ESTIMATOR 0. 0. 0. 0. 0.
86.61 8 BAT 0 121 0 0 6 1 0
86.67 8 GPS 0 0 0 0 0 0 0 5248 0 0
86.68 8 CALIBRATION 0. 0.02 0.5 0
86.70 8 NAVIGATION 0 1 0 0 286 0. 140.5
86.73 8 WP_MOVED 3 497546.40625 3565495.5 770.
86.77 8 SERVO 9600 -9600 0
86.78 8 ENOSE_STATUS 62048 4392 13187 -0.80103 -0.802012 -0.831484 237
86.83 8 GPS 0 0 0 0 0 0 0 5500 0 0
86.87 8 DESIRED 0. 0. 0. 0. 761. 0.
86.89 8 IR_DEBUG 678 669 678 669
86.91 8 NAVIGATION 0 1 0 0 286 0. 140.5
86.93 8 ATTITUDE 1 0 -41
86.97 8 ENOSE_STATUS 62048 4392 13187 -0.80103 -0.802012 -0.831484 237
87.02 8 ESTIMATOR 0. 0. 0. 0. 0.
87.09 8 GPS 0 0 0 0 0 0 0 5748 0 0
87.10 8 DL_VALUE 6 0.
87.17 8 NAVIGATION 0 1 0 0 286 0. 140.5
87.20 8 WP_MOVED 4 497575. 3565498. 0.
87.22 8 RAD_OF_IR 6 0 0.00211
87.25 8 ENOSE_STATUS 8259 642 635 0.494815 0.354463 2.499563 237
87.29 8 DOWNLINK_STATUS 86 2254 133 0 519. 31.
87.29 8 IR_SENSORS -943 7 1
87.35 8 GPS 0 0 0 0 0 0 0 6000 0 0
87.36 8 COMMANDS 0,-9600,9600,-9600
87.39 8 NAVIGATION 0 1 0 0 286 0. 140.5
87.42 8 ATTITUDE 1 0 -41
87.45 8 GYRO_RATES -178 -113 -181 1.553343 -0.986111 1.579523
87.47 8 ENOSE_STATUS 8259 642 635 0.494815 0.354463 2.499563 237
87.49 8 FBW_STATUS 2 1 121
87.52 8 ESTIMATOR 0. 0. 0. 0. 0.
87.58 8 GPS 0 0 0 0 0 0 0 6248 0 0
87.61 8 NAVIGATION 0 1 0 0 286 0. 140.5
87.66 8 WP_MOVED 0 497617. 3565540. 770.
87.70 8 ENOSE_STATUS 8259 642 635 0.494815 0.354463 2.499563 237
87.78 8 DESIRED 0. 0. 0. 0. 761. 0.
87.83 8 GPS 0 0 0 0 0 0 0 6500 0 0
87.87 8 NAVIGATION 0 1 0 0 286 0. 140.5
87.88 8 ATTITUDE 1 0 -41
87.91 8 ENOSE_STATUS 1988 137 137 5.2101 5.347191 15.2206 237
87.96 8 ESTIMATOR 0. 0. 0. 0. 0.
88.02 8 DL_VALUE 7 0.
88.09 8 GPS 0 0 0 0 0 0 0 6748 0 0
88.12 8 NAVIGATION 0 1 0 0 286 0. 140.5
88.14 8 WP_MOVED 1 497586.6875 3565500. 770.
88.15 8 RAD_OF_IR 6 0 0.00211
88.19 8 ENOSE_STATUS 1988 137 137 5.2101 5.347191 15.2206 237
88.21 8 IR_SENSORS -942 6 1
88.26 8 DOWNLINK_STATUS 87 2703 159 0 449. 26.
88.30 8 COMMANDS 0,-9600,9600,-9600
88.33 8 NAVIGATION 0 1 0 0 286 0. 140.5
88.38 8 GPS 0 0 0 0 0 0 0 7000 0 0
88.39 8 ATTITUDE 1 0 -41
88.43 8 GYRO_RATES -178 -112 -181 1.553343 -0.977384 1.579523
88.45 8 ENOSE_STATUS 1988 137 137 5.2101 5.347191 15.2206 237
88.48 8 FBW_STATUS 2 1 121
88.50 8 ESTIMATOR 0. 0. 0. 0. 0.
88.53 8 BAT 0 121 0 0 7 0 0
88.57 8 CALIBRATION 0. 0.02 0.5 0
88.58 8 NAVIGATION 0 1 0 0 286 0. 140.5
88.62 8 GPS 0 0 0 0 0 0 0 7248 0 0
88.66 8 WP_MOVED 2 497622.6875 3565498.5 770.
88.67 8 SERVO 9600 -9600 0
88.70 8 ENOSE_STATUS 470 77 89 25.267403 10.293055 23.96879 237
88.74 8 DESIRED 0. 0. 0. 0. 761. 0.
88.75 8 IR_DEBUG 679 669 679 669
88.78 8 NAVIGATION 0 1 0 0 286 0. 140.5
88.82 8 ATTITUDE 1 0 -42
88.85 8 GPS 0 0 0 0 0 0 0 7500 0 0
88.88 8 ENOSE_STATUS 470 77 89 25.267403 10.293055 23.96879 237
88.91 8 ESTIMATOR 0. 0. 0. 0. 0.
88.96 8 DL_VALUE 8 0.
89.01 8 NAVIGATION 0 1 0 0 286 0. 140.5
89.08 8 GPS 0 0 0 0 0 0 0 7748 0 0
89.11 8 WP_MOVED 3 497546.40625 3565495.5 770.
89.13 8 RAD_OF_IR 6 0 0.00211
89.16 8 ENOSE_STATUS 470 77 89 25.267403 10.293055 23.96879 237
89.17 8 IR_SENSORS -942 6 1
89.23 8 COMMANDS 0,-9600,9600,-9600
89.27 8 DOWNLINK_STATUS 88 3202 189 0 499. 30.
89.30 8 NAVIGATION 0 1 0 0 286 0. 140.5
89.30 8 ATTITUDE 1 0 -41
89.32 8 GYRO_RATES -178 -113 -181 1.553343 -0.986111 1.579523
89.35 8 ENOSE_STATUS 163 59 74 74.740364 13.738393 29.030031 237
89.39 8 GPS 0 0 0 0 0 0 0 8000 0 0
89.41 8 FBW_STATUS 2 1 121
89.44 8 ESTIMATOR 0. 0. 0. 0. 0.
89.48 8 NAVIGATION 0 1 0 0 286 0. 140.5
89.54 8 WP_MOVED 4 497575. 3565498. 0.
89.57 8 ENOSE_STATUS 163 59 74 74.740364 13.738393 29.030031 237
89.62 8 GPS 0 0 0 0 0 0 0 8248 0 0
89.66 8 DESIRED 0. 0. 0. 0. 761. 0.
89.72 8 NAVIGATION 0 1 0 0 286 0. 140.5
89.73 8 ATTITUDE 1 0 -41
89.79 8 ENOSE_STATUS 163 59 74 74.740364 13.738393 29.030031 237
89.84 8 GPS 0 0 0 0 0 0 0 8500 0 0
89.89 8 ESTIMATOR 0. 0. 0. 0. 0.
89.89 8 DL_VALUE 9 0.
89.95 8 NAVIGATION 0 1 0 0 286 0. 140.5
90.00 8 WP_MOVED 0 497617. 3565540. 770.
90.03 8 RAD_OF_IR 6 0 0.00211
90.04 8 NAVIGATION_REF 497575 3565498 12
90.08 8 ENOSE_STATUS 111 44 96 110.222336 18.762846 22.148149 237
90.13 8 GPS 0 0 0 0 0 0 0 8748 0 0
90.15 8 IR_SENSORS -942 6 1
90.16 8 COMMANDS 0,-9600,9600,-9600
90.20 8 NAVIGATION 0 1 0 0 286 0. 140.5
90.23 8 ATTITUDE 1 0 -41
90.26 8 GYRO_RATES -177 -112 -180 1.544616 -0.977384 1.570796
90.31 8 DOWNLINK_STATUS 89 3700 218 0 498. 29.
90.31 8 ENOSE_STATUS 111 44 96 110.222336 18.762846 22.148149 237
90.31 8 FBW_STATUS 2 1 121
90.34 8 ESTIMATOR 0. 0. 0. 0. 0.
90.36 8 BAT 0 121 0 0 9 0 0
90.40 8 GPS 0 0 0 0 0 0 0 9000 0 0
90.43 8 ACTUATORS 1500,1000,0,1200,1000
90.45 8 CALIBRATION 0. 0.02 0.5 0
90.48 8 NAVIGATION 0 1 0 0 286 0. 140.5
90.50 8 WP_MOVED 1 497586.6875 3565500. 770.
90.53 8 SERVO 9600 -9600 0
90.55 8 ENOSE_STATUS 111 44 96 110.222336 18.762846 22.148149 237
90.59 8 GPS 0 0 0 0 0 0 0 9248 0 0
90.63 8 DESIRED 0. 0. 0. 0. 761. 0.
90.64 8 IR_DEBUG 678 669 678 669
90.69 8 NAVIGATION 0 1 0 0 286 0. 140.5
90.70 8 ATTITUDE 1 0 -41
90.71 8 PPRZ_MODE 2 0 3 0 0 6 0
90.74 8 ENOSE_STATUS 74 44 107 165.833511 18.762846 19.768431 237
90.78 8 ESTIMATOR 0. 0. 0. 0. 0.
90.84 8 GPS 0 0 0 0 0 0 0 9500 0 0
90.84 8 DL_VALUE 10 -85.943672
90.89 8 NAVIGATION 0 1 0 0 286 0. 140.5
90.94 8 WP_MOVED 2 497622.6875 3565498.5 770.
90.96 8 RAD_OF_IR 6 0 0.00211
91.00 8 ENOSE_STATUS 74 44 107 165.833511 18.762846 19.768431 237
91.03 8 IR_SENSORS -942 6 1
91.08 8 GPS 0 0 0 0 0 0 0 9748 0 0
91.10 8 COMMANDS 0,-9600,9600,-9600
91.14 8 NAVIGATION 0 1 0 0 286 0. 140.5
91.16 8 ATTITUDE 1 0 -41
91.21 8 GYRO_RATES -177 -112 -181 1.544616 -0.977384 1.579523
91.22 8 ENOSE_STATUS 74 44 107 165.833511 18.762846 19.768431 237
91.24 8 FBW_STATUS 2 1 121
91.26 8 DOWNLINK_STATUS 90 4236 251 0 536. 33.
91.31 8 ESTIMATOR 0. 0. 0. 0. 0.
91.34 8 GPS 0 0 0 0 0 0 0 10000 0 0
91.37 8 NAVIGATION 0 1 0 0 286 0. 140.5
91.41 8 WP_MOVED 3 497546.40625 3565495.5 770.
91.45 8 ENOSE_STATUS 77 36 118 159.333496 23.154589 17.832392 237
91.53 8 DESIRED 0. 0. 0. 0. 761. 0.
91.58 8 GPS 0 0 0 0 0 0 0 10248 0 0
91.60 8 NAVIGATION 0 1 0 0 286 0. 140.5
91.62 8 ATTITUDE 1 0 -41
91.66 8 ENOSE_STATUS 77 36 118 159.333496 23.154589 17.832392 237
91.71 8 ESTIMATOR 0. 0. 0. 0. 0.
91.77 8 DL_VALUE 11 1.5
91.83 8 GPS 0 0 0 0 0 0 0 10500 0 0
91.87 8 NAVIGATION 0 1 0 0 286 0. 140.5
91.88 8 WP_MOVED 4 497575. 3565498. 0.
91.90 8 RAD_OF_IR 6 0 0.00211
91.94 8 ENOSE_STATUS 77 36 118 159.333496 23.154589 17.832392 237
91.96 8 IR_SENSORS -942 6 1
92.04 8 COMMANDS 0,-9600,9600,-9600
92.08 8 NAVIGATION 0 1 0 0 286 0. 140.5
92.13 8 GPS 0 0 0 0 0 0 0 10748 0 0
92.17 8 ATTITUDE 1 0 -41
92.19 8 GYRO_RATES -177 -112 -181 1.544616 -0.977384 1.579523
92.21 8 ENOSE_STATUS 85 40 145 144.243286 20.73913 14.32567 237
92.22 8 FBW_STATUS 2 1 121
92.25 8 ESTIMATOR 0. 0. 0. 0. 0.
92.26 8 DOWNLINK_STATUS 91 4699 277 0 463. 26.
92.30 8 BAT 0 121 0 0 11 0 0
92.30 8 CALIBRATION 0. 0.02 0.5 0
92.33 8 NAVIGATION 0 1 0 0 286 0. 140.5
92.37 8 GPS 0 0 0 0 0 0 0 11000 0 0
92.41 8 WP_MOVED 0 497617. 3565540. 770.
92.41 8 SERVO 9600 -9600 0
92.44 8 ENOSE_STATUS 85 40 145 144.243286 20.73913 14.32567 237
92.48 8 DESIRED 0. 0. 0. 0. 761. 0.
92.49 8 IR_DEBUG 678 669 678 669
92.53 8 NAVIGATION 0 1 0 0 286 0. 140.5
92.55 8 ATTITUDE 0 0 -41
92.59 8 GPS 0 0 0 0 0 0 0 11248 0 0
92.63 8 ENOSE_STATUS 85 40 145 144.243286 20.73913 14.32567 237
92.65 8 ESTIMATOR 0. 0. 0. 0. 0.
92.71 8 DL_VALUE 12 1.5
92.77 8 NAVIGATION 0 1 0 0 286 0. 140.5
92.85 8 GPS 0 0 0 0 0 0 0 11500 0 0
92.88 8 WP_MOVED 1 497586.6875 3565500. 770.
92.88 8 RAD_OF_IR 7 0 0.00211
92.92 8 ENOSE_STATUS 85 40 145 144.243286 20.73913 14.32567 237
92.93 8 IR_SENSORS -942 6 1
92.98 8 COMMANDS 0,-9600,9600,-9600
93.02 8 NAVIGATION 0 1 0 0 286 0. 140.5
93.04 8 ATTITUDE 1 0 -42
93.09 8 GYRO_RATES -178 -112 -181 1.553343 -0.977384 1.579523
93.11 8 ENOSE_STATUS 85 40 145 144.243286 20.73913 14.32567 237
93.16 8 GPS 0 0 0 0 0 0 0 11748 0 0
93.18 8 FBW_STATUS 2 1 121
93.20 8 ESTIMATOR 0. 0. 0. 0. 0.
93.23 8 NAVIGATION 0 1 0 0 286 0. 140.5
93.26 8 DOWNLINK_STATUS 92 5205 307 0 506. 30.
93.28 8 WP_MOVED 2 497622.6875 3565498.5 770.
93.32 8 ENOSE_STATUS 85 40 145 144.243286 20.73913 14.32567 237
93.37 8 GPS 0 0 0 0 0 0 0 12000 0 0
93.40 8 DESIRED 0. 0. 0. 0. 761. 0.
93.47 8 NAVIGATION 0 1 0 0 286 0. 140.5
93.48 8 ATTITUDE 1 0 -41
93.53 8 ENOSE_STATUS 89 44 182 137.7155 18.762846 11.210012 237
93.58 8 GPS 0 0 0 0 0 0 0 12248 0 0
93.63 8 ESTIMATOR 0. 0. 0. 0. 0.
93.65 8 DL_VALUE 13 1.5
93.71 8 NAVIGATION 0 1 0 0 286 0. 140.5
93.76 8 WP_MOVED 3 497546.40625 3565495.5 770.
93.79 8 RAD_OF_IR 5 0 0.00211
93.83 8 ENOSE_STATUS 89 44 182 137.7155 18.762846 11.210012 237
93.86 8 GPS 0 0 0 0 0 0 0 12500 0 0
93.88 8 IR_SENSORS -943 7 1
93.91 8 COMMANDS 0,-9600,9600,-9600
93.96 8 NAVIGATION 0 1 0 0 286 0. 140.5
93.98 8 ATTITUDE 1 0 -41
94.01 8 GYRO_RATES -178 -112 -181 1.553343 -0.977384 1.579523
94.03 8 ENOSE_STATUS 89 44 182 137.7155 18.762846 11.210012 237
94.05 8 FBW_STATUS 2 1 121
94.09 8 ESTIMATOR 0. 0. 0. 0. 0.
94.11 8 BAT 0 121 0 0 13 0 0
94.16 8 GPS 0 0 0 0 0 0 0 12748 0 0
94.18 8 CALIBRATION 0. 0.02 0.5 0
94.20 8 NAVIGATION 0 1 0 0 286 0. 140.5
94.25 8 WP_MOVED 4 497575. 3565498. 0.
94.25 8 SERVO 9600 -9600 0
94.26 8 DOWNLINK_STATUS 93 5698 336 0 493. 29.
94.28 8 ENOSE_STATUS 107 40 208 114.38018 20.73913 9.683761 237
94.34 8 GPS 0 0 0 0 0 0 0 13000 0 0
94.38 8 DESIRED 0. 0. 0. 0. 761. 0.
94.40 8 IR_DEBUG 678 669 678 669
94.42 8 NAVIGATION 0 1 0 0 286 0. 140.5
94.45 8 ATTITUDE 1 0 -41
94.47 8 ENOSE_STATUS 107 40 208 114.38018 20.73913 9.683761 237
94.52 8 ESTIMATOR 0. 0. 0. 0. 0.
94.58 8 GPS 0 0 0 0 0 0 0 13248 0 0
94.60 8 DL_VALUE 14 1.5
94.64 8 NAVIGATION 0 1 0 0 286 0. 140.5
94.69 8 WP_MOVED 0 497617. 3565540. 770.
94.71 8 RAD_OF_IR 6 0 0.00211
94.75 8 ENOSE_STATUS 107 40 208 114.38018 20.73913 9.683761 237
94.77 8 IR_SENSORS -943 7 1
94.83 8 GPS 0 0 0 0 0 0 0 13500 0 0
94.87 8 COMMANDS 0,-9600,9600,-9600
94.90 8 NAVIGATION 0 1 0 0 286 0. 140.5
94.91 8 ATTITUDE 1 0 -41
94.95 8 GYRO_RATES -178 -113 -181 1.553343 -0.986111 1.579523
94.97 8 ENOSE_STATUS 118 40 249 103.624405 20.73913 7.924587 237
94.99 8 FBW_STATUS 2 1 121
95.03 8 ESTIMATOR 0. 0. 0. 0. 0.
95.05 8 ACTUATORS 1500,1000,0,1200,1000
95.10 8 GPS 0 0 0 0 0 0 0 13748 0 0
95.13 8 NAVIGATION 0 1 0 0 286 0. 140.5
95.16 8 WP_MOVED 1 497586.6875 3565500. 770.
95.20 8 ENOSE_STATUS 118 40 249 103.624405 20.73913 7.924587 237
95.27 8 DOWNLINK_STATUS 94 6183 364 0 485. 28.
95.29 8 DESIRED 0. 0. 0. 0. 761. 0.
95.34 8 GPS 0 0 0 0 0 0 0 14000 0 0
95.39 8 NAVIGATION 0 1 0 0 286 0. 140.5
95.39 8 ATTITUDE 1 0 -41
95.41 8 PPRZ_MODE 2 0 3 0 0 6 0
95.43 8 ENOSE_STATUS 118 40 249 103.624405 20.73913 7.924587 237
95.47 8 ESTIMATOR 0. 0. 0. 0. 0.
95.52 8 DL_VALUE 15 0.
95.58 8 GPS 0 0 0 0 0 0 0 14248 0 0
95.60 8 NAVIGATION 0 1 0 0 286 0. 140.5
95.63 8 WP_MOVED 2 497622.6875 3565498.5 770.
95.65 8 RAD_OF_IR 6 0 0.00211
95.69 8 ENOSE_STATUS 137 36 272 89.114449 23.154589 7.169935 237
95.71 8 IR_SENSORS -942 6 1
95.79 8 COMMANDS 0,-9600,9600,-9600
95.84 8 NAVIGATION 0 1 0 0 286 0. 140.5
95.88 8 GPS 0 0 0 0 0 0 0 14500 0 0
95.89 8 ATTITUDE 1 0 -41
95.92 8 GYRO_RATES -178 -113 -181 1.553343 -0.986111 1.579523
95.95 8 ENOSE_STATUS 137 36 272 89.114449 23.154589 7.169935 237
95.97 8 FBW_STATUS 2 1 121
96.00 8 ESTIMATOR 0. 0. 0. 0. 0.
96.04 8 BAT 0 121 0 0 15 0 0
96.05 8 CALIBRATION 0. 0.02 0.5 0
96.08 8 NAVIGATION 0 1 0 0 286 0. 140.5
96.12 8 GPS 0 0 0 0 0 0 0 14748 0 0
96.16 8 WP_MOVED 3 497546.40625 3565495.5 770.
96.17 8 SERVO 9600 -9600 0
96.19 8 ENOSE_STATUS 137 36 272 89.114449 23.154589 7.169935 237
96.23 8 DESIRED 0. 0. 0. 0. 761. 0.
96.24 8 IR_DEBUG 678 669 678 669
96.28 8 NAVIGATION 0 1 0 0 286 0. 140.5
96.29 8 DOWNLINK_STATUS 95 6724 396 0 541. 32.
96.29 8 ATTITUDE 1 0 -41
96.35 8 GPS 0 0 0 0 0 0 0 15000 0 0
96.38 8 ENOSE_STATUS 160 40 309 76.1605 20.73913 6.191658 237
96.41 8 ESTIMATOR 0. 0. 0. 0. 0.
96.45 8 DL_VALUE 16 1.
96.51 8 NAVIGATION 0 1 0 0 286 0. 140.5
96.58 8 GPS 0 0 0 0 0 0 0 15248 0 0
96.61 8 WP_MOVED 4 497575. 3565498. 0.
96.63 8 RAD_OF_IR 7 0 0.00211
96.65 8 ENOSE_STATUS 160 40 309 76.1605 20.73913 6.191658 237
96.67 8 IR_SENSORS -942 6 1
96.73 8 COMMANDS 0,-9600,9600,-9600
96.77 8 NAVIGATION 0 1 0 0 286 0. 140.5
96.79 8 ATTITUDE 1 0 -41
96.83 8 GYRO_RATES -178 -113 -181 1.553343 -0.986111 1.579523
96.85 8 ENOSE_STATUS 160 40 309 76.1605 20.73913 6.191658 237
96.90 8 GPS 0 0 0 0 0 0 0 15500 0 0
96.91 8 FBW_STATUS 2 1 121
96.97 8 ESTIMATOR 0. 0. 0. 0. 0.
97.00 8 NAVIGATION 0 1 0 0 286 0. 140.5
97.03 8 WP_MOVED 0 497617. 3565540. 770.
97.07 8 ENOSE_STATUS 171 36 343 71.196953 23.154589 5.478783 237
97.12 8 GPS 0 0 0 0 0 0 0 15748 0 0
97.16 8 DESIRED 0. 0. 0. 0. 761. 0.
97.21 8 NAVIGATION 0 1 0 0 286 0. 140.5
97.24 8 ATTITUDE 1 0 -41
97.27 8 DOWNLINK_STATUS 96 7173 422 0 449. 26.
97.29 8 ENOSE_STATUS 171 36 343 71.196953 23.154589 5.478783 237
97.34 8 GPS 0 0 0 0 0 0 0 16000 0 0
97.37 8 ESTIMATOR 0. 0. 0. 0. 0.
97.39 8 DL_VALUE 17 470.
97.45 8 NAVIGATION 0 1 0 0 286 0. 140.5
97.51 8 WP_MOVED 1 497586.6875 3565500. 770.
97.52 8 RAD_OF_IR 7 0 0.00211
97.56 8 ENOSE_STATUS 171 36 343 71.196953 23.154589 5.478783 237
97.61 8 GPS 0 0 0 0 0 0 0 16248 0 0
97.63 8 IR_SENSORS -942 6 1
97.67 8 COMMANDS 0,-9600,9600,-9600
97.70 8 NAVIGATION 0 1 0 0 286 0. 140.5
97.72 8 ATTITUDE 1 0 -41
97.76 8 GYRO_RATES -177 -112 -180 1.544616 -0.977384 1.570796
97.80 8 ENOSE_STATUS 205 36 358 59.222828 23.154589 5.207325 237
97.83 8 FBW_STATUS 2 1 121
97.84 8 ESTIMATOR 0. 0. 0. 0. 0.
97.86 8 BAT 0 121 0 0 17 0 0
97.90 8 GPS 0 0 0 0 0 0 0 16500 0 0
97.93 8 CALIBRATION 0. 0.02 0.5 0
97.95 8 NAVIGATION 0 1 0 0 286 0. 140.5
97.99 8 WP_MOVED 2 497622.6875 3565498.5 770.
97.99 8 SERVO 9600 -9600 0
98.03 8 ENOSE_STATUS 205 36 358 59.222828 23.154589 5.207325 237
98.08 8 GPS 0 0 0 0 0 0 0 16748 0 0
98.11 8 DESIRED 0. 0. 0. 0. 761. 0.
98.13 8 IR_DEBUG 678 669 678 669
98.16 8 NAVIGATION 0 1 0 0 286 0. 140.5
98.18 8 ATTITUDE 1 0 -41
98.22 8 ENOSE_STATUS 205 36 358 59.222828 23.154589 5.207325 237
98.27 8 ESTIMATOR 0. 0. 0. 0. 0.
98.27 8 DOWNLINK_STATUS 97 7704 453 0 531. 31.
98.35 8 GPS 0 0 0 0 0 0 0 17000 0 0
98.38 8 DL_VALUE 18 405.
98.38 8 NAVIGATION 0 1 0 0 286 0. 140.5
98.43 8 WP_MOVED 3 497546.40625 3565495.5 770.
98.47 8 RAD_OF_IR 6 0 0.00211
98.49 8 NAVIGATION_REF 497575 3565498 12
98.52 8 ENOSE_STATUS 219 40 388 55.372963 20.73913 4.727377 237
98.55 8 IR_SENSORS -941 6 1
98.58 8 GPS 0 0 0 0 0 0 0 17248 0 0
98.60 8 COMMANDS 0,-9600,9600,-9600
98.64 8 NAVIGATION 0 1 0 0 286 0. 140.5
98.66 8 ATTITUDE 1 0 -41
98.71 8 GYRO_RATES -177 -112 -180 1.544616 -0.977384 1.570796
98.72 8 ENOSE_STATUS 219 40 388 55.372963 20.73913 4.727377 237
98.74 8 FBW_STATUS 2 1 121
98.77 8 ESTIMATOR 0. 0. 0. 0. 0.
98.84 8 GPS 0 0 0 0 0 0 0 17500 0 0
98.87 8 NAVIGATION 0 1 0 0 286 0. 140.5
98.90 8 WP_MOVED 4 497575. 3565498. 0.
98.95 8 ENOSE_STATUS 219 40 388 55.372963 20.73913 4.727377 237
99.03 8 DESIRED 0. 0. 0. 0. 761. 0.
99.08 8 GPS 0 0 0 0 0 0 0 17748 0 0
99.10 8 NAVIGATION 0 1 0 0 286 0. 140.5
99.12 8 ATTITUDE 1 0 -41
99.17 8 ENOSE_STATUS 261 40 421 46.301453 20.73913 4.278438 237
99.21 8 ESTIMATOR 0. 0. 0. 0. 0.
99.26 8 DL_VALUE 19 473.
99.27 8 DOWNLINK_STATUS 98 8163 480 0 459. 27.
99.34 8 GPS 0 0 0 0 0 0 0 18000 0 0
99.38 8 NAVIGATION 0 1 0 0 286 0. 140.5
99.39 8 WP_MOVED 0 497617. 3565540. 770.
99.41 8 RAD_OF_IR 7 0 0.00211
99.45 8 ENOSE_STATUS 261 40 421 46.301453 20.73913 4.278438 237
99.46 8 IR_SENSORS -942 6 1
99.55 8 COMMANDS 0,-9600,9600,-9600
99.59 8 NAVIGATION 0 1 0 0 286 0. 140.5
99.62 8 GPS 0 0 0 0 0 0 0 18248 0 0
99.64 8 ATTITUDE 1 0 -41
99.68 8 GYRO_RATES -177 -112 -181 1.544616 -0.977384 1.579523
99.71 8 ENOSE_STATUS 261 40 421 46.301453 20.73913 4.278438 237
99.71 8 FBW_STATUS 2 1 121
99.75 8 ESTIMATOR 0. 0. 0. 0. 0.
99.78 8 BAT 0 121 0 0 19 0 0
99.81 8 ACTUATORS 1500,1000,0,1200,1000
99.85 8 CALIBRATION 0. 0.02 0.5 0
99.85 8 NAVIGATION 0 1 0 0 286 0. 140.5
99.89 8 GPS 0 0 0 0 0 0 0 18500 0 0
99.93 8 WP_MOVED 1 497586.6875 3565500. 770.
99.94 8 SERVO 9600 -9600 0
99.96 8 ENOSE_STATUS 261 40 421 46.301453 20.73913 4.278438 237
100.00 8 DESIRED 0. 0. 0. 0. 761. 0.
100.02 8 IR_DEBUG 678 669 678 669
100.05 8 NAVIGATION 0 1 0 0 286 0. 140.5
100.07 8 ATTITUDE 1 0 -41
100.08 8 PPRZ_MODE 2 0 3 0 0 6 0
100.13 8 GPS 0 0 0 0 0 0 0 18748 0 0
100.15 8 ENOSE_STATUS 261 40 421 46.301453 20.73913 4.278438 237
100.19 8 ESTIMATOR 0. 0. 0. 0. 0.
100.20 8 DL_VALUE 20 0.
100.26 8 NAVIGATION 0 1 0 0 286 0. 140.5
100.27 8 DOWNLINK_STATUS 99 8691 512 0 528. 32.
100.34 8 GPS 0 0 0 0 0 0 0 19000 0 0
100.38 8 WP_MOVED 2 497622.6875 3565498.5 770.
100.38 8 RAD_OF_IR 7 0 0.00211
100.42 8 ENOSE_STATUS 261 40 421 46.301453 20.73913 4.278438 237
100.43 8 IR_SENSORS -942 6 1
100.48 8 COMMANDS 0,-9600,9600,-9600
100.51 8 NAVIGATION 0 1 0 0 286 0. 140.5
100.54 8 ATTITUDE 1 0 -42
100.57 8 GYRO_RATES -178 -112 -181 1.553343 -0.977384 1.579523
100.60 8 ENOSE_STATUS 305 40 455 39.477638 20.73913 3.884005 237
100.65 8 GPS 0 0 0 0 0 0 0 19248 0 0
100.66 8 FBW_STATUS 2 1 121
100.69 8 ESTIMATOR 0. 0. 0. 0. 0.
100.73 8 NAVIGATION 0 1 0 0 286 0. 140.5
100.79 8 WP_MOVED 3 497546.40625 3565495.5 770.
100.82 8 ENOSE_STATUS 305 40 455 39.477638 20.73913 3.884005 237
100.87 8 GPS 0 0 0 0 0 0 0 19500 0 0
100.90 8 DESIRED 0. 0. 0. 0. 761. 0.
100.96 8 NAVIGATION 0 1 0 0 286 0. 140.5
100.99 8 ATTITUDE 1 0 -41
101.03 8 ENOSE_STATUS 305 40 455 39.477638 20.73913 3.884005 237
101.09 8 GPS 0 0 0 0 0 0 0 19748 0 0
101.11 8 ESTIMATOR 0. 0. 0. 0. 0.
101.14 8 DL_VALUE 21 0.75
101.19 8 NAVIGATION 0 1 0 0 286 0. 140.5
101.25 8 WP_MOVED 4 497575. 3565498. 0.
101.27 8 RAD_OF_IR 6 0 0.00211
101.27 8 DOWNLINK_STATUS 100 9157 539 0 466. 27.
101.33 8 ENOSE_STATUS 362 40 466 33.104088 20.73913 3.768718 237
101.36 8 GPS 0 0 0 0 0 0 0 20000 0 0
101.37 8 IR_SENSORS -942 7 1
101.43 8 COMMANDS 0,-9600,9600,-9600
101.45 8 NAVIGATION 0 1 0 0 286 0. 140.5
101.47 8 ATTITUDE 1 0 -41
101.51 8 GYRO_RATES -178 -112 -181 1.553343 -0.977384 1.579523
101.53 8 ENOSE_STATUS 362 40 466 33.104088 20.73913 3.768718 237
101.55 8 FBW_STATUS 2 1 121
101.59 8 ESTIMATOR 0. 0. 0. 0. 0.
101.61 8 BAT 0 121 0 0 21 0 0
101.65 8 GPS 0 0 0 0 0 0 0 20248 0 0
101.67 8 CALIBRATION 0. 0.02 0.5 0
101.70 8 NAVIGATION 0 1 0 0 286 0. 140.5
101.73 8 WP_MOVED 0 497617. 3565540. 770.
101.75 8 SERVO 9600 -9600 0
101.78 8 ENOSE_STATUS 362 40 466 33.104088 20.73913 3.768718 237
101.83 8 GPS 0 0 0 0 0 0 0 20500 0 0
101.87 8 DESIRED 0. 0. 0. 0. 761. 0.
101.89 8 IR_DEBUG 679 669 679 669
101.91 8 NAVIGATION 0 1 0 0 286 0. 140.5
101.93 8 ATTITUDE 1 0 -41
101.97 8 ENOSE_STATUS 395 40 470 30.254885 20.73913 3.728132 237
102.02 8 ESTIMATOR 0. 0. 0. 0. 0.
102.08 8 GPS 0 0 0 0 0 0 0 20748 0 0
102.09 8 DL_VALUE 22 20000.
102.14 8 NAVIGATION 0 1 0 0 286 0. 140.5
102.19 8 WP_MOVED 1 497586.6875 3565500. 770.
102.21 8 RAD_OF_IR 6 0 0.00211
102.25 8 ENOSE_STATUS 395 40 470 30.254885 20.73913 3.728132 237
102.27 8 IR_SENSORS -942 6 1
102.27 8 DOWNLINK_STATUS 101 9674 570 0 517. 31.
102.34 8 GPS 0 0 0 0 0 0 0 21000 0 0
102.36 8 COMMANDS 0,-9600,9600,-9600
102.39 8 NAVIGATION 0 1 0 0 286 0. 140.5
102.41 8 ATTITUDE 1 0 -41
102.44 8 GYRO_RATES -178 -112 -181 1.553343 -0.977384 1.579523
102.47 8 ENOSE_STATUS 395 40 470 30.254885 20.73913 3.728132 237
102.49 8 FBW_STATUS 2 1 121
102.52 8 ESTIMATOR 0. 0. 0. 0. 0.
102.58 8 GPS 0 0 0 0 0 0 0 21248 0 0
102.60 8 NAVIGATION 0 1 0 0 286 0. 140.5
102.66 8 WP_MOVED 2 497622.6875 3565498.5 770.
102.71 8 ENOSE_STATUS 403 44 421 29.634441 18.762846 4.278438 237
102.79 8 DESIRED 0. 0. 0. 0. 761. 0.
102.83 8 GPS 0 0 0 0 0 0 0 21500 0 0
102.87 8 NAVIGATION 0 1 0 0 286 0. 140.5
102.87 8 ATTITUDE 1 0 -41
102.91 8 ENOSE_STATUS 403 44 421 29.634441 18.762846 4.278438 237
102.96 8 ESTIMATOR 0. 0. 0. 0. 0.
103.01 8 DL_VALUE 23 20000.
103.09 8 GPS 0 0 0 0 0 0 0 21748 0 0
103.11 8 NAVIGATION 0 1 0 0 286 0. 140.5
103.13 8 WP_MOVED 3 497546.40625 3565495.5 770.
103.18 8 RAD_OF_IR 6 0 0.00211
103.20 8 ENOSE_STATUS 403 44 421 29.634441 18.762846 4.278438 237
103.20 8 IR_SENSORS -942 7 1
103.27 8 DOWNLINK_STATUS 102 10115 595 0 441. 25.
103.29 8 COMMANDS 0,-9600,9600,-9600
103.35 8 NAVIGATION 0 1 0 0 286 0. 140.5
103.38 8 GPS 0 0 0 0 0 0 0 22000 0 0
103.39 8 ATTITUDE 1 0 -41
103.42 8 GYRO_RATES -178 -113 -181 1.553343 -0.986111 1.579523
103.45 8 ENOSE_STATUS 466 44 436 25.492874 18.762846 4.09684 237
103.48 8 FBW_STATUS 2 1 121
103.50 8 ESTIMATOR 0. 0. 0. 0. 0.
103.52 8 BAT 0 121 0 0 23 0 0
103.55 8 CALIBRATION 0. 0.02 0.5 0
103.57 8 NAVIGATION 0 1 0 0 286 0. 140.5
103.62 8 GPS 0 0 0 0 0 0 0 22248 0 0
103.65 8 WP_MOVED 4 497575. 3565498. 0.
103.66 8 SERVO 9600 -9600 0
103.70 8 ENOSE_STATUS 466 44 436 25.492874 18.762846 4.09684 237
103.73 8 DESIRED 0. 0. 0. 0. 761. 0.
103.74 8 IR_DEBUG 678 669 678 669
103.78 8 NAVIGATION 0 1 0 0 286 0. 140.5
103.79 8 ATTITUDE 1 0 -42
103.84 8 GPS 0 0 0 0 0 0 0 22500 0 0
103.88 8 ENOSE_STATUS 466 44 436 25.492874 18.762846 4.09684 237
103.90 8 ESTIMATOR 0. 0. 0. 0. 0.
103.95 8 DL_VALUE 24 0.75
104.02 8 NAVIGATION 0 1 0 0 286 0. 140.5
104.08 8 GPS 0 0 0 0 0 0 0 22748 0 0
104.11 8 WP_MOVED 0 497617. 3565540. 770.
104.12 8 RAD_OF_IR 6 0 0.00211
104.15 8 ENOSE_STATUS 556 40 477 21.204458 20.73913 3.658747 237
104.17 8 IR_SENSORS -942 7 1
104.23 8 COMMANDS 0,-9600,9600,-9600
104.27 8 NAVIGATION 0 1 0 0 286 0. 140.5
104.28 8 DOWNLINK_STATUS 103 10632 626 0 517. 31.
104.29 8 ATTITUDE 1 0 -41
104.34 8 GYRO_RATES -178 -113 -181 1.553343 -0.986111 1.579523
104.35 8 ENOSE_STATUS 556 40 477 21.204458 20.73913 3.658747 237
104.39 8 GPS 0 0 0 0 0 0 0 23000 0 0
104.41 8 FBW_STATUS 2 1 121
104.45 8 ESTIMATOR 0. 0. 0. 0. 0.
104.46 8 ACTUATORS 1500,1000,0,1200,1000
104.49 8 NAVIGATION 0 1 0 0 286 0. 140.5
104.53 8 WP_MOVED 1 497586.6875 3565500. 770.
104.57 8 ENOSE_STATUS 556 40 477 21.204458 20.73913 3.658747 237
104.62 8 GPS 0 0 0 0 0 0 0 23248 0 0
104.65 8 DESIRED 0. 0. 0. 0. 761. 0.
104.71 8 NAVIGATION 0 1 0 0 286 0. 140.5
104.73 8 ATTITUDE 1 0 -41
104.75 8 PPRZ_MODE 2 0 3 0 0 6 0
104.79 8 ENOSE_STATUS 623 44 481 18.8165 18.762846 3.620005 237
104.85 8 GPS 0 0 0 0 0 0 0 23500 0 0
104.88 8 ESTIMATOR 0. 0. 0. 0. 0.
104.93 8 DL_VALUE 25 20000.
104.95 8 NAVIGATION 0 1 0 0 286 0. 140.5
105.00 8 WP_MOVED 2 497622.6875 3565498.5 770.
105.03 8 RAD_OF_IR 6 0 0.00211
105.06 8 ENOSE_STATUS 623 44 481 18.8165 18.762846 3.620005 237
105.11 8 GPS 0 0 0 0 0 0 0 23748 0 0
105.12 8 IR_SENSORS -942 7 1
105.18 8 COMMANDS 0,-9600,9600,-9600
105.20 8 NAVIGATION 0 1 0 0 286 0. 140.5
105.24 8 ATTITUDE 1 0 -41
105.26 8 GYRO_RATES -177 -112 -180 1.544616 -0.977384 1.570796
105.28 8 ENOSE_STATUS 623 44 481 18.8165 18.762846 3.620005 237
105.28 8 DOWNLINK_STATUS 104 11144 656 0 512. 30.
105.31 8 FBW_STATUS 2 1 121
105.33 8 ESTIMATOR 0. 0. 0. 0. 0.
105.36 8 BAT 0 121 0 0 25 0 0
105.41 8 GPS 0 0 0 0 0 0 0 24000 0 0
105.43 8 CALIBRATION 0. 0.02 0.5 0
105.45 8 NAVIGATION 0 1 0 0 286 0. 140.5
105.48 8 WP_MOVED 3 497546.40625 3565495.5 770.
105.49 8 SERVO 9600 -9600 0
105.53 8 ENOSE_STATUS 694 36 515 16.789162 23.154589 3.314995 237
105.58 8 GPS 0 0 0 0 0 0 0 24248 0 0
105.61 8 DESIRED 0. 0. 0. 0. 761. 0.
105.64 8 IR_DEBUG 678 669 678 669
105.66 8 NAVIGATION 0 1 0 0 286 0. 140.5
105.68 8 ATTITUDE 1 0 -41
105.72 8 ENOSE_STATUS 694 36 515 16.789162 23.154589 3.314995 237
105.77 8 ESTIMATOR 0. 0. 0. 0. 0.
105.83 8 GPS 0 0 0 0 0 0 0 24500 0 0
105.85 8 DL_VALUE 26 20000.
105.89 8 NAVIGATION 0 1 0 0 286 0. 140.5
105.95 8 WP_MOVED 4 497575. 3565498. 0.
105.98 8 RAD_OF_IR 6 0 0.00211
106.02 8 ENOSE_STATUS 694 36 515 16.789162 23.154589 3.314995 237
106.03 8 IR_SENSORS -941 6 1
106.09 8 GPS 0 0 0 0 0 0 0 24748 0 0
106.10 8 COMMANDS 0,-9600,9600,-9600
106.14 8 NAVIGATION 0 1 0 0 286 0. 140.5
106.16 8 ATTITUDE 1 0 -41
106.20 8 GYRO_RATES -177 -112 -180 1.544616 -0.977384 1.570796
106.22 8 ENOSE_STATUS 694 36 515 16.789162 23.154589 3.314995 237
106.23 8 FBW_STATUS 2 1 121
106.27 8 ESTIMATOR 0. 0. 0. 0. 0.
106.29 8 DOWNLINK_STATUS 105 11659 687 0 515. 31.
106.35 8 GPS 0 0 0 0 0 0 0 25000 0 0
106.37 8 NAVIGATION 0 1 0 0 286 0. 140.5
106.41 8 WP_MOVED 0 497617. 3565540. 770.
106.45 8 ENOSE_STATUS 694 36 515 16.789162 23.154589 3.314995 237
106.53 8 DESIRED 0. 0. 0. 0. 761. 0.
106.58 8 GPS 0 0 0 0 0 0 0 25248 0 0
106.60 8 NAVIGATION 0 1 0 0 286 0. 140.5
106.62 8 ATTITUDE 1 0 -41
106.65 8 ENOSE_STATUS 694 36 515 16.789162 23.154589 3.314995 237
106.70 8 ESTIMATOR 0. 0. 0. 0. 0.
106.77 8 DL_VALUE 27 0.75
106.83 8 GPS 0 0 0 0 0 0 0 25500 0 0
106.86 8 NAVIGATION 0 1 0 0 286 0. 140.5
106.88 8 WP_MOVED 1 497586.6875 3565500. 770.
106.92 8 RAD_OF_IR 6 0 0.00211
106.92 8 NAVIGATION_REF 497575 3565498 12
106.96 8 ENOSE_STATUS 754 44 545 15.373579 18.762846 3.077472 237
106.98 8 IR_SENSORS -941 6 1
107.04 8 COMMANDS 0,-9600,9600,-9600
107.08 8 NAVIGATION 0 1 0 0 286 0. 140.5
107.12 8 GPS 0 0 0 0 0 0 0 25748 0 0
107.14 8 ATTITUDE 1 0 -41
107.18 8 GYRO_RATES -177 -112 -181 1.544616 -0.977384 1.579523
107.20 8 ENOSE_STATUS 754 44 545 15.373579 18.762846 3.077472 237
107.22 8 FBW_STATUS 2 1 121
107.25 8 ESTIMATOR 0. 0. 0. 0. 0.
107.27 8 BAT 0 121 0 0 27 0 0
107.29 8 DOWNLINK_STATUS 106 12125 714 0 466. 27.
107.30 8 CALIBRATION 0. 0.02 0.5 0
107.33 8 NAVIGATION 0 1 0 0 286 0. 140.5
107.37 8 GPS 0 0 0 0 0 0 0 26000 0 0
107.41 8 WP_MOVED 2 497622.6875 3565498.5 770.
107.41 8 SERVO 9600 -9600 0
107.44 8 ENOSE_STATUS 754 44 545 15.373579 18.762846 3.077472 237
107.48 8 DESIRED 0. 0. 0. 0. 761. 0.
107.49 8 IR_DEBUG 678 669 678 669
107.53 8 NAVIGATION 0 1 0 0 286 0. 140.5
107.54 8 ATTITUDE 1 0 -41
107.61 8 GPS 0 0 0 0 0 0 0 26248 0 0
107.62 8 ENOSE_STATUS 829 36 560 13.892255 23.154589 2.968254 237
107.65 8 ESTIMATOR 0. 0. 0. 0. 0.
107.70 8 DL_VALUE 28 10000.
107.76 8 NAVIGATION 0 1 0 0 286 0. 140.5
107.83 8 GPS 0 0 0 0 0 0 0 26500 0 0
107.85 8 WP_MOVED 3 497546.40625 3565495.5 770.
107.87 8 RAD_OF_IR 7 0 0.00211
107.91 8 ENOSE_STATUS 829 36 560 13.892255 23.154589 2.968254 237
107.92 8 IR_SENSORS -942 7 1
107.98 8 COMMANDS 0,-9600,9600,-9600
108.01 8 NAVIGATION 0 1 0 0 286 0. 140.5
108.03 8 ATTITUDE 1 0 -41
108.07 8 GYRO_RATES -177 -112 -181 1.544616 -0.977384 1.579523
108.10 8 ENOSE_STATUS 829 36 560 13.892255 23.154589 2.968254 237
108.15 8 GPS 0 0 0 0 0 0 0 26748 0 0
108.19 8 FBW_STATUS 2 1 121
108.20 8 ESTIMATOR 0. 0. 0. 0. 0.
108.24 8 NAVIGATION 0 1 0 0 286 0. 140.5
108.29 8 WP_MOVED 4 497575. 3565498. 0.
108.31 8 DOWNLINK_STATUS 107 12632 744 0 507. 30.
108.33 8 ENOSE_STATUS 885 36 575 12.94992 23.154589 2.864734 237
108.37 8 GPS 0 0 0 0 0 0 0 27000 0 0
108.42 8 DESIRED 0. 0. 0. 0. 761. 0.
108.47 8 NAVIGATION 0 1 0 0 286 0. 140.5
108.48 8 ATTITUDE 1 0 -41
108.54 8 ENOSE_STATUS 885 36 575 12.94992 23.154589 2.864734 237
108.58 8 GPS 0 0 0 0 0 0 0 27248 0 0
108.61 8 ESTIMATOR 0. 0. 0. 0. 0.
108.64 8 DL_VALUE 29 10000.
108.70 8 NAVIGATION 0 1 0 0 286 0. 140.5
108.75 8 WP_MOVED 0 497617. 3565540. 770.
108.77 8 RAD_OF_IR 6 0 0.00211
108.81 8 ENOSE_STATUS 885 36 575 12.94992 23.154589 2.864734 237
108.86 8 GPS 0 0 0 0 0 0 0 27500 0 0
108.87 8 IR_SENSORS -942 6 1
108.91 8 COMMANDS 0,-9600,9600,-9600
108.96 8 NAVIGATION 0 1 0 0 286 0. 140.5
108.97 8 ATTITUDE 1 0 -41
109.01 8 GYRO_RATES -178 -112 -181 1.553343 -0.977384 1.579523
109.04 8 ENOSE_STATUS 945 32 590 12.064211 26.173912 2.766478 237
109.05 8 FBW_STATUS 2 1 121
109.08 8 ESTIMATOR 0. 0. 0. 0. 0.
109.11 8 BAT 0 121 0 0 29 0 0
109.15 8 GPS 0 0 0 0 0 0 0 27748 0 0
109.17 8 ACTUATORS 1500,1000,0,1200,1000
109.21 8 CALIBRATION 0. 0.02 0.5 0
109.22 8 NAVIGATION 0 1 0 0 286 0. 140.5
109.27 8 WP_MOVED 1 497586.6875 3565500. 770.
109.28 8 SERVO 9600 -9600 0
109.29 8 DOWNLINK_STATUS 108 13123 773 0 491. 29.
109.30 8 ENOSE_STATUS 945 32 590 12.064211 26.173912 2.766478 237
109.34 8 GPS 0 0 0 0 0 0 0 28000 0 0
109.37 8 DESIRED 0. 0. 0. 0. 761. 0.
109.41 8 IR_DEBUG 677 668 677 668
109.43 8 NAVIGATION 0 1 0 0 286 0. 140.5
109.44 8 ATTITUDE 1 0 -41
109.46 8 PPRZ_MODE 2 0 3 0 0 6 0
109.49 8 ENOSE_STATUS 945 32 590 12.064211 26.173912 2.766478 237
109.52 8 ESTIMATOR 0. 0. 0. 0. 0.
109.57 8 GPS 0 0 0 0 0 0 0 28248 0 0
109.59 8 DL_VALUE 30 0.3
109.63 8 NAVIGATION 0 1 0 0 286 0. 140.5
109.70 8 WP_MOVED 2 497622.6875 3565498.5 770.
109.71 8 RAD_OF_IR 6 0 0.00211
109.75 8 ENOSE_STATUS 1020 40 620 11.103608 20.73913 2.584229 237
109.77 8 IR_SENSORS -942 6 1
109.83 8 GPS 0 0 0 0 0 0 0 28500 0 0
109.85 8 COMMANDS 0,-9600,9600,-9600
109.89 8 NAVIGATION 0 1 0 0 286 0. 140.5
109.93 8 ATTITUDE 1 0 -41
109.95 8 GYRO_RATES -178 -113 -181 1.553343 -0.986111 1.579523
109.98 8 ENOSE_STATUS 1020 40 620 11.103608 20.73913 2.584229 237
110.00 8 FBW_STATUS 2 1 121
110.03 8 ESTIMATOR 0. 0. 0. 0. 0.
110.09 8 GPS 0 0 0 0 0 0 0 28748 0 0
110.13 8 NAVIGATION 0 1 0 0 286 0. 140.5
110.16 8 WP_MOVED 3 497546.40625 3565495.5 770.
110.20 8 ENOSE_STATUS 1020 40 620 11.103608 20.73913 2.584229 237
110.28 8 DESIRED 0. 0. 0. 0. 761. 0.
110.30 8 DOWNLINK_STATUS 109 13630 802 0 507. 29.
110.35 8 GPS 0 0 0 0 0 0 0 29000 0 0
110.37 8 NAVIGATION 0 1 0 0 286 0. 140.5
110.41 8 ATTITUDE 1 0 -41
110.41 8 ENOSE_STATUS 949 47 582 12.009146 17.501387 2.818252 237
110.45 8 ESTIMATOR 0. 0. 0. 0. 0.
110.51 8 DL_VALUE 31 0.36
110.57 8 GPS 0 0 0 0 0 0 0 29248 0 0
110.61 8 NAVIGATION 0 1 0 0 286 0. 140.5
110.63 8 WP_MOVED 4 497575. 3565498. 0.
110.65 8 RAD_OF_IR 6 0 0.00211
110.68 8 ENOSE_STATUS 949 47 582 12.009146 17.501387 2.818252 237
110.71 8 IR_SENSORS -941 6 1
110.79 8 COMMANDS 0,-9600,9600,-9600
110.84 8 NAVIGATION 0 1 0 0 286 0. 140.5
110.87 8 GPS 0 0 0 0 0 0 0 29500 0 0
110.92 8 ATTITUDE 1 0 -41
110.92 8 GYRO_RATES -178 -112 -181 1.553343 -0.977384 1.579523
110.95 8 ENOSE_STATUS 949 47 582 12.009146 17.501387 2.818252 237
110.96 8 FBW_STATUS 2 1 121
111.01 8 ESTIMATOR 0. 0. 0. 0. 0.
111.02 8 BAT 0 121 0 0 31 0 0
111.06 8 CALIBRATION 0. 0.02 0.5 0
111.08 8 NAVIGATION 0 1 0 0 286 0. 140.5
111.11 8 GPS 0 0 0 0 0 0 0 29748 0 0
111.15 8 WP_MOVED 0 497617. 3565540. 770.
111.16 8 SERVO 9600 -9600 0
111.19 8 ENOSE_STATUS 982 36 586 11.571976 23.154589 2.792188 237
111.23 8 DESIRED 0. 0. 0. 0. 761. 0.
111.24 8 IR_DEBUG 678 668 678 668
111.28 8 NAVIGATION 0 1 0 0 286 0. 140.5
111.29 8 ATTITUDE 1 0 -41
111.30 8 DOWNLINK_STATUS 110 14144 833 0 514. 31.
111.34 8 GPS 0 0 0 0 0 0 0 30000 0 0
111.39 8 ENOSE_STATUS 982 36 586 11.571976 23.154589 2.792188 237
111.43 8 ESTIMATOR 0. 0. 0. 0. 0.
111.45 8 DL_VALUE 32 0.01
111.51 8 NAVIGATION 0 1 0 0 286 0. 140.5
111.57 8 GPS 0 0 0 0 0 0 0 30248 0 0
111.61 8 WP_MOVED 1 497586.6875 3565500. 770.
111.62 8 RAD_OF_IR 7 0 0.00211
111.65 8 ENOSE_STATUS 982 36 586 11.571976 23.154589 2.792188 237
111.69 8 IR_SENSORS -941 6 1
111.73 8 COMMANDS 0,-9600,9600,-9600
111.77 8 NAVIGATION 0 1 0 0 286 0. 140.5
111.79 8 ATTITUDE 1 0 -41
111.82 8 GYRO_RATES -178 -113 -181 1.553343 -0.986111 1.579523
111.86 8 ENOSE_STATUS 1098 47 623 10.243788 17.501387 2.56697 237
111.89 8 GPS 0 0 0 0 0 0 0 30500 0 0
111.93 8 FBW_STATUS 2 1 121
111.94 8 ESTIMATOR 0. 0. 0. 0. 0.
111.97 8 NAVIGATION 0 1 0 0 286 0. 140.5
112.03 8 WP_MOVED 2 497622.6875 3565498.5 770.
112.09 8 ENOSE_STATUS 1098 47 623 10.243788 17.501387 2.56697 237
112.11 8 GPS 0 0 0 0 0 0 0 30748 0 0
112.16 8 DESIRED 0. 0. 0. 0. 761. 0.
112.21 8 NAVIGATION 0 1 0 0 286 0. 140.5
112.23 8 ATTITUDE 1 0 -41
112.28 8 ENOSE_STATUS 1098 47 623 10.243788 17.501387 2.56697 237
112.31 8 DOWNLINK_STATUS 111 14606 859 0 462. 26.
112.33 8 GPS 0 0 0 0 0 0 0 31000 0 0
112.37 8 ESTIMATOR 0. 0. 0. 0. 0.
112.39 8 DL_VALUE 0 761.
112.45 8 NAVIGATION 0 1 0 0 286 0. 140.5
112.50 8 WP_MOVED 3 497546.40625 3565495.5 770.
112.52 8 RAD_OF_IR 7 0 0.00211
112.56 8 ENOSE_STATUS 1154 36 657 9.698162 23.154589 2.382378 237
112.60 8 GPS 0 0 0 0 0 0 0 31248 0 0
112.62 8 IR_SENSORS -942 7 1
112.67 8 COMMANDS 0,-9600,9600,-9600
112.70 8 NAVIGATION 0 1 0 0 286 0. 140.5
112.73 8 ATTITUDE 1 0 -41
112.75 8 GYRO_RATES -177 -112 -180 1.544616 -0.977384 1.570796
112.78 8 ENOSE_STATUS 1154 36 657 9.698162 23.154589 2.382378 237
112.80 8 FBW_STATUS 2 1 121
112.83 8 ESTIMATOR 0. 0. 0. 0. 0.
112.86 8 BAT 0 121 0 0 33 0 0
112.90 8 GPS 0 0 0 0 0 0 0 31500 0 0
112.94 8 CALIBRATION 0. 0.02 0.5 0
112.95 8 NAVIGATION 0 1 0 0 286 0. 140.5
112.97 8 WP_MOVED 4 497575. 3565498. 0.
112.99 8 SERVO 9600 -9600 0
113.03 8 ENOSE_STATUS 1154 36 657 9.698162 23.154589 2.382378 237
113.07 8 GPS 0 0 0 0 0 0 0 31748 0 0
113.11 8 DESIRED 0. 0. 0. 0. 761. 0.
113.13 8 IR_DEBUG 678 669 678 669
113.16 8 NAVIGATION 0 1 0 0 286 0. 140.5
113.18 8 ATTITUDE 1 0 -41
113.22 8 ENOSE_STATUS 1154 36 657 9.698162 23.154589 2.382378 237
113.27 8 ESTIMATOR 0. 0. 0. 0. 0.
113.31 8 DOWNLINK_STATUS 112 15116 889 0 510. 30.
113.34 8 GPS 0 0 0 0 0 0 0 32000 0 0
113.35 8 DL_VALUE 1 1.
113.39 8 NAVIGATION 0 1 0 0 286 0. 140.5
113.45 8 WP_MOVED 0 497617. 3565540. 770.
113.46 8 RAD_OF_IR 7 0 0.00211
113.49 8 ENOSE_STATUS 1154 36 657 9.698162 23.154589 2.382378 237
113.52 8 IR_SENSORS -941 6 1
113.57 8 GPS 0 0 0 0 0 0 0 32248 0 0
113.61 8 COMMANDS 0,-9600,9600,-9600
113.64 8 NAVIGATION 0 1 0 0 286 0. 140.5
113.66 8 ATTITUDE 1 0 -41
113.70 8 GYRO_RATES -177 -112 -180 1.544616 -0.977384 1.570796
113.73 8 ENOSE_STATUS 1154 36 657 9.698162 23.154589 2.382378 237
113.74 8 FBW_STATUS 2 1 121
113.77 8 ESTIMATOR 0. 0. 0. 0. 0.
113.79 8 ACTUATORS 1500,1000,0,1200,1000
113.85 8 GPS 0 0 0 0 0 0 0 32500 0 0
113.87 8 NAVIGATION 0 1 0 0 286 0. 140.5
113.90 8 WP_MOVED 1 497586.6875 3565500. 770.
113.95 8 ENOSE_STATUS 1188 40 676 9.391986 20.73913 2.287311 237
114.03 8 DESIRED 0. 0. 0. 0. 761. 0.
114.08 8 GPS 0 0 0 0 0 0 0 32748 0 0
114.10 8 NAVIGATION 0 1 0 0 286 0. 140.5
114.12 8 ATTITUDE 1 0 -41
114.14 8 PPRZ_MODE 2 0 3 0 0 6 0
114.17 8 ENOSE_STATUS 1188 40 676 9.391986 20.73913 2.287311 237
114.20 8 ESTIMATOR 0. 0. 0. 0. 0.
114.27 8 DL_VALUE 2 0.
114.30 8 DOWNLINK_STATUS 113 15586 917 0 470. 28.
114.35 8 GPS 0 0 0 0 0 0 0 33000 0 0
114.36 8 NAVIGATION 0 1 0 0 286 0. 140.5
114.39 8 WP_MOVED 2 497622.6875 3565498.5 770.
114.43 8 RAD_OF_IR 6 0 0.00211
114.44 8 ENOSE_STATUS 1188 40 676 9.391986 20.73913 2.287311 237
114.46 8 IR_SENSORS -942 5 1
114.54 8 COMMANDS 0,-9600,9600,-9600
114.57 8 NAVIGATION 0 1 0 0 286 0. 140.5
114.63 8 GPS 0 0 0 0 0 0 0 33248 0 0
114.64 8 ATTITUDE 1 0 -41
114.67 8 GYRO_RATES -177 -112 -181 1.544616 -0.977384 1.579523
114.70 8 ENOSE_STATUS 1285 44 717 8.607533 18.762846 2.099334 237
114.71 8 FBW_STATUS 2 1 121
114.75 8 ESTIMATOR 0. 0. 0. 0. 0.
114.77 8 BAT 0 121 0 0 35 0 0
114.80 8 CALIBRATION 0. 0.02 0.5 0
114.82 8 NAVIGATION 0 1 0 0 286 0. 140.5
114.87 8 GPS 0 0 0 0 0 0 0 33500 0 0
114.89 8 WP_MOVED 3 497546.40625 3565495.5 770.
114.93 8 SERVO 9600 -9600 0
114.94 8 ENOSE_STATUS 1285 44 717 8.607533 18.762846 2.099334 237
114.98 8 DESIRED 0. 0. 0. 0. 761. 0.
115.00 8 IR_DEBUG 678 668 678 668
115.03 8 NAVIGATION 0 1 0 0 286 0. 140.5
115.04 8 ATTITUDE 1 0 -41
115.09 8 GPS 0 0 0 0 0 0 0 33748 0 0
115.12 8 ENOSE_STATUS 1285 44 717 8.607533 18.762846 2.099334 237
115.15 8 ESTIMATOR 0. 0. 0. 0. 0.
115.20 8 DL_VALUE 3 0.
115.30 8 DOWNLINK_STATUS 114 16074 946 0 488. 29.
115.34 8 GPS 0 0 0 0 0 0 0 34000 0 0
115.36 8 WP_MOVED 4 497575. 3565498. 0.
115.40 8 RAD_OF_IR 6 0 0.00211
115.44 8 NAVIGATION_REF 497575 3565498 12
115.44 8 ENOSE_STATUS 1293 36 683 8.548089 23.154589 2.25362 237
115.46 8 IR_SENSORS -942 7 1
115.47 8 COMMANDS 0,-9600,9600,-9600
115.52 8 NAVIGATION 0 1 0 0 286 0. 140.5
115.53 8 ATTITUDE 1 0 -41
115.57 8 GYRO_RATES -178 -112 -181 1.553343 -0.977384 1.579523
115.62 8 GPS 0 0 0 0 0 0 0 34248 0 0
115.64 8 ENOSE_STATUS 1293 36 683 8.548089 23.154589 2.25362 237
115.65 8 FBW_STATUS 2 1 121
115.69 8 ESTIMATOR 0. 0. 0. 0. 0.
115.73 8 NAVIGATION 0 1 0 0 286 0. 140.5
115.78 8 WP_MOVED 0 497617. 3565540. 770.
115.82 8 ENOSE_STATUS 1293 36 683 8.548089 23.154589 2.25362 237
115.86 8 GPS 0 0 0 0 0 0 0 34500 0 0
115.91 8 DESIRED 0. 0. 0. 0. 761. 0.
115.96 8 NAVIGATION 0 1 0 0 286 0. 140.5
115.99 8 ATTITUDE 1 0 -41
116.04 8 ENOSE_STATUS 1162 40 586 9.624509 20.73913 2.792188 237
116.07 8 GPS 0 0 0 0 0 0 0 34748 0 0
116.11 8 ESTIMATOR 0. 0. 0. 0. 0.
116.14 8 DL_VALUE 4 2.
116.21 8 NAVIGATION 0 1 0 0 286 0. 140.5
116.25 8 WP_MOVED 1 497586.6875 3565500. 770.
116.29 8 RAD_OF_IR 6 0 0.00211
116.31 8 DOWNLINK_STATUS 115 16551 974 0 477. 28.
116.31 8 ENOSE_STATUS 1162 40 586 9.624509 20.73913 2.792188 237
116.37 8 GPS 0 0 0 0 0 0 0 35000 0 0
116.38 8 IR_SENSORS -942 6 1
116.41 8 COMMANDS 0,-9600,9600,-9600
116.46 8 NAVIGATION 0 1 0 0 286 0. 140.5
116.47 8 ATTITUDE 1 0 -41
116.51 8 GYRO_RATES -178 -112 -181 1.553343 -0.977384 1.579523
116.53 8 ENOSE_STATUS 1162 40 586 9.624509 20.73913 2.792188 237
116.55 8 FBW_STATUS 2 1 121
116.58 8 ESTIMATOR 0. 0. 0. 0. 0.
116.61 8 BAT 0 121 0 0 37 0 0
116.68 8 GPS 0 0 0 0 0 0 0 35248 0 0
116.68 8 CALIBRATION 0. 0.02 0.5 0
116.70 8 NAVIGATION 0 1 0 0 286 0. 140.5
116.73 8 WP_MOVED 2 497622.6875 3565498.5 770.
116.76 8 SERVO 9600 -9600 0
116.79 8 ENOSE_STATUS 1218 47 620 9.136026 17.501387 2.584229 237
116.82 8 GPS 0 0 0 0 0 0 0 35500 0 0
116.86 8 DESIRED 0. 0. 0. 0. 761. 0.
116.88 8 IR_DEBUG 678 668 678 668
116.91 8 NAVIGATION 0 1 0 0 286 0. 140.5
116.95 8 ATTITUDE 1 0 -41
116.98 8 ENOSE_STATUS 1218 47 620 9.136026 17.501387 2.584229 237
117.01 8 ESTIMATOR 0. 0. 0. 0. 0.
117.08 8 GPS 0 0 0 0 0 0 0 35748 0 0
117.09 8 DL_VALUE 5 0.
117.13 8 NAVIGATION 0 1 0 0 286 0. 140.5
117.19 8 WP_MOVED 3 497546.40625 3565495.5 770.
117.21 8 RAD_OF_IR 7 0 0.00211
117.25 8 ENOSE_STATUS 1218 47 620 9.136026 17.501387 2.584229 237
117.27 8 IR_SENSORS -942 7 1
117.30 8 DOWNLINK_STATUS 116 17068 1005 0 517. 31.
117.34 8 GPS 0 0 0 0 0 0 0 36000 0 0
117.35 8 COMMANDS 0,-9600,9600,-9600
117.40 8 NAVIGATION 0 1 0 0 286 0. 140.5
117.41 8 ATTITUDE 1 0 -41
117.45 8 GYRO_RATES -178 -112 -181 1.553343 -0.977384 1.579523
117.48 8 ENOSE_STATUS 1210 40 616 9.203041 20.73913 2.607504 237
117.50 8 FBW_STATUS 2 1 121
117.52 8 ESTIMATOR 0. 0. 0. 0. 0.
117.57 8 GPS 0 0 0 0 0 0 0 36248 0 0
117.60 8 NAVIGATION 0 1 0 0 286 0. 140.5
117.66 8 WP_MOVED 4 497575. 3565498. 0.
117.71 8 ENOSE_STATUS 1210 40 616 9.203041 20.73913 2.607504 237
117.79 8 DESIRED 0. 0. 0. 0. 761. 0.
117.83 8 GPS 0 0 0 0 0 0 0 36500 0 0
117.85 8 NAVIGATION 0 1 0 0 286 0. 140.5
117.87 8 ATTITUDE 1 0 -41
117.90 8 ENOSE_STATUS 1210 40 616 9.203041 20.73913 2.607504 237
117.96 8 ESTIMATOR 0. 0. 0. 0. 0.
118.01 8 DL_VALUE 6 0.
118.09 8 GPS 0 0 0 0 0 0 0 36748 0 0
118.11 8 NAVIGATION 0 1 0 0 286 0. 140.5
118.14 8 WP_MOVED 0 497617. 3565540. 770.
118.15 8 RAD_OF_IR 6 0 0.00211
118.18 8 ENOSE_STATUS 1203 51 601 9.262411 16.050299 2.697541 237
118.21 8 IR_SENSORS -942 7 1
118.29 8 COMMANDS 0,-9600,9600,-9600
118.30 8 DOWNLINK_STATUS 117 17520 1031 0 452. 26.
118.33 8 NAVIGATION 0 1 0 0 286 0. 140.5
118.37 8 GPS 0 0 0 0 0 0 0 37000 0 0
118.39 8 ATTITUDE 1 0 -41
118.42 8 GYRO_RATES -178 -113 -181 1.553343 -0.986111 1.579523
118.46 8 ENOSE_STATUS 1203 51 601 9.262411 16.050299 2.697541 237
118.47 8 FBW_STATUS 2 1 121
118.50 8 ESTIMATOR 0. 0. 0. 0. 0.
118.53 8 BAT 0 121 0 0 39 0 0
118.55 8 ACTUATORS 1500,1000,0,1200,1000
118.57 8 CALIBRATION 0. 0.02 0.5 0
118.61 8 NAVIGATION 0 1 0 0 286 0. 140.5
118.64 8 GPS 0 0 0 0 0 0 0 37248 0 0
118.67 8 WP_MOVED 1 497586.6875 3565500. 770.
118.68 8 SERVO 9600 -9600 0
118.71 8 ENOSE_STATUS 1203 51 601 9.262411 16.050299 2.697541 237
118.75 8 DESIRED 0. 0. 0. 0. 761. 0.
118.77 8 IR_DEBUG 677 669 677 669
118.80 8 NAVIGATION 0 1 0 0 286 0. 140.5
118.81 8 ATTITUDE 1 0 -41
118.84 8 PPRZ_MODE 2 0 3 0 0 6 0
118.87 8 GPS 0 0 0 0 0 0 0 37500 0 0
118.91 8 ENOSE_STATUS 1203 40 605 9.262411 20.73913 2.673095 237
118.93 8 ESTIMATOR 0. 0. 0. 0. 0.
118.97 8 DL_VALUE 7 0.
119.02 8 NAVIGATION 0 1 0 0 286 0. 140.5
119.08 8 GPS 0 0 0 0 0 0 0 37748 0 0
119.10 8 WP_MOVED 2 497622.6875 3565498.5 770.
119.12 8 RAD_OF_IR 7 0 0.00211
119.15 8 ENOSE_STATUS 1203 40 605 9.262411 20.73913 2.673095 237
119.17 8 IR_SENSORS -941 6 1
119.23 8 COMMANDS 0,-9600,9600,-9600
119.27 8 NAVIGATION 0 1 0 0 286 0. 140.5
119.28 8 ATTITUDE 1 0 -41
119.30 8 DOWNLINK_STATUS 118 18056 1064 0 536. 33.
119.32 8 GYRO_RATES -178 -113 -181 1.553343 -0.986111 1.579523
119.36 8 ENOSE_STATUS 1203 40 605 9.262411 20.73913 2.673095 237
119.39 8 GPS 0 0 0 0 0 0 0 38000 0 0
119.41 8 FBW_STATUS 2 1 121
119.43 8 ESTIMATOR 0. 0. 0. 0. 0.
119.48 8 NAVIGATION 0 1 0 0 286 0. 140.5
119.53 8 WP_MOVED 3 497546.40625 3565495.5 770.
119.57 8 ENOSE_STATUS 1203 40 605 9.262411 20.73913 2.673095 237
119.61 8 GPS 0 0 0 0 0 0 0 38248 0 0
119.65 8 DESIRED 0. 0. 0. 0. 761. 0.
119.71 8 NAVIGATION 0 1 0 0 286 0. 140.5
119.73 8 ATTITUDE 1 0 -41
119.78 8 ENOSE_STATUS 1203 40 605 9.262411 20.73913 2.673095 237
119.83 8 GPS 0 0 0 0 0 0 0 38500 0 0
119.89 8 ESTIMATOR 0. 0. 0. 0. 0.
119.89 8 DL_VALUE 8 0.
119.96 8 NAVIGATION 0 1 0 0 286 0. 140.5
120.00 8 WP_MOVED 4 497575. 3565498. 0.
120.04 8 RAD_OF_IR 7 0 0.00211
120.06 8 ENOSE_STATUS 1203 40 605 9.262411 20.73913 2.673095 237
120.11 8 GPS 0 0 0 0 0 0 0 38748 0 0
120.12 8 IR_SENSORS -942 7 1
120.16 8 COMMANDS 0,-9600,9600,-9600
120.20 8 NAVIGATION 0 1 0 0 286 0. 140.5
120.22 8 ATTITUDE 1 0 -41
120.26 8 GYRO_RATES -177 -112 -180 1.544616 -0.977384 1.570796
120.28 8 ENOSE_STATUS 1255 55 620 8.837195 14.810275 2.584229 237
120.30 8 FBW_STATUS 2 1 121
120.30 8 DOWNLINK_STATUS 119 18543 1092 0 487. 28.
120.34 8 ESTIMATOR 0. 0. 0. 0. 0.
120.41 8 CALIBRATION 0. 0.02 0.5 0
120.45 8 NAVIGATION 0 1 0 0 286 0. 140.5
120.48 8 WP_MOVED 0 497617. 3565540. 770.
120.49 8 SERVO 9600 -9600 0
120.53 8 ENOSE_STATUS 1255 55 620 8.837195 14.810275 2.584229 237
120.58 8 GPS 0 0 0 0 0 0 0 39248 0 0
120.61 8 DESIRED 0. 0. 0. 0. 761. 0.
120.63 8 IR_DEBUG 678 668 678 668
120.67 8 NAVIGATION 0 1 0 0 286 0. 140.5
120.69 8 ATTITUDE 1 0 -41
120.72 8 ENOSE_STATUS 1255 55 620 8.837195 14.810275 2.584229 237
120.77 8 ESTIMATOR 0. 0. 0. 0. 0.
120.82 8 GPS 0 0 0 0 0 0 0 39500 0 0
120.84 8 DL_VALUE 9 0.
120.88 8 NAVIGATION 0 1 0 0 286 0. 140.5
120.93 8 WP_MOVED 1 497586.6875 3565500. 770.
120.98 8 RAD_OF_IR 7 0 0.00211
120.99 8 ENOSE_STATUS 1341 47 657 8.206324 17.501387 2.382378 237
121.02 8 IR_SENSORS -942 5 1
121.07 8 GPS 0 0 0 0 0 0 0 39748 0 0
121.10 8 COMMANDS 0,-9600,9600,-9600
121.14 8 NAVIGATION 0 1 0 0 286 0. 140.5
121.16 8 ATTITUDE 1 0 -41
121.19 8 GYRO_RATES -177 -112 -181 1.544616 -0.977384 1.579523
121.22 8 ENOSE_STATUS 1341 47 657 8.206324 17.501387 2.382378 237
121.23 8 FBW_STATUS 2 1 121
121.27 8 ESTIMATOR 0. 0. 0. 0. 0.
121.31 8 DOWNLINK_STATUS 120 19012 1120 0 469. 28.
121.34 8 GPS 0 0 0 0 0 0 0 40000 0 0
121.37 8 NAVIGATION 0 1 0 0 286 0. 140.5
121.40 8 WP_MOVED 2 497622.6875 3565498.5 770.
121.45 8 ENOSE_STATUS 1341 47 657 8.206324 17.501387 2.382378 237
121.53 8 DESIRED 0. 0. 0. 0. 761. 0.
121.57 8 GPS 0 0 0 0 0 0 0 40248 0 0
121.60 8 NAVIGATION 0 1 0 0 286 0. 140.5
121.62 8 ATTITUDE 0 0 -41
121.65 8 ENOSE_STATUS 1450 44 691 7.514262 18.762846 2.215951 237
121.72 8 ESTIMATOR 0. 0. 0. 0. 0.
121.76 8 DL_VALUE 10 -85.943672
121.83 8 GPS 0 0 0 0 0 0 0 40500 0 0
121.85 8 NAVIGATION 0 1 0 0 286 0. 140.5
121.87 8 WP_MOVED 3 497546.40625 3565495.5 770.
121.91 8 RAD_OF_IR 7 0 0.00211
121.94 8 ENOSE_STATUS 1450 44 691 7.514262 18.762846 2.215951 237
121.98 8 IR_SENSORS -942 7 1
122.04 8 COMMANDS 0,-9600,9600,-9600
122.09 8 NAVIGATION 0 1 0 0 286 0. 140.5
122.12 8 GPS 0 0 0 0 0 0 0 40748 0 0
122.14 8 ATTITUDE 1 0 -41
122.18 8 GYRO_RATES -177 -112 -181 1.544616 -0.977384 1.579523
122.20 8 ENOSE_STATUS 1450 44 691 7.514262 18.762846 2.215951 237
122.21 8 FBW_STATUS 2 1 121
122.25 8 ESTIMATOR 0. 0. 0. 0. 0.
122.27 8 BAT 0 121 0 0 43 0 0
122.30 8 CALIBRATION 0. 0.02 0.5 0
122.32 8 DOWNLINK_STATUS 121 19482 1147 0 470. 27.
122.33 8 NAVIGATION 0 1 0 0 286 0. 140.5
122.37 8 GPS 0 0 0 0 0 0 0 41000 0 0
122.39 8 WP_MOVED 4 497575. 3565498. 0.
122.41 8 SERVO 9600 -9600 0
122.44 8 ENOSE_STATUS 1551 47 732 6.959819 17.501387 2.035823 237
122.49 8 DESIRED 0. 0. 0. 0. 761. 0.
122.49 8 IR_DEBUG 678 669 678 669
122.52 8 NAVIGATION 0 1 0 0 286 0. 140.5
122.56 8 ATTITUDE 1 0 -41
122.59 8 GPS 0 0 0 0 0 0 0 41248 0 0
122.62 8 ENOSE_STATUS 1551 47 732 6.959819 17.501387 2.035823 237
122.65 8 ESTIMATOR 0. 0. 0. 0. 0.
122.70 8 DL_VALUE 11 1.5
122.76 8 NAVIGATION 0 1 0 0 286 0. 140.5
122.83 8 GPS 0 0 0 0 0 0 0 41500 0 0
122.86 8 WP_MOVED 0 497617. 3565540. 770.
122.87 8 RAD_OF_IR 6 0 0.00211
122.90 8 ENOSE_STATUS 1551 47 732 6.959819 17.501387 2.035823 237
122.92 8 IR_SENSORS -941 6 1
122.98 8 COMMANDS 0,-9600,9600,-9600
123.02 8 NAVIGATION 0 1 0 0 286 0. 140.5
123.04 8 ATTITUDE 1 0 -41
123.07 8 GYRO_RATES -178 -112 -181 1.553343 -0.977384 1.579523
123.09 8 ENOSE_STATUS 1655 51 762 6.459626 16.050299 1.916302 237
123.14 8 GPS 0 0 0 0 0 0 0 41748 0 0
123.16 8 FBW_STATUS 2 1 121
123.19 8 ESTIMATOR 0. 0. 0. 0. 0.
123.21 8 ACTUATORS 1500,1000,0,1200,1000
123.24 8 NAVIGATION 0 1 0 0 286 0. 140.5
123.28 8 WP_MOVED 1 497586.6875 3565500. 770.
123.31 8 DOWNLINK_STATUS 122 19987 1177 0 505. 30.
123.32 8 ENOSE_STATUS 1655 51 762 6.459626 16.050299 1.916302 237
123.38 8 GPS 0 0 0 0 0 0 0 42000 0 0
123.40 8 DESIRED 0. 0. 0. 0. 761. 0.
123.46 8 NAVIGATION 0 1 0 0 286 0. 140.5
123.50 8 ATTITUDE 1 0 -41
123.50 8 PPRZ_MODE 2 0 3 0 0 6 0
123.53 8 ENOSE_STATUS 1655 51 762 6.459626 16.050299 1.916302 237
123.58 8 GPS 0 0 0 0 0 0 0 42248 0 0
123.62 8 ESTIMATOR 0. 0. 0. 0. 0.
123.63 8 DL_VALUE 12 1.5
123.69 8 NAVIGATION 0 1 0 0 286 0. 140.5
123.75 8 WP_MOVED 2 497622.6875 3565498.5 770.
123.77 8 RAD_OF_IR 7 0 0.00211
123.79 8 NAVIGATION_REF 497575 3565498 12
123.83 8 ENOSE_STATUS 1734 55 777 6.119769 14.810275 1.860003 237
123.88 8 GPS 0 0 0 0 0 0 0 42500 0 0
123.89 8 IR_SENSORS -941 6 1
123.91 8 COMMANDS 0,-9600,9600,-9600
123.95 8 NAVIGATION 0 1 0 0 286 0. 140.5
123.99 8 ATTITUDE 1 0 -41
124.02 8 GYRO_RATES -178 -112 -181 1.553343 -0.977384 1.579523
124.03 8 ENOSE_STATUS 1734 55 777 6.119769 14.810275 1.860003 237
124.05 8 FBW_STATUS 2 1 121
124.09 8 ESTIMATOR 0. 0. 0. 0. 0.
124.10 8 BAT 0 121 0 0 45 0 0
124.17 8 GPS 0 0 0 0 0 0 0 42748 0 0
124.17 8 CALIBRATION 0. 0.02 0.5 0
124.20 8 NAVIGATION 0 1 0 0 286 0. 140.5
124.24 8 WP_MOVED 3 497546.40625 3565495.5 770.
124.25 8 SERVO 9600 -9600 0
124.27 8 ENOSE_STATUS 1734 55 777 6.119769 14.810275 1.860003 237
124.32 8 DOWNLINK_STATUS 123 20506 1208 0 519. 31.
124.34 8 GPS 0 0 0 0 0 0 0 43000 0 0
124.37 8 DESIRED 0. 0. 0. 0. 761. 0.
124.40 8 IR_DEBUG 678 668 678 668
124.42 8 NAVIGATION 0 1 0 0 286 0. 140.5
124.44 8 ATTITUDE 1 0 -41
124.48 8 ENOSE_STATUS 1816 40 799 5.798281 20.73913 1.781254 237
124.51 8 ESTIMATOR 0. 0. 0. 0. 0.
124.57 8 GPS 0 0 0 0 0 0 0 43248 0 0
124.59 8 DL_VALUE 13 1.5
124.65 8 NAVIGATION 0 1 0 0 286 0. 140.5
124.68 8 WP_MOVED 4 497575. 3565498. 0.
124.72 8 RAD_OF_IR 7 0 0.00211
124.75 8 ENOSE_STATUS 1816 40 799 5.798281 20.73913 1.781254 237
124.77 8 IR_SENSORS -942 7 1
124.83 8 GPS 0 0 0 0 0 0 0 43500 0 0
124.86 8 COMMANDS 0,-9600,9600,-9600
124.89 8 NAVIGATION 0 1 0 0 286 0. 140.5
124.91 8 ATTITUDE 1 0 -41
124.94 8 GYRO_RATES -178 -112 -181 1.553343 -0.977384 1.579523
124.98 8 ENOSE_STATUS 1816 40 799 5.798281 20.73913 1.781254 237
124.99 8 FBW_STATUS 2 1 121
125.02 8 ESTIMATOR 0. 0. 0. 0. 0.
125.08 8 GPS 0 0 0 0 0 0 0 43748 0 0
125.11 8 NAVIGATION 0 1 0 0 286 0. 140.5
125.15 8 WP_MOVED 0 497617. 3565540. 770.
125.19 8 ENOSE_STATUS 1876 51 821 5.580853 16.050299 1.706726 237
125.27 8 DESIRED 0. 0. 0. 0. 761. 0.
125.32 8 DOWNLINK_STATUS 124 20983 1235 0 477. 27.
125.34 8 GPS 0 0 0 0 0 0 0 44000 0 0
125.36 8 NAVIGATION 0 1 0 0 286 0. 140.5
125.39 8 ATTITUDE 1 0 -41
125.41 8 ENOSE_STATUS 1876 51 821 5.580853 16.050299 1.706726 237
125.46 8 ESTIMATOR 0. 0. 0. 0. 0.
125.51 8 DL_VALUE 14 1.5
125.57 8 GPS 0 0 0 0 0 0 0 44248 0 0
125.60 8 NAVIGATION 0 1 0 0 286 0. 140.5
125.62 8 WP_MOVED 1 497586.6875 3565500. 770.
125.66 8 RAD_OF_IR 6 0 0.00211
125.68 8 ENOSE_STATUS 1876 51 821 5.580853 16.050299 1.706726 237
125.70 8 IR_SENSORS -942 7 1
125.79 8 COMMANDS 0,-9600,9600,-9600
125.83 8 NAVIGATION 0 1 0 0 286 0. 140.5
125.87 8 GPS 0 0 0 0 0 0 0 44500 0 0
125.90 8 ATTITUDE 1 0 -41
125.92 8 GYRO_RATES -178 -112 -181 1.553343 -0.977384 1.579523
125.95 8 ENOSE_STATUS 1876 51 821 5.580853 16.050299 1.706726 237
125.98 8 FBW_STATUS 2 1 121
126.00 8 ESTIMATOR 0. 0. 0. 0. 0.
126.03 8 BAT 0 121 0 0 47 0 0
126.06 8 CALIBRATION 0. 0.02 0.5 0
126.08 8 NAVIGATION 0 1 0 0 286 0. 140.5
126.14 8 GPS 0 0 0 0 0 0 0 44748 0 0
126.15 8 WP_MOVED 2 497622.6875 3565498.5 770.
126.16 8 SERVO 9600 -9600 0
126.19 8 ENOSE_STATUS 1876 51 821 5.580853 16.050299 1.706726 237
126.24 8 DESIRED 0. 0. 0. 0. 761. 0.
126.24 8 IR_DEBUG 678 668 678 668
126.27 8 NAVIGATION 0 1 0 0 286 0. 140.5
126.30 8 ATTITUDE 1 0 -41
126.32 8 DOWNLINK_STATUS 125 21497 1266 0 514. 31.
126.34 8 GPS 0 0 0 0 0 0 0 45000 0 0
126.37 8 ENOSE_STATUS 1876 51 821 5.580853 16.050299 1.706726 237
126.40 8 ESTIMATOR 0. 0. 0. 0. 0.
126.45 8 DL_VALUE 15 0.
126.52 8 NAVIGATION 0 1 0 0 286 0. 140.5
126.57 8 GPS 0 0 0 0 0 0 0 45248 0 0
126.61 8 WP_MOVED 3 497546.40625 3565495.5 770.
126.63 8 RAD_OF_IR 7 0 0.00211
126.65 8 ENOSE_STATUS 1954 51 844 5.318157 16.050299 1.632965 237
126.67 8 IR_SENSORS -941 6 1
126.74 8 COMMANDS 0,-9600,9600,-9600
126.76 8 NAVIGATION 0 1 0 0 286 0. 140.5
126.78 8 ATTITUDE 1 0 -41
126.82 8 GYRO_RATES -178 -113 -180 1.553343 -0.986111 1.570796
126.85 8 ENOSE_STATUS 1954 51 844 5.318157 16.050299 1.632965 237
126.89 8 GPS 0 0 0 0 0 0 0 45500 0 0
126.91 8 FBW_STATUS 2 1 121
126.94 8 ESTIMATOR 0. 0. 0. 0. 0.
126.98 8 NAVIGATION 0 1 0 0 286 0. 140.5
127.03 8 WP_MOVED 4 497575. 3565498. 0.
127.08 8 ENOSE_STATUS 1954 51 844 5.318157 16.050299 1.632965 237
127.11 8 GPS 0 0 0 0 0 0 0 45748 0 0
127.17 8 DESIRED 0. 0. 0. 0. 761. 0.
127.21 8 NAVIGATION 0 1 0 0 286 0. 140.5
127.23 8 ATTITUDE 1 0 -41
127.28 8 ENOSE_STATUS 2018 44 881 5.11778 18.762846 1.522386 237
127.32 8 DOWNLINK_STATUS 126 21959 1292 0 462. 26.
127.37 8 ESTIMATOR 0. 0. 0. 0. 0.
127.39 8 DL_VALUE 16 1.
127.44 8 NAVIGATION 0 1 0 0 286 0. 140.5
127.51 8 WP_MOVED 0 497617. 3565540. 770.
127.52 8 RAD_OF_IR 7 0 0.00211
127.56 8 ENOSE_STATUS 2018 44 881 5.11778 18.762846 1.522386 237
127.61 8 GPS 0 0 0 0 0 0 0 46248 0 0
127.62 8 IR_SENSORS -941 6 1
127.66 8 COMMANDS 0,-9600,9600,-9600
127.70 8 NAVIGATION 0 1 0 0 286 0. 140.5
127.72 8 ATTITUDE 1 0 -41
127.76 8 GYRO_RATES -177 -112 -180 1.544616 -0.977384 1.570796
127.78 8 ENOSE_STATUS 2018 44 881 5.11778 18.762846 1.522386 237
127.81 8 FBW_STATUS 2 1 121
127.83 8 ESTIMATOR 0. 0. 0. 0. 0.
127.86 8 BAT 0 121 0 0 49 0 0
127.90 8 GPS 0 0 0 0 0 0 0 46500 0 0
127.92 8 ACTUATORS 1500,1000,0,1200,1000
127.95 8 CALIBRATION 0. 0.02 0.5 0
127.99 8 NAVIGATION 0 1 0 0 286 0. 140.5
128.00 8 WP_MOVED 1 497586.6875 3565500. 770.
128.02 8 SERVO 9600 -9600 0
128.05 8 ENOSE_STATUS 2059 47 893 4.995959 17.501387 1.488491 237
128.08 8 GPS 0 0 0 0 0 0 0 46748 0 0
128.12 8 DESIRED 0. 0. 0. 0. 761. 0.
128.14 8 IR_DEBUG 677 668 677 668
128.19 8 NAVIGATION 0 1 0 0 286 0. 140.5
128.19 8 ATTITUDE 1 0 -41
128.21 8 PPRZ_MODE 2 0 3 0 0 6 0
128.24 8 ENOSE_STATUS 2059 47 893 4.995959 17.501387 1.488491 237
128.27 8 ESTIMATOR 0. 0. 0. 0. 0.
128.33 8 DOWNLINK_STATUS 127 22464 1323 0 505. 31.
128.34 8 GPS 0 0 0 0 0 0 0 47000 0 0
128.36 8 DL_VALUE 17 470.
128.38 8 NAVIGATION 0 1 0 0 286 0. 140.5
128.44 8 WP_MOVED 2 497622.6875 3565498.5 770.
128.46 8 RAD_OF_IR 6 0 0.00211
128.49 8 ENOSE_STATUS 2059 47 893 4.995959 17.501387 1.488491 237
128.52 8 IR_SENSORS -941 6 1
128.58 8 GPS 0 0 0 0 0 0 0 47248 0 0
128.60 8 COMMANDS 0,-9600,9600,-9600
128.64 8 NAVIGATION 0 1 0 0 286 0. 140.5
128.66 8 ATTITUDE 1 0 -41
128.69 8 GYRO_RATES -177 -112 -180 1.544616 -0.977384 1.570796
128.72 8 ENOSE_STATUS 2115 47 911 4.837201 17.501387 1.439322 237
128.76 8 FBW_STATUS 2 1 121
128.78 8 ESTIMATOR 0. 0. 0. 0. 0.
128.83 8 GPS 0 0 0 0 0 0 0 47500 0 0
128.86 8 NAVIGATION 0 1 0 0 286 0. 140.5
128.90 8 WP_MOVED 3 497546.40625 3565495.5 770.
128.95 8 ENOSE_STATUS 2115 47 911 4.837201 17.501387 1.439322 237
129.02 8 DESIRED 0. 0. 0. 0. 761. 0.
129.07 8 GPS 0 0 0 0 0 0 0 47748 0 0
129.10 8 NAVIGATION 0 1 0 0 286 0. 140.5
129.12 8 ATTITUDE 1 0 -41
129.17 8 ENOSE_STATUS 2115 47 911 4.837201 17.501387 1.439322 237
129.21 8 ESTIMATOR 0. 0. 0. 0. 0.
129.26 8 DL_VALUE 18 405.
129.32 8 DOWNLINK_STATUS 128 22912 1349 0 448. 26.
129.34 8 GPS 0 0 0 0 0 0 0 48000 0 0
129.36 8 NAVIGATION 0 1 0 0 286 0. 140.5
129.39 8 WP_MOVED 4 497575. 3565498. 0.
129.41 8 RAD_OF_IR 6 0 0.00211
129.45 8 ENOSE_STATUS 2175 44 949 4.676174 18.762846 1.341646 237
129.48 8 IR_SENSORS -941 6 1
129.57 8 GPS 0 0 0 0 0 0 0 48248 0 0
129.59 8 COMMANDS 0,-9600,9600,-9600
129.62 8 NAVIGATION 0 1 0 0 286 0. 140.5
129.64 8 ATTITUDE 1 0 -41
129.67 8 GYRO_RATES -177 -112 -181 1.544616 -0.977384 1.579523
129.70 8 ENOSE_STATUS 2175 44 949 4.676174 18.762846 1.341646 237
129.72 8 FBW_STATUS 2 1 121
129.75 8 ESTIMATOR 0. 0. 0. 0. 0.
129.77 8 BAT 0 121 0 0 51 0 0
129.80 8 CALIBRATION 0. 0.02 0.5 0
129.83 8 NAVIGATION 0 1 0 0 286 0. 140.5
129.87 8 GPS 0 0 0 0 0 0 0 48500 0 0
129.90 8 WP_MOVED 0 497617. 3565540. 770.
129.91 8 SERVO 9600 -9600 0
129.94 8 ENOSE_STATUS 2175 44 949 4.676174 18.762846 1.341646 237
130.02 8 NAVIGATION 0 1 0 0 286 0. 140.5
130.06 8 ATTITUDE 1 0 -41
130.09 8 GPS 0 0 0 0 0 0 0 48748 0 0
130.12 8 ENOSE_STATUS 2205 40 960 4.598948 20.73913 1.314815 237
130.15 8 ESTIMATOR 0. 0. 0. 0. 0.
130.21 8 DL_VALUE 19 473.
130.26 8 NAVIGATION 0 1 0 0 286 0. 140.5
130.34 8 GPS 0 0 0 0 0 0 0 49000 0 0
130.34 8 DOWNLINK_STATUS 129 23409 1378 0 497. 29.
130.36 8 WP_MOVED 1 497586.6875 3565500. 770.
130.39 8 RAD_OF_IR 7 0 0.00211
130.41 8 ENOSE_STATUS 2205 40 960 4.598948 20.73913 1.314815 237
130.43 8 IR_SENSORS -941 6 1
130.48 8 COMMANDS 0,-9600,9600,-9600
130.51 8 NAVIGATION 0 1 0 0 286 0. 140.5
130.54 8 ATTITUDE 1 0 -41
130.57 8 GYRO_RATES -177 -112 -181 1.544616 -0.977384 1.579523
130.59 8 ENOSE_STATUS 2205 40 960 4.598948 20.73913 1.314815 237
130.65 8 GPS 0 0 0 0 0 0 0 49248 0 0
130.65 8 FBW_STATUS 2 1 121
130.69 8 ESTIMATOR 0. 0. 0. 0. 0.
130.74 8 NAVIGATION 0 1 0 0 286 0. 140.5
130.78 8 WP_MOVED 2 497622.6875 3565498.5 770.
130.82 8 ENOSE_STATUS 2246 47 979 4.496741 17.501387 1.26989 237
130.87 8 GPS 0 0 0 0 0 0 0 49500 0 0
130.90 8 DESIRED 0. 0. 0. 0. 761. 0.
130.96 8 NAVIGATION 0 1 0 0 286 0. 140.5
131.00 8 ATTITUDE 1 0 -41
131.03 8 ENOSE_STATUS 2246 47 979 4.496741 17.501387 1.26989 237
131.08 8 GPS 0 0 0 0 0 0 0 49748 0 0
131.14 8 ESTIMATOR 0. 0. 0. 0. 0.
131.15 8 DL_VALUE 20 0.
131.23 8 NAVIGATION 0 1 0 0 286 0. 140.5
131.25 8 WP_MOVED 3 497546.40625 3565495.5 770.
131.28 8 RAD_OF_IR 6 0 0.00211
131.31 8 ENOSE_STATUS 2246 47 979 4.496741 17.501387 1.26989 237
131.33 8 DOWNLINK_STATUS 130 23869 1405 0 460. 27.
131.35 8 GPS 0 0 0 0 0 0 0 50000 0 0
131.37 8 IR_SENSORS -941 6 1
131.41 8 COMMANDS 0,-9600,9600,-9600
131.45 8 NAVIGATION 0 1 0 0 286 0. 140.5
131.49 8 ATTITUDE 1 0 -41
131.50 8 GYRO_RATES -178 -112 -181 1.553343 -0.977384 1.579523
131.53 8 ENOSE_STATUS 2284 44 990 4.405288 18.762846 1.244669 237
131.55 8 FBW_STATUS 2 1 121
131.58 8 ESTIMATOR 0. 0. 0. 0. 0.
131.61 8 BAT 0 121 0 0 53 0 0
131.65 8 GPS 0 0 0 0 0 0 0 50248 0 0
131.68 8 CALIBRATION 0. 0.02 0.5 0
131.70 8 NAVIGATION 0 1 0 0 286 0. 140.5
131.72 8 WP_MOVED 4 497575. 3565498. 0.
131.75 8 SERVO 9600 -9600 0
131.77 8 ENOSE_STATUS 2284 44 990 4.405288 18.762846 1.244669 237
131.83 8 GPS 0 0 0 0 0 0 0 50500 0 0
131.86 8 DESIRED 0. 0. 0. 0. 761. 0.
131.88 8 IR_DEBUG 678 668 678 668
131.91 8 NAVIGATION 0 1 0 0 286 0. 140.5
131.93 8 ATTITUDE 1 0 -41
131.97 8 ENOSE_STATUS 2284 44 990 4.405288 18.762846 1.244669 237
132.01 8 ESTIMATOR 0. 0. 0. 0. 0.
132.07 8 GPS 0 0 0 0 0 0 0 50748 0 0
132.09 8 DL_VALUE 21 0.75
132.13 8 NAVIGATION 0 1 0 0 286 0. 140.5
132.19 8 WP_MOVED 0 497617. 3565540. 770.
132.21 8 RAD_OF_IR 6 0 0.00211
132.23 8 NAVIGATION_REF 497575 3565498 12
132.27 8 ENOSE_STATUS 2284 44 990 4.405288 18.762846 1.244669 237
132.28 8 IR_SENSORS -941 6 1
132.33 8 DOWNLINK_STATUS 131 24376 1436 0 507. 31.
132.35 8 GPS 0 0 0 0 0 0 0 51000 0 0
132.35 8 COMMANDS 0,-9600,9600,-9600
132.39 8 NAVIGATION 0 1 0 0 286 0. 140.5
132.41 8 ATTITUDE 1 0 -41
132.44 8 GYRO_RATES -178 -112 -181 1.553343 -0.977384 1.579523
132.47 8 ENOSE_STATUS 2284 44 990 4.405288 18.762846 1.244669 237
132.50 8 FBW_STATUS 2 1 121
132.52 8 ESTIMATOR 0. 0. 0. 0. 0.
132.54 8 ACTUATORS 1500,1000,0,1200,1000
132.59 8 GPS 0 0 0 0 0 0 0 51248 0 0
132.62 8 NAVIGATION 0 1 0 0 286 0. 140.5
132.65 8 WP_MOVED 1 497586.6875 3565500. 770.
132.70 8 ENOSE_STATUS 2284 44 990 4.405288 18.762846 1.244669 237
132.78 8 DESIRED 0. 0. 0. 0. 761. 0.
132.82 8 GPS 0 0 0 0 0 0 0 51500 0 0
132.85 8 NAVIGATION 0 1 0 0 286 0. 140.5
132.87 8 ATTITUDE 1 0 -41
132.89 8 PPRZ_MODE 2 0 3 0 0 6 0
132.92 8 ENOSE_STATUS 2325 47 997 4.309969 17.501387 1.228909 237
132.96 8 ESTIMATOR 0. 0. 0. 0. 0.
133.01 8 DL_VALUE 22 20000.
133.09 8 GPS 0 0 0 0 0 0 0 51748 0 0
133.10 8 NAVIGATION 0 1 0 0 286 0. 140.5
133.13 8 WP_MOVED 2 497622.6875 3565498.5 770.
133.15 8 RAD_OF_IR 7 0 0.00211
133.18 8 ENOSE_STATUS 2325 47 997 4.309969 17.501387 1.228909 237
133.20 8 IR_SENSORS -941 6 1
133.29 8 COMMANDS 0,-9600,9600,-9600
133.32 8 NAVIGATION 0 1 0 0 286 0. 140.5
133.33 8 DOWNLINK_STATUS 132 24868 1465 0 492. 29.
133.37 8 GPS 0 0 0 0 0 0 0 52000 0 0
133.39 8 ATTITUDE 1 0 -41
133.42 8 GYRO_RATES -178 -113 -181 1.553343 -0.986111 1.579523
133.46 8 ENOSE_STATUS 2325 47 997 4.309969 17.501387 1.228909 237
133.48 8 FBW_STATUS 2 1 121
133.50 8 ESTIMATOR 0. 0. 0. 0. 0.
133.52 8 BAT 0 121 0 0 55 0 0
133.55 8 CALIBRATION 0. 0.02 0.5 0
133.58 8 NAVIGATION 0 1 0 0 286 0. 140.5
133.61 8 GPS 0 0 0 0 0 0 0 52248 0 0
133.64 8 WP_MOVED 3 497546.40625 3565495.5 770.
133.66 8 SERVO 9600 -9600 0
133.69 8 ENOSE_STATUS 2321 40 1005 4.31912 20.73913 1.211167 237
133.72 8 DESIRED 0. 0. 0. 0. 761. 0.
133.74 8 IR_DEBUG 678 668 678 668
133.77 8 NAVIGATION 0 1 0 0 286 0. 140.5
133.79 8 ATTITUDE 1 0 -41
133.84 8 GPS 0 0 0 0 0 0 0 52500 0 0
133.87 8 ENOSE_STATUS 2321 40 1005 4.31912 20.73913 1.211167 237
133.91 8 ESTIMATOR 0. 0. 0. 0. 0.
133.95 8 DL_VALUE 23 20000.
134.01 8 NAVIGATION 0 1 0 0 286 0. 140.5
134.07 8 GPS 0 0 0 0 0 0 0 52748 0 0
134.10 8 WP_MOVED 4 497575. 3565498. 0.
134.13 8 RAD_OF_IR 7 0 0.00211
134.15 8 ENOSE_STATUS 2321 40 1005 4.31912 20.73913 1.211167 237
134.17 8 IR_SENSORS -941 6 1
134.23 8 COMMANDS 0,-9600,9600,-9600
134.26 8 NAVIGATION 0 1 0 0 286 0. 140.5
134.28 8 ATTITUDE 1 0 -41
134.32 8 GYRO_RATES -178 -113 -181 1.553343 -0.986111 1.579523
134.34 8 DOWNLINK_STATUS 133 25384 1496 0 516. 31.
134.34 8 ENOSE_STATUS 2355 47 1008 4.242326 17.501387 1.204586 237
134.39 8 GPS 0 0 0 0 0 0 0 53000 0 0
134.41 8 FBW_STATUS 2 1 121
134.43 8 ESTIMATOR 0. 0. 0. 0. 0.
134.47 8 NAVIGATION 0 1 0 0 286 0. 140.5
134.53 8 WP_MOVED 0 497617. 3565540. 770.
134.57 8 ENOSE_STATUS 2355 47 1008 4.242326 17.501387 1.204586 237
134.62 8 GPS 0 0 0 0 0 0 0 53248 0 0
134.65 8 DESIRED 0. 0. 0. 0. 761. 0.
134.71 8 NAVIGATION 0 1 0 0 286 0. 140.5
134.73 8 ATTITUDE 1 0 -41
134.78 8 ENOSE_STATUS 2355 47 1008 4.242326 17.501387 1.204586 237
134.82 8 GPS 0 0 0 0 0 0 0 53500 0 0
134.86 8 ESTIMATOR 0. 0. 0. 0. 0.
134.89 8 DL_VALUE 24 0.75
134.95 8 NAVIGATION 0 1 0 0 286 0. 140.5
134.99 8 WP_MOVED 1 497586.6875 3565500. 770.
135.03 8 RAD_OF_IR 7 0 0.00211
135.06 8 ENOSE_STATUS 2370 40 1023 4.209147 20.73913 1.17226 237
135.10 8 GPS 0 0 0 0 0 0 0 53748 0 0
135.12 8 IR_SENSORS -941 6 1
135.16 8 COMMANDS 0,-9600,9600,-9600
135.20 8 NAVIGATION 0 1 0 0 286 0. 140.5
135.22 8 ATTITUDE 1 0 -41
135.25 8 GYRO_RATES -177 -112 -180 1.544616 -0.977384 1.570796
135.29 8 ENOSE_STATUS 2370 40 1023 4.209147 20.73913 1.17226 237
135.29 8 FBW_STATUS 2 1 121
135.33 8 ESTIMATOR 0. 0. 0. 0. 0.
135.34 8 DOWNLINK_STATUS 134 25873 1524 0 489. 28.
135.35 8 BAT 0 121 0 0 57 0 0
135.41 8 GPS 0 0 0 0 0 0 0 54000 0 0
135.42 8 CALIBRATION 0. 0.02 0.5 0
135.45 8 NAVIGATION 0 1 0 0 286 0. 140.5
135.47 8 WP_MOVED 2 497622.6875 3565498.5 770.
135.51 8 SERVO 9600 -9600 0
135.53 8 ENOSE_STATUS 2370 40 1023 4.209147 20.73913 1.17226 237
135.58 8 GPS 0 0 0 0 0 0 0 54248 0 0
135.61 8 DESIRED 0. 0. 0. 0. 761. 0.
135.63 8 IR_DEBUG 678 668 678 668
135.66 8 NAVIGATION 0 1 0 0 286 0. 140.5
135.67 8 ATTITUDE 1 0 -41
135.71 8 ENOSE_STATUS 2388 51 1046 4.169882 16.050299 1.124496 237
135.77 8 ESTIMATOR 0. 0. 0. 0. 0.
135.83 8 GPS 0 0 0 0 0 0 0 54500 0 0
135.84 8 DL_VALUE 25 20000.
135.88 8 NAVIGATION 0 1 0 0 286 0. 140.5
135.93 8 WP_MOVED 3 497546.40625 3565495.5 770.
135.96 8 RAD_OF_IR 6 0 0.00211
136.00 8 ENOSE_STATUS 2388 51 1046 4.169882 16.050299 1.124496 237
136.03 8 IR_SENSORS -941 6 1
136.08 8 GPS 0 0 0 0 0 0 0 54748 0 0
136.10 8 COMMANDS 0,-9600,9600,-9600
136.14 8 NAVIGATION 0 1 0 0 286 0. 140.5
136.15 8 ATTITUDE 1 0 -41
136.20 8 GYRO_RATES -177 -112 -180 1.544616 -0.977384 1.570796
136.22 8 ENOSE_STATUS 2388 51 1046 4.169882 16.050299 1.124496 237
136.23 8 FBW_STATUS 2 1 121
136.27 8 ESTIMATOR 0. 0. 0. 0. 0.
136.33 8 GPS 0 0 0 0 0 0 0 55000 0 0
136.34 8 DOWNLINK_STATUS 135 26388 1554 0 515. 30.
136.38 8 NAVIGATION 0 1 0 0 286 0. 140.5
136.42 8 WP_MOVED 4 497575. 3565498. 0.
136.46 8 ENOSE_STATUS 2414 51 1050 4.1142 16.050299 1.116402 237
136.54 8 DESIRED 0. 0. 0. 0. 761. 0.
136.57 8 GPS 0 0 0 0 0 0 0 55248 0 0
136.60 8 NAVIGATION 0 1 0 0 286 0. 140.5
136.61 8 ATTITUDE 1 0 -41
136.65 8 ENOSE_STATUS 2414 51 1050 4.1142 16.050299 1.116402 237
136.70 8 ESTIMATOR 0. 0. 0. 0. 0.
136.76 8 DL_VALUE 26 20000.
136.83 8 GPS 0 0 0 0 0 0 0 55500 0 0
136.86 8 NAVIGATION 0 1 0 0 286 0. 140.5
136.88 8 WP_MOVED 0 497617. 3565540. 770.
136.90 8 RAD_OF_IR 6 0 0.00211
136.96 8 ENOSE_STATUS 2414 51 1050 4.1142 16.050299 1.116402 237
136.96 8 IR_SENSORS -941 6 1
137.04 8 COMMANDS 0,-9600,9600,-9600
137.08 8 NAVIGATION 0 1 0 0 286 0. 140.5
137.12 8 GPS 0 0 0 0 0 0 0 55748 0 0
137.15 8 ATTITUDE 1 0 -41
137.17 8 GYRO_RATES -177 -112 -181 1.544616 -0.977384 1.579523
137.19 8 ENOSE_STATUS 2444 59 1053 4.051424 13.738393 1.110372 237
137.22 8 FBW_STATUS 2 1 121
137.25 8 ESTIMATOR 0. 0. 0. 0. 0.
137.28 8 BAT 0 121 0 0 59 0 0
137.29 8 ACTUATORS 1500,1000,0,1200,1000
137.32 8 CALIBRATION 0. 0.02 0.5 0
137.34 8 DOWNLINK_STATUS 136 26844 1581 0 456. 27.
137.36 8 NAVIGATION 0 1 0 0 286 0. 140.5
137.39 8 GPS 0 0 0 0 0 0 0 56000 0 0
137.42 8 WP_MOVED 1 497586.6875 3565500. 770.
137.43 8 SERVO 9600 -9600 0
137.47 8 ENOSE_STATUS 2444 59 1053 4.051424 13.738393 1.110372 237
137.51 8 DESIRED 0. 0. 0. 0. 761. 0.
137.52 8 IR_DEBUG 677 668 677 668
137.55 8 NAVIGATION 0 1 0 0 286 0. 140.5
137.57 8 ATTITUDE 1 0 -41
137.60 8 PPRZ_MODE 2 0 3 0 0 6 0
137.63 8 GPS 0 0 0 0 0 0 0 56248 0 0
137.66 8 ENOSE_STATUS 2444 59 1053 4.051424 13.738393 1.110372 237
137.69 8 ESTIMATOR 0. 0. 0. 0. 0.
137.70 8 DL_VALUE 27 0.75
137.75 8 NAVIGATION 0 1 0 0 286 0. 140.5
137.83 8 GPS 0 0 0 0 0 0 0 56500 0 0
137.85 8 WP_MOVED 2 497622.6875 3565498.5 770.
137.87 8 RAD_OF_IR 7 0 0.00211
137.91 8 ENOSE_STATUS 2452 47 1061 4.034943 17.501387 1.09446 237
137.92 8 IR_SENSORS -942 7 1
138.00 8 COMMANDS 0,-9600,9600,-9600
138.02 8 NAVIGATION 0 1 0 0 286 0. 140.5
138.03 8 ATTITUDE 1 0 -41
138.07 8 GYRO_RATES -178 -112 -181 1.553343 -0.977384 1.579523
138.09 8 ENOSE_STATUS 2452 47 1061 4.034943 17.501387 1.09446 237
138.15 8 GPS 0 0 0 0 0 0 0 56748 0 0
138.15 8 FBW_STATUS 2 1 121
138.19 8 ESTIMATOR 0. 0. 0. 0. 0.
138.23 8 NAVIGATION 0 1 0 0 286 0. 140.5
138.29 8 WP_MOVED 3 497546.40625 3565495.5 770.
138.32 8 ENOSE_STATUS 2452 47 1061 4.034943 17.501387 1.09446 237
138.34 8 DOWNLINK_STATUS 137 27366 1612 0 522. 31.
138.37 8 GPS 0 0 0 0 0 0 0 57000 0 0
138.40 8 DESIRED 0. 0. 0. 0. 761. 0.
138.46 8 NAVIGATION 0 1 0 0 286 0. 140.5
138.49 8 ATTITUDE 1 0 -41
138.53 8 ENOSE_STATUS 2482 44 1083 3.974085 18.762846 1.051913 237
138.58 8 GPS 0 0 0 0 0 0 0 57248 0 0
138.61 8 ESTIMATOR 0. 0. 0. 0. 0.
138.63 8 DL_VALUE 28 10000.
138.69 8 NAVIGATION 0 1 0 0 286 0. 140.5
138.75 8 WP_MOVED 4 497575. 3565498. 0.
138.77 8 RAD_OF_IR 5 0 0.00211
138.82 8 ENOSE_STATUS 2482 44 1083 3.974085 18.762846 1.051913 237
138.85 8 GPS 0 0 0 0 0 0 0 57500 0 0
138.88 8 IR_SENSORS -940 6 1
138.91 8 COMMANDS 0,-9600,9600,-9600
138.95 8 NAVIGATION 0 1 0 0 286 0. 140.5
138.97 8 ATTITUDE 1 0 -41
139.03 8 GYRO_RATES -178 -112 -181 1.553343 -0.977384 1.579523
139.06 8 ENOSE_STATUS 2482 44 1083 3.974085 18.762846 1.051913 237
139.06 8 FBW_STATUS 2 1 121
139.08 8 ESTIMATOR 0. 0. 0. 0. 0.
139.11 8 BAT 0 121 0 0 61 1 0
139.15 8 GPS 0 0 0 0 0 0 0 57748 0 0
139.17 8 CALIBRATION 0. 0.02 0.5 0
139.20 8 NAVIGATION 0 1 0 0 286 0. 140.5
139.22 8 WP_MOVED 0 497617. 3565540. 770.
139.24 8 SERVO 9600 -9600 0
139.28 8 ENOSE_STATUS 2482 44 1083 3.974085 18.762846 1.051913 237
139.34 8 GPS 0 0 0 0 0 0 0 58000 0 0
139.34 8 DOWNLINK_STATUS 138 27871 1641 0 505. 29.
139.37 8 DESIRED 0. 0. 0. 0. 761. 0.
139.39 8 IR_DEBUG 678 668 678 668
139.42 8 NAVIGATION 0 1 0 0 286 0. 140.5
139.44 8 ATTITUDE 1 0 -41
139.47 8 ENOSE_STATUS 2482 44 1083 3.974085 18.762846 1.051913 237
139.51 8 ESTIMATOR 0. 0. 0. 0. 0.
139.59 8 GPS 0 0 0 0 0 0 0 58248 0 0
139.60 8 DL_VALUE 29 10000.
139.63 8 NAVIGATION 0 1 0 0 286 0. 140.5
139.68 8 WP_MOVED 1 497586.6875 3565500. 770.
139.71 8 RAD_OF_IR 7 0 0.00211
139.75 8 ENOSE_STATUS 2482 44 1083 3.974085 18.762846 1.051913 237
139.77 8 IR_SENSORS -942 7 1
139.84 8 GPS 0 0 0 0 0 0 0 58500 0 0
139.85 8 COMMANDS 0,-9600,9600,-9600
139.89 8 NAVIGATION 0 1 0 0 286 0. 140.5
139.91 8 ATTITUDE 1 0 -41
139.94 8 GYRO_RATES -178 -112 -181 1.553343 -0.977384 1.579523
139.98 8 ENOSE_STATUS 2519 55 1087 3.901024 14.810275 1.044363 237
140.00 8 FBW_STATUS 2 1 121
140.04 8 ESTIMATOR 0. 0. 0. 0. 0.
140.07 8 GPS 0 0 0 0 0 0 0 58748 0 0
140.11 8 NAVIGATION 0 1 0 0 286 0. 140.5
140.15 8 WP_MOVED 2 497622.6875 3565498.5 770.
140.21 8 ENOSE_STATUS 2519 55 1087 3.901024 14.810275 1.044363 237
140.28 8 DESIRED 0. 0. 0. 0. 761. 0.
140.34 8 GPS 0 0 0 0 0 0 0 59000 0 0
140.35 8 DOWNLINK_STATUS 139 28348 1668 0 477. 27.
140.36 8 NAVIGATION 0 1 0 0 286 0. 140.5
140.38 8 ATTITUDE 1 0 -41
140.41 8 ENOSE_STATUS 2519 55 1087 3.901024 14.810275 1.044363 237
140.46 8 ESTIMATOR 0. 0. 0. 0. 0.
140.52 8 DL_VALUE 30 0.3
140.58 8 GPS 0 0 0 0 0 0 0 59248 0 0
140.60 8 NAVIGATION 0 1 0 0 286 0. 140.5
140.63 8 WP_MOVED 3 497546.40625 3565495.5 770.
140.65 8 RAD_OF_IR 6 0 0.00211
140.67 8 NAVIGATION_REF 497575 3565498 12
140.70 8 ENOSE_STATUS 2538 47 1102 3.864334 17.501387 1.016536 237
140.74 8 IR_SENSORS -940 6 1
140.79 8 COMMANDS 0,-9600,9600,-9600
140.83 8 NAVIGATION 0 1 0 0 286 0. 140.5
140.87 8 GPS 0 0 0 0 0 0 0 59500 0 0
140.89 8 ATTITUDE 1 0 -41
140.92 8 GYRO_RATES -178 -113 -181 1.553343 -0.986111 1.579523
140.95 8 ENOSE_STATUS 2538 47 1102 3.864334 17.501387 1.016536 237
140.97 8 FBW_STATUS 2 1 121
141.00 8 ESTIMATOR 0. 0. 0. 0. 0.
141.03 8 BAT 0 121 0 0 63 1 0
141.05 8 CALIBRATION 0. 0.02 0.5 0
141.07 8 NAVIGATION 0 1 0 0 286 0. 140.5
141.12 8 GPS 0 0 0 0 0 0 0 59748 0 0
141.14 8 WP_MOVED 4 497575. 3565498. 0.
141.15 8 SERVO 9600 -9600 0
141.19 8 ENOSE_STATUS 2538 47 1102 3.864334 17.501387 1.016536 237
141.22 8 DESIRED 0. 0. 0. 0. 761. 0.
141.24 8 IR_DEBUG 678 669 678 669
141.27 8 NAVIGATION 0 1 0 0 286 0. 140.5
141.29 8 ATTITUDE 1 0 -41
141.34 8 GPS 0 0 0 0 0 0 0 60000 0 0
141.36 8 DOWNLINK_STATUS 140 28873 1700 0 525. 32.
141.37 8 ENOSE_STATUS 2571 55 1121 3.801898 14.810275 0.982357 237
141.40 8 ESTIMATOR 0. 0. 0. 0. 0.
141.45 8 DL_VALUE 31 0.36
141.51 8 NAVIGATION 0 1 0 0 286 0. 140.5
141.58 8 GPS 0 0 0 0 0 0 0 60248 0 0
141.60 8 WP_MOVED 0 497617. 3565540. 770.
141.61 8 RAD_OF_IR 7 0 0.00211
141.65 8 ENOSE_STATUS 2571 55 1121 3.801898 14.810275 0.982357 237
141.67 8 IR_SENSORS -942 6 1
141.73 8 COMMANDS 0,-9600,9600,-9600
141.76 8 NAVIGATION 0 1 0 0 286 0. 140.5
141.78 8 ATTITUDE 1 0 -41
141.82 8 GYRO_RATES -178 -113 -181 1.553343 -0.986111 1.579523
141.84 8 ENOSE_STATUS 2571 55 1121 3.801898 14.810275 0.982357 237
141.89 8 GPS 0 0 0 0 0 0 0 60500 0 0
141.90 8 FBW_STATUS 2 1 121
141.94 8 ESTIMATOR 0. 0. 0. 0. 0.
141.95 8 ACTUATORS 1500,1000,0,1200,1000
141.99 8 NAVIGATION 0 1 0 0 286 0. 140.5
142.04 8 WP_MOVED 1 497586.6875 3565500. 770.
142.07 8 ENOSE_STATUS 2590 51 1139 3.766671 16.050299 0.951029 237
142.11 8 GPS 0 0 0 0 0 0 0 60748 0 0
142.16 8 DESIRED 0. 0. 0. 0. 761. 0.
142.21 8 NAVIGATION 0 1 0 0 286 0. 140.5
142.22 8 ATTITUDE 1 0 -41
142.26 8 PPRZ_MODE 2 0 3 0 0 6 0
142.28 8 ENOSE_STATUS 2590 51 1139 3.766671 16.050299 0.951029 237
142.34 8 GPS 0 0 0 0 0 0 0 61000 0 0
142.36 8 DOWNLINK_STATUS 141 29357 1728 0 484. 28.
142.37 8 ESTIMATOR 0. 0. 0. 0. 0.
142.40 8 DL_VALUE 32 0.01
142.44 8 NAVIGATION 0 1 0 0 286 0. 140.5
142.50 8 WP_MOVED 2 497622.6875 3565498.5 770.
142.53 8 RAD_OF_IR 7 0 0.00211
142.56 8 ENOSE_STATUS 2590 51 1139 3.766671 16.050299 0.951029 237
142.60 8 GPS 0 0 0 0 0 0 0 61248 0 0
142.63 8 IR_SENSORS -941 6 1
142.66 8 COMMANDS 0,-9600,9600,-9600
142.70 8 NAVIGATION 0 1 0 0 286 0. 140.5
142.73 8 ATTITUDE 1 0 -41
142.75 8 GYRO_RATES -177 -112 -180 1.544616 -0.977384 1.570796
142.78 8 ENOSE_STATUS 2616 55 1162 3.719296 14.810275 0.912412 237
142.80 8 FBW_STATUS 2 1 121
142.83 8 ESTIMATOR 0. 0. 0. 0. 0.
142.87 8 BAT 0 121 0 0 65 1 0
142.90 8 GPS 0 0 0 0 0 0 0 61500 0 0
142.92 8 CALIBRATION 0. 0.02 0.5 0
142.96 8 NAVIGATION 0 1 0 0 286 0. 140.5
142.98 8 WP_MOVED 3 497546.40625 3565495.5 770.
142.99 8 SERVO 9600 -9600 0
143.03 8 ENOSE_STATUS 2616 55 1162 3.719296 14.810275 0.912412 237
143.07 8 GPS 0 0 0 0 0 0 0 61748 0 0
143.11 8 DESIRED 0. 0. 0. 0. 761. 0.
143.13 8 IR_DEBUG 678 668 678 668
143.17 8 NAVIGATION 0 1 0 0 286 0. 140.5
143.18 8 ATTITUDE 1 0 -41
143.21 8 ENOSE_STATUS 2616 55 1162 3.719296 14.810275 0.912412 237
143.26 8 ESTIMATOR 0. 0. 0. 0. 0.
143.33 8 GPS 0 0 0 0 0 0 0 62000 0 0
143.35 8 DL_VALUE 0 761.
143.35 8 DOWNLINK_STATUS 142 29874 1759 0 517. 31.
143.38 8 NAVIGATION 0 1 0 0 286 0. 140.5
143.43 8 WP_MOVED 4 497575. 3565498. 0.
143.45 8 RAD_OF_IR 6 0 0.00211
143.51 8 ENOSE_STATUS 2665 59 1162 3.632525 13.738393 0.912412 237
143.55 8 IR_SENSORS -941 6 1
143.57 8 GPS 0 0 0 0 0 0 0 62248 0 0
143.60 8 COMMANDS 0,-9600,9600,-9600
143.65 8 NAVIGATION 0 1 0 0 286 0. 140.5
143.65 8 ATTITUDE 1 0 -41
143.69 8 GYRO_RATES -177 -112 -180 1.544616 -0.977384 1.570796
143.72 8 ENOSE_STATUS 2665 59 1162 3.632525 13.738393 0.912412 237
143.74 8 FBW_STATUS 2 1 121
143.77 8 ESTIMATOR 0. 0. 0. 0. 0.
143.83 8 GPS 0 0 0 0 0 0 0 62500 0 0
143.85 8 NAVIGATION 0 1 0 0 286 0. 140.5
143.91 8 WP_MOVED 0 497617. 3565540. 770.
143.94 8 ENOSE_STATUS 2665 59 1162 3.632525 13.738393 0.912412 237
144.04 8 DESIRED 0. 0. 0. 0. 761. 0.
144.07 8 GPS 0 0 0 0 0 0 0 62748 0 0
144.10 8 NAVIGATION 0 1 0 0 286 0. 140.5
144.12 8 ATTITUDE 1 0 -41
144.15 8 ENOSE_STATUS 2702 44 1184 3.569089 18.762846 0.876877 237
144.21 8 ESTIMATOR 0. 0. 0. 0. 0.
144.26 8 DL_VALUE 1 1.
144.33 8 GPS 0 0 0 0 0 0 0 63000 0 0
144.35 8 DOWNLINK_STATUS 143 30315 1784 0 441. 25.
144.38 8 NAVIGATION 0 1 0 0 286 0. 140.5
144.39 8 WP_MOVED 1 497586.6875 3565500. 770.
144.41 8 RAD_OF_IR 6 0 0.00211
144.43 8 ENOSE_STATUS 2702 44 1184 3.569089 18.762846 0.876877 237
144.46 8 IR_SENSORS -942 7 1
144.54 8 COMMANDS 0,-9600,9600,-9600
144.59 8 NAVIGATION 0 1 0 0 286 0. 140.5
144.62 8 GPS 0 0 0 0 0 0 0 63248 0 0
144.64 8 ATTITUDE 1 0 -41
144.68 8 GYRO_RATES -177 -112 -181 1.544616 -0.977384 1.579523
144.69 8 ENOSE_STATUS 2702 44 1184 3.569089 18.762846 0.876877 237
144.71 8 FBW_STATUS 2 1 121
144.75 8 ESTIMATOR 0. 0. 0. 0. 0.
144.77 8 BAT 0 121 0 0 66 0 0
144.79 8 CALIBRATION 0. 0.02 0.5 0
144.83 8 NAVIGATION 0 1 0 0 286 0. 140.5
144.86 8 GPS 0 0 0 0 0 0 0 63500 0 0
144.89 8 WP_MOVED 2 497622.6875 3565498.5 770.
144.91 8 SERVO 9600 -9600 0
144.94 8 ENOSE_STATUS 2714 47 1188 3.548887 17.501387 0.870557 237
144.97 8 DESIRED 0. 0. 0. 0. 761. 0.
144.99 8 IR_DEBUG 676 667 676 667
145.03 8 NAVIGATION 0 1 0 0 286 0. 140.5
145.06 8 ATTITUDE 1 0 -41
145.09 8 GPS 0 0 0 0 0 0 0 63748 0 0
145.12 8 ENOSE_STATUS 2714 47 1188 3.548887 17.501387 0.870557 237
145.15 8 ESTIMATOR 0. 0. 0. 0. 0.
145.19 8 DL_VALUE 2 0.
145.25 8 NAVIGATION 0 1 0 0 286 0. 140.5
145.33 8 GPS 0 0 0 0 0 0 0 64000 0 0
145.35 8 DOWNLINK_STATUS 144 30821 1814 0 506. 30.
145.36 8 WP_MOVED 3 497546.40625 3565495.5 770.
145.38 8 RAD_OF_IR 7 0 0.00211
145.41 8 ENOSE_STATUS 2714 47 1188 3.548887 17.501387 0.870557 237
145.44 8 IR_SENSORS -940 7 1
145.47 8 COMMANDS 0,-9600,9600,-9600
145.52 8 NAVIGATION 0 1 0 0 286 0. 140.5
145.55 8 ATTITUDE 1 0 -41
145.57 8 GYRO_RATES -177 -112 -181 1.544616 -0.977384 1.579523
145.61 8 ENOSE_STATUS 2714 47 1188 3.548887 17.501387 0.870557 237
145.64 8 GPS 0 0 0 0 0 0 0 64248 0 0
145.67 8 FBW_STATUS 2 1 121
145.68 8 ESTIMATOR 0. 0. 0. 0. 0.
145.72 8 NAVIGATION 0 1 0 0 286 0. 140.5
145.77 8 WP_MOVED 4 497575. 3565498. 0.
145.82 8 ENOSE_STATUS 2714 47 1188 3.548887 17.501387 0.870557 237
145.86 8 GPS 0 0 0 0 0 0 0 64500 0 0
145.90 8 DESIRED 0. 0. 0. 0. 761. 0.
145.96 8 NAVIGATION 0 1 0 0 286 0. 140.5
145.97 8 ATTITUDE 1 0 -41
146.03 8 ENOSE_STATUS 2714 47 1188 3.548887 17.501387 0.870557 237
146.08 8 GPS 0 0 0 0 0 0 0 64748 0 0
146.11 8 ESTIMATOR 0. 0. 0. 0. 0.
146.13 8 DL_VALUE 3 0.
146.19 8 NAVIGATION 0 1 0 0 286 0. 140.5
146.25 8 WP_MOVED 0 497617. 3565540. 770.
146.27 8 RAD_OF_IR 6 0 0.00211
146.32 8 ENOSE_STATUS 2747 66 1207 3.494241 12.175231 0.841112 237
146.35 8 GPS 0 0 0 0 0 0 0 65000 0 0
146.35 8 DOWNLINK_STATUS 145 31308 1842 0 487. 28.
146.37 8 IR_SENSORS -941 6 1
146.41 8 COMMANDS 0,-9600,9600,-9600
146.45 8 NAVIGATION 0 1 0 0 286 0. 140.5
146.47 8 ATTITUDE 1 0 -41
146.52 8 GYRO_RATES -178 -112 -181 1.553343 -0.977384 1.579523
146.55 8 ENOSE_STATUS 2747 66 1207 3.494241 12.175231 0.841112 237
146.55 8 FBW_STATUS 2 1 121
146.58 8 ESTIMATOR 0. 0. 0. 0. 0.
146.60 8 BAT 0 121 0 0 68 0 0
146.65 8 GPS 0 0 0 0 0 0 0 65248 0 0
146.67 8 ACTUATORS 1500,1000,0,1200,1000
146.70 8 CALIBRATION 0. 0.02 0.5 0
146.72 8 NAVIGATION 0 1 0 0 286 0. 140.5
146.75 8 WP_MOVED 1 497586.6875 3565500. 770.
146.76 8 SERVO 9600 -9600 0
146.80 8 ENOSE_STATUS 2747 66 1207 3.494241 12.175231 0.841112 237
146.83 8 GPS 0 0 0 0 0 0 0 65500 0 0
146.88 8 DESIRED 0. 0. 0. 0. 761. 0.
146.89 8 IR_DEBUG 677 668 677 668
146.92 8 NAVIGATION 0 1 0 0 286 0. 140.5
146.95 8 ATTITUDE 1 0 -41
146.97 8 PPRZ_MODE 2 0 3 0 0 6 0
146.99 8 ENOSE_STATUS 2751 51 1218 3.487706 16.050299 0.824485 237
147.03 8 ESTIMATOR 0. 0. 0. 0. 0.
147.08 8 GPS 0 0 0 0 0 0 0 65748 0 0
147.09 8 DL_VALUE 4 2.
147.13 8 NAVIGATION 0 1 0 0 286 0. 140.5
147.18 8 WP_MOVED 2 497622.6875 3565498.5 770.
147.22 8 RAD_OF_IR 6 0 0.00211
147.24 8 ENOSE_STATUS 2751 51 1218 3.487706 16.050299 0.824485 237
147.27 8 IR_SENSORS -942 7 1
147.33 8 GPS 0 0 0 0 0 0 0 66000 0 0
147.35 8 DOWNLINK_STATUS 146 31826 1874 0 518. 32.
147.36 8 COMMANDS 0,-9600,9600,-9600
147.39 8 NAVIGATION 0 1 0 0 286 0. 140.5
147.41 8 ATTITUDE 1 0 -41
147.43 8 GYRO_RATES -178 -112 -181 1.553343 -0.977384 1.579523
147.48 8 ENOSE_STATUS 2751 51 1218 3.487706 16.050299 0.824485 237
147.50 8 FBW_STATUS 2 1 121
147.52 8 ESTIMATOR 0. 0. 0. 0. 0.
147.57 8 GPS 0 0 0 0 0 0 0 66248 0 0
147.60 8 NAVIGATION 0 1 0 0 286 0. 140.5
147.66 8 WP_MOVED 3 497546.40625 3565495.5 770.
147.69 8 ENOSE_STATUS 2773 51 1237 3.452102 16.050299 0.796461 237
147.77 8 DESIRED 0. 0. 0. 0. 761. 0.
147.83 8 GPS 0 0 0 0 0 0 0 66500 0 0
147.85 8 NAVIGATION 0 1 0 0 286 0. 140.5
147.86 8 ATTITUDE 1 0 -41
147.92 8 ENOSE_STATUS 2773 51 1237 3.452102 16.050299 0.796461 237
147.95 8 ESTIMATOR 0. 0. 0. 0. 0.
148.02 8 DL_VALUE 5 0.
148.08 8 GPS 0 0 0 0 0 0 0 66748 0 0
148.10 8 NAVIGATION 0 1 0 0 286 0. 140.5
148.12 8 WP_MOVED 4 497575. 3565498. 0.
148.15 8 RAD_OF_IR 7 0 0.00211
148.18 8 ENOSE_STATUS 2773 51 1237 3.452102 16.050299 0.796461 237
148.20 8 IR_SENSORS -941 6 1
148.28 8 COMMANDS 0,-9600,9600,-9600
148.33 8 NAVIGATION 0 1 0 0 286 0. 140.5
148.35 8 DOWNLINK_STATUS 147 32269 1900 0 443. 26.
148.37 8 GPS 0 0 0 0 0 0 0 67000 0 0
148.38 8 ATTITUDE 1 0 -41
148.42 8 GYRO_RATES -178 -112 -181 1.553343 -0.977384 1.579523
148.45 8 ENOSE_STATUS 2792 51 1248 3.421805 16.050299 0.780627 237
148.46 8 FBW_STATUS 2 1 121
148.50 8 ESTIMATOR 0. 0. 0. 0. 0.
148.53 8 BAT 0 121 0 0 70 0 0
148.56 8 CALIBRATION 0. 0.02 0.5 0
148.57 8 NAVIGATION 0 1 0 0 286 0. 140.5
148.61 8 GPS 0 0 0 0 0 0 0 67248 0 0
148.64 8 WP_MOVED 0 497617. 3565540. 770.
148.67 8 SERVO 9600 -9600 0
148.69 8 ENOSE_STATUS 2792 51 1248 3.421805 16.050299 0.780627 237
148.72 8 DESIRED 0. 0. 0. 0. 761. 0.
148.74 8 IR_DEBUG 677 668 677 668
148.77 8 NAVIGATION 0 1 0 0 286 0. 140.5
148.78 8 ATTITUDE 1 0 -41
148.83 8 GPS 0 0 0 0 0 0 0 67500 0 0
148.87 8 ENOSE_STATUS 2792 51 1248 3.421805 16.050299 0.780627 237
148.90 8 ESTIMATOR 0. 0. 0. 0. 0.
148.94 8 DL_VALUE 6 0.
149.01 8 NAVIGATION 0 1 0 0 286 0. 140.5
149.07 8 GPS 0 0 0 0 0 0 0 67748 0 0
149.10 8 WP_MOVED 1 497586.6875 3565500. 770.
149.12 8 RAD_OF_IR 6 0 0.00211
149.14 8 NAVIGATION_REF 497575 3565498 12
149.17 8 ENOSE_STATUS 2807 51 1259 3.398175 16.050299 0.765069 237
149.19 8 IR_SENSORS -941 6 1
149.22 8 COMMANDS 0,-9600,9600,-9600
149.26 8 NAVIGATION 0 1 0 0 286 0. 140.5
149.28 8 ATTITUDE 1 0 -41
149.31 8 GYRO_RATES -176 -111 -179 1.53589 -0.968658 1.56207
149.34 8 ENOSE_STATUS 2807 51 1259 3.398175 16.050299 0.765069 237
149.35 8 DOWNLINK_STATUS 148 32817 1933 0 548. 33.
149.39 8 GPS 0 0 0 0 0 0 0 68000 0 0
149.40 8 FBW_STATUS 2 1 121
149.43 8 ESTIMATOR 0. 0. 0. 0. 0.
149.47 8 NAVIGATION 0 1 0 0 286 0. 140.5
149.54 8 WP_MOVED 2 497622.6875 3565498.5 770.
149.57 8 ENOSE_STATUS 2807 51 1259 3.398175 16.050299 0.765069 237
149.61 8 GPS 0 0 0 0 0 0 0 68248 0 0
149.65 8 DESIRED 0. 0. 0. 0. 761. 0.
149.71 8 NAVIGATION 0 1 0 0 286 0. 140.5
149.73 8 ATTITUDE 1 0 -41
149.78 8 ENOSE_STATUS 2841 40 1266 3.34554 20.73913 0.75531 237
149.82 8 GPS 0 0 0 0 0 0 0 68500 0 0
149.85 8 ESTIMATOR 0. 0. 0. 0. 0.
149.88 8 DL_VALUE 7 0.
149.94 8 NAVIGATION 0 1 0 0 286 0. 140.5
149.99 8 WP_MOVED 3 497546.40625 3565495.5 770.
150.03 8 RAD_OF_IR 6 0 0.00211
150.06 8 ENOSE_STATUS 2841 40 1266 3.34554 20.73913 0.75531 237
150.10 8 GPS 0 0 0 0 0 0 0 68748 0 0
150.12 8 IR_SENSORS -940 7 1
150.16 8 COMMANDS 0,-9600,9600,-9600
150.20 8 NAVIGATION 0 1 0 0 286 0. 140.5
150.21 8 ATTITUDE 1 0 -41
150.25 8 GYRO_RATES -176 -110 -179 1.53589 -0.959931 1.56207
150.28 8 ENOSE_STATUS 2841 40 1266 3.34554 20.73913 0.75531 237
150.30 8 FBW_STATUS 2 1 121
150.33 8 ESTIMATOR 0. 0. 0. 0. 0.
150.35 8 BAT 0 121 0 0 72 0 0
150.35 8 DOWNLINK_STATUS 149 33299 1961 0 482. 28.
150.39 8 GPS 0 0 0 0 0 0 0 69000 0 0
150.42 8 CALIBRATION 0. 0.02 0.5 0
150.44 8 NAVIGATION 0 1 0 0 286 0. 140.5
150.47 8 WP_MOVED 4 497575. 3565498. 0.
150.48 8 SERVO 9600 -9600 0
150.53 8 ENOSE_STATUS 2844 44 1274 3.340956 18.762846 0.744288 237
150.57 8 GPS 0 0 0 0 0 0 0 69248 0 0
150.61 8 DESIRED 0. 0. 0. 0. 761. 0.
150.63 8 IR_DEBUG 678 668 678 668
150.65 8 NAVIGATION 0 1 0 0 286 0. 140.5
150.67 8 ATTITUDE 1 0 -41
150.71 8 ENOSE_STATUS 2844 44 1274 3.340956 18.762846 0.744288 237
150.76 8 ESTIMATOR 0. 0. 0. 0. 0.
150.82 8 GPS 0 0 0 0 0 0 0 69500 0 0
150.84 8 DL_VALUE 8 0.
150.88 8 NAVIGATION 0 1 0 0 286 0. 140.5
150.93 8 WP_MOVED 0 497617. 3565540. 770.
150.95 8 RAD_OF_IR 6 0 0.00211
150.99 8 ENOSE_STATUS 2844 44 1274 3.340956 18.762846 0.744288 237
151.02 8 IR_SENSORS -941 6 1
151.07 8 GPS 0 0 0 0 0 0 0 69748 0 0
151.10 8 COMMANDS 0,-9600,9600,-9600
151.13 8 NAVIGATION 0 1 0 0 286 0. 140.5
151.15 8 ATTITUDE 1 0 -41
151.19 8 GYRO_RATES -176 -110 -179 1.53589 -0.959931 1.56207
151.21 8 ENOSE_STATUS 2863 62 1289 3.312148 13.025245 0.723989 237
151.23 8 FBW_STATUS 2 1 121
151.27 8 ESTIMATOR 0. 0. 0. 0. 0.
151.29 8 ACTUATORS 1500,1000,0,1200,1000
151.34 8 GPS 0 0 0 0 0 0 0 70000 0 0
151.35 8 DOWNLINK_STATUS 150 33813 1991 0 514. 30.
151.37 8 NAVIGATION 0 1 0 0 286 0. 140.5
151.40 8 WP_MOVED 1 497586.6875 3565500. 770.
151.44 8 ENOSE_STATUS 2863 62 1289 3.312148 13.025245 0.723989 237
151.54 8 DESIRED 0. 0. 0. 0. 761. 0.
151.57 8 GPS 0 0 0 0 0 0 0 70248 0 0
151.60 8 NAVIGATION 0 1 0 0 286 0. 140.5
151.61 8 ATTITUDE 1 0 -41
151.64 8 PPRZ_MODE 2 0 3 0 0 6 0
151.66 8 ENOSE_STATUS 2863 62 1289 3.312148 13.025245 0.723989 237
151.70 8 ESTIMATOR 0. 0. 0. 0. 0.
151.76 8 DL_VALUE 9 0.
151.82 8 GPS 0 0 0 0 0 0 0 70500 0 0
151.85 8 NAVIGATION 0 1 0 0 286 0. 140.5
151.87 8 WP_MOVED 2 497622.6875 3565498.5 770.
151.90 8 RAD_OF_IR 6 0 0.00211
151.93 8 ENOSE_STATUS 2863 62 1289 3.312148 13.025245 0.723989 237
151.96 8 IR_SENSORS -941 6 1
