7.45 3 FBW_STATUS 0 0 0
7.51 3 ESTIMATOR 700. 0. 0. 0. 0.
7.54 3 BAT 0 120 0 0 0 0 0
7.57 3 FBW_STATUS 0 1 120
7.63 3 ESTIMATOR 700. 0. 0. 0. 0.
7.68 3 CALIBRATION 0.007 0.037 0.5 0
7.71 3 NAVIGATION 0 0 0 0 286 0. 570986.7
7.74 3 WP_MOVED 2 358071. 4822161. 0.
7.76 3 SERVO -4326 -9600 66
7.83 3 DESIRED -0.03 -0.32 0. 0. 700.024 0.005
7.90 3 NAVIGATION 0 0 0 0 286 0. 570986.7
7.91 3 ATTITUDE 0 0 0
8.01 3 ESTIMATOR 700. 0. 0. 0. 0.
8.07 3 DL_VALUE 2 0.
8.13 3 NAVIGATION 0 0 0 0 286 0. 570986.7
8.14 3 DOWNLINK_STATUS 7 236 17 0 236. 17.
8.18 3 WP_MOVED 0 358113. 4822203. 702.
8.35 3 COMMANDS 69,-622,-3922,-945,-3603
8.39 3 NAVIGATION 0 0 0 0 286 0. 570986.7
8.40 3 ATTITUDE 0 0 0
8.44 3 GYRO_RATES -105 -13 4 0.916298 -0.113446 -0.034907
8.45 3 FBW_STATUS 0 0 120
8.49 3 ESTIMATOR 700. 0. 0. 0. 0.
8.60 3 NAVIGATION 0 0 0 0 286 0. 570986.7
8.65 3 WP_MOVED 1 358824.90625 4822110. 702.
8.77 3 DESIRED -0.03 -0.32 0. 0. 700.021 0.006
8.83 3 NAVIGATION 0 0 0 0 286 0. 570986.7
8.85 3 ATTITUDE 0 0 0
8.95 3 ESTIMATOR 700. 0. 0. 0. 0.
9.01 3 DL_VALUE 3 0.
9.06 3 NAVIGATION 0 0 0 0 286 0. 570986.7
9.12 3 WP_MOVED 2 358071. 4822161. 0.
9.14 3 DOWNLINK_STATUS 8 484 33 0 248. 16.
9.29 3 COMMANDS 62,-626,-3936,-945,-3591
9.32 3 NAVIGATION 0 0 0 0 286 0. 570986.7
9.34 3 ATTITUDE 0 0 0
9.38 3 GYRO_RATES -105 -13 4 0.916298 -0.113446 -0.034907
9.39 3 FBW_STATUS 0 0 120
9.42 3 ESTIMATOR 700. 0. 0. 0. 0.
9.45 3 BAT 69 120 0 0 4 4 0
9.49 3 CALIBRATION 0.016 0.037 0.5 0
9.54 3 NAVIGATION 0 0 0 0 286 0. 570986.7
9.59 3 WP_MOVED 0 358113. 4822203. 702.
9.61 3 SERVO -4138 -9600 68
9.71 3 DESIRED -0.03 -0.32 0. 0. 700.022 0.007
9.77 3 NAVIGATION 0 0 0 0 286 0. 570986.7
9.79 3 ATTITUDE 0 0 0
9.89 3 ESTIMATOR 700. 0. 0. 0. 0.
9.94 3 DL_VALUE 4 0.
10.00 3 NAVIGATION 0 0 0 0 286 0. 570986.7
10.06 3 WP_MOVED 1 358824.90625 4822110. 702.
10.14 3 DOWNLINK_STATUS 9 754 51 0 270. 18.
10.23 3 COMMANDS 66,-635,-3925,-939,-3578
10.26 3 NAVIGATION 0 0 0 0 286 0. 570986.7
10.28 3 ATTITUDE 0 0 0
10.31 3 GYRO_RATES -105 -13 4 0.916298 -0.113446 -0.034907
10.32 3 FBW_STATUS 0 0 120
10.36 3 ESTIMATOR 700. 0. 0. 0. 0.
10.42 3 ACTUATORS 1329,1736,0,1205,1548,1686
10.47 3 NAVIGATION 0 0 0 0 286 0. 570986.7
10.53 3 WP_MOVED 2 358071. 4822161. 0.
10.65 3 DESIRED -0.03 -0.32 0. 0. 700.02 0.006
10.71 3 NAVIGATION 0 0 0 0 286 0. 570986.7
10.72 3 ATTITUDE 0 0 0
10.75 3 PPRZ_MODE 0 3 0 0 0 1 0
10.84 3 ESTIMATOR 700. 0. 0. 0. 0.
10.88 3 DL_VALUE 5 0.
10.94 3 NAVIGATION 0 0 0 0 286 0. 570986.7
10.99 3 WP_MOVED 0 358113. 4822203. 702.
11.14 3 DOWNLINK_STATUS 10 1011 68 0 257. 17.
11.16 3 COMMANDS 71,-624,-3910,-939,-3593
11.20 3 NAVIGATION 0 0 0 0 286 0. 570986.7
11.22 3 ATTITUDE 0 0 0
11.25 3 GYRO_RATES -106 -13 5 0.925025 -0.113446 -0.043633
11.26 3 FBW_STATUS 0 0 120
11.30 3 ESTIMATOR 700. 0. 0. 0. 0.
11.32 3 BAT 67 120 0 0 6 6 0
11.37 3 CALIBRATION 0.021 0.037 0.5 0
11.41 3 NAVIGATION 0 0 0 0 286 0. 570986.7
11.46 3 WP_MOVED 1 358824.90625 4822110. 702.
11.50 3 SERVO -4138 -9600 68
11.59 3 DESIRED -0.03 -0.32 0. 0. 700.022 0.006
11.65 3 NAVIGATION 0 0 0 0 286 0. 570986.7
11.66 3 ATTITUDE 0 0 0
11.76 3 ESTIMATOR 700. 0. 0. 0. 0.
11.82 3 DL_VALUE 6 0.
11.88 3 NAVIGATION 0 0 0 0 286 0. 570986.7
11.93 3 WP_MOVED 2 358071. 4822161. 0.
12.10 3 COMMANDS 68,-624,-3917,-942,-3576
12.14 3 NAVIGATION 0 0 0 0 286 0. 570986.7
12.14 3 DOWNLINK_STATUS 11 1312 88 0 301. 20.
12.16 3 ATTITUDE 0 0 0
12.19 3 GYRO_RATES -106 -14 5 0.925025 -0.122173 -0.043633
12.20 3 FBW_STATUS 0 0 120
12.24 3 ESTIMATOR 700. 0. 0. 0. 0.
12.35 3 NAVIGATION 0 0 0 0 286 0. 570986.7
12.40 3 WP_MOVED 0 358113. 4822203. 702.
12.52 3 DESIRED -0.03 -0.32 0. 0. 700.019 0.007
12.58 3 NAVIGATION 0 0 0 0 286 0. 570986.7
12.60 3 ATTITUDE 0 0 0
12.70 3 ESTIMATOR 700. 0. 0. 0. 0.
12.76 3 DL_VALUE 7 0.
12.82 3 NAVIGATION 0 0 0 0 286 0. 570986.7
12.89 3 WP_MOVED 1 358824.90625 4822110. 702.
13.06 3 COMMANDS 72,-626,-3911,-940,-3591
13.08 3 NAVIGATION 0 0 0 0 286 0. 570986.7
13.09 3 ATTITUDE 0 0 0
13.14 3 GYRO_RATES -106 -14 5 0.925025 -0.122173 -0.043633
13.14 3 FBW_STATUS 0 0 120
13.14 3 DOWNLINK_STATUS 12 1578 106 0 266. 18.
13.17 3 ESTIMATOR 700. 0. 0. 0. 0.
13.20 3 BAT 68 120 0 0 7 7 0
13.25 3 CALIBRATION 0.021 0.037 0.5 0
13.28 3 NAVIGATION 0 0 0 0 286 0. 570986.7
13.34 3 WP_MOVED 2 358071. 4822161. 0.
13.36 3 SERVO -3950 -9600 66
13.46 3 DESIRED -0.03 -0.32 0. 0. 700.018 0.006
13.53 3 NAVIGATION 0 0 0 0 286 0. 570986.7
13.56 3 ATTITUDE 0 0 0
13.64 3 ESTIMATOR 700. 0. 0. 0. 0.
13.69 3 DL_VALUE 8 0.
13.75 3 NAVIGATION 0 0 0 0 286 0. 570986.7
13.81 3 WP_MOVED 0 358113. 4822203. 702.
13.98 3 COMMANDS 69,-612,-3908,-942,-3579
14.01 3 NAVIGATION 0 0 0 0 286 0. 570986.7
14.03 3 ATTITUDE 0 0 0
14.07 3 GYRO_RATES -106 -14 5 0.925025 -0.122173 -0.043633
14.08 3 FBW_STATUS 0 0 120
14.11 3 ESTIMATOR 700. 0. 0. 0. 0.
14.14 3 DOWNLINK_STATUS 13 1870 125 0 292. 19.
14.22 3 NAVIGATION 0 0 0 0 286 0. 570986.7
14.27 3 WP_MOVED 1 358824.90625 4822110. 702.
14.40 3 DESIRED -0.03 -0.32 0. 0. 700.022 0.005
14.46 3 NAVIGATION 0 0 0 0 286 0. 570986.7
14.47 3 ATTITUDE 0 0 0
