6.18 34 ESTIMATOR 0. 0. 0. 0. 0.
7.18 34 COMMANDS 6,27,-26,-1766
7.18 34 NAVIGATION 0 1 0 0 26 0. 140.5
7.18 34 ATTITUDE -4 0 -36
7.18 34 DL_VALUE 25 4900.
7.18 34 GPS 0 49754253 356542232 0 80518 0 0 54400500 12 0
7.18 34 FBW_STATUS 0 0 118
7.18 34 RAD_OF_IR 13 0 0.00165
7.18 34 IR_SENSORS -861 13 1
7.18 34 NAVIGATION 0 1 0 0 26 0. 140.5
7.18 34 GPS 0 49754253 356542232 0 80518 0 0 54400748 12 0
7.18 34 WP_MOVED 3 497546.40625 3565495.5 833.
7.18 34 GYRO_RATES -30 29 3 0.261799 0.253073 0.02618
7.18 34 ESTIMATOR 0. 0. 0. 0. 0.
7.18 34 BAT 13 118 0 0 25 0 0
7.18 34 NAVIGATION 0 1 0 0 26 0. 140.5
7.18 34 ATTITUDE -4 0 -36
7.18 34 CALIBRATION 0. 0.015 0.046 0
7.19 34 GPS 0 49754253 356542232 0 80518 0 0 54401000 12 0
7.19 34 CALIB_CONTRAST 1150
7.19 34 SERVO 6135 -5681 10
7.19 34 DOWNLINK_STATUS 7 2010 127 0 407. 26.
7.19 34 DESIRED -0. 0. 0. 0. 778. 0.
7.19 34 IR_DEBUG 628 609 628 609
7.19 34 NAVIGATION 0 1 0 0 26 0. 140.5
7.19 34 WP_MOVED 4 497575. 3565498. 0.
7.19 34 GPS 0 49754253 356542232 0 80518 0 0 54401248 12 0
7.19 34 ESTIMATOR 0. 0. 0. 0. 0.
7.27 34 COMMANDS 10,26,-18,-1774
7.31 34 NAVIGATION 0 1 0 0 26 0. 140.5
7.31 34 ATTITUDE -4 0 -37
7.31 34 DL_VALUE 26 10000.
7.31 34 FBW_STATUS 0 0 118
7.31 34 RAD_OF_IR 11 0 0.00165
7.35 34 GPS 0 49754253 356542232 0 80518 0 0 54401500 12 0
7.36 34 IR_SENSORS -868 12 1
7.69 34 NAVIGATION 0 1 0 0 26 0. 140.5
7.69 34 WP_MOVED 0 497617. 3565540. 833.
7.69 34 GYRO_RATES -30 29 3 0.261799 0.253073 0.02618
7.78 34 GPS 0 49754253 356542232 0 80518 0 0 54401748 12 0
7.78 34 ESTIMATOR 0. 0. 0. 0. 0.
7.78 34 NAVIGATION 0 1 0 0 26 0. 140.5
7.78 34 ATTITUDE -5 0 -37
7.78 34 CALIB_CONTRAST 1150
7.87 34 GPS 0 49754253 356542232 0 80518 0 0 54402000 12 0
7.87 34 DESIRED -0. 0. 0. 0. 778. 0.
7.87 34 NAVIGATION 0 1 0 0 26 0. 140.5
7.91 34 DOWNLINK_STATUS 8 2425 152 0 415. 25.
7.95 34 WP_MOVED 1 497586.6875 3565500. 833.
8.19 34 GPS 0 49754253 356542232 0 80518 0 0 54402248 12 0
8.19 34 ESTIMATOR 0. 0. 0. 0. 0.
8.27 34 COMMANDS 11,35,-17,-1779
8.27 34 NAVIGATION 0 1 0 0 26 0. 140.5
8.27 34 ATTITUDE -5 0 -36
8.27 34 DL_VALUE 27 4000.
8.27 34 FBW_STATUS 0 0 118
8.27 34 RAD_OF_IR 11 0 0.00165
8.27 34 NAVIGATION_REF 497575 3565498 12
8.37 34 GPS 0 49754253 356542232 0 80518 0 0 54402500 12 0
8.37 34 IR_SENSORS -858 11 1
8.37 34 NAVIGATION 0 1 0 0 26 0. 140.5
8.46 34 WP_MOVED 2 497622.6875 3565498.5 833.
8.46 34 GYRO_RATES -30 29 3 0.261799 0.253073 0.02618
8.69 34 ESTIMATOR 0. 0. 0. 0. 0.
8.69 34 BAT 5 118 0 0 27 0 0
8.70 34 GPS 0 49754253 356542232 0 80518 0 0 54402748 12 0
8.77 34 NAVIGATION 0 1 0 0 26 0. 140.5
8.77 34 ATTITUDE -5 0 -35
8.77 34 CALIBRATION 0. 0.015 0.046 0
8.77 34 CALIB_CONTRAST 1150
8.77 34 SERVO 5637 -5575 17
8.91 34 DESIRED -0. 0. 0. 0. 778. 0.
8.91 34 IR_DEBUG 618 601 618 601
8.91 34 GPS 0 49754253 356542232 0 80518 0 0 54403000 12 0
8.91 34 NAVIGATION 0 1 0 0 26 0. 140.5
8.91 34 WP_MOVED 3 497546.40625 3565495.5 833.
8.91 34 DOWNLINK_STATUS 9 2859 180 0 434. 28.
8.98 34 ESTIMATOR 0. 0. 0. 0. 0.
9.30 34 GPS 0 49754253 356542232 0 80518 0 0 54403248 12 0
9.30 34 COMMANDS 18,18,-31,-1788
9.30 34 NAVIGATION 0 1 0 0 26 0. 140.5
9.30 34 ATTITUDE -5 0 -34
9.30 34 DL_VALUE 28 0.228
9.51 34 FBW_STATUS 0 0 118
9.51 34 RAD_OF_IR 11 0 0.00165
9.51 34 IR_SENSORS -851 10 1
9.51 34 NAVIGATION 0 1 0 0 26 0. 140.5
9.52 34 GPS 0 49754253 356542232 0 80518 0 0 54403500 12 0
9.52 34 WP_MOVED 4 497575. 3565498. 0.
9.52 34 GYRO_RATES -30 29 3 0.261799 0.253073 0.02618
9.55 34 ESTIMATOR 0. 0. 0. 0. 0.
9.57 34 NAVIGATION 0 1 0 0 26 0. 140.5
9.57 34 GPS 0 49754253 356542232 0 80518 0 0 54403748 12 0
9.57 34 ATTITUDE -5 0 -35
9.77 34 CALIB_CONTRAST 1150
9.88 34 DESIRED -0. 0. 0. 0. 778. 0.
9.88 34 NAVIGATION 0 1 0 0 26 0. 140.5
9.88 34 GPS 0 49754253 356542232 0 80518 0 0 54404000 12 0
9.88 34 WP_MOVED 0 497617. 3565540. 833.
9.91 34 DOWNLINK_STATUS 10 3220 202 0 361. 22.
9.95 34 ESTIMATOR 0. 0. 0. 0. 0.
10.08 34 COMMANDS 6,35,-20,-1798
10.08 34 NAVIGATION 0 1 0 0 26 0. 140.5
10.08 34 ATTITUDE -4 0 -35
10.08 34 DL_VALUE 29 0.42
10.08 34 GPS 0 49754253 356542232 0 80518 0 0 54404248 12 0
10.08 34 FBW_STATUS 0 0 118
10.08 34 RAD_OF_IR 11 0 0.00165
10.27 34 ACTUATORS 1501,1503,0,1200,1409
10.27 34 IR_SENSORS -853 13 1
10.38 34 NAVIGATION 0 1 0 0 26 0. 140.5
10.38 34 WP_MOVED 1 497586.6875 3565500. 833.
10.38 34 GYRO_RATES -29 29 3 0.253073 0.253073 0.02618
10.38 34 GPS 0 49754253 356542232 0 80518 0 0 54404500 12 0
10.46 34 ESTIMATOR 0. 0. 0. 0. 0.
10.46 34 BAT 9 118 0 0 29 0 0
10.49 34 NAVIGATION 0 1 0 0 26 0. 140.5
10.49 34 ATTITUDE -5 0 -34
10.49 34 CALIBRATION 0. 0.015 0.046 0
10.57 34 GPS 0 49754253 356542232 0 80518 0 0 54404748 12 0
10.57 34 CALIB_CONTRAST 1150
10.57 34 SERVO 5487 -5575 6
10.90 34 DESIRED -0. 0. 0. 0. 778. 0.
10.90 34 IR_DEBUG 617 599 617 599
10.90 34 NAVIGATION 0 1 0 0 26 0. 140.5
10.90 34 WP_MOVED 2 497622.6875 3565498.5 833.
10.90 34 PPRZ_MODE 0 0 3 0 0 17 0
10.91 34 DOWNLINK_STATUS 11 3623 229 0 403. 27.
10.96 34 GPS 0 49754253 356542232 0 80518 0 0 54405000 12 0
10.96 34 ESTIMATOR 0. 0. 0. 0. 0.
10.98 34 COMMANDS 9,17,-28,-1784
10.98 34 NAVIGATION 0 1 0 0 26 0. 140.5
10.98 34 ATTITUDE -4 0 -34
10.98 34 DL_VALUE 30 0.
11.06 34 FBW_STATUS 0 0 118
11.06 34 GPS 0 49754253 356542232 0 80518 0 0 54405248 12 0
11.06 34 RAD_OF_IR 14 0 0.00165
11.16 34 IR_SENSORS -849 15 1
11.16 34 NAVIGATION 0 1 0 0 26 0. 140.5
11.38 34 WP_MOVED 3 497546.40625 3565495.5 833.
11.42 34 GYRO_RATES -30 29 4 0.261799 0.253073 0.034907
11.48 34 GPS 0 49754253 356542232 0 80518 0 0 54405500 12 0
11.48 34 ESTIMATOR 0. 0. 0. 0. 0.
11.48 34 NAVIGATION 0 1 0 0 26 0. 140.5
11.48 34 ATTITUDE -4 0 -34
11.48 34 CALIB_CONTRAST 1150
11.55 34 GPS 0 49754253 356542232 0 80518 0 0 54405748 12 0
11.66 34 DESIRED -0. 0. 0. 0. 778. 0.
11.66 34 NAVIGATION 0 1 0 0 26 0. 140.5
11.69 34 WP_MOVED 4 497575. 3565498. 0.
11.91 34 DOWNLINK_STATUS 12 3984 251 0 361. 22.
12.11 34 ESTIMATOR 0. 0. 0. 0. 0.
12.11 34 GPS 0 49754253 356542232 0 80518 0 0 54406000 12 0
12.11 34 COMMANDS 10,34,-12,-1786
12.11 34 NAVIGATION 0 1 0 0 26 0. 140.5
12.11 34 ATTITUDE -3 0 -35
12.11 34 DL_VALUE 31 0.015
12.17 34 FBW_STATUS 0 0 118
12.17 34 RAD_OF_IR 19 0 0.00165
12.17 34 GPS 0 49754253 356542232 0 80518 0 0 54406248 12 0
12.17 34 IR_SENSORS -853 20 1
12.17 34 NAVIGATION 0 1 0 0 26 0. 140.5
12.20 34 WP_MOVED 0 497617. 3565540. 833.
12.24 34 GYRO_RATES -30 29 3 0.261799 0.253073 0.02618
12.28 34 ESTIMATOR 0. 0. 0. 0. 0.
12.28 34 BAT 5 118 0 0 31 0 0
12.38 34 GPS 0 49754253 356542232 0 80518 0 0 54406500 12 0
12.38 34 NAVIGATION 0 1 0 0 26 0. 140.5
12.38 34 ATTITUDE -3 0 -34
12.38 34 CALIBRATION 0. 0.015 0.046 0
12.57 34 CALIB_CONTRAST 1150
12.57 34 SERVO 5487 -5908 20
12.68 34 GPS 0 49754253 356542232 0 80518 0 0 54406748 12 0
12.68 34 DESIRED -0. 0. 0. 0. 778. 0.
12.68 34 IR_DEBUG 622 592 622 592
12.68 34 NAVIGATION 0 1 0 0 26 0. 140.5
12.68 34 WP_MOVED 1 497586.6875 3565500. 833.
12.76 34 ESTIMATOR 0. 0. 0. 0. 0.
12.88 34 GPS 0 49754253 356542232 0 80518 0 0 54407000 12 0
12.88 34 COMMANDS 13,9,-29,-1796
12.88 34 NAVIGATION 0 1 0 0 26 0. 140.5
12.88 34 ATTITUDE -4 0 -33
12.88 34 DL_VALUE 32 0.
12.88 34 FBW_STATUS 0 0 118
12.91 34 DOWNLINK_STATUS 13 4490 284 0 506. 33.
13.07 34 RAD_OF_IR 15 0 0.00165
13.18 34 IR_SENSORS -844 14 1
13.19 34 GPS 0 49754253 356542232 0 80518 0 0 54407248 12 0
13.19 34 NAVIGATION 0 1 0 0 26 0. 140.5
13.19 34 WP_MOVED 2 497622.6875 3565498.5 833.
13.19 34 GYRO_RATES -30 29 3 0.261799 0.253073 0.02618
13.25 34 ESTIMATOR 0. 0. 0. 0. 0.
13.37 34 NAVIGATION 0 1 0 0 26 0. 140.5
13.37 34 ATTITUDE -4 0 -34
13.37 34 GPS 0 49754253 356542232 0 80518 0 0 54407500 12 0
13.37 34 CALIB_CONTRAST 1150
13.58 34 DESIRED -0. 0. 0. 0. 778. 0.
13.78 34 NAVIGATION 0 1 0 0 26 0. 140.5
13.78 34 GPS 0 49754253 356542232 0 80518 0 0 54407748 12 0
13.78 34 WP_MOVED 3 497546.40625 3565495.5 833.
13.78 34 ESTIMATOR 0. 0. 0. 0. 0.
13.79 34 COMMANDS 13,23,-22,-1789
13.79 34 NAVIGATION 0 1 0 0 26 0. 140.5
13.79 34 ATTITUDE -5 0 -35
13.79 34 DL_VALUE 33 0.01
13.86 34 GPS 0 49754253 356542232 0 80518 0 0 54408000 12 0
13.86 34 FBW_STATUS 0 0 118
13.86 34 RAD_OF_IR 9 0 0.00165
13.91 34 DOWNLINK_STATUS 14 4861 307 0 371. 23.
14.08 34 IR_SENSORS -855 8 1
14.08 34 NAVIGATION 0 1 0 0 26 0. 140.5
14.17 34 GPS 0 49754253 356542232 0 80518 0 0 54408248 12 0
14.17 34 WP_MOVED 4 497575. 3565498. 0.
14.17 34 GYRO_RATES -30 29 4 0.261799 0.253073 0.034907
14.18 34 ESTIMATOR 0. 0. 0. 0. 0.
14.18 34 BAT 20 118 0 0 33 0 0
14.26 34 NAVIGATION 0 1 0 0 26 0. 140.5
14.29 34 ATTITUDE -5 0 -35
14.29 34 CALIBRATION 0. 0.015 0.046 0
14.36 34 GPS 0 49754253 356542232 0 80518 0 0 54408500 12 0
14.36 34 CALIB_CONTRAST 1150
14.36 34 SERVO 5786 -5364 8
14.59 34 DESIRED -0. 0. 0. 0. 778. 0.
14.59 34 IR_DEBUG 618 609 618 609
14.59 34 NAVIGATION 0 1 0 0 26 0. 140.5
14.67 34 WP_MOVED 0 497617. 3565540. 833.
14.67 34 GPS 0 49754253 356542232 0 80518 0 0 54408748 12 0
14.67 34 ESTIMATOR 0. 0. 0. 0. 0.
14.77 34 COMMANDS 16,9,-31,-1758
14.81 34 NAVIGATION 0 1 0 0 26 0. 140.5
14.81 34 ATTITUDE -5 0 -35
14.81 34 DL_VALUE 34 1.
14.81 34 FBW_STATUS 0 0 118
14.81 34 RAD_OF_IR 7 0 0.00165
14.88 34 GPS 0 49754253 356542232 0 80518 0 0 54409000 12 0
14.88 34 ACTUATORS 1500,1502,0,1200,1409
14.88 34 IR_SENSORS -855 5 1
14.91 34 DOWNLINK_STATUS 15 5290 335 0 429. 28.
15.21 34 NAVIGATION 0 1 0 0 26 0. 140.5
15.21 34 WP_MOVED 1 497586.6875 3565500. 833.
15.21 34 GYRO_RATES -29 29 3 0.253073 0.253073 0.02618
15.28 34 GPS 0 49754253 356542232 0 80518 0 0 54409248 12 0
15.28 34 ESTIMATOR 0. 0. 0. 0. 0.
15.28 34 NAVIGATION 0 1 0 0 26 0. 140.5
15.28 34 ATTITUDE -6 0 -35
15.28 34 CALIB_CONTRAST 1150
15.37 34 GPS 0 49754253 356542232 0 80518 0 0 54409500 12 0
15.37 34 DESIRED -0. 0. 0. 0. 778. 0.
15.38 34 NAVIGATION 0 1 0 0 26 0. 140.5
15.45 34 WP_MOVED 2 497622.6875 3565498.5 833.
15.45 34 PPRZ_MODE 0 0 3 0 0 17 0
15.70 34 GPS 0 49754253 356542232 0 80518 0 0 54409748 12 0
15.70 34 ESTIMATOR 0. 0. 0. 0. 0.
15.77 34 COMMANDS 2,21,-44,-1773
15.77 34 NAVIGATION 0 1 0 0 26 0. 140.5
15.77 34 ATTITUDE -6 0 -35
15.77 34 DL_VALUE 35 0.
15.77 34 FBW_STATUS 0 0 118
15.77 34 RAD_OF_IR 4 0 0.00165
15.87 34 GPS 0 49754253 356542232 0 80518 0 0 54410000 12 0
15.87 34 IR_SENSORS -854 4 1
15.87 34 NAVIGATION 0 1 0 0 26 0. 140.5
15.91 34 DOWNLINK_STATUS 16 5678 359 0 388. 24.
15.96 34 WP_MOVED 3 497546.40625 3565495.5 833.
15.96 34 GYRO_RATES -29 29 3 0.253073 0.253073 0.02618
16.21 34 ESTIMATOR 0. 0. 0. 0. 0.
16.21 34 BAT 18 118 0 0 35 0 0
16.22 34 GPS 0 49754253 356542232 0 80518 0 0 54410248 12 0
16.27 34 NAVIGATION 0 1 0 0 26 0. 140.5
16.27 34 ATTITUDE -6 0 -34
16.27 34 CALIBRATION 0. 0.015 0.046 0
16.27 34 CALIB_CONTRAST 1150
16.27 34 SERVO 5438 -5153 5
16.41 34 DESIRED -0. 0. 0. 0. 778. 0.
16.41 34 IR_DEBUG 610 605 610 605
16.41 34 GPS 0 49754253 356542232 0 80518 0 0 54410500 12 0
16.41 34 NAVIGATION 0 1 0 0 26 0. 140.5
16.41 34 WP_MOVED 4 497575. 3565498. 0.
16.47 34 ESTIMATOR 0. 0. 0. 0. 0.
16.80 34 GPS 0 49754253 356542232 0 80518 0 0 54410748 12 0
16.80 34 COMMANDS 15,12,-37,-1786
16.80 34 NAVIGATION 0 1 0 0 26 0. 140.5
16.80 34 ATTITUDE -6 0 -34
16.80 34 DL_VALUE 36 0.
16.90 34 FBW_STATUS 0 0 118
16.90 34 RAD_OF_IR 4 0 0.00165
16.90 34 NAVIGATION_REF 497575 3565498 12
16.90 34 IR_SENSORS -850 4 1
16.90 34 NAVIGATION 0 1 0 0 26 0. 140.5
16.90 34 GPS 0 49754253 356542232 0 80518 0 0 54411000 12 0
16.91 34 WP_MOVED 0 497617. 3565540. 833.
16.91 34 DOWNLINK_STATUS 17 6112 387 0 434. 28.
16.95 34 ESTIMATOR 0. 0. 0. 0. 0.
17.07 34 NAVIGATION 0 1 0 0 26 0. 140.5
17.08 34 GPS 0 49754253 356542232 0 80518 0 0 54411248 12 0
17.08 34 ATTITUDE -5 0 -35
17.27 34 CALIB_CONTRAST 1150
17.38 34 DESIRED -0. 0. 0. 0. 778. 0.
17.38 34 NAVIGATION 0 1 0 0 26 0. 140.5
17.38 34 GPS 0 49754253 356542232 0 80518 0 0 54411500 12 0
17.38 34 WP_MOVED 1 497586.6875 3565500. 833.
17.45 34 ESTIMATOR 0. 0. 0. 0. 0.
17.57 34 COMMANDS 16,1,-39,-1793
17.57 34 NAVIGATION 0 1 0 0 26 0. 140.5
17.57 34 ATTITUDE -5 0 -35
17.57 34 DL_VALUE 37 0.1
17.57 34 GPS 0 49754253 356542232 0 80518 0 0 54411748 12 0
17.57 34 FBW_STATUS 0 0 118
17.58 34 RAD_OF_IR 9 0 0.00165
17.77 34 IR_SENSORS -856 7 1
17.88 34 NAVIGATION 0 1 0 0 26 0. 140.5
17.88 34 WP_MOVED 2 497622.6875 3565498.5 833.
17.88 34 GYRO_RATES -30 29 3 0.261799 0.253073 0.02618
17.88 34 GPS 0 49754253 356542232 0 80518 0 0 54412000 12 0
17.91 34 DOWNLINK_STATUS 18 6473 409 0 361. 22.
17.96 34 ESTIMATOR 0. 0. 0. 0. 0.
17.96 34 BAT 1 118 0 0 37 0 0
17.99 34 NAVIGATION 0 1 0 0 26 0. 140.5
17.99 34 ATTITUDE -5 0 -35
17.99 34 CALIBRATION 0. 0.015 0.046 0
18.07 34 GPS 0 49754253 356542232 0 80518 0 0 54412248 12 0
18.07 34 CALIB_CONTRAST 1150
18.07 34 SERVO 5886 -5470 17
18.40 34 DESIRED -0. 0. 0. 0. 778. 0.
18.40 34 IR_DEBUG 621 606 621 606
18.40 34 NAVIGATION 0 1 0 0 26 0. 140.5
18.40 34 WP_MOVED 3 497546.40625 3565495.5 833.
18.46 34 GPS 0 49754253 356542232 0 80518 0 0 54412500 12 0
18.46 34 ESTIMATOR 0. 0. 0. 0. 0.
18.48 34 COMMANDS 5,17,-26,-1764
18.48 34 NAVIGATION 0 1 0 0 26 0. 140.5
18.48 34 ATTITUDE -5 0 -36
18.48 34 DL_VALUE 38 0.
18.56 34 FBW_STATUS 0 0 118
18.56 34 GPS 0 49754253 356542232 0 80518 0 0 54412748 12 0
18.56 34 RAD_OF_IR 11 0 0.00165
18.66 34 IR_SENSORS -861 11 1
18.66 34 NAVIGATION 0 1 0 0 26 0. 140.5
18.88 34 WP_MOVED 4 497575. 3565498. 0.
18.92 34 GYRO_RATES -30 29 3 0.261799 0.253073 0.02618
18.92 34 DOWNLINK_STATUS 19 6854 434 0 381. 25.
18.98 34 GPS 0 49754253 356542232 0 80518 0 0 54413000 12 0
18.98 34 ESTIMATOR 0. 0. 0. 0. 0.
18.98 34 NAVIGATION 0 1 0 0 26 0. 140.5
18.98 34 ATTITUDE -5 0 -36
18.98 34 CALIB_CONTRAST 1150
19.05 34 GPS 0 49754253 356542232 0 80518 0 0 54413248 12 0
19.16 34 DESIRED -0. 0. 0. 0. 778. 0.
19.16 34 NAVIGATION 0 1 0 0 26 0. 140.5
19.18 34 WP_MOVED 0 497617. 3565540. 833.
19.61 34 ESTIMATOR 0. 0. 0. 0. 0.
19.65 34 GPS 0 49754253 356542232 0 80518 0 0 54413500 12 0
19.65 34 COMMANDS 21,-1,-44,-1789
19.65 34 NAVIGATION 0 1 0 0 26 0. 140.5
19.65 34 ATTITUDE -5 0 -36
19.65 34 DL_VALUE 39 0.046
19.68 34 FBW_STATUS 0 0 118
19.68 34 RAD_OF_IR 9 0 0.00165
19.68 34 GPS 0 49754253 356542232 0 80518 0 0 54413748 12 0
19.68 34 ACTUATORS 1500,1502,0,1200,1408
19.68 34 IR_SENSORS -864 9 1
19.68 34 NAVIGATION 0 1 0 0 26 0. 140.5
19.71 34 WP_MOVED 1 497586.6875 3565500. 833.
19.75 34 GYRO_RATES -29 29 4 0.253073 0.253073 0.034907
19.90 34 ESTIMATOR 0. 0. 0. 0. 0.
19.90 34 BAT 15 118 0 0 39 0 0
19.90 34 GPS 0 49754253 356542232 0 80518 0 0 54414000 12 0
19.90 34 NAVIGATION 0 1 0 0 26 0. 140.5
19.90 34 ATTITUDE -5 0 -36
19.90 34 CALIBRATION 0. 0.015 0.046 0
19.91 34 DOWNLINK_STATUS 20 7332 463 0 478. 29.
20.07 34 CALIB_CONTRAST 1150
20.07 34 SERVO 6135 -5364 17
20.18 34 GPS 0 49754253 356542232 0 80518 0 0 54414248 12 0
20.18 34 DESIRED -0. 0. 0. 0. 778. 0.
20.18 34 IR_DEBUG 624 612 624 612
20.18 34 NAVIGATION 0 1 0 0 26 0. 140.5
20.18 34 WP_MOVED 2 497622.6875 3565498.5 833.
20.19 34 PPRZ_MODE 0 0 3 0 0 17 0
20.25 34 ESTIMATOR 0. 0. 0. 0. 0.
20.38 34 GPS 0 49754253 356542232 0 80518 0 0 54414500 12 0
20.38 34 COMMANDS 8,9,-50,-1776
20.38 34 NAVIGATION 0 1 0 0 26 0. 140.5
20.38 34 ATTITUDE -5 0 -36
20.38 34 DL_VALUE 40 1.
20.38 34 FBW_STATUS 0 0 118
20.57 34 RAD_OF_IR 10 0 0.00165
20.68 34 IR_SENSORS -863 9 1
20.68 34 GPS 0 49754253 356542232 0 80518 0 0 54414748 12 0
20.68 34 NAVIGATION 0 1 0 0 26 0. 140.5
20.68 34 WP_MOVED 3 497546.40625 3565495.5 833.
20.68 34 GYRO_RATES -30 29 3 0.261799 0.253073 0.02618
20.75 34 ESTIMATOR 0. 0. 0. 0. 0.
20.87 34 NAVIGATION 0 1 0 0 26 0. 140.5
20.87 34 ATTITUDE -5 0 -35
20.87 34 GPS 0 49754253 356542232 0 80518 0 0 54415000 12 0
20.87 34 CALIB_CONTRAST 1150
20.91 34 DOWNLINK_STATUS 21 7724 489 0 392. 26.
21.08 34 DESIRED -0. 0. 0. 0. 778. 0.
21.17 34 NAVIGATION 0 1 0 0 26 0. 140.5
21.17 34 GPS 0 49754253 356542232 0 80518 0 0 54415248 12 0
21.17 34 WP_MOVED 4 497575. 3565498. 0.
21.17 34 ESTIMATOR 0. 0. 0. 0. 0.
21.28 34 COMMANDS 3,7,-39,-1778
21.32 34 NAVIGATION 0 1 0 0 26 0. 140.5
21.32 34 ATTITUDE -5 0 -34
21.32 34 DL_VALUE 41 0.
21.36 34 GPS 0 49754253 356542232 0 80518 0 0 54415500 12 0
21.36 34 FBW_STATUS 0 0 118
21.36 34 RAD_OF_IR 7 0 0.00165
21.58 34 IR_SENSORS -851 9 1
21.58 34 NAVIGATION 0 1 0 0 26 0. 140.5
21.67 34 GPS 0 49754253 356542232 0 80518 0 0 54415748 12 0
21.67 34 WP_MOVED 0 497617. 3565540. 833.
21.67 34 GYRO_RATES -30 29 3 0.261799 0.253073 0.02618
21.68 34 ESTIMATOR 0. 0. 0. 0. 0.
21.68 34 BAT 5 118 0 0 41 0 0
21.76 34 NAVIGATION 0 1 0 0 26 0. 140.5
21.79 34 ATTITUDE -5 0 -34
21.79 34 CALIBRATION 0. 0.015 0.046 0
21.86 34 GPS 0 49754253 356542232 0 80518 0 0 54416000 12 0
21.86 34 CALIB_CONTRAST 1150
21.86 34 SERVO 5487 -5470 20
21.91 34 DOWNLINK_STATUS 22 8122 514 0 398. 25.
22.09 34 DESIRED -0. 0. 0. 0. 778. 0.
22.09 34 IR_DEBUG 615 601 615 601
22.09 34 NAVIGATION 0 1 0 0 26 0. 140.5
22.17 34 WP_MOVED 1 497586.6875 3565500. 833.
22.17 34 GPS 0 49754253 356542232 0 80518 0 0 54416248 12 0
22.17 34 ESTIMATOR 0. 0. 0. 0. 0.
22.27 34 COMMANDS 20,1,-34,-1803
22.31 34 NAVIGATION 0 1 0 0 26 0. 140.5
22.31 34 ATTITUDE -5 0 -35
22.31 34 DL_VALUE 0 778.
22.31 34 FBW_STATUS 0 0 118
22.31 34 RAD_OF_IR 10 0 0.00165
22.35 34 GPS 0 49754253 356542232 0 80518 0 0 54416500 12 0
22.36 34 IR_SENSORS -853 10 1
22.71 34 NAVIGATION 0 1 0 0 26 0. 140.5
22.71 34 WP_MOVED 2 497622.6875 3565498.5 833.
22.71 34 GYRO_RATES -30 29 4 0.261799 0.253073 0.034907
22.78 34 GPS 0 49754253 356542232 0 80518 0 0 54416748 12 0
22.78 34 ESTIMATOR 0. 0. 0. 0. 0.
22.78 34 NAVIGATION 0 1 0 0 26 0. 140.5
22.78 34 ATTITUDE -5 0 -35
22.78 34 CALIB_CONTRAST 1150
22.87 34 GPS 0 49754253 356542232 0 80518 0 0 54417000 12 0
22.87 34 DESIRED -0. 0. 0. 0. 778. 0.
22.87 34 NAVIGATION 0 1 0 0 26 0. 140.5
22.91 34 DOWNLINK_STATUS 23 8537 539 0 415. 25.
22.94 34 WP_MOVED 3 497546.40625 3565495.5 833.
23.19 34 GPS 0 49754253 356542232 0 80518 0 0 54417248 12 0
23.20 34 ESTIMATOR 0. 0. 0. 0. 0.
23.40 34 COMMANDS 14,10,-37,-1783
23.40 34 NAVIGATION 0 1 0 0 26 0. 140.5
23.40 34 ATTITUDE -5 0 -35
23.40 34 DL_VALUE 1 1.
23.40 34 FBW_STATUS 0 0 118
23.40 34 RAD_OF_IR 9 0 0.00165
23.40 34 GPS 0 49754253 356542232 0 80518 0 0 54417500 12 0
23.40 34 IR_SENSORS -854 9 1
23.46 34 WP_MOVED 4 497575. 3565498. 0.
23.46 34 GYRO_RATES -29 29 4 0.253073 0.253073 0.034907
23.71 34 ESTIMATOR 0. 0. 0. 0. 0.
23.71 34 BAT 22 118 0 0 43 0 0
23.71 34 GPS 0 49754253 356542232 0 80518 0 0 54417748 12 0
23.77 34 NAVIGATION 0 1 0 0 26 0. 140.5
23.77 34 ATTITUDE -5 0 -35
23.77 34 CALIBRATION 0. 0.015 0.046 0
23.77 34 CALIB_CONTRAST 1150
23.77 34 SERVO 5637 -5470 6
23.91 34 DOWNLINK_STATUS 24 8846 560 0 309. 21.
23.99 34 DESIRED -0. 0. 0. 0. 778. 0.
23.99 34 IR_DEBUG 617 603 617 603
23.99 34 GPS 0 49754253 356542232 0 80518 0 0 54418000 12 0
23.99 34 NAVIGATION 0 1 0 0 26 0. 140.5
23.99 34 WP_MOVED 0 497617. 3565540. 833.
23.99 34 ESTIMATOR 0. 0. 0. 0. 0.
24.30 34 GPS 0 49754253 356542232 0 80518 0 0 54418248 12 0
24.30 34 COMMANDS 5,21,-29,-1761
24.30 34 NAVIGATION 0 1 0 0 26 0. 140.5
24.30 34 ATTITUDE -5 0 -35
24.30 34 DL_VALUE 2 0.
24.40 34 FBW_STATUS 0 0 118
24.40 34 RAD_OF_IR 9 0 0.00165
24.40 34 ACTUATORS 1500,1502,0,1200,1408
24.40 34 IR_SENSORS -860 10 1
24.41 34 NAVIGATION 0 1 0 0 26 0. 140.5
24.41 34 GPS 0 49754253 356542232 0 80518 0 0 54418500 12 0
24.41 34 WP_MOVED 1 497586.6875 3565500. 833.
24.45 34 ESTIMATOR 0. 0. 0. 0. 0.
24.57 34 NAVIGATION 0 1 0 0 26 0. 140.5
24.57 34 GPS 0 49754253 356542232 0 80518 0 0 54418748 12 0
24.57 34 ATTITUDE -5 0 -36
24.77 34 CALIB_CONTRAST 1150
24.88 34 DESIRED -0. 0. 0. 0. 778. 0.
24.88 34 NAVIGATION 0 1 0 0 26 0. 140.5
24.88 34 GPS 0 49754253 356542232 0 80518 0 0 54419000 12 0
24.88 34 WP_MOVED 2 497622.6875 3565498.5 833.
24.88 34 PPRZ_MODE 0 0 3 0 0 1 0
24.91 34 DOWNLINK_STATUS 25 9305 588 0 459. 28.
24.95 34 ESTIMATOR 0. 0. 0. 0. 0.
25.07 34 COMMANDS 13,40,-12,-1783
25.07 34 NAVIGATION 0 1 0 0 26 0. 140.5
25.07 34 ATTITUDE -5 0 -36
25.07 34 DL_VALUE 3 0.
25.07 34 GPS 0 49754253 356542232 0 80518 0 0 54419248 12 0
25.07 34 FBW_STATUS 0 0 118
25.27 34 RAD_OF_IR 12 0 0.00165
25.27 34 NAVIGATION_REF 497575 3565498 12
25.38 34 IR_SENSORS -864 11 1
25.38 34 NAVIGATION 0 1 0 0 26 0. 140.5
25.38 34 WP_MOVED 3 497546.40625 3565495.5 833.
25.38 34 GYRO_RATES -30 29 3 0.261799 0.253073 0.02618
25.38 34 GPS 0 49754253 356542232 0 80518 0 0 54419500 12 0
25.46 34 ESTIMATOR 0. 0. 0. 0. 0.
25.46 34 BAT 20 118 0 0 45 0 0
25.49 34 NAVIGATION 0 1 0 0 26 0. 140.5
25.49 34 ATTITUDE -5 0 -36
25.49 34 CALIBRATION 0. 0.015 0.046 0
25.57 34 GPS 0 49754253 356542232 0 80518 0 0 54419748 12 0
25.57 34 CALIB_CONTRAST 1150
25.57 34 SERVO 6135 -5522 19
25.89 34 DESIRED -0. 0. 0. 0. 778. 0.
25.89 34 IR_DEBUG 625 610 625 610
25.89 34 NAVIGATION 0 1 0 0 26 0. 140.5
25.91 34 DOWNLINK_STATUS 26 9682 613 0 377. 25.
25.97 34 WP_MOVED 4 497575. 3565498. 0.
25.97 34 GPS 0 49754253 356542232 0 80518 0 0 54420000 12 0
25.97 34 ESTIMATOR 0. 0. 0. 0. 0.
25.98 34 COMMANDS 4,-6,-63,-1791
25.98 34 NAVIGATION 0 1 0 0 26 0. 140.5
25.98 34 ATTITUDE -5 0 -36
25.98 34 DL_VALUE 4 0.
26.06 34 FBW_STATUS 0 0 118
26.06 34 GPS 0 49754253 356542232 0 80518 0 0 54420248 12 0
26.06 34 RAD_OF_IR 10 0 0.00165
26.16 34 IR_SENSORS -866 9 1
26.16 34 NAVIGATION 0 1 0 0 26 0. 140.5
26.38 34 WP_MOVED 0 497617. 3565540. 833.
26.42 34 GYRO_RATES -29 29 3 0.253073 0.253073 0.02618
26.48 34 GPS 0 49754253 356542232 0 80518 0 0 54420500 12 0
26.48 34 ESTIMATOR 0. 0. 0. 0. 0.
26.48 34 NAVIGATION 0 1 0 0 26 0. 140.5
26.48 34 ATTITUDE -5 0 -37
26.48 34 CALIB_CONTRAST 1150
26.55 34 GPS 0 49754253 356542232 0 80518 0 0 54420748 12 0
26.66 34 DESIRED -0. 0. 0. 0. 778. 0.
26.66 34 NAVIGATION 0 1 0 0 26 0. 140.5
26.68 34 WP_MOVED 1 497586.6875 3565500. 833.
26.92 34 DOWNLINK_STATUS 27 10058 636 0 376. 23.
27.11 34 ESTIMATOR 0. 0. 0. 0. 0.
27.11 34 GPS 0 49754253 356542232 0 80518 0 0 54421000 12 0
27.11 34 COMMANDS 5,17,-39,-1794
27.11 34 NAVIGATION 0 1 0 0 26 0. 140.5
27.11 34 ATTITUDE -5 0 -37
27.11 34 DL_VALUE 5 0.
27.17 34 FBW_STATUS 0 0 118
27.17 34 RAD_OF_IR 10 0 0.00165
27.17 34 GPS 0 49754253 356542232 0 80518 0 0 54421248 12 0
27.17 34 IR_SENSORS -867 10 1
27.17 34 NAVIGATION 0 1 0 0 26 0. 140.5
27.18 34 WP_MOVED 2 497622.6875 3565498.5 833.
27.18 34 GYRO_RATES -30 29 3 0.261799 0.253073 0.02618
27.28 34 ESTIMATOR 0. 0. 0. 0. 0.
27.31 34 BAT 11 118 0 0 47 0 0
27.38 34 GPS 0 49754253 356542232 0 80518 0 0 54421500 12 0
27.38 34 NAVIGATION 0 1 0 0 26 0. 140.5
27.38 34 ATTITUDE -5 0 -37
27.38 34 CALIBRATION 0. 0.015 0.046 0
27.57 34 CALIB_CONTRAST 1150
27.57 34 SERVO 6334 -5522 12
27.69 34 GPS 0 49754253 356542232 0 80518 0 0 54421748 12 0
27.69 34 DESIRED -0. 0. 0. 0. 778. 0.
27.69 34 IR_DEBUG 628 613 628 613
27.69 34 NAVIGATION 0 1 0 0 26 0. 140.5
27.69 34 WP_MOVED 3 497546.40625 3565495.5 833.
27.75 34 ESTIMATOR 0. 0. 0. 0. 0.
27.88 34 GPS 0 49754253 356542232 0 80518 0 0 54422000 12 0
27.88 34 COMMANDS 16,-1,-26,-1751
27.88 34 NAVIGATION 0 1 0 0 26 0. 140.5
27.88 34 ATTITUDE -5 0 -37
27.88 34 DL_VALUE 6 0.
27.88 34 FBW_STATUS 0 0 118
27.91 34 DOWNLINK_STATUS 28 10564 669 0 506. 33.
28.07 34 RAD_OF_IR 10 0 0.00165
28.23 34 IR_SENSORS -869 9 1
28.23 34 GPS 0 49754253 356542232 0 80518 0 0 54422248 12 0
28.23 34 NAVIGATION 0 1 0 0 26 0. 140.5
28.23 34 WP_MOVED 4 497575. 3565498. 0.
28.23 34 GYRO_RATES -30 29 3 0.261799 0.253073 0.02618
28.25 34 ESTIMATOR 0. 0. 0. 0. 0.
28.37 34 NAVIGATION 0 1 0 0 26 0. 140.5
28.37 34 ATTITUDE -5 0 -37
28.37 34 GPS 0 49754253 356542232 0 80518 0 0 54422500 12 0
28.37 34 CALIB_CONTRAST 1150
28.58 34 DESIRED -0. 0. 0. 0. 778. 0.
28.67 34 NAVIGATION 0 1 0 0 26 0. 140.5
28.67 34 GPS 0 49754253 356542232 0 80518 0 0 54422748 12 0
28.67 34 WP_MOVED 0 497617. 3565540. 833.
28.67 34 ESTIMATOR 0. 0. 0. 0. 0.
28.78 34 COMMANDS 13,9,-33,-1786
28.81 34 NAVIGATION 0 1 0 0 26 0. 140.5
28.81 34 ATTITUDE -5 0 -37
28.81 34 DL_VALUE 7 0.
28.86 34 GPS 0 49754253 356542232 0 80518 0 0 54423000 12 0
28.86 34 FBW_STATUS 0 0 118
28.86 34 RAD_OF_IR 11 0 0.00165
28.91 34 DOWNLINK_STATUS 29 10935 692 0 371. 23.
29.62 34 WP_MOVED 2 497622.6875 3565498.5 833.
29.62 34 PPRZ_MODE 0 0 3 0 0 1 0
29.62 34 GPS 0 49754253 356542232 0 80518 0 0 54423748 12 0
29.62 34 BAT 6 118 0 0 49 0 0
29.62 34 NAVIGATION 0 1 0 0 26 0. 140.5
29.70 34 ATTITUDE -5 0 -37
29.70 34 CALIBRATION 0. 0.015 0.046 0
29.70 34 GPS 0 49754253 356542232 0 80518 0 0 54423500 12 0
29.70 34 CALIB_CONTRAST 1150
29.70 34 SERVO 6185 -5575 0
29.70 34 DESIRED -0. 0. 0. 0. 778. 0.
29.70 34 IR_DEBUG 626 608 626 608
29.80 34 WP_MOVED 2 497622.6875 3565498.5 833.
29.83 34 PPRZ_MODE 0 0 3 0 0 1 0
29.83 34 GPS 0 49754253 356542232 0 80518 0 0 54423748 12 0
29.84 34 ESTIMATOR 0. 0. 0. 0. 0.
29.84 34 COMMANDS 21,3,-52,-1794
29.84 34 NAVIGATION 0 1 0 0 26 0. 140.5
29.84 34 ATTITUDE -4 0 -36
29.86 34 DL_VALUE 8 4.4
29.86 34 FBW_STATUS 0 0 118
29.86 34 RAD_OF_IR 11 0 0.00165
29.86 34 GPS 0 49754253 356542232 0 80518 0 0 54424000 12 0
29.87 34 IR_SENSORS -861 11 1
29.91 34 DOWNLINK_STATUS 30 11283 716 0 348. 24.
30.19 34 NAVIGATION 0 1 0 0 26 0. 140.5
30.19 34 WP_MOVED 3 497546.40625 3565495.5 833.
30.19 34 GYRO_RATES -30 29 3 0.261799 0.253073 0.02618
30.28 34 GPS 0 49754253 356542232 0 80518 0 0 54424248 12 0
30.31 34 ESTIMATOR 0. 0. 0. 0. 0.
30.31 34 NAVIGATION 0 1 0 0 26 0. 140.5
30.31 34 ATTITUDE -5 0 -36
30.31 34 CALIB_CONTRAST 1150
30.37 34 GPS 0 49754253 356542232 0 80518 0 0 54424500 12 0
30.37 34 DESIRED -0. 0. 0. 0. 778. 0.
30.37 34 NAVIGATION 0 1 0 0 26 0. 140.5
30.44 34 WP_MOVED 4 497575. 3565498. 0.
30.69 34 GPS 0 49754253 356542232 0 80518 0 0 54424748 12 0
30.69 34 ESTIMATOR 0. 0. 0. 0. 0.
30.77 34 COMMANDS 3,44,-23,-1753
30.81 34 NAVIGATION 0 1 0 0 26 0. 140.5
30.81 34 ATTITUDE -5 0 -36
30.81 34 DL_VALUE 9 -57.240002
30.81 34 FBW_STATUS 0 0 118
30.81 34 RAD_OF_IR 10 0 0.00165
30.87 34 GPS 0 49754253 356542232 0 80518 0 0 54425000 12 0
30.87 34 IR_SENSORS -863 11 1
30.87 34 NAVIGATION 0 1 0 0 26 0. 140.5
30.91 34 DOWNLINK_STATUS 31 11662 739 0 379. 23.
30.96 34 WP_MOVED 0 497617. 3565540. 833.
30.96 34 GYRO_RATES -30 29 3 0.261799 0.253073 0.02618
31.20 34 ESTIMATOR 0. 0. 0. 0. 0.
31.20 34 BAT 6 118 0 0 51 0 0
31.20 34 GPS 0 49754253 356542232 0 80518 0 0 54425248 12 0
31.27 34 NAVIGATION 0 1 0 0 26 0. 140.5
31.31 34 ATTITUDE -5 0 -36
31.31 34 CALIBRATION 0. 0.015 0.046 0
31.31 34 CALIB_CONTRAST 1150
31.31 34 SERVO 6185 -5470 2
31.41 34 DESIRED -0. 0. 0. 0. 778. 0.
31.41 34 IR_DEBUG 626 611 626 611
31.41 34 GPS 0 49754253 356542232 0 80518 0 0 54425500 12 0
31.41 34 NAVIGATION 0 1 0 0 26 0. 140.5
31.41 34 WP_MOVED 1 497586.6875 3565500. 833.
31.47 34 ESTIMATOR 0. 0. 0. 0. 0.
31.67 34 GPS 0 49754253 356542232 0 80518 0 0 54425748 12 0
31.67 34 COMMANDS 0,9,-37,-1756
31.67 34 NAVIGATION 0 1 0 0 26 0. 140.5
31.67 34 ATTITUDE -5 0 -36
31.67 34 DL_VALUE 10 0.
31.68 34 FBW_STATUS 0 0 118
31.68 34 RAD_OF_IR 10 0 0.00165
31.76 34 IR_SENSORS -861 10 1
31.89 34 NAVIGATION 0 1 0 0 26 0. 140.5
31.89 34 GPS 0 49754253 356542232 0 80518 0 0 54426000 12 0
31.89 34 WP_MOVED 2 497622.6875 3565498.5 833.
31.89 34 GYRO_RATES -30 29 4 0.261799 0.253073 0.034907
31.91 34 DOWNLINK_STATUS 32 12105 767 0 443. 28.
32.07 34 ESTIMATOR 0. 0. 0. 0. 0.
32.10 34 NAVIGATION 0 1 0 0 26 0. 140.5
32.10 34 GPS 0 49754253 356542232 0 80518 0 0 54426248 12 0
32.10 34 ATTITUDE -5 0 -35
32.14 34 CALIB_CONTRAST 1150
32.27 34 DESIRED -0. 0. 0. 0. 778. 0.
32.27 34 NAVIGATION 0 1 0 0 26 0. 140.5
32.36 34 GPS 0 49754253 356542232 0 80518 0 0 54426500 12 0
32.36 34 WP_MOVED 3 497546.40625 3565495.5 833.
32.57 34 ESTIMATOR 0. 0. 0. 0. 0.
32.68 34 COMMANDS 4,32,-23,-1766
32.68 34 NAVIGATION 0 1 0 0 26 0. 140.5
32.68 34 ATTITUDE -5 0 -35
32.68 34 DL_VALUE 11 1.
32.68 34 GPS 0 49754253 356542232 0 80518 0 0 54426748 12 0
32.69 34 FBW_STATUS 0 0 118
32.69 34 RAD_OF_IR 9 0 0.00165
32.69 34 IR_SENSORS -854 8 1
32.76 34 NAVIGATION 0 1 0 0 26 0. 140.5
32.87 34 WP_MOVED 4 497575. 3565498. 0.
32.87 34 GYRO_RATES -30 29 3 0.261799 0.253073 0.02618
32.87 34 GPS 0 49754253 356542232 0 80518 0 0 54427000 12 0
32.91 34 DOWNLINK_STATUS 33 12466 789 0 361. 22.
33.08 34 ESTIMATOR 0. 0. 0. 0. 0.
33.08 34 BAT 4 118 0 0 53 0 0
33.18 34 NAVIGATION 0 1 0 0 26 0. 140.5
33.18 34 ATTITUDE -5 0 -35
33.18 34 CALIBRATION 0. 0.015 0.046 0
33.18 34 GPS 0 49754253 356542232 0 80518 0 0 54427248 12 0
33.18 34 CALIB_CONTRAST 1150
33.18 34 SERVO 5587 -5470 3
33.27 34 DESIRED -0. 0. 0. 0. 778. 0.
33.31 34 IR_DEBUG 616 602 616 602
33.31 34 NAVIGATION 0 1 0 0 26 0. 140.5
33.31 34 WP_MOVED 0 497617. 3565540. 833.
33.36 34 GPS 0 49754253 356542232 0 80518 0 0 54427500 12 0
33.36 34 ESTIMATOR 0. 0. 0. 0. 0.
33.59 34 COMMANDS 15,12,-28,-1783
33.59 34 NAVIGATION 0 1 0 0 26 0. 140.5
33.59 34 ATTITUDE -5 0 -35
33.59 34 DL_VALUE 12 0.
33.69 34 FBW_STATUS 0 0 118
33.69 34 GPS 0 49754253 356542232 0 80518 0 0 54427748 12 0
33.69 34 RAD_OF_IR 9 0 0.00165
33.69 34 NAVIGATION_REF 497575 3565498 12
33.69 34 ACTUATORS 1501,1502,0,1201,1408
33.69 34 IR_SENSORS -853 9 1
33.69 34 NAVIGATION 0 1 0 0 26 0. 140.5
33.76 34 WP_MOVED 1 497586.6875 3565500. 833.
33.79 34 GYRO_RATES -30 29 3 0.261799 0.253073 0.02618
33.86 34 GPS 0 49754253 356542232 0 80518 0 0 54428000 12 0
33.86 34 ESTIMATOR 0. 0. 0. 0. 0.
33.91 34 DOWNLINK_STATUS 34 12920 818 0 454. 29.
34.08 34 NAVIGATION 0 1 0 0 26 0. 140.5
34.08 34 ATTITUDE -5 0 -35
34.18 34 CALIB_CONTRAST 1150
34.18 34 GPS 0 49754253 356542232 0 80518 0 0 54428248 12 0
34.18 34 DESIRED -0. 0. 0. 0. 778. 0.
34.18 34 NAVIGATION 0 1 0 0 26 0. 140.5
34.26 34 WP_MOVED 2 497622.6875 3565498.5 833.
34.29 34 PPRZ_MODE 0 0 3 0 0 1 0
34.73 34 ESTIMATOR 0. 0. 0. 0. 0.
34.73 34 GPS 0 49754253 356542232 0 80518 0 0 54428500 12 0
34.73 34 COMMANDS 10,9,-37,-1768
34.73 34 NAVIGATION 0 1 0 0 26 0. 140.5
34.73 34 ATTITUDE -5 0 -34
34.74 34 DL_VALUE 13 545.
34.79 34 FBW_STATUS 0 0 118
34.79 34 RAD_OF_IR 8 0 0.00165
34.79 34 GPS 0 49754253 356542232 0 80518 0 0 54428748 12 0
34.79 34 IR_SENSORS -853 7 1
34.79 34 NAVIGATION 0 1 0 0 26 0. 140.5
34.79 34 WP_MOVED 3 497546.40625 3565495.5 833.
34.79 34 GYRO_RATES -30 29 3 0.261799 0.253073 0.02618
34.89 34 ESTIMATOR 0. 0. 0. 0. 0.
34.89 34 BAT 27 118 0 0 55 0 0
34.90 34 GPS 0 49754253 356542232 0 80518 0 0 54429000 12 0
34.90 34 NAVIGATION 0 1 0 0 26 0. 140.5
34.90 34 ATTITUDE -5 0 -35
34.90 34 CALIBRATION 0. 0.015 0.046 0
34.92 34 DOWNLINK_STATUS 35 13345 845 0 425. 27.
34.95 34 CALIB_CONTRAST 1150
34.95 34 SERVO 5736 -5417 16
35.30 34 GPS 0 49754253 356542232 0 80518 0 0 54429248 12 0
35.30 34 DESIRED -0. 0. 0. 0. 778. 0.
35.30 34 IR_DEBUG 618 606 618 606
35.30 34 NAVIGATION 0 1 0 0 26 0. 140.5
35.41 34 WP_MOVED 4 497575. 3565498. 0.
35.41 34 ESTIMATOR 0. 0. 0. 0. 0.
35.41 34 COMMANDS 3,10,-48,-1771
35.41 34 NAVIGATION 0 1 0 0 26 0. 140.5
35.41 34 GPS 0 49754253 356542232 0 80518 0 0 54429500 12 0
35.41 34 ATTITUDE -5 0 -36
35.41 34 DL_VALUE 14 455.
35.41 34 FBW_STATUS 0 0 118
35.44 34 RAD_OF_IR 8 0 0.00165
35.48 34 IR_SENSORS -860 9 1
35.57 34 GPS 0 49754253 356542232 0 80518 0 0 54429748 12 0
35.57 34 NAVIGATION 0 1 0 0 26 0. 140.5
35.78 34 WP_MOVED 0 497617. 3565540. 833.
35.78 34 GYRO_RATES -30 29 4 0.261799 0.253073 0.034907
35.88 34 ESTIMATOR 0. 0. 0. 0. 0.
35.88 34 NAVIGATION 0 1 0 0 26 0. 140.5
35.88 34 ATTITUDE -5 0 -36
35.88 34 GPS 0 49754253 356542232 0 80518 0 0 54430000 12 0
35.88 34 CALIB_CONTRAST 1150
35.92 34 DOWNLINK_STATUS 36 13728 870 0 383. 25.
35.98 34 DESIRED -0. 0. 0. 0. 778. 0.
36.05 34 NAVIGATION 0 1 0 0 26 0. 140.5
36.18 34 GPS 0 49754253 356542232 0 80518 0 0 54430248 12 0
36.18 34 WP_MOVED 1 497586.6875 3565500. 833.
36.19 34 ESTIMATOR 0. 0. 0. 0. 0.
36.28 34 COMMANDS 2,17,-50,-1769
36.31 34 NAVIGATION 0 1 0 0 26 0. 140.5
36.31 34 ATTITUDE -5 0 -36
36.32 34 DL_VALUE 15 452.
36.36 34 GPS 0 49754253 356542232 0 80518 0 0 54430500 12 0
36.36 34 FBW_STATUS 0 0 118
36.36 34 RAD_OF_IR 10 0 0.00165
36.47 34 IR_SENSORS -862 11 1
36.47 34 NAVIGATION 0 1 0 0 26 0. 140.5
36.70 34 GPS 0 49754253 356542232 0 80518 0 0 54430748 12 0
36.70 34 WP_MOVED 2 497622.6875 3565498.5 833.
36.70 34 GYRO_RATES -30 29 3 0.261799 0.253073 0.02618
36.78 34 ESTIMATOR 0. 0. 0. 0. 0.
36.81 34 BAT 18 118 0 0 57 0 0
36.82 34 NAVIGATION 0 1 0 0 26 0. 140.5
36.82 34 ATTITUDE -5 0 -36
36.82 34 CALIBRATION 0. 0.015 0.046 0
36.86 34 GPS 0 49754253 356542232 0 80518 0 0 54431000 12 0
36.86 34 CALIB_CONTRAST 1150
36.86 34 SERVO 6085 -5522 3
36.92 34 DOWNLINK_STATUS 37 14126 895 0 398. 25.
36.97 34 DESIRED -0. 0. 0. 0. 778. 0.
36.97 34 IR_DEBUG 624 610 624 610
36.97 34 NAVIGATION 0 1 0 0 26 0. 140.5
37.17 34 WP_MOVED 3 497546.40625 3565495.5 833.
37.29 34 GPS 0 49754253 356542232 0 80518 0 0 54431248 12 0
37.33 34 ESTIMATOR 0. 0. 0. 0. 0.
37.33 34 COMMANDS 23,-6,-37,-1783
37.33 34 NAVIGATION 0 1 0 0 26 0. 140.5
37.33 34 ATTITUDE -5 0 -36
37.33 34 DL_VALUE 16 7500.
37.33 34 FBW_STATUS 0 0 118
37.33 34 RAD_OF_IR 9 0 0.00165
37.35 34 GPS 0 49754253 356542232 0 80518 0 0 54431500 12 0
37.36 34 IR_SENSORS -864 10 1
37.69 34 NAVIGATION 0 1 0 0 26 0. 140.5
37.69 34 WP_MOVED 4 497575. 3565498. 0.
37.69 34 GYRO_RATES -30 29 4 0.261799 0.253073 0.034907
37.78 34 GPS 0 49754253 356542232 0 80518 0 0 54431748 12 0
37.81 34 ESTIMATOR 0. 0. 0. 0. 0.
37.82 34 NAVIGATION 0 1 0 0 26 0. 140.5
37.82 34 ATTITUDE -5 0 -36
37.82 34 CALIB_CONTRAST 1150
37.87 34 GPS 0 49754253 356542232 0 80518 0 0 54432000 12 0
37.87 34 DESIRED -0. 0. 0. 0. 778. 0.
37.87 34 NAVIGATION 0 1 0 0 26 0. 140.5
37.92 34 DOWNLINK_STATUS 38 14541 920 0 415. 25.
37.94 34 WP_MOVED 0 497617. 3565540. 833.
38.19 34 GPS 0 49754253 356542232 0 80518 0 0 54432248 12 0
38.19 34 ESTIMATOR 0. 0. 0. 0. 0.
38.39 34 COMMANDS 23,23,-15,-1813
38.43 34 NAVIGATION 0 1 0 0 26 0. 140.5
38.43 34 ATTITUDE -5 0 -36
38.43 34 DL_VALUE 17 11250.
38.43 34 FBW_STATUS 0 0 118
38.49 34 RAD_OF_IR 10 0 0.00165
38.50 34 GPS 0 49754253 356542232 0 80518 0 0 54432500 12 0
38.50 34 ACTUATORS 1500,1503,0,1201,1407
38.50 34 IR_SENSORS -861 10 1
38.50 34 NAVIGATION 0 1 0 0 26 0. 140.5
38.50 34 WP_MOVED 1 497586.6875 3565500. 833.
38.50 34 GYRO_RATES -30 29 3 0.261799 0.253073 0.02618
38.70 34 ESTIMATOR 0. 0. 0. 0. 0.
38.70 34 BAT 11 118 0 0 59 0 0
38.70 34 GPS 0 49754253 356542232 0 80518 0 0 54432748 12 0
38.77 34 NAVIGATION 0 1 0 0 26 0. 140.5
38.81 34 ATTITUDE -5 0 -36
38.81 34 CALIBRATION 0. 0.015 0.046 0
38.81 34 CALIB_CONTRAST 1150
38.81 34 SERVO 5986 -5470 13
38.92 34 DOWNLINK_STATUS 39 14881 943 0 340. 23.
38.99 34 DESIRED -0. 0. 0. 0. 778. 0.
38.99 34 IR_DEBUG 622 607 622 607
38.99 34 GPS 0 49754253 356542232 0 80518 0 0 54433000 12 0
39.00 34 NAVIGATION 0 1 0 0 26 0. 140.5
39.00 34 WP_MOVED 2 497622.6875 3565498.5 833.
39.00 34 PPRZ_MODE 0 0 3 0 0 1 0
39.00 34 ESTIMATOR 0. 0. 0. 0. 0.
39.30 34 GPS 0 49754253 356542232 0 80518 0 0 54433248 12 0
39.30 34 COMMANDS 13,17,-22,-1779
39.30 34 NAVIGATION 0 1 0 0 26 0. 140.5
39.30 34 ATTITUDE -5 0 -36
39.30 34 DL_VALUE 18 12000.
39.40 34 FBW_STATUS 0 0 118
39.40 34 RAD_OF_IR 11 0 0.00165
39.40 34 IR_SENSORS -859 11 1
39.40 34 NAVIGATION 0 1 0 0 26 0. 140.5
39.40 34 GPS 0 49754253 356542232 0 80518 0 0 54433500 12 0
39.41 34 WP_MOVED 3 497546.40625 3565495.5 833.
39.41 34 GYRO_RATES -30 29 4 0.261799 0.253073 0.034907
39.45 34 ESTIMATOR 0. 0. 0. 0. 0.
39.57 34 NAVIGATION 0 1 0 0 26 0. 140.5
39.57 34 ATTITUDE -5 0 -35
39.57 34 GPS 0 49754253 356542232 0 80518 0 0 54433748 12 0
39.77 34 CALIB_CONTRAST 1150
39.88 34 DESIRED -0. 0. 0. 0. 778. 0.
39.88 34 NAVIGATION 0 1 0 0 26 0. 140.5
39.88 34 GPS 0 49754253 356542232 0 80518 0 0 54434000 12 0
39.88 34 WP_MOVED 4 497575. 3565498. 0.
39.92 34 DOWNLINK_STATUS 40 15347 971 0 466. 28.
39.95 34 ESTIMATOR 0. 0. 0. 0. 0.
40.07 34 COMMANDS 14,6,-48,-1778
40.08 34 NAVIGATION 0 1 0 0 26 0. 140.5
40.08 34 ATTITUDE -5 0 -36
40.08 34 DL_VALUE 19 0.
40.08 34 GPS 0 49754253 356542232 0 80518 0 0 54434248 12 0
40.08 34 FBW_STATUS 0 0 118
40.08 34 RAD_OF_IR 10 0 0.00165
40.18 34 IR_SENSORS -862 9 1
40.26 34 NAVIGATION 0 1 0 0 26 0. 140.5
40.37 34 WP_MOVED 0 497617. 3565540. 833.
40.37 34 GYRO_RATES -29 29 3 0.253073 0.253073 0.02618
40.37 34 GPS 0 49754253 356542232 0 80518 0 0 54434500 12 0
40.46 34 ESTIMATOR 0. 0. 0. 0. 0.
40.46 34 BAT 3 118 0 0 61 0 0
40.49 34 NAVIGATION 0 1 0 0 26 0. 140.5
40.49 34 ATTITUDE -5 0 -36
40.49 34 CALIBRATION 0. 0.015 0.046 0
40.68 34 GPS 0 49754253 356542232 0 80518 0 0 54434748 12 0
40.68 34 CALIB_CONTRAST 1150
40.68 34 SERVO 6235 -5575 8
40.77 34 DESIRED -0. 0. 0. 0. 778. 0.
40.81 34 IR_DEBUG 627 611 627 611
40.81 34 NAVIGATION 0 1 0 0 26 0. 140.5
40.81 34 WP_MOVED 1 497586.6875 3565500. 833.
40.86 34 GPS 0 49754253 356542232 0 80518 0 0 54435000 12 0
40.86 34 ESTIMATOR 0. 0. 0. 0. 0.
40.92 34 DOWNLINK_STATUS 41 15777 998 0 430. 27.
40.97 34 COMMANDS 2,4,-40,-1769
40.97 34 NAVIGATION 0 1 0 0 26 0. 140.5
40.97 34 ATTITUDE -5 0 -37
40.97 34 DL_VALUE 20 20000.
41.18 34 FBW_STATUS 0 0 118
41.18 34 GPS 0 49754253 356542232 0 80518 0 0 54435248 12 0
41.18 34 RAD_OF_IR 11 0 0.00165
41.19 34 IR_SENSORS -869 12 1
41.19 34 NAVIGATION 0 1 0 0 26 0. 140.5
41.27 34 WP_MOVED 2 497622.6875 3565498.5 833.
41.30 34 GYRO_RATES -30 29 4 0.261799 0.253073 0.034907
41.36 34 GPS 0 49754253 356542232 0 80518 0 0 54435500 12 0
41.36 34 ESTIMATOR 0. 0. 0. 0. 0.
41.45 34 NAVIGATION 0 1 0 0 26 0. 140.5
41.45 34 ATTITUDE -4 0 -37
41.48 34 CALIB_CONTRAST 1150
41.68 34 GPS 0 49754253 356542232 0 80518 0 0 54435748 12 0
41.77 34 DESIRED -0. 0. 0. 0. 778. 0.
41.81 34 NAVIGATION 0 1 0 0 26 0. 140.5
41.81 34 WP_MOVED 3 497546.40625 3565495.5 833.
41.92 34 DOWNLINK_STATUS 42 16089 1018 0 312. 20.
41.98 34 ESTIMATOR 0. 0. 0. 0. 0.
41.98 34 GPS 0 49754253 356542232 0 80518 0 0 54436000 12 0
41.98 34 COMMANDS 23,17,-9,-1784
41.98 34 NAVIGATION 0 1 0 0 26 0. 140.5
41.98 34 ATTITUDE -4 0 -37
41.98 34 DL_VALUE 21 17500.
41.99 34 FBW_STATUS 0 0 118
41.99 34 RAD_OF_IR 14 0 0.00165
41.99 34 NAVIGATION_REF 497575 3565498 12
42.18 34 GPS 0 49754253 356542232 0 80518 0 0 54436248 12 0
42.18 34 IR_SENSORS -870 14 1
42.26 34 NAVIGATION 0 1 0 0 26 0. 140.5
42.30 34 WP_MOVED 4 497575. 3565498. 0.
42.30 34 GYRO_RATES -30 29 3 0.261799 0.253073 0.02618
42.40 34 ESTIMATOR 0. 0. 0. 0. 0.
42.40 34 BAT 17 118 0 0 63 0 0
42.40 34 GPS 0 49754253 356542232 0 80518 0 0 54436500 12 0
42.40 34 NAVIGATION 0 1 0 0 26 0. 140.5
42.40 34 ATTITUDE -4 0 -37
42.40 34 CALIBRATION 0. 0.015 0.046 0
42.45 34 CALIB_CONTRAST 1150
42.45 34 SERVO 6384 -5734 24
42.81 34 GPS 0 49754253 356542232 0 80518 0 0 54436748 12 0
42.81 34 DESIRED -0. 0. 0. 0. 778. 0.
42.81 34 IR_DEBUG 631 611 631 611
42.81 34 NAVIGATION 0 1 0 0 26 0. 140.5
42.81 34 WP_MOVED 0 497617. 3565540. 833.
42.89 34 ESTIMATOR 0. 0. 0. 0. 0.
42.89 34 GPS 0 49754253 356542232 0 80518 0 0 54437000 12 0
42.89 34 COMMANDS 24,-7,-17,-1778
42.89 34 NAVIGATION 0 1 0 0 26 0. 140.5
42.89 34 ATTITUDE -4 0 -37
42.89 34 DL_VALUE 22 20000.
42.89 34 FBW_STATUS 0 0 118
42.92 34 DOWNLINK_STATUS 43 16606 1052 0 517. 34.
42.94 34 RAD_OF_IR 14 0 0.00165
42.99 34 ACTUATORS 1502,1502,0,1201,1407
42.99 34 IR_SENSORS -865 13 1
43.06 34 GPS 0 49754253 356542232 0 80518 0 0 54437248 12 0
43.06 34 NAVIGATION 0 1 0 0 26 0. 140.5
43.28 34 WP_MOVED 1 497586.6875 3565500. 833.
43.28 34 GYRO_RATES -29 29 3 0.253073 0.253073 0.02618
43.38 34 ESTIMATOR 0. 0. 0. 0. 0.
43.38 34 NAVIGATION 0 1 0 0 26 0. 140.5
43.38 34 ATTITUDE -5 0 -36
43.38 34 GPS 0 49754253 356542232 0 80518 0 0 54437500 12 0
43.38 34 CALIB_CONTRAST 1150
43.48 34 DESIRED -0. 0. 0. 0. 778. 0.
43.55 34 NAVIGATION 0 1 0 0 26 0. 140.5
43.58 34 GPS 0 49754253 356542232 0 80518 0 0 54437748 12 0
43.58 34 WP_MOVED 2 497622.6875 3565498.5 833.
43.58 34 PPRZ_MODE 0 0 3 0 0 1 0
43.77 34 ESTIMATOR 0. 0. 0. 0. 0.
43.88 34 COMMANDS 3,27,-34,-1788
43.88 34 NAVIGATION 0 1 0 0 26 0. 140.5
43.88 34 ATTITUDE -5 0 -36
43.88 34 DL_VALUE 23 0.
43.88 34 GPS 0 49754253 356542232 0 80518 0 0 54438000 12 0
43.88 34 FBW_STATUS 0 0 118
43.88 34 RAD_OF_IR 9 0 0.00165
43.92 34 DOWNLINK_STATUS 44 16999 1077 0 393. 25.
43.97 34 IR_SENSORS -864 10 1
43.97 34 NAVIGATION 0 1 0 0 26 0. 140.5
44.09 34 GPS 0 49754253 356542232 0 80518 0 0 54438248 12 0
44.09 34 WP_MOVED 3 497546.40625 3565495.5 833.
44.09 34 GYRO_RATES -30 29 3 0.261799 0.253073 0.02618
44.28 34 ESTIMATOR 0. 0. 0. 0. 0.
44.28 34 BAT 20 118 0 0 65 0 0
44.38 34 NAVIGATION 0 1 0 0 26 0. 140.5
44.38 34 ATTITUDE -5 0 -36
44.38 34 CALIBRATION 0. 0.015 0.046 0
44.38 34 GPS 0 49754253 356542232 0 80518 0 0 54438500 12 0
44.38 34 CALIB_CONTRAST 1150
44.38 34 SERVO 6235 -5575 3
44.46 34 DESIRED -0. 0. 0. 0. 778. 0.
44.46 34 IR_DEBUG 627 611 627 611
44.46 34 NAVIGATION 0 1 0 0 26 0. 140.5
44.54 34 WP_MOVED 4 497575. 3565498. 0.
44.56 34 GPS 0 49754253 356542232 0 80518 0 0 54438748 12 0
44.77 34 ESTIMATOR 0. 0. 0. 0. 0.
44.88 34 COMMANDS 9,17,-44,-1761
44.88 34 NAVIGATION 0 1 0 0 26 0. 140.5
44.88 34 ATTITUDE -5 0 -36
44.88 34 DL_VALUE 24 2150.
44.89 34 FBW_STATUS 0 0 118
44.89 34 RAD_OF_IR 11 0 0.00165
44.89 34 GPS 0 49754253 356542232 0 80518 0 0 54439000 12 0
44.89 34 IR_SENSORS -863 11 1
44.92 34 DOWNLINK_STATUS 45 17415 1104 0 416. 27.
45.06 34 NAVIGATION 0 1 0 0 26 0. 140.5
45.06 34 WP_MOVED 0 497617. 3565540. 833.
45.07 34 GYRO_RATES -30 29 3 0.261799 0.253073 0.02618
45.08 34 GPS 0 49754253 356542232 0 80518 0 0 54439248 12 0
45.08 34 ESTIMATOR 0. 0. 0. 0. 0.
45.28 34 NAVIGATION 0 1 0 0 26 0. 140.5
45.28 34 ATTITUDE -5 0 -36
45.37 34 CALIB_CONTRAST 1150
45.37 34 GPS 0 49754253 356542232 0 80518 0 0 54439500 12 0
45.37 34 DESIRED -0. 0. 0. 0. 778. 0.
45.37 34 NAVIGATION 0 1 0 0 26 0. 140.5
45.45 34 WP_MOVED 1 497586.6875 3565500. 833.
45.58 34 GPS 0 49754253 356542232 0 80518 0 0 54439748 12 0
45.58 34 ESTIMATOR 0. 0. 0. 0. 0.
45.79 34 COMMANDS 13,3,-40,-1781
45.79 34 NAVIGATION 0 1 0 0 26 0. 140.5
45.79 34 ATTITUDE -5 0 -37
45.79 34 DL_VALUE 25 4900.
45.87 34 FBW_STATUS 0 0 118
45.87 34 RAD_OF_IR 11 0 0.00165
45.87 34 GPS 0 49754253 356542232 0 80518 0 0 54440000 12 0
45.87 34 IR_SENSORS -865 11 1
45.87 34 NAVIGATION 0 1 0 0 26 0. 140.5
45.92 34 DOWNLINK_STATUS 46 17794 1127 0 379. 23.
45.96 34 WP_MOVED 2 497622.6875 3565498.5 833.
45.96 34 GYRO_RATES -29 29 3 0.253073 0.253073 0.02618
46.07 34 ESTIMATOR 0. 0. 0. 0. 0.
46.07 34 BAT 4 118 0 0 67 0 0
46.07 34 GPS 0 49754253 356542232 0 80518 0 0 54440248 12 0
46.28 34 NAVIGATION 0 1 0 0 26 0. 140.5
46.28 34 ATTITUDE -5 0 -37
46.28 34 CALIBRATION 0. 0.015 0.046 0
46.41 34 CALIB_CONTRAST 1150
46.41 34 SERVO 6334 -5628 17
46.41 34 DESIRED -0. 0. 0. 0. 778. 0.
46.41 34 IR_DEBUG 629 613 629 613
46.41 34 GPS 0 49754253 356542232 0 80518 0 0 54440500 12 0
46.41 34 NAVIGATION 0 1 0 0 26 0. 140.5
46.41 34 WP_MOVED 3 497546.40625 3565495.5 833.
46.47 34 ESTIMATOR 0. 0. 0. 0. 0.
46.80 34 GPS 0 49754253 356542232 0 80518 0 0 54440748 12 0
46.80 34 COMMANDS 12,0,-50,-1793
46.80 34 NAVIGATION 0 1 0 0 26 0. 140.5
46.80 34 ATTITUDE -5 0 -37
46.80 34 DL_VALUE 26 10000.
46.92 34 DOWNLINK_STATUS 47 18134 1148 0 340. 21.
47.02 34 FBW_STATUS 0 0 118
47.02 34 RAD_OF_IR 11 0 0.00165
47.02 34 IR_SENSORS -869 12 1
47.02 34 NAVIGATION 0 1 0 0 26 0. 140.5
47.02 34 GPS 0 49754253 356542232 0 80518 0 0 54441000 12 0
47.02 34 WP_MOVED 4 497575. 3565498. 0.
47.02 34 GYRO_RATES -30 29 3 0.261799 0.253073 0.02618
47.08 34 ESTIMATOR 0. 0. 0. 0. 0.
47.08 34 NAVIGATION 0 1 0 0 26 0. 140.5
47.08 34 GPS 0 49754253 356542232 0 80518 0 0 54441248 12 0
47.08 34 ATTITUDE -4 0 -37
47.27 34 CALIB_CONTRAST 1150
47.38 34 DESIRED -0. 0. 0. 0. 778. 0.
47.38 34 NAVIGATION 0 1 0 0 26 0. 140.5
47.38 34 GPS 0 49754253 356542232 0 80518 0 0 54441500 12 0
47.38 34 WP_MOVED 0 497617. 3565540. 833.
47.45 34 ESTIMATOR 0. 0. 0. 0. 0.
47.58 34 COMMANDS 12,13,-20,-1779
47.58 34 NAVIGATION 0 1 0 0 26 0. 140.5
47.58 34 ATTITUDE -4 0 -37
47.58 34 DL_VALUE 27 4000.
47.58 34 GPS 0 49754253 356542232 0 80518 0 0 54441748 12 0
47.58 34 FBW_STATUS 0 0 118
47.58 34 RAD_OF_IR 12 0 0.00165
47.77 34 ACTUATORS 1499,1501,0,1200,1409
47.77 34 IR_SENSORS -868 11 1
47.88 34 NAVIGATION 0 1 0 0 26 0. 140.5
47.88 34 WP_MOVED 1 497586.6875 3565500. 833.
47.88 34 GYRO_RATES -29 29 3 0.253073 0.253073 0.02618
47.88 34 GPS 0 49754253 356542232 0 80518 0 0 54442000 12 0
47.92 34 DOWNLINK_STATUS 48 18611 1178 0 477. 30.
47.96 34 ESTIMATOR 0. 0. 0. 0. 0.
47.96 34 BAT 11 118 0 0 69 0 0
47.99 34 NAVIGATION 0 1 0 0 26 0. 140.5
47.99 34 ATTITUDE -4 0 -36
47.99 34 CALIBRATION 0. 0.015 0.046 0
48.28 34 GPS 0 49754253 356542232 0 80518 0 0 54442248 12 0
48.28 34 CALIB_CONTRAST 1150
48.28 34 SERVO 6185 -5628 14
48.39 34 DESIRED -0. 0. 0. 0. 778. 0.
48.39 34 IR_DEBUG 627 609 627 609
48.39 34 NAVIGATION 0 1 0 0 26 0. 140.5
48.40 34 WP_MOVED 2 497622.6875 3565498.5 833.
48.40 34 PPRZ_MODE 0 0 3 0 0 1 0
48.40 34 GPS 0 49754253 356542232 0 80518 0 0 54442500 12 0
48.47 34 COMMANDS 24,30,-12,-1774
48.47 34 NAVIGATION 0 1 0 0 26 0. 140.5
48.47 34 ATTITUDE -4 0 -36
48.47 34 DL_VALUE 28 0.228
48.56 34 FBW_STATUS 0 0 118
48.56 34 GPS 0 49754253 356542232 0 80518 0 0 54442748 12 0
48.56 34 RAD_OF_IR 13 0 0.00165
48.78 34 IR_SENSORS -862 14 1
48.78 34 NAVIGATION 0 1 0 0 26 0. 140.5
48.91 34 WP_MOVED 3 497546.40625 3565495.5 833.
48.91 34 GYRO_RATES -29 29 4 0.253073 0.253073 0.034907
48.91 34 GPS 0 49754253 356542232 0 80518 0 0 54443000 12 0
48.91 34 ESTIMATOR 0. 0. 0. 0. 0.
48.93 34 DOWNLINK_STATUS 49 19028 1205 0 417. 27.
48.95 34 NAVIGATION 0 1 0 0 26 0. 140.5
48.95 34 ATTITUDE -4 0 -36
48.98 34 CALIB_CONTRAST 1150
49.05 34 GPS 0 49754253 356542232 0 80518 0 0 54443248 12 0
49.28 34 DESIRED -0. 0. 0. 0. 778. 0.
49.28 34 NAVIGATION 0 1 0 0 26 0. 140.5
49.49 34 WP_MOVED 4 497575. 3565498. 0.
49.50 34 ESTIMATOR 0. 0. 0. 0. 0.
49.50 34 GPS 0 49754253 356542232 0 80518 0 0 54443500 12 0
49.50 34 COMMANDS 10,24,-23,-1769
49.50 34 NAVIGATION 0 1 0 0 26 0. 140.5
49.50 34 ATTITUDE -4 0 -36
49.50 34 DL_VALUE 29 0.42
49.50 34 FBW_STATUS 0 0 118
49.50 34 RAD_OF_IR 16 0 0.00165
49.56 34 GPS 0 49754253 356542232 0 80518 0 0 54443748 12 0
49.56 34 IR_SENSORS -858 16 1
49.77 34 NAVIGATION 0 1 0 0 26 0. 140.5
49.89 34 WP_MOVED 0 497617. 3565540. 833.
49.89 34 GYRO_RATES -30 29 3 0.261799 0.253073 0.02618
49.89 34 ESTIMATOR 0. 0. 0. 0. 0.
49.89 34 BAT 7 118 0 0 71 0 0
49.90 34 GPS 0 49754253 356542232 0 80518 0 0 54444000 12 0
49.90 34 NAVIGATION 0 1 0 0 26 0. 140.5
49.90 34 ATTITUDE -4 0 -35
49.90 34 CALIBRATION 0. 0.015 0.046 0
49.93 34 DOWNLINK_STATUS 50 19444 1231 0 416. 26.
49.95 34 CALIB_CONTRAST 1150
49.95 34 SERVO 5836 -5839 24
50.30 34 GPS 0 49754253 356542232 0 80518 0 0 54444248 12 0
50.30 34 DESIRED -0. 0. 0. 0. 778. 0.
50.30 34 IR_DEBUG 624 600 624 600
50.30 34 NAVIGATION 0 1 0 0 26 0. 140.5
50.40 34 WP_MOVED 1 497586.6875 3565500. 833.
50.40 34 ESTIMATOR 0. 0. 0. 0. 0.
50.40 34 GPS 0 49754253 356542232 0 80518 0 0 54444500 12 0
50.40 34 COMMANDS 13,-4,-39,-1768
50.40 34 NAVIGATION 0 1 0 0 26 0. 140.5
50.40 34 ATTITUDE -4 0 -35
50.40 34 DL_VALUE 30 0.
50.40 34 FBW_STATUS 0 0 118
50.45 34 RAD_OF_IR 12 0 0.00165
50.45 34 NAVIGATION_REF 497575 3565498 12
50.48 34 IR_SENSORS -856 12 1
50.57 34 GPS 0 49754253 356542232 0 80518 0 0 54444748 12 0
50.57 34 NAVIGATION 0 1 0 0 26 0. 140.5
50.79 34 WP_MOVED 2 497622.6875 3565498.5 833.
50.79 34 GYRO_RATES -30 29 3 0.261799 0.253073 0.02618
50.88 34 ESTIMATOR 0. 0. 0. 0. 0.
50.88 34 NAVIGATION 0 1 0 0 26 0. 140.5
50.88 34 ATTITUDE -5 0 -35
50.88 34 GPS 0 49754253 356542232 0 80518 0 0 54445000 12 0
50.88 34 CALIB_CONTRAST 1150
50.93 34 DOWNLINK_STATUS 51 19838 1257 0 394. 26.
50.98 34 DESIRED -0. 0. 0. 0. 778. 0.
51.08 34 NAVIGATION 0 1 0 0 26 0. 140.5
51.08 34 GPS 0 49754253 356542232 0 80518 0 0 54445248 12 0
51.08 34 WP_MOVED 3 497546.40625 3565495.5 833.
51.27 34 ESTIMATOR 0. 0. 0. 0. 0.
51.38 34 COMMANDS 10,17,-33,-1764
51.38 34 NAVIGATION 0 1 0 0 26 0. 140.5
51.38 34 ATTITUDE -5 0 -36
51.38 34 DL_VALUE 31 0.015
51.38 34 GPS 0 49754253 356542232 0 80518 0 0 54445500 12 0
51.38 34 FBW_STATUS 0 0 118
51.39 34 RAD_OF_IR 10 0 0.00165
51.47 34 IR_SENSORS -858 10 1
51.47 34 NAVIGATION 0 1 0 0 26 0. 140.5
51.60 34 GPS 0 49754253 356542232 0 80518 0 0 54445748 12 0
51.60 34 WP_MOVED 4 497575. 3565498. 0.
51.60 34 GYRO_RATES -29 29 3 0.253073 0.253073 0.02618
51.78 34 ESTIMATOR 0. 0. 0. 0. 0.
51.78 34 BAT 8 118 0 0 73 0 0
51.88 34 NAVIGATION 0 1 0 0 26 0. 140.5
51.88 34 ATTITUDE -5 0 -35
51.88 34 CALIBRATION 0. 0.015 0.046 0
51.88 34 GPS 0 49754253 356542232 0 80518 0 0 54446000 12 0
51.88 34 CALIB_CONTRAST 1150
51.88 34 SERVO 5736 -5575 13
51.93 34 DOWNLINK_STATUS 52 20236 1282 0 398. 25.
51.96 34 DESIRED -0. 0. 0. 0. 778. 0.
51.97 34 IR_DEBUG 621 604 621 604
51.97 34 NAVIGATION 0 1 0 0 26 0. 140.5
52.05 34 WP_MOVED 0 497617. 3565540. 833.
52.06 34 GPS 0 49754253 356542232 0 80518 0 0 54446248 12 0
52.27 34 ESTIMATOR 0. 0. 0. 0. 0.
52.41 34 COMMANDS 14,4,-42,-1778
52.41 34 NAVIGATION 0 1 0 0 26 0. 140.5
52.41 34 ATTITUDE -4 0 -35
52.41 34 DL_VALUE 32 0.
52.41 34 FBW_STATUS 0 0 118
52.41 34 RAD_OF_IR 13 0 0.00165
52.41 34 GPS 0 49754253 356542232 0 80518 0 0 54446500 12 0
52.41 34 ACTUATORS 1499,1502,0,1200,1408
52.41 34 IR_SENSORS -857 13 1
52.57 34 NAVIGATION 0 1 0 0 26 0. 140.5
52.57 34 WP_MOVED 1 497586.6875 3565500. 833.
52.57 34 GYRO_RATES -30 29 3 0.261799 0.253073 0.02618
52.58 34 GPS 0 49754253 356542232 0 80518 0 0 54446748 12 0
52.58 34 ESTIMATOR 0. 0. 0. 0. 0.
52.78 34 NAVIGATION 0 1 0 0 26 0. 140.5
52.78 34 ATTITUDE -4 0 -35
52.87 34 CALIB_CONTRAST 1150
52.87 34 GPS 0 49754253 356542232 0 80518 0 0 54447000 12 0
52.87 34 DESIRED -0. 0. 0. 0. 778. 0.
52.87 34 NAVIGATION 0 1 0 0 26 0. 140.5
52.93 34 DOWNLINK_STATUS 53 20664 1308 0 428. 26.
52.95 34 WP_MOVED 2 497622.6875 3565498.5 833.
52.95 34 PPRZ_MODE 0 0 3 0 0 1 0
53.07 34 GPS 0 49754253 356542232 0 80518 0 0 54447248 12 0
53.07 34 ESTIMATOR 0. 0. 0. 0. 0.
53.29 34 COMMANDS 17,6,-29,-1798
53.29 34 NAVIGATION 0 1 0 0 26 0. 140.5
53.29 34 ATTITUDE -4 0 -35
53.29 34 DL_VALUE 33 0.01
53.37 34 FBW_STATUS 0 0 118
53.37 34 RAD_OF_IR 15 0 0.00165
53.37 34 GPS 0 49754253 356542232 0 80518 0 0 54447500 12 0
53.37 34 IR_SENSORS -857 16 1
53.38 34 NAVIGATION 0 1 0 0 26 0. 140.5
53.46 34 WP_MOVED 3 497546.40625 3565495.5 833.
53.46 34 GYRO_RATES -30 29 3 0.261799 0.253073 0.02618
53.57 34 ESTIMATOR 0. 0. 0. 0. 0.
53.57 34 BAT 7 118 0 0 75 0 0
53.57 34 GPS 0 49754253 356542232 0 80518 0 0 54447748 12 0
53.78 34 NAVIGATION 0 1 0 0 26 0. 140.5
53.78 34 ATTITUDE -4 0 -35
53.78 34 CALIBRATION 0. 0.015 0.046 0
53.91 34 CALIB_CONTRAST 1150
53.91 34 SERVO 5736 -5839 13
53.91 34 DESIRED -0. 0. 0. 0. 778. 0.
53.91 34 IR_DEBUG 623 600 623 600
53.91 34 GPS 0 49754253 356542232 0 80518 0 0 54448000 12 0
53.91 34 NAVIGATION 0 1 0 0 26 0. 140.5
53.91 34 WP_MOVED 4 497575. 3565498. 0.
53.93 34 DOWNLINK_STATUS 54 21096 1336 0 432. 28.
53.97 34 ESTIMATOR 0. 0. 0. 0. 0.
54.30 34 GPS 0 49754253 356542232 0 80518 0 0 54448248 12 0
54.30 34 COMMANDS 10,23,-17,-1768
54.30 34 NAVIGATION 0 1 0 0 26 0. 140.5
54.30 34 ATTITUDE -4 0 -35
54.30 34 DL_VALUE 34 1.
54.40 34 FBW_STATUS 0 0 118
54.41 34 RAD_OF_IR 16 0 0.00165
54.41 34 IR_SENSORS -855 16 1
54.41 34 NAVIGATION 0 1 0 0 26 0. 140.5
54.41 34 GPS 0 49754253 356542232 0 80518 0 0 54448500 12 0
54.41 34 WP_MOVED 0 497617. 3565540. 833.
54.41 34 GYRO_RATES -30 29 3 0.261799 0.253073 0.02618
54.45 34 ESTIMATOR 0. 0. 0. 0. 0.
54.57 34 NAVIGATION 0 1 0 0 26 0. 140.5
54.57 34 GPS 0 49754253 356542232 0 80518 0 0 54448748 12 0
54.57 34 ATTITUDE -4 0 -35
54.76 34 CALIB_CONTRAST 1150
54.88 34 DESIRED -0. 0. 0. 0. 778. 0.
54.88 34 NAVIGATION 0 1 0 0 26 0. 140.5
54.88 34 GPS 0 49754253 356542232 0 80518 0 0 54449000 12 0
54.88 34 WP_MOVED 1 497586.6875 3565500. 833.
