9.49 34 ESTIMATOR 749.809998 2.22 2.22 2.22 749.809998
9.60 34 COMMANDS 266,-3,160,-513
9.60 34 NAVIGATION 0 2 -43 -10 38 0. 2873.1
9.60 34 ATTITUDE 1 0 -13
9.60 34 DL_VALUE 3 0.
9.60 34 FBW_STATUS 0 0 123
9.83 34 RAD_OF_IR 21 48 0.00157
9.83 34 NAVIGATION_REF 506366 3566262 12
9.83 34 GPS 3 50632247 356625165 259 74966 79 208 328117999 12 0
9.83 34 SVINFO 5 30 13 4 32 15 72
9.84 34 DOWNLINK_STATUS 861 157405 9544 0 310. 21.
9.91 34 DOWNLINK_STATUS 9 1019 65 0 120. 7.
10.03 34 IR_SENSORS -777 20 1
10.03 34 NAVIGATION 0 2 -43 -10 38 0. 2882.9
10.03 34 WP_MOVED 1 506292.5 3566296.25 800.
10.03 34 GYRO_RATES -38 -21 -3 0.331613 -0.18326 -0.02618
10.03 34 GPS 3 50632250 356625153 261 74935 89 214 328118251 12 0
10.03 34 SVINFO 6 20 12 4 24 11 308
10.05 34 BAT 186 123 36 0 45 35 0
10.05 34 NAVIGATION 0 2 -43 -10 38 0. 2895.4
10.05 34 ATTITUDE 0 0 -13
10.05 34 CALIBRATION 0. 0.023 0.067 0
10.21 34 SERVO 9600 -9600 168
10.46 34 GPS 3 50632247 356625140 266 74909 68 203 328118499 12 0
10.46 34 SVINFO 7 19 12 4 26 6 231
10.46 34 DESIRED 0. -0. 0. 0. 770. 0.
10.46 34 IR_DEBUG 573 544 573 544
10.46 34 NAVIGATION 0 2 -43 -10 38 0. 2905.2
10.46 34 WP_MOVED 2 506379.59375 3566304.75 800.
10.51 34 ESTIMATOR 749.090027 2.03 2.03 2.03 749.090027
10.52 34 GPS 3 50632239 356625125 267 74881 77 181 328118751 12 0
10.53 34 COMMANDS 70,0,-217,-541
10.53 34 NAVIGATION 0 2 -43 -10 38 0. 2913.9
10.53 34 ATTITUDE 0 0 -14
10.53 34 DL_VALUE 4 0.
10.71 34 FBW_STATUS 0 0 123
10.71 34 RAD_OF_IR 15 2 0.00157
10.81 34 GPS 3 50632239 356625117 262 74864 68 189 328118999 12 0
10.81 34 SVINFO 9 23 12 3 23 3 257
10.81 34 IR_SENSORS -779 14 1
10.81 34 NAVIGATION 0 2 -43 -10 38 0. 2921.1
10.84 34 DOWNLINK_STATUS 862 157843 9573 0 438. 29.
10.91 34 DOWNLINK_STATUS 10 1019 65 0 0. 0.
11.00 34 GYRO_RATES -38 -21 -3 0.331613 -0.18326 -0.02618
11.34 34 DESIRED 0. -0. 0. 0. 770. 0.
11.34 34 GPS 3 50632236 356625103 90 74812 92 190 328119499 12 0
11.34 34 NAVIGATION 0 2 -43 -10 38 0. 2931.9
11.39 34 WP_MOVED 0 506408. 3566304. 800.
11.39 34 ESTIMATOR 748.119995 1.9 1.9 1.9 748.119995
11.55 34 GPS 3 50632232 356625089 105 74811 86 205 328119751 12 0
11.55 34 COMMANDS 175,88,-11,-539
11.55 34 NAVIGATION 0 2 -43 -11 38 0. 2942.2
11.55 34 ATTITUDE 0 0 -15
11.55 34 DL_VALUE 5 38.
11.55 34 FBW_STATUS 0 0 123
11.55 34 RAD_OF_IR 18 42 0.00157
11.59 34 IR_SENSORS -788 16 1
11.84 34 NAVIGATION 0 2 -43 -11 38 0. 2942.2
11.84 34 GPS 3 50632228 356625072 103 74807 105 213 328119999 12 0
11.84 34 WP_MOVED 1 506292.5 3566296.25 800.
11.84 34 GYRO_RATES -42 -19 -2 0.366519 -0.165806 -0.017453
11.84 34 DOWNLINK_STATUS 863 158145 9591 0 302. 18.
11.89 34 ESTIMATOR 748.070007 2.13 2.13 2.13 748.070007
11.89 34 BAT 159 123 38 0 47 37 0
11.91 34 DOWNLINK_STATUS 11 1019 65 0 0. 0.
12.03 34 NAVIGATION 0 2 -43 -11 38 0. 2955.3
12.03 34 ATTITUDE 1 0 -14
12.03 34 CALIBRATION 0. 0.023 0.067 0
12.03 34 GPS 3 50632224 356625058 287 74796 104 200 328120251 12 0
12.32 34 GPS 3 50632218 356625044 17 74799 114 269 328120499 12 0
12.32 34 WP_MOVED 2 506379.59375 3566304.75 800.
12.66 34 ESTIMATOR 747.98999 2.69 2.69 2.69 747.98999
12.66 34 COMMANDS 166,-6,-28,-755
12.66 34 NAVIGATION 0 2 -43 -11 38 0. 2974.9
12.66 34 ATTITUDE 2 0 0
12.66 34 DL_VALUE 6 1.
12.66 34 GPS 3 50632209 356625019 44 74804 24 237 328120751 12 0
12.66 34 SVINFO 0 31 13 7 34 75 138
12.66 34 FBW_STATUS 0 0 123
12.84 34 DOWNLINK_STATUS 864 158399 9607 0 254. 16.
12.85 34 IR_SENSORS -687 32 1
12.85 34 NAVIGATION 0 2 -43 -11 38 0. 2992.5
12.85 34 WP_MOVED 3 506366. 3566262. 0.
12.85 34 GYRO_RATES -38 -18 -3 0.331613 -0.15708 -0.02618
12.85 34 GPS 3 50632207 356625004 56 74809 56 227 328120999 12 0
12.86 34 SVINFO 1 14 13 7 35 40 42
12.90 34 ESTIMATOR 748.090027 2.27 2.27 2.27 748.090027
12.90 34 NAVIGATION 0 2 -43 -11 38 0. 3005.1
12.90 34 ATTITUDE 3 0 -1
12.91 34 DOWNLINK_STATUS 12 1019 65 0 0. 0.
13.00 34 GPS 3 50632204 356625013 8 74823 123 208 328121251 12 0
13.00 34 SVINFO 2 32 13 6 32 37 317
13.02 34 DESIRED 0. -0. 0. 0. 770. 0.
13.11 34 NAVIGATION 0 2 -43 -11 38 0. 2995.1
13.11 34 WP_MOVED 0 506408. 3566304. 800.
13.33 34 GPS 3 50632202 356625008 270 74829 102 215 328121499 12 0
13.33 34 SVINFO 3 11 13 6 33 34 288
13.33 34 ESTIMATOR 748.289978 2.15 2.15 2.15 748.289978
13.40 34 COMMANDS 200,78,29,-247
13.40 34 NAVIGATION 0 2 -43 -11 38 0. 2998.5
13.40 34 ATTITUDE 5 0 0
13.40 34 DL_VALUE 7 0.
13.44 34 FBW_STATUS 0 0 123
13.44 34 RAD_OF_IR 48 753 0.00157
13.44 34 GPS 3 50632187 356624997 253 74835 72 219 328121751 12 0
13.44 34 SVINFO 4 22 13 4 28 32 106
13.52 34 ACTUATORS 1513,1500,0,1214,1472
13.56 34 IR_SENSORS -661 53 1
13.56 34 NAVIGATION 0 2 -44 -12 38 0. 2999.8
13.60 34 WP_MOVED 1 506292.5 3566296.25 800.
13.60 34 GYRO_RATES -38 -21 -3 0.331613 -0.18326 -0.02618
13.85 34 GPS 3 50632175 356624986 240 74818 92 174 328121999 12 0
13.85 34 SVINFO 5 30 13 4 30 15 72
13.85 34 ESTIMATOR 748.179993 1.74 1.74 1.74 748.179993
13.85 34 BAT 170 123 40 0 49 39 0
13.85 34 DOWNLINK_STATUS 865 158943 9641 0 544. 34.
13.90 34 NAVIGATION 0 2 -44 -12 38 0. 3003.
13.90 34 ATTITUDE 4 0 5
13.90 34 CALIBRATION 0. 0.023 0.067 0
13.91 34 DOWNLINK_STATUS 13 1019 65 0 0. 0.
14.04 34 SERVO 2609 -9600 179
14.04 34 GPS 3 50632173 356624969 307 74814 20 174 328122251 12 0
14.04 34 SVINFO 6 20 12 4 26 11 308
14.04 34 DESIRED 0. -0. 0. 0. 770. 0.
14.04 34 IR_DEBUG 474 416 474 416
14.04 34 NAVIGATION 0 2 -44 -12 38 0. 3017.6
14.09 34 WP_MOVED 2 506379.59375 3566304.75 800.
14.09 34 PPRZ_MODE 0 1 2 0 0 1 0
14.33 34 ESTIMATOR 748.140015 1.74 1.74 1.74 748.140015
14.33 34 GPS 3 50632178 356624971 306 74823 58 154 328122499 12 0
14.33 34 SVINFO 7 19 12 4 25 6 231
14.41 34 COMMANDS 124,-7,-111,-538
14.41 34 NAVIGATION 0 2 -44 -12 38 0. 3018.6
14.41 34 ATTITUDE 3 0 8
14.41 34 DL_VALUE 8 1.
14.41 34 FBW_STATUS 0 0 123
14.41 34 RAD_OF_IR 37 -2 0.00157
14.42 34 GPS 3 50632184 356624972 313 74817 71 134 328122751 12 0
14.42 34 IR_SENSORS -611 38 1
14.60 34 NAVIGATION 0 2 -44 -12 38 0. 3021.2
14.64 34 WP_MOVED 3 506366. 3566262. 0.
14.64 34 GYRO_RATES -38 -21 -3 0.331613 -0.18326 -0.02618
14.64 34 ESTIMATOR 748.169983 1.34 1.34 1.34 748.169983
14.83 34 GPS 3 50632186 356624972 318 74810 76 148 328122999 12 0
14.83 34 NAVIGATION 0 2 -44 -12 38 0. 3022.4
14.83 34 ATTITUDE 4 0 10
14.84 34 DOWNLINK_STATUS 866 159388 9670 0 445. 29.
14.91 34 DOWNLINK_STATUS 14 1019 65 0 0. 0.
15.02 34 DESIRED 0. -0. 0. 0. 770. 0.
15.02 34 GPS 3 50632186 356624967 400 74810 10 146 328123251 12 0
15.02 34 NAVIGATION 0 2 -44 -12 38 0. 3027.1
15.02 34 WP_MOVED 0 506408. 3566304. 800.
15.09 34 ESTIMATOR 748.099976 1.46 1.46 1.46 748.099976
15.34 34 COMMANDS 131,38,18,-457
15.34 34 NAVIGATION 0 2 -44 -12 38 0. 3027.1
15.34 34 GPS 3 50632181 356624956 359 74796 40 172 328123499 12 0
15.34 34 ATTITUDE 6 0 13
15.34 34 DL_VALUE 9 -61.099998
15.38 34 FBW_STATUS 0 0 123
15.38 34 RAD_OF_IR 56 -117 0.00157
15.43 34 IR_SENSORS -578 55 1
15.43 34 NAVIGATION 0 2 -44 -12 38 0. 3034.4
15.43 34 GPS 3 50632180 356624964 90 74796 123 149 328123751 12 0
15.50 34 WP_MOVED 1 506292.5 3566296.25 800.
15.53 34 GYRO_RATES -38 -21 -3 0.331613 -0.18326 -0.02618
15.59 34 ESTIMATOR 747.960022 1.49 1.49 1.49 747.960022
15.59 34 BAT 173 123 42 0 51 41 0
15.84 34 NAVIGATION 0 2 -44 -12 38 0. 3026.3
15.84 34 ATTITUDE 5 0 13
15.84 34 CALIBRATION 0. 0.023 0.067 0
15.84 34 GPS 3 50632176 356624967 120 74814 116 144 328123999 12 0
15.84 34 DOWNLINK_STATUS 867 159774 9693 0 386. 23.
15.91 34 DOWNLINK_STATUS 15 1019 65 0 0. 0.
16.03 34 SERVO 329 -9600 164
16.03 34 DESIRED 0. -0. 0. 0. 770. 0.
16.03 34 IR_DEBUG 453 379 453 379
16.03 34 NAVIGATION 0 2 -44 -12 38 0. 3021.2
16.03 34 GPS 3 50632171 356624956 447 74818 110 145 328124251 12 0
16.03 34 WP_MOVED 2 506379.59375 3566304.75 800.
16.03 34 ESTIMATOR 748.179993 1.45 1.45 1.45 748.179993
16.13 34 COMMANDS 166,15,-4,-543
16.13 34 NAVIGATION 0 2 -44 -12 38 0. 3028.5
16.13 34 ATTITUDE 5 0 12
16.13 34 DL_VALUE 10 0.
16.32 34 GPS 3 50632174 356624968 236 74838 158 151 328124499 12 0
16.32 34 FBW_STATUS 0 0 123
16.32 34 RAD_OF_IR 56 -607 0.00157
16.33 34 IR_SENSORS -584 55 1
16.33 34 NAVIGATION 0 2 -44 -12 38 0. 3019.1
16.52 34 WP_MOVED 3 506366. 3566262. 0.
16.52 34 GYRO_RATES -38 -21 -3 0.331613 -0.18326 -0.02618
16.52 34 GPS 3 50632169 356624974 220 74866 93 207 328124751 12 0
16.53 34 SVINFO 0 31 13 6 33 75 138
16.53 34 ESTIMATOR 748.659973 2.07 2.07 2.07 748.659973
16.59 34 NAVIGATION 0 2 -44 -12 38 0. 3010.6
16.59 34 ATTITUDE 4 0 10
16.82 34 GPS 3 50632167 356624978 191 74912 42 248 328124999 12 0
16.82 34 SVINFO 1 14 13 6 32 40 42
16.84 34 DOWNLINK_STATUS 868 160169 9718 0 395. 25.
16.90 34 DESIRED 0. -0. 0. 0. 770. 0.
16.90 34 NAVIGATION 0 2 -44 -12 38 0. 3005.7
16.91 34 DOWNLINK_STATUS 16 1019 65 0 0. 0.
17.02 34 WP_MOVED 0 506408. 3566304. 800.
17.02 34 GPS 3 50632173 356624992 182 74943 91 210 328125251 12 0
17.02 34 SVINFO 2 32 13 5 32 37 317
17.02 34 ESTIMATOR 749.429993 2.1 2.1 2.1 749.429993
17.10 34 COMMANDS 167,-3,-29,-514
17.10 34 NAVIGATION 0 2 -44 -12 38 0. 2996.2
17.10 34 ATTITUDE 4 0 7
17.10 34 DL_VALUE 11 1.
17.10 34 FBW_STATUS 0 0 123
17.12 34 RAD_OF_IR 42 -25 0.00157
17.32 34 GPS 3 50632175 356625006 173 74985 80 253 328125499 12 0
17.32 34 SVINFO 3 11 13 6 32 34 288
17.53 34 IR_SENSORS -619 42 1
17.53 34 NAVIGATION 0 2 -44 -11 38 0. 2984.5
17.53 34 WP_MOVED 1 506292.5 3566296.25 800.
17.53 34 GYRO_RATES -38 -21 -3 0.331613 -0.18326 -0.02618
17.53 34 GPS 3 50632185 356625026 145 75016 116 237 328125751 12 0
17.53 34 SVINFO 4 22 13 4 28 32 106
17.55 34 BAT 168 123 44 0 53 43 0
17.55 34 NAVIGATION 0 2 -44 -11 38 0. 2971.9
17.55 34 ATTITUDE 4 0 7
17.55 34 CALIBRATION 0. 0.023 0.067 0
17.58 34 SERVO 2229 -9600 171
17.84 34 DOWNLINK_STATUS 869 160544 9743 0 375. 25.
17.91 34 DOWNLINK_STATUS 17 1019 65 0 0. 0.
17.97 34 GPS 3 50632186 356625042 3593 75047 117 267 328125999 12 0
17.97 34 SVINFO 5 30 13 4 26 15 72
17.97 34 DESIRED 0. -0. 0. 0. 770. 0.
17.97 34 IR_DEBUG 476 414 476 414
17.97 34 NAVIGATION 0 2 -44 -11 38 0. 2957.8
17.97 34 WP_MOVED 2 506379.59375 3566304.75 800.
18.02 34 ESTIMATOR 750.469971 2.67 2.67 2.67 750.469971
18.02 34 GPS 3 50632190 356625044 3597 75060 57 283 328126251 12 0
18.02 34 SVINFO 6 20 12 4 26 11 308
18.03 34 COMMANDS 164,-17,-33,-536
18.03 34 NAVIGATION 0 2 -44 -11 38 0. 2958.3
18.03 34 ATTITUDE 4 0 6
18.03 34 DL_VALUE 12 0.
18.09 34 FBW_STATUS 0 0 123
18.09 34 RAD_OF_IR 42 11 0.00157
18.09 34 NAVIGATION_REF 506366 3566262 12
18.27 34 ACTUATORS 1499,1501,0,1213,1468
18.27 34 GPS 3 50632193 356625056 3 75066 91 244 328126499 12 0
18.27 34 SVINFO 7 19 12 4 29 6 231
18.27 34 IR_SENSORS -627 42 1
18.27 34 NAVIGATION 0 2 -44 -11 38 0. 2949.1
18.42 34 WP_MOVED 3 506366. 3566262. 0.
18.42 34 GYRO_RATES -38 -21 -4 0.331613 -0.18326 -0.034907
18.52 34 ESTIMATOR 750.659973 2.44 2.44 2.44 750.659973
18.52 34 GPS 3 50632194 356625058 3593 75068 67 285 328126751 12 0
18.52 34 NAVIGATION 0 2 -44 -11 38 0. 2947.9
18.52 34 ATTITUDE 4 0 6
18.72 34 DESIRED 0. -0. 0. 0. 770. 0.
18.72 34 GPS 3 50632191 356625066 3599 75091 73 273 328126999 12 0
18.72 34 NAVIGATION 0 2 -44 -11 38 0. 2938.8
18.84 34 DOWNLINK_STATUS 870 160895 9765 0 351. 22.
18.91 34 DOWNLINK_STATUS 18 1160 73 0 141. 8.
19.08 34 IR_SENSORS -618 79 1
19.27 34 NAVIGATION 0 2 -44 -11 38 0. 2909.6
19.27 34 GPS 3 50632178 356625111 27 75111 135 271 328127499 12 0
19.27 34 WP_MOVED 1 506292.5 3566296.25 800.
19.27 34 GYRO_RATES -38 -21 -3 0.331613 -0.18326 -0.02618
19.42 34 ESTIMATOR 751.109985 2.71 2.71 2.71 751.109985
19.42 34 BAT 166 123 46 0 55 45 0
19.51 34 NAVIGATION 0 2 -44 -10 38 0. 2890.4
19.55 34 ATTITUDE 10 0 5
19.55 34 CALIBRATION 0. 0.023 0.067 0
19.55 34 GPS 3 50632177 356625103 31 75111 29 300 328127751 12 0
19.55 34 SERVO 2989 -9600 164
19.63 34 DESIRED 0. -0. 0. 0. 770. 0.
19.63 34 IR_DEBUG 521 389 521 389
19.63 34 NAVIGATION 0 2 -44 -10 38 0. 2897.1
19.70 34 GPS 3 50632174 356625104 48 75128 39 315 328127999 12 0
19.70 34 WP_MOVED 2 506379.59375 3566304.75 800.
19.84 34 DOWNLINK_STATUS 871 161191 9782 0 296. 17.
19.91 34 DOWNLINK_STATUS 19 1160 73 0 0. 0.
20.08 34 IR_SENSORS -634 93 1
20.10 34 NAVIGATION 0 2 -44 -10 38 0. 2869.9
20.21 34 WP_MOVED 3 506366. 3566262. 0.
20.21 34 GYRO_RATES -39 -21 -4 0.340339 -0.18326 -0.034907
20.21 34 GPS 3 50632165 356625153 46 75172 125 352 328128499 12 0
20.41 34 ESTIMATOR 751.719971 3.52 3.52 3.52 751.719971
20.51 34 NAVIGATION 0 2 -44 -10 38 0. 2845.1
20.55 34 ATTITUDE 12 0 6
20.55 34 GPS 3 50632163 356625184 32 75205 131 305 328128751 12 0
20.55 34 SVINFO 0 31 13 6 31 75 138
20.55 34 DESIRED 0. -0. 0. 0. 770. 0.
20.61 34 NAVIGATION 0 2 -44 -10 38 0. 2816.4
20.61 34 WP_MOVED 0 506408. 3566304. 800.
20.72 34 GPS 3 50632166 356625227 57 75215 201 335 328128999 12 0
20.72 34 SVINFO 1 14 13 4 29 40 42
20.72 34 ESTIMATOR 752.150024 3.35 3.35 3.35 752.150024
20.84 34 DOWNLINK_STATUS 872 161482 9798 0 291. 16.
20.91 34 DOWNLINK_STATUS 20 1160 73 0 0. 0.
20.92 34 COMMANDS 159,29,-31,-531
20.92 34 NAVIGATION 0 2 -44 -9 38 0. 2780.2
20.92 34 ATTITUDE 11 0 5
20.92 34 DL_VALUE 15 455.
21.00 34 FBW_STATUS 0 0 123
21.00 34 RAD_OF_IR 91 71 0.00157
21.00 34 GPS 3 50632171 356625270 137 75229 205 319 328129251 12 0
21.01 34 SVINFO 2 32 13 4 29 37 317
21.01 34 IR_SENSORS -632 89 1
21.01 34 NAVIGATION 0 2 -44 -9 38 0. 2745.5
21.10 34 WP_MOVED 1 506292.5 3566296.25 800.
21.10 34 GYRO_RATES -38 -21 -2 0.331613 -0.18326 -0.017453
21.24 34 GPS 3 50632177 356625285 149 75224 149 328 328129499 12 0
21.24 34 SVINFO 3 11 13 6 31 34 288
21.24 34 ESTIMATOR 752.23999 3.28 3.28 3.28 752.23999
21.24 34 BAT 167 123 48 0 57 47 0
21.42 34 NAVIGATION 0 2 -44 -9 38 0. 2736.
21.42 34 ATTITUDE 10 0 6
21.42 34 CALIBRATION 0. 0.023 0.067 0
21.53 34 SERVO 2609 -9600 168
21.56 34 GPS 3 50632181 356625285 3591 75201 105 319 328129751 12 0
21.56 34 SVINFO 4 22 13 4 29 32 106
21.56 34 DESIRED 0. -0. 0. 0. 770. 0.
21.56 34 IR_DEBUG 514 387 514 387
21.56 34 NAVIGATION 0 2 -44 -9 38 0. 2738.3
21.58 34 WP_MOVED 2 506379.59375 3566304.75 800.
21.70 34 ESTIMATOR 752.01001 3.19 3.19 3.19 752.01001
21.70 34 GPS 3 50632181 356625288 3589 75220 42 334 328129999 12 0
21.70 34 SVINFO 5 30 13 4 25 15 72
21.84 34 DOWNLINK_STATUS 873 161882 9823 0 400. 25.
21.91 34 DOWNLINK_STATUS 21 1204 77 0 44. 4.
21.95 34 COMMANDS 169,3,-6,-548
21.95 34 NAVIGATION 0 2 -44 -9 38 0. 2735.7
21.95 34 ATTITUDE 10 0 6
21.95 34 DL_VALUE 16 7500.
21.95 34 FBW_STATUS 0 0 123
22.13 34 RAD_OF_IR 90 -5 0.00157
22.13 34 GPS 3 50632188 356625277 27 75214 17 322 328130251 12 0
22.13 34 SVINFO 6 20 12 4 25 11 308
22.13 34 IR_SENSORS -634 91 1
22.13 34 NAVIGATION 0 2 -44 -9 38 0. 2749.3
22.13 34 WP_MOVED 3 506366. 3566262. 0.
22.13 34 GYRO_RATES -38 -21 -4 0.331613 -0.18326 -0.034907
22.64 34 DESIRED 0. -0. 0. 0. 770. 0.
22.64 34 GPS 3 50632208 356625277 115 75260 47 367 328130751 12 0
22.64 34 NAVIGATION 0 2 -43 -9 38 0. 2761.1
22.64 34 WP_MOVED 0 506408. 3566304. 800.
22.77 34 ESTIMATOR 752.599976 3.67 3.67 3.67 752.599976
22.77 34 GPS 3 50632215 356625275 167 75288 47 366 328130999 12 0
22.77 34 COMMANDS 167,-9,-34,-564
22.77 34 NAVIGATION 0 2 -43 -9 38 0. 2767.
22.77 34 ATTITUDE 11 0 4
22.77 34 DL_VALUE 17 11250.
22.77 34 FBW_STATUS 0 0 123
22.79 34 RAD_OF_IR 79 149 0.00157
22.84 34 DOWNLINK_STATUS 874 162184 9842 0 302. 19.
22.91 34 DOWNLINK_STATUS 22 1253 82 0 49. 5.
22.96 34 ACTUATORS 1499,1499,0,1214,1470
22.96 34 IR_SENSORS -665 77 1
22.96 34 NAVIGATION 0 2 -43 -9 38 0. 2767.
22.96 34 GPS 3 50632229 356625286 201 75298 93 311 328131251 12 0
23.12 34 WP_MOVED 1 506292.5 3566296.25 800.
23.12 34 GYRO_RATES -40 -21 -3 0.349066 -0.18326 -0.02618
23.24 34 ESTIMATOR 752.97998 3.11 3.11 3.11 752.97998
23.24 34 BAT 166 123 50 0 59 49 0
23.24 34 NAVIGATION 0 2 -43 -9 38 0. 2765.8
23.24 34 ATTITUDE 9 0 0
23.24 34 CALIBRATION 0. 0.023 0.067 0
23.24 34 GPS 3 50632252 356625332 242 75312 79 315 328131499 12 0
23.24 34 SERVO 5828 -9600 169
23.65 34 DESIRED 0. -0. 0. 0. 770. 0.
23.65 34 IR_DEBUG 551 430 551 430
23.65 34 NAVIGATION 0 2 -43 -8 38 0. 2739.9
23.65 34 GPS 3 50632248 356625334 255 75320 40 370 328131751 12 0
23.65 34 WP_MOVED 2 506379.59375 3566304.75 800.
23.65 34 PPRZ_MODE 0 1 2 0 0 1 0
23.73 34 ESTIMATOR 753.200012 3.7 3.7 3.7 753.200012
23.73 34 COMMANDS 169,-10,-31,-569
23.73 34 NAVIGATION 0 2 -43 -8 38 0. 2735.8
23.73 34 ATTITUDE 10 0 -1
23.73 34 DL_VALUE 18 10000.
23.73 34 GPS 3 50632245 356625339 255 75318 103 334 328131999 12 0
23.73 34 FBW_STATUS 0 0 123
23.73 34 RAD_OF_IR 86 0 0.00157
23.78 34 IR_SENSORS -693 85 1
23.82 34 NAVIGATION 0 2 -43 -8 38 0. 2729.7
23.84 34 DOWNLINK_STATUS 875 162570 9867 0 386. 25.
23.91 34 DOWNLINK_STATUS 23 1319 86 0 66. 4.
24.13 34 WP_MOVED 3 506366. 3566262. 0.
24.13 34 GYRO_RATES -38 -26 -3 0.331613 -0.226893 -0.02618
24.13 34 GPS 3 50632246 356625342 340 75306 176 313 328132251 12 0
24.20 34 ESTIMATOR 753.059998 3.13 3.13 3.13 753.059998
24.20 34 NAVIGATION 0 2 -43 -8 38 0. 2727.7
24.20 34 ATTITUDE 8 0 -5
24.21 34 GPS 3 50632237 356625353 152 75290 209 337 328132499 12 0
24.30 34 DESIRED 0. -0. 0. 0. 770. 0.
24.30 34 NAVIGATION 0 2 -43 -8 38 0. 2712.9
24.44 34 WP_MOVED 0 506408. 3566304. 800.
24.44 34 GPS 3 50632229 356625359 152 75249 189 298 328132751 12 0
24.44 34 SVINFO 0 31 13 6 31 75 138
24.61 34 ESTIMATOR 752.48999 2.98 2.98 2.98 752.48999
24.73 34 COMMANDS 167,-35,-9,-593
24.73 34 NAVIGATION 0 2 -43 -8 38 0. 2703.1
24.73 34 ATTITUDE 7 0 -4
24.73 34 DL_VALUE 19 3000.
24.73 34 FBW_STATUS 0 0 123
24.73 34 RAD_OF_IR 74 0 0.00157
24.73 34 GPS 3 50632227 356625349 162 75206 159 333 328132999 12 0
24.73 34 SVINFO 1 14 13 6 33 40 42
24.86 34 DOWNLINK_STATUS 876 162921 9888 0 351. 21.
24.92 34 DOWNLINK_STATUS 24 1319 86 0 0. 0.
25.16 34 WP_MOVED 1 506292.5 3566296.25 800.
25.16 34 GYRO_RATES -38 -21 -3 0.331613 -0.18326 -0.02618
25.16 34 GPS 3 50632227 356625338 253 75193 107 321 328133251 12 0
25.16 34 SVINFO 2 32 13 4 31 37 317
25.16 34 ESTIMATOR 751.929993 3.21 3.21 3.21 751.929993
25.16 34 BAT 169 123 52 0 61 51 0
25.27 34 ATTITUDE 9 0 0
25.27 34 CALIBRATION 0. 0.023 0.067 0
25.27 34 SERVO 4750 -9600 167
25.27 34 GPS 3 50632223 356625319 242 75175 92 302 328133499 12 0
25.27 34 SVINFO 3 11 13 6 31 34 288
25.27 34 DESIRED 0. -0. 0. 0. 770. 0.
25.29 34 NAVIGATION 0 2 -43 -8 38 0. 2733.7
25.30 34 WP_MOVED 2 506379.59375 3566304.75 800.
25.86 34 DOWNLINK_STATUS 877 163156 9902 0 235. 14.
25.91 34 DOWNLINK_STATUS 25 1319 86 0 0. 0.
26.34 34 ATTITUDE 8 0 0
26.34 34 DESIRED 0. -0. 0. 0. 770. 0.
26.34 34 GPS 3 50632218 356625332 112 75158 191 285 328134499 12 0
26.34 34 NAVIGATION 0 2 -43 -8 38 0. 2719.6
26.34 34 WP_MOVED 0 506408. 3566304. 800.
26.34 34 WP_MOVED 3 506366. 3566262. 0.
26.34 34 GYRO_RATES -39 -21 -3 0.340339 -0.18326 -0.02618
26.34 34 ESTIMATOR 751.5 3.56 3.56 3.56 751.5
26.34 34 GPS 3 50632216 356625308 3573 75163 174 376 328134251 12 0
26.35 34 SVINFO 6 20 12 4 25 11 308
26.55 34 GPS 3 50632222 356625338 151 75167 111 320 328134751 12 0
26.55 34 COMMANDS 166,-10,-36,-620
26.55 34 NAVIGATION 0 2 -43 -8 38 0. 2716.8
26.55 34 ATTITUDE 8 0 0
26.55 34 DL_VALUE 21 17500.
26.55 34 FBW_STATUS 0 0 123
26.55 34 RAD_OF_IR 75 110 0.00157
26.55 34 NAVIGATION_REF 506366 3566262 12
26.71 34 IR_SENSORS -675 76 1
26.82 34 NAVIGATION 0 2 -43 -8 38 0. 2716.8
26.82 34 GPS 3 50632232 356625338 416 75178 115 346 328134999 12 0
26.82 34 WP_MOVED 1 506292.5 3566296.25 800.
26.82 34 GYRO_RATES -38 -21 -4 0.331613 -0.18326 -0.034907
26.84 34 ESTIMATOR 751.780029 3.46 3.46 3.46 751.780029
26.84 34 BAT 166 123 54 0 63 53 0
26.86 34 DOWNLINK_STATUS 878 163471 9922 0 315. 20.
26.91 34 DOWNLINK_STATUS 26 1413 91 0 94. 5.
27.03 34 NAVIGATION 0 2 -43 -8 38 0. 2722.8
27.03 34 ATTITUDE 8 0 0
27.03 34 CALIBRATION 0. 0.023 0.067 0
27.03 34 GPS 3 50632247 356625328 578 75183 107 358 328135251 12 0
27.31 34 GPS 3 50632259 356625343 342 75210 139 319 328135499 12 0
27.32 34 WP_MOVED 2 506379.59375 3566304.75 800.
27.32 34 ESTIMATOR 752.099976 3.19 3.19 3.19 752.099976
27.43 34 COMMANDS 167,-29,-29,-591
27.43 34 NAVIGATION 0 2 -43 -8 38 0. 2734.7
27.43 34 ATTITUDE 8 0 0
27.43 34 DL_VALUE 22 20000.
27.43 34 GPS 3 50632265 356625363 217 75241 135 361 328135751 12 0
27.43 34 FBW_STATUS 0 0 123
27.53 34 ACTUATORS 1498,1501,0,1213,1471
27.53 34 IR_SENSORS -679 70 1
27.71 34 NAVIGATION 0 2 -43 -8 38 0. 2721.2
27.82 34 WP_MOVED 3 506366. 3566262. 0.
27.82 34 GYRO_RATES -38 -21 -4 0.331613 -0.18326 -0.034907
27.82 34 GPS 3 50632261 356625380 208 75301 77 405 328135999 12 0
27.82 34 ESTIMATOR 753.01001 4.05 4.05 4.05 753.01001
27.82 34 NAVIGATION 0 2 -43 -8 38 0. 2704.4
27.82 34 ATTITUDE 7 0 0
27.86 34 DOWNLINK_STATUS 879 163828 9944 0 357. 22.
27.91 34 DOWNLINK_STATUS 27 1413 91 0 0. 0.
28.22 34 NAVIGATION 0 2 -43 -8 38 0. 2685.4
28.22 34 WP_MOVED 0 506408. 3566304. 800.
28.22 34 PPRZ_MODE 0 1 2 0 0 1 0
28.32 34 GPS 3 50632240 356625426 3363 75459 126 506 328136499 12 0
28.32 34 ESTIMATOR 754.590027 5.06 5.06 5.06 754.590027
28.42 34 COMMANDS 167,-9,-29,-620
28.42 34 DL_VALUE 23 0.
28.54 34 IR_SENSORS -675 60 1
28.54 34 NAVIGATION 0 2 -43 -7 38 0. 2620.
28.72 34 WP_MOVED 1 506292.5 3566296.25 800.
28.72 34 GYRO_RATES -37 -21 -5 0.322886 -0.18326 -0.043633
28.84 34 GPS 3 50632228 356625483 79 75578 118 509 328136999 12 0
28.84 34 SVINFO 1 14 13 4 29 40 42
28.84 34 ESTIMATOR 755.780029 5.09 5.09 5.09 755.780029
28.84 34 BAT 168 123 56 0 65 55 0
28.84 34 NAVIGATION 0 2 -43 -7 38 0. 2598.3
28.84 34 ATTITUDE 6 0 0
28.84 34 CALIBRATION 0. 0.023 0.067 0
28.86 34 DOWNLINK_STATUS 880 164112 9962 0 284. 18.
28.91 34 DOWNLINK_STATUS 28 1413 91 0 0. 0.
28.94 34 SERVO 4747 -9600 168
28.94 34 GPS 3 50632233 356625500 111 75597 157 423 328137251 12 0
28.94 34 SVINFO 2 32 13 4 30 37 317
29.01 34 DESIRED 0. -0. 0. 0. 770. 0.
29.01 34 IR_DEBUG 525 437 525 437
29.01 34 NAVIGATION 0 2 -43 -7 38 0. 2587.3
29.21 34 WP_MOVED 2 506379.59375 3566304.75 800.
29.34 34 ESTIMATOR 755.969971 4.23 4.23 4.23 755.969971
29.34 34 GPS 3 50632236 356625524 220 75625 156 444 328137499 12 0
29.34 34 SVINFO 3 11 13 6 32 34 288
29.34 34 COMMANDS 169,-31,-12,-625
29.34 34 NAVIGATION 0 2 -43 -6 38 0. 2569.3
29.34 34 ATTITUDE 7 0 0
29.34 34 DL_VALUE 24 2150.
29.34 34 FBW_STATUS 0 0 123
29.82 34 ESTIMATOR 756.650024 4.48 4.48 4.48 756.650024
29.86 34 DOWNLINK_STATUS 881 164289 9974 0 177. 12.
29.86 34 GPS 3 50632242 356625573 160 75678 184 403 328137999 12 0
29.86 34 SVINFO 5 30 13 4 24 15 72
29.86 34 NAVIGATION 0 2 -43 -6 38 0. 2533.
29.86 34 ATTITUDE 7 0 0
29.91 34 DOWNLINK_STATUS 29 1543 99 0 130. 8.
30.04 34 DESIRED 0. -0. 0. 0. 770. 0.
30.04 34 GPS 3 50632243 356625599 124 75672 227 376 328138251 12 0
30.04 34 NAVIGATION 0 2 -43 -6 38 0. 2512.6
30.04 34 WP_MOVED 0 506408. 3566304. 800.
30.22 34 ESTIMATOR 756.719971 3.76 3.76 3.76 756.719971
30.32 34 GPS 3 50632245 356625620 190 75684 176 414 328138499 12 0
30.32 34 COMMANDS 168,-15,-34,-569
30.32 34 NAVIGATION 0 2 -43 -5 38 0. 2497.
30.32 34 ATTITUDE 8 0 0
30.32 34 DL_VALUE 25 5300.
30.32 34 FBW_STATUS 0 0 123
30.32 34 RAD_OF_IR 72 189 0.00157
30.43 34 IR_SENSORS -673 74 1
30.43 34 NAVIGATION 0 2 -43 -5 38 0. 2497.
30.43 34 GPS 3 50632244 356625629 146 75710 108 391 328138751 12 0
30.52 34 WP_MOVED 1 506292.5 3566296.25 800.
30.52 34 GYRO_RATES -39 -21 -4 0.340339 -0.18326 -0.034907
30.72 34 ESTIMATOR 757.099976 3.91 3.91 3.91 757.099976
30.72 34 BAT 169 123 58 0 67 57 0
30.82 34 NAVIGATION 0 2 -43 -5 38 0. 2489.2
30.82 34 ATTITUDE 9 0 0
30.82 34 CALIBRATION 0. 0.023 0.067 0
30.82 34 GPS 3 50632242 356625636 142 75746 92 401 328138999 12 0
30.82 34 SERVO 4794 -9600 169
30.86 34 DOWNLINK_STATUS 882 164683 9998 0 394. 24.
30.91 34 DOWNLINK_STATUS 30 1543 99 0 0. 0.
31.03 34 DESIRED 0. -0. 0. 0. 770. 0.
31.03 34 IR_DEBUG 540 424 540 424
31.03 34 NAVIGATION 0 2 -43 -5 38 0. 2482.4
31.03 34 GPS 3 50632247 356625631 177 75762 120 401 328139251 12 0
31.03 34 WP_MOVED 2 506379.59375 3566304.75 800.
31.03 34 ESTIMATOR 757.619995 4.01 4.01 4.01 757.619995
31.24 34 COMMANDS 171,1,-31,-574
31.24 34 NAVIGATION 0 2 -43 -5 38 0. 2489.4
31.24 34 ATTITUDE 8 0 0
31.24 34 DL_VALUE 26 10000.
31.32 34 GPS 3 50632252 356625633 171 75792 145 440 328139499 12 0
31.32 34 FBW_STATUS 0 0 123
31.32 34 RAD_OF_IR 79 -17 0.00157
31.33 34 IR_SENSORS -667 74 1
31.33 34 NAVIGATION 0 2 -43 -5 38 0. 2490.8
31.52 34 WP_MOVED 3 506366. 3566262. 0.
31.52 34 GYRO_RATES -35 -22 -5 0.305433 -0.191986 -0.043633
31.52 34 GPS 3 50632254 356625647 136 75824 170 391 328139751 12 0
31.75 34 GPS 3 50632224 356625589 3586 75813 148 398 328139999 12 0
31.82 34 DESIRED 0. -0. 0. 0. 770. 0.
31.82 34 NAVIGATION 0 2 -43 -6 38 0. 2509.4
31.86 34 DOWNLINK_STATUS 883 165046 10019 0 363. 21.
31.91 34 DOWNLINK_STATUS 31 1543 99 0 0. 0.
32.32 34 FBW_STATUS 0 0 123
32.32 34 RAD_OF_IR 64 376 0.00157
32.32 34 GPS 3 50632222 356625613 138 75819 191 353 328140499 12 0
32.32 34 ACTUATORS 1498,1499,0,1214,1470
32.32 34 IR_SENSORS -713 63 1
32.55 34 NAVIGATION 0 2 -43 -5 38 0. 2488.9
32.55 34 WP_MOVED 1 506292.5 3566296.25 800.
32.55 34 GYRO_RATES -38 -22 -3 0.331613 -0.191986 -0.02618
32.55 34 GPS 3 50632228 356625628 199 75837 184 366 328140751 12 0
32.55 34 SVINFO 0 31 13 6 31 75 137
32.55 34 ESTIMATOR 758.369995 3.66 3.66 3.66 758.369995
32.71 34 SERVO 6745 -9600 165
32.83 34 ATTITUDE 7 0 -5
32.83 34 WP_MOVED 2 506379.59375 3566304.75 800.
32.83 34 PPRZ_MODE 0 1 2 0 0 17 0
32.86 34 DOWNLINK_STATUS 884 165253 10033 0 207. 14.
32.92 34 DOWNLINK_STATUS 32 1551 100 0 8. 1.
33.02 34 ESTIMATOR 758.390015 3.57 3.57 3.57 758.390015
33.02 34 GPS 3 50632238 356625616 221 75841 72 362 328141251 12 0
33.02 34 SVINFO 2 32 13 4 31 37 317
33.04 34 COMMANDS 166,-14,-36,-543
33.04 34 NAVIGATION 0 2 -43 -5 38 0. 2496.
33.04 34 ATTITUDE 6 0 -6
33.04 34 DL_VALUE 28 0.228
33.21 34 FBW_STATUS 0 0 123
33.21 34 RAD_OF_IR 61 -16 0.00157
33.32 34 GPS 3 50632250 356625592 235 75850 92 352 328141499 12 0
33.33 34 SVINFO 3 11 13 6 30 34 288
33.33 34 IR_SENSORS -728 61 1
33.33 34 NAVIGATION 0 2 -43 -6 38 0. 2522.5
33.51 34 GYRO_RATES -37 -22 -5 0.322886 -0.191986 -0.043633
33.86 34 DOWNLINK_STATUS 885 165454 10047 0 201. 14.
33.92 34 DOWNLINK_STATUS 33 1551 100 0 0. 0.
33.95 34 DESIRED 0. -0. 0. 0. 770. 0.
33.95 34 GPS 3 50632290 356625565 606 75861 135 294 328141999 12 0
33.95 34 SVINFO 5 30 13 4 26 15 72
33.95 34 NAVIGATION 0 2 -43 -6 38 0. 2568.5
33.95 34 WP_MOVED 0 506408. 3566304. 800.
34.05 34 ESTIMATOR 758.609985 2.94 2.94 2.94 758.609985
34.05 34 COMMANDS 166,-3,-25,-598
34.05 34 NAVIGATION 0 2 -43 -6 38 0. 2568.5
34.05 34 GPS 3 50632311 356625560 409 75834 135 282 328142251 12 0
34.05 34 ATTITUDE 6 0 -6
34.05 34 DL_VALUE 29 0.42
34.05 34 FBW_STATUS 0 0 123
34.05 34 RAD_OF_IR 60 -557 0.00157
34.09 34 IR_SENSORS -725 59 1
34.24 34 NAVIGATION 0 2 -42 -6 38 0. 2585.3
34.24 34 GPS 3 50632320 356625573 161 75821 163 253 328142499 12 0
34.24 34 WP_MOVED 1 506292.5 3566296.25 800.
34.24 34 GYRO_RATES -39 -21 -3 0.340339 -0.18326 -0.02618
34.42 34 ESTIMATOR 758.210022 2.53 2.53 2.53 758.210022
34.42 34 BAT 167 123 62 0 71 61 1
34.51 34 NAVIGATION 0 2 -42 -6 38 0. 2580.3
34.51 34 ATTITUDE 6 0 -6
34.51 34 CALIBRATION 0. 0.023 0.067 0
34.51 34 GPS 3 50632313 356625574 5 75801 144 310 328142751 12 0
34.51 34 SERVO 7688 -9600 197
34.63 34 DESIRED 0. -0. 0. 0. 770. 0.
34.63 34 IR_DEBUG 556 472 556 472
34.63 34 NAVIGATION 0 2 -42 -6 38 0. 2575.2
34.86 34 DOWNLINK_STATUS 886 165816 10070 0 362. 23.
34.92 34 DOWNLINK_STATUS 34 1647 105 0 96. 5.
35.04 34 IR_SENSORS -702 76 1
35.09 34 NAVIGATION 0 2 -43 -6 38 0. 2586.1
35.21 34 WP_MOVED 3 506366. 3566262. 0.
35.21 34 GYRO_RATES -30 -23 -6 0.261799 -0.200713 -0.05236
35.21 34 GPS 3 50632292 356625547 3599 75746 89 305 328143499 12 0
35.41 34 ESTIMATOR 757.460022 3.05 3.05 3.05 757.460022
35.44 34 NAVIGATION 0 2 -43 -6 38 0. 2584.3
35.44 34 ATTITUDE 8 0 -3
35.44 34 GPS 3 50632291 356625551 173 75744 148 282 328143751 12 0
35.53 34 DESIRED 0. -0. 0. 0. 770. 0.
35.59 34 NAVIGATION 0 2 -43 -6 38 0. 2580.4
35.60 34 WP_MOVED 0 506408. 3566304. 800.
35.71 34 GPS 3 50632303 356625576 187 75725 243 230 328143999 12 0
35.71 34 ESTIMATOR 757.25 2.3 2.3 2.3 757.25
35.86 34 DOWNLINK_STATUS 887 166087 10084 0 271. 14.
35.92 34 DOWNLINK_STATUS 35 1647 105 0 0. 0.
36.00 34 COMMANDS 164,-1,-28,-610
36.00 34 RAD_OF_IR 80 40 0.00157
36.01 34 IR_SENSORS -699 80 1
36.01 34 NAVIGATION 0 2 -42 -6 38 0. 2575.6
36.10 34 WP_MOVED 1 506292.5 3566296.25 800.
36.10 34 GYRO_RATES -39 -21 -3 0.340339 -0.18326 -0.02618
36.22 34 GPS 3 50632339 356625564 501 75658 188 202 328144499 12 0
36.22 34 ESTIMATOR 756.580017 2.02 2.02 2.02 756.580017
36.22 34 BAT 169 123 64 0 73 63 1
36.42 34 NAVIGATION 0 2 -42 -6 38 0. 2599.3
36.42 34 ATTITUDE 10 0 -2
36.42 34 CALIBRATION 0. 0.023 0.067 0
36.53 34 SERVO 5887 -9600 167
36.53 34 GPS 3 50632359 356625547 498 75622 98 205 328144751 12 0
36.53 34 SVINFO 0 31 13 6 32 75 137
36.53 34 DESIRED 0. -0. 0. 0. 770. 0.
36.53 34 IR_DEBUG 561 436 561 436
36.53 34 NAVIGATION 0 2 -42 -6 38 0. 2625.5
36.59 34 WP_MOVED 2 506379.59375 3566304.75 800.
36.86 34 DOWNLINK_STATUS 888 166387 10103 0 300. 19.
36.92 34 DOWNLINK_STATUS 36 1647 105 0 0. 0.
36.96 34 ESTIMATOR 756.219971 2.05 2.05 2.05 756.219971
36.96 34 GPS 3 50632365 356625531 484 75584 83 207 328144999 12 0
36.96 34 SVINFO 1 14 13 4 28 40 42
36.96 34 COMMANDS 172,-29,-26,-598
36.96 34 NAVIGATION 0 2 -42 -6 38 0. 2642.3
36.96 34 ATTITUDE 9 0 -2
36.96 34 DL_VALUE 32 0.001
36.96 34 FBW_STATUS 0 0 123
37.06 34 RAD_OF_IR 83 -40 0.00157
37.06 34 ACTUATORS 1498,1500,0,1214,1470
37.06 34 GPS 3 50632370 356625529 466 75553 94 192 328145251 12 0
37.06 34 SVINFO 2 32 13 4 30 37 317
37.06 34 IR_SENSORS -693 84 1
37.06 34 NAVIGATION 0 2 -42 -6 38 0. 2647.1
37.06 34 WP_MOVED 3 506366. 3566262. 0.
37.11 34 ESTIMATOR 755.530029 1.92 1.92 1.92 755.530029
37.22 34 GPS 3 50632376 356625521 463 75522 79 204 328145499 12 0
37.23 34 SVINFO 3 11 13 4 31 34 288
37.23 34 NAVIGATION 0 2 -42 -6 38 0. 2657.4
37.23 34 ATTITUDE 9 0 -1
37.66 34 DESIRED 0. -0. 0. 0. 770. 0.
37.66 34 GPS 3 50632378 356625523 446 75505 81 224 328145751 12 0
37.66 34 SVINFO 4 22 13 4 30 32 106
37.66 34 NAVIGATION 0 2 -42 -6 38 0. 2657.
37.66 34 WP_MOVED 0 506408. 3566304. 800.
37.66 34 PPRZ_MODE 0 1 2 0 0 17 0
37.84 34 ESTIMATOR 755.049988 2.24 2.24 2.24 755.049988
37.84 34 GPS 3 50632376 356625523 420 75489 67 197 328145999 12 0
37.84 34 SVINFO 5 30 13 4 24 15 72
37.84 34 COMMANDS 166,-31,-31,-618
37.84 34 NAVIGATION 0 2 -42 -6 38 0. 2655.7
37.84 34 ATTITUDE 9 0 -1
37.84 34 DL_VALUE 33 0.01
37.84 34 FBW_STATUS 0 0 123
37.84 34 RAD_OF_IR 85 -74 0.00157
37.86 34 DOWNLINK_STATUS 889 166796 10130 0 409. 27.
37.92 34 DOWNLINK_STATUS 37 1755 113 0 108. 8.
38.15 34 IR_SENSORS -683 87 1
38.15 34 NAVIGATION 0 2 -42 -6 38 0. 2655.7
38.15 34 GPS 3 50632370 356625519 390 75494 27 221 328146251 12 0
38.15 34 SVINFO 6 20 12 4 25 12 308
38.15 34 WP_MOVED 1 506292.5 3566296.25 800.
38.15 34 GYRO_RATES -37 -21 -4 0.322886 -0.18326 -0.034907
38.23 34 ESTIMATOR 754.940002 2.21 2.21 2.21 754.940002
38.23 34 BAT 169 123 66 0 75 65 1
38.23 34 NAVIGATION 0 2 -42 -6 38 0. 2655.3
38.23 34 ATTITUDE 10 0 -1
38.23 34 CALIBRATION 0. 0.023 0.067 0
38.23 34 GPS 3 50632362 356625510 319 75507 50 224 328146499 12 0
38.23 34 SERVO 5317 -9600 172
38.46 34 DESIRED 0. -0. 0. 0. 770. 0.
38.46 34 IR_DEBUG 557 424 557 424
38.46 34 NAVIGATION 0 2 -42 -6 38 0. 2657.7
38.46 34 GPS 3 50632351 356625504 228 75551 23 299 328146751 12 0
38.46 34 WP_MOVED 2 506379.59375 3566304.75 800.
38.59 34 ESTIMATOR 755.51001 2.99 2.99 2.99 755.51001
38.63 34 COMMANDS 169,-34,-9,-625
38.63 34 NAVIGATION 0 2 -42 -6 38 0. 2655.8
38.63 34 ATTITUDE 11 0 -1
38.63 34 DL_VALUE 34 1.
38.70 34 GPS 3 50632344 356625489 333 75587 50 282 328146999 12 0
38.70 34 FBW_STATUS 0 0 123
38.70 34 RAD_OF_IR 95 302 0.00157
38.84 34 IR_SENSORS -687 96 1
38.84 34 NAVIGATION 0 2 -42 -7 38 0. 2663.8
38.86 34 DOWNLINK_STATUS 890 167236 10158 0 440. 28.
38.93 34 DOWNLINK_STATUS 38 1755 113 0 0. 0.
39.13 34 WP_MOVED 3 506366. 3566262. 0.
39.13 34 GYRO_RATES -38 -21 -4 0.331613 -0.18326 -0.034907
39.13 34 GPS 3 50632340 356625470 402 75609 31 315 328147251 12 0
39.22 34 ESTIMATOR 756.090027 3.15 3.15 3.15 756.090027
39.22 34 NAVIGATION 0 2 -42 -7 38 0. 2677.1
39.22 34 ATTITUDE 11 0 -1
39.22 34 GPS 3 50632325 356625460 371 75592 61 270 328147499 12 0
39.31 34 DESIRED 0. -0. 0. 0. 770. 0.
39.31 34 NAVIGATION 0 2 -42 -7 38 0. 2676.1
39.41 34 WP_MOVED 0 506408. 3566304. 800.
39.41 34 GPS 3 50632309 356625462 335 75585 98 268 328147751 12 0
39.62 34 ESTIMATOR 755.849976 2.68 2.68 2.68 755.849976
39.72 34 COMMANDS 169,-9,-9,-594
39.72 34 NAVIGATION 0 2 -42 -7 38 0. 2664.6
39.72 34 ATTITUDE 11 0 0
39.73 34 DL_VALUE 35 0.
39.73 34 FBW_STATUS 0 0 123
39.73 34 RAD_OF_IR 97 -101 0.00157
39.73 34 GPS 3 50632295 356625460 304 75581 82 284 328147999 12 0
39.73 34 IR_SENSORS -683 96 1
39.82 34 NAVIGATION 0 2 -43 -7 38 0. 2657.8
39.86 34 DOWNLINK_STATUS 891 167593 10179 0 357. 21.
39.90 34 WP_MOVED 1 506292.5 3566296.25 800.
39.90 34 GYRO_RATES -38 -21 -4 0.331613 -0.18326 -0.034907
39.93 34 DOWNLINK_STATUS 39 1755 113 0 0. 0.
40.16 34 GPS 3 50632285 356625464 3597 75564 107 294 328148251 12 0
40.16 34 ESTIMATOR 755.640015 2.94 2.94 2.94 755.640015
40.16 34 BAT 169 123 68 0 77 67 1
40.16 34 NAVIGATION 0 2 -43 -7 38 0. 2648.4
40.16 34 ATTITUDE 11 0 0
40.16 34 CALIBRATION 0. 0.023 0.067 0
40.33 34 SERVO 5032 -9600 165
40.33 34 GPS 3 50632286 356625473 141 75540 135 253 328148499 12 0
40.33 34 DESIRED 0. -0. 0. 0. 770. 0.
40.33 34 IR_DEBUG 552 417 552 417
40.33 34 NAVIGATION 0 2 -43 -7 38 0. 2641.5
40.84 34 COMMANDS 171,-32,-23,-615
40.84 34 NAVIGATION 0 2 -43 -7 38 0. 2632.5
40.84 34 ATTITUDE 11 0 0
40.84 34 DL_VALUE 36 0.
40.84 34 FBW_STATUS 0 0 123
40.84 34 RAD_OF_IR 94 147 0.00157
40.84 34 GPS 3 50632300 356625515 167 75573 162 329 328148999 12 0
40.84 34 SVINFO 1 14 13 4 28 40 42
40.84 34 IR_SENSORS -673 95 1
40.86 34 DOWNLINK_STATUS 892 167925 10201 0 332. 22.
40.93 34 DOWNLINK_STATUS 40 1755 113 0 0. 0.
41.45 34 DESIRED 0. -0. 0. 0. 770. 0.
41.45 34 GPS 3 50632312 356625535 25 75601 124 329 328149499 12 0
41.45 34 SVINFO 3 11 13 4 29 34 288
41.45 34 NAVIGATION 0 2 -42 -6 38 0. 2606.3
41.45 34 WP_MOVED 0 506408. 3566304. 800.
41.55 34 ESTIMATOR 756.01001 3.29 3.29 3.29 756.01001
41.58 34 GPS 3 50632307 356625525 26 75580 96 336 328149751 12 0
41.58 34 SVINFO 4 22 13 4 30 32 106
41.58 34 COMMANDS 168,-7,-28,-618
41.58 34 NAVIGATION 0 2 -42 -6 38 0. 2611.4
41.58 34 ATTITUDE 6 0 -4
41.58 34 DL_VALUE 37 0.1
41.58 34 FBW_STATUS 0 0 123
41.59 34 ACTUATORS 1499,1501,0,1214,1468
41.59 34 IR_SENSORS -713 53 1
41.74 34 NAVIGATION 0 2 -42 -6 38 0. 2611.4
41.74 34 GPS 3 50632296 356625511 5 75574 71 361 328149999 12 0
41.74 34 WP_MOVED 1 506292.5 3566296.25 800.
41.74 34 GYRO_RATES -37 -22 -3 0.322886 -0.191986 -0.02618
41.86 34 DOWNLINK_STATUS 893 168230 10220 0 305. 19.
41.92 34 ESTIMATOR 755.73999 3.61 3.61 3.61 755.73999
41.92 34 BAT 169 123 70 0 79 69 1
41.93 34 DOWNLINK_STATUS 41 1755 113 0 0. 0.
42.03 34 NAVIGATION 0 2 -43 -6 38 0. 2616.2
42.03 34 ATTITUDE 5 0 -5
42.03 34 CALIBRATION 0. 0.023 0.067 0
42.03 34 GPS 3 50632284 356625511 3373 75559 100 304 328150251 12 0
42.03 34 SVINFO 6 20 13 4 26 12 308
42.03 34 SERVO 6789 -9600 169
42.13 34 DESIRED 0. -0. 0. 0. 770. 0.
42.13 34 IR_DEBUG 548 476 548 476
42.13 34 NAVIGATION 0 2 -43 -6 38 0. 2608.9
42.20 34 GPS 3 50632277 356625511 3525 75530 119 295 328150499 12 0
42.21 34 WP_MOVED 2 506379.59375 3566304.75 800.
42.21 34 PPRZ_MODE 0 1 2 0 0 17 0
42.41 34 ESTIMATOR 755.299988 2.95 2.95 2.95 755.299988
42.63 34 COMMANDS 167,-18,-36,-568
42.63 34 NAVIGATION 0 2 -43 -6 38 0. 2604.7
42.63 34 ATTITUDE 5 0 -5
42.63 34 DL_VALUE 38 0.
42.63 34 GPS 3 50632276 356625526 3571 75514 125 260 328150751 12 0
42.63 34 FBW_STATUS 0 0 123
42.63 34 RAD_OF_IR 48 130 0.00157
42.63 34 IR_SENSORS -716 46 1
42.72 34 NAVIGATION 0 2 -43 -6 38 0. 2591.8
42.72 34 WP_MOVED 3 506366. 3566262. 0.
42.72 34 GYRO_RATES -38 -21 -3 0.331613 -0.18326 -0.02618
42.72 34 GPS 3 50632271 356625531 3571 75487 93 251 328150999 12 0
42.73 34 ESTIMATOR 754.869995 2.51 2.51 2.51 754.869995
42.86 34 DOWNLINK_STATUS 894 168675 10248 0 445. 28.
42.92 34 NAVIGATION 0 2 -43 -6 38 0. 2584.6
42.92 34 ATTITUDE 4 0 -5
42.93 34 DOWNLINK_STATUS 42 1755 113 0 0. 0.
43.09 34 NAVIGATION 0 2 -43 -6 38 0. 2569.7
43.10 34 WP_MOVED 0 506408. 3566304. 800.
43.21 34 GPS 3 50632273 356625570 63 75465 150 181 328151499 12 0
43.21 34 ESTIMATOR 754.650024 1.81 1.81 1.81 754.650024
43.43 34 COMMANDS 166,-32,-33,-596
43.43 34 NAVIGATION 0 2 -43 -6 38 0. 2554.1
43.43 34 ATTITUDE 5 0 -5
43.43 34 DL_VALUE 39 0.067
43.53 34 FBW_STATUS 0 0 123
43.53 34 RAD_OF_IR 49 -172 0.00157
43.53 34 NAVIGATION_REF 506366 3566262 12
43.54 34 GPS 3 50632264 356625588 3503 75466 120 172 328151751 12 0
43.55 34 IR_SENSORS -717 46 1
43.55 34 NAVIGATION 0 2 -43 -6 38 0. 2534.1
43.60 34 WP_MOVED 1 506292.5 3566296.25 800.
43.60 34 GYRO_RATES -39 -20 -1 0.340339 -0.174533 -0.008727
43.71 34 GPS 3 50632256 356625608 3552 75488 121 211 328151999 12 0
43.71 34 ESTIMATOR 754.880005 2.11 2.11 2.11 754.880005
43.71 34 BAT 167 123 72 0 81 71 1
43.86 34 DOWNLINK_STATUS 895 169004 10269 0 329. 21.
43.93 34 DOWNLINK_STATUS 43 1755 113 0 0. 0.
44.02 34 SERVO 6267 -9600 168
44.02 34 GPS 3 50632252 356625606 3552 75480 75 227 328152251 12 0
44.02 34 DESIRED 0. -0. 0. 0. 770. 0.
44.02 34 IR_DEBUG 544 471 544 471
44.02 34 NAVIGATION 0 2 -43 -5 38 0. 2512.4
44.09 34 WP_MOVED 2 506379.59375 3566304.75 800.
44.42 34 NAVIGATION 0 2 -43 -5 38 0. 2513.2
44.42 34 ATTITUDE 4 0 -4
44.76 34 RAD_OF_IR 63 11 0.00157
44.76 34 GPS 3 50632240 356625595 3546 75455 68 208 328152751 12 0
44.76 34 SVINFO 0 31 13 6 34 75 137
44.76 34 IR_SENSORS -693 78 1
44.76 34 NAVIGATION 0 2 -43 -6 38 0. 2514.1
44.76 34 WP_MOVED 3 506366. 3566262. 0.
44.76 34 GYRO_RATES -35 -21 -5 0.305433 -0.18326 -0.043633
44.86 34 DOWNLINK_STATUS 896 169138 10278 0 134. 9.
44.93 34 DOWNLINK_STATUS 44 1859 119 0 104. 6.
45.09 34 ESTIMATOR 754.030029 1.91 1.91 1.91 754.030029
45.43 34 ESTIMATOR 754.549988 2.08 2.08 2.08 754.549988
45.43 34 NAVIGATION 0 2 -43 -6 38 0. 2539.8
45.53 34 RAD_OF_IR 82 17 0.00157
45.53 34 IR_SENSORS -683 81 1
45.53 34 NAVIGATION 0 2 -43 -6 38 0. 2541.8
45.53 34 GPS 3 50632235 356625554 181 75400 102 215 328153751 12 0
45.53 34 SVINFO 4 22 13 4 28 32 106
45.53 34 WP_MOVED 1 506292.5 3566296.25 800.
45.53 34 GYRO_RATES -38 -21 -3 0.331613 -0.18326 -0.02618
45.60 34 ESTIMATOR 754. 2.15 2.15 2.15 754.
45.60 34 BAT 169 123 74 0 83 73 1
45.72 34 NAVIGATION 0 2 -43 -6 38 0. 2544.3
45.72 34 ATTITUDE 9 0 0
45.72 34 CALIBRATION 0. 0.023 0.067 0
45.72 34 GPS 3 50632240 356625540 203 75403 30 206 328153999 12 0
45.72 34 SERVO 5174 -9600 168
45.86 34 DOWNLINK_STATUS 897 169398 10294 0 260. 16.
45.93 34 DOWNLINK_STATUS 45 1881 120 0 22. 1.
46.16 34 DESIRED 0. -0. 0. 0. 770. 0.
46.16 34 IR_DEBUG 550 426 550 426
46.16 34 NAVIGATION 0 2 -43 -6 38 0. 2558.6
46.16 34 GPS 3 50632235 356625533 148 75412 29 182 328154251 12 0
46.16 34 SVINFO 6 20 13 4 24 12 308
46.16 34 WP_MOVED 2 506379.59375 3566304.75 800.
46.23 34 COMMANDS 168,-7,-28,-623
46.23 34 NAVIGATION 0 2 -43 -6 38 0. 2561.4
46.23 34 ATTITUDE 10 0 0
46.23 34 DL_VALUE 0 770.
46.23 34 GPS 3 50632228 356625529 65 75430 16 241 328154499 12 0
46.23 34 FBW_STATUS 0 0 123
46.23 34 RAD_OF_IR 87 -238 0.00156
46.29 34 ACTUATORS 1498,1500,0,1214,1469
46.29 34 IR_SENSORS -679 87 1
46.32 34 NAVIGATION 0 2 -43 -6 38 0. 2560.5
46.64 34 WP_MOVED 3 506366. 3566262. 0.
46.64 34 GYRO_RATES -37 -21 -4 0.322886 -0.18326 -0.034907
46.64 34 GPS 3 50632230 356625531 56 75441 58 167 328154751 12 0
46.72 34 ESTIMATOR 754.409973 1.67 1.67 1.67 754.409973
46.72 34 NAVIGATION 0 2 -43 -6 38 0. 2560.
46.72 34 ATTITUDE 10 0 0
46.72 34 GPS 3 50632226 356625532 48 75468 30 248 328154999 12 0
46.80 34 DESIRED 0. -0. 0. 0. 770. 0.
46.80 34 NAVIGATION 0 2 -43 -6 38 0. 2556.8
46.86 34 DOWNLINK_STATUS 898 169810 10319 0 412. 25.
