7.71 34 COMMANDS 168,-3,-1245,2533
7.71 34 NAVIGATION 0 1 0 0 38 0. 6571.9
7.71 34 ATTITUDE -2 0 -32
7.71 34 DL_VALUE 2 0.
7.71 34 FBW_STATUS 0 0 122
7.71 34 RAD_OF_IR -4 0 0.00211
7.71 34 IR_SENSORS -688 -6 1
7.71 34 GPS 0 50624961 356621065 0 80355 0 0 553751 12 0
7.71 34 NAVIGATION 0 1 0 0 38 0. 6571.9
7.71 34 WP_MOVED 3 506366. 3566262. 0.
7.71 34 GYRO_RATES -48 -22 0 0.418879 -0.191986 0.
7.71 34 ESTIMATOR 0. 0. 0. 0. 0.
7.71 34 NAVIGATION 0 1 0 0 38 0. 6571.9
7.71 34 GPS 0 50624961 356621065 0 80355 0 0 553999 12 0
7.71 34 ATTITUDE -3 0 -33
7.71 34 DOWNLINK_STATUS 5 1627 99 0 384. 24.
7.71 34 DESIRED 0. 0. 0. 0. 770. 0.
7.71 34 NAVIGATION 0 1 0 0 38 0. 6571.9
7.71 34 GPS 0 50624961 356621065 0 80355 0 0 554251 12 0
7.71 34 WP_MOVED 0 506408. 3566304. 800.
7.71 34 ESTIMATOR 0. 0. 0. 0. 0.
7.71 34 COMMANDS 178,4,-1228,2571
7.71 34 NAVIGATION 0 1 0 0 38 0. 6571.9
7.71 34 ATTITUDE -3 0 -34
7.72 34 DL_VALUE 3 0.
7.72 34 GPS 0 50624961 356621065 0 80355 0 0 554499 12 0
7.72 34 FBW_STATUS 0 0 122
7.72 34 RAD_OF_IR -12 0 0.00211
7.72 34 IR_SENSORS -688 -14 1
7.72 34 NAVIGATION 0 1 0 0 38 0. 6571.9
7.72 34 GPS 0 50624961 356621065 0 80355 0 0 554751 12 0
7.72 34 WP_MOVED 1 506292.5 3566296.25 800.
7.72 34 GYRO_RATES -48 -20 0 0.418879 -0.174533 0.
7.72 34 ESTIMATOR 0. 0. 0. 0. 0.
7.72 34 BAT 179 122 0 0 582 0 9
7.72 34 NAVIGATION 0 1 0 0 38 0. 6571.9
7.72 34 ATTITUDE -4 0 -32
7.72 34 CALIBRATION 0. 0.023 0.067 0
7.72 34 GPS 0 50624961 356621065 0 80355 0 0 554999 12 0
7.72 34 SERVO 9600 -9600 176
7.72 34 DOWNLINK_STATUS 6 2021 123 0 394. 24.
7.72 34 DESIRED 0. 0. 0. 0. 770. 0.
7.72 34 IR_DEBUG 478 504 478 504
7.72 34 NAVIGATION 0 1 0 0 38 0. 6571.9
7.72 34 WP_MOVED 2 506379.59375 3566304.75 800.
7.72 34 GPS 0 50624961 356621065 0 80355 0 0 555251 12 0
7.72 34 ESTIMATOR 0. 0. 0. 0. 0.
7.72 34 COMMANDS 161,-7,-1226,2555
7.72 34 NAVIGATION 0 1 0 0 38 0. 6571.9
7.72 34 ATTITUDE -4 0 -32
7.72 34 DL_VALUE 4 0.
7.72 34 GPS 0 50624961 356621065 0 80355 0 0 555499 12 0
7.72 34 FBW_STATUS 0 0 122
7.72 34 RAD_OF_IR -16 0 0.00211
7.72 34 IR_SENSORS -688 -17 1
7.72 34 NAVIGATION 0 1 0 0 38 0. 6571.9
7.72 34 WP_MOVED 3 506366. 3566262. 0.
7.72 34 GYRO_RATES -48 -20 0 0.418879 -0.174533 0.
7.72 34 GPS 0 50624961 356621065 0 80355 0 0 555751 12 0
7.72 34 ESTIMATOR 0. 0. 0. 0. 0.
7.88 34 NAVIGATION 0 1 0 0 38 0. 6571.9
7.93 34 ATTITUDE -4 0 -33
8.00 34 DOWNLINK_STATUS 7 2361 144 0 340. 21.
8.07 34 GPS 0 50624961 356621065 0 80355 0 0 555999 12 0
8.08 34 DESIRED 0. 0. 0. 0. 770. 0.
8.08 34 NAVIGATION 0 1 0 0 38 0. 6571.9
8.08 34 WP_MOVED 0 506408. 3566304. 800.
8.17 34 GPS 0 50624961 356621065 0 80355 0 0 556251 12 0
8.17 34 ESTIMATOR 0. 0. 0. 0. 0.
8.39 34 COMMANDS 156,-21,-1281,2545
8.39 34 NAVIGATION 0 1 0 0 38 0. 6571.9
8.39 34 ATTITUDE -4 0 -32
8.39 34 DL_VALUE 5 0.
8.47 34 FBW_STATUS 0 0 122
8.47 34 RAD_OF_IR -18 0 0.00211
8.47 34 GPS 0 50624961 356621065 0 80355 0 0 556499 12 0
8.47 34 IR_SENSORS -687 -18 1
8.57 34 NAVIGATION 0 1 0 0 38 0. 6571.9
8.57 34 WP_MOVED 1 506292.5 3566296.25 800.
8.57 34 GYRO_RATES -48 -21 -1 0.418879 -0.18326 -0.008727
8.92 34 ESTIMATOR 0. 0. 0. 0. 0.
8.92 34 BAT 176 122 0 0 584 0 9
8.92 34 GPS 0 50624961 356621065 0 80355 0 0 556751 12 0
8.92 34 NAVIGATION 0 1 0 0 38 0. 6571.9
8.92 34 ATTITUDE -4 0 -32
8.92 34 CALIBRATION 0. 0.023 0.067 0
9.00 34 SERVO 9600 -9600 178
9.00 34 GPS 0 50624961 356621065 0 80355 0 0 556999 12 0
9.00 34 DESIRED 0. 0. 0. 0. 770. 0.
9.00 34 IR_DEBUG 478 501 478 501
9.00 34 NAVIGATION 0 1 0 0 38 0. 6571.9
9.00 34 WP_MOVED 2 506379.59375 3566304.75 800.
9.01 34 DOWNLINK_STATUS 8 2851 173 0 490. 29.
9.05 34 ESTIMATOR 0. 0. 0. 0. 0.
9.16 34 GPS 0 50624961 356621065 0 80355 0 0 557251 12 0
9.38 34 COMMANDS 164,-10,-1269,2531
9.38 34 NAVIGATION 0 1 0 0 38 0. 6571.9
9.38 34 ATTITUDE -4 0 -32
9.38 34 DL_VALUE 6 0.
9.38 34 FBW_STATUS 0 0 122
9.38 34 RAD_OF_IR -14 0 0.00211
9.38 34 NAVIGATION_REF 506366 3566262 12
9.40 34 ACTUATORS 1434,1563,0,1214,1634
9.40 34 IR_SENSORS -685 -14 1
9.40 34 GPS 0 50624961 356621065 0 80355 0 0 557499 12 0
9.40 34 NAVIGATION 0 1 0 0 38 0. 6571.9
9.46 34 WP_MOVED 3 506366. 3566262. 0.
9.46 34 GYRO_RATES -48 -20 0 0.418879 -0.174533 0.
9.55 34 ESTIMATOR 0. 0. 0. 0. 0.
9.80 34 GPS 0 50624961 356621065 0 80355 0 0 557751 12 0
9.80 34 NAVIGATION 0 1 0 0 38 0. 6571.9
9.80 34 ATTITUDE -4 0 -32
9.89 34 DESIRED 0. 0. 0. 0. 770. 0.
9.89 34 NAVIGATION 0 1 0 0 38 0. 6571.9
9.89 34 GPS 0 50624961 356621065 0 80355 0 0 557999 12 0
9.97 34 WP_MOVED 0 506408. 3566304. 800.
9.97 34 PPRZ_MODE 0 0 3 0 0 17 0
10.00 34 ESTIMATOR 0. 0. 0. 0. 0.
10.01 34 DOWNLINK_STATUS 9 3263 198 0 412. 25.
10.31 34 COMMANDS 184,-40,-1218,2499
10.31 34 NAVIGATION 0 1 0 0 38 0. 6571.9
10.31 34 ATTITUDE -4 0 -32
10.31 34 DL_VALUE 7 0.
10.31 34 GPS 0 50624961 356621065 0 80355 0 0 558251 12 0
10.31 34 FBW_STATUS 0 0 122
10.31 34 RAD_OF_IR -16 0 0.00211
10.36 34 IR_SENSORS -685 -14 1
10.36 34 NAVIGATION 0 1 0 0 38 0. 6571.9
10.47 34 GPS 0 50624961 356621065 0 80355 0 0 558499 12 0
10.47 34 WP_MOVED 1 506292.5 3566296.25 800.
10.47 34 GYRO_RATES -48 -19 0 0.418879 -0.165806 0.
10.58 34 ESTIMATOR 0. 0. 0. 0. 0.
10.59 34 BAT 159 122 0 0 586 0 9
10.81 34 NAVIGATION 0 1 0 0 38 0. 6571.9
10.81 34 ATTITUDE -4 0 -32
10.81 34 CALIBRATION 0. 0.023 0.067 0
10.81 34 GPS 0 50624961 356621065 0 80355 0 0 558751 12 0
10.81 34 SERVO 9600 -9600 170
10.89 34 DESIRED 0. 0. 0. 0. 770. 0.
10.89 34 IR_DEBUG 476 498 476 498
10.89 34 NAVIGATION 0 1 0 0 38 0. 6571.9
10.90 34 WP_MOVED 2 506379.59375 3566304.75 800.
10.90 34 GPS 0 50624961 356621065 0 80355 0 0 558999 12 0
10.95 34 ESTIMATOR 0. 0. 0. 0. 0.
11.01 34 DOWNLINK_STATUS 10 3667 223 0 404. 25.
11.31 34 COMMANDS 174,-4,-1223,2518
11.31 34 NAVIGATION 0 1 0 0 38 0. 6571.9
11.31 34 ATTITUDE -4 0 -31
11.31 34 DL_VALUE 8 1.
11.31 34 GPS 0 50624961 356621065 0 80355 0 0 559251 12 0
11.31 34 FBW_STATUS 0 0 122
11.31 34 RAD_OF_IR -14 0 0.00211
11.39 34 IR_SENSORS -680 -14 1
11.39 34 NAVIGATION 0 1 0 0 38 0. 6571.9
11.39 34 WP_MOVED 3 506366. 3566262. 0.
11.39 34 GYRO_RATES -48 -21 0 0.418879 -0.18326 0.
11.39 34 GPS 0 50624961 356621065 0 80355 0 0 559499 12 0
11.45 34 ESTIMATOR 0. 0. 0. 0. 0.
11.49 34 NAVIGATION 0 1 0 0 38 0. 6571.9
11.49 34 ATTITUDE -2 0 -31
11.79 34 GPS 0 50624961 356621065 0 80355 0 0 559751 12 0
11.79 34 DESIRED 0. 0. 0. 0. 770. 0.
11.86 34 NAVIGATION 0 1 0 0 38 0. 6571.9
11.86 34 WP_MOVED 0 506408. 3566304. 800.
11.91 34 GPS 0 50624961 356621065 0 80355 0 0 559999 12 0
11.91 34 ESTIMATOR 0. 0. 0. 0. 0.
11.99 34 COMMANDS 211,-15,-1177,2531
11.99 34 NAVIGATION 0 1 0 0 38 0. 6571.9
11.99 34 ATTITUDE -2 0 -31
11.99 34 DL_VALUE 9 -61.099998
12.01 34 DOWNLINK_STATUS 11 4068 248 0 401. 25.
12.06 34 FBW_STATUS 0 0 122
12.06 34 RAD_OF_IR -9 0 0.00211
12.29 34 GPS 0 50624961 356621065 0 80355 0 0 560251 12 0
12.37 34 IR_SENSORS -679 -10 1
12.37 34 NAVIGATION 0 1 0 0 38 0. 6571.9
12.37 34 WP_MOVED 1 506292.5 3566296.25 800.
12.37 34 GYRO_RATES -48 -20 0 0.418879 -0.174533 0.
12.40 34 ESTIMATOR 0. 0. 0. 0. 0.
12.40 34 BAT 159 122 0 0 588 0 9
12.40 34 GPS 0 50624961 356621065 0 80355 0 0 560499 12 0
12.47 34 NAVIGATION 0 1 0 0 38 0. 6571.9
12.47 34 ATTITUDE -3 0 -31
12.47 34 CALIBRATION 0. 0.023 0.067 0
12.55 34 SERVO 9600 -9600 160
12.81 34 GPS 0 50624961 356621065 0 80355 0 0 560751 12 0
12.81 34 DESIRED 0. 0. 0. 0. 770. 0.
12.81 34 IR_DEBUG 478 495 478 495
12.81 34 NAVIGATION 0 1 0 0 38 0. 6571.9
13.00 34 WP_MOVED 2 506379.59375 3566304.75 800.
13.00 34 ESTIMATOR 0. 0. 0. 0. 0.
13.00 34 GPS 0 50624961 356621065 0 80355 0 0 560999 12 0
13.00 34 COMMANDS 176,1,-1240,2528
13.00 34 NAVIGATION 0 1 0 0 38 0. 6571.9
13.00 34 ATTITUDE -3 0 -31
13.00 34 DL_VALUE 10 0.
13.00 34 RAD_OF_IR -11 0 0.00211
13.02 34 DOWNLINK_STATUS 12 4482 274 0 414. 26.
13.06 34 IR_SENSORS -680 -11 1
13.42 34 GPS 0 50624961 356621065 0 80355 0 0 561251 12 0
13.42 34 NAVIGATION 0 1 0 0 38 0. 6571.9
13.42 34 WP_MOVED 3 506366. 3566262. 0.
13.42 34 GYRO_RATES -48 -19 -1 0.418879 -0.165806 -0.008727
13.48 34 ESTIMATOR 0. 0. 0. 0. 0.
13.48 34 GPS 0 50624961 356621065 0 80355 0 0 561499 12 0
13.49 34 NAVIGATION 0 1 0 0 38 0. 6571.9
13.49 34 ATTITUDE -3 0 -31
13.56 34 DESIRED 0. 0. 0. 0. 770. 0.
13.79 34 NAVIGATION 0 1 0 0 38 0. 6571.9
13.80 34 GPS 0 50624961 356621065 0 80355 0 0 561751 12 0
13.80 34 WP_MOVED 0 506408. 3566304. 800.
13.92 34 ESTIMATOR 0. 0. 0. 0. 0.
13.92 34 COMMANDS 164,-6,-1247,2590
13.92 34 NAVIGATION 0 1 0 0 38 0. 6571.9
13.92 34 ATTITUDE -2 0 -31
13.92 34 DL_VALUE 11 1.
13.92 34 GPS 0 50624961 356621065 0 80355 0 0 561999 12 0
13.95 34 FBW_STATUS 0 0 122
13.96 34 RAD_OF_IR -9 0 0.00211
14.02 34 DOWNLINK_STATUS 13 4839 295 0 357. 21.
14.06 34 ACTUATORS 1440,1565,0,1212,1633
14.06 34 IR_SENSORS -679 -9 1
14.06 34 NAVIGATION 0 1 0 0 38 0. 6571.9
14.32 34 GPS 0 50624961 356621065 0 80355 0 0 562251 12 0
14.32 34 WP_MOVED 1 506292.5 3566296.25 800.
14.32 34 GYRO_RATES -48 -20 0 0.418879 -0.174533 0.
14.40 34 ESTIMATOR 0. 0. 0. 0. 0.
14.40 34 BAT 167 122 0 0 590 0 9
14.40 34 NAVIGATION 0 1 0 0 38 0. 6571.9
14.40 34 ATTITUDE -3 0 -31
14.40 34 CALIBRATION 0. 0.023 0.067 0
14.40 34 GPS 0 50624961 356621065 0 80355 0 0 562499 12 0
14.40 34 SERVO 9600 -9600 176
14.57 34 DESIRED 0. 0. 0. 0. 770. 0.
14.57 34 IR_DEBUG 479 494 479 494
14.57 34 NAVIGATION 0 1 0 0 38 0. 6571.9
14.81 34 WP_MOVED 2 506379.59375 3566304.75 800.
14.81 34 PPRZ_MODE 0 0 3 0 0 17 0
14.81 34 GPS 0 50624961 356621065 0 80355 0 0 562751 12 0
14.81 34 ESTIMATOR 0. 0. 0. 0. 0.
14.87 34 COMMANDS 172,-24,-1253,2519
14.87 34 NAVIGATION 0 1 0 0 38 0. 6571.9
14.87 34 ATTITUDE -3 0 -31
14.87 34 DL_VALUE 12 0.
14.88 34 FBW_STATUS 0 0 122
14.89 34 GPS 0 50624961 356621065 0 80355 0 0 562999 12 0
14.89 34 RAD_OF_IR -9 0 0.00211
15.00 34 IR_SENSORS -681 -10 1
15.00 34 NAVIGATION 0 1 0 0 38 0. 6571.9
15.03 34 DOWNLINK_STATUS 14 5291 324 0 452. 29.
15.08 34 WP_MOVED 3 506366. 3566262. 0.
15.08 34 GYRO_RATES -48 -21 0 0.418879 -0.18326 0.
15.29 34 GPS 0 50624961 356621065 0 80355 0 0 563251 12 0
15.30 34 ESTIMATOR 0. 0. 0. 0. 0.
15.30 34 NAVIGATION 0 1 0 0 38 0. 6571.9
15.30 34 ATTITUDE -3 0 -31
15.36 34 GPS 0 50624961 356621065 0 80355 0 0 563499 12 0
15.47 34 DESIRED 0. 0. 0. 0. 770. 0.
15.47 34 NAVIGATION 0 1 0 0 38 0. 6571.9
15.55 34 WP_MOVED 0 506408. 3566304. 800.
15.79 34 GPS 0 50624961 356621065 0 80355 0 0 563751 12 0
15.79 34 ESTIMATOR 0. 0. 0. 0. 0.
15.87 34 COMMANDS 179,-20,-1207,2548
15.87 34 NAVIGATION 0 1 0 0 38 0. 6571.9
15.87 34 ATTITUDE -2 0 -31
15.88 34 DL_VALUE 13 517.
15.88 34 FBW_STATUS 0 0 122
15.88 34 RAD_OF_IR -8 0 0.00211
15.88 34 GPS 0 50624961 356621065 0 80355 0 0 563999 12 0
15.89 34 IR_SENSORS -680 -9 1
15.95 34 NAVIGATION 0 1 0 0 38 0. 6571.9
16.03 34 DOWNLINK_STATUS 15 5648 345 0 357. 21.
16.06 34 WP_MOVED 1 506292.5 3566296.25 800.
16.06 34 GYRO_RATES -48 -21 0 0.418879 -0.18326 0.
16.42 34 ESTIMATOR 0. 0. 0. 0. 0.
16.42 34 BAT 153 122 0 0 592 0 9
16.42 34 GPS 0 50624961 356621065 0 80355 0 0 564251 12 0
16.42 34 NAVIGATION 0 1 0 0 38 0. 6571.9
16.42 34 ATTITUDE -3 0 -31
16.42 34 CALIBRATION 0. 0.023 0.067 0
16.50 34 SERVO 9600 -9600 167
16.50 34 GPS 0 50624961 356621065 0 80355 0 0 564499 12 0
16.50 34 DESIRED 0. 0. 0. 0. 770. 0.
16.50 34 IR_DEBUG 479 496 479 496
16.50 34 NAVIGATION 0 1 0 0 38 0. 6571.9
16.50 34 WP_MOVED 2 506379.59375 3566304.75 800.
16.55 34 ESTIMATOR 0. 0. 0. 0. 0.
16.68 34 GPS 0 50624961 356621065 0 80355 0 0 564751 12 0
16.68 34 COMMANDS 174,12,-1220,2546
16.68 34 NAVIGATION 0 1 0 0 38 0. 6571.9
16.69 34 ATTITUDE -3 0 -32
16.69 34 DL_VALUE 14 482.
16.88 34 FBW_STATUS 0 0 122
16.88 34 RAD_OF_IR -12 0 0.00211
16.91 34 IR_SENSORS -683 -12 1
16.91 34 GPS 0 50624961 356621065 0 80355 0 0 564999 12 0
16.91 34 NAVIGATION 0 1 0 0 38 0. 6571.9
16.96 34 WP_MOVED 3 506366. 3566262. 0.
16.97 34 GYRO_RATES -48 -20 0 0.418879 -0.174533 0.
17.03 34 DOWNLINK_STATUS 16 6087 372 0 439. 27.
17.05 34 ESTIMATOR 0. 0. 0. 0. 0.
17.17 34 GPS 0 50624961 356621065 0 80355 0 0 565251 12 0
17.17 34 NAVIGATION 0 1 0 0 38 0. 6571.9
17.17 34 ATTITUDE -3 0 -32
17.50 34 DESIRED 0. 0. 0. 0. 770. 0.
17.50 34 NAVIGATION 0 1 0 0 38 0. 6571.9
17.50 34 GPS 0 50624961 356621065 0 80355 0 0 565499 12 0
17.56 34 WP_MOVED 0 506408. 3566304. 800.
17.56 34 ESTIMATOR 0. 0. 0. 0. 0.
17.72 34 COMMANDS 183,-1,-1213,2561
17.72 34 NAVIGATION 0 1 0 0 38 0. 6571.9
17.72 34 ATTITUDE -3 0 -31
17.72 34 DL_VALUE 15 455.
17.72 34 GPS 0 50624961 356621065 0 80355 0 0 565751 12 0
17.72 34 FBW_STATUS 0 0 122
17.72 34 RAD_OF_IR -10 0 0.00211
17.72 34 NAVIGATION_REF 506366 3566262 12
17.75 34 IR_SENSORS -681 -10 1
17.98 34 NAVIGATION 0 1 0 0 38 0. 6571.9
18.04 34 DOWNLINK_STATUS 17 6393 391 0 306. 19.
18.09 34 GPS 0 50624961 356621065 0 80355 0 0 565999 12 0
18.09 34 WP_MOVED 1 506292.5 3566296.25 800.
18.09 34 GYRO_RATES -48 -20 0 0.418879 -0.174533 0.
18.09 34 ESTIMATOR 0. 0. 0. 0. 0.
18.09 34 BAT 169 122 0 0 594 0 9
18.17 34 NAVIGATION 0 1 0 0 38 0. 6571.9
18.17 34 ATTITUDE -3 0 -31
18.17 34 CALIBRATION 0. 0.023 0.067 0
18.17 34 GPS 0 50624961 356621065 0 80355 0 0 566251 12 0
18.18 34 SERVO 9600 -9600 152
18.32 34 DESIRED 0. 0. 0. 0. 770. 0.
18.32 34 IR_DEBUG 480 493 480 493
18.32 34 NAVIGATION 0 1 0 0 38 0. 6571.9
18.49 34 WP_MOVED 2 506379.59375 3566304.75 800.
18.49 34 GPS 0 50624961 356621065 0 80355 0 0 566499 12 0
18.57 34 ESTIMATOR 0. 0. 0. 0. 0.
18.57 34 COMMANDS 165,17,-1225,2545
18.58 34 NAVIGATION 0 1 0 0 38 0. 6571.9
18.58 34 ATTITUDE -3 0 -31
18.58 34 DL_VALUE 16 7500.
18.66 34 GPS 0 50624961 356621065 0 80355 0 0 566751 12 0
18.67 34 FBW_STATUS 0 0 122
18.67 34 RAD_OF_IR -10 0 0.00211
18.76 34 ACTUATORS 1438,1563,0,1216,1633
18.76 34 IR_SENSORS -681 -10 1
18.78 34 NAVIGATION 0 1 0 0 38 0. 6571.9
19.00 34 WP_MOVED 3 506366. 3566262. 0.
19.00 34 GYRO_RATES -48 -21 0 0.418879 -0.18326 0.
19.00 34 GPS 0 50624961 356621065 0 80355 0 0 566999 12 0
19.04 34 DOWNLINK_STATUS 18 6872 420 0 479. 29.
19.07 34 ESTIMATOR 0. 0. 0. 0. 0.
19.07 34 NAVIGATION 0 1 0 0 38 0. 6571.9
19.07 34 ATTITUDE -3 0 -31
19.16 34 GPS 0 50624961 356621065 0 80355 0 0 567251 12 0
19.19 34 DESIRED 0. 0. 0. 0. 770. 0.
19.29 34 NAVIGATION 0 1 0 0 38 0. 6571.9
19.29 34 WP_MOVED 0 506408. 3566304. 800.
19.29 34 PPRZ_MODE 0 0 3 0 0 17 0
19.49 34 GPS 0 50624961 356621065 0 80355 0 0 567499 12 0
19.49 34 ESTIMATOR 0. 0. 0. 0. 0.
19.59 34 COMMANDS 176,-24,-1251,2578
19.59 34 NAVIGATION 0 1 0 0 38 0. 6571.9
19.59 34 ATTITUDE -2 0 -31
19.59 34 DL_VALUE 17 11250.
19.60 34 FBW_STATUS 0 0 122
19.60 34 RAD_OF_IR -7 0 0.00211
19.69 34 GPS 0 50624961 356621065 0 80355 0 0 567751 12 0
19.69 34 IR_SENSORS -680 -7 1
19.69 34 NAVIGATION 0 1 0 0 38 0. 6571.9
19.76 34 WP_MOVED 1 506292.5 3566296.25 800.
19.77 34 GYRO_RATES -48 -20 0 0.418879 -0.174533 0.
20.00 34 ESTIMATOR 0. 0. 0. 0. 0.
20.00 34 BAT 161 122 0 0 596 0 9
20.00 34 GPS 0 50624961 356621065 0 80355 0 0 567999 12 0
20.04 34 DOWNLINK_STATUS 19 7274 444 0 402. 24.
20.06 34 NAVIGATION 0 1 0 0 38 0. 6571.9
20.06 34 ATTITUDE -2 0 -31
20.06 34 CALIBRATION 0. 0.023 0.067 0
20.07 34 SERVO 9600 -9600 173
20.19 34 GPS 0 50624961 356621065 0 80355 0 0 568251 12 0
20.19 34 DESIRED 0. 0. 0. 0. 770. 0.
20.19 34 IR_DEBUG 481 492 481 492
20.19 34 NAVIGATION 0 1 0 0 38 0. 6571.9
20.25 34 WP_MOVED 2 506379.59375 3566304.75 800.
20.49 34 ESTIMATOR 0. 0. 0. 0. 0.
20.53 34 GPS 0 50624961 356621065 0 80355 0 0 568499 12 0
20.57 34 COMMANDS 152,1,-1267,2526
20.57 34 NAVIGATION 0 1 0 0 38 0. 6571.9
20.57 34 ATTITUDE -2 0 -31
20.57 34 DL_VALUE 18 10000.
20.57 34 FBW_STATUS 0 0 122
20.57 34 RAD_OF_IR -7 0 0.00211
20.58 34 IR_SENSORS -681 -7 1
20.79 34 GPS 0 50624961 356621065 0 80355 0 0 568751 12 0
20.81 34 NAVIGATION 0 1 0 0 38 0. 6571.9
20.81 34 WP_MOVED 3 506366. 3566262. 0.
20.81 34 GYRO_RATES -48 -21 0 0.418879 -0.18326 0.
20.81 34 ESTIMATOR 0. 0. 0. 0. 0.
21.00 34 NAVIGATION 0 1 0 0 38 0. 6571.9
21.00 34 GPS 0 50624961 356621065 0 80355 0 0 568999 12 0
21.00 34 ATTITUDE -3 0 -31
21.04 34 DOWNLINK_STATUS 20 7690 470 0 416. 26.
21.06 34 DESIRED 0. 0. 0. 0. 770. 0.
21.17 34 NAVIGATION 0 1 0 0 38 0. 6571.9
21.17 34 GPS 0 50624961 356621065 0 80355 0 0 569251 12 0
21.17 34 WP_MOVED 0 506408. 3566304. 800.
21.26 34 ESTIMATOR 0. 0. 0. 0. 0.
21.50 34 COMMANDS 181,-49,-1221,2529
21.54 34 NAVIGATION 0 1 0 0 38 0. 6571.9
21.54 34 ATTITUDE -3 0 -32
21.54 34 DL_VALUE 19 3000.
21.54 34 GPS 0 50624961 356621065 0 80355 0 0 569499 12 0
21.55 34 FBW_STATUS 0 0 122
21.55 34 RAD_OF_IR -10 0 0.00211
21.57 34 IR_SENSORS -682 -10 1
21.57 34 NAVIGATION 0 1 0 0 38 0. 6571.9
21.67 34 GPS 0 50624961 356621065 0 80355 0 0 569751 12 0
21.67 34 WP_MOVED 1 506292.5 3566296.25 800.
21.67 34 GYRO_RATES -48 -20 0 0.418879 -0.174533 0.
21.77 34 ESTIMATOR 0. 0. 0. 0. 0.
21.77 34 BAT 168 122 0 0 598 0 9
22.00 34 NAVIGATION 0 1 0 0 38 0. 6571.9
22.00 34 ATTITUDE -3 0 -31
22.00 34 CALIBRATION 0. 0.023 0.067 0
22.00 34 GPS 0 50624961 356621065 0 80355 0 0 569999 12 0
22.04 34 DOWNLINK_STATUS 21 8076 493 0 386. 23.
22.07 34 SERVO 9600 -9600 171
22.07 34 DESIRED 0. 0. 0. 0. 770. 0.
22.07 34 IR_DEBUG 481 494 481 494
22.07 34 NAVIGATION 0 1 0 0 38 0. 6571.9
22.20 34 WP_MOVED 2 506379.59375 3566304.75 800.
22.20 34 GPS 0 50624961 356621065 0 80355 0 0 570251 12 0
22.20 34 ESTIMATOR 0. 0. 0. 0. 0.
22.30 34 COMMANDS 174,-10,-1240,2422
22.30 34 NAVIGATION 0 1 0 0 38 0. 6571.9
22.30 34 ATTITUDE -3 0 -32
22.30 34 DL_VALUE 20 20000.
22.49 34 GPS 0 50624961 356621065 0 80355 0 0 570499 12 0
22.49 34 FBW_STATUS 0 0 122
22.49 34 RAD_OF_IR -9 0 0.00211
22.50 34 IR_SENSORS -683 -9 1
22.50 34 NAVIGATION 0 1 0 0 38 0. 6571.9
22.69 34 WP_MOVED 3 506366. 3566262. 0.
22.69 34 GYRO_RATES -48 -19 0 0.418879 -0.165806 0.
22.69 34 GPS 0 50624961 356621065 0 80355 0 0 570751 12 0
22.99 34 ESTIMATOR 0. 0. 0. 0. 0.
22.99 34 NAVIGATION 0 1 0 0 38 0. 6571.9
22.99 34 ATTITUDE -2 0 -32
23.04 34 DOWNLINK_STATUS 22 8424 515 0 348. 22.
23.08 34 GPS 0 50624961 356621065 0 80355 0 0 570999 12 0
23.08 34 DESIRED 0. 0. 0. 0. 770. 0.
23.08 34 NAVIGATION 0 1 0 0 38 0. 6571.9
23.17 34 WP_MOVED 0 506408. 3566304. 800.
23.17 34 GPS 0 50624961 356621065 0 80355 0 0 571251 12 0
23.17 34 ESTIMATOR 0. 0. 0. 0. 0.
23.27 34 COMMANDS 211,-21,-1171,2546
23.27 34 NAVIGATION 0 1 0 0 38 0. 6571.9
23.27 34 ATTITUDE -2 0 -32
23.27 34 DL_VALUE 21 17500.
23.27 34 FBW_STATUS 0 0 122
23.29 34 RAD_OF_IR -8 0 0.00211
23.49 34 GPS 0 50624961 356621065 0 80355 0 0 571499 12 0
23.58 34 ACTUATORS 1436,1564,0,1214,1629
23.58 34 IR_SENSORS -683 -9 1
23.58 34 NAVIGATION 0 1 0 0 38 0. 6571.9
23.58 34 WP_MOVED 1 506292.5 3566296.25 800.
23.58 34 GYRO_RATES -48 -25 0 0.418879 -0.218166 0.
23.81 34 ESTIMATOR 0. 0. 0. 0. 0.
23.81 34 BAT 170 122 0 0 600 0 9
23.81 34 GPS 0 50624961 356621065 0 80355 0 0 571751 12 0
23.81 34 NAVIGATION 0 1 0 0 38 0. 6571.9
23.81 34 ATTITUDE -3 0 -32
23.81 34 CALIBRATION 0. 0.023 0.067 0
23.81 34 SERVO 9600 -9600 145
24.05 34 DOWNLINK_STATUS 23 8831 540 0 407. 25.
24.12 34 GPS 0 50624961 356621065 0 80355 0 0 571999 12 0
24.12 34 DESIRED 0. 0. 0. 0. 770. 0.
24.12 34 IR_DEBUG 482 496 482 496
24.12 34 NAVIGATION 0 1 0 0 38 0. 6571.9
24.12 34 WP_MOVED 2 506379.59375 3566304.75 800.
24.12 34 PPRZ_MODE 0 0 3 0 0 17 0
24.17 34 ESTIMATOR 0. 0. 0. 0. 0.
24.17 34 GPS 0 50624961 356621065 0 80355 0 0 572251 12 0
24.19 34 COMMANDS 170,-20,-1253,2532
24.19 34 NAVIGATION 0 1 0 0 38 0. 6571.9
24.19 34 ATTITUDE -3 0 -32
24.19 34 DL_VALUE 22 20000.
24.25 34 FBW_STATUS 0 0 122
24.25 34 RAD_OF_IR -9 0 0.00211
24.39 34 IR_SENSORS -684 -9 1
24.43 34 GPS 0 50624961 356621065 0 80355 0 0 572499 12 0
24.43 34 NAVIGATION 0 1 0 0 38 0. 6571.9
24.59 34 WP_MOVED 3 506366. 3566262. 0.
24.59 34 GYRO_RATES -48 -20 0 0.418879 -0.174533 0.
24.68 34 ESTIMATOR 0. 0. 0. 0. 0.
24.68 34 NAVIGATION 0 1 0 0 38 0. 6571.9
24.68 34 GPS 0 50624961 356621065 0 80355 0 0 572751 12 0
24.68 34 ATTITUDE -3 0 -32
24.89 34 DESIRED 0. 0. 0. 0. 770. 0.
24.89 34 NAVIGATION 0 1 0 0 38 0. 6571.9
24.89 34 GPS 0 50624961 356621065 0 80355 0 0 572999 12 0
24.89 34 WP_MOVED 0 506408. 3566304. 800.
25.05 34 DOWNLINK_STATUS 24 9293 567 0 462. 27.
25.08 34 ESTIMATOR 0. 0. 0. 0. 0.
25.20 34 COMMANDS 179,-20,-1245,2573
25.20 34 NAVIGATION 0 1 0 0 38 0. 6571.9
25.20 34 ATTITUDE -3 0 -32
25.20 34 DL_VALUE 23 0.
25.20 34 GPS 0 50624961 356621065 0 80355 0 0 573251 12 0
25.20 34 FBW_STATUS 0 0 122
25.20 34 RAD_OF_IR -11 0 0.00211
25.25 34 IR_SENSORS -684 -11 1
25.35 34 NAVIGATION 0 1 0 0 38 0. 6571.9
25.59 34 GPS 0 50624961 356621065 0 80355 0 0 573499 12 0
25.59 34 WP_MOVED 1 506292.5 3566296.25 800.
25.59 34 GYRO_RATES -48 -21 0 0.418879 -0.18326 0.
25.70 34 ESTIMATOR 0. 0. 0. 0. 0.
25.70 34 BAT 173 122 0 0 602 0 9
25.70 34 NAVIGATION 0 1 0 0 38 0. 6571.9
25.70 34 ATTITUDE -3 0 -32
25.70 34 CALIBRATION 0. 0.023 0.067 0
25.70 34 GPS 0 50624961 356621065 0 80355 0 0 573751 12 0
25.70 34 SERVO 9600 -9600 162
25.81 34 DESIRED 0. 0. 0. 0. 770. 0.
25.81 34 IR_DEBUG 482 487 482 487
25.81 34 NAVIGATION 0 1 0 0 38 0. 6571.9
25.87 34 WP_MOVED 2 506379.59375 3566304.75 800.
25.87 34 GPS 0 50624961 356621065 0 80355 0 0 573999 12 0
26.05 34 DOWNLINK_STATUS 25 9697 592 0 404. 25.
26.08 34 ESTIMATOR 0. 0. 0. 0. 0.
26.19 34 COMMANDS 140,0,-1278,2539
26.19 34 NAVIGATION 0 1 0 0 38 0. 6571.9
26.19 34 ATTITUDE -1 0 -30
26.19 34 DL_VALUE 24 2150.
26.19 34 GPS 0 50624961 356621065 0 80355 0 0 574251 12 0
26.19 34 FBW_STATUS 0 0 122
26.19 34 RAD_OF_IR 0 0 0.00211
26.19 34 NAVIGATION_REF 506366 3566262 12
26.19 34 IR_SENSORS -673 1 1
26.25 34 NAVIGATION 0 1 0 0 38 0. 6571.9
26.38 34 WP_MOVED 3 506366. 3566262. 0.
26.41 34 GYRO_RATES -48 -21 0 0.418879 -0.18326 0.
26.42 34 GPS 0 50624961 356621065 0 80355 0 0 574499 12 0
26.58 34 ESTIMATOR 0. 0. 0. 0. 0.
26.71 34 NAVIGATION 0 1 0 0 38 0. 6571.9
26.71 34 ATTITUDE 0 0 -29
26.71 34 GPS 0 50624961 356621065 0 80355 0 0 574751 12 0
26.71 34 DESIRED 0. 0. 0. 0. 770. 0.
26.77 34 NAVIGATION 0 1 0 0 38 0. 6571.9
26.77 34 WP_MOVED 0 506408. 3566304. 800.
26.90 34 GPS 0 50624961 356621065 0 80355 0 0 574999 12 0
26.94 34 ESTIMATOR 0. 0. 0. 0. 0.
27.07 34 DOWNLINK_STATUS 26 10087 615 0 390. 23.
27.09 34 COMMANDS 179,-42,-1228,2536
27.09 34 NAVIGATION 0 1 0 0 38 0. 6571.9
27.09 34 ATTITUDE 0 0 -29
27.09 34 DL_VALUE 25 5300.
27.16 34 FBW_STATUS 0 0 122
27.16 34 RAD_OF_IR 3 0 0.00211
27.17 34 GPS 0 50624961 356621065 0 80355 0 0 575251 12 0
27.18 34 IR_SENSORS -669 3 1
27.18 34 NAVIGATION 0 1 0 0 38 0. 6571.9
27.26 34 WP_MOVED 1 506292.5 3566296.25 800.
27.26 34 GYRO_RATES -48 -21 0 0.418879 -0.18326 0.
27.40 34 ESTIMATOR 0. 0. 0. 0. 0.
27.44 34 BAT 165 122 0 0 604 0 9
27.44 34 GPS 0 50624961 356621065 0 80355 0 0 575499 12 0
27.60 34 NAVIGATION 0 1 0 0 38 0. 6571.9
27.60 34 ATTITUDE -1 0 -29
27.60 34 CALIBRATION 0. 0.023 0.067 0
27.70 34 SERVO 9600 -9600 173
27.70 34 GPS 0 50624961 356621065 0 80355 0 0 575751 12 0
27.70 34 DESIRED 0. 0. 0. 0. 770. 0.
27.70 34 IR_DEBUG 482 477 482 477
27.70 34 NAVIGATION 0 1 0 0 38 0. 6571.9
27.75 34 WP_MOVED 2 506379.59375 3566304.75 800.
28.06 34 DOWNLINK_STATUS 27 10442 638 0 355. 23.
28.12 34 ESTIMATOR 0. 0. 0. 0. 0.
28.12 34 GPS 0 50624961 356621065 0 80355 0 0 575999 12 0
28.12 34 COMMANDS 159,3,-1242,2442
28.12 34 NAVIGATION 0 1 0 0 38 0. 6571.9
28.12 34 ATTITUDE 0 0 -30
28.12 34 DL_VALUE 26 10000.
28.12 34 FBW_STATUS 0 0 122
28.31 34 RAD_OF_IR 3 0 0.00211
28.31 34 ACTUATORS 1438,1564,0,1215,1633
28.31 34 IR_SENSORS -669 3 1
28.31 34 GPS 0 50624961 356621065 0 80355 0 0 576251 12 0
28.31 34 NAVIGATION 0 1 0 0 38 0. 6571.9
28.31 34 WP_MOVED 3 506366. 3566262. 0.
28.31 34 GYRO_RATES -48 -17 -1 0.418879 -0.148353 -0.008727
28.31 34 ESTIMATOR 0. 0. 0. 0. 0.
28.40 34 GPS 0 50624961 356621065 0 80355 0 0 576499 12 0
28.40 34 NAVIGATION 0 1 0 0 38 0. 6571.9
28.40 34 ATTITUDE -1 0 -29
28.68 34 DESIRED 0. 0. 0. 0. 770. 0.
28.77 34 NAVIGATION 0 1 0 0 38 0. 6571.9
28.77 34 GPS 0 50624961 356621065 0 80355 0 0 576751 12 0
28.78 34 WP_MOVED 0 506408. 3566304. 800.
28.78 34 PPRZ_MODE 0 0 3 0 0 1 0
28.78 34 ESTIMATOR 0. 0. 0. 0. 0.
28.90 34 COMMANDS 235,-26,-1117,2554
28.94 34 NAVIGATION 0 1 0 0 38 0. 6571.9
28.94 34 ATTITUDE 0 0 -30
28.94 34 DL_VALUE 27 4000.
28.94 34 GPS 0 50624961 356621065 0 80355 0 0 576999 12 0
28.94 34 FBW_STATUS 0 0 122
28.95 34 RAD_OF_IR 3 0 0.00211
29.07 34 DOWNLINK_STATUS 28 10929 669 0 487. 31.
29.18 34 IR_SENSORS -671 3 1
29.18 34 NAVIGATION 0 1 0 0 38 0. 6571.9
29.29 34 GPS 0 50624961 356621065 0 80355 0 0 577251 12 0
29.29 34 WP_MOVED 1 506292.5 3566296.25 800.
29.29 34 GYRO_RATES -48 -22 0 0.418879 -0.191986 0.
29.29 34 ESTIMATOR 0. 0. 0. 0. 0.
29.29 34 BAT 143 122 0 0 606 0 9
29.37 34 NAVIGATION 0 1 0 0 38 0. 6571.9
29.41 34 ATTITUDE 0 0 -30
29.41 34 CALIBRATION 0. 0.023 0.067 0
29.41 34 GPS 0 50624961 356621065 0 80355 0 0 577499 12 0
29.41 34 SERVO 9600 -9600 166
29.70 34 DESIRED 0. 0. 0. 0. 770. 0.
29.70 34 IR_DEBUG 483 479 483 479
29.70 34 NAVIGATION 0 1 0 0 38 0. 6571.9
29.77 34 WP_MOVED 2 506379.59375 3566304.75 800.
29.77 34 GPS 0 50624961 356621065 0 80355 0 0 577751 12 0
29.77 34 ESTIMATOR 0. 0. 0. 0. 0.
29.81 34 COMMANDS 169,1,-1240,2552
29.84 34 NAVIGATION 0 1 0 0 38 0. 6571.9
29.84 34 ATTITUDE -1 0 -30
29.84 34 DL_VALUE 28 0.228
29.89 34 FBW_STATUS 0 0 122
29.89 34 GPS 0 50624961 356621065 0 80355 0 0 577999 12 0
29.89 34 RAD_OF_IR 1 0 0.00211
29.95 34 IR_SENSORS -674 0 1
29.98 34 NAVIGATION 0 1 0 0 38 0. 6571.9
30.07 34 DOWNLINK_STATUS 29 11359 696 0 430. 27.
30.19 34 WP_MOVED 3 506366. 3566262. 0.
30.19 34 GYRO_RATES -48 -20 0 0.418879 -0.174533 0.
30.27 34 GPS 0 50624961 356621065 0 80355 0 0 578251 12 0
30.27 34 ESTIMATOR 0. 0. 0. 0. 0.
30.27 34 NAVIGATION 0 1 0 0 38 0. 6571.9
30.27 34 ATTITUDE -1 0 -30
30.37 34 GPS 0 50624961 356621065 0 80355 0 0 578499 12 0
30.47 34 DESIRED 0. 0. 0. 0. 770. 0.
30.47 34 NAVIGATION 0 1 0 0 38 0. 6571.9
30.67 34 WP_MOVED 0 506408. 3566304. 800.
30.67 34 GPS 0 50624961 356621065 0 80355 0 0 578751 12 0
30.67 34 ESTIMATOR 0. 0. 0. 0. 0.
30.77 34 COMMANDS 179,-4,-1240,2601
30.77 34 NAVIGATION 0 1 0 0 38 0. 6571.9
30.77 34 ATTITUDE -1 0 -30
30.77 34 DL_VALUE 29 0.42
30.77 34 FBW_STATUS 0 0 122
30.78 34 RAD_OF_IR 2 0 0.00211
30.89 34 GPS 0 50624961 356621065 0 80355 0 0 578999 12 0
30.91 34 IR_SENSORS -672 3 1
31.07 34 DOWNLINK_STATUS 30 11698 716 0 339. 20.
31.08 34 NAVIGATION 0 1 0 0 38 0. 6571.9
31.20 34 WP_MOVED 1 506292.5 3566296.25 800.
31.20 34 GYRO_RATES -48 -19 0 0.418879 -0.165806 0.
31.20 34 ESTIMATOR 0. 0. 0. 0. 0.
31.20 34 BAT 159 122 0 0 608 0 9
31.20 34 GPS 0 50624961 356621065 0 80355 0 0 579251 12 0
31.20 34 NAVIGATION 0 1 0 0 38 0. 6571.9
31.20 34 ATTITUDE 0 0 -30
31.20 34 CALIBRATION 0. 0.023 0.067 0
31.25 34 SERVO 9600 -9600 163
31.61 34 GPS 0 50624961 356621065 0 80355 0 0 579499 12 0
31.61 34 DESIRED 0. 0. 0. 0. 770. 0.
31.61 34 IR_DEBUG 484 478 484 478
31.61 34 NAVIGATION 0 1 0 0 38 0. 6571.9
31.61 34 WP_MOVED 2 506379.59375 3566304.75 800.
31.69 34 ESTIMATOR 0. 0. 0. 0. 0.
31.69 34 GPS 0 50624961 356621065 0 80355 0 0 579751 12 0
31.69 34 COMMANDS 157,7,-1245,2538
31.69 34 NAVIGATION 0 1 0 0 38 0. 6571.9
31.69 34 ATTITUDE 0 0 -30
31.69 34 DL_VALUE 30 0.
31.76 34 FBW_STATUS 0 0 122
31.76 34 RAD_OF_IR 4 0 0.00211
31.91 34 IR_SENSORS -674 3 1
31.91 34 GPS 0 50624961 356621065 0 80355 0 0 579999 12 0
31.91 34 NAVIGATION 0 1 0 0 38 0. 6571.9
32.07 34 DOWNLINK_STATUS 31 12120 742 0 422. 26.
32.09 34 WP_MOVED 3 506366. 3566262. 0.
32.09 34 GYRO_RATES -48 -21 0 0.418879 -0.18326 0.
32.18 34 ESTIMATOR 0. 0. 0. 0. 0.
32.18 34 GPS 0 50624961 356621065 0 80355 0 0 580251 12 0
32.18 34 NAVIGATION 0 1 0 0 38 0. 6571.9
32.18 34 ATTITUDE 0 0 -30
32.40 34 DESIRED 0. 0. 0. 0. 770. 0.
32.41 34 NAVIGATION 0 1 0 0 38 0. 6571.9
32.41 34 GPS 0 50624961 356621065 0 80355 0 0 580499 12 0
32.41 34 WP_MOVED 0 506408. 3566304. 800.
32.58 34 ESTIMATOR 0. 0. 0. 0. 0.
32.70 34 COMMANDS 173,-28,-1226,2555
32.70 34 NAVIGATION 0 1 0 0 38 0. 6571.9
32.70 34 ATTITUDE -1 0 -31
32.70 34 DL_VALUE 31 0.023
32.70 34 GPS 0 50624961 356621065 0 80355 0 0 580751 12 0
32.70 34 FBW_STATUS 0 0 122
32.70 34 RAD_OF_IR 3 0 0.00211
32.76 34 ACTUATORS 1436,1563,0,1214,1633
32.76 34 IR_SENSORS -674 4 1
32.86 34 NAVIGATION 0 1 0 0 38 0. 6571.9
33.07 34 DOWNLINK_STATUS 32 12463 763 0 343. 21.
33.11 34 GPS 0 50624961 356621065 0 80355 0 0 580999 12 0
33.11 34 WP_MOVED 1 506292.5 3566296.25 800.
33.11 34 GYRO_RATES -48 -20 0 0.418879 -0.174533 0.
33.11 34 ESTIMATOR 0. 0. 0. 0. 0.
33.11 34 BAT 159 122 0 0 610 0 9
33.18 34 NAVIGATION 0 1 0 0 38 0. 6571.9
33.18 34 ATTITUDE 0 0 -30
33.18 34 CALIBRATION 0. 0.023 0.067 0
33.18 34 GPS 0 50624961 356621065 0 80355 0 0 581251 12 0
33.18 34 SERVO 9600 -9600 163
33.29 34 DESIRED 0. 0. 0. 0. 770. 0.
33.29 34 IR_DEBUG 484 479 484 479
33.29 34 NAVIGATION 0 1 0 0 38 0. 6571.9
33.38 34 WP_MOVED 2 506379.59375 3566304.75 800.
33.42 34 PPRZ_MODE 0 0 3 0 0 1 0
33.42 34 GPS 0 50624961 356621065 0 80355 0 0 581499 12 0
33.58 34 ESTIMATOR 0. 0. 0. 0. 0.
33.69 34 COMMANDS 165,12,-1232,2462
33.69 34 NAVIGATION 0 1 0 0 38 0. 6571.9
33.69 34 ATTITUDE -1 0 -30
33.69 34 DL_VALUE 32 0.001
33.69 34 FBW_STATUS 0 0 122
33.69 34 GPS 0 50624961 356621065 0 80355 0 0 581751 12 0
33.69 34 RAD_OF_IR 2 0 0.00211
33.69 34 IR_SENSORS -675 3 1
33.76 34 NAVIGATION 0 1 0 0 38 0. 6571.9
33.88 34 WP_MOVED 3 506366. 3566262. 0.
33.88 34 GYRO_RATES -48 -20 -1 0.418879 -0.174533 -0.008727
33.88 34 GPS 0 50624961 356621065 0 80355 0 0 581999 12 0
34.07 34 DOWNLINK_STATUS 33 12938 792 0 475. 29.
34.18 34 ESTIMATOR 0. 0. 0. 0. 0.
34.30 34 NAVIGATION 0 1 0 0 38 0. 6571.9
34.30 34 ATTITUDE -1 0 -31
34.30 34 GPS 0 50624961 356621065 0 80355 0 0 582251 12 0
34.30 34 DESIRED 0. 0. 0. 0. 770. 0.
34.31 34 NAVIGATION 0 1 0 0 38 0. 6571.9
34.31 34 WP_MOVED 0 506408. 3566304. 800.
34.40 34 GPS 0 50624961 356621065 0 80355 0 0 582499 12 0
34.44 34 ESTIMATOR 0. 0. 0. 0. 0.
34.69 34 COMMANDS 196,-1,-1179,2555
34.69 34 NAVIGATION 0 1 0 0 38 0. 6571.9
34.69 34 ATTITUDE -1 0 -30
34.69 34 DL_VALUE 33 0.01
34.80 34 FBW_STATUS 0 0 122
34.80 34 RAD_OF_IR 2 0 0.00211
34.80 34 NAVIGATION_REF 506366 3566262 12
34.80 34 GPS 0 50624961 356621065 0 80355 0 0 582751 12 0
34.80 34 IR_SENSORS -674 2 1
34.80 34 NAVIGATION 0 1 0 0 38 0. 6571.9
34.80 34 WP_MOVED 1 506292.5 3566296.25 800.
34.80 34 GYRO_RATES -48 -20 0 0.418879 -0.174533 0.
34.92 34 ESTIMATOR 0. 0. 0. 0. 0.
34.96 34 BAT 166 122 0 0 612 0 9
34.96 34 GPS 0 50624961 356621065 0 80355 0 0 582999 12 0
34.96 34 NAVIGATION 0 1 0 0 38 0. 6571.9
34.96 34 ATTITUDE 0 0 -30
34.96 34 CALIBRATION 0. 0.023 0.067 0
35.07 34 DOWNLINK_STATUS 34 13383 819 0 445. 27.
35.17 34 SERVO 9600 -9600 140
35.29 34 GPS 0 50624961 356621065 0 80355 0 0 583251 12 0
35.29 34 DESIRED 0. 0. 0. 0. 770. 0.
35.29 34 IR_DEBUG 483 475 483 475
35.29 34 NAVIGATION 0 1 0 0 38 0. 6571.9
35.29 34 WP_MOVED 2 506379.59375 3566304.75 800.
35.37 34 ESTIMATOR 0. 0. 0. 0. 0.
35.49 34 GPS 0 50624961 356621065 0 80355 0 0 583499 12 0
35.49 34 COMMANDS 162,-12,-1251,2542
35.49 34 NAVIGATION 0 1 0 0 38 0. 6571.9
35.49 34 ATTITUDE 0 0 -29
35.49 34 DL_VALUE 34 1.
35.49 34 FBW_STATUS 0 0 122
35.49 34 RAD_OF_IR 5 0 0.00211
35.67 34 IR_SENSORS -669 4 1
35.78 34 GPS 0 50624961 356621065 0 80355 0 0 583751 12 0
35.78 34 NAVIGATION 0 1 0 0 38 0. 6571.9
35.78 34 WP_MOVED 3 506366. 3566262. 0.
35.78 34 GYRO_RATES -48 -20 0 0.418879 -0.174533 0.
35.78 34 ESTIMATOR 0. 0. 0. 0. 0.
35.90 34 NAVIGATION 0 1 0 0 38 0. 6571.9
35.94 34 GPS 0 50624961 356621065 0 80355 0 0 583999 12 0
35.94 34 ATTITUDE 0 0 -29
36.07 34 DOWNLINK_STATUS 35 13758 842 0 375. 23.
36.18 34 DESIRED 0. 0. 0. 0. 770. 0.
36.28 34 NAVIGATION 0 1 0 0 38 0. 6571.9
36.28 34 GPS 0 50624961 356621065 0 80355 0 0 584251 12 0
36.28 34 WP_MOVED 0 506408. 3566304. 800.
36.30 34 ESTIMATOR 0. 0. 0. 0. 0.
36.41 34 COMMANDS 169,-1,-1245,2578
36.44 34 NAVIGATION 0 1 0 0 38 0. 6571.9
36.44 34 ATTITUDE 0 0 -29
36.44 34 DL_VALUE 35 0.
36.44 34 GPS 0 50624961 356621065 0 80355 0 0 584499 12 0
36.44 34 FBW_STATUS 0 0 122
36.45 34 RAD_OF_IR 9 0 0.00211
36.68 34 IR_SENSORS -670 11 1
36.68 34 NAVIGATION 0 1 0 0 38 0. 6571.9
36.79 34 GPS 0 50624961 356621065 0 80355 0 0 584751 12 0
36.79 34 WP_MOVED 1 506292.5 3566296.25 800.
36.79 34 GYRO_RATES -48 -20 0 0.418879 -0.174533 0.
36.79 34 ESTIMATOR 0. 0. 0. 0. 0.
36.79 34 BAT 175 122 0 0 614 0 9
36.90 34 NAVIGATION 0 1 0 0 38 0. 6571.9
36.93 34 ATTITUDE 0 0 -30
36.93 34 CALIBRATION 0. 0.023 0.067 0
36.93 34 GPS 0 50624961 356621065 0 80355 0 0 584999 12 0
36.93 34 SERVO 9600 -9600 172
37.07 34 DOWNLINK_STATUS 36 14152 866 0 394. 24.
37.19 34 DESIRED 0. 0. 0. 0. 770. 0.
37.19 34 IR_DEBUG 489 469 489 469
37.19 34 NAVIGATION 0 1 0 0 38 0. 6571.9
37.27 34 WP_MOVED 2 506379.59375 3566304.75 800.
37.27 34 GPS 0 50624961 356621065 0 80355 0 0 585251 12 0
37.27 34 ESTIMATOR 0. 0. 0. 0. 0.
37.30 34 COMMANDS 145,4,-1281,2545
37.30 34 NAVIGATION 0 1 0 0 38 0. 6571.9
37.30 34 ATTITUDE 0 0 -30
37.30 34 DL_VALUE 36 0.
37.39 34 GPS 0 50624961 356621065 0 80355 0 0 585499 12 0
37.43 34 FBW_STATUS 0 0 122
37.43 34 RAD_OF_IR 13 0 0.00211
37.45 34 ACTUATORS 1435,1564,0,1214,1635
37.45 34 IR_SENSORS -669 14 1
37.49 34 NAVIGATION 0 1 0 0 38 0. 6571.9
37.69 34 WP_MOVED 3 506366. 3566262. 0.
37.69 34 GYRO_RATES -48 -21 0 0.418879 -0.18326 0.
37.77 34 GPS 0 50624961 356621065 0 80355 0 0 585751 12 0
37.77 34 ESTIMATOR 0. 0. 0. 0. 0.
37.78 34 NAVIGATION 0 1 0 0 38 0. 6571.9
37.78 34 ATTITUDE 0 0 -29
37.88 34 GPS 0 50624961 356621065 0 80355 0 0 585999 12 0
37.97 34 DESIRED 0. 0. 0. 0. 770. 0.
37.97 34 NAVIGATION 0 1 0 0 38 0. 6571.9
38.08 34 DOWNLINK_STATUS 37 14576 891 0 424. 25.
38.18 34 WP_MOVED 0 506408. 3566304. 800.
38.18 34 PPRZ_MODE 0 0 3 0 0 1 0
38.29 34 GPS 0 50624961 356621065 0 80355 0 0 586251 12 0
38.29 34 ESTIMATOR 0. 0. 0. 0. 0.
38.29 34 COMMANDS 185,-60,-1217,2509
38.29 34 NAVIGATION 0 1 0 0 38 0. 6571.9
38.29 34 ATTITUDE 0 0 -28
38.29 34 DL_VALUE 37 0.1
38.29 34 FBW_STATUS 0 0 122
38.29 34 RAD_OF_IR 9 0 0.00211
38.36 34 GPS 0 50624961 356621065 0 80355 0 0 586499 12 0
38.41 34 IR_SENSORS -662 10 1
38.46 34 NAVIGATION 0 1 0 0 38 0. 6571.9
38.69 34 WP_MOVED 1 506292.5 3566296.25 800.
38.69 34 GYRO_RATES -48 -20 0 0.418879 -0.174533 0.
38.79 34 ESTIMATOR 0. 0. 0. 0. 0.
38.79 34 BAT 150 122 0 0 616 1 9
38.79 34 GPS 0 50624961 356621065 0 80355 0 0 586751 12 0
38.79 34 NAVIGATION 0 1 0 0 38 0. 6571.9
38.79 34 ATTITUDE 0 0 -29
38.79 34 CALIBRATION 0. 0.023 0.067 0
38.79 34 SERVO 9600 -9600 174
38.99 34 GPS 0 50624961 356621065 0 80355 0 0 586999 12 0
39.03 34 DESIRED 0. 0. 0. 0. 770. 0.
39.03 34 IR_DEBUG 481 468 481 468
39.03 34 NAVIGATION 0 1 0 0 38 0. 6571.9
39.03 34 WP_MOVED 2 506379.59375 3566304.75 800.
39.08 34 DOWNLINK_STATUS 38 15004 918 0 428. 27.
39.18 34 ESTIMATOR 0. 0. 0. 0. 0.
39.27 34 GPS 0 50624961 356621065 0 80355 0 0 587251 12 0
39.27 34 COMMANDS 166,3,-1234,2513
39.27 34 NAVIGATION 0 1 0 0 38 0. 6571.9
39.27 34 ATTITUDE 0 0 -29
39.28 34 DL_VALUE 38 0.
39.28 34 FBW_STATUS 0 0 122
39.28 34 RAD_OF_IR 9 0 0.00211
39.40 34 IR_SENSORS -665 9 1
39.40 34 GPS 0 50624961 356621065 0 80355 0 0 587499 12 0
39.40 34 NAVIGATION 0 1 0 0 38 0. 6571.9
39.46 34 WP_MOVED 3 506366. 3566262. 0.
39.46 34 GYRO_RATES -48 -20 0 0.418879 -0.174533 0.
39.68 34 ESTIMATOR 0. 0. 0. 0. 0.
39.71 34 NAVIGATION 0 1 0 0 38 0. 6571.9
39.71 34 GPS 0 50624961 356621065 0 80355 0 0 587751 12 0
39.71 34 ATTITUDE 0 0 -29
39.90 34 DESIRED 0. 0. 0. 0. 770. 0.
39.91 34 NAVIGATION 0 1 0 0 38 0. 6571.9
39.91 34 GPS 0 50624961 356621065 0 80355 0 0 587999 12 0
39.91 34 WP_MOVED 0 506408. 3566304. 800.
39.99 34 ESTIMATOR 0. 0. 0. 0. 0.
40.09 34 DOWNLINK_STATUS 39 15383 940 0 379. 22.
40.31 34 COMMANDS 179,-9,-1217,2574
40.31 34 NAVIGATION 0 1 0 0 38 0. 6571.9
40.31 34 ATTITUDE 0 0 -30
40.31 34 DL_VALUE 39 0.067
40.31 34 GPS 0 50624961 356621065 0 80355 0 0 588251 12 0
40.31 34 FBW_STATUS 0 0 122
40.31 34 RAD_OF_IR 11 0 0.00211
40.37 34 IR_SENSORS -673 12 1
40.42 34 NAVIGATION 0 1 0 0 38 0. 6571.9
40.61 34 GPS 0 50624961 356621065 0 80355 0 0 588499 12 0
40.61 34 WP_MOVED 1 506292.5 3566296.25 800.
40.61 34 GYRO_RATES -48 -19 0 0.418879 -0.165806 0.
40.82 34 ESTIMATOR 0. 0. 0. 0. 0.
40.82 34 BAT 166 122 0 0 618 1 9
40.82 34 NAVIGATION 0 1 0 0 38 0. 6571.9
40.82 34 ATTITUDE 1 0 -30
40.82 34 CALIBRATION 0. 0.023 0.067 0
40.82 34 GPS 0 50624961 356621065 0 80355 0 0 588751 12 0
40.82 34 SERVO 9600 -9600 155
40.88 34 DESIRED 0. 0. 0. 0. 770. 0.
40.91 34 IR_DEBUG 498 469 498 469
40.91 34 NAVIGATION 0 1 0 0 38 0. 6571.9
41.09 34 WP_MOVED 2 506379.59375 3566304.75 800.
41.09 34 GPS 0 50624961 356621065 0 80355 0 0 588999 12 0
41.09 34 ESTIMATOR 0. 0. 0. 0. 0.
41.09 34 COMMANDS 169,40,-1223,2562
41.09 34 NAVIGATION 0 1 0 0 38 0. 6571.9
41.09 34 ATTITUDE 1 0 -29
41.09 34 DL_VALUE 40 1.
41.09 34 DOWNLINK_STATUS 40 15831 969 0 448. 29.
41.29 34 GPS 0 50624961 356621065 0 80355 0 0 589251 12 0
41.29 34 FBW_STATUS 0 0 122
41.29 34 RAD_OF_IR 14 0 0.00211
41.40 34 IR_SENSORS -669 14 1
41.40 34 NAVIGATION 0 1 0 0 38 0. 6571.9
41.40 34 WP_MOVED 3 506366. 3566262. 0.
41.40 34 GYRO_RATES -48 -18 0 0.418879 -0.15708 0.
41.40 34 GPS 0 50624961 356621065 0 80355 0 0 589499 12 0
41.46 34 ESTIMATOR 0. 0. 0. 0. 0.
41.48 34 NAVIGATION 0 1 0 0 38 0. 6571.9
41.48 34 ATTITUDE 1 0 -29
41.89 34 GPS 0 50624961 356621065 0 80355 0 0 589751 12 0
41.99 34 DESIRED 0. 0. 0. 0. 770. 0.
41.99 34 NAVIGATION 0 1 0 0 38 0. 6571.9
41.99 34 WP_MOVED 0 506408. 3566304. 800.
41.99 34 GPS 0 50624961 356621065 0 80355 0 0 589999 12 0
41.99 34 ESTIMATOR 0. 0. 0. 0. 0.
42.00 34 COMMANDS 169,-14,-1248,2542
42.00 34 NAVIGATION 0 1 0 0 38 0. 6571.9
42.00 34 ATTITUDE 1 0 -31
42.00 34 DL_VALUE 41 0.
42.06 34 FBW_STATUS 0 0 122
42.06 34 RAD_OF_IR 15 0 0.00211
42.09 34 DOWNLINK_STATUS 41 16203 992 0 372. 23.
42.16 34 GPS 0 50624961 356621065 0 80355 0 0 590251 12 0
42.18 34 ACTUATORS 1437,1566,0,1212,1634
42.18 34 IR_SENSORS -681 12 1
42.18 34 NAVIGATION 0 1 0 0 38 0. 6571.9
42.39 34 WP_MOVED 1 506292.5 3566296.25 800.
42.39 34 GYRO_RATES -48 -20 0 0.418879 -0.174533 0.
42.49 34 ESTIMATOR 0. 0. 0. 0. 0.
42.49 34 BAT 163 122 0 0 620 1 9
42.49 34 GPS 0 50624961 356621065 0 80355 0 0 590499 12 0
42.49 34 NAVIGATION 0 1 0 0 38 0. 6571.9
42.49 34 ATTITUDE 0 0 -31
42.49 34 CALIBRATION 0. 0.023 0.067 0
42.55 34 SERVO 9600 -9600 162
42.69 34 GPS 0 50624961 356621065 0 80355 0 0 590751 12 0
42.69 34 DESIRED 0. 0. 0. 0. 770. 0.
42.69 34 IR_DEBUG 491 470 491 470
42.69 34 NAVIGATION 0 1 0 0 38 0. 6571.9
42.90 34 WP_MOVED 2 506379.59375 3566304.75 800.
42.90 34 PPRZ_MODE 0 0 3 0 0 1 0
43.00 34 ESTIMATOR 0. 0. 0. 0. 0.
43.00 34 GPS 0 50624961 356621065 0 80355 0 0 590999 12 0
43.00 34 COMMANDS 164,-28,-1278,2523
43.00 34 NAVIGATION 0 1 0 0 38 0. 6571.9
43.00 34 ATTITUDE 1 0 -31
43.00 34 DL_VALUE 0 770.
43.00 34 FBW_STATUS 0 0 122
43.00 34 RAD_OF_IR 18 0 0.00211
43.00 34 NAVIGATION_REF 506366 3566262 12
43.06 34 IR_SENSORS -665 18 1
43.09 34 DOWNLINK_STATUS 42 16648 1021 0 445. 29.
43.43 34 GPS 0 50624961 356621065 0 80355 0 0 591251 12 0
43.43 34 NAVIGATION 0 1 0 0 38 0. 6571.9
43.43 34 WP_MOVED 3 506366. 3566262. 0.
43.43 34 GYRO_RATES -48 -15 0 0.418879 -0.1309 0.
43.48 34 ESTIMATOR 0. 0. 0. 0. 0.
43.48 34 GPS 0 50624961 356621065 0 80355 0 0 591499 12 0
43.48 34 NAVIGATION 0 1 0 0 38 0. 6571.9
43.48 34 ATTITUDE 1 0 -28
43.56 34 DESIRED 0. 0. 0. 0. 770. 0.
43.67 34 NAVIGATION 0 1 0 0 38 0. 6571.9
43.67 34 GPS 0 50624961 356621065 0 80355 0 0 591751 12 0
43.67 34 WP_MOVED 0 506408. 3566304. 800.
43.88 34 ESTIMATOR 0. 0. 0. 0. 0.
43.98 34 COMMANDS 194,-48,-1180,2536
43.98 34 NAVIGATION 0 1 0 0 38 0. 6571.9
43.98 34 ATTITUDE 1 0 -28
43.98 34 DL_VALUE 1 1.
43.98 34 GPS 0 50624961 356621065 0 80355 0 0 591999 12 0
43.98 34 FBW_STATUS 0 0 122
43.98 34 RAD_OF_IR 18 0 0.00211
44.06 34 IR_SENSORS -665 19 1
44.06 34 NAVIGATION 0 1 0 0 38 0. 6571.9
44.10 34 DOWNLINK_STATUS 43 17023 1043 0 375. 22.
44.17 34 GPS 0 50624961 356621065 0 80355 0 0 592251 12 0
44.17 34 WP_MOVED 1 506292.5 3566296.25 800.
44.17 34 GYRO_RATES -48 -21 0 0.418879 -0.18326 0.
44.41 34 ESTIMATOR 0. 0. 0. 0. 0.
44.41 34 BAT 146 122 0 0 622 1 9
44.48 34 NAVIGATION 0 1 0 0 38 0. 6571.9
44.48 34 ATTITUDE 1 0 -29
44.48 34 CALIBRATION 0. 0.023 0.067 0
44.48 34 GPS 0 50624961 356621065 0 80355 0 0 592499 12 0
44.48 34 SERVO 9600 -9600 174
44.57 34 DESIRED 0. 0. 0. 0. 770. 0.
44.57 34 IR_DEBUG 489 464 489 464
44.57 34 NAVIGATION 0 1 0 0 38 0. 6571.9
44.70 34 WP_MOVED 2 506379.59375 3566304.75 800.
44.70 34 GPS 0 50624961 356621065 0 80355 0 0 592751 12 0
44.70 34 ESTIMATOR 0. 0. 0. 0. 0.
44.89 34 COMMANDS 162,-15,-1240,2533
44.89 34 NAVIGATION 0 1 0 0 38 0. 6571.9
44.89 34 ATTITUDE 2 0 -29
44.89 34 DL_VALUE 2 0.
44.96 34 FBW_STATUS 0 0 122
44.96 34 GPS 0 50624961 356621065 0 80355 0 0 592999 12 0
44.96 34 RAD_OF_IR 23 0 0.00211
44.99 34 IR_SENSORS -671 24 1
44.99 34 NAVIGATION 0 1 0 0 38 0. 6571.9
45.10 34 DOWNLINK_STATUS 44 17427 1068 0 404. 25.
45.17 34 WP_MOVED 3 506366. 3566262. 0.
45.17 34 GYRO_RATES -48 -19 0 0.418879 -0.165806 0.
45.17 34 GPS 0 50624961 356621065 0 80355 0 0 593251 12 0
45.17 34 ESTIMATOR 0. 0. 0. 0. 0.
45.40 34 NAVIGATION 0 1 0 0 38 0. 6571.9
45.40 34 ATTITUDE 3 0 -29
45.40 34 GPS 0 50624961 356621065 0 80355 0 0 593499 12 0
45.46 34 DESIRED 0. 0. 0. 0. 770. 0.
45.46 34 NAVIGATION 0 1 0 0 38 0. 6571.9
45.55 34 WP_MOVED 0 506408. 3566304. 800.
45.67 34 GPS 0 50624961 356621065 0 80355 0 0 593751 12 0
45.67 34 ESTIMATOR 0. 0. 0. 0. 0.
45.90 34 COMMANDS 192,-12,-1226,2515
45.90 34 NAVIGATION 0 1 0 0 38 0. 6571.9
45.90 34 ATTITUDE 3 0 -29
45.90 34 DL_VALUE 3 0.
45.97 34 FBW_STATUS 0 0 122
45.97 34 RAD_OF_IR 24 0 0.00211
45.97 34 GPS 0 50624961 356621065 0 80355 0 0 593999 12 0
45.97 34 IR_SENSORS -668 24 1
46.06 34 NAVIGATION 0 1 0 0 38 0. 6571.9
46.06 34 WP_MOVED 1 506292.5 3566296.25 800.
46.06 34 GYRO_RATES -48 -21 0 0.418879 -0.18326 0.
46.10 34 DOWNLINK_STATUS 45 17819 1091 0 392. 23.
46.43 34 ESTIMATOR 0. 0. 0. 0. 0.
46.43 34 BAT 157 122 0 0 624 1 9
46.43 34 GPS 0 50624961 356621065 0 80355 0 0 594251 12 0
46.43 34 NAVIGATION 0 1 0 0 38 0. 6571.9
46.43 34 ATTITUDE 3 0 -29
46.43 34 CALIBRATION 0. 0.023 0.067 0
46.48 34 SERVO 9600 -9600 163
46.48 34 GPS 0 50624961 356621065 0 80355 0 0 594499 12 0
46.48 34 DESIRED 0. 0. 0. 0. 770. 0.
46.48 34 IR_DEBUG 494 458 494 458
46.48 34 NAVIGATION 0 1 0 0 38 0. 6571.9
46.58 34 WP_MOVED 2 506379.59375 3566304.75 800.
46.67 34 ESTIMATOR 0. 0. 0. 0. 0.
46.67 34 GPS 0 50624961 356621065 0 80355 0 0 594751 12 0
46.68 34 COMMANDS 171,20,-1248,2532
46.68 34 NAVIGATION 0 1 0 0 38 0. 6571.9
46.68 34 ATTITUDE 3 0 -29
46.68 34 DL_VALUE 4 0.
46.89 34 FBW_STATUS 0 0 122
46.89 34 RAD_OF_IR 25 0 0.00211
46.97 34 ACTUATORS 1438,1562,0,1216,1634
46.97 34 IR_SENSORS -666 25 1
46.97 34 GPS 0 50624961 356621065 0 80355 0 0 594999 12 0
46.97 34 NAVIGATION 0 1 0 0 38 0. 6571.9
46.99 34 WP_MOVED 3 506366. 3566262. 0.
46.99 34 GYRO_RATES -48 -20 0 0.418879 -0.174533 0.
47.05 34 ESTIMATOR 0. 0. 0. 0. 0.
47.11 34 DOWNLINK_STATUS 46 18258 1118 0 439. 27.
47.17 34 GPS 0 50624961 356621065 0 80355 0 0 595251 12 0
47.17 34 NAVIGATION 0 1 0 0 38 0. 6571.9
47.17 34 ATTITUDE 3 0 -29
47.50 34 DESIRED 0. 0. 0. 0. 770. 0.
47.50 34 NAVIGATION 0 1 0 0 38 0. 6571.9
47.50 34 GPS 0 50624961 356621065 0 80355 0 0 595499 12 0
47.57 34 WP_MOVED 0 506408. 3566304. 800.
47.57 34 PPRZ_MODE 0 0 3 0 0 1 0
47.57 34 ESTIMATOR 0. 0. 0. 0. 0.
47.70 34 COMMANDS 165,-14,-1250,2586
47.70 34 NAVIGATION 0 1 0 0 38 0. 6571.9
47.70 34 ATTITUDE 2 0 -29
47.70 34 DL_VALUE 5 0.
47.70 34 GPS 0 50624961 356621065 0 80355 0 0 595751 12 0
47.70 34 FBW_STATUS 0 0 122
47.70 34 RAD_OF_IR 23 0 0.00211
47.75 34 IR_SENSORS -666 23 1
47.97 34 NAVIGATION 0 1 0 0 38 0. 6571.9
48.11 34 DOWNLINK_STATUS 47 18540 1136 0 282. 18.
48.21 34 GPS 0 50624961 356621065 0 80355 0 0 595999 12 0
48.21 34 WP_MOVED 1 506292.5 3566296.25 800.
48.21 34 GYRO_RATES -48 -21 0 0.418879 -0.18326 0.
48.21 34 ESTIMATOR 0. 0. 0. 0. 0.
48.21 34 BAT 169 122 0 0 625 0 9
48.28 34 NAVIGATION 0 1 0 0 38 0. 6571.9
48.28 34 ATTITUDE 2 0 -29
48.28 34 CALIBRATION 0. 0.023 0.067 0
48.28 34 GPS 0 50624961 356621065 0 80355 0 0 596251 12 0
48.28 34 SERVO 9600 -9600 165
48.29 34 DESIRED 0. 0. 0. 0. 770. 0.
48.29 34 IR_DEBUG 492 460 492 460
48.29 34 NAVIGATION 0 1 0 0 38 0. 6571.9
48.48 34 WP_MOVED 2 506379.59375 3566304.75 800.
48.48 34 GPS 0 50624961 356621065 0 80355 0 0 596499 12 0
48.57 34 ESTIMATOR 0. 0. 0. 0. 0.
48.57 34 COMMANDS 155,-17,-1278,2548
48.57 34 NAVIGATION 0 1 0 0 38 0. 6571.9
48.57 34 ATTITUDE 2 0 -29
48.57 34 DL_VALUE 6 0.
48.66 34 GPS 0 50624961 356621065 0 80355 0 0 596751 12 0
48.66 34 FBW_STATUS 0 0 122
48.66 34 RAD_OF_IR 21 0 0.00211
48.70 34 IR_SENSORS -665 20 1
48.76 34 NAVIGATION 0 1 0 0 38 0. 6571.9
49.00 34 WP_MOVED 3 506366. 3566262. 0.
49.00 34 GYRO_RATES -48 -20 0 0.418879 -0.174533 0.
49.00 34 GPS 0 50624961 356621065 0 80355 0 0 596999 12 0
49.07 34 ESTIMATOR 0. 0. 0. 0. 0.
49.07 34 NAVIGATION 0 1 0 0 38 0. 6571.9
49.07 34 ATTITUDE 1 0 -29
49.11 34 DOWNLINK_STATUS 48 19054 1167 0 514. 31.
49.16 34 GPS 0 50624961 356621065 0 80355 0 0 597251 12 0
49.18 34 DESIRED 0. 0. 0. 0. 770. 0.
49.27 34 NAVIGATION 0 1 0 0 38 0. 6571.9
49.27 34 WP_MOVED 0 506408. 3566304. 800.
49.49 34 GPS 0 50624961 356621065 0 80355 0 0 597499 12 0
49.49 34 ESTIMATOR 0. 0. 0. 0. 0.
49.56 34 COMMANDS 184,-71,-1223,2520
49.56 34 NAVIGATION 0 1 0 0 38 0. 6571.9
49.56 34 ATTITUDE 2 0 -29
49.56 34 DL_VALUE 7 0.
49.57 34 FBW_STATUS 0 0 122
49.57 34 RAD_OF_IR 21 0 0.00211
49.65 34 GPS 0 50624961 356621065 0 80355 0 0 597751 12 0
49.68 34 IR_SENSORS -665 22 1
49.68 34 NAVIGATION 0 1 0 0 38 0. 6571.9
49.76 34 WP_MOVED 1 506292.5 3566296.25 800.
49.76 34 GYRO_RATES -48 -22 0 0.418879 -0.191986 0.
50.00 34 ESTIMATOR 0. 0. 0. 0. 0.
50.00 34 BAT 166 122 0 0 627 0 9
50.00 34 GPS 0 50624961 356621065 0 80355 0 0 597999 12 0
50.11 34 DOWNLINK_STATUS 49 19399 1187 0 345. 20.
50.19 34 NAVIGATION 0 1 0 0 38 0. 6571.9
50.19 34 ATTITUDE 2 0 -28
50.19 34 CALIBRATION 0. 0.023 0.067 0
50.29 34 SERVO 9600 -9600 173
50.29 34 GPS 0 50624961 356621065 0 80355 0 0 598251 12 0
50.29 34 DESIRED 0. 0. 0. 0. 770. 0.
50.29 34 IR_DEBUG 491 458 491 458
50.29 34 NAVIGATION 0 1 0 0 38 0. 6571.9
50.29 34 WP_MOVED 2 506379.59375 3566304.75 800.
50.47 34 ESTIMATOR 0. 0. 0. 0. 0.
50.58 34 GPS 0 50624961 356621065 0 80355 0 0 598499 12 0
50.58 34 COMMANDS 162,6,-1240,2435
50.58 34 NAVIGATION 0 1 0 0 38 0. 6571.9
50.58 34 ATTITUDE 2 0 -28
50.58 34 DL_VALUE 8 1.
50.58 34 FBW_STATUS 0 0 122
50.58 34 RAD_OF_IR 23 0 0.00211
50.78 34 IR_SENSORS -662 23 1
50.78 34 GPS 0 50624961 356621065 0 80355 0 0 598751 12 0
50.78 34 NAVIGATION 0 1 0 0 38 0. 6571.9
50.78 34 WP_MOVED 3 506366. 3566262. 0.
50.78 34 GYRO_RATES -48 -19 0 0.418879 -0.165806 0.
50.79 34 ESTIMATOR 0. 0. 0. 0. 0.
50.99 34 NAVIGATION 0 1 0 0 38 0. 6571.9
50.99 34 GPS 0 50624961 356621065 0 80355 0 0 598999 12 0
50.99 34 ATTITUDE 2 0 -28
51.05 34 DESIRED 0. 0. 0. 0. 770. 0.
51.11 34 DOWNLINK_STATUS 50 19841 1214 0 442. 27.
51.17 34 NAVIGATION 0 1 0 0 38 0. 6571.9
51.17 34 GPS 0 50624961 356621065 0 80355 0 0 599251 12 0
51.17 34 WP_MOVED 0 506408. 3566304. 800.
51.51 34 ESTIMATOR 0. 0. 0. 0. 0.
51.51 34 COMMANDS 187,-18,-1212,2560
51.51 34 NAVIGATION 0 1 0 0 38 0. 6571.9
51.51 34 ATTITUDE 2 0 -28
51.51 34 DL_VALUE 9 -61.099998
51.51 34 GPS 0 50624961 356621065 0 80355 0 0 599499 12 0
51.57 34 FBW_STATUS 0 0 122
51.57 34 RAD_OF_IR 20 0 0.00211
51.57 34 NAVIGATION_REF 506366 3566262 12
51.57 34 ACTUATORS 1437,1565,0,1212,1633
51.57 34 IR_SENSORS -665 19 1
51.57 34 NAVIGATION 0 1 0 0 38 0. 6571.9
51.67 34 GPS 0 50624961 356621065 0 80355 0 0 599751 12 0
51.67 34 WP_MOVED 1 506292.5 3566296.25 800.
51.67 34 GYRO_RATES -48 -23 0 0.418879 -0.200713 0.
51.76 34 ESTIMATOR 0. 0. 0. 0. 0.
51.76 34 BAT 153 122 0 0 629 0 9
52.00 34 NAVIGATION 0 1 0 0 38 0. 6571.9
52.00 34 ATTITUDE 1 0 -28
52.00 34 CALIBRATION 0. 0.023 0.067 0
52.00 34 GPS 0 50624961 356621065 0 80355 0 0 599999 12 0
52.07 34 SERVO 9600 -9600 155
52.07 34 DESIRED 0. 0. 0. 0. 770. 0.
52.07 34 IR_DEBUG 489 461 489 461
52.07 34 NAVIGATION 0 1 0 0 38 0. 6571.9
52.11 34 DOWNLINK_STATUS 51 20287 1242 0 446. 28.
52.21 34 WP_MOVED 2 506379.59375 3566304.75 800.
52.21 34 PPRZ_MODE 0 0 3 0 0 1 0
52.21 34 GPS 0 50624961 356621065 0 80355 0 0 600251 12 0
52.21 34 ESTIMATOR 0. 0. 0. 0. 0.
52.29 34 COMMANDS 173,-12,-1243,2536
52.29 34 NAVIGATION 0 1 0 0 38 0. 6571.9
52.29 34 ATTITUDE 1 0 -28
52.29 34 DL_VALUE 10 0.
52.48 34 GPS 0 50624961 356621065 0 80355 0 0 600499 12 0
52.48 34 FBW_STATUS 0 0 122
52.48 34 RAD_OF_IR 18 0 0.00211
52.50 34 IR_SENSORS -665 18 1
52.50 34 NAVIGATION 0 1 0 0 38 0. 6571.9
52.57 34 WP_MOVED 3 506366. 3566262. 0.
52.57 34 GYRO_RATES -48 -19 0 0.418879 -0.165806 0.
52.65 34 GPS 0 50624961 356621065 0 80355 0 0 600751 12 0
52.67 34 ESTIMATOR 0. 0. 0. 0. 0.
52.76 34 NAVIGATION 0 1 0 0 38 0. 6571.9
52.76 34 ATTITUDE 1 0 -29
52.98 34 GPS 0 50624961 356621065 0 80355 0 0 600999 12 0
53.00 34 DESIRED 0. 0. 0. 0. 770. 0.
53.00 34 NAVIGATION 0 1 0 0 38 0. 6571.9
53.05 34 WP_MOVED 0 506408. 3566304. 800.
53.12 34 DOWNLINK_STATUS 52 20668 1265 0 381. 23.
53.17 34 GPS 0 50624961 356621065 0 80355 0 0 601251 12 0
53.17 34 ESTIMATOR 0. 0. 0. 0. 0.
53.27 34 COMMANDS 176,-18,-1251,2587
53.27 34 NAVIGATION 0 1 0 0 38 0. 6571.9
53.27 34 ATTITUDE 1 0 -29
53.27 34 DL_VALUE 11 1.
53.27 34 FBW_STATUS 0 0 122
53.28 34 RAD_OF_IR 17 0 0.00211
53.48 34 GPS 0 50624961 356621065 0 80355 0 0 601499 12 0
53.57 34 IR_SENSORS -666 18 1
53.57 34 NAVIGATION 0 1 0 0 38 0. 6571.9
53.57 34 WP_MOVED 1 506292.5 3566296.25 800.
53.57 34 GYRO_RATES -48 -23 0 0.418879 -0.200713 0.
53.79 34 ESTIMATOR 0. 0. 0. 0. 0.
53.79 34 BAT 162 122 0 0 631 0 9
53.79 34 GPS 0 50624961 356621065 0 80355 0 0 601751 12 0
53.79 34 NAVIGATION 0 1 0 0 38 0. 6571.9
53.79 34 ATTITUDE 1 0 -29
53.79 34 CALIBRATION 0. 0.023 0.067 0
53.79 34 SERVO 9600 -9600 163
54.11 34 GPS 0 50624961 356621065 0 80355 0 0 601999 12 0
54.11 34 DESIRED 0. 0. 0. 0. 770. 0.
54.11 34 IR_DEBUG 488 465 488 465
54.11 34 NAVIGATION 0 1 0 0 38 0. 6571.9
54.11 34 WP_MOVED 2 506379.59375 3566304.75 800.
54.12 34 DOWNLINK_STATUS 53 21072 1290 0 404. 25.
54.17 34 ESTIMATOR 0. 0. 0. 0. 0.
54.17 34 GPS 0 50624961 356621065 0 80355 0 0 602251 12 0
54.18 34 COMMANDS 156,-21,-1258,2536
54.18 34 NAVIGATION 0 1 0 0 38 0. 6571.9
54.18 34 ATTITUDE 1 0 -29
54.18 34 DL_VALUE 12 0.
54.25 34 FBW_STATUS 0 0 122
54.25 34 RAD_OF_IR 16 0 0.00211
54.39 34 IR_SENSORS -667 17 1
54.39 34 GPS 0 50624961 356621065 0 80355 0 0 602499 12 0
54.39 34 NAVIGATION 0 1 0 0 38 0. 6571.9
54.58 34 WP_MOVED 3 506366. 3566262. 0.
54.58 34 GYRO_RATES -48 -20 0 0.418879 -0.174533 0.
54.68 34 ESTIMATOR 0. 0. 0. 0. 0.
54.68 34 GPS 0 50624961 356621065 0 80355 0 0 602751 12 0
54.68 34 NAVIGATION 0 1 0 0 38 0. 6571.9
54.68 34 ATTITUDE 1 0 -29
54.89 34 DESIRED 0. 0. 0. 0. 770. 0.
54.89 34 NAVIGATION 0 1 0 0 38 0. 6571.9
54.89 34 GPS 0 50624961 356621065 0 80355 0 0 602999 12 0
54.89 34 WP_MOVED 0 506408. 3566304. 800.
55.07 34 ESTIMATOR 0. 0. 0. 0. 0.
55.13 34 DOWNLINK_STATUS 54 21451 1312 0 379. 22.
55.19 34 COMMANDS 189,-21,-1226,2522
55.19 34 NAVIGATION 0 1 0 0 38 0. 6571.9
55.19 34 ATTITUDE 1 0 -29
55.20 34 DL_VALUE 13 517.
55.20 34 GPS 0 50624961 356621065 0 80355 0 0 603251 12 0
55.20 34 FBW_STATUS 0 0 122
55.20 34 RAD_OF_IR 18 0 0.00211
55.25 34 IR_SENSORS -665 18 1
55.35 34 NAVIGATION 0 1 0 0 38 0. 6571.9
55.41 34 GPS 0 50624961 356621065 0 80355 0 0 603499 12 0
55.44 34 WP_MOVED 1 506292.5 3566296.25 800.
55.44 34 GYRO_RATES -48 -19 0 0.418879 -0.165806 0.
55.58 34 ESTIMATOR 0. 0. 0. 0. 0.
55.58 34 BAT 94 122 0 0 633 0 9
55.68 34 NAVIGATION 0 1 0 0 38 0. 6571.9
55.68 34 ATTITUDE 1 0 -29
55.68 34 CALIBRATION 0. 0.023 0.067 0
55.68 34 GPS 0 50624961 356621065 0 80355 0 0 603751 12 0
55.68 34 SERVO 9600 -9600 165
55.79 34 DESIRED 0. 0. 0. 0. 770. 0.
55.79 34 IR_DEBUG 490 463 490 463
55.79 34 NAVIGATION 0 1 0 0 38 0. 6571.9
55.87 34 WP_MOVED 2 506379.59375 3566304.75 800.
55.87 34 GPS 0 50624961 356621065 0 80355 0 0 603999 12 0
56.07 34 ESTIMATOR 0. 0. 0. 0. 0.
56.13 34 DOWNLINK_STATUS 55 21855 1337 0 404. 25.
56.31 34 COMMANDS 142,-3,-1267,2567
56.31 34 NAVIGATION 0 1 0 0 38 0. 6571.9
56.31 34 ATTITUDE 1 0 -29
56.31 34 DL_VALUE 14 482.
56.31 34 GPS 0 50624961 356621065 0 80355 0 0 604251 12 0
56.31 34 FBW_STATUS 0 0 122
56.31 34 RAD_OF_IR 17 0 0.00211
56.41 34 ACTUATORS 1438,1562,0,1217,1633
56.41 34 IR_SENSORS -667 19 1
56.41 34 NAVIGATION 0 1 0 0 38 0. 6571.9
56.41 34 WP_MOVED 3 506366. 3566262. 0.
56.41 34 GYRO_RATES -48 -21 0 0.418879 -0.18326 0.
56.41 34 GPS 0 50624961 356621065 0 80355 0 0 604499 12 0
56.69 34 ESTIMATOR 0. 0. 0. 0. 0.
56.69 34 NAVIGATION 0 1 0 0 38 0. 6571.9
56.69 34 ATTITUDE 2 0 -29
56.81 34 GPS 0 50624961 356621065 0 80355 0 0 604751 12 0
56.81 34 DESIRED 0. 0. 0. 0. 770. 0.
56.81 34 NAVIGATION 0 1 0 0 38 0. 6571.9
56.81 34 WP_MOVED 0 506408. 3566304. 800.
56.81 34 PPRZ_MODE 0 0 3 0 0 1 0
56.99 34 GPS 0 50624961 356621065 0 80355 0 0 604999 12 0
56.99 34 ESTIMATOR 0. 0. 0. 0. 0.
57.06 34 COMMANDS 175,-20,-1242,2591
57.06 34 NAVIGATION 0 1 0 0 38 0. 6571.9
57.07 34 ATTITUDE 1 0 -29
57.07 34 DL_VALUE 15 455.
57.13 34 DOWNLINK_STATUS 56 22278 1364 0 423. 27.
57.16 34 FBW_STATUS 0 0 122
57.16 34 RAD_OF_IR 19 0 0.00211
57.16 34 GPS 0 50624961 356621065 0 80355 0 0 605251 12 0
57.18 34 IR_SENSORS -667 20 1
57.18 34 NAVIGATION 0 1 0 0 38 0. 6571.9
57.26 34 WP_MOVED 1 506292.5 3566296.25 800.
57.26 34 GYRO_RATES -48 -20 0 0.418879 -0.174533 0.
57.49 34 ESTIMATOR 0. 0. 0. 0. 0.
57.49 34 BAT 171 122 0 0 635 0 9
57.49 34 GPS 0 50624961 356621065 0 80355 0 0 605499 12 0
57.56 34 NAVIGATION 0 1 0 0 38 0. 6571.9
57.56 34 ATTITUDE 1 0 -29
57.56 34 CALIBRATION 0. 0.023 0.067 0
57.56 34 SERVO 9600 -9600 162
57.69 34 GPS 0 50624961 356621065 0 80355 0 0 605751 12 0
57.69 34 DESIRED 0. 0. 0. 0. 770. 0.
57.69 34 IR_DEBUG 492 464 492 464
57.69 34 NAVIGATION 0 1 0 0 38 0. 6571.9
57.75 34 WP_MOVED 2 506379.59375 3566304.75 800.
57.97 34 ESTIMATOR 0. 0. 0. 0. 0.
58.08 34 GPS 0 50624961 356621065 0 80355 0 0 605999 12 0
58.08 34 COMMANDS 152,-12,-1261,2536
58.08 34 NAVIGATION 0 1 0 0 38 0. 6571.9
58.08 34 ATTITUDE 2 0 -29
58.08 34 DL_VALUE 16 7500.
58.08 34 FBW_STATUS 0 0 122
58.08 34 RAD_OF_IR 20 0 0.00211
58.13 34 DOWNLINK_STATUS 57 22697 1391 0 419. 27.
58.28 34 IR_SENSORS -669 21 1
58.28 34 GPS 0 50624961 356621065 0 80355 0 0 606251 12 0
58.28 34 NAVIGATION 0 1 0 0 38 0. 6571.9
58.28 34 WP_MOVED 3 506366. 3566262. 0.
58.28 34 GYRO_RATES -48 -21 0 0.418879 -0.18326 0.
58.29 34 ESTIMATOR 0. 0. 0. 0. 0.
58.49 34 GPS 0 50624961 356621065 0 80355 0 0 606499 12 0
58.49 34 NAVIGATION 0 1 0 0 38 0. 6571.9
58.49 34 ATTITUDE 2 0 -29
58.55 34 DESIRED 0. 0. 0. 0. 770. 0.
58.67 34 NAVIGATION 0 1 0 0 38 0. 6571.9
58.67 34 GPS 0 50624961 356621065 0 80355 0 0 606751 12 0
58.67 34 WP_MOVED 0 506408. 3566304. 800.
58.75 34 ESTIMATOR 0. 0. 0. 0. 0.
59.00 34 COMMANDS 183,10,-1232,2523
59.00 34 NAVIGATION 0 1 0 0 38 0. 6571.9
59.00 34 ATTITUDE 2 0 -29
59.00 34 DL_VALUE 17 11250.
59.00 34 GPS 0 50624961 356621065 0 80355 0 0 606999 12 0
59.13 34 DOWNLINK_STATUS 58 23039 1410 0 342. 19.
59.20 34 FBW_STATUS 0 0 122
59.20 34 RAD_OF_IR 21 0 0.00211
59.20 34 IR_SENSORS -667 21 1
59.20 34 NAVIGATION 0 1 0 0 38 0. 6571.9
59.20 34 GPS 0 50624961 356621065 0 80355 0 0 607251 12 0
59.20 34 WP_MOVED 1 506292.5 3566296.25 800.
59.20 34 GYRO_RATES -48 -17 -1 0.418879 -0.148353 -0.008727
59.26 34 ESTIMATOR 0. 0. 0. 0. 0.
59.26 34 BAT 165 122 0 0 637 0 10
59.50 34 NAVIGATION 0 1 0 0 38 0. 6571.9
59.50 34 ATTITUDE 2 0 -29
59.50 34 CALIBRATION 0. 0.023 0.067 0
59.50 34 GPS 0 50624961 356621065 0 80355 0 0 607499 12 0
59.57 34 SERVO 9600 -9600 168
59.57 34 DESIRED 0. 0. 0. 0. 770. 0.
59.57 34 IR_DEBUG 491 464 491 464
59.57 34 NAVIGATION 0 1 0 0 38 0. 6571.9
59.69 34 WP_MOVED 2 506379.59375 3566304.75 800.
59.69 34 GPS 0 50624961 356621065 0 80355 0 0 607751 12 0
59.69 34 ESTIMATOR 0. 0. 0. 0. 0.
59.79 34 COMMANDS 168,21,-1221,2568
59.79 34 NAVIGATION 0 1 0 0 38 0. 6571.9
59.79 34 ATTITUDE 1 0 -29
59.79 34 DL_VALUE 18 10000.
59.99 34 FBW_STATUS 0 0 122
59.99 34 GPS 0 50624961 356621065 0 80355 0 0 607999 12 0
59.99 34 RAD_OF_IR 20 0 0.00211
59.99 34 NAVIGATION_REF 506366 3566262 12
60.05 34 IR_SENSORS -671 20 1
60.06 34 NAVIGATION 0 1 0 0 38 0. 6571.9
60.08 34 WP_MOVED 3 506366. 3566262. 0.
60.08 34 GYRO_RATES -48 -19 -1 0.418879 -0.165806 -0.008727
60.13 34 DOWNLINK_STATUS 59 23530 1442 0 491. 32.
60.15 34 GPS 0 50624961 356621065 0 80355 0 0 608251 12 0
60.17 34 ESTIMATOR 0. 0. 0. 0. 0.
60.26 34 NAVIGATION 0 1 0 0 38 0. 6571.9
60.26 34 ATTITUDE 2 0 -29
60.48 34 GPS 0 50624961 356621065 0 80355 0 0 608499 12 0
60.50 34 DESIRED 0. 0. 0. 0. 770. 0.
60.50 34 NAVIGATION 0 1 0 0 38 0. 6571.9
60.55 34 WP_MOVED 0 506408. 3566304. 800.
60.66 34 GPS 0 50624961 356621065 0 80355 0 0 608751 12 0
60.67 34 ESTIMATOR 0. 0. 0. 0. 0.
60.90 34 COMMANDS 166,-21,-1254,2574
60.90 34 NAVIGATION 0 1 0 0 38 0. 6571.9
60.90 34 ATTITUDE 2 0 -29
60.90 34 DL_VALUE 19 3000.
60.97 34 FBW_STATUS 0 0 122
60.97 34 RAD_OF_IR 24 0 0.00211
60.97 34 GPS 0 50624961 356621065 0 80355 0 0 608999 12 0
60.97 34 ACTUATORS 1436,1563,0,1215,1633
60.97 34 IR_SENSORS -665 23 1
61.07 34 NAVIGATION 0 1 0 0 38 0. 6571.9
61.07 34 WP_MOVED 1 506292.5 3566296.25 800.
61.07 34 GYRO_RATES -47 -17 -1 0.410152 -0.148353 -0.008727
61.13 34 DOWNLINK_STATUS 60 23900 1464 0 370. 22.
61.44 34 ESTIMATOR 0. 0. 0. 0. 0.
61.44 34 BAT 179 122 0 0 639 0 10
61.44 34 GPS 0 50624961 356621065 0 80355 0 0 609251 12 0
61.44 34 NAVIGATION 0 1 0 0 38 0. 6571.9
61.44 34 ATTITUDE 0 0 -29
61.44 34 CALIBRATION 0. 0.023 0.067 0
61.50 34 SERVO 9600 -9600 173
61.50 34 GPS 0 50624961 356621065 0 80355 0 0 609499 12 0
61.50 34 DESIRED 0. 0. 0. 0. 770. 0.
61.50 34 IR_DEBUG 464 493 464 493
61.50 34 NAVIGATION 0 1 0 0 38 0. 6571.9
61.50 34 WP_MOVED 2 506379.59375 3566304.75 800.
61.50 34 PPRZ_MODE 0 0 3 0 0 1 0
61.55 34 ESTIMATOR 0. 0. 0. 0. 0.
61.68 34 GPS 0 50624961 356621065 0 80355 0 0 609751 12 0
61.68 34 COMMANDS 169,4,-1225,2548
61.68 34 NAVIGATION 0 1 0 0 38 0. 6571.9
61.68 34 ATTITUDE -2 0 -26
61.68 34 DL_VALUE 20 20000.
61.87 34 FBW_STATUS 0 0 122
61.87 34 RAD_OF_IR 10 0 0.00211
61.91 34 IR_SENSORS -660 19 1
61.95 34 GPS 0 50624961 356621065 0 80355 0 0 609999 12 0
61.95 34 NAVIGATION 0 1 0 0 38 0. 6571.9
61.96 34 WP_MOVED 3 506366. 3566262. 0.
61.96 34 GYRO_RATES -48 -20 0 0.418879 -0.174533 0.
62.05 34 ESTIMATOR 0. 0. 0. 0. 0.
62.15 34 DOWNLINK_STATUS 61 24335 1491 0 435. 27.
62.16 34 GPS 0 50624961 356621065 0 80355 0 0 610251 12 0
62.16 34 NAVIGATION 0 1 0 0 38 0. 6571.9
62.16 34 ATTITUDE 2 0 -27
62.50 34 DESIRED 0. 0. 0. 0. 770. 0.
62.50 34 NAVIGATION 0 1 0 0 38 0. 6571.9
62.50 34 GPS 0 50624961 356621065 0 80355 0 0 610499 12 0
62.56 34 WP_MOVED 0 506408. 3566304. 800.
62.56 34 ESTIMATOR 0. 0. 0. 0. 0.
62.70 34 COMMANDS 173,-24,-1250,2568
62.70 34 NAVIGATION 0 1 0 0 38 0. 6571.9
62.70 34 ATTITUDE 7 0 -30
62.70 34 DL_VALUE 21 17500.
62.70 34 GPS 0 50624961 356621065 0 80355 0 0 610751 12 0
62.70 34 FBW_STATUS 0 0 122
62.70 34 RAD_OF_IR 49 0 0.00211
62.75 34 IR_SENSORS -673 47 1
62.98 34 NAVIGATION 0 1 0 0 38 0. 6571.9
63.09 34 GPS 0 50624961 356621065 0 80355 0 0 610999 12 0
63.09 34 WP_MOVED 1 506292.5 3566296.25 800.
63.09 34 GYRO_RATES -49 -14 6 0.427606 -0.122173 0.05236
63.09 34 ESTIMATOR 0. 0. 0. 0. 0.
63.09 34 BAT 169 122 0 0 641 0 10
63.15 34 DOWNLINK_STATUS 62 24706 1513 0 371. 22.
63.17 34 NAVIGATION 0 1 0 0 38 0. 6571.9
63.17 34 ATTITUDE 6 0 -30
63.17 34 CALIBRATION 0. 0.023 0.067 0
63.17 34 GPS 0 50624961 356621065 0 80355 0 0 611251 12 0
63.18 34 SERVO 9600 -9600 169
63.29 34 DESIRED 0. 0. 0. 0. 770. 0.
63.29 34 IR_DEBUG 515 448 515 448
63.29 34 NAVIGATION 0 1 0 0 38 0. 6571.9
63.51 34 WP_MOVED 2 506379.59375 3566304.75 800.
63.51 34 GPS 0 50624961 356621065 0 80355 0 0 611499 12 0
63.70 34 ESTIMATOR 0. 0. 0. 0. 0.
63.70 34 COMMANDS 167,-10,-1247,2510
63.70 34 NAVIGATION 0 1 0 0 38 0. 6571.9
63.70 34 ATTITUDE 7 0 -31
63.70 34 DL_VALUE 22 20000.
63.77 34 FBW_STATUS 0 0 122
63.77 34 GPS 0 50624961 356621065 0 80355 0 0 611751 12 0
63.77 34 RAD_OF_IR 54 0 0.00211
63.77 34 IR_SENSORS -681 57 1
63.77 34 NAVIGATION 0 1 0 0 38 0. 6571.9
63.99 34 WP_MOVED 3 506366. 3566262. 0.
63.99 34 GYRO_RATES -48 -20 0 0.418879 -0.174533 0.
63.99 34 GPS 0 50624961 356621065 0 80355 0 0 611999 12 0
64.06 34 ESTIMATOR 0. 0. 0. 0. 0.
64.06 34 NAVIGATION 0 1 0 0 38 0. 6571.9
64.06 34 ATTITUDE 10 0 -33
64.15 34 DOWNLINK_STATUS 63 25122 1539 0 416. 26.
64.15 34 GPS 0 50624961 356621065 0 80355 0 0 612251 12 0
64.49 34 DESIRED 0. 0. 0. 0. 770. 0.
64.49 34 NAVIGATION 0 1 0 0 38 0. 6571.9
64.49 34 WP_MOVED 0 506408. 3566304. 800.
64.58 34 GPS 0 50624961 356621065 0 80355 0 0 612499 12 0
64.58 34 ESTIMATOR 0. 0. 0. 0. 0.
64.58 34 COMMANDS 179,-3,-1232,2552
64.58 34 NAVIGATION 0 1 0 0 38 0. 6571.9
64.58 34 ATTITUDE 11 0 -33
64.58 34 DL_VALUE 23 0.
64.59 34 FBW_STATUS 0 0 122
64.59 34 RAD_OF_IR 70 0 0.00211
64.68 34 GPS 0 50624961 356621065 0 80355 0 0 612751 12 0
64.68 34 IR_SENSORS -690 71 1
64.68 34 NAVIGATION 0 1 0 0 38 0. 6571.9
64.76 34 WP_MOVED 1 506292.5 3566296.25 800.
64.76 34 GYRO_RATES -48 -20 0 0.418879 -0.174533 0.
64.99 34 ESTIMATOR 0. 0. 0. 0. 0.
64.99 34 BAT 176 122 0 0 643 0 10
64.99 34 GPS 0 50624961 356621065 0 80355 0 0 612999 12 0
65.06 34 NAVIGATION 0 1 0 0 38 0. 6571.9
65.06 34 ATTITUDE 11 0 -33
65.06 34 CALIBRATION 0. 0.023 0.067 0
65.06 34 SERVO 9600 -9600 184
65.15 34 DOWNLINK_STATUS 64 25516 1563 0 394. 24.
65.19 34 GPS 0 50624961 356621065 0 80355 0 0 613251 12 0
65.19 34 DESIRED 0. 0. 0. 0. 770. 0.
65.19 34 IR_DEBUG 543 443 543 443
65.19 34 NAVIGATION 0 1 0 0 38 0. 6571.9
65.26 34 WP_MOVED 2 506379.59375 3566304.75 800.
65.48 34 ESTIMATOR 0. 0. 0. 0. 0.
65.58 34 GPS 0 50624961 356621065 0 80355 0 0 613499 12 0
65.58 34 COMMANDS 172,4,-1225,2541
65.58 34 NAVIGATION 0 1 0 0 38 0. 6571.9
65.58 34 ATTITUDE 11 0 -33
65.58 34 DL_VALUE 24 2150.
65.58 34 FBW_STATUS 0 0 122
65.58 34 RAD_OF_IR 70 0 0.00211
65.59 34 ACTUATORS 1436,1564,0,1214,1633
65.59 34 IR_SENSORS -690 72 1
65.78 34 GPS 0 50624961 356621065 0 80355 0 0 613751 12 0
65.78 34 NAVIGATION 0 1 0 0 38 0. 6571.9
65.78 34 WP_MOVED 3 506366. 3566262. 0.
65.78 34 GYRO_RATES -48 -20 0 0.418879 -0.174533 0.
65.79 34 ESTIMATOR 0. 0. 0. 0. 0.
66.00 34 NAVIGATION 0 1 0 0 38 0. 6571.9
66.00 34 GPS 0 50624961 356621065 0 80355 0 0 613999 12 0
66.00 34 ATTITUDE 11 0 -33
66.06 34 DESIRED 0. 0. 0. 0. 770. 0.
66.15 34 DOWNLINK_STATUS 65 25922 1587 0 406. 24.
66.17 34 NAVIGATION 0 1 0 0 38 0. 6571.9
66.17 34 GPS 0 50624961 356621065 0 80355 0 0 614251 12 0
66.17 34 WP_MOVED 0 506408. 3566304. 800.
66.17 34 PPRZ_MODE 0 0 3 0 0 1 0
66.25 34 ESTIMATOR 0. 0. 0. 0. 0.
66.50 34 COMMANDS 172,-6,-1237,2568
66.50 34 NAVIGATION 0 1 0 0 38 0. 6571.9
66.50 34 ATTITUDE 11 0 -34
66.50 34 DL_VALUE 25 5300.
66.50 34 GPS 0 50624961 356621065 0 80355 0 0 614499 12 0
66.56 34 FBW_STATUS 0 0 122
66.56 34 RAD_OF_IR 72 0 0.00211
66.56 34 IR_SENSORS -693 72 1
66.56 34 NAVIGATION 0 1 0 0 38 0. 6571.9
66.67 34 GPS 0 50624961 356621065 0 80355 0 0 614751 12 0
66.67 34 WP_MOVED 1 506292.5 3566296.25 800.
66.67 34 GYRO_RATES -48 -20 0 0.418879 -0.174533 0.
66.76 34 ESTIMATOR 0. 0. 0. 0. 0.
66.76 34 BAT 173 122 0 0 645 0 10
67.00 34 NAVIGATION 0 1 0 0 38 0. 6571.9
67.00 34 ATTITUDE 11 0 -34
67.00 34 CALIBRATION 0. 0.023 0.067 0
67.00 34 GPS 0 50624961 356621065 0 80355 0 0 614999 12 0
67.07 34 SERVO 9600 -9600 164
67.07 34 DESIRED 0. 0. 0. 0. 770. 0.
67.07 34 IR_DEBUG 548 443 548 443
67.07 34 NAVIGATION 0 1 0 0 38 0. 6571.9
67.15 34 DOWNLINK_STATUS 66 26353 1614 0 431. 27.
67.20 34 WP_MOVED 2 506379.59375 3566304.75 800.
67.20 34 GPS 0 50624961 356621065 0 80355 0 0 615251 12 0
67.20 34 ESTIMATOR 0. 0. 0. 0. 0.
67.29 34 COMMANDS 181,-12,-1231,2522
67.29 34 NAVIGATION 0 1 0 0 38 0. 6571.9
67.29 34 ATTITUDE 11 0 -34
67.29 34 DL_VALUE 26 10000.
67.48 34 GPS 0 50624961 356621065 0 80355 0 0 615499 12 0
67.48 34 FBW_STATUS 0 0 122
67.48 34 RAD_OF_IR 74 0 0.00211
67.49 34 IR_SENSORS -692 73 1
67.50 34 NAVIGATION 0 1 0 0 38 0. 6571.9
67.58 34 WP_MOVED 3 506366. 3566262. 0.
67.58 34 GYRO_RATES -48 -20 -1 0.418879 -0.174533 -0.008727
67.66 34 GPS 0 50624961 356621065 0 80355 0 0 615751 12 0
67.66 34 ESTIMATOR 0. 0. 0. 0. 0.
67.75 34 NAVIGATION 0 1 0 0 38 0. 6571.9
67.75 34 ATTITUDE 11 0 -34
67.99 34 GPS 0 50624961 356621065 0 80355 0 0 615999 12 0
68.00 34 DESIRED 0. 0. 0. 0. 770. 0.
68.01 34 NAVIGATION 0 1 0 0 38 0. 6571.9
68.05 34 WP_MOVED 0 506408. 3566304. 800.
68.15 34 DOWNLINK_STATUS 67 26725 1636 0 372. 22.
68.16 34 GPS 0 50624961 356621065 0 80355 0 0 616251 12 0
68.16 34 ESTIMATOR 0. 0. 0. 0. 0.
68.26 34 COMMANDS 179,-1,-1232,2552
68.26 34 NAVIGATION 0 1 0 0 38 0. 6571.9
68.26 34 ATTITUDE 11 0 -33
68.26 34 DL_VALUE 27 4000.
68.27 34 FBW_STATUS 0 0 122
68.49 34 RAD_OF_IR 74 0 0.00211
68.49 34 NAVIGATION_REF 506366 3566262 12
68.58 34 GPS 0 50624961 356621065 0 80355 0 0 616499 12 0
68.58 34 IR_SENSORS -693 74 1
68.58 34 NAVIGATION 0 1 0 0 38 0. 6571.9
68.58 34 WP_MOVED 1 506292.5 3566296.25 800.
68.58 34 GYRO_RATES -48 -20 0 0.418879 -0.174533 0.
68.79 34 ESTIMATOR 0. 0. 0. 0. 0.
68.79 34 BAT 169 122 0 0 647 0 10
68.79 34 GPS 0 50624961 356621065 0 80355 0 0 616751 12 0
68.79 34 NAVIGATION 0 1 0 0 38 0. 6571.9
68.79 34 ATTITUDE 11 0 -33
68.79 34 CALIBRATION 0. 0.023 0.067 0
68.79 34 SERVO 9600 -9600 167
69.11 34 GPS 0 50624961 356621065 0 80355 0 0 616999 12 0
69.11 34 DESIRED 0. 0. 0. 0. 770. 0.
69.11 34 IR_DEBUG 548 442 548 442
69.11 34 NAVIGATION 0 1 0 0 38 0. 6571.9
69.11 34 WP_MOVED 2 506379.59375 3566304.75 800.
69.15 34 DOWNLINK_STATUS 68 27140 1662 0 415. 26.
69.17 34 ESTIMATOR 0. 0. 0. 0. 0.
69.17 34 GPS 0 50624961 356621065 0 80355 0 0 617251 12 0
69.18 34 COMMANDS 170,0,-1232,2561
69.18 34 NAVIGATION 0 1 0 0 38 0. 6571.9
69.18 34 ATTITUDE 11 0 -34
69.18 34 DL_VALUE 28 0.228
69.25 34 FBW_STATUS 0 0 122
69.25 34 RAD_OF_IR 73 0 0.00211
69.38 34 IR_SENSORS -693 73 1
69.38 34 GPS 0 50624961 356621065 0 80355 0 0 617499 12 0
69.38 34 NAVIGATION 0 1 0 0 38 0. 6571.9
69.58 34 WP_MOVED 3 506366. 3566262. 0.
69.62 34 GYRO_RATES -48 -20 0 0.418879 -0.174533 0.
69.67 34 ESTIMATOR 0. 0. 0. 0. 0.
69.67 34 GPS 0 50624961 356621065 0 80355 0 0 617751 12 0
69.67 34 NAVIGATION 0 1 0 0 38 0. 6571.9
69.67 34 ATTITUDE 11 0 -34
69.88 34 DESIRED 0. 0. 0. 0. 770. 0.
69.88 34 NAVIGATION 0 1 0 0 38 0. 6571.9
69.88 34 GPS 0 50624961 356621065 0 80355 0 0 617999 12 0
69.88 34 WP_MOVED 0 506408. 3566304. 800.
70.07 34 ESTIMATOR 0. 0. 0. 0. 0.
70.15 34 DOWNLINK_STATUS 69 27519 1684 0 379. 22.
70.19 34 COMMANDS 181,52,-1229,2522
70.19 34 NAVIGATION 0 1 0 0 38 0. 6571.9
70.19 34 ATTITUDE 12 0 -34
70.19 34 DL_VALUE 29 0.42
70.19 34 GPS 0 50624961 356621065 0 80355 0 0 618251 12 0
70.20 34 FBW_STATUS 0 0 122
70.20 34 RAD_OF_IR 74 0 0.00211
70.26 34 ACTUATORS 1435,1563,0,1214,1633
70.26 34 IR_SENSORS -692 74 1
70.35 34 NAVIGATION 0 1 0 0 38 0. 6571.9
70.59 34 GPS 0 50624961 356621065 0 80355 0 0 618499 12 0
70.59 34 WP_MOVED 1 506292.5 3566296.25 800.
70.59 34 GYRO_RATES -48 -20 0 0.418879 -0.174533 0.
70.69 34 ESTIMATOR 0. 0. 0. 0. 0.
70.69 34 BAT 176 122 0 0 649 0 10
70.69 34 NAVIGATION 0 1 0 0 38 0. 6571.9
70.69 34 ATTITUDE 11 0 -33
70.69 34 CALIBRATION 0. 0.023 0.067 0
70.69 34 GPS 0 50624961 356621065 0 80355 0 0 618751 12 0
70.87 34 SERVO 9600 -9600 176
70.87 34 DESIRED 0. 0. 0. 0. 770. 0.
70.87 34 IR_DEBUG 549 441 549 441
70.87 34 NAVIGATION 0 1 0 0 38 0. 6571.9
70.88 34 WP_MOVED 2 506379.59375 3566304.75 800.
70.88 34 PPRZ_MODE 0 0 3 0 0 1 0
70.88 34 GPS 0 50624961 356621065 0 80355 0 0 618999 12 0
71.07 34 ESTIMATOR 0. 0. 0. 0. 0.
71.15 34 DOWNLINK_STATUS 70 27945 1711 0 426. 27.
71.18 34 COMMANDS 152,17,-1209,2584
71.18 34 NAVIGATION 0 1 0 0 38 0. 6571.9
71.18 34 ATTITUDE 12 0 -34
71.18 34 DL_VALUE 30 0.
71.18 34 GPS 0 50624961 356621065 0 80355 0 0 619251 12 0
71.18 34 FBW_STATUS 0 0 122
71.18 34 RAD_OF_IR 74 0 0.00211
71.27 34 IR_SENSORS -692 74 1
71.38 34 NAVIGATION 0 1 0 0 38 0. 6571.9
71.38 34 WP_MOVED 3 506366. 3566262. 0.
71.38 34 GYRO_RATES -48 -20 0 0.418879 -0.174533 0.
71.38 34 GPS 0 50624961 356621065 0 80355 0 0 619499 12 0
71.57 34 ESTIMATOR 0. 0. 0. 0. 0.
71.66 34 NAVIGATION 0 1 0 0 38 0. 6571.9
71.66 34 ATTITUDE 11 0 -33
71.66 34 GPS 0 50624961 356621065 0 80355 0 0 619751 12 0
71.68 34 DESIRED 0. 0. 0. 0. 770. 0.
71.78 34 NAVIGATION 0 1 0 0 38 0. 6571.9
71.78 34 WP_MOVED 0 506408. 3566304. 800.
71.90 34 GPS 0 50624961 356621065 0 80355 0 0 619999 12 0
71.90 34 ESTIMATOR 0. 0. 0. 0. 0.
72.09 34 COMMANDS 173,-31,-1258,2564
72.13 34 NAVIGATION 0 1 0 0 38 0. 6571.9
72.13 34 ATTITUDE 12 0 -33
72.13 34 DL_VALUE 31 0.023
72.15 34 DOWNLINK_STATUS 71 28346 1736 0 401. 25.
72.16 34 FBW_STATUS 0 0 122
72.16 34 RAD_OF_IR 75 0 0.00211
72.16 34 GPS 0 50624961 356621065 0 80355 0 0 620251 12 0
72.17 34 IR_SENSORS -693 75 1
72.17 34 NAVIGATION 0 1 0 0 38 0. 6571.9
72.26 34 WP_MOVED 1 506292.5 3566296.25 800.
72.26 34 GYRO_RATES -48 -20 0 0.418879 -0.174533 0.
72.40 34 ESTIMATOR 0. 0. 0. 0. 0.
72.40 34 BAT 197 122 0 0 651 0 10
72.40 34 GPS 0 50624961 356621065 0 80355 0 0 620499 12 0
72.58 34 NAVIGATION 0 1 0 0 38 0. 6571.9
72.62 34 ATTITUDE 11 0 -33
72.62 34 CALIBRATION 0. 0.023 0.067 0
72.69 34 SERVO 9600 -9600 168
72.69 34 GPS 0 50624961 356621065 0 80355 0 0 620751 12 0
72.69 34 DESIRED 0. 0. 0. 0. 770. 0.
72.69 34 IR_DEBUG 548 441 548 441
72.69 34 NAVIGATION 0 1 0 0 38 0. 6571.9
72.75 34 WP_MOVED 2 506379.59375 3566304.75 800.
72.85 34 ESTIMATOR 0. 0. 0. 0. 0.
73.11 34 GPS 0 50624961 356621065 0 80355 0 0 620999 12 0
73.11 34 COMMANDS 174,-17,-1231,2555
73.11 34 NAVIGATION 0 1 0 0 38 0. 6571.9
73.11 34 ATTITUDE 11 0 -33
73.11 34 DL_VALUE 32 0.001
73.11 34 FBW_STATUS 0 0 122
73.15 34 DOWNLINK_STATUS 72 28755 1762 0 409. 26.
73.29 34 RAD_OF_IR 74 0 0.00211
73.29 34 IR_SENSORS -693 74 1
73.29 34 GPS 0 50624961 356621065 0 80355 0 0 621251 12 0
73.29 34 NAVIGATION 0 1 0 0 38 0. 6571.9
73.29 34 WP_MOVED 3 506366. 3566262. 0.
73.29 34 GYRO_RATES -48 -20 0 0.418879 -0.174533 0.
73.29 34 ESTIMATOR 0. 0. 0. 0. 0.
73.39 34 GPS 0 50624961 356621065 0 80355 0 0 621499 12 0
73.39 34 NAVIGATION 0 1 0 0 38 0. 6571.9
73.39 34 ATTITUDE 11 0 -34
73.68 34 DESIRED 0. 0. 0. 0. 770. 0.
73.77 34 NAVIGATION 0 1 0 0 38 0. 6571.9
73.77 34 GPS 0 50624961 356621065 0 80355 0 0 621751 12 0
73.77 34 WP_MOVED 0 506408. 3566304. 800.
73.77 34 ESTIMATOR 0. 0. 0. 0. 0.
73.90 34 COMMANDS 178,-1,-1232,2529
73.90 34 NAVIGATION 0 1 0 0 38 0. 6571.9
73.90 34 ATTITUDE 11 0 -34
73.90 34 DL_VALUE 33 0.01
73.90 34 GPS 0 50624961 356621065 0 80355 0 0 621999 12 0
74.15 34 DOWNLINK_STATUS 73 29107 1782 0 352. 20.
74.19 34 FBW_STATUS 0 0 122
74.19 34 RAD_OF_IR 74 0 0.00211
74.19 34 IR_SENSORS -693 74 1
74.19 34 NAVIGATION 0 1 0 0 38 0. 6571.9
74.29 34 GPS 0 50624961 356621065 0 80355 0 0 622251 12 0
74.29 34 WP_MOVED 1 506292.5 3566296.25 800.
74.29 34 GYRO_RATES -48 -20 -1 0.418879 -0.174533 -0.008727
74.29 34 ESTIMATOR 0. 0. 0. 0. 0.
74.29 34 BAT 172 122 0 0 653 0 10
74.37 34 NAVIGATION 0 1 0 0 38 0. 6571.9
74.37 34 ATTITUDE 11 0 -34
74.37 34 CALIBRATION 0. 0.023 0.067 0
74.37 34 GPS 0 50624961 356621065 0 80355 0 0 622499 12 0
74.37 34 SERVO 9600 -9600 175
74.69 34 DESIRED 0. 0. 0. 0. 770. 0.
74.69 34 IR_DEBUG 551 442 551 442
74.69 34 NAVIGATION 0 1 0 0 38 0. 6571.9
74.77 34 WP_MOVED 2 506379.59375 3566304.75 800.
74.77 34 GPS 0 50624961 356621065 0 80355 0 0 622751 12 0
74.77 34 ESTIMATOR 0. 0. 0. 0. 0.
74.79 34 COMMANDS 173,3,-1223,2562
74.79 34 NAVIGATION 0 1 0 0 38 0. 6571.9
74.79 34 ATTITUDE 12 0 -34
74.79 34 DL_VALUE 34 1.
74.88 34 FBW_STATUS 0 0 122
74.88 34 GPS 0 50624961 356621065 0 80355 0 0 622999 12 0
74.88 34 RAD_OF_IR 77 0 0.00211
74.96 34 ACTUATORS 1435,1564,0,1213,1631
74.96 34 IR_SENSORS -695 75 1
75.00 34 NAVIGATION 0 1 0 0 38 0. 6571.9
75.15 34 DOWNLINK_STATUS 74 29565 1812 0 458. 30.
75.18 34 WP_MOVED 3 506366. 3566262. 0.
75.18 34 GYRO_RATES -48 -20 0 0.418879 -0.174533 0.
75.26 34 GPS 0 50624961 356621065 0 80355 0 0 623251 12 0
75.26 34 ESTIMATOR 0. 0. 0. 0. 0.
75.27 34 NAVIGATION 0 1 0 0 38 0. 6571.9
75.27 34 ATTITUDE 12 0 -34
75.35 34 GPS 0 50624961 356621065 0 80355 0 0 623499 12 0
75.47 34 DESIRED 0. 0. 0. 0. 770. 0.
75.47 34 NAVIGATION 0 1 0 0 38 0. 6571.9
75.68 34 WP_MOVED 0 506408. 3566304. 800.
75.68 34 PPRZ_MODE 0 0 3 0 0 1 0
75.78 34 GPS 0 50624961 356621065 0 80355 0 0 623751 12 0
75.78 34 ESTIMATOR 0. 0. 0. 0. 0.
75.78 34 COMMANDS 173,-7,-1234,2535
75.78 34 NAVIGATION 0 1 0 0 38 0. 6571.9
75.78 34 ATTITUDE 12 0 -34
75.78 34 DL_VALUE 35 0.
75.78 34 FBW_STATUS 0 0 122
75.79 34 RAD_OF_IR 76 0 0.00211
75.86 34 GPS 0 50624961 356621065 0 80355 0 0 623999 12 0
75.87 34 IR_SENSORS -693 76 1
75.96 34 NAVIGATION 0 1 0 0 38 0. 6571.9
76.16 34 DOWNLINK_STATUS 75 29931 1834 0 366. 22.
76.18 34 WP_MOVED 1 506292.5 3566296.25 800.
76.18 34 GYRO_RATES -48 -20 0 0.418879 -0.174533 0.
76.29 34 ESTIMATOR 0. 0. 0. 0. 0.
76.29 34 BAT 173 122 0 0 655 0 10
76.29 34 GPS 0 50624961 356621065 0 80355 0 0 624251 12 0
76.29 34 NAVIGATION 0 1 0 0 38 0. 6571.9
76.29 34 ATTITUDE 12 0 -34
76.29 34 CALIBRATION 0. 0.023 0.067 0
76.29 34 SERVO 9600 -9600 176
76.49 34 GPS 0 50624961 356621065 0 80355 0 0 624499 12 0
76.49 34 DESIRED 0. 0. 0. 0. 770. 0.
76.49 34 IR_DEBUG 550 441 550 441
76.49 34 NAVIGATION 0 1 0 0 38 0. 6571.9
76.49 34 WP_MOVED 2 506379.59375 3566304.75 800.
76.68 34 ESTIMATOR 0. 0. 0. 0. 0.
76.78 34 GPS 0 50624961 356621065 0 80355 0 0 624751 12 0
76.78 34 COMMANDS 176,-10,-1232,2554
76.78 34 NAVIGATION 0 1 0 0 38 0. 6571.9
76.78 34 ATTITUDE 12 0 -34
76.78 34 DL_VALUE 36 0.
76.78 34 FBW_STATUS 0 0 122
76.78 34 RAD_OF_IR 76 0 0.00211
76.78 34 NAVIGATION_REF 506366 3566262 12
76.89 34 IR_SENSORS -695 76 1
76.89 34 GPS 0 50624961 356621065 0 80355 0 0 624999 12 0
76.89 34 NAVIGATION 0 1 0 0 38 0. 6571.9
76.96 34 WP_MOVED 3 506366. 3566262. 0.
76.96 34 GYRO_RATES -48 -20 0 0.418879 -0.174533 0.
77.16 34 DOWNLINK_STATUS 76 30381 1862 0 450. 28.
77.18 34 ESTIMATOR 0. 0. 0. 0. 0.
77.20 34 GPS 0 50624961 356621065 0 80355 0 0 625251 12 0
77.20 34 NAVIGATION 0 1 0 0 38 0. 6571.9
77.20 34 ATTITUDE 12 0 -34
77.38 34 DESIRED 0. 0. 0. 0. 770. 0.
77.38 34 NAVIGATION 0 1 0 0 38 0. 6571.9
77.38 34 GPS 0 50624961 356621065 0 80355 0 0 625499 12 0
77.38 34 WP_MOVED 0 506408. 3566304. 800.
77.49 34 ESTIMATOR 0. 0. 0. 0. 0.
77.81 34 COMMANDS 172,-1,-1239,2561
77.81 34 NAVIGATION 0 1 0 0 38 0. 6571.9
77.81 34 ATTITUDE 12 0 -34
77.81 34 DL_VALUE 37 0.1
77.81 34 GPS 0 50624961 356621065 0 80355 0 0 625751 12 0
77.81 34 FBW_STATUS 0 0 122
77.81 34 RAD_OF_IR 75 0 0.00211
77.85 34 IR_SENSORS -696 76 1
77.85 34 NAVIGATION 0 1 0 0 38 0. 6571.9
77.98 34 GPS 0 50624961 356621065 0 80355 0 0 625999 12 0
77.98 34 WP_MOVED 1 506292.5 3566296.25 800.
77.98 34 GYRO_RATES -48 -20 0 0.418879 -0.174533 0.
78.03 34 ESTIMATOR 0. 0. 0. 0. 0.
78.03 34 BAT 173 122 0 0 657 0 10
78.07 34 NAVIGATION 0 1 0 0 38 0. 6571.9
78.07 34 ATTITUDE 12 0 -34
78.07 34 CALIBRATION 0. 0.023 0.067 0
78.16 34 DOWNLINK_STATUS 77 30815 1888 0 434. 26.
78.28 34 GPS 0 50624961 356621065 0 80355 0 0 626251 12 0
78.37 34 SERVO 9600 -9600 173
78.37 34 DESIRED 0. 0. 0. 0. 770. 0.
78.37 34 IR_DEBUG 552 442 552 442
78.37 34 NAVIGATION 0 1 0 0 38 0. 6571.9
78.38 34 WP_MOVED 2 506379.59375 3566304.75 800.
78.38 34 GPS 0 50624961 356621065 0 80355 0 0 626499 12 0
78.45 34 ESTIMATOR 0. 0. 0. 0. 0.
78.56 34 COMMANDS 176,-9,-1234,2560
78.56 34 NAVIGATION 0 1 0 0 38 0. 6571.9
78.56 34 ATTITUDE 12 0 -34
78.56 34 DL_VALUE 38 0.
78.78 34 GPS 0 50624961 356621065 0 80355 0 0 626751 12 0
78.79 34 FBW_STATUS 0 0 122
78.79 34 RAD_OF_IR 77 0 0.00211
78.89 34 IR_SENSORS -697 77 1
78.89 34 NAVIGATION 0 1 0 0 38 0. 6571.9
78.89 34 WP_MOVED 3 506366. 3566262. 0.
78.89 34 GYRO_RATES -48 -20 -1 0.418879 -0.174533 -0.008727
78.89 34 GPS 0 50624961 356621065 0 80355 0 0 626999 12 0
78.96 34 ESTIMATOR 0. 0. 0. 0. 0.
79.00 34 NAVIGATION 0 1 0 0 38 0. 6571.9
79.00 34 ATTITUDE 12 0 -34
79.16 34 DOWNLINK_STATUS 78 31190 1911 0 375. 23.
79.28 34 GPS 0 50624961 356621065 0 80355 0 0 627251 12 0
79.37 34 DESIRED 0. 0. 0. 0. 770. 0.
79.37 34 NAVIGATION 0 1 0 0 38 0. 6571.9
79.37 34 WP_MOVED 0 506408. 3566304. 800.
79.39 34 GPS 0 50624961 356621065 0 80355 0 0 627499 12 0
79.39 34 ESTIMATOR 0. 0. 0. 0. 0.
79.48 34 COMMANDS 173,1,-1236,2538
79.48 34 NAVIGATION 0 1 0 0 38 0. 6571.9
79.48 34 ATTITUDE 12 0 -34
79.48 34 DL_VALUE 39 0.067
79.55 34 FBW_STATUS 0 0 122
79.55 34 RAD_OF_IR 77 0 0.00211
79.80 34 GPS 0 50624961 356621065 0 80355 0 0 627751 12 0
79.80 34 ACTUATORS 1436,1563,0,1214,1633
79.80 34 IR_SENSORS -697 77 1
79.80 34 NAVIGATION 0 1 0 0 38 0. 6571.9
79.85 34 WP_MOVED 1 506292.5 3566296.25 800.
79.86 34 GYRO_RATES -48 -20 0 0.418879 -0.174533 0.
79.90 34 ESTIMATOR 0. 0. 0. 0. 0.
79.90 34 BAT 177 122 0 0 659 0 10
79.90 34 GPS 0 50624961 356621065 0 80355 0 0 627999 12 0
79.98 34 NAVIGATION 0 1 0 0 38 0. 6571.9
79.98 34 ATTITUDE 12 0 -34
79.98 34 CALIBRATION 0. 0.023 0.067 0
80.05 34 SERVO 9600 -9600 175
80.17 34 DOWNLINK_STATUS 79 31597 1936 0 407. 25.
80.33 34 GPS 0 50624961 356621065 0 80355 0 0 628251 12 0
80.33 34 DESIRED 0. 0. 0. 0. 770. 0.
80.33 34 IR_DEBUG 554 443 554 443
80.33 34 NAVIGATION 0 1 0 0 38 0. 6571.9
80.36 34 WP_MOVED 2 506379.59375 3566304.75 800.
80.36 34 PPRZ_MODE 0 0 3 0 0 1 0
80.36 34 ESTIMATOR 0. 0. 0. 0. 0.
80.48 34 GPS 0 50624961 356621065 0 80355 0 0 628499 12 0
80.48 34 COMMANDS 173,-7,-1234,2539
80.48 34 NAVIGATION 0 1 0 0 38 0. 6571.9
80.48 34 ATTITUDE 12 0 -34
80.48 34 DL_VALUE 40 1.
80.48 34 FBW_STATUS 0 0 122
80.48 34 RAD_OF_IR 77 0 0.00211
80.57 34 IR_SENSORS -698 77 1
80.90 34 GPS 0 50624961 356621065 0 80355 0 0 628751 12 0
80.90 34 NAVIGATION 0 1 0 0 38 0. 6571.9
80.90 34 WP_MOVED 3 506366. 3566262. 0.
80.90 34 GYRO_RATES -48 -20 0 0.418879 -0.174533 0.
80.99 34 ESTIMATOR 0. 0. 0. 0. 0.
80.99 34 NAVIGATION 0 1 0 0 38 0. 6571.9
80.99 34 GPS 0 50624961 356621065 0 80355 0 0 628999 12 0
80.99 34 ATTITUDE 12 0 -34
81.06 34 DESIRED 0. 0. 0. 0. 770. 0.
81.17 34 NAVIGATION 0 1 0 0 38 0. 6571.9
81.17 34 GPS 0 50624961 356621065 0 80355 0 0 629251 12 0
81.17 34 WP_MOVED 0 506408. 3566304. 800.
81.17 34 DOWNLINK_STATUS 80 32059 1963 0 462. 27.
81.38 34 ESTIMATOR 0. 0. 0. 0. 0.
81.48 34 COMMANDS 179,-4,-1234,2526
81.48 34 NAVIGATION 0 1 0 0 38 0. 6571.9
81.48 34 ATTITUDE 12 0 -34
81.48 34 DL_VALUE 41 0.
81.48 34 GPS 0 50624961 356621065 0 80355 0 0 629499 12 0
81.48 34 FBW_STATUS 0 0 122
81.48 34 RAD_OF_IR 77 0 0.00211
81.55 34 IR_SENSORS -698 78 1
81.55 34 NAVIGATION 0 1 0 0 38 0. 6571.9
81.67 34 GPS 0 50624961 356621065 0 80355 0 0 629751 12 0
81.67 34 WP_MOVED 1 506292.5 3566296.25 800.
81.67 34 GYRO_RATES -48 -20 0 0.418879 -0.174533 0.
81.88 34 ESTIMATOR 0. 0. 0. 0. 0.
81.88 34 BAT 176 122 0 0 661 0 10
81.99 34 NAVIGATION 0 1 0 0 38 0. 6571.9
82.00 34 ATTITUDE 12 0 -34
82.00 34 CALIBRATION 0. 0.023 0.067 0
82.00 34 GPS 0 50624961 356621065 0 80355 0 0 629999 12 0
82.00 34 SERVO 9600 -9600 162
82.06 34 DESIRED 0. 0. 0. 0. 770. 0.
82.06 34 IR_DEBUG 555 443 555 443
82.06 34 NAVIGATION 0 1 0 0 38 0. 6571.9
82.17 34 DOWNLINK_STATUS 81 32421 1986 0 362. 23.
82.20 34 WP_MOVED 2 506379.59375 3566304.75 800.
82.20 34 GPS 0 50624961 356621065 0 80355 0 0 630251 12 0
82.20 34 ESTIMATOR 0. 0. 0. 0. 0.
82.39 34 COMMANDS 173,-3,-1229,2541
82.39 34 NAVIGATION 0 1 0 0 38 0. 6571.9
82.39 34 ATTITUDE 12 0 -34
82.39 34 DL_VALUE 0 770.
82.57 34 GPS 0 50624961 356621065 0 80355 0 0 630499 12 0
82.57 34 FBW_STATUS 0 0 122
82.57 34 RAD_OF_IR 78 0 0.00211
82.57 34 IR_SENSORS -698 78 1
82.57 34 NAVIGATION 0 1 0 0 38 0. 6571.9
82.58 34 WP_MOVED 3 506366. 3566262. 0.
82.58 34 GYRO_RATES -48 -20 -1 0.418879 -0.174533 -0.008727
82.78 34 GPS 0 50624961 356621065 0 80355 0 0 630751 12 0
82.80 34 ESTIMATOR 0. 0. 0. 0. 0.
82.80 34 NAVIGATION 0 1 0 0 38 0. 6571.9
82.80 34 ATTITUDE 12 0 -34
82.86 34 GPS 0 50624961 356621065 0 80355 0 0 630999 12 0
82.96 34 DESIRED 0. 0. 0. 0. 770. 0.
82.96 34 NAVIGATION 0 1 0 0 38 0. 6571.9
83.10 34 WP_MOVED 0 506408. 3566304. 800.
83.18 34 DOWNLINK_STATUS 82 32793 2008 0 372. 22.
83.30 34 GPS 0 50624961 356621065 0 80355 0 0 631251 12 0
83.30 34 ESTIMATOR 0. 0. 0. 0. 0.
83.37 34 COMMANDS 173,18,-1226,2567
83.37 34 NAVIGATION 0 1 0 0 38 0. 6571.9
83.37 34 ATTITUDE 12 0 -34
83.37 34 DL_VALUE 1 1.
83.37 34 FBW_STATUS 0 0 122
83.38 34 RAD_OF_IR 75 0 0.00211
83.39 34 GPS 0 50624961 356621065 0 80355 0 0 631499 12 0
83.39 34 IR_SENSORS -695 74 1
83.45 34 NAVIGATION 0 1 0 0 38 0. 6571.9
83.55 34 WP_MOVED 1 506292.5 3566296.25 800.
83.60 34 GYRO_RATES -48 -20 0 0.418879 -0.174533 0.
83.92 34 ESTIMATOR 0. 0. 0. 0. 0.
83.92 34 BAT 184 122 0 0 663 0 10
83.92 34 GPS 0 50624961 356621065 0 80355 0 0 631751 12 0
83.92 34 NAVIGATION 0 1 0 0 38 0. 6571.9
83.92 34 ATTITUDE 11 0 -34
83.92 34 CALIBRATION 0. 0.023 0.067 0
83.99 34 SERVO 9600 -9600 171
83.99 34 GPS 0 50624961 356621065 0 80355 0 0 631999 12 0
83.99 34 DESIRED 0. 0. 0. 0. 770. 0.
83.99 34 IR_DEBUG 547 443 547 443
83.99 34 NAVIGATION 0 1 0 0 38 0. 6571.9
83.99 34 WP_MOVED 2 506379.59375 3566304.75 800.
84.05 34 ESTIMATOR 0. 0. 0. 0. 0.
84.15 34 GPS 0 50624961 356621065 0 80355 0 0 632251 12 0
84.17 34 COMMANDS 174,-6,-1232,2535
84.17 34 NAVIGATION 0 1 0 0 38 0. 6571.9
84.17 34 ATTITUDE 11 0 -34
84.17 34 DL_VALUE 2 0.
84.18 34 DOWNLINK_STATUS 83 33290 2039 0 497. 31.
84.39 34 FBW_STATUS 0 0 122
84.39 34 RAD_OF_IR 76 0 0.00211
84.49 34 ACTUATORS 1435,1564,0,1214,1632
84.49 34 IR_SENSORS -694 77 1
84.49 34 GPS 0 50624961 356621065 0 80355 0 0 632499 12 0
84.49 34 NAVIGATION 0 1 0 0 38 0. 6571.9
84.49 34 WP_MOVED 3 506366. 3566262. 0.
84.49 34 GYRO_RATES -48 -20 0 0.418879 -0.174533 0.
84.55 34 ESTIMATOR 0. 0. 0. 0. 0.
84.66 34 GPS 0 50624961 356621065 0 80355 0 0 632751 12 0
84.66 34 NAVIGATION 0 1 0 0 38 0. 6571.9
84.66 34 ATTITUDE 12 0 -34
85.00 34 DESIRED 0. 0. 0. 0. 770. 0.
85.00 34 NAVIGATION 0 1 0 0 38 0. 6571.9
85.00 34 GPS 0 50624961 356621065 0 80355 0 0 632999 12 0
85.06 34 WP_MOVED 0 506408. 3566304. 800.
85.06 34 PPRZ_MODE 0 0 3 0 0 1 0
85.06 34 ESTIMATOR 0. 0. 0. 0. 0.
85.18 34 DOWNLINK_STATUS 84 33598 2057 0 308. 18.
85.21 34 COMMANDS 178,0,-1231,2531
85.21 34 NAVIGATION 0 1 0 0 38 0. 6571.9
85.21 34 ATTITUDE 12 0 -34
85.21 34 DL_VALUE 3 0.
85.21 34 GPS 0 50624961 356621065 0 80355 0 0 633251 12 0
85.21 34 FBW_STATUS 0 0 122
85.21 34 RAD_OF_IR 79 0 0.00211
85.21 34 NAVIGATION_REF 506366 3566262 12
85.24 34 IR_SENSORS -698 79 1
85.47 34 NAVIGATION 0 1 0 0 38 0. 6571.9
85.59 34 GPS 0 50624961 356621065 0 80355 0 0 633499 12 0
85.59 34 WP_MOVED 1 506292.5 3566296.25 800.
85.59 34 GYRO_RATES -48 -21 0 0.418879 -0.18326 0.
85.59 34 ESTIMATOR 0. 0. 0. 0. 0.
85.59 34 BAT 172 122 0 0 665 0 10
85.68 34 NAVIGATION 0 1 0 0 38 0. 6571.9
85.68 34 ATTITUDE 13 0 -35
85.68 34 CALIBRATION 0. 0.023 0.067 0
85.68 34 GPS 0 50624961 356621065 0 80355 0 0 633751 12 0
85.68 34 SERVO 9600 -9600 173
85.79 34 DESIRED 0. 0. 0. 0. 770. 0.
85.79 34 IR_DEBUG 556 443 556 443
85.79 34 NAVIGATION 0 1 0 0 38 0. 6571.9
