20.84 44 NAVIGATION 0 0 0 0 286 0. 570986.7
20.91 44 WP_MOVED 2 358071. 4822161. 0.
21.08 44 COMMANDS 72,1576,329,-596
21.08 44 NAVIGATION 0 0 0 0 286 0. 570986.7
21.08 44 ATTITUDE 0 0 0
21.08 44 GYRO_RATES 0 0 0 -0. 0. -0.
21.09 44 FBW_STATUS 0 0 121
21.24 44 ESTIMATOR 701.066528 0.191619 106.650002 19.161896 125.730148
21.31 44 ACTUATORS 1401,1436,0,1206,1470
21.31 44 NAVIGATION 0 0 0 0 286 0. 570986.7
21.39 44 WP_MOVED 0 358113. 4822203. 702.
21.47 44 DOWNLINK_STATUS 20 2988 200 0 163. 11.
21.54 44 DESIRED 0. -0. 0. 0. 700.015 -0.315
21.55 44 NAVIGATION 0 0 0 0 286 0. 570986.7
21.55 44 ATTITUDE 0 0 0
21.55 44 PPRZ_MODE 0 3 0 0 0 1 0
21.63 44 ESTIMATOR 702.47052 -1.087155 247.050003 -108.715477 135.180145
21.78 44 DL_VALUE 40 0.1
21.79 44 NAVIGATION 0 0 0 0 286 0. 570986.7
21.86 44 WP_MOVED 1 358824.90625 4822110. 702.
21.94 44 COMMANDS 73,1576,331,-596
21.94 44 NAVIGATION 0 0 0 0 286 0. 570986.7
21.96 44 ATTITUDE 0 0 0
21.96 44 GYRO_RATES 0 0 0 -0. 0. -0.
21.96 44 FBW_STATUS 0 0 121
22.11 44 ESTIMATOR 701.080017 2.498877 108. 249.887695 200.790131
22.26 44 BAT 73 121 0 0 1855 1855 10
22.33 44 CALIBRATION -1.182 0.037 0.5 0
22.33 44 NAVIGATION 0 0 0 0 286 0. 570986.7
22.41 44 WP_MOVED 2 358071. 4822161. 0.
22.48 44 SERVO -41 48 73
22.57 44 DESIRED 0. -0. 0. 0. 700.015 -0.319
22.57 44 NAVIGATION 0 0 0 0 286 0. 570986.7
22.58 44 ATTITUDE 0 0 0
22.65 44 ESTIMATOR 701.080017 -0.510327 108. -51.0327 200.790131
22.80 44 DL_VALUE 41 0.
22.88 44 DOWNLINK_STATUS 22 3346 224 0 358. 24.
22.88 44 NAVIGATION 0 0 0 0 286 0. 570986.7
22.96 44 WP_MOVED 0 358113. 4822203. 702.
23.12 44 COMMANDS 73,1576,332,-594
23.13 44 NAVIGATION 0 0 0 0 286 0. 570986.7
23.13 44 ATTITUDE 0 0 0
23.13 44 GYRO_RATES 0 0 0 -0. 0. -0.
23.14 44 FBW_STATUS 0 0 121
23.28 44 ESTIMATOR 701.052979 -0.604773 105.300003 -60.477303 116.280113
23.29 44 NAVIGATION 0 0 0 0 286 0. 570986.7
23.36 44 WP_MOVED 1 358824.90625 4822110. 702.
23.45 44 DESIRED 0. -0. 0. 0. 700.015 -0.307
23.45 44 NAVIGATION 0 0 0 0 286 0. 570986.7
23.46 44 ATTITUDE 0 0 0
23.53 44 ESTIMATOR 701.080017 -0.012555 108. -1.255507 106.200111
23.61 44 DL_VALUE 42 0.5
23.61 44 NAVIGATION 0 0 0 0 286 0. 570986.7
23.69 44 WP_MOVED 2 358071. 4822161. 0.
23.84 44 COMMANDS 73,1576,331,-594
23.84 44 NAVIGATION 0 0 0 0 286 0. 570986.7
23.84 44 ATTITUDE 0 0 0
23.92 44 GYRO_RATES 0 0 -1 -0. 0. 0.008727
23.92 44 FBW_STATUS 0 0 121
23.99 44 DOWNLINK_STATUS 23 3672 246 0 326. 22.
24.14 44 ESTIMATOR 701.093506 0.008613 109.349998 0.86132 106.020111
24.34 44 BAT 72 121 0 0 1857 1857 10
24.34 44 CALIBRATION -1.175 0.037 0.5 0
24.34 44 NAVIGATION 0 0 0 0 286 0. 570986.7
24.34 44 WP_MOVED 0 358113. 4822203. 702.
24.34 44 SERVO -41 48 73
24.56 44 DESIRED 0. -0. 0. 0. 700.015 -0.315
24.56 44 NAVIGATION 0 0 0 0 286 0. 570986.7
24.56 44 ATTITUDE 0 0 0
24.64 44 ESTIMATOR 701.066528 0.050139 106.650002 5.013905 106.200111
24.72 44 DL_VALUE 43 1.
24.76 44 NAVIGATION 0 0 0 0 286 0. 570986.7
24.87 44 WP_MOVED 1 358824.90625 4822110. 702.
24.95 44 COMMANDS 73,1575,331,-594
24.95 44 NAVIGATION 0 0 0 0 286 0. 570986.7
24.96 44 ATTITUDE 0 0 0
25.03 44 GYRO_RATES 0 0 0 -0. 0. -0.
25.04 44 FBW_STATUS 0 0 121
25.20 44 ESTIMATOR 701.052979 0.034776 105.300003 3.477583 105.930107
25.30 44 NAVIGATION 0 0 0 0 286 0. 570986.7
25.38 44 WP_MOVED 2 358071. 4822161. 0.
25.46 44 DOWNLINK_STATUS 24 3995 267 0 323. 21.
25.55 44 DESIRED 0. -0. 0. 0. 700.015 -0.222
25.55 44 NAVIGATION 0 0 0 0 286 0. 570986.7
25.56 44 ATTITUDE 0 0 0
25.64 44 ESTIMATOR 700.715515 -0.350919 71.550003 -35.0919 89.820114
25.73 44 DL_VALUE 44 0.
25.78 44 NAVIGATION 0 0 0 0 286 0. 570986.7
25.90 44 WP_MOVED 0 358113. 4822203. 702.
25.97 44 COMMANDS 72,1575,329,-594
25.98 44 NAVIGATION 0 0 0 0 286 0. 570986.7
25.98 44 ATTITUDE 0 0 0
25.98 44 GYRO_RATES 0 0 0 -0. 0. -0.
25.98 44 FBW_STATUS 0 0 121
26.07 44 ESTIMATOR 700.755981 -0.148635 75.599998 -14.863501 75.330116
26.29 44 BAT 72 121 0 0 1859 1859 10
26.30 44 ACTUATORS 1401,1436,0,1206,1470
26.37 44 CALIBRATION -1.132 0.037 0.5 0
26.37 44 NAVIGATION 0 0 0 0 286 0. 570986.7
26.46 44 WP_MOVED 1 358824.90625 4822110. 702.
26.47 44 SERVO -41 48 73
26.57 44 DESIRED 0. -0. 0. 0. 700.015 -0.214
26.57 44 NAVIGATION 0 0 0 0 286 0. 570986.7
26.57 44 ATTITUDE 0 0 0
26.57 44 PPRZ_MODE 0 3 0 0 0 1 0
26.66 44 ESTIMATOR 700.755981 0.010638 75.599998 1.063826 72.900116
26.74 44 DOWNLINK_STATUS 25 4359 291 0 364. 24.
26.90 44 DL_VALUE 0 700.015198
26.90 44 NAVIGATION 0 0 0 0 286 0. 570986.7
26.98 44 WP_MOVED 2 358071. 4822161. 0.
26.99 44 NAVIGATION_REF 358071 4822161 31
27.07 44 COMMANDS 73,1576,332,-596
27.07 44 NAVIGATION 0 0 0 0 286 0. 570986.7
27.07 44 ATTITUDE 0 0 0
27.07 44 GYRO_RATES 0 0 0 -0. 0. -0.
27.09 44 FBW_STATUS 0 0 121
27.32 44 ESTIMATOR 700.796509 0.053001 79.650002 5.300105 77.220123
27.33 44 NAVIGATION 0 0 0 0 286 0. 570986.7
27.41 44 WP_MOVED 0 358113. 4822203. 702.
27.49 44 DESIRED 0. -0. 0. 0. 700.015 -0.226
27.49 44 NAVIGATION 0 0 0 0 286 0. 570986.7
27.49 44 ATTITUDE 0 0 0
27.58 44 ESTIMATOR 700.78302 -0.049194 78.300003 -4.919388 77.31012
27.66 44 DL_VALUE 1 1.
27.67 44 NAVIGATION 0 0 0 0 286 0. 570986.7
27.77 44 WP_MOVED 1 358824.90625 4822110. 702.
27.94 44 COMMANDS 72,1576,331,-594
27.94 44 NAVIGATION 0 0 0 0 286 0. 570986.7
27.95 44 ATTITUDE 0 0 0
27.95 44 GYRO_RATES 0 0 0 -0. 0. -0.
27.95 44 FBW_STATUS 0 0 121
28.03 44 DOWNLINK_STATUS 27 4703 315 0 344. 24.
28.13 44 ESTIMATOR 700.809998 0.017361 81. 1.736097 77.850128
28.36 44 BAT 72 121 0 0 1861 1861 10
28.43 44 CALIBRATION -0.871 0.037 0.5 0
28.44 44 NAVIGATION 0 0 0 0 286 0. 570986.7
28.56 44 WP_MOVED 2 358071. 4822161. 0.
28.56 44 SERVO -41 48 73
28.63 44 DESIRED 0. -0. 0. 0. 700.015 -0.218
28.64 44 NAVIGATION 0 0 0 0 286 0. 570986.7
28.64 44 ATTITUDE 0 0 0
28.72 44 ESTIMATOR 700.809998 -0.018333 81. -1.833305 78.120125
28.79 44 DL_VALUE 2 0.
28.80 44 NAVIGATION 0 0 0 0 286 0. 570986.7
28.95 44 WP_MOVED 0 358113. 4822203. 702.
29.09 44 COMMANDS 73,1575,331,-596
29.09 44 NAVIGATION 0 0 0 0 286 0. 570986.7
29.09 44 ATTITUDE 0 0 0
29.09 44 GYRO_RATES 0 0 0 -0. 0. -0.
29.10 44 FBW_STATUS 0 0 121
29.18 44 ESTIMATOR 700.78302 0.00297 78.300003 0.297003 78.120132
29.33 44 NAVIGATION 0 0 0 0 286 0. 570986.7
29.41 44 WP_MOVED 1 358824.90625 4822110. 702.
29.48 44 DOWNLINK_STATUS 28 5026 336 0 323. 21.
29.56 44 DESIRED 0. -0. 0. 0. 700.015 -0.222
29.56 44 NAVIGATION 0 0 0 0 286 0. 570986.7
29.56 44 ATTITUDE 0 0 0
29.66 44 ESTIMATOR 700.78302 -0.018279 78.300003 -1.827919 77.310143
29.73 44 DL_VALUE 3 0.
29.79 44 NAVIGATION 0 0 0 0 286 0. 570986.7
29.81 44 WP_MOVED 2 358071. 4822161. 0.
29.99 44 COMMANDS 72,1576,331,-596
29.99 44 NAVIGATION 0 0 0 0 286 0. 570986.7
30.00 44 ATTITUDE 0 0 0
30.00 44 GYRO_RATES 0 0 0 -0. 0. -0.
30.00 44 FBW_STATUS 0 0 121
30.10 44 ESTIMATOR 700.809998 -0.016362 81. -1.636205 78.390137
30.35 44 BAT 73 121 0 0 1863 1863 10
30.43 44 CALIBRATION -0.754 0.037 0.5 0
30.43 44 NAVIGATION 0 0 0 0 286 0. 570986.7
30.52 44 WP_MOVED 0 358113. 4822203. 702.
30.52 44 SERVO -41 48 73
30.55 44 DESIRED 0. -0. 0. 0. 700.015 -0.226
30.55 44 NAVIGATION 0 0 0 0 286 0. 570986.7
30.55 44 ATTITUDE 0 0 0
30.55 44 ESTIMATOR 700.78302 0.016389 78.300003 1.638899 78.210136
30.55 44 DL_VALUE 4 0.
30.55 44 DOWNLINK_STATUS 29 5375 359 0 349. 23.
30.55 44 NAVIGATION 0 0 0 0 286 0. 570986.7
30.56 44 WP_MOVED 1 358824.90625 4822110. 702.
30.56 44 COMMANDS 72,1576,331,-594
30.56 44 NAVIGATION 0 0 0 0 286 0. 570986.7
30.56 44 ATTITUDE 0 0 0
30.56 44 GYRO_RATES 0 0 0 -0. 0. -0.
30.56 44 FBW_STATUS 0 0 121
30.58 44 ESTIMATOR 700.76947 -0.050085 76.950005 -5.0085 77.760132
30.58 44 ACTUATORS 1401,1436,0,1206,1469
30.59 44 NAVIGATION 0 0 0 0 286 0. 570986.7
30.59 44 WP_MOVED 2 358071. 4822161. 0.
30.59 44 DESIRED 0. -0. 0. 0. 700.015 -0.23
30.59 44 NAVIGATION 0 0 0 0 286 0. 570986.7
30.59 44 ATTITUDE 0 0 0
30.59 44 PPRZ_MODE 0 3 0 0 0 1 0
30.60 44 ESTIMATOR 700.755981 0.071361 75.599998 7.136097 77.760139
30.60 44 DL_VALUE 5 0.
30.60 44 NAVIGATION 0 0 0 0 286 0. 570986.7
30.60 44 WP_MOVED 0 358113. 4822203. 702.
30.60 44 COMMANDS 72,1576,331,-596
30.60 44 NAVIGATION 0 0 0 0 286 0. 570986.7
30.60 44 ATTITUDE 0 0 0
30.61 44 GYRO_RATES 0 0 0 -0. 0. -0.
30.61 44 FBW_STATUS 0 0 121
30.61 44 ESTIMATOR 700.78302 0.007695 78.300003 0.769498 78.210129
30.61 44 BAT 73 121 0 0 1865 1865 10
30.61 44 CALIBRATION -0.757 0.037 0.5 0
30.61 44 NAVIGATION 0 0 0 0 286 0. 570986.7
30.63 44 WP_MOVED 1 358824.90625 4822110. 702.
30.63 44 SERVO -41 48 72
30.63 44 DESIRED 0. -0. 0. 0. 700.015 -0.234
30.64 44 NAVIGATION 0 0 0 0 286 0. 570986.7
30.64 44 ATTITUDE 0 0 0
30.64 44 ESTIMATOR 700.76947 -0.008667 76.950005 -0.866704 78.480133
30.64 44 DL_VALUE 6 0.
30.64 44 NAVIGATION 0 0 0 0 286 0. 570986.7
30.64 44 WP_MOVED 2 358071. 4822161. 0.
30.65 44 COMMANDS 72,1578,331,-596
30.65 44 NAVIGATION 0 0 0 0 286 0. 570986.7
30.65 44 ATTITUDE 0 0 0
30.65 44 GYRO_RATES 0 0 0 -0. 0. -0.
30.65 44 FBW_STATUS 0 0 121
30.65 44 ESTIMATOR 700.809998 -0.022167 81. -2.216711 77.670135
30.65 44 NAVIGATION 0 0 0 0 286 0. 570986.7
30.66 44 WP_MOVED 0 358113. 4822203. 702.
30.98 44 DESIRED 0. -0. 0. 0. 700.015 -0.23
30.99 44 NAVIGATION 0 0 0 0 286 0. 570986.7
30.99 44 ATTITUDE 0 0 0
31.06 44 ESTIMATOR 700.78302 -0.048222 78.300003 -4.822204 77.130142
31.14 44 DL_VALUE 7 0.
31.14 44 NAVIGATION 0 0 0 0 286 0. 570986.7
31.14 44 WP_MOVED 1 358824.90625 4822110. 702.
31.39 44 COMMANDS 73,1575,331,-596
31.39 44 NAVIGATION 0 0 0 0 286 0. 570986.7
31.44 44 ATTITUDE 0 0 0
31.45 44 GYRO_RATES 0 0 0 -0. 0. -0.
31.45 44 FBW_STATUS 0 0 121
31.53 44 ESTIMATOR 700.78302 -0.00189 78.300003 -0.189006 76.860146
31.60 44 BAT 72 121 0 0 1866 1866 10
31.67 44 CALIBRATION -0.763 0.037 0.5 0
31.68 44 NAVIGATION 0 0 0 0 286 0. 570986.7
31.76 44 WP_MOVED 2 358071. 4822161. 0.
31.76 44 SERVO -41 48 73
31.77 44 DESIRED 0. -0. 0. 0. 700.015 -0.23
31.77 44 NAVIGATION 0 0 0 0 286 0. 570986.7
31.77 44 ATTITUDE 0 0 0
31.84 44 ESTIMATOR 700.78302 0.037692 78.300003 3.769193 77.850136
32.06 44 DL_VALUE 8 0.
32.14 44 DOWNLINK_STATUS 31 6395 427 0 1020. 68.
32.14 44 NAVIGATION 0 0 0 0 286 0. 570986.7
32.38 44 WP_MOVED 0 358113. 4822203. 702.
32.46 44 COMMANDS 73,1575,331,-594
32.46 44 NAVIGATION 0 0 0 0 286 0. 570986.7
32.46 44 ATTITUDE 0 0 0
32.47 44 GYRO_RATES 0 0 0 -0. 0. -0.
32.47 44 FBW_STATUS 0 0 121
32.55 44 ESTIMATOR 700.850525 -0.027945 85.050003 -2.794504 79.650124
32.55 44 NAVIGATION 0 0 0 0 286 0. 570986.7
32.71 44 WP_MOVED 1 358824.90625 4822110. 702.
32.71 44 DESIRED 0. -0. 0. 0. 700.015 -0.23
32.71 44 NAVIGATION 0 0 0 0 286 0. 570986.7
32.71 44 ATTITUDE 0 0 0
32.72 44 ESTIMATOR 700.823486 0.070578 82.349998 7.0578 80.640121
32.80 44 DL_VALUE 9 469.210999
32.85 44 NAVIGATION 0 0 0 0 286 0. 570986.7
32.85 44 WP_MOVED 2 358071. 4822161. 0.
32.85 44 NAVIGATION_REF 358071 4822161 31
32.98 44 COMMANDS 73,1576,332,-594
32.98 44 NAVIGATION 0 0 0 0 286 0. 570986.7
32.98 44 ATTITUDE 0 0 0
32.99 44 GYRO_RATES 0 0 0 -0. 0. -0.
33.06 44 DOWNLINK_STATUS 32 6727 449 0 332. 22.
33.06 44 FBW_STATUS 0 0 121
33.16 44 ESTIMATOR 700.823486 0.009747 82.349998 0.974705 82.800133
33.31 44 BAT 72 121 0 0 1868 1868 10
33.38 44 ACTUATORS 1401,1436,0,1206,1470
33.45 44 CALIBRATION -0.775 0.037 0.5 0
33.45 44 NAVIGATION 0 0 0 0 286 0. 570986.7
33.53 44 WP_MOVED 0 358113. 4822203. 702.
33.53 44 SERVO -41 48 73
33.61 44 DESIRED 0. -0. 0. 0. 700.015 -0.243
33.61 44 NAVIGATION 0 0 0 0 286 0. 570986.7
33.61 44 ATTITUDE 0 0 0
33.62 44 PPRZ_MODE 0 3 0 0 0 1 0
33.71 44 ESTIMATOR 700.76947 -0.025758 76.950005 -2.575803 83.070137
33.79 44 DL_VALUE 10 478.536987
33.79 44 NAVIGATION 0 0 0 0 286 0. 570986.7
33.87 44 WP_MOVED 1 358824.90625 4822110. 702.
34.02 44 COMMANDS 73,1575,355,-521
34.02 44 NAVIGATION 0 0 0 0 286 0. 570986.7
34.02 44 ATTITUDE 0 0 0
34.10 44 GYRO_RATES 0 1 0 -0. 0.008727 -0.
34.10 44 FBW_STATUS 0 0 121
34.18 44 ESTIMATOR 700.850525 0.004725 85.050003 0.472503 81.18013
34.18 44 NAVIGATION 0 0 0 0 286 0. 570986.7
34.41 44 WP_MOVED 2 358071. 4822161. 0.
34.48 44 DESIRED 0. -0. 0. 0. 700.015 -0.23
34.49 44 NAVIGATION 0 0 0 0 286 0. 570986.7
34.49 44 ATTITUDE 0 0 0
34.59 44 ESTIMATOR 700.836975 -0.006696 83.700005 -0.669599 82.170135
34.66 44 DL_VALUE 11 417.713989
34.67 44 NAVIGATION 0 0 0 0 286 0. 570986.7
34.74 44 WP_MOVED 0 358113. 4822203. 702.
34.82 44 DOWNLINK_STATUS 33 7191 480 0 464. 31.
34.90 44 COMMANDS 73,1576,354,-571
34.90 44 NAVIGATION 0 0 0 0 286 0. 570986.7
34.90 44 ATTITUDE 0 0 0
35.05 44 GYRO_RATES 0 0 0 -0. 0. -0.
35.05 44 FBW_STATUS 0 0 121
35.13 44 ESTIMATOR 700.836975 0.193131 83.700005 19.313091 86.850136
35.20 44 BAT 72 121 0 0 1870 1870 10
35.44 44 CALIBRATION -0.784 0.037 0.5 0
35.44 44 NAVIGATION 0 0 0 0 286 0. 570986.7
35.52 44 WP_MOVED 1 358824.90625 4822110. 702.
35.60 44 SERVO -41 48 72
35.69 44 DESIRED 0. -0. 0. 0. 700.015 -0.247
35.70 44 NAVIGATION 0 0 0 0 286 0. 570986.7
35.70 44 ATTITUDE 0 0 0
35.78 44 ESTIMATOR 700.809998 -0.052029 81. -5.202909 87.300133
35.86 44 DL_VALUE 12 1.35
35.86 44 NAVIGATION 0 0 0 0 286 0. 570986.7
35.94 44 WP_MOVED 2 358071. 4822161. 0.
36.09 44 COMMANDS 72,1576,354,-519
36.09 44 NAVIGATION 0 0 0 0 286 0. 570986.7
36.09 44 ATTITUDE 0 0 0
36.11 44 GYRO_RATES 0 0 0 -0. 0. -0.
36.11 44 FBW_STATUS 0 0 121
36.19 44 DOWNLINK_STATUS 35 7521 503 0 330. 23.
36.27 44 ESTIMATOR 700.836975 -0.022167 83.700005 -2.216697 82.620132
36.27 44 NAVIGATION 0 0 0 0 286 0. 570986.7
36.50 44 WP_MOVED 0 358113. 4822203. 702.
36.58 44 DESIRED 0. -0. 0. 0. 700.015 -0.234
36.58 44 NAVIGATION 0 0 0 0 286 0. 570986.7
36.58 44 ATTITUDE 0 0 0
36.66 44 ESTIMATOR 700.864014 -0.020277 86.400002 -2.027693 82.980133
36.73 44 DL_VALUE 13 0.
36.74 44 NAVIGATION 0 0 0 0 286 0. 570986.7
36.82 44 WP_MOVED 1 358824.90625 4822110. 702.
36.91 44 COMMANDS 73,1578,355,-521
36.91 44 NAVIGATION 0 0 0 0 286 0. 570986.7
36.91 44 ATTITUDE 0 0 0
36.92 44 GYRO_RATES 0 0 0 -0. 0. -0.
36.92 44 FBW_STATUS 0 0 121
37.07 44 ESTIMATOR 700.823486 1.623834 82.349998 162.383423 104.490135
37.14 44 BAT 73 121 0 0 1872 1872 10
37.23 44 CALIBRATION -0.804 0.037 0.5 0
37.23 44 NAVIGATION 0 0 0 0 286 0. 570986.7
37.31 44 WP_MOVED 2 358071. 4822161. 0.
37.52 44 SERVO -41 48 73
37.60 44 DOWNLINK_STATUS 36 7844 524 0 323. 21.
37.69 44 DESIRED 0. -0. 0. 0. 700.015 -0.243
37.69 44 NAVIGATION 0 0 0 0 286 0. 570986.7
37.70 44 ATTITUDE 0 0 0
37.78 44 ESTIMATOR 700.836975 0.004779 83.700005 0.477896 104.670135
37.87 44 DL_VALUE 14 0.
37.92 44 NAVIGATION 0 0 0 0 286 0. 570986.7
37.96 44 WP_MOVED 0 358113. 4822203. 702.
38.11 44 COMMANDS 73,1576,355,-521
38.11 44 NAVIGATION 0 0 0 0 286 0. 570986.7
38.12 44 ATTITUDE 0 0 0
38.12 44 GYRO_RATES 0 0 0 -0. 0. -0.
38.12 44 FBW_STATUS 0 0 121
38.20 44 ESTIMATOR 700.836975 0.009639 83.700005 0.963912 82.980141
38.27 44 ACTUATORS 1400,1437,0,1206,1473
38.28 44 NAVIGATION 0 0 0 0 286 0. 570986.7
38.36 44 WP_MOVED 1 358824.90625 4822110. 702.
38.59 44 DESIRED 0. -0. 0. 0. 700.015 -0.247
38.59 44 NAVIGATION 0 0 0 0 286 0. 570986.7
38.60 44 ATTITUDE 0 0 0
38.60 44 PPRZ_MODE 0 3 0 0 0 1 0
38.68 44 ESTIMATOR 700.823486 -0.02511 82.349998 -2.510991 83.070145
