5.01 21 FBW_STATUS 0 0 0
5.07 21 ESTIMATOR 700. 0. 0. 0. 0.
5.11 21 BAT 0 120 0 0 0 0 0
5.11 21 FBW_STATUS 2 1 120
5.16 21 ESTIMATOR 706.979492 -0.005752 697.950012 -0.575218 698.400208
5.18 21 BAT 0 120 0 0 2 2 0
5.20 21 CALIBRATION -2.793 0.037 0.5 2
5.24 21 NAVIGATION 0 0 0 0 286 0. 570986.7
5.27 21 WP_MOVED 2 358071. 4822161. 0.
5.29 21 SERVO 9600 -9600 0
5.40 21 DESIRED 0. 0. 0. 0. 700. -2.
5.46 21 NAVIGATION 0 0 0 0 286 0. 570986.7
5.47 21 ATTITUDE 0 0 0
5.57 21 ESTIMATOR 706.992981 -0.000973 699.299988 -0.097313 698.400208
5.63 21 DL_VALUE 2 0.
5.69 21 NAVIGATION 0 0 0 0 286 0. 570986.7
5.74 21 WP_MOVED 0 358113. 4822203. 702.
5.80 21 DOWNLINK_STATUS 5 265 19 0 265. 19.
5.91 21 COMMANDS 0,-9600,9600,-9600,0
5.95 21 NAVIGATION 0 0 0 0 286 0. 570986.7
5.97 21 ATTITUDE 0 0 0
6.00 21 GYRO_RATES -153 -178 -148 1.335177 -1.553343 1.291544
6.01 21 FBW_STATUS 2 1 120
6.05 21 ESTIMATOR 706.979492 0.011557 697.950012 1.155663 698.850159
6.16 21 NAVIGATION 0 0 0 0 286 0. 570986.7
6.21 21 WP_MOVED 1 358824.90625 4822110. 702.
6.33 21 DESIRED 0. 0. 0. 0. 700. -2.
6.40 21 NAVIGATION 0 0 0 0 286 0. 570986.7
6.41 21 ATTITUDE 0 0 0
6.51 21 ESTIMATOR 706.992981 -0.004833 699.299988 -0.483284 698.940125
6.57 21 DL_VALUE 3 0.
6.63 21 NAVIGATION 0 0 0 0 286 0. 570986.7
6.68 21 WP_MOVED 2 358071. 4822161. 0.
6.81 21 DOWNLINK_STATUS 6 498 34 0 233. 15.
6.85 21 COMMANDS 0,-9600,9600,-9600,0
6.88 21 NAVIGATION 0 0 0 0 286 0. 570986.7
6.90 21 ATTITUDE 0 0 0
6.94 21 GYRO_RATES -163 -189 -159 1.422443 -1.649336 1.387537
6.95 21 FBW_STATUS 2 1 120
6.98 21 ESTIMATOR 706.979492 0.006751 697.950012 0.675087 698.760071
7.01 21 BAT 0 120 0 0 4 4 0
7.06 21 CALIBRATION -5.588 0.037 0.5 2
7.10 21 NAVIGATION 0 0 0 0 286 0. 570986.7
7.15 21 WP_MOVED 0 358113. 4822203. 702.
7.17 21 SERVO 9600 -9600 0
7.27 21 DESIRED 0. 0. 0. 0. 700. -2.
7.33 21 NAVIGATION 0 0 0 0 286 0. 570986.7
7.35 21 ATTITUDE 0 0 0
7.45 21 ESTIMATOR 706.992981 0.008666 699.299988 0.866585 698.850037
7.50 21 DL_VALUE 4 2.
7.56 21 NAVIGATION 0 0 0 0 286 0. 570986.7
7.62 21 WP_MOVED 1 358824.90625 4822110. 702.
7.79 21 COMMANDS 0,-9600,9600,-9600,0
7.81 21 DOWNLINK_STATUS 7 781 53 0 283. 19.
7.82 21 NAVIGATION 0 0 0 0 286 0. 570986.7
7.86 21 ATTITUDE 0 0 0
7.88 21 GYRO_RATES -168 -194 -163 1.466077 -1.692969 1.422443
7.89 21 FBW_STATUS 2 1 120
7.92 21 ESTIMATOR 707.00647 -0.018332 700.650024 -1.833153 698.850098
7.98 21 ACTUATORS 1500,1500,0,1200,1000,2000
8.03 21 NAVIGATION 0 0 0 0 286 0. 570986.7
8.09 21 WP_MOVED 2 358071. 4822161. 0.
8.21 21 DESIRED 0. 0. 0. 0. 700. -2.
8.27 21 NAVIGATION 0 0 0 0 286 0. 570986.7
8.28 21 ATTITUDE 0 0 0
8.30 21 PPRZ_MODE 2 3 1 0 0 6 0
8.38 21 ESTIMATOR 706.992981 0.008693 699.299988 0.869331 699.120056
8.44 21 DL_VALUE 5 0.
8.50 21 NAVIGATION 0 0 0 0 286 0. 570986.7
8.56 21 WP_MOVED 0 358113. 4822203. 702.
8.72 21 COMMANDS 0,-9600,9600,-9600,0
8.76 21 NAVIGATION 0 0 0 0 286 0. 570986.7
8.78 21 ATTITUDE 0 0 0
8.81 21 DOWNLINK_STATUS 8 1064 72 0 283. 19.
8.81 21 GYRO_RATES -158 -184 -154 1.37881 -1.605703 1.343904
8.82 21 FBW_STATUS 2 1 120
8.86 21 ESTIMATOR 706.979492 -0.010611 697.950012 -1.061134 698.670105
8.88 21 BAT 0 120 0 0 6 6 0
8.94 21 CALIBRATION -6.985 0.037 0.5 2
8.97 21 NAVIGATION 0 0 0 0 286 0. 570986.7
9.03 21 WP_MOVED 1 358824.90625 4822110. 702.
9.07 21 SERVO 9600 -9600 0
9.14 21 DESIRED 0. 0. 0. 0. 700. -2.
9.21 21 NAVIGATION 0 0 0 0 286 0. 570986.7
9.22 21 ATTITUDE 0 0 0
9.32 21 ESTIMATOR 706.992981 -0.001918 699.299988 -0.191841 698.490173
9.38 21 DL_VALUE 6 0.
9.44 21 NAVIGATION 0 0 0 0 286 0. 570986.7
9.49 21 WP_MOVED 2 358071. 4822161. 0.
9.66 21 COMMANDS 0,-9600,9600,-9600,0
9.71 21 NAVIGATION 0 0 0 0 286 0. 570986.7
9.71 21 ATTITUDE 0 0 0
9.75 21 GYRO_RATES -153 -179 -148 1.335177 -1.56207 1.291544
9.76 21 FBW_STATUS 2 1 120
9.80 21 ESTIMATOR 706.979492 -0.00289 697.950012 -0.288963 698.670105
9.81 21 DOWNLINK_STATUS 9 1381 93 0 317. 21.
9.91 21 NAVIGATION 0 0 0 0 286 0. 570986.7
9.96 21 WP_MOVED 0 358113. 4822203. 702.
10.08 21 DESIRED 0. 0. 0. 0. 700. -2.
10.14 21 NAVIGATION 0 0 0 0 286 0. 570986.7
10.16 21 ATTITUDE 0 0 0
10.26 21 ESTIMATOR 706.992981 -0.007722 699.299988 -0.772209 698.5802
10.33 21 DL_VALUE 7 0.
10.38 21 NAVIGATION 0 0 0 0 286 0. 570986.7
10.43 21 WP_MOVED 1 358824.90625 4822110. 702.
10.61 21 COMMANDS 0,-9600,9600,-9600,0
10.64 21 NAVIGATION 0 0 0 0 286 0. 570986.7
10.65 21 ATTITUDE 0 0 0
10.69 21 GYRO_RATES -164 -189 -160 1.43117 -1.649336 1.396263
10.70 21 FBW_STATUS 2 1 120
10.73 21 ESTIMATOR 706.979492 0.00197 697.950012 0.197029 698.490173
10.75 21 BAT 0 120 0 0 7 7 0
10.80 21 CALIBRATION -6.987 0.037 0.5 2
10.81 21 DOWNLINK_STATUS 10 1643 110 0 262. 17.
10.84 21 NAVIGATION 0 0 0 0 286 0. 570986.7
10.89 21 WP_MOVED 2 358071. 4822161. 0.
10.91 21 SERVO 9600 -9600 0
11.02 21 DESIRED 0. 0. 0. 0. 700. -2.
11.09 21 NAVIGATION 0 0 0 0 286 0. 570986.7
11.13 21 ATTITUDE 0 0 0
11.20 21 ESTIMATOR 706.992981 -0.01836 699.299988 -1.835976 698.400146
11.25 21 DL_VALUE 8 0.
11.32 21 NAVIGATION 0 0 0 0 286 0. 570986.7
11.37 21 WP_MOVED 0 358113. 4822203. 702.
11.54 21 COMMANDS 0,-9600,9600,-9600,0
11.60 21 NAVIGATION 0 0 0 0 286 0. 570986.7
11.63 21 ATTITUDE 0 0 0
11.63 21 GYRO_RATES -168 -194 -163 1.466077 -1.692969 1.422443
11.64 21 FBW_STATUS 2 1 120
11.67 21 ESTIMATOR 706.992981 0.008694 699.299988 0.869408 698.580078
11.78 21 NAVIGATION 0 0 0 0 286 0. 570986.7
11.81 21 DOWNLINK_STATUS 11 1902 127 0 259. 17.
11.83 21 WP_MOVED 1 358824.90625 4822110. 702.
11.96 21 DESIRED 0. 0. 0. 0. 700. -2.
12.02 21 NAVIGATION 0 0 0 0 286 0. 570986.7
12.03 21 ATTITUDE 0 0 0
12.14 21 ESTIMATOR 707.00647 -0.02025 700.650024 -2.024956 698.580139
12.19 21 DL_VALUE 9 466.
12.25 21 NAVIGATION 0 0 0 0 286 0. 570986.7
12.30 21 WP_MOVED 2 358071. 4822161. 0.
12.33 21 NAVIGATION_REF 358071 4822161 31
12.47 21 COMMANDS 0,-9600,9600,-9600,0
12.51 21 NAVIGATION 0 0 0 0 286 0. 570986.7
12.53 21 ATTITUDE 0 0 0
12.58 21 GYRO_RATES -157 -183 -151 1.370083 -1.596976 1.317724
12.61 21 FBW_STATUS 2 1 120
12.61 21 ESTIMATOR 706.992981 0.003861 699.299988 0.386086 698.580139
12.63 21 BAT 0 120 0 0 9 9 0
12.66 21 ACTUATORS 1500,1500,0,1200,1000,2000
12.70 21 CALIBRATION -6.986 0.037 0.5 2
12.72 21 NAVIGATION 0 0 0 0 286 0. 570986.7
12.77 21 WP_MOVED 0 358113. 4822203. 702.
12.79 21 SERVO 9600 -9600 0
12.81 21 DOWNLINK_STATUS 12 2213 148 0 311. 21.
12.90 21 DESIRED 0. 0. 0. 0. 700. -2.
12.96 21 NAVIGATION 0 0 0 0 286 0. 570986.7
12.97 21 ATTITUDE 0 0 0
12.99 21 PPRZ_MODE 2 3 1 0 0 6 0
13.08 21 ESTIMATOR 706.979492 0.008695 697.950012 0.869484 698.580139
13.13 21 DL_VALUE 10 492.
13.19 21 NAVIGATION 0 0 0 0 286 0. 570986.7
13.24 21 WP_MOVED 1 358824.90625 4822110. 702.
13.41 21 COMMANDS 0,-9600,9600,-9600,0
13.45 21 NAVIGATION 0 0 0 0 286 0. 570986.7
13.47 21 ATTITUDE 0 0 0
13.50 21 GYRO_RATES -153 -178 -148 1.335177 -1.553343 1.291544
13.51 21 FBW_STATUS 2 1 120
13.55 21 ESTIMATOR 706.992981 -0.009666 699.299988 -0.966606 698.670105
13.66 21 NAVIGATION 0 0 0 0 286 0. 570986.7
13.71 21 WP_MOVED 2 358071. 4822161. 0.
13.81 21 DOWNLINK_STATUS 13 2455 164 0 242. 16.
13.83 21 DESIRED 0. 0. 0. 0. 700. -2.
13.89 21 NAVIGATION 0 0 0 0 286 0. 570986.7
13.91 21 ATTITUDE 0 0 0
14.01 21 ESTIMATOR 706.992981 0.005832 699.299988 0.583153 698.580078
14.08 21 DL_VALUE 11 461.
14.13 21 NAVIGATION 0 0 0 0 286 0. 570986.7
14.18 21 WP_MOVED 0 358113. 4822203. 702.
14.35 21 COMMANDS 0,-9600,9600,-9600,0
14.38 21 NAVIGATION 0 0 0 0 286 0. 570986.7
14.40 21 ATTITUDE 0 0 0
14.44 21 GYRO_RATES -162 -188 -158 1.413717 -1.64061 1.37881
14.45 21 FBW_STATUS 2 1 120
14.48 21 ESTIMATOR 706.979492 -0.004833 697.950012 -0.483284 698.760132
14.51 21 BAT 0 120 0 0 11 11 0
14.55 21 CALIBRATION -6.988 0.037 0.5 2
14.60 21 NAVIGATION 0 0 0 0 286 0. 570986.7
14.65 21 WP_MOVED 1 358824.90625 4822110. 702.
14.67 21 SERVO 9600 -9600 0
14.77 21 DESIRED 0. 0. 0. 0. 700. -2.
14.81 21 DOWNLINK_STATUS 14 2751 183 0 296. 19.
14.83 21 NAVIGATION 0 0 0 0 286 0. 570986.7
14.85 21 ATTITUDE 0 0 0
14.95 21 ESTIMATOR 706.979492 0.016388 697.950012 1.638832 698.670105
15.00 21 DL_VALUE 12 1.35
15.08 21 NAVIGATION 0 0 0 0 286 0. 570986.7
15.12 21 WP_MOVED 2 358071. 4822161. 0.
15.29 21 COMMANDS 0,-9600,9600,-9600,0
15.32 21 NAVIGATION 0 0 0 0 286 0. 570986.7
15.34 21 ATTITUDE 0 0 0
15.38 21 GYRO_RATES -169 -195 -164 1.474803 -1.701696 1.43117
15.38 21 FBW_STATUS 2 1 120
15.42 21 ESTIMATOR 706.992981 -0.000972 699.299988 -0.09716 698.670166
15.53 21 NAVIGATION 0 0 0 0 286 0. 570986.7
15.59 21 WP_MOVED 0 358113. 4822203. 702.
15.71 21 DESIRED 0. 0. 0. 0. 700. -2.
15.77 21 NAVIGATION 0 0 0 0 286 0. 570986.7
15.78 21 ATTITUDE 0 0 0
15.82 21 DOWNLINK_STATUS 15 3010 200 0 259. 17.
15.88 21 ESTIMATOR 706.992981 -0.017361 699.299988 -1.736107 698.760132
15.94 21 DL_VALUE 13 0.
16.00 21 NAVIGATION 0 0 0 0 286 0. 570986.7
16.05 21 WP_MOVED 1 358824.90625 4822110. 702.
16.22 21 COMMANDS 0,-9600,9600,-9600,0
16.26 21 NAVIGATION 0 0 0 0 286 0. 570986.7
16.28 21 ATTITUDE 0 0 0
16.32 21 GYRO_RATES -160 -185 -155 1.396263 -1.61443 1.35263
16.33 21 FBW_STATUS 2 1 120
16.36 21 ESTIMATOR 706.979492 0.011556 697.950012 1.155586 698.490112
16.38 21 BAT 0 120 0 0 13 13 0
16.43 21 CALIBRATION -6.988 0.037 0.5 2
16.47 21 NAVIGATION 0 0 0 0 286 0. 570986.7
16.52 21 WP_MOVED 2 358071. 4822161. 0.
16.54 21 SERVO 9600 -9600 0
16.64 21 DESIRED 0. 0. 0. 0. 700. -2.
16.71 21 NAVIGATION 0 0 0 0 286 0. 570986.7
16.72 21 ATTITUDE 0 0 0
16.82 21 DOWNLINK_STATUS 16 3280 218 0 270. 18.
16.82 21 ESTIMATOR 706.992981 -0.009666 699.299988 -0.966606 698.670105
16.88 21 DL_VALUE 14 4.
16.94 21 NAVIGATION 0 0 0 0 286 0. 570986.7
17.00 21 WP_MOVED 0 358113. 4822203. 702.
17.16 21 COMMANDS 0,-9600,9600,-9600,0
17.19 21 NAVIGATION 0 0 0 0 286 0. 570986.7
17.21 21 ATTITUDE 0 0 0
17.25 21 GYRO_RATES -152 -177 -147 1.32645 -1.544616 1.282817
17.26 21 FBW_STATUS 2 1 120
17.30 21 ESTIMATOR 706.979492 0.003862 697.950012 0.386162 698.400146
17.35 21 ACTUATORS 1500,1500,0,1200,1000,2000
17.41 21 NAVIGATION 0 0 0 0 286 0. 570986.7
17.46 21 WP_MOVED 1 358824.90625 4822110. 702.
17.59 21 DESIRED 0. 0. 0. 0. 700. -2.
17.64 21 NAVIGATION 0 0 0 0 286 0. 570986.7
17.66 21 ATTITUDE 0 0 0
17.68 21 PPRZ_MODE 2 3 1 0 0 6 0
17.76 21 ESTIMATOR 706.992981 0.014418 699.299988 1.441841 698.760132
17.81 21 DL_VALUE 15 0.
17.82 21 DOWNLINK_STATUS 17 3566 237 0 286. 19.
17.87 21 NAVIGATION 0 0 0 0 286 0. 570986.7
17.93 21 WP_MOVED 2 358071. 4822161. 0.
18.11 21 COMMANDS 0,-9600,9600,-9600,0
18.14 21 NAVIGATION 0 0 0 0 286 0. 570986.7
18.15 21 ATTITUDE 0 0 0
18.19 21 GYRO_RATES -162 -187 -156 1.413717 -1.631883 1.361357
18.20 21 FBW_STATUS 2 1 120
18.23 21 ESTIMATOR 706.992981 0.005777 699.299988 0.577736 698.760132
18.25 21 BAT 0 120 0 0 15 15 0
18.30 21 CALIBRATION -6.987 0.037 0.5 2
18.34 21 NAVIGATION 0 0 0 0 286 0. 570986.7
18.39 21 WP_MOVED 0 358113. 4822203. 702.
18.41 21 SERVO 9600 -9600 0
18.52 21 DESIRED 0. 0. 0. 0. 700. -2.
18.59 21 NAVIGATION 0 0 0 0 286 0. 570986.7
18.63 21 ATTITUDE 0 0 0
18.70 21 ESTIMATOR 706.992981 -0.004807 699.299988 -0.48069 699.120056
18.75 21 DL_VALUE 16 0.75
18.82 21 NAVIGATION 0 0 0 0 286 0. 570986.7
18.83 21 DOWNLINK_STATUS 18 3854 256 0 288. 19.
18.87 21 WP_MOVED 1 358824.90625 4822110. 702.
19.03 21 COMMANDS 0,-9600,9600,-9600,0
19.08 21 NAVIGATION 0 0 0 0 286 0. 570986.7
19.12 21 ATTITUDE 0 0 0
19.12 21 GYRO_RATES -170 -196 -165 1.48353 -1.710423 1.439897
19.13 21 FBW_STATUS 2 1 120
19.17 21 ESTIMATOR 706.992981 -0.01539 699.299988 -1.538963 698.940063
19.28 21 NAVIGATION 0 0 0 0 286 0. 570986.7
19.33 21 WP_MOVED 2 358071. 4822161. 0.
19.46 21 DESIRED 0. 0. 0. 0. 700. -2.
19.52 21 NAVIGATION 0 0 0 0 286 0. 570986.7
19.53 21 ATTITUDE 0 0 0
19.64 21 ESTIMATOR 706.979492 0.004832 697.950012 0.483208 698.760071
19.69 21 DL_VALUE 17 25000.
19.75 21 NAVIGATION 0 0 0 0 286 0. 570986.7
19.80 21 WP_MOVED 0 358113. 4822203. 702.
19.82 21 DOWNLINK_STATUS 19 4102 272 0 248. 16.
19.97 21 COMMANDS 0,-9600,9600,-9600,0
20.01 21 NAVIGATION 0 0 0 0 286 0. 570986.7
20.03 21 ATTITUDE 0 0 0
20.06 21 GYRO_RATES -160 -186 -155 1.396263 -1.623156 1.35263
20.07 21 FBW_STATUS 2 1 120
20.11 21 ESTIMATOR 706.979492 -0.003862 697.950012 -0.386162 698.850037
20.15 21 BAT 0 120 0 0 17 17 0
20.18 21 CALIBRATION -6.986 0.037 0.5 2
20.22 21 NAVIGATION 0 0 0 0 286 0. 570986.7
20.27 21 WP_MOVED 1 358824.90625 4822110. 702.
20.29 21 SERVO 9600 -9600 0
20.40 21 DESIRED 0. 0. 0. 0. 700. -2.
20.45 21 NAVIGATION 0 0 0 0 286 0. 570986.7
20.47 21 ATTITUDE 0 0 0
20.59 21 ESTIMATOR 706.979492 0.003859 697.950012 0.385933 698.670044
20.63 21 DL_VALUE 18 25000.
20.69 21 NAVIGATION 0 0 0 0 286 0. 570986.7
20.74 21 WP_MOVED 2 358071. 4822161. 0.
20.76 21 NAVIGATION_REF 358071 4822161 31
20.82 21 DOWNLINK_STATUS 20 4383 291 0 281. 19.
20.91 21 COMMANDS 0,-9600,9600,-9600,0
20.95 21 NAVIGATION 0 0 0 0 286 0. 570986.7
20.97 21 ATTITUDE 0 0 0
21.00 21 GYRO_RATES -151 -176 -146 1.317724 -1.53589 1.27409
21.01 21 FBW_STATUS 2 1 120
21.04 21 ESTIMATOR 706.979492 -0.001918 697.950012 -0.191765 698.580078
21.15 21 NAVIGATION 0 0 0 0 286 0. 570986.7
21.21 21 WP_MOVED 0 358113. 4822203. 702.
21.33 21 DESIRED 0. 0. 0. 0. 700. -2.
21.39 21 NAVIGATION 0 0 0 0 286 0. 570986.7
21.41 21 ATTITUDE 0 0 0
21.51 21 ESTIMATOR 706.979492 0.009639 697.950012 0.963936 698.400208
21.57 21 DL_VALUE 19 0.75
21.63 21 NAVIGATION 0 0 0 0 286 0. 570986.7
21.68 21 WP_MOVED 1 358824.90625 4822110. 702.
21.82 21 DOWNLINK_STATUS 21 4616 306 0 233. 15.
21.85 21 COMMANDS 0,-9600,9600,-9600,0
21.88 21 NAVIGATION 0 0 0 0 286 0. 570986.7
21.90 21 ATTITUDE 0 0 0
21.93 21 GYRO_RATES -158 -183 -154 1.37881 -1.596976 1.343904
21.95 21 DL_VALUE 14 90.
21.96 21 FBW_STATUS 2 1 120
22.00 21 ESTIMATOR 706.992981 -0.012555 699.299988 -1.255531 698.310181
22.02 21 BAT 0 120 0 0 19 19 0
22.05 21 ACTUATORS 1500,1500,0,1200,1000,2000
22.08 21 CALIBRATION -6.985 0.037 0.5 2
22.13 21 NAVIGATION 0 0 0 0 286 0. 570986.7
22.15 21 WP_MOVED 2 358071. 4822161. 0.
22.17 21 SERVO 9600 -9600 0
22.27 21 DESIRED 0. 0. 0. 0. 700. -2.
22.33 21 NAVIGATION 0 0 0 0 286 0. 570986.7
22.35 21 ATTITUDE 0 0 0
22.37 21 PPRZ_MODE 2 3 1 0 0 6 0
22.45 21 ESTIMATOR 706.979492 0.020224 697.950012 2.022362 698.400208
22.50 21 DL_VALUE 20 13000.
22.56 21 NAVIGATION 0 0 0 0 286 0. 570986.7
22.62 21 WP_MOVED 0 358113. 4822203. 702.
22.79 21 COMMANDS 0,-9600,9600,-9600,0
22.82 21 NAVIGATION 0 0 0 0 286 0. 570986.7
22.82 21 DOWNLINK_STATUS 22 4948 329 0 332. 23.
22.84 21 ATTITUDE 0 0 0
22.87 21 GYRO_RATES -169 -194 -165 1.474803 -1.692969 1.439897
22.88 21 FBW_STATUS 2 1 120
22.92 21 ESTIMATOR 706.979492 -0.000946 697.950012 -0.094643 698.490173
23.03 21 NAVIGATION 0 0 0 0 286 0. 570986.7
23.09 21 WP_MOVED 1 358824.90625 4822110. 702.
23.20 21 DESIRED 0. 0. 0. 0. 700. -2.
23.27 21 NAVIGATION 0 0 0 0 286 0. 570986.7
23.28 21 ATTITUDE 0 0 0
23.38 21 ESTIMATOR 706.979492 0.003859 697.950012 0.385933 698.490112
23.44 21 DL_VALUE 21 13000.
23.50 21 NAVIGATION 0 0 0 0 286 0. 570986.7
23.55 21 WP_MOVED 2 358071. 4822161. 0.
23.72 21 COMMANDS 0,-9600,9600,-9600,0
23.76 21 NAVIGATION 0 0 0 0 286 0. 570986.7
23.78 21 ATTITUDE 0 0 0
23.81 21 GYRO_RATES -164 -189 -159 1.43117 -1.649336 1.387537
23.82 21 FBW_STATUS 2 1 120
23.82 21 DOWNLINK_STATUS 23 5214 347 0 266. 18.
23.85 21 ESTIMATOR 706.979492 0.011554 697.950012 1.155434 698.580078
23.88 21 BAT 0 120 0 0 21 21 0
23.93 21 CALIBRATION -6.983 0.037 0.5 2
23.97 21 NAVIGATION 0 0 0 0 286 0. 570986.7
24.02 21 WP_MOVED 0 358113. 4822203. 702.
24.04 21 SERVO 9600 -9600 0
24.14 21 DESIRED 0. 0. 0. 0. 700. -2.
24.20 21 NAVIGATION 0 0 0 0 286 0. 570986.7
24.22 21 ATTITUDE 0 0 0
24.33 21 ESTIMATOR 706.992981 -0.007721 699.299988 -0.772133 698.760071
24.38 21 DL_VALUE 22 0.75
24.44 21 NAVIGATION 0 0 0 0 286 0. 570986.7
24.49 21 WP_MOVED 1 358824.90625 4822110. 702.
24.66 21 COMMANDS 0,-9600,9600,-9600,0
24.69 21 NAVIGATION 0 0 0 0 286 0. 570986.7
24.71 21 ATTITUDE 0 0 0
24.75 21 GYRO_RATES -152 -178 -148 1.32645 -1.553343 1.291544
24.76 21 FBW_STATUS 2 1 120
24.79 21 ESTIMATOR 706.992981 0.002889 699.299988 0.288887 699.2099
24.82 21 DOWNLINK_STATUS 24 5506 366 0 292. 19.
24.91 21 NAVIGATION 0 0 0 0 286 0. 570986.7
24.96 21 WP_MOVED 2 358071. 4822161. 0.
25.08 21 DESIRED 0. 0. 0. 0. 700. -2.
25.15 21 ATTITUDE 0 0 0
25.25 21 ESTIMATOR 706.992981 -0.001942 699.299988 -0.194206 699.210022
25.27 21 DL_VALUE 14 90.
25.31 21 DL_VALUE 23 18000.
25.37 21 NAVIGATION 0 0 0 0 286 0. 570986.7
25.43 21 WP_MOVED 0 358113. 4822203. 702.
25.61 21 COMMANDS 0,-9600,9600,-9600,0
25.63 21 NAVIGATION 0 0 0 0 286 0. 570986.7
25.65 21 ATTITUDE 0 0 0
25.69 21 GYRO_RATES -155 -182 -151 1.35263 -1.58825 1.317724
25.70 21 FBW_STATUS 2 1 120
25.73 21 ESTIMATOR 706.979492 -0.006777 697.950012 -0.677681 698.850098
25.76 21 BAT 0 120 0 0 23 23 0
25.80 21 CALIBRATION -6.982 0.037 0.5 2
25.82 21 DL_VALUE 14 90.
25.82 21 DOWNLINK_STATUS 25 5764 384 0 258. 18.
25.85 21 NAVIGATION 0 0 0 0 286 0. 570986.7
25.89 21 WP_MOVED 1 358824.90625 4822110. 702.
25.92 21 SERVO 9600 -9600 0
26.02 21 DESIRED 0. 0. 0. 0. 700. -2.
26.08 21 NAVIGATION 0 0 0 0 286 0. 570986.7
26.11 21 ATTITUDE 0 0 0
26.19 21 ESTIMATOR 706.992981 -0.010611 699.299988 -1.061058 698.310242
26.25 21 DL_VALUE 24 18000.
26.31 21 NAVIGATION 0 0 0 0 286 0. 570986.7
26.36 21 WP_MOVED 2 358071. 4822161. 0.
26.47 21 DL_VALUE 14 90.
26.53 21 COMMANDS 0,-9600,9600,-9600,0
26.57 21 NAVIGATION 0 0 0 0 286 0. 570986.7
26.60 21 ATTITUDE 0 0 0
26.64 21 GYRO_RATES -169 -195 -165 1.474803 -1.701696 1.439897
26.68 21 FBW_STATUS 2 1 120
26.68 21 ESTIMATOR 706.979492 0.012556 697.950012 1.255608 698.670166
26.73 21 ACTUATORS 1500,1500,0,1200,1000,2000
26.79 21 NAVIGATION 0 0 0 0 286 0. 570986.7
26.80 21 DL_VALUE 14 90.
26.83 21 DOWNLINK_STATUS 26 6052 404 0 288. 20.
26.84 21 WP_MOVED 0 358113. 4822203. 702.
26.89 21 DL_VALUE 14 90.
26.95 21 DESIRED 0. 0. 0. 0. 700. -2.
27.01 21 NAVIGATION 0 0 0 0 286 0. 570986.7
27.04 21 ATTITUDE 0 0 0
27.05 21 PPRZ_MODE 2 3 1 0 0 6 0
27.08 21 DL_VALUE 14 90.
27.15 21 ESTIMATOR 706.979492 0.011556 697.950012 1.155586 698.5802
27.19 21 DL_VALUE 25 0.3
27.25 21 NAVIGATION 0 0 0 0 286 0. 570986.7
27.30 21 WP_MOVED 1 358824.90625 4822110. 702.
27.47 21 COMMANDS 0,-9600,9600,-9600,0
27.51 21 NAVIGATION 0 0 0 0 286 0. 570986.7
27.53 21 ATTITUDE 0 0 0
27.56 21 GYRO_RATES -163 -189 -159 1.422443 -1.649336 1.387537
27.57 21 FBW_STATUS 2 1 120
27.62 21 ESTIMATOR 706.992981 -0.004834 699.299988 -0.48336 698.760132
27.67 21 BAT 0 120 0 0 25 25 0
27.68 21 CALIBRATION -6.985 0.037 0.5 2
27.72 21 NAVIGATION 0 0 0 0 286 0. 570986.7
27.77 21 WP_MOVED 2 358071. 4822161. 0.
27.79 21 SERVO 9600 -9600 0
27.83 21 DOWNLINK_STATUS 27 6360 426 0 308. 22.
27.89 21 DESIRED 0. 0. 0. 0. 700. -2.
27.95 21 NAVIGATION 0 0 0 0 286 0. 570986.7
27.97 21 ATTITUDE 0 0 0
28.08 21 ESTIMATOR 706.979492 0.011583 697.950012 1.158333 698.760071
28.13 21 DL_VALUE 26 0.295363
28.19 21 NAVIGATION 0 0 0 0 286 0. 570986.7
28.24 21 WP_MOVED 0 358113. 4822203. 702.
28.41 21 COMMANDS 0,-9600,9600,-9600,0
28.45 21 NAVIGATION 0 0 0 0 286 0. 570986.7
28.46 21 ATTITUDE 0 0 0
28.50 21 GYRO_RATES -154 -180 -149 1.343904 -1.570796 1.30027
28.51 21 FBW_STATUS 2 1 120
28.54 21 ESTIMATOR 706.992981 -0.002916 699.299988 -0.291557 698.760132
28.68 21 NAVIGATION 0 0 0 0 286 0. 570986.7
28.71 21 WP_MOVED 1 358824.90625 4822110. 702.
28.83 21 DOWNLINK_STATUS 28 6593 441 0 233. 15.
28.83 21 DESIRED 0. 0. 0. 0. 700. -2.
28.89 21 NAVIGATION 0 0 0 0 286 0. 570986.7
28.91 21 ATTITUDE 0 0 0
29.01 21 ESTIMATOR 706.992981 0.016415 699.299988 1.641502 698.940125
29.07 21 DL_VALUE 27 0.005
29.15 21 NAVIGATION 0 0 0 0 286 0. 570986.7
29.18 21 WP_MOVED 2 358071. 4822161. 0.
29.20 21 NAVIGATION_REF 358071 4822161 31
29.35 21 COMMANDS 0,-9600,9600,-9600,0
29.38 21 NAVIGATION 0 0 0 0 286 0. 570986.7
29.40 21 ATTITUDE 0 0 0
29.43 21 GYRO_RATES -155 -179 -149 1.35263 -1.56207 1.30027
29.45 21 FBW_STATUS 2 1 120
29.48 21 ESTIMATOR 706.979492 -0.003861 697.950012 -0.386086 698.940063
29.51 21 BAT 0 120 0 0 27 27 0
29.55 21 CALIBRATION -6.986 0.037 0.5 2
29.59 21 NAVIGATION 0 0 0 0 286 0. 570986.7
29.66 21 WP_MOVED 0 358113. 4822203. 702.
29.69 21 SERVO 9600 -9600 0
29.77 21 DESIRED 0. 0. 0. 0. 700. -2.
29.83 21 NAVIGATION 0 0 0 0 286 0. 570986.7
29.83 21 DOWNLINK_STATUS 29 6918 462 0 325. 21.
29.85 21 ATTITUDE 0 0 0
29.95 21 ESTIMATOR 706.992981 0.015444 699.299988 1.54438 699.210022
30.00 21 DL_VALUE 28 0.037
30.07 21 NAVIGATION 0 0 0 0 286 0. 570986.7
30.13 21 WP_MOVED 1 358824.90625 4822110. 702.
30.29 21 COMMANDS 0,-9600,9600,-9600,0
30.32 21 NAVIGATION 0 0 0 0 286 0. 570986.7
30.34 21 ATTITUDE 0 0 0
30.37 21 GYRO_RATES -165 -191 -161 1.439897 -1.666789 1.40499
30.38 21 FBW_STATUS 2 1 120
30.42 21 ESTIMATOR 706.979492 -0.004805 697.950012 -0.480537 699.119995
30.48 21 DL_VALUE 14 90.
30.53 21 NAVIGATION 0 0 0 0 286 0. 570986.7
30.58 21 WP_MOVED 2 358071. 4822161. 0.
30.70 21 DESIRED 0. 0. 0. 0. 700. -2.
30.77 21 NAVIGATION 0 0 0 0 286 0. 570986.7
30.78 21 ATTITUDE 0 0 0
30.83 21 DOWNLINK_STATUS 30 7166 479 0 248. 17.
30.88 21 ESTIMATOR 706.992981 0.001917 699.299988 0.191689 699.029968
30.94 21 DL_VALUE 29 0.
31.00 21 NAVIGATION 0 0 0 0 286 0. 570986.7
31.05 21 WP_MOVED 0 358113. 4822203. 702.
31.22 21 COMMANDS 0,-9600,9600,-9600,0
31.26 21 NAVIGATION 0 0 0 0 286 0. 570986.7
31.28 21 ATTITUDE 0 0 0
31.31 21 GYRO_RATES -167 -193 -162 1.45735 -1.684243 1.413717
31.32 21 FBW_STATUS 2 1 120
31.35 21 ESTIMATOR 706.979492 0.007723 697.950012 0.772285 699.209961
31.38 21 BAT 0 120 0 0 29 29 0
31.41 21 ACTUATORS 1500,1500,0,1200,1000,2000
31.43 21 CALIBRATION -6.989 0.037 0.5 2
31.47 21 NAVIGATION 0 0 0 0 286 0. 570986.7
31.52 21 WP_MOVED 1 358824.90625 4822110. 702.
31.54 21 SERVO 9600 -9600 0
31.66 21 DESIRED 0. 0. 0. 0. 700. -2.
31.70 21 NAVIGATION 0 0 0 0 286 0. 570986.7
31.72 21 ATTITUDE 0 0 0
31.74 21 PPRZ_MODE 2 3 1 0 0 6 0
31.82 21 ESTIMATOR 706.979492 -0.012527 697.950012 -1.252708 698.850098
31.83 21 DOWNLINK_STATUS 31 7482 500 0 316. 21.
31.88 21 DL_VALUE 30 0.045
31.94 21 NAVIGATION 0 0 0 0 286 0. 570986.7
31.99 21 WP_MOVED 2 358071. 4822161. 0.
32.16 21 COMMANDS 0,-9600,9600,-9600,0
32.20 21 NAVIGATION 0 0 0 0 286 0. 570986.7
32.22 21 ATTITUDE 0 0 0
32.25 21 GYRO_RATES -157 -181 -152 1.370083 -1.579523 1.32645
32.26 21 FBW_STATUS 2 1 120
32.29 21 ESTIMATOR 706.992981 0.009612 699.299988 0.961189 699.030029
32.31 21 DL_VALUE 14 90.
32.41 21 NAVIGATION 0 0 0 0 286 0. 570986.7
32.46 21 WP_MOVED 0 358113. 4822203. 702.
32.58 21 DESIRED 0. 0. 0. 0. 700. -2.
32.65 21 NAVIGATION 0 0 0 0 286 0. 570986.7
32.68 21 ATTITUDE 0 0 0
32.76 21 ESTIMATOR 707.00647 -0.012553 700.650024 -1.255302 699.030029
32.81 21 DL_VALUE 31 1.
32.83 21 DOWNLINK_STATUS 32 7729 517 0 247. 17.
32.87 21 NAVIGATION 0 0 0 0 286 0. 570986.7
32.93 21 WP_MOVED 1 358824.90625 4822110. 702.
33.10 21 COMMANDS 0,-9600,9600,-9600,0
33.15 21 NAVIGATION 0 0 0 0 286 0. 570986.7
33.19 21 ATTITUDE 0 0 0
33.21 21 GYRO_RATES -153 -178 -149 1.335177 -1.553343 1.30027
33.21 21 FBW_STATUS 2 1 120
33.23 21 ESTIMATOR 706.979492 0.010638 697.950012 1.063805 698.940063
33.25 21 BAT 0 120 0 0 31 31 0
33.30 21 CALIBRATION -6.992 0.037 0.5 2
33.34 21 NAVIGATION 0 0 0 0 286 0. 570986.7
33.39 21 WP_MOVED 2 358071. 4822161. 0.
33.42 21 SERVO 9600 -9600 0
33.52 21 DESIRED 0. 0. 0. 0. 700. -2.
33.58 21 NAVIGATION 0 0 0 0 286 0. 570986.7
33.59 21 ATTITUDE 0 0 0
33.69 21 ESTIMATOR 706.979492 0.012526 697.950012 1.252632 698.940002
33.75 21 DL_VALUE 32 0.
33.81 21 NAVIGATION 0 0 0 0 286 0. 570986.7
33.83 21 DOWNLINK_STATUS 33 8017 536 0 288. 19.
33.86 21 WP_MOVED 0 358113. 4822203. 702.
34.03 21 COMMANDS 0,-9600,9600,-9600,0
34.07 21 NAVIGATION 0 0 0 0 286 0. 570986.7
34.09 21 ATTITUDE 0 0 0
34.14 21 GYRO_RATES -165 -191 -159 1.439897 -1.666789 1.387537
34.19 21 FBW_STATUS 2 1 120
34.20 21 ESTIMATOR 706.992981 -0.005805 699.299988 -0.580482 698.849976
34.29 21 NAVIGATION 0 0 0 0 286 0. 570986.7
34.34 21 WP_MOVED 1 358824.90625 4822110. 702.
34.45 21 DESIRED 0. 0. 0. 0. 700. -2.
34.52 21 NAVIGATION 0 0 0 0 286 0. 570986.7
34.53 21 ATTITUDE 0 0 0
34.64 21 ESTIMATOR 706.992981 0.000972 699.299988 0.097237 698.850037
34.69 21 DL_VALUE 33 0.
34.75 21 NAVIGATION 0 0 0 0 286 0. 570986.7
34.80 21 WP_MOVED 2 358071. 4822161. 0.
34.83 21 DOWNLINK_STATUS 34 8265 552 0 248. 16.
34.97 21 COMMANDS 0,-9600,9600,-9600,0
35.01 21 NAVIGATION 0 0 0 0 286 0. 570986.7
35.02 21 DL_VALUE 14 90.
35.04 21 ATTITUDE 0 0 0
35.08 21 GYRO_RATES -169 -193 -164 1.474803 -1.684243 1.43117
35.09 21 FBW_STATUS 2 1 120
35.14 21 ESTIMATOR 707.00647 -0.012526 700.650024 -1.252632 699.210022
35.19 21 BAT 0 120 0 0 33 33 0
35.20 21 CALIBRATION -6.99 0.037 0.5 2
35.22 21 NAVIGATION 0 0 0 0 286 0. 570986.7
35.27 21 WP_MOVED 0 358113. 4822203. 702.
35.30 21 SERVO 9600 -9600 0
35.39 21 DESIRED 0. 0. 0. 0. 700. -2.
35.45 21 NAVIGATION 0 0 0 0 286 0. 570986.7
35.47 21 ATTITUDE 0 0 0
35.57 21 ESTIMATOR 706.992981 -0.00964 699.299988 -0.964012 699.120056
35.63 21 DL_VALUE 34 0.037
35.69 21 NAVIGATION 0 0 0 0 286 0. 570986.7
35.74 21 WP_MOVED 1 358824.90625 4822110. 702.
35.83 21 DOWNLINK_STATUS 35 8542 571 0 277. 19.
35.91 21 COMMANDS 0,-9600,9600,-9600,0
35.95 21 NAVIGATION 0 0 0 0 286 0. 570986.7
35.96 21 ATTITUDE 0 0 0
36.00 21 GYRO_RATES -157 -184 -152 1.370083 -1.605703 1.32645
36.01 21 FBW_STATUS 2 1 120
36.04 21 ESTIMATOR 706.979492 0.009666 697.950012 0.966606 698.940125
36.10 21 ACTUATORS 1500,1500,0,1200,1000,2000
36.16 21 NAVIGATION 0 0 0 0 286 0. 570986.7
36.21 21 WP_MOVED 2 358071. 4822161. 0.
36.33 21 DESIRED 0. 0. 0. 0. 700. -2.
36.39 21 NAVIGATION 0 0 0 0 286 0. 570986.7
36.41 21 ATTITUDE 0 0 0
36.43 21 PPRZ_MODE 2 3 1 0 0 6 0
36.51 21 ESTIMATOR 706.979492 0.005777 697.950012 0.577736 699.120056
36.57 21 DL_VALUE 35 0.037
36.62 21 NAVIGATION 0 0 0 0 286 0. 570986.7
36.67 21 WP_MOVED 0 358113. 4822203. 702.
36.83 21 DOWNLINK_STATUS 36 8799 588 0 257. 17.
36.85 21 COMMANDS 0,-9600,9600,-9600,0
36.88 21 NAVIGATION 0 0 0 0 286 0. 570986.7
36.90 21 ATTITUDE 0 0 0
36.93 21 GYRO_RATES -152 -178 -148 1.32645 -1.553343 1.291544
36.95 21 FBW_STATUS 2 1 120
36.98 21 ESTIMATOR 706.979492 -0.002916 697.950012 -0.291634 698.850098
37.01 21 BAT 0 120 0 0 35 35 0
37.06 21 CALIBRATION -6.99 0.037 0.5 2
37.09 21 NAVIGATION 0 0 0 0 286 0. 570986.7
37.16 21 WP_MOVED 1 358824.90625 4822110. 702.
37.19 21 SERVO 9600 -9600 0
37.27 21 DESIRED 0. 0. 0. 0. 700. -2.
37.33 21 NAVIGATION 0 0 0 0 286 0. 570986.7
37.35 21 ATTITUDE 0 0 0
37.45 21 ESTIMATOR 706.992981 0.002861 699.299988 0.28614 698.850159
37.50 21 DL_VALUE 36 0.
37.56 21 NAVIGATION 0 0 0 0 286 0. 570986.7
37.61 21 WP_MOVED 2 358071. 4822161. 0.
37.64 21 NAVIGATION_REF 358071 4822161 31
37.79 21 COMMANDS 0,-9600,9600,-9600,0
37.82 21 NAVIGATION 0 0 0 0 286 0. 570986.7
37.83 21 DOWNLINK_STATUS 37 9111 609 0 312. 21.
37.84 21 ATTITUDE 0 0 0
37.87 21 GYRO_RATES -163 -188 -159 1.422443 -1.64061 1.387537
37.88 21 FBW_STATUS 2 1 120
37.92 21 ESTIMATOR 706.992981 0.000972 699.299988 0.097237 699.03009
38.03 21 NAVIGATION 0 0 0 0 286 0. 570986.7
38.08 21 WP_MOVED 0 358113. 4822203. 702.
38.20 21 DESIRED 0. 0. 0. 0. 700. -2.
38.27 21 NAVIGATION 0 0 0 0 286 0. 570986.7
38.28 21 ATTITUDE 0 0 0
38.39 21 ESTIMATOR 706.979492 -0.006749 697.950012 -0.674934 698.760071
38.44 21 DL_VALUE 37 0.
38.50 21 NAVIGATION 0 0 0 0 286 0. 570986.7
38.55 21 WP_MOVED 1 358824.90625 4822110. 702.
38.73 21 COMMANDS 0,-9600,9600,-9600,0
38.76 21 NAVIGATION 0 0 0 0 286 0. 570986.7
38.78 21 ATTITUDE 0 0 0
38.81 21 GYRO_RATES -169 -195 -165 1.474803 -1.701696 1.439897
38.82 21 FBW_STATUS 2 1 120
38.83 21 DOWNLINK_STATUS 38 9377 627 0 266. 18.
38.85 21 ESTIMATOR 706.992981 0.003862 699.299988 0.386162 698.670105
38.88 21 BAT 0 120 0 0 37 37 0
38.93 21 CALIBRATION -6.99 0.037 0.5 2
38.97 21 NAVIGATION 0 0 0 0 286 0. 570986.7
39.02 21 WP_MOVED 2 358071. 4822161. 0.
39.04 21 SERVO 9600 -9600 0
39.15 21 DESIRED 0. 0. 0. 0. 700. -2.
39.20 21 NAVIGATION 0 0 0 0 286 0. 570986.7
39.22 21 ATTITUDE 0 0 0
39.32 21 ESTIMATOR 706.992981 -0.008667 699.299988 -0.866737 698.580078
39.38 21 DL_VALUE 38 0.
39.44 21 NAVIGATION 0 0 0 0 286 0. 570986.7
39.49 21 WP_MOVED 0 358113. 4822203. 702.
39.67 21 COMMANDS 0,-9600,9600,-9600,0
39.71 21 NAVIGATION 0 0 0 0 286 0. 570986.7
39.71 21 ATTITUDE 0 0 0
39.75 21 GYRO_RATES -159 -184 -154 1.387537 -1.605703 1.343904
39.76 21 FBW_STATUS 2 1 120
39.79 21 ESTIMATOR 706.992981 0.003859 699.299988 0.385933 698.850037
39.83 21 DOWNLINK_STATUS 39 9669 646 0 292. 19.
39.91 21 NAVIGATION 0 0 0 0 286 0. 570986.7
39.96 21 WP_MOVED 1 358824.90625 4822110. 702.
40.08 21 DESIRED 0. 0. 0. 0. 700. -2.
40.15 21 NAVIGATION 0 0 0 0 286 0. 570986.7
40.18 21 ATTITUDE 0 0 0
40.26 21 ESTIMATOR 706.992981 -0.001943 699.299988 -0.194283 699.119995
40.31 21 DL_VALUE 39 0.045
40.37 21 NAVIGATION 0 0 0 0 286 0. 570986.7
40.43 21 WP_MOVED 2 358071. 4822161. 0.
40.60 21 COMMANDS 0,-9600,9600,-9600,0
40.64 21 NAVIGATION 0 0 0 0 286 0. 570986.7
40.69 21 ATTITUDE 0 0 0
40.69 21 GYRO_RATES -153 -178 -148 1.335177 -1.553343 1.291544
40.72 21 FBW_STATUS 2 1 120
40.73 21 ESTIMATOR 706.966003 0.003888 696.600037 0.388832 698.580078
40.75 21 BAT 0 120 0 0 39 39 0
40.79 21 ACTUATORS 1500,1500,0,1200,1000,2000
40.81 21 CALIBRATION -6.988 0.037 0.5 2
40.83 21 DOWNLINK_STATUS 40 9946 664 0 277. 18.
40.85 21 NAVIGATION 0 0 0 0 286 0. 570986.7
40.89 21 WP_MOVED 0 358113. 4822203. 702.
40.92 21 SERVO 9600 -9600 0
41.01 21 DESIRED 0. 0. 0. 0. 700. -2.
41.08 21 NAVIGATION 0 0 0 0 286 0. 570986.7
41.09 21 ATTITUDE 0 0 0
41.11 21 PPRZ_MODE 2 3 1 0 0 6 0
41.19 21 ESTIMATOR 706.992981 0.007695 699.299988 0.769463 698.850037
41.25 21 DL_VALUE 40 0.045
41.31 21 NAVIGATION 0 0 0 0 286 0. 570986.7
41.36 21 WP_MOVED 1 358824.90625 4822110. 702.
41.53 21 COMMANDS 0,-9600,9600,-9600,0
41.57 21 NAVIGATION 0 0 0 0 286 0. 570986.7
41.59 21 ATTITUDE 0 0 0
41.62 21 GYRO_RATES -162 -190 -158 1.413717 -1.658063 1.37881
41.65 21 FBW_STATUS 2 1 120
41.68 21 ESTIMATOR 706.979492 0.007721 697.950012 0.772133 698.940063
41.78 21 NAVIGATION 0 0 0 0 286 0. 570986.7
41.83 21 WP_MOVED 2 358071. 4822161. 0.
41.83 21 DOWNLINK_STATUS 41 10229 683 0 283. 19.
41.95 21 DESIRED 0. 0. 0. 0. 700. -2.
42.01 21 NAVIGATION 0 0 0 0 286 0. 570986.7
42.03 21 ATTITUDE 0 0 0
42.15 21 ESTIMATOR 706.979492 -0.008695 697.950012 -0.869484 698.580139
42.19 21 DL_VALUE 41 0.1
42.25 21 NAVIGATION 0 0 0 0 286 0. 570986.7
42.30 21 WP_MOVED 0 358113. 4822203. 702.
42.47 21 COMMANDS 0,-9600,9600,-9600,0
42.51 21 NAVIGATION 0 0 0 0 286 0. 570986.7
42.53 21 ATTITUDE 0 0 0
42.56 21 GYRO_RATES -169 -195 -164 1.474803 -1.701696 1.43117
42.57 21 FBW_STATUS 2 1 120
42.60 21 ESTIMATOR 706.992981 0.007667 699.299988 0.766716 698.850037
42.64 21 BAT 0 120 0 0 41 41 0
42.68 21 CALIBRATION -6.991 0.037 0.5 2
42.72 21 NAVIGATION 0 0 0 0 286 0. 570986.7
42.77 21 WP_MOVED 1 358824.90625 4822110. 702.
42.79 21 SERVO 9600 -9600 0
42.83 21 DOWNLINK_STATUS 42 10499 701 0 270. 18.
42.89 21 DESIRED 0. 0. 0. 0. 700. -2.
42.95 21 NAVIGATION 0 0 0 0 286 0. 570986.7
42.97 21 ATTITUDE 0 0 0
43.07 21 ESTIMATOR 706.979492 -0.000946 697.950012 -0.094566 698.760193
43.13 21 DL_VALUE 42 0.
43.19 21 NAVIGATION 0 0 0 0 286 0. 570986.7
43.24 21 WP_MOVED 2 358071. 4822161. 0.
43.41 21 COMMANDS 0,-9600,9600,-9600,0
43.45 21 NAVIGATION 0 0 0 0 286 0. 570986.7
43.47 21 ATTITUDE 0 0 0
43.51 21 GYRO_RATES -157 -184 -154 1.370083 -1.605703 1.343904
43.52 21 FBW_STATUS 2 1 120
43.54 21 ESTIMATOR 706.992981 -0.003889 699.299988 -0.388908 698.580078
43.66 21 NAVIGATION 0 0 0 0 286 0. 570986.7
43.71 21 WP_MOVED 0 358113. 4822203. 702.
43.83 21 DESIRED 0. 0. 0. 0. 700. -2.
43.83 21 DOWNLINK_STATUS 43 10758 717 0 259. 16.
43.89 21 NAVIGATION 0 0 0 0 286 0. 570986.7
43.91 21 ATTITUDE 0 0 0
44.01 21 ESTIMATOR 707.00647 -0.003833 700.650024 -0.383339 698.850098
44.08 21 DL_VALUE 0 700.
44.12 21 NAVIGATION 0 0 0 0 286 0. 570986.7
44.20 21 WP_MOVED 1 358824.90625 4822110. 702.
44.35 21 COMMANDS 0,-9600,9600,-9600,0
44.38 21 NAVIGATION 0 0 0 0 286 0. 570986.7
44.40 21 ATTITUDE 0 0 0
44.43 21 GYRO_RATES -153 -179 -148 1.335177 -1.56207 1.291544
44.45 21 FBW_STATUS 2 1 120
44.48 21 ESTIMATOR 706.979492 -0.001918 697.950012 -0.191841 698.850159
44.50 21 BAT 0 120 0 0 43 43 0
44.55 21 CALIBRATION -6.99 0.037 0.5 2
44.60 21 NAVIGATION 0 0 0 0 286 0. 570986.7
44.65 21 WP_MOVED 2 358071. 4822161. 0.
44.69 21 SERVO 9600 -9600 0
44.77 21 DESIRED 0. 0. 0. 0. 700. -2.
44.83 21 NAVIGATION 0 0 0 0 286 0. 570986.7
44.83 21 DOWNLINK_STATUS 44 11046 736 0 288. 19.
44.84 21 ATTITUDE 0 0 0
44.95 21 ESTIMATOR 707.00647 -0.008695 700.650024 -0.869484 698.940125
45.00 21 DL_VALUE 1 1.
45.06 21 NAVIGATION 0 0 0 0 286 0. 570986.7
45.13 21 WP_MOVED 0 358113. 4822203. 702.
45.29 21 COMMANDS 0,-9600,9600,-9600,0
45.32 21 NAVIGATION 0 0 0 0 286 0. 570986.7
45.34 21 ATTITUDE 0 0 0
45.37 21 GYRO_RATES -164 -189 -160 1.43117 -1.649336 1.396263
45.38 21 FBW_STATUS 2 1 120
45.42 21 ESTIMATOR 706.979492 0.002916 697.950012 0.291557 698.670105
45.47 21 ACTUATORS 1500,1500,0,1200,1000,2000
45.53 21 NAVIGATION 0 0 0 0 286 0. 570986.7
45.58 21 WP_MOVED 1 358824.90625 4822110. 702.
45.71 21 DESIRED 0. 0. 0. 0. 700. -2.
45.77 21 NAVIGATION 0 0 0 0 286 0. 570986.7
45.78 21 ATTITUDE 0 0 0
45.80 21 PPRZ_MODE 2 3 1 0 0 6 0
45.83 21 DOWNLINK_STATUS 45 11311 754 0 265. 18.
45.88 21 ESTIMATOR 706.979492 0.006723 697.950012 0.672264 698.400208
45.94 21 DL_VALUE 2 0.
46.00 21 NAVIGATION 0 0 0 0 286 0. 570986.7
46.05 21 WP_MOVED 2 358071. 4822161. 0.
46.07 21 NAVIGATION_REF 358071 4822161 31
46.22 21 COMMANDS 0,-9600,9600,-9600,0
46.27 21 NAVIGATION 0 0 0 0 286 0. 570986.7
46.28 21 ATTITUDE 0 0 0
46.31 21 GYRO_RATES -170 -195 -165 1.48353 -1.701696 1.439897
46.32 21 FBW_STATUS 2 1 120
46.35 21 ESTIMATOR 706.979492 0.008667 697.950012 0.866661 698.850098
46.38 21 BAT 0 120 0 0 45 45 0
46.43 21 CALIBRATION -6.988 0.037 0.5 2
46.47 21 NAVIGATION 0 0 0 0 286 0. 570986.7
46.53 21 WP_MOVED 0 358113. 4822203. 702.
46.56 21 SERVO 9600 -9600 0
46.64 21 DESIRED 0. 0. 0. 0. 700. -2.
46.70 21 NAVIGATION 0 0 0 0 286 0. 570986.7
46.74 21 ATTITUDE 0 0 0
46.83 21 ESTIMATOR 706.992981 -0.001917 699.299988 -0.191689 698.940063
46.85 21 DOWNLINK_STATUS 46 11614 774 0 303. 20.
46.88 21 DL_VALUE 3 0.
46.93 21 NAVIGATION 0 0 0 0 286 0. 570986.7
46.99 21 WP_MOVED 1 358824.90625 4822110. 702.
47.18 21 COMMANDS 0,-9600,9600,-9600,0
47.21 21 NAVIGATION 0 0 0 0 286 0. 570986.7
47.21 21 ATTITUDE 0 0 0
47.25 21 GYRO_RATES -158 -184 -153 1.37881 -1.605703 1.335177
47.26 21 FBW_STATUS 2 1 120
47.29 21 ESTIMATOR 706.979492 -0.008667 697.950012 -0.866737 698.670105
47.41 21 NAVIGATION 0 0 0 0 286 0. 570986.7
47.46 21 WP_MOVED 2 358071. 4822161. 0.
47.58 21 DESIRED 0. 0. 0. 0. 700. -2.
47.64 21 NAVIGATION 0 0 0 0 286 0. 570986.7
47.67 21 ATTITUDE 0 0 0
47.76 21 ESTIMATOR 706.979492 0.023137 697.950012 2.313728 698.760071
47.81 21 DL_VALUE 4 2.
47.84 21 DOWNLINK_STATUS 47 11854 790 0 240. 16.
47.87 21 NAVIGATION 0 0 0 0 286 0. 570986.7
47.93 21 WP_MOVED 0 358113. 4822203. 702.
48.10 21 COMMANDS 0,-9600,9600,-9600,0
48.13 21 NAVIGATION 0 0 0 0 286 0. 570986.7
48.16 21 ATTITUDE 0 0 0
48.19 21 GYRO_RATES -154 -179 -148 1.343904 -1.56207 1.291544
48.23 21 FBW_STATUS 2 1 120
48.23 21 ESTIMATOR 706.992981 0.000946 699.299988 0.094566 698.940063
48.25 21 BAT 0 120 0 0 47 47 0
48.30 21 CALIBRATION -6.986 0.037 0.5 2
48.34 21 NAVIGATION 0 0 0 0 286 0. 570986.7
48.39 21 WP_MOVED 1 358824.90625 4822110. 702.
48.41 21 SERVO 9600 -9600 0
48.51 21 DESIRED 0. 0. 0. 0. 700. -2.
48.58 21 NAVIGATION 0 0 0 0 286 0. 570986.7
48.59 21 ATTITUDE 0 0 0
48.70 21 ESTIMATOR 706.992981 -0.005777 699.299988 -0.577736 699.120056
48.75 21 DL_VALUE 5 0.
48.81 21 NAVIGATION 0 0 0 0 286 0. 570986.7
48.84 21 DOWNLINK_STATUS 48 12142 809 0 288. 19.
48.86 21 WP_MOVED 2 358071. 4822161. 0.
49.03 21 COMMANDS 0,-9600,9600,-9600,0
49.07 21 NAVIGATION 0 0 0 0 286 0. 570986.7
49.10 21 ATTITUDE 0 0 0
49.12 21 GYRO_RATES -165 -193 -161 1.439897 -1.684243 1.40499
49.13 21 FBW_STATUS 2 1 120
49.17 21 ESTIMATOR 706.979492 -0.009612 697.950012 -0.961189 698.310181
49.30 21 NAVIGATION 0 0 0 0 286 0. 570986.7
