5.39 34 ESTIMATOR 0. 0. 0. 0. 0.
5.42 34 GPS 0 50624961 356621065 0 80355 0 0 145749 12 0
5.43 34 COMMANDS 1068,-10,-58,-325
5.43 34 NAVIGATION 0 1 0 0 38 0. 6571.9
5.43 34 ATTITUDE 0 0 -75
5.43 34 DL_VALUE 29 0.42
5.43 34 FBW_STATUS 0 0 118
5.43 34 DOWNLINK_STATUS 4 1232 77 0 369. 22.
5.56 34 RAD_OF_IR 6 0 0.00211
5.56 34 IR_SENSORS -919 6 1
5.57 34 NAVIGATION 0 1 0 0 38 0. 6571.9
5.57 34 GPS 0 50624961 356621065 0 80355 0 0 146001 12 0
5.61 34 WP_MOVED 1 506292.5 3566296.25 800.
5.61 34 GYRO_RATES -198 -162 -136 1.727876 -1.413717 -1.186824
5.61 34 ESTIMATOR 0. 0. 0. 0. 0.
5.61 34 BAT 1068 119 0 0 153 0 14
5.87 34 NAVIGATION 0 1 0 0 38 0. 6571.9
5.88 34 ATTITUDE 0 0 -75
5.88 34 CALIBRATION 0. 0.023 0.067 0
5.88 34 GPS 0 50624961 356621065 0 80355 0 0 146249 12 0
5.95 34 SERVO 9600 -9600 1069
5.95 34 DESIRED 0. 0. 0. 0. 770. 0.
5.95 34 IR_DEBUG 662 653 662 653
5.95 34 NAVIGATION 0 1 0 0 38 0. 6571.9
6.17 34 GPS 0 50624961 356621065 0 80355 0 0 146501 12 0
6.17 34 SVINFO 4 2 0 3 31 -9 0
6.17 34 WP_MOVED 2 506379.59375 3566304.75 800.
6.18 34 ESTIMATOR 0. 0. 0. 0. 0.
6.18 34 COMMANDS 1069,-9,-55,-337
6.18 34 NAVIGATION 0 1 0 0 38 0. 6571.9
6.18 34 ATTITUDE 0 0 -75
6.18 34 GPS 0 50624961 356621065 0 80355 0 0 146749 12 0
6.18 34 FBW_STATUS 0 0 118
6.35 34 RAD_OF_IR 6 0 0.00211
6.41 34 DOWNLINK_STATUS 5 1649 103 0 417. 26.
6.57 34 IR_SENSORS -920 6 1
6.58 34 NAVIGATION 0 1 0 0 38 0. 6571.9
6.61 34 WP_MOVED 3 506366. 3566262. 0.
6.61 34 GYRO_RATES -198 -162 -136 1.727876 -1.413717 -1.186824
6.61 34 GPS 0 50624961 356621065 0 80355 0 0 147001 12 0
6.61 34 ESTIMATOR 0. 0. 0. 0. 0.
6.61 34 NAVIGATION 0 1 0 0 38 0. 6571.9
6.61 34 ATTITUDE 0 0 -75
6.64 34 GPS 0 50624961 356621065 0 80355 0 0 147249 12 0
6.86 34 DESIRED 0. 0. 0. 0. 770. 0.
6.98 34 NAVIGATION 0 1 0 0 38 0. 6571.9
6.98 34 WP_MOVED 0 506408. 3566304. 800.
6.98 34 GPS 0 50624961 356621065 0 80355 0 0 147501 12 0
6.98 34 SVINFO 8 3 0 3 30 -9 0
6.98 34 ESTIMATOR 0. 0. 0. 0. 0.
7.06 34 COMMANDS 1069,-4,-52,-329
7.07 34 NAVIGATION 0 1 0 0 38 0. 6571.9
7.07 34 ATTITUDE 0 0 -75
7.07 34 DL_VALUE 31 0.023
7.18 34 FBW_STATUS 0 0 118
7.22 34 RAD_OF_IR 7 0 0.00211
7.22 34 GPS 0 50624961 356621065 0 80355 0 0 147749 12 0
7.22 34 SVINFO 9 8 0 3 30 -9 0
7.35 34 IR_SENSORS -920 6 1
7.38 34 NAVIGATION 0 1 0 0 38 0. 6571.9
7.38 34 WP_MOVED 1 506292.5 3566296.25 800.
7.38 34 GYRO_RATES -200 -162 -136 1.745329 -1.413717 -1.186824
7.41 34 DOWNLINK_STATUS 6 2087 130 0 438. 27.
7.58 34 GPS 0 50624961 356621065 0 80355 0 0 148001 12 0
7.58 34 SVINFO 10 24 0 3 26 -9 0
7.58 34 ESTIMATOR 0. 0. 0. 0. 0.
7.58 34 BAT 1065 118 0 0 155 0 14
7.58 34 NAVIGATION 0 1 0 0 38 0. 6571.9
7.58 34 ATTITUDE 0 0 -75
7.58 34 CALIBRATION 0. 0.023 0.067 0
7.67 34 SERVO 9600 -9600 1068
7.67 34 GPS 0 50624961 356621065 0 80355 0 0 148249 12 0
7.67 34 SVINFO 11 18 0 3 27 -9 0
7.97 34 DESIRED 0. 0. 0. 0. 770. 0.
7.98 34 IR_DEBUG 662 653 662 653
7.98 34 NAVIGATION 0 1 0 0 38 0. 6571.9
7.98 34 WP_MOVED 2 506379.59375 3566304.75 800.
7.98 34 ESTIMATOR 0. 0. 0. 0. 0.
8.28 34 SVINFO 12 26 0 3 30 -9 0
8.28 34 COMMANDS 1068,3,-42,-327
8.28 34 NAVIGATION 0 1 0 0 38 0. 6571.9
8.28 34 ATTITUDE 0 0 -75
8.28 34 DL_VALUE 32 0.001
8.28 34 FBW_STATUS 0 0 118
8.28 34 RAD_OF_IR 7 0 0.00211
8.37 34 GPS 0 50624961 356621065 0 80355 0 0 148749 12 0
8.37 34 SVINFO 13 16 0 3 30 -9 0
8.37 34 IR_SENSORS -922 7 1
8.38 34 NAVIGATION 0 1 0 0 38 0. 6571.9
8.38 34 WP_MOVED 3 506366. 3566262. 0.
8.38 34 GYRO_RATES -198 -163 -136 1.727876 -1.422443 -1.186824
8.38 34 ESTIMATOR 0. 0. 0. 0. 0.
8.41 34 DOWNLINK_STATUS 7 2526 159 0 439. 29.
8.46 34 GPS 0 50624961 356621065 0 80355 0 0 149001 12 0
8.46 34 NAVIGATION 0 1 0 0 38 0. 6571.9
8.46 34 ATTITUDE 0 0 -75
8.88 34 DESIRED 0. 0. 0. 0. 770. 0.
8.89 34 GPS 0 50624961 356621065 0 80355 0 0 149249 12 0
8.89 34 NAVIGATION 0 1 0 0 38 0. 6571.9
8.89 34 WP_MOVED 0 506408. 3566304. 800.
9.18 34 ESTIMATOR 0. 0. 0. 0. 0.
9.18 34 COMMANDS 1067,-3,-55,-324
9.18 34 NAVIGATION 0 1 0 0 38 0. 6571.9
9.18 34 GPS 0 50624961 356621065 0 80355 0 0 149501 12 0
9.18 34 SVINFO 0 21 0 3 30 -9 0
9.18 34 ATTITUDE 0 0 -74
9.18 34 DL_VALUE 33 0.01
9.18 34 FBW_STATUS 0 0 118
9.19 34 ACTUATORS 1498,1502,0,1289,1483
9.19 34 IR_SENSORS -921 7 1
9.19 34 GPS 0 50624961 356621065 0 80355 0 0 149749 12 0
9.19 34 NAVIGATION 0 1 0 0 38 0. 6571.9
9.38 34 WP_MOVED 1 506292.5 3566296.25 800.
9.38 34 GYRO_RATES -198 -164 -136 1.727876 -1.43117 -1.186824
9.41 34 DOWNLINK_STATUS 8 2874 180 0 348. 21.
9.57 34 ESTIMATOR 0. 0. 0. 0. 0.
9.58 34 BAT 1070 118 0 0 157 0 15
9.58 34 NAVIGATION 0 1 0 0 38 0. 6571.9
9.58 34 ATTITUDE 0 0 -75
9.58 34 CALIBRATION 0. 0.023 0.067 0
9.58 34 GPS 0 50624961 356621065 0 80355 0 0 150001 12 0
9.58 34 SVINFO 2 28 0 3 31 -9 0
9.90 34 SERVO 9600 -9600 1068
9.94 34 DESIRED 0. 0. 0. 0. 770. 0.
9.94 34 IR_DEBUG 663 654 663 654
9.94 34 NAVIGATION 0 1 0 0 38 0. 6571.9
9.94 34 GPS 0 50624961 356621065 0 80355 0 0 150249 12 0
9.94 34 SVINFO 3 22 0 3 27 -9 0
9.94 34 WP_MOVED 2 506379.59375 3566304.75 800.
9.98 34 PPRZ_MODE 0 0 3 0 0 1 0
9.98 34 ESTIMATOR 0. 0. 0. 0. 0.
9.98 34 COMMANDS 1067,-6,-55,-320
9.98 34 NAVIGATION 0 1 0 0 38 0. 6571.9
9.98 34 ATTITUDE 0 0 -75
9.98 34 DL_VALUE 34 1.
9.98 34 GPS 0 50624961 356621065 0 80355 0 0 150501 12 0
9.98 34 SVINFO 4 2 0 3 31 -9 0
9.98 34 FBW_STATUS 0 0 118
9.98 34 RAD_OF_IR 7 0 0.00211
10.02 34 IR_SENSORS -920 6 1
10.06 34 NAVIGATION 0 1 0 0 38 0. 6571.9
10.39 34 GPS 0 50624961 356621065 0 80355 0 0 150749 12 0
10.43 34 SVINFO 5 4 0 3 31 -9 0
10.43 34 WP_MOVED 3 506366. 3566262. 0.
10.43 34 GYRO_RATES -199 -163 -136 1.736603 -1.422443 -1.186824
10.43 34 ESTIMATOR 0. 0. 0. 0. 0.
10.43 34 DOWNLINK_STATUS 9 3349 211 0 475. 31.
10.45 34 NAVIGATION 0 1 0 0 38 0. 6571.9
10.45 34 ATTITUDE 0 0 -75
10.45 34 GPS 0 50624961 356621065 0 80355 0 0 151001 12 0
10.45 34 SVINFO 6 10 0 3 31 -9 0
10.64 34 DESIRED 0. 0. 0. 0. 770. 0.
10.64 34 NAVIGATION 0 1 0 0 38 0. 6571.9
10.67 34 WP_MOVED 0 506408. 3566304. 800.
10.67 34 GPS 0 50624961 356621065 0 80355 0 0 151249 12 0
10.67 34 SVINFO 7 7 0 3 27 -9 0
10.85 34 ESTIMATOR 0. 0. 0. 0. 0.
10.97 34 COMMANDS 1066,-7,-59,-327
10.97 34 NAVIGATION 0 1 0 0 38 0. 6571.9
10.97 34 ATTITUDE 0 0 -75
10.97 34 DL_VALUE 35 0.
10.97 34 FBW_STATUS 0 0 118
10.97 34 RAD_OF_IR 6 0 0.00211
10.97 34 GPS 0 50624961 356621065 0 80355 0 0 151501 12 0
10.97 34 SVINFO 8 3 0 3 31 -9 0
10.97 34 IR_SENSORS -920 6 1
11.03 34 NAVIGATION 0 1 0 0 38 0. 6571.9
11.40 34 WP_MOVED 1 506292.5 3566296.25 800.
11.40 34 GYRO_RATES -198 -162 -136 1.727876 -1.413717 -1.186824
11.40 34 GPS 0 50624961 356621065 0 80355 0 0 151749 12 0
11.40 34 SVINFO 9 8 0 3 30 -9 0
11.40 34 ESTIMATOR 0. 0. 0. 0. 0.
11.40 34 BAT 1068 118 0 0 159 0 15
11.41 34 DOWNLINK_STATUS 10 3760 237 0 411. 26.
11.80 34 DL_VALUE 36 0.
11.80 34 CALIBRATION 0. 0.023 0.067 0
11.80 34 SERVO 9600 -9600 1069
11.80 34 GPS 0 50624961 356621065 0 80355 0 0 152001 12 0
11.80 34 SVINFO 10 24 0 3 29 -9 0
11.80 34 DESIRED 0. 0. 0. 0. 770. 0.
11.88 34 NAVIGATION 0 1 0 0 38 0. 6571.9
11.88 34 WP_MOVED 2 506379.59375 3566304.75 800.
11.88 34 GPS 0 50624961 356621065 0 80355 0 0 152249 12 0
11.88 34 ESTIMATOR 0. 0. 0. 0. 0.
11.88 34 COMMANDS 1069,-4,-53,-335
11.88 34 NAVIGATION 0 1 0 0 38 0. 6571.9
11.88 34 DL_VALUE 36 0.
11.88 34 FBW_STATUS 0 0 118
11.88 34 RAD_OF_IR 7 0 0.00211
11.88 34 NAVIGATION_REF 506366 3566262 12
11.95 34 GPS 0 50624961 356621065 0 80355 0 0 152501 12 0
11.95 34 IR_SENSORS -919 7 1
11.95 34 NAVIGATION 0 1 0 0 38 0. 6571.9
12.04 34 WP_MOVED 3 506366. 3566262. 0.
12.04 34 GYRO_RATES -198 -163 -136 1.727876 -1.422443 -1.186824
12.28 34 ESTIMATOR 0. 0. 0. 0. 0.
12.28 34 GPS 0 50624961 356621065 0 80355 0 0 152749 12 0
12.28 34 NAVIGATION 0 1 0 0 38 0. 6571.9
12.28 34 ATTITUDE 0 0 -75
12.41 34 DOWNLINK_STATUS 11 4160 262 0 400. 25.
12.46 34 DESIRED 0. 0. 0. 0. 770. 0.
12.46 34 GPS 0 50624961 356621065 0 80355 0 0 153001 12 0
12.46 34 NAVIGATION 0 1 0 0 38 0. 6571.9
12.76 34 WP_MOVED 0 506408. 3566304. 800.
12.76 34 ESTIMATOR 0. 0. 0. 0. 0.
12.98 34 GPS 0 50624961 356621065 0 80355 0 0 153249 12 0
12.98 34 COMMANDS 1070,-6,-53,-329
12.98 34 NAVIGATION 0 1 0 0 38 0. 6571.9
12.98 34 ATTITUDE 0 0 -75
12.98 34 DL_VALUE 37 0.1
12.98 34 FBW_STATUS 0 0 118
12.98 34 RAD_OF_IR 6 0 0.00211
12.98 34 IR_SENSORS -920 6 1
13.01 34 GPS 0 50624961 356621065 0 80355 0 0 153501 12 0
13.01 34 WP_MOVED 1 506292.5 3566296.25 800.
13.01 34 GYRO_RATES -198 -162 -136 1.727876 -1.413717 -1.186824
13.26 34 ESTIMATOR 0. 0. 0. 0. 0.
13.26 34 BAT 1067 118 0 0 161 0 15
13.37 34 NAVIGATION 0 1 0 0 38 0. 6571.9
13.37 34 ATTITUDE 0 0 -75
13.37 34 CALIBRATION 0. 0.023 0.067 0
13.37 34 GPS 0 50624961 356621065 0 80355 0 0 153749 12 0
13.37 34 SERVO 9600 -9600 1065
13.39 34 DESIRED 0. 0. 0. 0. 770. 0.
13.39 34 IR_DEBUG 662 653 662 653
13.39 34 NAVIGATION 0 1 0 0 38 0. 6571.9
13.42 34 DOWNLINK_STATUS 12 4590 288 0 430. 26.
13.57 34 GPS 0 50624961 356621065 0 80355 0 0 154001 12 0
13.57 34 SVINFO 2 28 0 3 31 -9 0
13.57 34 WP_MOVED 2 506379.59375 3566304.75 800.
13.79 34 ESTIMATOR 0. 0. 0. 0. 0.
13.83 34 COMMANDS 1069,-6,-50,-329
13.83 34 NAVIGATION 0 1 0 0 38 0. 6571.9
13.83 34 ATTITUDE 0 0 -75
13.83 34 DL_VALUE 38 0.
13.83 34 GPS 0 50624961 356621065 0 80355 0 0 154249 12 0
13.84 34 FBW_STATUS 0 0 118
13.84 34 RAD_OF_IR 7 0 0.00211
13.84 34 ACTUATORS 1498,1502,0,1289,1483
13.84 34 IR_SENSORS -920 6 1
13.84 34 NAVIGATION 0 1 0 0 38 0. 6571.9
14.29 34 GPS 0 50624961 356621065 0 80355 0 0 154501 12 0
14.30 34 WP_MOVED 3 506366. 3566262. 0.
14.30 34 GYRO_RATES -198 -163 -136 1.727876 -1.422443 -1.186824
14.30 34 ESTIMATOR 0. 0. 0. 0. 0.
14.30 34 NAVIGATION 0 1 0 0 38 0. 6571.9
14.30 34 ATTITUDE 0 0 -75
14.39 34 GPS 0 50624961 356621065 0 80355 0 0 154749 12 0
14.39 34 DESIRED 0. 0. 0. 0. 770. 0.
14.39 34 NAVIGATION 0 1 0 0 38 0. 6571.9
14.39 34 WP_MOVED 0 506408. 3566304. 800.
14.39 34 PPRZ_MODE 0 0 3 0 0 1 0
14.43 34 DOWNLINK_STATUS 13 4994 313 0 404. 25.
14.54 34 GPS 0 50624961 356621065 0 80355 0 0 155001 12 0
14.54 34 ESTIMATOR 0. 0. 0. 0. 0.
14.56 34 COMMANDS 1069,-3,-53,-329
14.56 34 NAVIGATION 0 1 0 0 38 0. 6571.9
14.56 34 ATTITUDE 0 0 -75
14.56 34 DL_VALUE 39 0.067
14.76 34 FBW_STATUS 0 0 118
14.80 34 RAD_OF_IR 6 0 0.00211
14.80 34 GPS 0 50624961 356621065 0 80355 0 0 155249 12 0
14.80 34 IR_SENSORS -921 6 1
14.80 34 NAVIGATION 0 1 0 0 38 0. 6571.9
14.84 34 WP_MOVED 1 506292.5 3566296.25 800.
14.84 34 GYRO_RATES -198 -164 -136 1.727876 -1.43117 -1.186824
14.98 34 GPS 0 50624961 356621065 0 80355 0 0 155501 12 0
14.98 34 SVINFO 8 3 0 3 32 -9 0
14.98 34 ESTIMATOR 0. 0. 0. 0. 0.
14.98 34 BAT 1069 118 0 0 163 0 15
15.05 34 NAVIGATION 0 1 0 0 38 0. 6571.9
15.05 34 ATTITUDE 0 0 -75
15.05 34 CALIBRATION 0. 0.023 0.067 0
15.26 34 SERVO 9600 -9600 1067
15.26 34 GPS 0 50624961 356621065 0 80355 0 0 155749 12 0
15.42 34 DOWNLINK_STATUS 14 5339 335 0 345. 22.
15.48 34 DESIRED 0. 0. 0. 0. 770. 0.
15.48 34 IR_DEBUG 662 653 662 653
15.48 34 NAVIGATION 0 1 0 0 38 0. 6571.9
15.48 34 WP_MOVED 2 506379.59375 3566304.75 800.
15.48 34 ESTIMATOR 0. 0. 0. 0. 0.
15.55 34 COMMANDS 1066,-4,-50,-319
15.55 34 NAVIGATION 0 1 0 0 38 0. 6571.9
15.55 34 ATTITUDE 0 0 -75
15.55 34 DL_VALUE 40 1.
15.55 34 FBW_STATUS 0 0 118
15.55 34 RAD_OF_IR 6 0 0.00211
15.88 34 GPS 0 50624961 356621065 0 80355 0 0 156249 12 0
15.88 34 SVINFO 11 18 0 3 30 -9 0
15.88 34 IR_SENSORS -922 7 1
15.88 34 NAVIGATION 0 1 0 0 38 0. 6571.9
15.95 34 WP_MOVED 3 506366. 3566262. 0.
15.95 34 GYRO_RATES -198 -163 -136 1.727876 -1.422443 -1.186824
15.95 34 ESTIMATOR 0. 0. 0. 0. 0.
15.97 34 GPS 0 50624961 356621065 0 80355 0 0 156501 12 0
15.97 34 SVINFO 12 26 0 3 31 -9 0
15.97 34 NAVIGATION 0 1 0 0 38 0. 6571.9
15.97 34 ATTITUDE 0 0 -75
16.39 34 DESIRED 0. 0. 0. 0. 770. 0.
16.39 34 GPS 0 50624961 356621065 0 80355 0 0 156749 12 0
16.39 34 SVINFO 13 16 0 3 30 -9 0
16.39 34 NAVIGATION 0 1 0 0 38 0. 6571.9
16.39 34 WP_MOVED 0 506408. 3566304. 800.
16.43 34 DOWNLINK_STATUS 15 5768 362 0 429. 27.
16.57 34 ESTIMATOR 0. 0. 0. 0. 0.
16.57 34 COMMANDS 1069,-6,-52,-322
16.57 34 NAVIGATION 0 1 0 0 38 0. 6571.9
16.57 34 GPS 0 50624961 356621065 0 80355 0 0 157001 12 0
16.57 34 ATTITUDE 0 0 -74
16.57 34 DL_VALUE 41 0.
16.57 34 FBW_STATUS 0 0 118
16.57 34 RAD_OF_IR 7 0 0.00211
16.67 34 IR_SENSORS -920 6 1
16.71 34 NAVIGATION 0 1 0 0 38 0. 6571.9
16.71 34 GPS 0 50624961 356621065 0 80355 0 0 157249 12 0
16.86 34 WP_MOVED 1 506292.5 3566296.25 800.
16.86 34 GYRO_RATES -199 -163 -136 1.736603 -1.422443 -1.186824
16.98 34 ESTIMATOR 0. 0. 0. 0. 0.
16.98 34 BAT 1068 118 0 0 165 0 15
16.98 34 NAVIGATION 0 1 0 0 38 0. 6571.9
16.98 34 ATTITUDE 0 0 -75
16.98 34 CALIBRATION 0. 0.023 0.067 0
16.98 34 GPS 0 50624961 356621065 0 80355 0 0 157501 12 0
16.98 34 SVINFO 0 21 0 3 31 -9 0
16.98 34 SERVO 9600 -9600 1068
17.39 34 DESIRED 0. 0. 0. 0. 770. 0.
17.39 34 IR_DEBUG 662 653 662 653
17.39 34 NAVIGATION 0 1 0 0 38 0. 6571.9
17.39 34 GPS 0 50624961 356621065 0 80355 0 0 157749 12 0
17.39 34 WP_MOVED 2 506379.59375 3566304.75 800.
17.43 34 DOWNLINK_STATUS 16 6182 388 0 414. 26.
17.45 34 ESTIMATOR 0. 0. 0. 0. 0.
17.45 34 COMMANDS 1068,-4,-53,-329
17.45 34 NAVIGATION 0 1 0 0 38 0. 6571.9
17.45 34 ATTITUDE 0 0 -75
17.45 34 DL_VALUE 0 770.
17.66 34 GPS 0 50624961 356621065 0 80355 0 0 158001 12 0
17.66 34 SVINFO 2 28 0 3 31 -9 0
17.66 34 FBW_STATUS 0 0 118
17.66 34 RAD_OF_IR 6 0 0.00211
17.66 34 IR_SENSORS -920 6 1
17.66 34 NAVIGATION 0 1 0 0 38 0. 6571.9
17.88 34 WP_MOVED 3 506366. 3566262. 0.
17.88 34 GYRO_RATES -198 -164 -136 1.727876 -1.43117 -1.186824
17.88 34 GPS 0 50624961 356621065 0 80355 0 0 158249 12 0
17.94 34 ESTIMATOR 0. 0. 0. 0. 0.
17.94 34 NAVIGATION 0 1 0 0 38 0. 6571.9
17.94 34 ATTITUDE 0 0 -75
18.18 34 GPS 0 50624961 356621065 0 80355 0 0 158501 12 0
18.18 34 SVINFO 4 2 0 3 30 -9 0
18.18 34 DESIRED 0. 0. 0. 0. 770. 0.
18.18 34 NAVIGATION 0 1 0 0 38 0. 6571.9
18.38 34 WP_MOVED 0 506408. 3566304. 800.
18.38 34 GPS 0 50624961 356621065 0 80355 0 0 158749 12 0
18.38 34 SVINFO 5 4 0 3 31 -9 0
18.38 34 ESTIMATOR 0. 0. 0. 0. 0.
18.38 34 COMMANDS 1067,-9,-56,-327
18.38 34 NAVIGATION 0 1 0 0 38 0. 6571.9
18.38 34 ATTITUDE 0 0 -75
18.38 34 FBW_STATUS 0 0 118
18.38 34 RAD_OF_IR 7 0 0.00211
18.43 34 DOWNLINK_STATUS 17 6643 418 0 461. 30.
18.44 34 GPS 0 50624961 356621065 0 80355 0 0 159001 12 0
18.44 34 SVINFO 6 10 0 3 30 -9 0
18.55 34 ACTUATORS 1498,1502,0,1288,1484
18.55 34 IR_SENSORS -919 7 1
18.90 34 NAVIGATION 0 1 0 0 38 0. 6571.9
18.90 34 WP_MOVED 1 506292.5 3566296.25 800.
18.90 34 GYRO_RATES -198 -163 -136 1.727876 -1.422443 -1.186824
18.90 34 GPS 0 50624961 356621065 0 80355 0 0 159249 12 0
18.90 34 ESTIMATOR 0. 0. 0. 0. 0.
18.90 34 BAT 1067 118 0 0 167 0 16
18.94 34 NAVIGATION 0 1 0 0 38 0. 6571.9
18.94 34 ATTITUDE 0 0 -75
18.94 34 CALIBRATION 0. 0.023 0.067 0
18.94 34 SERVO 9600 -9600 1068
19.08 34 GPS 0 50624961 356621065 0 80355 0 0 159501 12 0
19.08 34 SVINFO 8 3 0 3 30 -9 0
19.08 34 DESIRED 0. 0. 0. 0. 770. 0.
19.08 34 IR_DEBUG 663 653 663 653
19.08 34 NAVIGATION 0 1 0 0 38 0. 6571.9
19.08 34 WP_MOVED 2 506379.59375 3566304.75 800.
19.37 34 ESTIMATOR 0. 0. 0. 0. 0.
19.40 34 GPS 0 50624961 356621065 0 80355 0 0 159749 12 0
19.40 34 COMMANDS 1066,-6,-58,-327
19.40 34 NAVIGATION 0 1 0 0 38 0. 6571.9
19.40 34 ATTITUDE 0 0 -75
19.40 34 DL_VALUE 2 0.
19.40 34 FBW_STATUS 0 0 118
19.40 34 RAD_OF_IR 7 0 0.00211
19.43 34 DOWNLINK_STATUS 18 7080 446 0 437. 28.
19.46 34 IR_SENSORS -920 6 1
19.46 34 GPS 0 50624961 356621065 0 80355 0 0 160001 12 0
19.46 34 NAVIGATION 0 1 0 0 38 0. 6571.9
19.54 34 WP_MOVED 3 506366. 3566262. 0.
19.54 34 GYRO_RATES -198 -162 -136 1.727876 -1.413717 -1.186824
19.77 34 ESTIMATOR 0. 0. 0. 0. 0.
19.77 34 GPS 0 50624961 356621065 0 80355 0 0 160249 12 0
19.78 34 NAVIGATION 0 1 0 0 38 0. 6571.9
19.78 34 ATTITUDE 0 0 -75
19.96 34 DESIRED 0. 0. 0. 0. 770. 0.
19.96 34 NAVIGATION 0 1 0 0 38 0. 6571.9
19.96 34 GPS 0 50624961 356621065 0 80355 0 0 160501 12 0
19.96 34 WP_MOVED 0 506408. 3566304. 800.
20.07 34 ESTIMATOR 0. 0. 0. 0. 0.
20.38 34 COMMANDS 1069,-6,-53,-327
20.42 34 NAVIGATION 0 1 0 0 38 0. 6571.9
20.42 34 GPS 0 50624961 356621065 0 80355 0 0 160749 12 0
20.42 34 ATTITUDE 0 0 -75
20.42 34 DL_VALUE 3 0.
20.42 34 FBW_STATUS 0 0 118
20.43 34 DOWNLINK_STATUS 19 7427 466 0 347. 20.
20.57 34 RAD_OF_IR 6 0 0.00211
20.57 34 NAVIGATION_REF 506366 3566262 12
20.57 34 IR_SENSORS -920 6 1
20.57 34 NAVIGATION 0 1 0 0 38 0. 6571.9
20.57 34 GPS 0 50624961 356621065 0 80355 0 0 161001 12 0
20.57 34 WP_MOVED 1 506292.5 3566296.25 800.
20.57 34 GYRO_RATES -198 -162 -136 1.727876 -1.413717 -1.186824
20.58 34 ESTIMATOR 0. 0. 0. 0. 0.
20.58 34 BAT 1068 118 0 0 169 0 16
20.88 34 NAVIGATION 0 1 0 0 38 0. 6571.9
20.92 34 ATTITUDE 0 0 -75
20.92 34 CALIBRATION 0. 0.023 0.067 0
20.92 34 GPS 0 50624961 356621065 0 80355 0 0 161249 12 0
20.97 34 SERVO 9600 -9600 1069
20.97 34 DESIRED 0. 0. 0. 0. 770. 0.
20.97 34 IR_DEBUG 662 653 662 653
20.97 34 NAVIGATION 0 1 0 0 38 0. 6571.9
20.97 34 GPS 0 50624961 356621065 0 80355 0 0 161501 12 0
20.98 34 WP_MOVED 2 506379.59375 3566304.75 800.
21.18 34 ESTIMATOR 0. 0. 0. 0. 0.
21.18 34 COMMANDS 1064,-7,-63,-329
21.18 34 NAVIGATION 0 1 0 0 38 0. 6571.9
21.18 34 ATTITUDE 0 0 -75
21.18 34 DL_VALUE 4 0.
21.18 34 GPS 0 50624961 356621065 0 80355 0 0 161749 12 0
21.18 34 FBW_STATUS 0 0 118
21.35 34 RAD_OF_IR 6 0 0.00211
21.44 34 DOWNLINK_STATUS 20 7852 493 0 425. 27.
21.46 34 IR_SENSORS -919 6 1
21.46 34 NAVIGATION 0 1 0 0 38 0. 6571.9
21.46 34 WP_MOVED 3 506366. 3566262. 0.
21.46 34 GYRO_RATES -198 -162 -136 1.727876 -1.413717 -1.186824
21.46 34 GPS 0 50624961 356621065 0 80355 0 0 162001 12 0
21.53 34 ESTIMATOR 0. 0. 0. 0. 0.
21.57 34 NAVIGATION 0 1 0 0 38 0. 6571.9
21.57 34 ATTITUDE 0 0 -75
21.64 34 GPS 0 50624961 356621065 0 80355 0 0 162249 12 0
21.87 34 DESIRED 0. 0. 0. 0. 770. 0.
21.87 34 NAVIGATION 0 1 0 0 38 0. 6571.9
21.87 34 WP_MOVED 0 506408. 3566304. 800.
21.96 34 GPS 0 50624961 356621065 0 80355 0 0 162501 12 0
21.96 34 ESTIMATOR 0. 0. 0. 0. 0.
22.06 34 COMMANDS 1068,-7,-55,-325
22.06 34 NAVIGATION 0 1 0 0 38 0. 6571.9
22.06 34 ATTITUDE 0 0 -75
22.06 34 DL_VALUE 5 0.
22.26 34 FBW_STATUS 0 0 118
22.30 34 RAD_OF_IR 6 0 0.00211
22.30 34 GPS 0 50624961 356621065 0 80355 0 0 162749 12 0
22.30 34 IR_SENSORS -919 7 1
22.30 34 NAVIGATION 0 1 0 0 38 0. 6571.9
22.34 34 WP_MOVED 1 506292.5 3566296.25 800.
22.34 34 GYRO_RATES -199 -163 -136 1.736603 -1.422443 -1.186824
22.43 34 DOWNLINK_STATUS 21 8270 518 0 418. 25.
22.47 34 GPS 0 50624961 356621065 0 80355 0 0 163001 12 0
22.47 34 ESTIMATOR 0. 0. 0. 0. 0.
22.47 34 BAT 1067 118 0 0 171 0 16
22.54 34 NAVIGATION 0 1 0 0 38 0. 6571.9
22.54 34 ATTITUDE 0 0 -75
22.54 34 CALIBRATION 0. 0.023 0.067 0
22.76 34 SERVO 9600 -9600 1068
22.76 34 GPS 0 50624961 356621065 0 80355 0 0 163249 12 0
22.85 34 DESIRED 0. 0. 0. 0. 770. 0.
22.85 34 IR_DEBUG 661 651 661 651
22.85 34 NAVIGATION 0 1 0 0 38 0. 6571.9
22.85 34 WP_MOVED 2 506379.59375 3566304.75 800.
22.94 34 ESTIMATOR 0. 0. 0. 0. 0.
22.94 34 GPS 0 50624961 356621065 0 80355 0 0 163501 12 0
23.28 34 COMMANDS 1065,-4,-59,-325
23.28 34 NAVIGATION 0 1 0 0 38 0. 6571.9
23.28 34 ATTITUDE 0 0 -75
23.28 34 DL_VALUE 6 0.
23.28 34 FBW_STATUS 0 0 118
23.28 34 RAD_OF_IR 6 0 0.00211
23.43 34 DOWNLINK_STATUS 22 8586 538 0 316. 20.
23.49 34 ACTUATORS 1498,1502,0,1289,1484
23.49 34 GPS 0 50624961 356621065 0 80355 0 0 163749 12 0
23.49 34 IR_SENSORS -919 7 1
23.49 34 NAVIGATION 0 1 0 0 38 0. 6571.9
23.49 34 WP_MOVED 3 506366. 3566262. 0.
23.49 34 GYRO_RATES -198 -163 -136 1.727876 -1.422443 -1.186824
23.56 34 ESTIMATOR 0. 0. 0. 0. 0.
23.56 34 GPS 0 50624961 356621065 0 80355 0 0 164001 12 0
23.56 34 NAVIGATION 0 1 0 0 38 0. 6571.9
23.56 34 ATTITUDE 0 0 -75
23.89 34 DESIRED 0. 0. 0. 0. 770. 0.
23.93 34 GPS 0 50624961 356621065 0 80355 0 0 164249 12 0
23.93 34 NAVIGATION 0 1 0 0 38 0. 6571.9
23.93 34 WP_MOVED 0 506408. 3566304. 800.
23.93 34 PPRZ_MODE 0 0 3 0 0 1 0
24.07 34 ESTIMATOR 0. 0. 0. 0. 0.
24.07 34 GPS 0 50624961 356621065 0 80355 0 0 164501 12 0
24.07 34 SVINFO 12 26 0 3 28 -9 0
24.07 34 COMMANDS 1069,-7,-52,-329
24.07 34 NAVIGATION 0 1 0 0 38 0. 6571.9
24.07 34 ATTITUDE 0 0 -75
24.07 34 DL_VALUE 7 0.
24.07 34 FBW_STATUS 0 0 118
24.07 34 RAD_OF_IR 5 0 0.00211
24.17 34 IR_SENSORS -919 5 1
24.21 34 NAVIGATION 0 1 0 0 38 0. 6571.9
24.21 34 GPS 0 50624961 356621065 0 80355 0 0 164749 12 0
24.36 34 WP_MOVED 1 506292.5 3566296.25 800.
24.36 34 GYRO_RATES -198 -163 -136 1.727876 -1.422443 -1.186824
24.43 34 DOWNLINK_STATUS 23 9063 567 0 477. 29.
24.47 34 ESTIMATOR 0. 0. 0. 0. 0.
24.47 34 BAT 1068 118 0 0 173 0 16
24.47 34 NAVIGATION 0 1 0 0 38 0. 6571.9
24.47 34 ATTITUDE 0 0 -75
24.47 34 CALIBRATION 0. 0.023 0.067 0
24.47 34 GPS 0 50624961 356621065 0 80355 0 0 165001 12 0
24.47 34 SERVO 9600 -9600 1068
24.89 34 DESIRED 0. 0. 0. 0. 770. 0.
24.89 34 IR_DEBUG 662 653 662 653
24.89 34 NAVIGATION 0 1 0 0 38 0. 6571.9
24.89 34 GPS 0 50624961 356621065 0 80355 0 0 165249 12 0
24.89 34 WP_MOVED 2 506379.59375 3566304.75 800.
24.98 34 ESTIMATOR 0. 0. 0. 0. 0.
24.98 34 COMMANDS 1066,-6,-58,-327
24.98 34 NAVIGATION 0 1 0 0 38 0. 6571.9
24.98 34 ATTITUDE 0 0 -75
24.98 34 DL_VALUE 8 1.
24.98 34 GPS 0 50624961 356621065 0 80355 0 0 165501 12 0
24.98 34 FBW_STATUS 0 0 118
24.98 34 RAD_OF_IR 7 0 0.00211
25.02 34 IR_SENSORS -919 6 1
25.06 34 NAVIGATION 0 1 0 0 38 0. 6571.9
25.37 34 WP_MOVED 3 506366. 3566262. 0.
25.41 34 GYRO_RATES -198 -164 -136 1.727876 -1.43117 -1.186824
25.41 34 GPS 0 50624961 356621065 0 80355 0 0 165749 12 0
25.43 34 DOWNLINK_STATUS 24 9467 592 0 404. 25.
25.44 34 ESTIMATOR 0. 0. 0. 0. 0.
25.44 34 NAVIGATION 0 1 0 0 38 0. 6571.9
25.44 34 ATTITUDE 0 0 -75
25.90 34 GPS 0 50624961 356621065 0 80355 0 0 166001 12 0
25.90 34 DESIRED 0. 0. 0. 0. 770. 0.
25.90 34 NAVIGATION 0 1 0 0 38 0. 6571.9
25.90 34 WP_MOVED 0 506408. 3566304. 800.
25.90 34 GPS 0 50624961 356621065 0 80355 0 0 166249 12 0
25.97 34 COMMANDS 1068,-6,-53,-332
25.97 34 NAVIGATION 0 1 0 0 38 0. 6571.9
25.97 34 ATTITUDE 0 0 -75
25.97 34 DL_VALUE 9 -61.099998
25.97 34 FBW_STATUS 0 0 118
25.97 34 RAD_OF_IR 7 0 0.00211
25.97 34 GPS 0 50624961 356621065 0 80355 0 0 166501 12 0
26.42 34 IR_SENSORS -920 6 1
26.42 34 NAVIGATION 0 1 0 0 38 0. 6571.9
26.42 34 WP_MOVED 1 506292.5 3566296.25 800.
26.42 34 GYRO_RATES -198 -163 -136 1.727876 -1.422443 -1.186824
26.43 34 GPS 0 50624961 356621065 0 80355 0 0 166749 12 0
26.43 34 ESTIMATOR 0. 0. 0. 0. 0.
26.44 34 DOWNLINK_STATUS 25 9824 613 0 357. 21.
26.50 34 NAVIGATION 0 1 0 0 38 0. 6571.9
26.50 34 ATTITUDE 0 0 -75
26.50 34 CALIBRATION 0. 0.023 0.067 0
26.50 34 SERVO 9600 -9600 1069
26.50 34 GPS 0 50624961 356621065 0 80355 0 0 167001 12 0
26.50 34 DESIRED 0. 0. 0. 0. 770. 0.
26.64 34 NAVIGATION 0 1 0 0 38 0. 6571.9
26.64 34 WP_MOVED 2 506379.59375 3566304.75 800.
26.86 34 GPS 0 50624961 356621065 0 80355 0 0 167249 12 0
26.87 34 ESTIMATOR 0. 0. 0. 0. 0.
26.87 34 COMMANDS 1067,-4,-55,-325
26.87 34 NAVIGATION 0 1 0 0 38 0. 6571.9
26.87 34 ATTITUDE 0 0 -75
26.87 34 DL_VALUE 10 0.
26.87 34 FBW_STATUS 0 0 118
26.87 34 RAD_OF_IR 6 0 0.00211
26.98 34 GPS 0 50624961 356621065 0 80355 0 0 167501 12 0
26.98 34 IR_SENSORS -919 6 1
26.98 34 NAVIGATION 0 1 0 0 38 0. 6571.9
27.04 34 WP_MOVED 3 506366. 3566262. 0.
27.04 34 GYRO_RATES -198 -162 -136 1.727876 -1.413717 -1.186824
27.27 34 ESTIMATOR 0. 0. 0. 0. 0.
27.27 34 GPS 0 50624961 356621065 0 80355 0 0 167749 12 0
27.27 34 NAVIGATION 0 1 0 0 38 0. 6571.9
27.27 34 ATTITUDE 0 0 -75
27.44 34 DOWNLINK_STATUS 26 10230 638 0 406. 25.
27.46 34 DESIRED 0. 0. 0. 0. 770. 0.
27.46 34 GPS 0 50624961 356621065 0 80355 0 0 168001 12 0
27.46 34 NAVIGATION 0 1 0 0 38 0. 6571.9
27.46 34 WP_MOVED 0 506408. 3566304. 800.
27.57 34 ESTIMATOR 0. 0. 0. 0. 0.
27.89 34 GPS 0 50624961 356621065 0 80355 0 0 168249 12 0
27.93 34 COMMANDS 1067,-6,-55,-330
27.93 34 NAVIGATION 0 1 0 0 38 0. 6571.9
27.93 34 ATTITUDE 0 0 -75
27.93 34 DL_VALUE 11 1.
27.93 34 FBW_STATUS 0 0 118
27.95 34 RAD_OF_IR 7 0 0.00211
27.95 34 ACTUATORS 1497,1502,0,1288,1484
27.95 34 IR_SENSORS -920 6 1
27.95 34 NAVIGATION 0 1 0 0 38 0. 6571.9
28.18 34 GPS 0 50624961 356621065 0 80355 0 0 168501 12 0
28.19 34 SVINFO 12 26 0 3 28 -9 0
28.19 34 WP_MOVED 1 506292.5 3566296.25 800.
28.19 34 GYRO_RATES -198 -162 -136 1.727876 -1.413717 -1.186824
28.19 34 ESTIMATOR 0. 0. 0. 0. 0.
28.19 34 BAT 1069 118 0 0 177 0 17
28.36 34 NAVIGATION 0 1 0 0 38 0. 6571.9
28.36 34 ATTITUDE 0 0 -75
28.36 34 CALIBRATION 0. 0.023 0.067 0
28.36 34 GPS 0 50624961 356621065 0 80355 0 0 168749 12 0
28.36 34 SERVO 9600 -9600 1072
28.37 34 DESIRED 0. 0. 0. 0. 770. 0.
28.37 34 IR_DEBUG 662 652 662 652
28.37 34 NAVIGATION 0 1 0 0 38 0. 6571.9
28.44 34 DOWNLINK_STATUS 27 10701 667 0 471. 29.
28.45 34 GPS 0 50624961 356621065 0 80355 0 0 169001 12 0
28.46 34 WP_MOVED 2 506379.59375 3566304.75 800.
28.46 34 PPRZ_MODE 0 0 3 0 0 1 0
28.53 34 ESTIMATOR 0. 0. 0. 0. 0.
28.78 34 COMMANDS 1069,-9,-52,-325
28.78 34 NAVIGATION 0 1 0 0 38 0. 6571.9
28.78 34 ATTITUDE 0 0 -75
28.78 34 DL_VALUE 12 0.
28.78 34 GPS 0 50624961 356621065 0 80355 0 0 169249 12 0
28.84 34 FBW_STATUS 0 0 118
28.84 34 RAD_OF_IR 6 0 0.00211
28.84 34 NAVIGATION_REF 506366 3566262 12
28.84 34 IR_SENSORS -920 6 1
28.84 34 NAVIGATION 0 1 0 0 38 0. 6571.9
28.95 34 WP_MOVED 3 506366. 3566262. 0.
28.95 34 GYRO_RATES -198 -162 -136 1.727876 -1.413717 -1.186824
28.95 34 GPS 0 50624961 356621065 0 80355 0 0 169501 12 0
29.03 34 ESTIMATOR 0. 0. 0. 0. 0.
29.06 34 NAVIGATION 0 1 0 0 38 0. 6571.9
29.06 34 ATTITUDE 0 0 -75
29.26 34 GPS 0 50624961 356621065 0 80355 0 0 169749 12 0
29.36 34 DESIRED 0. 0. 0. 0. 770. 0.
29.36 34 NAVIGATION 0 1 0 0 38 0. 6571.9
29.36 34 WP_MOVED 0 506408. 3566304. 800.
29.44 34 DOWNLINK_STATUS 28 11093 691 0 392. 24.
29.45 34 GPS 0 50624961 356621065 0 80355 0 0 170001 12 0
29.46 34 ESTIMATOR 0. 0. 0. 0. 0.
29.77 34 COMMANDS 1066,-6,-55,-327
29.77 34 NAVIGATION 0 1 0 0 38 0. 6571.9
29.77 34 ATTITUDE 0 0 -75
29.77 34 DL_VALUE 13 517.
31.75 34 DOWNLINK_STATUS 30 11186 697 0 93. 6.
31.77 34 FBW_STATUS 0 0 118
31.80 34 GPS 0 50624961 356621065 0 80355 0 0 170249 12 0
31.80 34 RAD_OF_IR 7 0 0.00211
31.80 34 IR_SENSORS -919 7 1
31.80 34 NAVIGATION 0 1 0 0 38 0. 6571.9
31.80 34 WP_MOVED 1 506292.5 3566296.25 800.
31.80 34 GYRO_RATES -198 -163 -136 1.727876 -1.422443 -1.186824
31.80 34 GPS 0 50624961 356621065 0 80355 0 0 170501 12 0
31.80 34 ESTIMATOR 0. 0. 0. 0. 0.
31.80 34 BAT 1069 118 0 0 179 0 17
31.81 34 NAVIGATION 0 1 0 0 38 0. 6571.9
31.81 34 ATTITUDE 0 0 -75
31.81 34 CALIBRATION 0. 0.023 0.067 0
31.82 34 SERVO 9600 -9600 1075
31.82 34 GPS 0 50624961 356621065 0 80355 0 0 170749 12 0
31.82 34 DESIRED 0. 0. 0. 0. 770. 0.
31.82 34 IR_DEBUG 662 653 662 653
31.82 34 NAVIGATION 0 1 0 0 38 0. 6571.9
31.82 34 WP_MOVED 2 506379.59375 3566304.75 800.
31.84 34 ESTIMATOR 0. 0. 0. 0. 0.
31.84 34 GPS 0 50624961 356621065 0 80355 0 0 171001 12 0
31.85 34 COMMANDS 1069,-9,-52,-327
31.85 34 NAVIGATION 0 1 0 0 38 0. 6571.9
31.85 34 ATTITUDE 0 0 -75
31.85 34 DL_VALUE 14 482.
31.85 34 FBW_STATUS 0 0 118
31.85 34 RAD_OF_IR 7 0 0.00211
31.85 34 IR_SENSORS -921 7 1
31.85 34 GPS 0 50624961 356621065 0 80355 0 0 171249 12 0
31.85 34 NAVIGATION 0 1 0 0 38 0. 6571.9
31.85 34 WP_MOVED 3 506366. 3566262. 0.
31.85 34 GYRO_RATES -199 -163 -136 1.736603 -1.422443 -1.186824
31.86 34 ESTIMATOR 0. 0. 0. 0. 0.
31.86 34 GPS 0 50624961 356621065 0 80355 0 0 171501 12 0
31.86 34 NAVIGATION 0 1 0 0 38 0. 6571.9
31.86 34 ATTITUDE 0 0 -75
31.88 34 DESIRED 0. 0. 0. 0. 770. 0.
31.88 34 GPS 0 50624961 356621065 0 80355 0 0 171749 12 0
31.88 34 NAVIGATION 0 1 0 0 38 0. 6571.9
31.88 34 WP_MOVED 0 506408. 3566304. 800.
31.90 34 ESTIMATOR 0. 0. 0. 0. 0.
31.90 34 COMMANDS 1066,-6,-55,-325
31.90 34 NAVIGATION 0 1 0 0 38 0. 6571.9
31.91 34 GPS 0 50624961 356621065 0 80355 0 0 172001 12 0
31.91 34 ATTITUDE 0 0 -75
31.91 34 DL_VALUE 15 455.
31.91 34 FBW_STATUS 0 0 118
31.91 34 RAD_OF_IR 6 0 0.00211
31.93 34 IR_SENSORS -919 6 1
31.93 34 NAVIGATION 0 1 0 0 38 0. 6571.9
31.93 34 GPS 0 50624961 356621065 0 80355 0 0 172249 12 0
31.93 34 WP_MOVED 1 506292.5 3566296.25 800.
31.93 34 GYRO_RATES -199 -163 -137 1.736603 -1.422443 -1.195551
31.99 34 ESTIMATOR 0. 0. 0. 0. 0.
31.99 34 BAT 1070 118 0 0 181 0 17
31.99 34 NAVIGATION 0 1 0 0 38 0. 6571.9
31.99 34 ATTITUDE 0 0 -75
31.99 34 CALIBRATION 0. 0.023 0.067 0
31.99 34 GPS 0 50624961 356621065 0 80355 0 0 172501 12 0
32.20 34 SERVO 9600 -9600 1068
32.20 34 DESIRED 0. 0. 0. 0. 770. 0.
32.20 34 IR_DEBUG 663 654 663 654
32.20 34 NAVIGATION 0 1 0 0 38 0. 6571.9
32.20 34 GPS 0 50624961 356621065 0 80355 0 0 172749 12 0
32.20 34 WP_MOVED 2 506379.59375 3566304.75 800.
32.33 34 ESTIMATOR 0. 0. 0. 0. 0.
32.37 34 COMMANDS 1069,-9,-52,-329
32.37 34 NAVIGATION 0 1 0 0 38 0. 6571.9
32.38 34 ATTITUDE 0 0 -75
32.38 34 DL_VALUE 16 7500.
32.44 34 GPS 0 50624961 356621065 0 80355 0 0 173001 12 0
32.44 34 FBW_STATUS 0 0 118
32.44 34 RAD_OF_IR 6 0 0.00211
32.53 34 ACTUATORS 1498,1502,0,1289,1483
32.53 34 IR_SENSORS -920 6 1
32.56 34 NAVIGATION 0 1 0 0 38 0. 6571.9
32.74 34 DOWNLINK_STATUS 31 12405 773 0 1219. 76.
32.87 34 GPS 0 50624961 356621065 0 80355 0 0 173249 12 0
32.91 34 WP_MOVED 3 506366. 3566262. 0.
32.91 34 GYRO_RATES -198 -163 -137 1.727876 -1.422443 -1.195551
33.31 34 ESTIMATOR 0. 0. 0. 0. 0.
33.31 34 NAVIGATION 0 1 0 0 38 0. 6571.9
33.31 34 ATTITUDE 0 0 -75
33.31 34 GPS 0 50624961 356621065 0 80355 0 0 173501 12 0
33.31 34 DESIRED 0. 0. 0. 0. 770. 0.
33.38 34 WP_MOVED 0 506408. 3566304. 800.
33.38 34 PPRZ_MODE 0 0 3 0 0 1 0
33.38 34 GPS 0 50624961 356621065 0 80355 0 0 173749 12 0
33.38 34 ESTIMATOR 0. 0. 0. 0. 0.
33.38 34 COMMANDS 1068,-7,-55,-327
33.38 34 NAVIGATION 0 1 0 0 38 0. 6571.9
33.38 34 ATTITUDE 0 0 -75
33.38 34 FBW_STATUS 0 0 118
33.38 34 RAD_OF_IR 7 0 0.00211
33.43 34 GPS 0 50624961 356621065 0 80355 0 0 174001 12 0
33.74 34 DOWNLINK_STATUS 32 12720 791 0 315. 18.
33.77 34 IR_SENSORS -919 7 1
33.81 34 NAVIGATION 0 1 0 0 38 0. 6571.9
33.81 34 WP_MOVED 1 506292.5 3566296.25 800.
33.81 34 GYRO_RATES -198 -162 -136 1.727876 -1.413717 -1.186824
33.87 34 ESTIMATOR 0. 0. 0. 0. 0.
33.87 34 BAT 1068 118 0 0 183 0 17
33.87 34 GPS 0 50624961 356621065 0 80355 0 0 174249 12 0
33.87 34 NAVIGATION 0 1 0 0 38 0. 6571.9
33.87 34 ATTITUDE 0 0 -75
33.87 34 CALIBRATION 0. 0.023 0.067 0
33.87 34 SERVO 9600 -9600 1066
34.07 34 GPS 0 50624961 356621065 0 80355 0 0 174501 12 0
34.07 34 DESIRED 0. 0. 0. 0. 770. 0.
34.07 34 IR_DEBUG 662 653 662 653
34.07 34 NAVIGATION 0 1 0 0 38 0. 6571.9
34.07 34 WP_MOVED 2 506379.59375 3566304.75 800.
34.27 34 ESTIMATOR 0. 0. 0. 0. 0.
34.28 34 GPS 0 50624961 356621065 0 80355 0 0 174749 12 0
34.35 34 COMMANDS 1069,-4,-52,-329
34.36 34 NAVIGATION 0 1 0 0 38 0. 6571.9
34.36 34 ATTITUDE 0 0 -75
34.36 34 DL_VALUE 18 10000.
34.36 34 FBW_STATUS 0 0 118
34.36 34 RAD_OF_IR 6 0 0.00211
34.46 34 GPS 0 50624961 356621065 0 80355 0 0 175001 12 0
34.46 34 IR_SENSORS -919 7 1
34.46 34 NAVIGATION 0 1 0 0 38 0. 6571.9
34.74 34 DOWNLINK_STATUS 33 13150 818 0 430. 27.
34.76 34 WP_MOVED 3 506366. 3566262. 0.
34.80 34 GYRO_RATES -198 -162 -136 1.727876 -1.413717 -1.186824
34.86 34 ESTIMATOR 0. 0. 0. 0. 0.
34.86 34 GPS 0 50624961 356621065 0 80355 0 0 175249 12 0
34.86 34 NAVIGATION 0 1 0 0 38 0. 6571.9
34.86 34 ATTITUDE 0 0 -75
34.96 34 DESIRED 0. 0. 0. 0. 770. 0.
34.96 34 GPS 0 50624961 356621065 0 80355 0 0 175501 12 0
34.96 34 NAVIGATION 0 1 0 0 38 0. 6571.9
34.96 34 WP_MOVED 0 506408. 3566304. 800.
35.07 34 ESTIMATOR 0. 0. 0. 0. 0.
35.39 34 GPS 0 50624961 356621065 0 80355 0 0 175749 12 0
35.39 34 COMMANDS 1066,-4,-55,-325
35.39 34 NAVIGATION 0 1 0 0 38 0. 6571.9
35.39 34 ATTITUDE 0 0 -75
35.39 34 DL_VALUE 19 3000.
35.39 34 FBW_STATUS 0 0 118
35.39 34 RAD_OF_IR 6 0 0.00211
35.74 34 DOWNLINK_STATUS 34 13454 836 0 304. 18.
35.90 34 NAVIGATION 0 1 0 0 38 0. 6571.9
35.94 34 GPS 0 50624961 356621065 0 80355 0 0 176001 12 0
35.94 34 WP_MOVED 1 506292.5 3566296.25 800.
35.94 34 GYRO_RATES -198 -162 -136 1.727876 -1.413717 -1.186824
35.94 34 ESTIMATOR 0. 0. 0. 0. 0.
35.98 34 NAVIGATION 0 1 0 0 38 0. 6571.9
35.98 34 GPS 0 50624961 356621065 0 80355 0 0 176249 12 0
35.98 34 ATTITUDE 0 0 -75
35.98 34 CALIBRATION 0. 0.023 0.067 0
35.98 34 SERVO 9600 -9600 1065
35.98 34 DESIRED 0. 0. 0. 0. 770. 0.
36.20 34 NAVIGATION 0 1 0 0 38 0. 6571.9
36.20 34 GPS 0 50624961 356621065 0 80355 0 0 176501 12 0
36.20 34 WP_MOVED 2 506379.59375 3566304.75 800.
36.20 34 ESTIMATOR 0. 0. 0. 0. 0.
36.20 34 COMMANDS 1069,-4,-52,-327
36.20 34 ATTITUDE 0 0 -75
36.20 34 DL_VALUE 20 20000.
36.20 34 GPS 0 50624961 356621065 0 80355 0 0 176749 12 0
36.20 34 FBW_STATUS 0 0 118
36.35 34 RAD_OF_IR 7 0 0.00211
36.59 34 IR_SENSORS -919 7 1
36.59 34 NAVIGATION 0 1 0 0 38 0. 6571.9
36.59 34 WP_MOVED 3 506366. 3566262. 0.
36.59 34 GYRO_RATES -199 -162 -135 1.736603 -1.413717 -1.178097
36.59 34 GPS 0 50624961 356621065 0 80355 0 0 177001 12 0
36.65 34 ESTIMATOR 0. 0. 0. 0. 0.
36.65 34 NAVIGATION 0 1 0 0 38 0. 6571.9
36.65 34 ATTITUDE 0 0 -75
36.65 34 GPS 0 50624961 356621065 0 80355 0 0 177249 12 0
36.74 34 DOWNLINK_STATUS 35 13971 866 0 517. 30.
36.86 34 DESIRED 0. 0. 0. 0. 770. 0.
37.32 34 NAVIGATION 0 1 0 0 38 0. 6571.9
37.32 34 WP_MOVED 0 506408. 3566304. 800.
37.32 34 GPS 0 50624961 356621065 0 80355 0 0 177501 12 0
37.32 34 ESTIMATOR 0. 0. 0. 0. 0.
37.32 34 COMMANDS 1076,-6,-42,-330
37.32 34 NAVIGATION 0 1 0 0 38 0. 6571.9
37.39 34 DL_VALUE 21 17500.
37.39 34 FBW_STATUS 0 0 118
37.39 34 GPS 0 50624961 356621065 0 80355 0 0 177749 12 0
37.39 34 RAD_OF_IR 6 0 0.00211
37.39 34 NAVIGATION_REF 506366 3566262 12
37.39 34 ACTUATORS 1497,1502,0,1289,1483
37.39 34 IR_SENSORS -920 6 1
37.39 34 NAVIGATION 0 1 0 0 38 0. 6571.9
37.49 34 WP_MOVED 1 506292.5 3566296.25 800.
37.51 34 GYRO_RATES -198 -163 -136 1.727876 -1.422443 -1.186824
37.51 34 GPS 0 50624961 356621065 0 80355 0 0 178001 12 0
37.51 34 ESTIMATOR 0. 0. 0. 0. 0.
37.55 34 BAT 1064 118 0 0 187 0 18
37.56 34 NAVIGATION 0 1 0 0 38 0. 6571.9
37.56 34 ATTITUDE 0 0 -75
37.56 34 CALIBRATION 0. 0.023 0.067 0
37.74 34 DOWNLINK_STATUS 36 14346 889 0 375. 23.
37.78 34 SERVO 9600 -9600 1068
37.82 34 GPS 0 50624961 356621065 0 80355 0 0 178249 12 0
37.86 34 DESIRED 0. 0. 0. 0. 770. 0.
37.86 34 IR_DEBUG 661 652 661 652
37.86 34 NAVIGATION 0 1 0 0 38 0. 6571.9
37.86 34 WP_MOVED 2 506379.59375 3566304.75 800.
37.86 34 PPRZ_MODE 0 0 3 0 0 1 0
38.08 34 ESTIMATOR 0. 0. 0. 0. 0.
38.08 34 GPS 0 50624961 356621065 0 80355 0 0 178501 12 0
38.08 34 COMMANDS 1067,-3,-53,-325
38.08 34 NAVIGATION 0 1 0 0 38 0. 6571.9
38.08 34 ATTITUDE 0 0 -75
38.08 34 DL_VALUE 22 20000.
38.08 34 FBW_STATUS 0 0 118
38.08 34 RAD_OF_IR 7 0 0.00211
38.17 34 GPS 0 50624961 356621065 0 80355 0 0 178749 12 0
38.17 34 IR_SENSORS -920 6 1
38.36 34 NAVIGATION 0 1 0 0 38 0. 6571.9
38.36 34 WP_MOVED 3 506366. 3566262. 0.
38.36 34 GYRO_RATES -199 -163 -136 1.736603 -1.422443 -1.186824
38.36 34 ESTIMATOR 0. 0. 0. 0. 0.
38.45 34 GPS 0 50624961 356621065 0 80355 0 0 179001 12 0
38.45 34 NAVIGATION 0 1 0 0 38 0. 6571.9
38.45 34 ATTITUDE 0 0 -75
38.74 34 DOWNLINK_STATUS 37 14730 913 0 384. 24.
38.78 34 DESIRED 0. 0. 0. 0. 770. 0.
38.81 34 GPS 0 50624961 356621065 0 80355 0 0 179249 12 0
38.82 34 NAVIGATION 0 1 0 0 38 0. 6571.9
38.82 34 WP_MOVED 0 506408. 3566304. 800.
38.84 34 ESTIMATOR 0. 0. 0. 0. 0.
39.08 34 COMMANDS 1069,-6,-50,-325
39.08 34 NAVIGATION 0 1 0 0 38 0. 6571.9
39.08 34 GPS 0 50624961 356621065 0 80355 0 0 179501 12 0
39.08 34 ATTITUDE 0 0 -75
39.08 34 DL_VALUE 23 0.
39.18 34 FBW_STATUS 0 0 118
39.18 34 RAD_OF_IR 7 0 0.00211
39.18 34 IR_SENSORS -919 7 1
39.18 34 NAVIGATION 0 1 0 0 38 0. 6571.9
39.18 34 GPS 0 50624961 356621065 0 80355 0 0 179749 12 0
39.24 34 WP_MOVED 1 506292.5 3566296.25 800.
39.24 34 GYRO_RATES -199 -163 -136 1.736603 -1.422443 -1.186824
39.34 34 ESTIMATOR 0. 0. 0. 0. 0.
39.38 34 BAT 1067 118 0 0 189 0 18
39.56 34 NAVIGATION 0 1 0 0 38 0. 6571.9
39.56 34 ATTITUDE 0 0 -75
39.56 34 CALIBRATION 0. 0.023 0.067 0
39.56 34 GPS 0 50624961 356621065 0 80355 0 0 180001 12 0
39.56 34 SERVO 9600 -9600 1068
39.69 34 DESIRED 0. 0. 0. 0. 770. 0.
39.69 34 IR_DEBUG 661 652 661 652
39.69 34 NAVIGATION 0 1 0 0 38 0. 6571.9
39.69 34 GPS 0 50624961 356621065 0 80355 0 0 180249 12 0
39.69 34 WP_MOVED 2 506379.59375 3566304.75 800.
39.75 34 DOWNLINK_STATUS 38 15220 942 0 490. 29.
39.76 34 ESTIMATOR 0. 0. 0. 0. 0.
40.09 34 COMMANDS 1066,-3,-53,-324
40.14 34 NAVIGATION 0 1 0 0 38 0. 6571.9
40.14 34 ATTITUDE 0 0 -75
40.14 34 DL_VALUE 24 2150.
40.14 34 GPS 0 50624961 356621065 0 80355 0 0 180501 12 0
40.14 34 SVINFO 12 26 0 3 24 -9 0
40.14 34 FBW_STATUS 0 0 118
40.14 34 RAD_OF_IR 6 0 0.00211
40.15 34 IR_SENSORS -919 7 1
40.15 34 NAVIGATION 0 1 0 0 38 0. 6571.9
40.28 34 GPS 0 50624961 356621065 0 80355 0 0 180749 12 0
40.28 34 SVINFO 13 30 0 3 33 -9 0
40.28 34 WP_MOVED 3 506366. 3566262. 0.
40.29 34 GYRO_RATES -198 -163 -137 1.727876 -1.422443 -1.195551
40.29 34 ESTIMATOR 0. 0. 0. 0. 0.
40.33 34 NAVIGATION 0 1 0 0 38 0. 6571.9
40.33 34 ATTITUDE 0 0 -75
40.56 34 GPS 0 50624961 356621065 0 80355 0 0 181001 12 0
40.58 34 DESIRED 0. 0. 0. 0. 770. 0.
40.58 34 NAVIGATION 0 1 0 0 38 0. 6571.9
40.64 34 WP_MOVED 0 506408. 3566304. 800.
40.64 34 GPS 0 50624961 356621065 0 80355 0 0 181249 12 0
40.75 34 DOWNLINK_STATUS 39 15597 965 0 377. 23.
40.86 34 ESTIMATOR 0. 0. 0. 0. 0.
40.89 34 COMMANDS 1068,-6,-53,-327
40.89 34 NAVIGATION 0 1 0 0 38 0. 6571.9
40.89 34 ATTITUDE 0 0 -75
40.89 34 DL_VALUE 25 5300.
40.89 34 FBW_STATUS 0 0 118
41.06 34 RAD_OF_IR 7 0 0.00211
41.06 34 GPS 0 50624961 356621065 0 80355 0 0 181501 12 0
41.29 34 IR_SENSORS -920 6 1
41.29 34 NAVIGATION 0 1 0 0 38 0. 6571.9
41.29 34 WP_MOVED 1 506292.5 3566296.25 800.
41.30 34 GYRO_RATES -198 -162 -136 1.727876 -1.413717 -1.186824
41.30 34 GPS 0 50624961 356621065 0 80355 0 0 181749 12 0
41.30 34 SVINFO 1 23 0 3 31 -9 0
41.30 34 BAT 1067 118 0 0 191 0 18
41.30 34 NAVIGATION 0 1 0 0 38 0. 6571.9
41.30 34 ATTITUDE 0 0 -75
41.31 34 CALIBRATION 0. 0.023 0.067 0
41.33 34 SERVO 9600 -9600 1065
41.68 34 GPS 0 50624961 356621065 0 80355 0 0 182001 12 0
41.68 34 DESIRED 0. 0. 0. 0. 770. 0.
41.68 34 IR_DEBUG 661 652 661 652
41.68 34 NAVIGATION 0 1 0 0 38 0. 6571.9
41.75 34 DOWNLINK_STATUS 40 15947 988 0 350. 23.
42.10 34 ESTIMATOR 0. 0. 0. 0. 0.
42.14 34 GPS 0 50624961 356621065 0 80355 0 0 182249 12 0
42.14 34 SVINFO 3 27 0 3 33 -9 0
42.14 34 COMMANDS 1068,-3,-52,-327
42.14 34 NAVIGATION 0 1 0 0 38 0. 6571.9
42.14 34 ATTITUDE 0 0 -75
42.19 34 FBW_STATUS 0 0 118
42.19 34 RAD_OF_IR 6 0 0.00211
42.19 34 GPS 0 50624961 356621065 0 80355 0 0 182501 12 0
42.19 34 ACTUATORS 1497,1502,0,1289,1483
42.19 34 IR_SENSORS -919 7 1
42.19 34 NAVIGATION 0 1 0 0 38 0. 6571.9
42.19 34 WP_MOVED 3 506366. 3566262. 0.
42.36 34 ESTIMATOR 0. 0. 0. 0. 0.
42.36 34 GPS 0 50624961 356621065 0 80355 0 0 182749 12 0
42.36 34 NAVIGATION 0 1 0 0 38 0. 6571.9
42.36 34 ATTITUDE 0 0 -75
42.70 34 DESIRED 0. 0. 0. 0. 770. 0.
42.70 34 GPS 0 50624961 356621065 0 80355 0 0 183001 12 0
42.70 34 SVINFO 6 10 0 3 33 -9 0
42.70 34 NAVIGATION 0 1 0 0 38 0. 6571.9
42.70 34 WP_MOVED 0 506408. 3566304. 800.
42.70 34 PPRZ_MODE 0 0 3 0 0 1 0
42.75 34 DOWNLINK_STATUS 41 16319 1011 0 372. 23.
42.89 34 ESTIMATOR 0. 0. 0. 0. 0.
42.93 34 GPS 0 50624961 356621065 0 80355 0 0 183249 12 0
42.93 34 COMMANDS 1067,-6,-53,-322
42.93 34 NAVIGATION 0 1 0 0 38 0. 6571.9
42.93 34 ATTITUDE 0 0 -75
42.93 34 DL_VALUE 27 4000.
43.00 34 FBW_STATUS 0 0 118
43.00 34 RAD_OF_IR 7 0 0.00211
43.00 34 IR_SENSORS -919 7 1
43.00 34 GPS 0 50624961 356621065 0 80355 0 0 183501 12 0
43.00 34 NAVIGATION 0 1 0 0 38 0. 6571.9
43.00 34 WP_MOVED 1 506292.5 3566296.25 800.
43.00 34 GYRO_RATES -198 -162 -136 1.727876 -1.413717 -1.186824
43.16 34 ESTIMATOR 0. 0. 0. 0. 0.
43.16 34 BAT 1068 118 0 0 193 0 18
43.37 34 NAVIGATION 0 1 0 0 38 0. 6571.9
43.37 34 GPS 0 50624961 356621065 0 80355 0 0 183749 12 0
43.37 34 SVINFO 9 8 0 3 34 -9 0
43.37 34 ATTITUDE 0 0 -75
43.37 34 CALIBRATION 0. 0.023 0.067 0
43.37 34 SERVO 9600 -9600 1071
43.38 34 DESIRED 0. 0. 0. 0. 770. 0.
43.38 34 IR_DEBUG 662 652 662 652
43.38 34 NAVIGATION 0 1 0 0 38 0. 6571.9
43.44 34 GPS 0 50624961 356621065 0 80355 0 0 184001 12 0
43.44 34 WP_MOVED 2 506379.59375 3566304.75 800.
43.66 34 ESTIMATOR 0. 0. 0. 0. 0.
43.75 34 DOWNLINK_STATUS 42 16755 1038 0 436. 27.
43.77 34 COMMANDS 1068,-6,-53,-327
43.78 34 NAVIGATION 0 1 0 0 38 0. 6571.9
43.78 34 ATTITUDE 0 0 -75
43.78 34 DL_VALUE 28 0.228
43.79 34 GPS 0 50624961 356621065 0 80355 0 0 184249 12 0
43.79 34 FBW_STATUS 0 0 118
43.79 34 RAD_OF_IR 6 0 0.00211
43.79 34 IR_SENSORS -920 6 1
43.83 34 NAVIGATION 0 1 0 0 38 0. 6571.9
43.96 34 WP_MOVED 3 506366. 3566262. 0.
43.96 34 GYRO_RATES -198 -162 -136 1.727876 -1.413717 -1.186824
43.96 34 GPS 0 50624961 356621065 0 80355 0 0 184501 12 0
43.96 34 SVINFO 12 26 0 3 26 -9 0
44.16 34 ESTIMATOR 0. 0. 0. 0. 0.
44.27 34 NAVIGATION 0 1 0 0 38 0. 6571.9
44.27 34 ATTITUDE 0 0 -75
44.27 34 GPS 0 50624961 356621065 0 80355 0 0 184749 12 0
44.27 34 SVINFO 13 30 0 3 34 -9 0
44.27 34 DESIRED 0. 0. 0. 0. 770. 0.
44.35 34 NAVIGATION 0 1 0 0 38 0. 6571.9
44.38 34 WP_MOVED 0 506408. 3566304. 800.
44.46 34 GPS 0 50624961 356621065 0 80355 0 0 185001 12 0
44.46 34 ESTIMATOR 0. 0. 0. 0. 0.
44.65 34 COMMANDS 1069,-7,-52,-329
44.65 34 NAVIGATION 0 1 0 0 38 0. 6571.9
44.65 34 ATTITUDE 0 0 -75
44.65 34 DL_VALUE 29 0.42
44.75 34 DOWNLINK_STATUS 43 17176 1065 0 421. 27.
44.86 34 FBW_STATUS 0 0 118
44.90 34 GPS 0 50624961 356621065 0 80355 0 0 185249 12 0
44.90 34 RAD_OF_IR 7 0 0.00211
44.90 34 IR_SENSORS -919 6 1
44.90 34 NAVIGATION 0 1 0 0 38 0. 6571.9
44.90 34 WP_MOVED 1 506292.5 3566296.25 800.
44.90 34 GYRO_RATES -199 -163 -136 1.736603 -1.422443 -1.186824
45.07 34 GPS 0 50624961 356621065 0 80355 0 0 185501 12 0
45.08 34 ESTIMATOR 0. 0. 0. 0. 0.
45.08 34 BAT 1069 118 0 0 195 0 18
45.08 34 NAVIGATION 0 1 0 0 38 0. 6571.9
45.08 34 ATTITUDE 0 0 -75
45.08 34 CALIBRATION 0. 0.023 0.067 0
45.16 34 SERVO 9600 -9600 1069
45.16 34 GPS 0 50624961 356621065 0 80355 0 0 185749 12 0
45.16 34 SVINFO 1 23 0 3 32 -9 0
45.25 34 DESIRED 0. 0. 0. 0. 770. 0.
45.25 34 IR_DEBUG 662 653 662 653
45.25 34 NAVIGATION 0 1 0 0 38 0. 6571.9
45.56 34 WP_MOVED 2 506379.59375 3566304.75 800.
45.68 34 ESTIMATOR 0. 0. 0. 0. 0.
45.68 34 GPS 0 50624961 356621065 0 80355 0 0 186001 12 0
45.68 34 COMMANDS 1069,-4,-52,-329
45.68 34 NAVIGATION 0 1 0 0 38 0. 6571.9
45.68 34 ATTITUDE 0 0 -75
45.68 34 DL_VALUE 30 0.
45.68 34 FBW_STATUS 0 0 118
45.68 34 RAD_OF_IR 6 0 0.00211
45.75 34 DOWNLINK_STATUS 44 17605 1093 0 429. 28.
45.88 34 GPS 0 50624961 356621065 0 80355 0 0 186249 12 0
45.91 34 SVINFO 3 27 0 3 35 -9 0
45.91 34 IR_SENSORS -919 6 1
45.91 34 NAVIGATION 0 1 0 0 38 0. 6571.9
45.91 34 WP_MOVED 3 506366. 3566262. 0.
45.91 34 GYRO_RATES -199 -163 -136 1.736603 -1.422443 -1.186824
45.91 34 ESTIMATOR 0. 0. 0. 0. 0.
46.07 34 GPS 0 50624961 356621065 0 80355 0 0 186501 12 0
46.07 34 NAVIGATION 0 1 0 0 38 0. 6571.9
46.07 34 ATTITUDE 0 0 -75
46.27 34 GPS 0 50624961 356621065 0 80355 0 0 186749 12 0
46.27 34 SVINFO 5 4 0 3 33 -9 0
46.27 34 DESIRED 0. 0. 0. 0. 770. 0.
46.27 34 NAVIGATION 0 1 0 0 38 0. 6571.9
46.27 34 WP_MOVED 0 506408. 3566304. 800.
46.33 34 ESTIMATOR 0. 0. 0. 0. 0.
46.59 34 GPS 0 50624961 356621065 0 80355 0 0 187001 12 0
46.59 34 COMMANDS 1071,-6,-45,-330
46.59 34 NAVIGATION 0 1 0 0 38 0. 6571.9
46.59 34 ATTITUDE 0 0 -74
46.59 34 DL_VALUE 31 0.023
46.70 34 FBW_STATUS 0 0 118
46.70 34 RAD_OF_IR 6 0 0.00211
46.70 34 ACTUATORS 1497,1502,0,1289,1483
46.70 34 IR_SENSORS -919 7 1
46.70 34 GPS 0 50624961 356621065 0 80355 0 0 187249 12 0
46.70 34 NAVIGATION 0 1 0 0 38 0. 6571.9
46.75 34 DOWNLINK_STATUS 45 18048 1120 0 443. 27.
46.85 34 WP_MOVED 1 506292.5 3566296.25 800.
46.89 34 GYRO_RATES -198 -163 -136 1.727876 -1.422443 -1.186824
46.89 34 ESTIMATOR 0. 0. 0. 0. 0.
46.89 34 BAT 1067 118 0 0 197 1 18
47.08 34 NAVIGATION 0 1 0 0 38 0. 6571.9
47.08 34 ATTITUDE 0 0 -75
47.08 34 CALIBRATION 0. 0.023 0.067 0
47.08 34 GPS 0 50624961 356621065 0 80355 0 0 187501 12 0
47.29 34 SERVO 9600 -9600 1067
47.29 34 DESIRED 0. 0. 0. 0. 770. 0.
47.29 34 IR_DEBUG 662 653 662 653
47.29 34 NAVIGATION 0 1 0 0 38 0. 6571.9
47.30 34 GPS 0 50624961 356621065 0 80355 0 0 187749 12 0
47.30 34 SVINFO 9 8 0 3 33 -9 0
47.30 34 WP_MOVED 2 506379.59375 3566304.75 800.
47.60 34 PPRZ_MODE 0 0 3 0 0 1 0
47.60 34 ESTIMATOR 0. 0. 0. 0. 0.
47.60 34 COMMANDS 1069,6,-52,-327
47.60 34 NAVIGATION 0 1 0 0 38 0. 6571.9
47.60 34 ATTITUDE 0 0 -75
47.60 34 DL_VALUE 32 0.001
47.60 34 GPS 0 50624961 356621065 0 80355 0 0 188001 12 0
47.61 34 FBW_STATUS 0 0 118
47.64 34 IR_SENSORS -920 6 1
47.64 34 NAVIGATION 0 1 0 0 38 0. 6571.9
47.76 34 GPS 0 50624961 356621065 0 80355 0 0 188249 12 0
47.76 34 WP_MOVED 3 506366. 3566262. 0.
47.76 34 GYRO_RATES -198 -164 -136 1.727876 -1.43117 -1.186824
47.76 34 DOWNLINK_STATUS 46 18496 1148 0 448. 28.
47.76 34 ESTIMATOR 0. 0. 0. 0. 0.
47.83 34 NAVIGATION 0 1 0 0 38 0. 6571.9
47.87 34 ATTITUDE 0 0 -75
48.06 34 GPS 0 50624961 356621065 0 80355 0 0 188501 12 0
48.08 34 DESIRED 0. 0. 0. 0. 770. 0.
48.08 34 NAVIGATION 0 1 0 0 38 0. 6571.9
48.17 34 WP_MOVED 0 506408. 3566304. 800.
48.17 34 GPS 0 50624961 356621065 0 80355 0 0 188749 12 0
48.17 34 SVINFO 13 30 0 3 35 -9 0
48.23 34 ESTIMATOR 0. 0. 0. 0. 0.
48.35 34 COMMANDS 1065,-4,-52,-317
48.35 34 NAVIGATION 0 1 0 0 38 0. 6571.9
48.35 34 ATTITUDE 0 0 -75
48.35 34 DL_VALUE 33 0.01
48.35 34 FBW_STATUS 0 0 118
48.36 34 RAD_OF_IR 7 0 0.00211
48.56 34 GPS 0 50624961 356621065 0 80355 0 0 189001 12 0
48.76 34 DOWNLINK_STATUS 47 18775 1165 0 279. 17.
48.80 34 IR_SENSORS -921 7 1
48.83 34 NAVIGATION 0 1 0 0 38 0. 6571.9
48.83 34 WP_MOVED 1 506292.5 3566296.25 800.
48.83 34 GYRO_RATES -198 -163 -136 1.727876 -1.422443 -1.186824
48.83 34 GPS 0 50624961 356621065 0 80355 0 0 189249 12 0
48.83 34 ESTIMATOR 0. 0. 0. 0. 0.
48.83 34 NAVIGATION 0 1 0 0 38 0. 6571.9
48.83 34 ATTITUDE 0 0 -75
48.83 34 CALIBRATION 0. 0.023 0.067 0
48.83 34 SERVO 9600 -9600 1068
49.19 34 GPS 0 50624961 356621065 0 80355 0 0 189501 12 0
49.19 34 DESIRED 0. 0. 0. 0. 770. 0.
49.19 34 IR_DEBUG 662 653 662 653
49.19 34 NAVIGATION 0 1 0 0 38 0. 6571.9
49.26 34 WP_MOVED 2 506379.59375 3566304.75 800.
49.26 34 ESTIMATOR 0. 0. 0. 0. 0.
49.26 34 GPS 0 50624961 356621065 0 80355 0 0 189749 12 0
49.26 34 SVINFO 1 23 0 3 34 -9 0
49.27 34 COMMANDS 1067,-4,-53,-325
49.27 34 NAVIGATION 0 1 0 0 38 0. 6571.9
49.27 34 ATTITUDE 0 0 -75
49.27 34 DL_VALUE 34 1.
49.37 34 FBW_STATUS 0 0 118
49.41 34 RAD_OF_IR 6 0 0.00211
49.47 34 GPS 0 50624961 356621065 0 80355 0 0 190001 12 0
49.47 34 SVINFO 2 28 0 3 33 -9 0
49.47 34 IR_SENSORS -919 6 1
49.47 34 NAVIGATION 0 1 0 0 38 0. 6571.9
49.66 34 WP_MOVED 3 506366. 3566262. 0.
49.66 34 GYRO_RATES -197 -162 -136 1.719149 -1.413717 -1.186824
49.75 34 DOWNLINK_STATUS 48 19246 1195 0 471. 30.
49.86 34 ESTIMATOR 0. 0. 0. 0. 0.
49.90 34 GPS 0 50624961 356621065 0 80355 0 0 190249 12 0
49.90 34 SVINFO 3 27 0 3 35 -9 0
49.90 34 NAVIGATION 0 1 0 0 38 0. 6571.9
49.90 34 ATTITUDE 0 0 -75
50.19 34 DESIRED 0. 0. 0. 0. 770. 0.
50.19 34 GPS 0 50624961 356621065 0 80355 0 0 190501 12 0
50.19 34 SVINFO 4 31 0 3 34 -9 0
50.19 34 NAVIGATION 0 1 0 0 38 0. 6571.9
50.19 34 WP_MOVED 0 506408. 3566304. 800.
50.28 34 ESTIMATOR 0. 0. 0. 0. 0.
50.28 34 GPS 0 50624961 356621065 0 80355 0 0 190749 12 0
50.28 34 SVINFO 5 4 0 3 33 -9 0
50.28 34 COMMANDS 1069,-6,-53,-327
50.28 34 NAVIGATION 0 1 0 0 38 0. 6571.9
50.28 34 ATTITUDE 0 0 -75
50.28 34 DL_VALUE 35 0.
50.28 34 FBW_STATUS 0 0 118
50.34 34 IR_SENSORS -919 6 1
50.49 34 NAVIGATION 0 1 0 0 38 0. 6571.9
50.49 34 GPS 0 50624961 356621065 0 80355 0 0 191001 12 0
50.49 34 SVINFO 6 10 0 3 34 -9 0
50.49 34 WP_MOVED 1 506292.5 3566296.25 800.
50.49 34 GYRO_RATES -198 -162 -136 1.727876 -1.413717 -1.186824
50.66 34 ESTIMATOR 0. 0. 0. 0. 0.
50.66 34 BAT 1068 118 0 0 201 1 19
50.76 34 NAVIGATION 0 1 0 0 38 0. 6571.9
50.76 34 GPS 0 50624961 356621065 0 80355 0 0 191249 12 0
50.76 34 SVINFO 7 17 0 3 31 -9 0
50.76 34 ATTITUDE 0 0 -75
50.76 34 CALIBRATION 0. 0.023 0.067 0
50.76 34 DOWNLINK_STATUS 49 19747 1226 0 501. 31.
50.76 34 SERVO 9600 -9600 1068
50.87 34 DESIRED 0. 0. 0. 0. 770. 0.
50.91 34 IR_DEBUG 662 652 662 652
50.91 34 NAVIGATION 0 1 0 0 38 0. 6571.9
50.95 34 GPS 0 50624961 356621065 0 80355 0 0 191501 12 0
50.95 34 SVINFO 8 3 0 3 34 -9 0
50.95 34 WP_MOVED 2 506379.59375 3566304.75 800.
51.27 34 ESTIMATOR 0. 0. 0. 0. 0.
51.28 34 COMMANDS 1066,-6,-56,-325
51.28 34 NAVIGATION 0 1 0 0 38 0. 6571.9
51.28 34 ATTITUDE 0 0 -75
51.28 34 DL_VALUE 36 0.
51.28 34 GPS 0 50624961 356621065 0 80355 0 0 191749 12 0
51.28 34 SVINFO 9 8 0 3 34 -9 0
51.28 34 FBW_STATUS 0 0 118
51.34 34 RAD_OF_IR 7 0 0.00211
51.38 34 ACTUATORS 1497,1502,0,1288,1483
51.38 34 IR_SENSORS -919 6 1
51.38 34 NAVIGATION 0 1 0 0 38 0. 6571.9
51.58 34 WP_MOVED 3 506366. 3566262. 0.
51.58 34 GYRO_RATES -198 -162 -136 1.727876 -1.413717 -1.186824
51.58 34 GPS 0 50624961 356621065 0 80355 0 0 192001 12 0
51.58 34 SVINFO 10 12 0 3 30 -9 0
51.65 34 ESTIMATOR 0. 0. 0. 0. 0.
51.65 34 NAVIGATION 0 1 0 0 38 0. 6571.9
51.65 34 ATTITUDE 0 0 -75
51.74 34 GPS 0 50624961 356621065 0 80355 0 0 192249 12 0
51.74 34 SVINFO 11 15 0 3 31 -9 0
51.77 34 DESIRED 0. 0. 0. 0. 770. 0.
51.77 34 DOWNLINK_STATUS 50 20201 1255 0 454. 29.
51.97 34 NAVIGATION 0 1 0 0 38 0. 6571.9
52.00 34 WP_MOVED 0 506408. 3566304. 800.
52.00 34 PPRZ_MODE 0 0 3 0 0 1 0
52.05 34 GPS 0 50624961 356621065 0 80355 0 0 192501 12 0
52.05 34 SVINFO 12 26 0 3 35 -9 0
52.05 34 ESTIMATOR 0. 0. 0. 0. 0.
52.06 34 COMMANDS 1069,-6,-52,-329
52.07 34 NAVIGATION 0 1 0 0 38 0. 6571.9
52.07 34 ATTITUDE 0 0 -75
52.07 34 DL_VALUE 37 0.1
52.15 34 FBW_STATUS 0 0 118
52.15 34 GPS 0 50624961 356621065 0 80355 0 0 192749 12 0
52.15 34 RAD_OF_IR 6 0 0.00211
52.25 34 IR_SENSORS -919 7 1
52.26 34 NAVIGATION 0 1 0 0 38 0. 6571.9
52.58 34 WP_MOVED 1 506292.5 3566296.25 800.
52.62 34 GYRO_RATES -199 -163 -136 1.736603 -1.422443 -1.186824
52.62 34 GPS 0 50624961 356621065 0 80355 0 0 193001 12 0
52.62 34 ESTIMATOR 0. 0. 0. 0. 0.
52.62 34 BAT 1067 118 0 0 203 1 19
52.62 34 NAVIGATION 0 1 0 0 38 0. 6571.9
52.62 34 ATTITUDE 0 0 -75
52.62 34 CALIBRATION 0. 0.023 0.067 0
52.64 34 SERVO 9600 -9600 1067
52.64 34 GPS 0 50624961 356621065 0 80355 0 0 193249 12 0
52.77 34 DOWNLINK_STATUS 51 20588 1280 0 387. 25.
52.88 34 DESIRED 0. 0. 0. 0. 770. 0.
52.92 34 IR_DEBUG 661 652 661 652
52.92 34 NAVIGATION 0 1 0 0 38 0. 6571.9
53.08 34 WP_MOVED 2 506379.59375 3566304.75 800.
53.08 34 GPS 0 50624961 356621065 0 80355 0 0 193501 12 0
53.08 34 ESTIMATOR 0. 0. 0. 0. 0.
53.08 34 COMMANDS 1068,3,-53,-327
53.08 34 NAVIGATION 0 1 0 0 38 0. 6571.9
53.08 34 ATTITUDE 0 0 -75
53.08 34 DL_VALUE 38 0.
53.08 34 RAD_OF_IR 6 0 0.00211
53.14 34 GPS 0 50624961 356621065 0 80355 0 0 193749 12 0
53.14 34 IR_SENSORS -920 6 1
53.36 34 NAVIGATION 0 1 0 0 38 0. 6571.9
53.36 34 WP_MOVED 3 506366. 3566262. 0.
53.36 34 GYRO_RATES -199 -163 -136 1.736603 -1.422443 -1.186824
53.36 34 ESTIMATOR 0. 0. 0. 0. 0.
53.45 34 GPS 0 50624961 356621065 0 80355 0 0 194001 12 0
53.45 34 NAVIGATION 0 1 0 0 38 0. 6571.9
53.45 34 ATTITUDE 0 0 -75
53.76 34 DOWNLINK_STATUS 52 20923 1300 0 335. 20.
53.88 34 GPS 0 50624961 356621065 0 80355 0 0 194249 12 0
53.92 34 DESIRED 0. 0. 0. 0. 770. 0.
53.92 34 NAVIGATION 0 1 0 0 38 0. 6571.9
54.00 34 WP_MOVED 0 506408. 3566304. 800.
54.00 34 ESTIMATOR 0. 0. 0. 0. 0.
54.00 34 GPS 0 50624961 356621065 0 80355 0 0 194501 12 0
54.01 34 COMMANDS 1067,-1,-47,-324
54.01 34 NAVIGATION 0 1 0 0 38 0. 6571.9
54.01 34 ATTITUDE 0 0 -75
54.01 34 DL_VALUE 39 0.067
54.01 34 FBW_STATUS 0 0 118
54.03 34 RAD_OF_IR 7 0 0.00211
54.03 34 NAVIGATION_REF 506366 3566262 12
54.18 34 IR_SENSORS -919 6 1
54.18 34 NAVIGATION 0 1 0 0 38 0. 6571.9
54.18 34 GPS 0 50624961 356621065 0 80355 0 0 194749 12 0
54.36 34 WP_MOVED 1 506292.5 3566296.25 800.
54.36 34 GYRO_RATES -198 -163 -136 1.727876 -1.422443 -1.186824
54.77 34 DOWNLINK_STATUS 53 21216 1318 0 293. 18.
54.81 34 ESTIMATOR 0. 0. 0. 0. 0.
54.86 34 BAT 1064 118 0 0 204 0 19
54.86 34 NAVIGATION 0 1 0 0 38 0. 6571.9
54.86 34 ATTITUDE 0 0 -75
54.86 34 CALIBRATION 0. 0.023 0.067 0
54.86 34 GPS 0 50624961 356621065 0 80355 0 0 195001 12 0
54.86 34 SERVO 9600 -9600 1067
54.90 34 IR_DEBUG 662 652 662 652
54.90 34 NAVIGATION 0 1 0 0 38 0. 6571.9
54.90 34 GPS 0 50624961 356621065 0 80355 0 0 195249 12 0
54.90 34 WP_MOVED 2 506379.59375 3566304.75 800.
54.90 34 ESTIMATOR 0. 0. 0. 0. 0.
54.90 34 COMMANDS 1068,1,-44,-325
54.90 34 NAVIGATION 0 1 0 0 38 0. 6571.9
54.90 34 ATTITUDE 0 0 -74
54.90 34 DL_VALUE 40 1.
54.95 34 GPS 0 50624961 356621065 0 80355 0 0 195501 12 0
54.95 34 FBW_STATUS 0 0 118
54.95 34 RAD_OF_IR 6 0 0.00211
55.03 34 IR_SENSORS -920 6 1
55.06 34 NAVIGATION 0 1 0 0 38 0. 6571.9
55.38 34 WP_MOVED 3 506366. 3566262. 0.
55.38 34 GYRO_RATES -198 -163 -137 1.727876 -1.422443 -1.195551
55.38 34 GPS 0 50624961 356621065 0 80355 0 0 195749 12 0
55.45 34 ESTIMATOR 0. 0. 0. 0. 0.
55.45 34 NAVIGATION 0 1 0 0 38 0. 6571.9
55.45 34 ATTITUDE 0 0 -75
55.45 34 GPS 0 50624961 356621065 0 80355 0 0 196001 12 0
55.54 34 DESIRED 0. 0. 0. 0. 770. 0.
55.55 34 NAVIGATION 0 1 0 0 38 0. 6571.9
55.65 34 WP_MOVED 0 506408. 3566304. 800.
55.65 34 GPS 0 50624961 356621065 0 80355 0 0 196249 12 0
55.77 34 DOWNLINK_STATUS 54 21755 1350 0 539. 32.
55.86 34 ESTIMATOR 0. 0. 0. 0. 0.
55.96 34 COMMANDS 1067,-4,-53,-324
55.96 34 NAVIGATION 0 1 0 0 38 0. 6571.9
55.96 34 ATTITUDE 0 0 -75
55.96 34 DL_VALUE 41 0.
55.96 34 FBW_STATUS 0 0 118
55.96 34 RAD_OF_IR 7 0 0.00211
56.18 34 GPS 0 50624961 356621065 0 80355 0 0 196501 12 0
56.18 34 ACTUATORS 1498,1502,0,1289,1484
56.18 34 IR_SENSORS -919 6 1
56.18 34 NAVIGATION 0 1 0 0 38 0. 6571.9
56.18 34 WP_MOVED 1 506292.5 3566296.25 800.
56.18 34 GYRO_RATES -198 -162 -136 1.727876 -1.413717 -1.186824
56.38 34 SVINFO 13 30 0 3 35 -9 0
56.38 34 ESTIMATOR 0. 0. 0. 0. 0.
56.38 34 BAT 1071 118 0 0 206 0 19
56.38 34 NAVIGATION 0 1 0 0 38 0. 6571.9
56.39 34 ATTITUDE 0 0 -75
56.39 34 CALIBRATION 0. 0.023 0.067 0
56.56 34 SERVO 9600 -9600 1072
56.56 34 GPS 0 50624961 356621065 0 80355 0 0 197001 12 0
56.56 34 DESIRED 0. 0. 0. 0. 770. 0.
56.57 34 IR_DEBUG 662 652 662 652
56.57 34 NAVIGATION 0 1 0 0 38 0. 6571.9
56.57 34 WP_MOVED 2 506379.59375 3566304.75 800.
56.57 34 PPRZ_MODE 0 0 3 0 0 1 0
56.77 34 ESTIMATOR 0. 0. 0. 0. 0.
56.77 34 GPS 0 50624961 356621065 0 80355 0 0 197249 12 0
56.77 34 DOWNLINK_STATUS 55 22186 1378 0 431. 28.
56.85 34 COMMANDS 1067,-10,-61,-325
56.85 34 NAVIGATION 0 1 0 0 38 0. 6571.9
56.85 34 ATTITUDE 0 0 -75
56.85 34 DL_VALUE 0 770.
56.85 34 FBW_STATUS 0 0 118
56.85 34 RAD_OF_IR 6 0 0.00211
56.96 34 GPS 0 50624961 356621065 0 80355 0 0 197501 12 0
56.96 34 SVINFO 0 29 0 3 35 -9 0
56.96 34 IR_SENSORS -919 7 1
56.96 34 NAVIGATION 0 1 0 0 38 0. 6571.9
57.28 34 WP_MOVED 3 506366. 3566262. 0.
57.28 34 GYRO_RATES -198 -162 -136 1.727876 -1.413717 -1.186824
57.28 34 ESTIMATOR 0. 0. 0. 0. 0.
57.28 34 GPS 0 50624961 356621065 0 80355 0 0 197749 12 0
57.28 34 SVINFO 1 23 0 3 36 -9 0
57.28 34 NAVIGATION 0 1 0 0 38 0. 6571.9
57.71 34 DESIRED 0. 0. 0. 0. 770. 0.
57.74 34 GPS 0 50624961 356621065 0 80355 0 0 198001 12 0
57.75 34 SVINFO 2 28 0 3 34 -9 0
57.75 34 NAVIGATION 0 1 0 0 38 0. 6571.9
57.75 34 WP_MOVED 0 506408. 3566304. 800.
57.77 34 DOWNLINK_STATUS 56 22516 1399 0 330. 21.
57.88 34 ESTIMATOR 0. 0. 0. 0. 0.
57.88 34 GPS 0 50624961 356621065 0 80355 0 0 198249 12 0
57.88 34 SVINFO 3 27 0 3 37 -9 0
57.88 34 COMMANDS 1069,-12,-52,-327
57.88 34 NAVIGATION 0 1 0 0 38 0. 6571.9
57.88 34 ATTITUDE 0 0 -75
57.88 34 DL_VALUE 1 1.
57.88 34 FBW_STATUS 0 0 118
57.94 34 IR_SENSORS -919 5 1
57.94 34 NAVIGATION 0 1 0 0 38 0. 6571.9
58.78 34 DOWNLINK_STATUS 57 22650 1409 0 134. 10.
59.77 34 DOWNLINK_STATUS 58 22650 1409 0 0. 0.
60.41 34 SVINFO 12 32 0 3 32 -9 0
60.41 34 ESTIMATOR 0. 0. 0. 0. 0.
60.41 34 BAT 1070 118 0 0 210 0 20
60.41 34 NAVIGATION 0 1 0 0 38 0. 6571.9
60.41 34 ATTITUDE 0 0 -75
60.41 34 CALIBRATION 0. 0.023 0.067 0
60.48 34 SERVO 9600 -9600 1068
60.48 34 GPS 0 50624961 356621065 0 80355 0 0 200749 12 0
60.48 34 SVINFO 13 30 0 3 34 -9 0
60.48 34 DESIRED 0. 0. 0. 0. 770. 0.
60.48 34 IR_DEBUG 662 653 662 653
60.48 34 NAVIGATION 0 1 0 0 38 0. 6571.9
60.49 34 WP_MOVED 2 506379.59375 3566304.75 800.
60.69 34 ESTIMATOR 0. 0. 0. 0. 0.
60.69 34 GPS 0 50624961 356621065 0 80355 0 0 201001 12 0
60.69 34 COMMANDS 1070,6,-52,-327
60.69 34 NAVIGATION 0 1 0 0 38 0. 6571.9
60.69 34 ATTITUDE 0 0 -75
60.69 34 DL_VALUE 4 0.
60.69 34 FBW_STATUS 0 0 118
60.69 34 RAD_OF_IR 7 0 0.00211
60.70 34 GPS 0 50624961 356621065 0 80355 0 0 201249 12 0
60.70 34 ACTUATORS 1498,1502,0,1289,1483
60.70 34 IR_SENSORS -919 7 1
60.77 34 DOWNLINK_STATUS 59 23007 1433 0 357. 24.
60.88 34 NAVIGATION 0 1 0 0 38 0. 6571.9
60.88 34 WP_MOVED 3 506366. 3566262. 0.
60.88 34 GYRO_RATES -198 -164 -136 1.727876 -1.43117 -1.186824
60.88 34 ESTIMATOR 0. 0. 0. 0. 0.
60.95 34 GPS 0 50624961 356621065 0 80355 0 0 201501 12 0
60.95 34 NAVIGATION 0 1 0 0 38 0. 6571.9
60.95 34 ATTITUDE 0 0 -75
61.38 34 GPS 0 50624961 356621065 0 80355 0 0 201749 12 0
61.38 34 DESIRED 0. 0. 0. 0. 770. 0.
61.38 34 NAVIGATION 0 1 0 0 38 0. 6571.9
61.68 34 WP_MOVED 0 506408. 3566304. 800.
61.68 34 PPRZ_MODE 0 0 3 0 0 1 0
61.68 34 ESTIMATOR 0. 0. 0. 0. 0.
61.69 34 GPS 0 50624961 356621065 0 80355 0 0 202001 12 0
61.69 34 COMMANDS 1063,-3,-56,-309
61.69 34 NAVIGATION 0 1 0 0 38 0. 6571.9
61.69 34 ATTITUDE 0 0 -75
61.72 34 FBW_STATUS 0 0 118
61.72 34 RAD_OF_IR 7 0 0.00211
61.72 34 IR_SENSORS -919 6 1
61.72 34 GPS 0 50624961 356621065 0 80355 0 0 202249 12 0
61.72 34 NAVIGATION 0 1 0 0 38 0. 6571.9
61.77 34 DOWNLINK_STATUS 60 23384 1455 0 377. 22.
61.88 34 WP_MOVED 1 506292.5 3566296.25 800.
61.88 34 GYRO_RATES -198 -163 -136 1.727876 -1.422443 -1.186824
61.98 34 ESTIMATOR 0. 0. 0. 0. 0.
61.98 34 BAT 1070 118 0 0 212 0 20
61.98 34 NAVIGATION 0 1 0 0 38 0. 6571.9
61.98 34 ATTITUDE 0 0 -75
61.98 34 CALIBRATION 0. 0.023 0.067 0
61.98 34 GPS 0 50624961 356621065 0 80355 0 0 202501 12 0
61.98 34 SERVO 9600 -9600 1070
62.19 34 DESIRED 0. 0. 0. 0. 770. 0.
62.19 34 IR_DEBUG 661 652 661 652
62.19 34 NAVIGATION 0 1 0 0 38 0. 6571.9
62.19 34 GPS 0 50624961 356621065 0 80355 0 0 202749 12 0
62.20 34 WP_MOVED 2 506379.59375 3566304.75 800.
62.36 34 ESTIMATOR 0. 0. 0. 0. 0.
62.39 34 COMMANDS 1069,-15,-66,-322
62.39 34 NAVIGATION 0 1 0 0 38 0. 6571.9
62.39 34 ATTITUDE 0 0 -75
62.39 34 DL_VALUE 6 0.
62.46 34 GPS 0 50624961 356621065 0 80355 0 0 203001 12 0
62.46 34 FBW_STATUS 0 0 118
62.46 34 RAD_OF_IR 7 0 0.00211
62.46 34 NAVIGATION_REF 506366 3566262 12
62.53 34 IR_SENSORS -920 6 1
62.56 34 NAVIGATION 0 1 0 0 38 0. 6571.9
62.77 34 DOWNLINK_STATUS 61 23772 1480 0 388. 25.
62.89 34 WP_MOVED 3 506366. 3566262. 0.
62.89 34 GYRO_RATES -198 -164 -136 1.727876 -1.43117 -1.186824
62.89 34 GPS 0 50624961 356621065 0 80355 0 0 203249 12 0
62.96 34 ESTIMATOR 0. 0. 0. 0. 0.
62.96 34 NAVIGATION 0 1 0 0 38 0. 6571.9
62.96 34 ATTITUDE 0 0 -75
62.96 34 GPS 0 50624961 356621065 0 80355 0 0 203501 12 0
63.17 34 DESIRED 0. 0. 0. 0. 770. 0.
63.17 34 NAVIGATION 0 1 0 0 38 0. 6571.9
63.17 34 WP_MOVED 0 506408. 3566304. 800.
63.17 34 GPS 0 50624961 356621065 0 80355 0 0 203749 12 0
63.37 34 ESTIMATOR 0. 0. 0. 0. 0.
63.77 34 DOWNLINK_STATUS 62 24017 1492 0 245. 12.
63.91 34 GPS 0 50624961 356621065 0 80355 0 0 204001 12 0
63.91 34 IR_SENSORS -919 7 1
63.98 34 WP_MOVED 1 506292.5 3566296.25 800.
63.98 34 GYRO_RATES -198 -163 -136 1.727876 -1.422443 -1.186824
63.98 34 GPS 0 50624961 356621065 0 80355 0 0 204249 12 0
63.98 34 ESTIMATOR 0. 0. 0. 0. 0.
63.98 34 BAT 1069 118 0 0 214 0 20
64.09 34 ATTITUDE 0 0 -75
64.09 34 CALIBRATION 0. 0.023 0.067 0
64.09 34 SERVO 9600 -9600 1070
64.09 34 GPS 0 50624961 356621065 0 80355 0 0 204501 12 0
64.09 34 DESIRED 0. 0. 0. 0. 770. 0.
64.09 34 IR_DEBUG 662 653 662 653
64.09 34 NAVIGATION 0 1 0 0 38 0. 6571.9
64.09 34 WP_MOVED 2 506379.59375 3566304.75 800.
64.17 34 GPS 0 50624961 356621065 0 80355 0 0 204749 12 0
64.17 34 ESTIMATOR 0. 0. 0. 0. 0.
64.37 34 COMMANDS 1063,-6,-66,-324
64.37 34 NAVIGATION 0 1 0 0 38 0. 6571.9
64.37 34 ATTITUDE 0 0 -75
64.37 34 DL_VALUE 8 1.
64.37 34 FBW_STATUS 0 0 118
64.37 34 RAD_OF_IR 7 0 0.00211
64.45 34 GPS 0 50624961 356621065 0 80355 0 0 205001 12 0
64.45 34 IR_SENSORS -919 6 1
64.45 34 NAVIGATION 0 1 0 0 38 0. 6571.9
64.78 34 WP_MOVED 3 506366. 3566262. 0.
64.78 34 GYRO_RATES -197 -162 -136 1.719149 -1.413717 -1.186824
64.78 34 ESTIMATOR 0. 0. 0. 0. 0.
64.78 34 GPS 0 50624961 356621065 0 80355 0 0 205249 12 0
64.78 34 NAVIGATION 0 1 0 0 38 0. 6571.9
64.78 34 ATTITUDE 0 0 -74
64.78 34 DOWNLINK_STATUS 63 24548 1524 0 531. 32.
64.96 34 DESIRED 0. 0. 0. 0. 770. 0.
64.96 34 GPS 0 50624961 356621065 0 80355 0 0 205501 12 0
64.96 34 NAVIGATION 0 1 0 0 38 0. 6571.9
64.96 34 WP_MOVED 0 506408. 3566304. 800.
65.16 34 ESTIMATOR 0. 0. 0. 0. 0.
65.38 34 GPS 0 50624961 356621065 0 80355 0 0 205749 12 0
65.39 34 COMMANDS 1069,-4,-53,-327
65.39 34 NAVIGATION 0 1 0 0 38 0. 6571.9
65.39 34 ATTITUDE 0 0 -75
65.39 34 DL_VALUE 9 -61.099998
65.39 34 FBW_STATUS 0 0 118
65.39 34 RAD_OF_IR 7 0 0.00211
65.60 34 ACTUATORS 1498,1502,0,1289,1484
65.60 34 IR_SENSORS -919 6 1
65.61 34 NAVIGATION 0 1 0 0 38 0. 6571.9
65.61 34 GPS 0 50624961 356621065 0 80355 0 0 206001 12 0
65.61 34 WP_MOVED 1 506292.5 3566296.25 800.
65.61 34 GYRO_RATES -198 -162 -136 1.727876 -1.413717 -1.186824
65.77 34 ESTIMATOR 0. 0. 0. 0. 0.
65.77 34 BAT 1069 118 0 0 216 0 20
65.77 34 DOWNLINK_STATUS 64 24879 1544 0 331. 20.
65.89 34 NAVIGATION 0 1 0 0 38 0. 6571.9
65.89 34 ATTITUDE 0 0 -75
65.89 34 CALIBRATION 0. 0.023 0.067 0
65.89 34 GPS 0 50624961 356621065 0 80355 0 0 206249 12 0
65.89 34 SVINFO 3 27 0 3 33 -9 0
65.89 34 SERVO 9600 -9600 1068
66.18 34 DESIRED 0. 0. 0. 0. 770. 0.
66.18 34 IR_DEBUG 661 651 661 651
66.18 34 NAVIGATION 0 1 0 0 38 0. 6571.9
66.18 34 GPS 0 50624961 356621065 0 80355 0 0 206501 12 0
66.19 34 SVINFO 4 31 0 3 32 -9 0
66.19 34 WP_MOVED 2 506379.59375 3566304.75 800.
66.23 34 ESTIMATOR 0. 0. 0. 0. 0.
66.23 34 COMMANDS 1069,-3,-52,-330
66.23 34 NAVIGATION 0 1 0 0 38 0. 6571.9
66.23 34 ATTITUDE 0 0 -75
66.23 34 DL_VALUE 10 0.
66.23 34 GPS 0 50624961 356621065 0 80355 0 0 206749 12 0
66.23 34 FBW_STATUS 0 0 118
66.23 34 RAD_OF_IR 6 0 0.00211
66.27 34 IR_SENSORS -920 6 1
66.47 34 NAVIGATION 0 1 0 0 38 0. 6571.9
66.58 34 WP_MOVED 3 506366. 3566262. 0.
66.58 34 GYRO_RATES -198 -162 -135 1.727876 -1.413717 -1.178097
66.58 34 GPS 0 50624961 356621065 0 80355 0 0 207001 12 0
66.58 34 SVINFO 6 10 0 3 32 -9 0
66.58 34 ESTIMATOR 0. 0. 0. 0. 0.
66.60 34 NAVIGATION 0 1 0 0 38 0. 6571.9
66.60 34 ATTITUDE 0 0 -75
66.65 34 GPS 0 50624961 356621065 0 80355 0 0 207249 12 0
66.76 34 DESIRED 0. 0. 0. 0. 770. 0.
66.77 34 DOWNLINK_STATUS 65 25378 1575 0 499. 31.
66.89 34 NAVIGATION 0 1 0 0 38 0. 6571.9
66.89 34 WP_MOVED 0 506408. 3566304. 800.
67.05 34 GPS 0 50624961 356621065 0 80355 0 0 207501 12 0
67.05 34 ESTIMATOR 0. 0. 0. 0. 0.
67.06 34 COMMANDS 1068,-6,-53,-327
67.07 34 NAVIGATION 0 1 0 0 38 0. 6571.9
67.07 34 ATTITUDE 0 0 -75
67.07 34 DL_VALUE 11 1.
67.16 34 FBW_STATUS 0 0 118
67.16 34 RAD_OF_IR 6 0 0.00211
67.16 34 GPS 0 50624961 356621065 0 80355 0 0 207749 12 0
67.28 34 IR_SENSORS -919 7 1
67.28 34 NAVIGATION 0 1 0 0 38 0. 6571.9
67.34 34 WP_MOVED 1 506292.5 3566296.25 800.
67.34 34 GYRO_RATES -198 -163 -136 1.727876 -1.422443 -1.186824
67.47 34 GPS 0 50624961 356621065 0 80355 0 0 208001 12 0
67.52 34 ESTIMATOR 0. 0. 0. 0. 0.
67.52 34 BAT 1069 118 0 0 218 0 21
67.55 34 NAVIGATION 0 1 0 0 38 0. 6571.9
67.55 34 ATTITUDE 0 0 -75
67.55 34 CALIBRATION 0. 0.023 0.067 0
67.76 34 SERVO 9600 -9600 1065
67.77 34 DOWNLINK_STATUS 66 25719 1597 0 341. 22.
67.89 34 GPS 0 50624961 356621065 0 80355 0 0 208249 12 0
67.89 34 DESIRED 0. 0. 0. 0. 770. 0.
67.89 34 IR_DEBUG 662 653 662 653
67.89 34 NAVIGATION 0 1 0 0 38 0. 6571.9
67.89 34 WP_MOVED 2 506379.59375 3566304.75 800.
68.09 34 ESTIMATOR 0. 0. 0. 0. 0.
68.09 34 GPS 0 50624961 356621065 0 80355 0 0 208501 12 0
68.09 34 COMMANDS 1069,-4,-52,-327
68.09 34 NAVIGATION 0 1 0 0 38 0. 6571.9
68.09 34 ATTITUDE 0 0 -75
68.09 34 DL_VALUE 12 0.
68.09 34 FBW_STATUS 0 0 118
68.09 34 RAD_OF_IR 7 0 0.00211
68.50 34 GPS 0 50624961 356621065 0 80355 0 0 208749 12 0
68.50 34 IR_SENSORS -919 7 1
68.50 34 NAVIGATION 0 1 0 0 38 0. 6571.9
68.50 34 WP_MOVED 3 506366. 3566262. 0.
68.50 34 GYRO_RATES -199 -163 -136 1.736603 -1.422443 -1.186824
68.78 34 DOWNLINK_STATUS 67 26011 1615 0 292. 18.
68.81 34 ESTIMATOR 0. 0. 0. 0. 0.
68.81 34 GPS 0 50624961 356621065 0 80355 0 0 209001 12 0
68.81 34 NAVIGATION 0 1 0 0 38 0. 6571.9
68.81 34 ATTITUDE 0 0 -75
68.81 34 DESIRED 0. 0. 0. 0. 770. 0.
68.97 34 NAVIGATION 0 1 0 0 38 0. 6571.9
68.97 34 WP_MOVED 0 506408. 3566304. 800.
69.09 34 ESTIMATOR 0. 0. 0. 0. 0.
69.09 34 COMMANDS 1064,-4,-53,-317
69.09 34 NAVIGATION 0 1 0 0 38 0. 6571.9
69.09 34 GPS 0 50624961 356621065 0 80355 0 0 209501 12 0
69.09 34 ATTITUDE 0 0 -74
69.09 34 DL_VALUE 13 517.
69.09 34 FBW_STATUS 0 0 118
69.09 34 RAD_OF_IR 6 0 0.00211
69.26 34 IR_SENSORS -918 5 1
69.48 34 NAVIGATION 0 1 0 0 38 0. 6571.9
69.48 34 GPS 0 50624961 356621065 0 80355 0 0 209749 12 0
69.49 34 WP_MOVED 1 506292.5 3566296.25 800.
69.49 34 GYRO_RATES -199 -162 -136 1.736603 -1.413717 -1.186824
69.49 34 ESTIMATOR 0. 0. 0. 0. 0.
69.49 34 BAT 1062 118 0 0 220 0 21
69.50 34 NAVIGATION 0 1 0 0 38 0. 6571.9
69.50 34 ATTITUDE 0 0 -75
69.50 34 CALIBRATION 0. 0.023 0.067 0
69.51 34 GPS 0 50624961 356621065 0 80355 0 0 210001 12 0
69.51 34 SERVO 9600 -9600 1068
69.77 34 DOWNLINK_STATUS 68 26453 1642 0 442. 27.
69.90 34 DESIRED 0. 0. 0. 0. 770. 0.
69.90 34 IR_DEBUG 661 652 661 652
69.91 34 NAVIGATION 0 1 0 0 38 0. 6571.9
69.91 34 WP_MOVED 2 506379.59375 3566304.75 800.
69.91 34 GPS 0 50624961 356621065 0 80355 0 0 210249 12 0
69.96 34 ESTIMATOR 0. 0. 0. 0. 0.
69.96 34 COMMANDS 1066,-4,-56,-317
69.96 34 NAVIGATION 0 1 0 0 38 0. 6571.9
69.96 34 ATTITUDE 0 0 -75
69.96 34 DL_VALUE 14 482.
69.97 34 GPS 0 50624961 356621065 0 80355 0 0 210501 12 0
69.97 34 FBW_STATUS 0 0 118
69.97 34 RAD_OF_IR 7 0 0.00211
70.04 34 ACTUATORS 1498,1502,0,1289,1483
70.04 34 IR_SENSORS -919 7 1
70.06 34 NAVIGATION 0 1 0 0 38 0. 6571.9
70.39 34 WP_MOVED 3 506366. 3566262. 0.
70.39 34 GYRO_RATES -199 -163 -137 1.736603 -1.422443 -1.195551
70.39 34 GPS 0 50624961 356621065 0 80355 0 0 210749 12 0
70.46 34 ESTIMATOR 0. 0. 0. 0. 0.
70.46 34 NAVIGATION 0 1 0 0 38 0. 6571.9
70.46 34 ATTITUDE 0 0 -75
70.46 34 GPS 0 50624961 356621065 0 80355 0 0 211001 12 0
70.55 34 DESIRED 0. 0. 0. 0. 770. 0.
70.55 34 NAVIGATION 0 1 0 0 38 0. 6571.9
70.77 34 DOWNLINK_STATUS 69 26877 1667 0 424. 25.
70.90 34 WP_MOVED 0 506408. 3566304. 800.
70.90 34 PPRZ_MODE 0 0 3 0 0 1 0
70.90 34 GPS 0 50624961 356621065 0 80355 0 0 211249 12 0
70.90 34 ESTIMATOR 0. 0. 0. 0. 0.
70.90 34 COMMANDS 1069,-7,-53,-327
70.90 34 NAVIGATION 0 1 0 0 38 0. 6571.9
70.90 34 ATTITUDE 0 0 -75
70.96 34 FBW_STATUS 0 0 118
70.96 34 RAD_OF_IR 6 0 0.00211
70.96 34 NAVIGATION_REF 506366 3566262 12
70.96 34 GPS 0 50624961 356621065 0 80355 0 0 211501 12 0
71.41 34 IR_SENSORS -919 6 1
71.41 34 NAVIGATION 0 1 0 0 38 0. 6571.9
71.41 34 WP_MOVED 1 506292.5 3566296.25 800.
71.41 34 GYRO_RATES -198 -162 -136 1.727876 -1.413717 -1.186824
71.41 34 GPS 0 50624961 356621065 0 80355 0 0 211749 12 0
71.41 34 ESTIMATOR 0. 0. 0. 0. 0.
71.48 34 NAVIGATION 0 1 0 0 38 0. 6571.9
71.49 34 ATTITUDE 0 0 -75
71.49 34 CALIBRATION 0. 0.023 0.067 0
71.49 34 SERVO 9600 -9600 438
71.77 34 DOWNLINK_STATUS 70 27199 1688 0 322. 21.
71.80 34 GPS 0 50624961 356621065 0 80355 0 0 212001 12 0
71.80 34 DESIRED 0. 0. 0. 0. 770. 0.
71.80 34 IR_DEBUG 662 652 662 652
71.80 34 NAVIGATION 0 1 0 0 38 0. 6571.9
71.80 34 WP_MOVED 2 506379.59375 3566304.75 800.
71.89 34 ESTIMATOR 0. 0. 0. 0. 0.
71.90 34 GPS 0 50624961 356621065 0 80355 0 0 212249 12 0
71.90 34 COMMANDS 453,-7,-53,-350
71.90 34 NAVIGATION 0 1 0 0 38 0. 6571.9
71.90 34 ATTITUDE 0 0 -75
71.90 34 DL_VALUE 16 7500.
71.90 34 FBW_STATUS 0 0 118
71.90 34 RAD_OF_IR 7 0 0.00211
71.95 34 GPS 0 50624961 356621065 0 80355 0 0 212501 12 0
71.96 34 IR_SENSORS -919 6 1
71.96 34 NAVIGATION 0 1 0 0 38 0. 6571.9
72.04 34 WP_MOVED 3 506366. 3566262. 0.
72.05 34 GYRO_RATES -198 -162 -137 1.727876 -1.413717 -1.195551
72.27 34 ESTIMATOR 0. 0. 0. 0. 0.
72.27 34 GPS 0 50624961 356621065 0 80355 0 0 212749 12 0
72.28 34 NAVIGATION 0 1 0 0 38 0. 6571.9
72.28 34 ATTITUDE 0 0 -73
72.44 34 DESIRED 0. 0. 0. 0. 770. 0.
72.48 34 NAVIGATION 0 1 0 0 38 0. 6571.9
72.48 34 GPS 0 50624961 356621065 0 80355 0 0 213001 12 0
72.48 34 WP_MOVED 0 506408. 3566304. 800.
72.57 34 ESTIMATOR 0. 0. 0. 0. 0.
72.77 34 DOWNLINK_STATUS 71 27674 1715 0 475. 27.
72.91 34 COMMANDS 450,-6,-59,-349
72.91 34 NAVIGATION 0 1 0 0 38 0. 6571.9
72.91 34 GPS 0 50624961 356621065 0 80355 0 0 213249 12 0
72.91 34 ATTITUDE 0 0 -75
72.91 34 DL_VALUE 17 11250.
72.91 34 FBW_STATUS 0 0 118
72.91 34 RAD_OF_IR 7 0 0.00211
72.94 34 IR_SENSORS -916 6 1
72.94 34 NAVIGATION 0 1 0 0 38 0. 6571.9
73.17 34 GPS 0 50624961 356621065 0 80355 0 0 213501 12 0
73.17 34 WP_MOVED 1 506292.5 3566296.25 800.
73.18 34 GYRO_RATES -198 -162 -137 1.727876 -1.413717 -1.195551
73.18 34 ESTIMATOR 0. 0. 0. 0. 0.
73.18 34 BAT 455 118 0 0 224 0 21
73.20 34 NAVIGATION 0 1 0 0 38 0. 6571.9
73.20 34 ATTITUDE 0 0 -74
73.20 34 CALIBRATION 0. 0.023 0.067 0
73.20 34 GPS 0 50624961 356621065 0 80355 0 0 213749 12 0
73.35 34 SERVO 9600 -9600 455
73.41 34 DESIRED 0. 0. 0. 0. 770. 0.
73.44 34 IR_DEBUG 662 652 662 652
73.44 34 NAVIGATION 0 1 0 0 38 0. 6571.9
73.45 34 GPS 0 50624961 356621065 0 80355 0 0 214001 12 0
73.45 34 WP_MOVED 2 506379.59375 3566304.75 800.
73.78 34 DOWNLINK_STATUS 72 28056 1739 0 382. 24.
74.78 34 DOWNLINK_STATUS 73 28056 1739 0 0. 0.
75.77 34 DOWNLINK_STATUS 74 28056 1739 0 0. 0.
76.78 34 DOWNLINK_STATUS 75 28056 1739 0 0. 0.
77.78 34 DOWNLINK_STATUS 76 28056 1739 0 0. 0.
78.77 34 DOWNLINK_STATUS 77 28056 1739 0 0. 0.
79.77 34 DOWNLINK_STATUS 78 28056 1739 0 0. 0.
80.77 34 DOWNLINK_STATUS 79 28056 1739 0 0. 0.
81.78 34 DOWNLINK_STATUS 80 28056 1739 0 0. 0.
82.78 34 DOWNLINK_STATUS 81 28056 1739 0 0. 0.
83.78 34 DOWNLINK_STATUS 82 28056 1739 0 0. 0.
84.78 34 DOWNLINK_STATUS 83 28056 1739 0 0. 0.
85.78 34 DOWNLINK_STATUS 84 28056 1739 0 0. 0.
86.77 34 DOWNLINK_STATUS 85 28056 1739 0 0. 0.
87.80 34 DOWNLINK_STATUS 86 28056 1739 0 0. 0.
88.79 34 DOWNLINK_STATUS 87 28056 1739 0 0. 0.
89.80 34 DOWNLINK_STATUS 88 28056 1739 0 0. 0.
90.79 34 DOWNLINK_STATUS 89 28056 1739 0 0. 0.
91.80 34 DOWNLINK_STATUS 90 28056 1739 0 0. 0.
92.80 34 DOWNLINK_STATUS 91 28056 1739 0 0. 0.
93.79 34 DOWNLINK_STATUS 92 28056 1739 0 0. 0.
94.80 34 DOWNLINK_STATUS 93 28056 1739 0 0. 0.
95.80 34 DOWNLINK_STATUS 94 28056 1739 0 0. 0.
96.79 34 DOWNLINK_STATUS 95 28056 1739 0 0. 0.
97.80 34 DOWNLINK_STATUS 96 28056 1739 0 0. 0.
98.80 34 DOWNLINK_STATUS 97 28056 1739 0 0. 0.
99.80 34 DOWNLINK_STATUS 98 28056 1739 0 0. 0.
100.79 34 DOWNLINK_STATUS 99 28056 1739 0 0. 0.
101.79 34 DOWNLINK_STATUS 100 28056 1739 0 0. 0.
102.79 34 DOWNLINK_STATUS 101 28056 1739 0 0. 0.
103.80 34 DOWNLINK_STATUS 102 28056 1739 0 0. 0.
104.80 34 DOWNLINK_STATUS 103 28056 1739 0 0. 0.
105.80 34 DOWNLINK_STATUS 104 28056 1739 0 0. 0.
106.80 34 DOWNLINK_STATUS 105 28056 1739 0 0. 0.
107.80 34 DOWNLINK_STATUS 106 28056 1739 0 0. 0.
108.80 34 DOWNLINK_STATUS 107 28056 1739 0 0. 0.
109.80 34 DOWNLINK_STATUS 108 28056 1739 0 0. 0.
110.80 34 DOWNLINK_STATUS 109 28056 1739 0 0. 0.
111.80 34 DOWNLINK_STATUS 110 28056 1739 0 0. 0.
112.80 34 DOWNLINK_STATUS 111 28056 1739 0 0. 0.
113.80 34 DOWNLINK_STATUS 112 28056 1739 0 0. 0.
114.80 34 DOWNLINK_STATUS 113 28056 1739 0 0. 0.
115.80 34 DOWNLINK_STATUS 114 28056 1739 0 0. 0.
116.80 34 DOWNLINK_STATUS 115 28056 1739 0 0. 0.
117.80 34 DOWNLINK_STATUS 116 28056 1739 0 0. 0.
118.80 34 DOWNLINK_STATUS 117 28056 1739 0 0. 0.
119.80 34 DOWNLINK_STATUS 118 28056 1739 0 0. 0.
120.80 34 DOWNLINK_STATUS 119 28056 1739 0 0. 0.
121.81 34 DOWNLINK_STATUS 120 28056 1739 0 0. 0.
122.81 34 DOWNLINK_STATUS 121 28056 1739 0 0. 0.
123.81 34 DOWNLINK_STATUS 122 28056 1739 0 0. 0.
124.80 34 DOWNLINK_STATUS 123 28056 1739 0 0. 0.
125.80 34 DOWNLINK_STATUS 124 28056 1739 0 0. 0.
126.81 34 DOWNLINK_STATUS 125 28056 1739 0 0. 0.
127.81 34 DOWNLINK_STATUS 126 28056 1739 0 0. 0.
128.81 34 DOWNLINK_STATUS 127 28056 1739 0 0. 0.
129.80 34 DOWNLINK_STATUS 128 28056 1739 0 0. 0.
130.80 34 DOWNLINK_STATUS 129 28056 1739 0 0. 0.
131.80 34 DOWNLINK_STATUS 130 28056 1739 0 0. 0.
132.80 34 DOWNLINK_STATUS 131 28056 1739 0 0. 0.
133.80 34 DOWNLINK_STATUS 132 28056 1739 0 0. 0.
134.81 34 DOWNLINK_STATUS 133 28056 1739 0 0. 0.
135.81 34 DOWNLINK_STATUS 134 28056 1739 0 0. 0.
136.81 34 DOWNLINK_STATUS 135 28056 1739 0 0. 0.
137.81 34 DOWNLINK_STATUS 136 28056 1739 0 0. 0.
138.81 34 DOWNLINK_STATUS 137 28056 1739 0 0. 0.
