9.06 34 ESTIMATOR 0. 0. 0. 0. 0.
9.06 34 COMMANDS 470,-4,-50,-391
9.06 34 NAVIGATION 0 1 0 0 38 0. 6571.9
9.06 34 ATTITUDE 0 0 -72
9.06 34 DL_VALUE 18 10000.
9.06 34 GPS 0 50458534 356659193 0 78024 0 0 12272498 12 0
9.06 34 FBW_STATUS 0 0 117
9.06 34 RAD_OF_IR 5 0 0.00211
9.06 34 IR_SENSORS -909 6 1
9.06 34 NAVIGATION 0 1 0 0 38 0. 6571.9
9.06 34 GPS 0 50458534 356659193 0 78024 0 0 12272750 12 0
9.06 34 WP_MOVED 3 506366. 3566262. 0.
9.06 34 GYRO_RATES -199 -163 -136 1.736603 -1.422443 -1.186824
9.06 34 ESTIMATOR 0. 0. 0. 0. 0.
9.06 34 DOWNLINK_STATUS 6 2081 129 0 435. 27.
9.09 34 NAVIGATION 0 1 0 0 38 0. 6571.9
9.09 34 ATTITUDE 0 0 -72
9.09 34 GPS 0 50458534 356659193 0 78024 0 0 12272998 12 0
9.10 34 DESIRED 0. 0. 0. 0. 770. 0.
9.10 34 NAVIGATION 0 1 0 0 38 0. 6571.9
9.10 34 WP_MOVED 0 506408. 3566304. 800.
9.10 34 GPS 0 50458534 356659193 0 78024 0 0 12273250 12 0
9.10 34 SVINFO 0 8 12 3 33 71 88
9.10 34 ESTIMATOR 0. 0. 0. 0. 0.
9.10 34 COMMANDS 452,-3,-50,-354
9.10 34 NAVIGATION 0 1 0 0 38 0. 6571.9
9.10 34 ATTITUDE 0 0 -73
9.10 34 DL_VALUE 19 3000.
9.10 34 GPS 0 50458534 356659193 0 78024 0 0 12273498 12 0
9.10 34 SVINFO 1 17 12 3 34 62 214
9.10 34 FBW_STATUS 0 0 117
9.10 34 RAD_OF_IR 6 0 0.00211
9.10 34 IR_SENSORS -908 7 1
9.10 34 NAVIGATION 0 1 0 0 38 0. 6571.9
9.10 34 WP_MOVED 1 506292.5 3566296.25 800.
9.10 34 GYRO_RATES -200 -164 -137 1.745329 -1.43117 -1.195551
9.10 34 GPS 0 50458534 356659193 0 78024 0 0 12273750 12 0
9.10 34 SVINFO 2 28 4 3 31 61 351
9.10 34 ESTIMATOR 0. 0. 0. 0. 0.
9.10 34 BAT 454 117 0 0 61 0 2
9.10 34 DOWNLINK_STATUS 7 2482 154 0 401. 25.
9.10 34 NAVIGATION 0 1 0 0 38 0. 6571.9
9.10 34 ATTITUDE 0 0 -72
9.10 34 CALIBRATION 0. 0.023 0.067 0
9.10 34 SERVO 9600 -9600 451
9.10 34 GPS 0 50458534 356659193 0 78024 0 0 12273998 12 0
9.10 34 SVINFO 3 7 12 7 37 34 124
9.10 34 DESIRED 0. 0. 0. 0. 770. 0.
9.10 34 IR_DEBUG 653 644 653 644
9.10 34 NAVIGATION 0 1 0 0 38 0. 6571.9
9.10 34 WP_MOVED 2 506379.59375 3566304.75 800.
9.10 34 GPS 0 50458534 356659193 0 78024 0 0 12274250 12 0
9.10 34 SVINFO 4 11 12 7 36 33 76
9.10 34 ESTIMATOR 0. 0. 0. 0. 0.
9.10 34 COMMANDS 451,-6,-52,-345
9.10 34 NAVIGATION 0 1 0 0 38 0. 6571.9
9.10 34 ATTITUDE 0 0 -72
9.10 34 DL_VALUE 20 20000.
9.10 34 FBW_STATUS 0 0 117
9.10 34 RAD_OF_IR 7 0 0.00211
9.11 34 GPS 0 50458534 356659193 0 78024 0 0 12274498 12 0
9.11 34 IR_SENSORS -909 6 1
9.11 34 NAVIGATION 0 1 0 0 38 0. 6571.9
9.11 34 WP_MOVED 3 506366. 3566262. 0.
9.11 34 GYRO_RATES -199 -164 -138 1.736603 -1.43117 -1.204277
9.15 34 ESTIMATOR 0. 0. 0. 0. 0.
9.19 34 GPS 0 50458534 356659193 0 78024 0 0 12274750 12 0
9.19 34 SVINFO 6 25 12 3 32 17 133
9.35 34 NAVIGATION 0 1 0 0 38 0. 6571.9
9.35 34 ATTITUDE 0 0 -73
9.43 34 DOWNLINK_STATUS 8 2928 183 0 446. 29.
9.45 34 GPS 0 50458534 356659193 0 78024 0 0 12274998 12 0
9.45 34 DESIRED 0. 0. 0. 0. 770. 0.
9.45 34 NAVIGATION 0 1 0 0 38 0. 6571.9
9.46 34 WP_MOVED 0 506408. 3566304. 800.
9.56 34 ESTIMATOR 0. 0. 0. 0. 0.
9.87 34 GPS 0 50458534 356659193 0 78024 0 0 12275250 12 0
9.87 34 COMMANDS 451,34,-11,-349
9.87 34 NAVIGATION 0 1 0 0 38 0. 6571.9
9.87 34 ATTITUDE 0 0 -72
9.87 34 DL_VALUE 21 17500.
9.99 34 FBW_STATUS 0 0 117
9.99 34 RAD_OF_IR 6 0 0.00211
9.99 34 NAVIGATION_REF 506366 3566262 12
9.99 34 IR_SENSORS -908 7 1
9.99 34 GPS 0 50458534 356659193 0 78024 0 0 12275498 12 0
9.99 34 NAVIGATION 0 1 0 0 38 0. 6571.9
9.99 34 WP_MOVED 1 506292.5 3566296.25 800.
10.05 34 ESTIMATOR 0. 0. 0. 0. 0.
10.05 34 BAT 451 117 0 0 63 0 2
10.38 34 GPS 0 50458534 356659193 0 78024 0 0 12275750 12 0
10.41 34 SVINFO 10 1 20 3 21 -9 242
10.41 34 NAVIGATION 0 1 0 0 38 0. 6571.9
10.41 34 ATTITUDE 0 0 -73
10.42 34 CALIBRATION 0. 0.023 0.067 0
10.43 34 DOWNLINK_STATUS 9 3315 207 0 387. 24.
10.47 34 SERVO 9600 -9600 450
10.47 34 DESIRED 0. 0. 0. 0. 770. 0.
10.47 34 IR_DEBUG 654 645 654 645
10.47 34 NAVIGATION 0 1 0 0 38 0. 6571.9
10.47 34 GPS 0 50458534 356659193 0 78024 0 0 12275998 12 0
10.47 34 WP_MOVED 2 506379.59375 3566304.75 800.
10.52 34 ESTIMATOR 0. 0. 0. 0. 0.
10.64 34 COMMANDS 451,-7,-53,-349
10.67 34 NAVIGATION 0 1 0 0 38 0. 6571.9
10.67 34 ATTITUDE 0 0 -72
10.67 34 DL_VALUE 22 20000.
10.86 34 GPS 0 50456254 356665525 1246 74191 108 142 12276252 12 0
10.86 34 FBW_STATUS 0 0 117
10.86 34 RAD_OF_IR 7 0 0.00211
10.96 34 ACTUATORS 1498,1502,0,1237,1482
10.96 34 IR_SENSORS -908 7 1
10.96 34 NAVIGATION 0 1 0 0 38 0. 6571.9
10.96 34 GPS 3 50456197 356665577 1231 74116 8 17 12276500 12 0
10.96 34 WP_MOVED 3 506366. 3566262. 0.
10.96 34 GYRO_RATES -199 -164 -137 1.736603 -1.43117 -1.195551
11.03 34 ESTIMATOR 741.159973 0.17 0.17 0.17 741.159973
11.14 34 GPS 3 50456169 356665598 1203 74062 44 9 12276748 12 0
11.18 34 NAVIGATION 0 1 -1804 393 38 0. 3125145.2
11.18 34 ATTITUDE 0 0 -72
11.18 34 TAKEOFF 127
11.35 34 DESIRED 0. 0. 0. 0. 770. 0.
11.43 34 DOWNLINK_STATUS 10 3733 233 0 418. 26.
11.45 34 NAVIGATION 0 2 -1804 393 38 0. 3125145.2
11.45 34 GPS 3 50456166 356665585 1183 74073 8 64 12277000 12 0
11.45 34 WP_MOVED 0 506408. 3566304. 800.
11.45 34 PPRZ_MODE 0 1 2 0 0 1 0
11.45 34 ESTIMATOR 740.72998 0.64 0.64 0.64 740.72998
11.66 34 COMMANDS 450,-6,-55,-349
11.66 34 NAVIGATION 0 2 -1804 393 38 0. 3125155.
11.66 34 ATTITUDE 0 0 -73
11.66 34 DL_VALUE 23 0.
11.66 34 GPS 3 50456144 356665604 1109 74028 26 94 12277248 12 0
11.66 34 SVINFO 0 8 13 6 33 71 88
11.66 34 FBW_STATUS 0 0 117
11.66 34 RAD_OF_IR 6 -212 0.00211
11.85 34 IR_SENSORS -908 7 1
11.85 34 NAVIGATION 0 2 -1804 394 38 0. 3126053.8
11.95 34 GPS 3 50456122 356665619 1108 73981 2 0 12277500 12 0
11.95 34 SVINFO 1 17 13 6 33 62 214
11.95 34 WP_MOVED 1 506292.5 3566296.25 800.
11.95 34 GYRO_RATES -199 -164 -137 1.736603 -1.43117 -1.195551
11.96 34 ESTIMATOR 739.809998 0. 0. 0. 739.809998
11.96 34 BAT 450 117 2 1 65 1 2
12.08 34 NAVIGATION 0 2 -1804 394 38 0. 3126923.2
12.08 34 ATTITUDE 0 0 -72
12.08 34 CALIBRATION 0. 0.023 0.067 0
12.08 34 GPS 3 50456098 356665641 1017 73927 45 -23 12277748 12 0
12.08 34 SVINFO 2 28 4 6 33 61 351
12.37 34 SERVO 9600 -9600 453
12.37 34 DESIRED 0. 0. 0. 0. 770. 0.
12.37 34 IR_DEBUG 653 644 653 644
12.37 34 NAVIGATION 0 2 -1805 394 38 0. 3127912.8
12.44 34 DOWNLINK_STATUS 11 4194 263 0 461. 30.
12.46 34 WP_MOVED 2 506379.59375 3566304.75 800.
12.46 34 GPS 3 50456083 356665641 1123 73910 37 -14 12278000 12 0
12.46 34 SVINFO 3 7 13 7 37 34 124
12.46 34 ESTIMATOR 739.099976 -0.14 -0.14 -0.14 739.099976
12.66 34 COMMANDS 451,-7,-53,-339
12.66 34 NAVIGATION 0 2 -1805 394 38 0. 3128432.5
12.66 34 ATTITUDE 0 0 -72
12.66 34 DL_VALUE 24 2150.
12.67 34 FBW_STATUS 0 0 117
12.67 34 GPS 3 50456080 356665633 1026 73923 35 17 12278248 12 0
12.67 34 SVINFO 4 11 13 7 35 33 76
12.67 34 RAD_OF_IR 5 -279 0.00211
12.67 34 IR_SENSORS -908 7 1
12.96 34 NAVIGATION 0 2 -1805 394 38 0. 3128478.2
12.96 34 WP_MOVED 3 506366. 3566262. 0.
12.96 34 GYRO_RATES -199 -163 -137 1.736603 -1.422443 -1.195551
13.05 34 GPS 3 50456077 356665626 1087 73914 16 -7 12278500 12 0
13.05 34 ESTIMATOR 739.140015 -0.07 -0.07 -0.07 739.140015
13.05 34 NAVIGATION 0 2 -1805 394 38 0. 3128532.
13.05 34 ATTITUDE 0 0 -73
13.07 34 GPS 3 50456073 356665612 1132 73898 15 -34 12278748 12 0
13.10 34 SVINFO 6 25 12 3 32 17 133
13.13 34 DESIRED 0. 0. 0. 0. 770. 0.
13.15 34 NAVIGATION 0 2 -1805 394 38 0. 3128570.
13.22 34 WP_MOVED 0 506408. 3566304. 800.
13.43 34 DOWNLINK_STATUS 12 4596 288 0 402. 25.
13.46 34 GPS 3 50456085 356665596 1086 73918 15 22 12279000 12 0
13.46 34 ESTIMATOR 739.179993 0.22 0.22 0.22 739.179993
13.54 34 COMMANDS 450,-4,-55,-354
13.54 34 NAVIGATION 0 2 -1805 393 38 0. 3128039.
13.54 34 ATTITUDE 0 0 -73
13.54 34 DL_VALUE 25 5300.
13.54 34 FBW_STATUS 0 0 117
13.76 34 RAD_OF_IR 7 -130 0.00211
13.80 34 GPS 3 50456093 356665583 1017 73922 43 27 12279248 12 0
13.80 34 IR_SENSORS -907 6 1
13.80 34 NAVIGATION 0 2 -1805 393 38 0. 3127668.2
13.80 34 WP_MOVED 1 506292.5 3566296.25 800.
13.80 34 GYRO_RATES -199 -163 -137 1.736603 -1.422443 -1.195551
13.97 34 GPS 3 50456095 356665565 955 73925 36 27 12279500 12 0
13.97 34 ESTIMATOR 739.25 0.27 0.27 0.27 739.25
13.97 34 BAT 473 117 4 1 67 3 2
14.04 34 NAVIGATION 0 2 -1805 393 38 0. 3127469.8
14.04 34 ATTITUDE 0 0 -72
14.04 34 CALIBRATION 0. 0.023 0.067 0
14.04 34 SERVO 9600 -9600 473
14.15 34 GPS 3 50456084 356665543 1017 73907 23 2 12279748 12 0
14.19 34 DESIRED 0. 0. 0. 0. 770. 0.
14.19 34 IR_DEBUG 654 645 654 645
14.19 34 NAVIGATION 0 2 -1805 393 38 0. 3127692.8
14.19 34 WP_MOVED 2 506379.59375 3566304.75 800.
14.43 34 DOWNLINK_STATUS 13 5000 313 0 404. 25.
14.48 34 ESTIMATOR 739.070007 0.02 0.02 0.02 739.070007
14.48 34 GPS 3 50456079 356665533 945 73896 22 7 12280000 12 0
14.48 34 COMMANDS 453,-9,-52,-352
14.48 34 NAVIGATION 0 2 -1805 393 38 0. 3127793.8
14.48 34 ATTITUDE 0 0 -73
14.48 34 DL_VALUE 26 10000.
14.54 34 FBW_STATUS 0 0 117
14.54 34 RAD_OF_IR 7 -203 0.00211
14.59 34 GPS 3 50456080 356665520 876 73910 49 36 12280248 12 0
14.62 34 IR_SENSORS -907 6 1
14.62 34 NAVIGATION 0 2 -1805 393 38 0. 3127665.8
14.65 34 WP_MOVED 3 506366. 3566262. 0.
14.65 34 GYRO_RATES -200 -163 -137 1.745329 -1.422443 -1.195551
14.72 34 ESTIMATOR 739.099976 0.36 0.36 0.36 739.099976
14.97 34 GPS 3 50456072 356665504 810 73908 11 19 12280500 12 0
14.98 34 NAVIGATION 0 2 -1805 393 38 0. 3127828.2
14.98 34 ATTITUDE 0 0 -73
15.09 34 DESIRED 0. 0. 0. 0. 770. 0.
15.09 34 GPS 3 50456064 356665494 741 73923 75 58 12280748 12 0
15.09 34 NAVIGATION 0 2 -1805 392 38 0. 3128033.5
15.14 34 WP_MOVED 0 506408. 3566304. 800.
15.22 34 ESTIMATOR 739.22998 0.58 0.58 0.58 739.22998
15.43 34 DOWNLINK_STATUS 14 5379 335 0 379. 22.
15.47 34 COMMANDS 434,-4,-88,-367
15.47 34 NAVIGATION 0 2 -1805 392 38 0. 3128033.5
15.47 34 GPS 3 50456060 356665468 726 73933 10 33 12281000 12 0
15.47 34 ATTITUDE 0 0 -72
15.47 34 DL_VALUE 27 4000.
15.53 34 FBW_STATUS 0 0 116
15.53 34 RAD_OF_IR 6 -42 0.00211
15.54 34 ACTUATORS 1497,1502,0,1237,1484
15.54 34 IR_SENSORS -908 5 1
15.66 34 NAVIGATION 0 2 -1805 392 38 0. 3127985.8
15.70 34 GPS 3 50456059 356665343 630 73745 41 -29 12281248 12 0
15.70 34 SVINFO 0 8 13 6 34 71 88
15.70 34 WP_MOVED 1 506292.5 3566296.25 800.
15.70 34 GYRO_RATES -199 -164 -137 1.736603 -1.43117 -1.195551
15.74 34 ESTIMATOR 737.450012 -0.29 -0.29 -0.29 737.450012
15.74 34 BAT 450 117 6 1 69 5 2
15.98 34 NAVIGATION 0 2 -1805 391 38 0. 3127125.5
15.98 34 ATTITUDE 0 0 -73
15.98 34 CALIBRATION 0. 0.023 0.067 0
15.98 34 GPS 3 50456047 356665277 526 73629 42 -81 12281500 12 0
15.98 34 SVINFO 1 17 13 6 34 62 214
15.98 34 SERVO 9600 -9600 454
16.04 34 DESIRED 0. 0. 0. 0. 770. 0.
16.04 34 IR_DEBUG 653 644 653 644
16.04 34 NAVIGATION 0 2 -1805 390 38 0. 3127070.2
16.14 34 GPS 3 50456056 356665216 603 73582 36 -63 12281748 12 0
16.19 34 SVINFO 2 28 4 6 34 61 351
16.19 34 WP_MOVED 2 506379.59375 3566304.75 800.
16.19 34 PPRZ_MODE 0 1 2 0 0 1 0
16.19 34 ESTIMATOR 735.820007 -0.63 -0.63 -0.63 735.820007
16.25 34 COMMANDS 452,-28,-52,-352
16.25 34 NAVIGATION 0 2 -1805 390 38 0. 3126323.5
16.25 34 ATTITUDE 0 0 -73
16.25 34 DL_VALUE 28 0.228
16.43 34 DOWNLINK_STATUS 15 5879 369 0 500. 34.
16.46 34 GPS 3 50456057 356665205 503 73618 26 -15 12282000 12 0
16.46 34 SVINFO 3 7 13 7 37 34 124
16.46 34 FBW_STATUS 0 0 117
16.46 34 RAD_OF_IR 6 -283 0.00211
16.53 34 IR_SENSORS -909 6 1
16.53 34 NAVIGATION 0 2 -1805 390 38 0. 3126211.
16.59 34 WP_MOVED 3 506366. 3566262. 0.
16.59 34 GYRO_RATES -200 -164 -137 1.745329 -1.43117 -1.195551
16.59 34 GPS 3 50456074 356665193 546 73678 31 0 12282248 12 0
16.59 34 SVINFO 4 11 13 7 37 33 76
16.64 34 ESTIMATOR 736.780029 0. 0. 0. 736.780029
16.73 34 NAVIGATION 0 2 -1805 389 38 0. 3125536.5
16.73 34 ATTITUDE 0 0 -73
16.95 34 GPS 3 50456063 356665201 451 73690 14 22 12282500 12 0
16.95 34 SVINFO 5 15 4 3 27 24 305
17.04 34 DESIRED 0. 0. 0. 0. 770. 0.
17.04 34 NAVIGATION 0 2 -1805 390 38 0. 3125974.5
17.04 34 WP_MOVED 0 506408. 3566304. 800.
17.15 34 GPS 3 50456074 356665204 439 73731 44 14 12282748 12 0
17.18 34 SVINFO 6 25 13 4 31 17 133
17.18 34 ESTIMATOR 737.309998 0.14 0.14 0.14 737.309998
17.24 34 COMMANDS 473,0,-52,-397
17.24 34 NAVIGATION 0 2 -1805 390 38 0. 3125614.8
17.24 34 ATTITUDE 0 0 -72
17.24 34 DL_VALUE 29 0.42
17.24 34 FBW_STATUS 0 0 117
17.24 34 RAD_OF_IR 6 -34 0.00211
17.43 34 DOWNLINK_STATUS 16 6291 396 0 412. 27.
17.46 34 GPS 3 50456067 356665219 430 73743 36 39 12283000 12 0
17.46 34 IR_SENSORS -907 6 1
17.54 34 NAVIGATION 0 2 -1805 390 38 0. 3125964.
17.54 34 WP_MOVED 1 506292.5 3566296.25 800.
17.54 34 GYRO_RATES -200 -164 -138 1.745329 -1.43117 -1.204277
17.67 34 GPS 3 50456079 356665208 465 73772 52 9 12283248 12 0
17.71 34 ESTIMATOR 737.719971 0.09 0.09 0.09 737.719971
17.71 34 BAT 452 117 8 1 71 7 2
17.71 34 NAVIGATION 0 2 -1805 390 38 0. 3125470.
17.71 34 ATTITUDE 0 0 -73
17.71 34 CALIBRATION 0. 0.023 0.067 0
17.72 34 SERVO 9600 -9600 451
17.98 34 GPS 3 50456085 356665190 520 73772 41 -18 12283500 12 0
17.98 34 DESIRED 0. 0. 0. 0. 770. 0.
17.98 34 IR_DEBUG 654 645 654 645
17.98 34 NAVIGATION 0 2 -1805 389 38 0. 3125134.2
18.02 34 WP_MOVED 2 506379.59375 3566304.75 800.
18.05 34 ESTIMATOR 737.719971 -0.18 -0.18 -0.18 737.719971
18.05 34 GPS 3 50456100 356665135 579 73722 33 -6 12283748 12 0
18.14 34 COMMANDS 464,-6,-34,-359
18.18 34 NAVIGATION 0 2 -1805 389 38 0. 3124223.8
18.18 34 ATTITUDE 0 0 -72
18.18 34 DL_VALUE 30 0.
18.18 34 FBW_STATUS 0 0 117
18.23 34 RAD_OF_IR 5 169 0.00211
18.23 34 NAVIGATION_REF 506366 3566262 12
18.43 34 DOWNLINK_STATUS 17 6706 422 0 415. 26.
18.46 34 GPS 3 50456089 356665122 615 73659 41 -26 12284000 12 0
18.46 34 IR_SENSORS -908 7 1
18.46 34 NAVIGATION 0 2 -1805 389 38 0. 3124512.5
18.54 34 WP_MOVED 3 506366. 3566262. 0.
18.54 34 GYRO_RATES -200 -165 -137 1.745329 -1.439897 -1.195551
18.54 34 ESTIMATOR 736.590027 -0.26 -0.26 -0.26 736.590027
18.64 34 GPS 3 50456083 356665125 553 73631 33 -18 12284248 12 0
18.68 34 NAVIGATION 0 2 -1805 389 38 0. 3124741.8
18.68 34 ATTITUDE 0 0 -72
18.98 34 DESIRED 0. 0. 0. 0. 770. 0.
18.98 34 GPS 3 50456072 356665128 523 73595 22 -40 12284500 12 0
18.98 34 NAVIGATION 0 2 -1805 389 38 0. 3125143.8
18.98 34 WP_MOVED 0 506408. 3566304. 800.
19.03 34 ESTIMATOR 735.950012 -0.4 -0.4 -0.4 735.950012
19.15 34 COMMANDS 452,0,-48,-354
19.15 34 NAVIGATION 0 2 -1805 389 38 0. 3125143.8
19.15 34 GPS 3 50456052 356665134 456 73565 61 -15 12284748 12 0
19.15 34 ATTITUDE 0 0 -73
19.15 34 DL_VALUE 31 0.023
19.15 34 FBW_STATUS 0 0 117
19.16 34 RAD_OF_IR 7 -192 0.00211
19.25 34 IR_SENSORS -907 6 1
19.25 34 NAVIGATION 0 2 -1805 389 38 0. 3125879.2
19.43 34 DOWNLINK_STATUS 18 7089 445 0 383. 23.
19.47 34 GPS 3 50456036 356665141 391 73543 51 -40 12285000 12 0
19.47 34 WP_MOVED 1 506292.5 3566296.25 800.
19.47 34 GYRO_RATES -199 -163 -137 1.736603 -1.422443 -1.195551
19.61 34 ESTIMATOR 735.429993 -0.4 -0.4 -0.4 735.429993
19.61 34 BAT 453 117 10 1 73 9 2
19.61 34 NAVIGATION 0 2 -1805 389 38 0. 3126483.2
19.61 34 ATTITUDE 0 0 -72
19.61 34 CALIBRATION 0. 0.023 0.067 0
19.61 34 GPS 3 50456033 356665147 323 73534 38 -30 12285248 12 0
19.61 34 SVINFO 0 8 13 7 32 71 88
19.65 34 SERVO 9600 -9600 452
19.74 34 DESIRED 0. 0. 0. 0. 770. 0.
19.74 34 IR_DEBUG 653 644 653 644
19.74 34 NAVIGATION 0 2 -1805 389 38 0. 3126629.8
19.96 34 GPS 3 50456037 356665143 266 73549 33 -48 12285500 12 0
19.96 34 SVINFO 1 17 13 6 36 63 214
19.96 34 WP_MOVED 2 506379.59375 3566304.75 800.
20.11 34 ESTIMATOR 735.48999 -0.48 -0.48 -0.48 735.48999
20.11 34 COMMANDS 450,-6,-50,-344
20.11 34 NAVIGATION 0 2 -1805 389 38 0. 3126462.5
20.11 34 ATTITUDE 0 0 -72
20.11 34 DL_VALUE 32 0.001
20.11 34 GPS 3 50456036 356665154 219 73543 24 -25 12285748 12 0
20.11 34 SVINFO 2 28 4 4 26 61 351
20.11 34 FBW_STATUS 0 0 117
20.15 34 ACTUATORS 1498,1502,0,1237,1482
20.15 34 IR_SENSORS -907 6 1
20.43 34 DOWNLINK_STATUS 19 7508 472 0 419. 27.
20.49 34 NAVIGATION 0 2 -1805 389 38 0. 3126575.5
20.49 34 WP_MOVED 3 506366. 3566262. 0.
20.49 34 GYRO_RATES -199 -163 -138 1.736603 -1.422443 -1.204277
20.49 34 GPS 3 50456034 356665174 145 73527 36 -50 12286000 12 0
20.49 34 SVINFO 3 7 13 7 38 34 124
20.49 34 ESTIMATOR 735.27002 -0.5 -0.5 -0.5 735.27002
20.53 34 NAVIGATION 0 2 -1805 389 38 0. 3126787.2
20.53 34 ATTITUDE 0 0 -72
20.55 34 GPS 3 50456036 356665188 103 73525 25 -11 12286248 12 0
20.55 34 SVINFO 4 11 13 7 39 33 76
20.63 34 DESIRED 0. 0. 0. 0. 770. 0.
20.67 34 NAVIGATION 0 2 -1805 389 38 0. 3126817.2
20.73 34 WP_MOVED 0 506408. 3566304. 800.
20.73 34 PPRZ_MODE 0 1 2 0 0 1 0
20.97 34 GPS 3 50456035 356665218 44 73523 51 -31 12286500 12 0
20.97 34 SVINFO 5 15 4 3 24 24 305
20.97 34 ESTIMATOR 735.22998 -0.31 -0.31 -0.31 735.22998
21.04 34 COMMANDS 453,-7,-53,-354
21.04 34 NAVIGATION 0 2 -1805 390 38 0. 3127065.5
21.04 34 ATTITUDE 0 0 -73
21.04 34 DL_VALUE 33 0.01
21.04 34 FBW_STATUS 0 0 117
21.05 34 RAD_OF_IR 6 -167 0.00211
21.06 34 GPS 3 50456054 356665248 3582 73552 36 -46 12286748 12 0
21.06 34 SVINFO 6 25 13 6 34 17 133
21.13 34 IR_SENSORS -908 5 1
21.17 34 NAVIGATION 0 2 -1805 390 38 0. 3126620.8
21.23 34 WP_MOVED 1 506292.5 3566296.25 800.
21.23 34 GYRO_RATES -199 -163 -137 1.736603 -1.422443 -1.195551
21.43 34 DOWNLINK_STATUS 20 7967 501 0 459. 29.
21.47 34 GPS 3 50456078 356665263 3576 73582 40 -41 12287000 12 0
21.47 34 ESTIMATOR 735.820007 -0.41 -0.41 -0.41 735.820007
21.47 34 BAT 471 117 12 1 75 11 3
21.54 34 NAVIGATION 0 2 -1805 390 38 0. 3125896.2
21.54 34 ATTITUDE 0 0 -72
21.54 34 CALIBRATION 0. 0.023 0.067 0
21.54 34 SERVO 9600 -9600 466
21.66 34 GPS 3 50456113 356665298 3553 73603 48 -2 12287248 12 0
21.69 34 DESIRED 0. 0. 0. 0. 770. 0.
21.70 34 IR_DEBUG 653 644 653 644
21.70 34 NAVIGATION 0 2 -1804 390 38 0. 3124934.
21.70 34 WP_MOVED 2 506379.59375 3566304.75 800.
21.75 34 ESTIMATOR 736.030029 -0.02 -0.02 -0.02 736.030029
21.97 34 GPS 3 50456138 356665322 3546 73636 72 -22 12287500 12 0
21.97 34 COMMANDS 452,-9,-52,-352
21.97 34 NAVIGATION 0 2 -1804 391 38 0. 3124239.8
21.97 34 ATTITUDE 0 0 -73
21.97 34 DL_VALUE 34 1.
22.02 34 FBW_STATUS 0 0 117
22.02 34 RAD_OF_IR 6 -19 0.00211
22.09 34 GPS 3 50456154 356665337 3548 73666 22 -56 12287748 12 0
22.09 34 IR_SENSORS -907 6 1
22.09 34 NAVIGATION 0 2 -1804 391 38 0. 3123793.
22.15 34 WP_MOVED 3 506366. 3566262. 0.
22.15 34 GYRO_RATES -199 -162 -137 1.736603 -1.413717 -1.195551
22.23 34 ESTIMATOR 736.659973 -0.56 -0.56 -0.56 736.659973
22.43 34 DOWNLINK_STATUS 21 8393 527 0 426. 26.
22.46 34 GPS 3 50456172 356665345 3543 73702 18 -24 12288000 12 0
22.46 34 NAVIGATION 0 2 -1804 391 38 0. 3123227.
22.46 34 ATTITUDE 0 0 -72
22.59 34 DESIRED 0. 0. 0. 0. 770. 0.
22.59 34 NAVIGATION 0 2 -1804 391 38 0. 3123227.
22.59 34 GPS 3 50456207 356665366 3534 73750 63 30 12288248 12 0
22.64 34 WP_MOVED 0 506408. 3566304. 800.
22.73 34 ESTIMATOR 737.5 0.3 0.3 0.3 737.5
22.97 34 COMMANDS 452,-4,-53,-352
22.97 34 NAVIGATION 0 2 -1803 391 38 0. 3122166.
22.97 34 ATTITUDE 0 0 -72
22.97 34 DL_VALUE 35 0.
22.97 34 GPS 3 50456243 356665377 3498 73823 28 3 12288500 12 0
23.03 34 FBW_STATUS 0 0 117
23.03 34 RAD_OF_IR 6 -101 0.00211
23.03 34 IR_SENSORS -909 6 1
23.15 34 NAVIGATION 0 2 -1803 391 38 0. 3120998.2
23.15 34 GPS 3 50456275 356665380 3518 73875 28 -52 12288748 12 0
23.16 34 WP_MOVED 1 506292.5 3566296.25 800.
23.16 34 GYRO_RATES -200 -164 -137 1.745329 -1.43117 -1.195551
23.23 34 ESTIMATOR 738.75 -0.52 -0.52 -0.52 738.75
23.23 34 BAT 452 117 14 1 77 13 3
23.43 34 DOWNLINK_STATUS 22 8764 549 0 371. 22.
23.48 34 NAVIGATION 0 2 -1803 391 38 0. 3119912.8
23.48 34 ATTITUDE 0 0 -72
23.48 34 CALIBRATION 0. 0.023 0.067 0
23.48 34 GPS 3 50456306 356665377 3499 73927 40 -27 12289000 12 0
23.48 34 SERVO 9600 -9600 439
23.54 34 DESIRED 0. 0. 0. 0. 770. 0.
23.54 34 IR_DEBUG 652 643 652 643
23.54 34 NAVIGATION 0 2 -1802 391 38 0. 3118818.8
23.60 34 GPS 3 50456348 356665372 3569 73994 39 24 12289248 12 0
23.63 34 SVINFO 0 8 13 6 35 71 88
23.63 34 WP_MOVED 2 506379.59375 3566304.75 800.
23.63 34 ESTIMATOR 739.940002 0.24 0.24 0.24 739.940002
23.74 34 COMMANDS 464,-6,-29,-357
23.74 34 NAVIGATION 0 2 -1802 391 38 0. 3117330.8
23.74 34 ATTITUDE 0 0 -72
23.74 34 DL_VALUE 36 0.
23.96 34 GPS 3 50456391 356665370 62 74053 27 15 12289500 12 0
23.96 34 SVINFO 1 17 13 7 37 63 214
23.97 34 FBW_STATUS 0 0 117
23.97 34 RAD_OF_IR 6 263 0.00211
24.03 34 IR_SENSORS -907 6 1
24.03 34 NAVIGATION 0 2 -1802 391 38 0. 3115829.5
24.09 34 WP_MOVED 3 506366. 3566262. 0.
24.09 34 GYRO_RATES -200 -164 -137 1.745329 -1.43117 -1.195551
24.09 34 GPS 3 50456423 356665357 26 74083 47 46 12289748 12 0
24.09 34 SVINFO 2 28 4 4 30 61 351
24.13 34 ESTIMATOR 740.830017 0.46 0.46 0.46 740.830017
24.23 34 NAVIGATION 0 2 -1801 391 38 0. 3114630.5
24.23 34 ATTITUDE 0 0 -73
24.43 34 DOWNLINK_STATUS 23 9210 578 0 446. 29.
24.45 34 GPS 3 50456446 356665357 3529 74112 39 30 12290000 12 0
24.46 34 SVINFO 3 7 13 7 38 34 124
24.54 34 DESIRED 0. 0. 0. 0. 770. 0.
24.54 34 NAVIGATION 0 2 -1801 391 38 0. 3113835.8
24.54 34 WP_MOVED 0 506408. 3566304. 800.
24.65 34 GPS 3 50456462 356665357 3417 74121 44 -24 12290248 12 0
24.69 34 SVINFO 4 11 13 6 37 33 76
24.69 34 ESTIMATOR 741.210022 -0.24 -0.24 -0.24 741.210022
24.74 34 COMMANDS 453,13,-48,-352
24.74 34 NAVIGATION 0 2 -1801 391 38 0. 3113282.5
24.74 34 ATTITUDE 0 0 -72
24.74 34 DL_VALUE 37 0.1
24.74 34 FBW_STATUS 0 0 117
24.74 34 RAD_OF_IR 6 -322 0.00211
24.96 34 GPS 3 50456474 356665363 3404 74139 4 -3 12290500 12 0
24.96 34 ACTUATORS 1498,1501,0,1238,1482
24.96 34 IR_SENSORS -907 6 1
25.04 34 NAVIGATION 0 2 -1801 391 38 0. 3112911.
25.04 34 WP_MOVED 1 506292.5 3566296.25 800.
25.04 34 GYRO_RATES -199 -164 -137 1.736603 -1.43117 -1.195551
25.27 34 GPS 3 50456483 356665370 3462 74168 28 20 12290748 12 0
25.31 34 SVINFO 6 25 13 6 35 17 133
25.31 34 ESTIMATOR 741.679993 0.2 0.2 0.2 741.679993
25.31 34 BAT 451 117 16 1 79 15 3
25.31 34 NAVIGATION 0 2 -1801 391 38 0. 3112650.
25.31 34 ATTITUDE 0 0 -73
25.31 34 CALIBRATION 0. 0.023 0.067 0
25.31 34 SERVO 9600 -9600 452
25.43 34 DOWNLINK_STATUS 24 9647 606 0 437. 28.
25.48 34 GPS 3 50456497 356665365 3569 74186 25 12 12291000 12 0
25.48 34 DESIRED 0. 0. 0. 0. 770. 0.
25.48 34 IR_DEBUG 653 644 653 644
25.48 34 NAVIGATION 0 2 -1801 391 38 0. 3112130.5
25.53 34 WP_MOVED 2 506379.59375 3566304.75 800.
25.53 34 PPRZ_MODE 0 1 2 0 0 1 0
25.55 34 ESTIMATOR 741.859985 0.12 0.12 0.12 741.859985
25.55 34 GPS 3 50456525 356665356 3594 74207 43 19 12291248 12 0
25.64 34 COMMANDS 441,-3,-44,-322
25.68 34 NAVIGATION 0 2 -1800 391 38 0. 3111098.8
25.68 34 ATTITUDE 0 0 -72
25.68 34 DL_VALUE 38 0.
25.68 34 FBW_STATUS 0 0 117
25.72 34 RAD_OF_IR 7 71 0.00211
25.96 34 GPS 3 50456544 356665356 3594 74228 43 2 12291500 12 0
25.96 34 IR_SENSORS -907 6 1
25.96 34 NAVIGATION 0 2 -1800 391 38 0. 3110442.8
26.04 34 WP_MOVED 3 506366. 3566262. 0.
26.04 34 GYRO_RATES -200 -164 -137 1.745329 -1.43117 -1.195551
26.04 34 ESTIMATOR 742.280029 0.02 0.02 0.02 742.280029
26.07 34 GPS 3 50456550 356665359 19 74228 17 6 12291748 12 0
26.07 34 NAVIGATION 0 2 -1800 391 38 0. 3110256.5
26.07 34 ATTITUDE 0 0 -73
26.43 34 DOWNLINK_STATUS 25 10023 629 0 376. 23.
26.48 34 DESIRED 0. 0. 0. 0. 770. 0.
26.48 34 GPS 3 50456560 356665362 3591 74236 67 5 12292000 12 0
26.48 34 NAVIGATION 0 2 -1800 391 38 0. 3109932.8
26.48 34 WP_MOVED 0 506408. 3566304. 800.
26.53 34 ESTIMATOR 742.359985 0.05 0.05 0.05 742.359985
26.66 34 COMMANDS 451,-7,-53,-352
26.66 34 NAVIGATION 0 2 -1800 391 38 0. 3109932.8
26.66 34 GPS 3 50456570 356665357 3559 74234 13 -40 12292248 12 0
26.66 34 ATTITUDE 0 0 -72
26.66 34 DL_VALUE 39 0.067
26.66 34 FBW_STATUS 0 0 117
26.66 34 RAD_OF_IR 6 -92 0.00211
26.66 34 NAVIGATION_REF 506366 3566262 12
26.75 34 IR_SENSORS -907 6 1
26.75 34 NAVIGATION 0 2 -1800 391 38 0. 3109551.8
26.97 34 GPS 3 50456573 356665367 3549 74211 44 -33 12292500 12 0
26.97 34 WP_MOVED 1 506292.5 3566296.25 800.
26.97 34 GYRO_RATES -199 -163 -137 1.736603 -1.422443 -1.195551
27.10 34 ESTIMATOR 742.109985 -0.33 -0.33 -0.33 742.109985
27.10 34 BAT 467 117 18 1 81 17 3
27.10 34 NAVIGATION 0 2 -1800 391 38 0. 3109519.5
27.10 34 ATTITUDE 0 0 -72
27.10 34 CALIBRATION 0. 0.023 0.067 0
27.10 34 GPS 3 50456566 356665366 3476 74184 34 -63 12292748 12 0
27.12 34 SERVO 9600 -9600 459
27.24 34 DESIRED 0. 0. 0. 0. 770. 0.
27.24 34 IR_DEBUG 654 645 654 645
27.24 34 NAVIGATION 0 2 -1800 391 38 0. 3109754.
27.43 34 DOWNLINK_STATUS 26 10482 657 0 459. 28.
27.46 34 GPS 3 50456563 356665374 3448 74155 26 -83 12293000 12 0
27.46 34 WP_MOVED 2 506379.59375 3566304.75 800.
27.61 34 ESTIMATOR 741.549988 -0.83 -0.83 -0.83 741.549988
27.61 34 COMMANDS 451,-7,-53,-350
27.61 34 NAVIGATION 0 2 -1800 391 38 0. 3109914.8
27.61 34 ATTITUDE 0 0 -73
27.61 34 DL_VALUE 40 1.
27.61 34 GPS 3 50456557 356665379 3410 74142 72 -86 12293248 12 0
27.61 34 SVINFO 0 8 13 4 28 71 88
27.61 34 FBW_STATUS 0 0 117
28.00 34 IR_SENSORS -907 6 1
28.00 34 NAVIGATION 0 2 -1800 391 38 0. 3110158.
28.00 34 WP_MOVED 3 506366. 3566262. 0.
28.00 34 GYRO_RATES -199 -163 -137 1.736603 -1.422443 -1.195551
28.00 34 GPS 3 50456553 356665385 3387 74139 70 -39 12293500 12 0
28.00 34 SVINFO 1 17 13 7 31 63 214
28.03 34 NAVIGATION 0 2 -1800 391 38 0. 3110338.8
28.04 34 ATTITUDE 0 0 -73
28.05 34 GPS 3 50456558 356665381 3366 74144 69 -67 12293748 12 0
28.05 34 SVINFO 2 28 4 4 28 61 351
28.13 34 DESIRED 0. 0. 0. 0. 770. 0.
28.17 34 NAVIGATION 0 2 -1800 391 38 0. 3110137.8
28.22 34 WP_MOVED 0 506408. 3566304. 800.
28.43 34 DOWNLINK_STATUS 27 10852 680 0 370. 23.
28.47 34 GPS 3 50456565 356665371 3360 74144 23 -91 12294000 12 0
28.47 34 SVINFO 3 7 13 7 35 34 124
28.47 34 ESTIMATOR 741.440002 -0.91 -0.91 -0.91 741.440002
28.54 34 COMMANDS 452,-3,-50,-350
28.54 34 NAVIGATION 0 2 -1800 391 38 0. 3109824.2
28.54 34 ATTITUDE 0 0 -72
28.54 34 DL_VALUE 41 0.
28.54 34 FBW_STATUS 0 0 117
28.56 34 RAD_OF_IR 6 -16 0.00211
28.56 34 GPS 3 50456564 356665360 3315 74153 25 -15 12294248 12 0
28.56 34 SVINFO 4 11 13 6 34 33 76
28.64 34 IR_SENSORS -905 5 1
28.67 34 NAVIGATION 0 2 -1800 391 38 0. 3109780.2
28.73 34 WP_MOVED 1 506292.5 3566296.25 800.
28.73 34 GYRO_RATES -199 -163 -137 1.736603 -1.422443 -1.195551
28.97 34 ESTIMATOR 741.530029 -0.15 -0.15 -0.15 741.530029
28.97 34 BAT 452 117 20 1 83 19 3
28.97 34 GPS 3 50456563 356665355 3262 74175 20 -63 12294500 12 0
29.04 34 NAVIGATION 0 2 -1800 391 38 0. 3109779.
29.04 34 ATTITUDE 0 0 -73
29.04 34 CALIBRATION 0. 0.023 0.067 0
29.04 34 SERVO 9600 -9600 445
29.16 34 GPS 3 50456554 356665360 3230 74193 42 -77 12294748 12 0
29.20 34 SVINFO 6 25 13 6 31 17 133
29.20 34 DESIRED 0. 0. 0. 0. 770. 0.
29.20 34 IR_DEBUG 654 644 654 644
29.20 34 NAVIGATION 0 2 -1800 391 38 0. 3110125.5
29.20 34 WP_MOVED 2 506379.59375 3566304.75 800.
29.25 34 ESTIMATOR 741.929993 -0.77 -0.77 -0.77 741.929993
29.43 34 DOWNLINK_STATUS 28 11308 709 0 456. 29.
29.47 34 GPS 3 50456548 356665375 3216 74228 70 -84 12295000 12 0
29.47 34 COMMANDS 454,-7,-50,-355
29.47 34 NAVIGATION 0 2 -1800 391 38 0. 3110440.2
29.47 34 ATTITUDE 0 0 -72
29.47 34 DL_VALUE 0 770.
29.52 34 FBW_STATUS 0 0 117
29.52 34 RAD_OF_IR 6 -39 0.00211
29.65 34 ACTUATORS 1496,1503,0,1236,1482
29.65 34 GPS 3 50456535 356665391 2933 74268 107 -122 12295248 12 0
29.65 34 IR_SENSORS -910 5 1
29.65 34 NAVIGATION 0 2 -1800 391 38 0. 3111003.8
29.66 34 WP_MOVED 3 506366. 3566262. 0.
29.66 34 GYRO_RATES -199 -163 -137 1.736603 -1.422443 -1.195551
29.73 34 ESTIMATOR 742.679993 -1.22 -1.22 -1.22 742.679993
29.96 34 GPS 3 50456515 356665418 3018 74303 128 -170 12295500 12 0
29.96 34 NAVIGATION 0 2 -1800 392 38 0. 3111887.8
29.97 34 ATTITUDE 0 0 -72
30.09 34 DESIRED 0. 0. 0. 0. 770. 0.
30.09 34 GPS 3 50456498 356665437 3020 74321 116 -238 12295748 12 0
30.09 34 NAVIGATION 0 2 -1801 392 38 0. 3112611.2
30.13 34 WP_MOVED 0 506408. 3566304. 800.
30.13 34 PPRZ_MODE 0 1 2 0 0 1 0
30.23 34 ESTIMATOR 743.210022 -2.38 -2.38 -2.38 743.210022
30.43 34 DOWNLINK_STATUS 29 11687 732 0 379. 23.
30.47 34 COMMANDS 455,17,-50,-357
30.47 34 NAVIGATION 0 2 -1801 392 38 0. 3112611.2
30.47 34 GPS 3 50456470 356665463 3106 74331 198 -278 12296000 12 0
30.47 34 ATTITUDE 0 0 -72
30.48 34 DL_VALUE 1 1.
30.53 34 FBW_STATUS 0 0 117
30.53 34 RAD_OF_IR 6 243 0.00211
30.53 34 IR_SENSORS -909 6 1
30.78 34 NAVIGATION 0 2 -1801 392 38 0. 3113765.
30.78 34 GPS 3 50456442 356665506 3173 74313 269 -314 12296248 12 0
30.78 34 WP_MOVED 1 506292.5 3566296.25 800.
30.78 34 GYRO_RATES -199 -164 -137 1.736603 -1.43117 -1.195551
30.99 34 ESTIMATOR 743.130005 -3.14 -3.14 -3.14 743.130005
30.99 34 BAT 450 117 21 1 84 20 3
30.99 34 NAVIGATION 0 2 -1801 393 38 0. 3115040.8
30.99 34 ATTITUDE 0 0 -72
30.99 34 CALIBRATION 0. 0.023 0.067 0
30.99 34 GPS 3 50456407 356665548 3175 74271 324 -340 12296500 12 0
31.00 34 SERVO 9600 -9600 452
31.04 34 DESIRED 0. 0. 0. 0. 770. 0.
31.04 34 IR_DEBUG 653 645 653 645
31.04 34 NAVIGATION 0 2 -1801 393 38 0. 3116552.5
31.05 34 GPS 3 50456356 356665580 3043 74208 292 -452 12296748 12 0
31.05 34 WP_MOVED 2 506379.59375 3566304.75 800.
31.13 34 ESTIMATOR 742.080017 -4.52 -4.52 -4.52 742.080017
31.24 34 COMMANDS 438,15,-29,-320
31.24 34 NAVIGATION 0 2 -1802 393 38 0. 3118545.5
31.24 34 ATTITUDE 0 0 -73
31.24 34 DL_VALUE 2 0.
31.43 34 DOWNLINK_STATUS 30 12135 761 0 448. 29.
31.46 34 GPS 3 50456310 356665616 3101 74153 368 -458 12297000 12 0
31.46 34 FBW_STATUS 0 0 117
31.46 34 RAD_OF_IR 6 164 0.00211
31.47 34 IR_SENSORS -908 7 1
31.47 34 NAVIGATION 0 2 -1802 394 38 0. 3120395.8
31.59 34 WP_MOVED 3 506366. 3566262. 0.
31.59 34 GYRO_RATES -200 -164 -137 1.745329 -1.43117 -1.195551
31.59 34 GPS 3 50456263 356665649 3140 74053 339 -559 12297248 12 0
31.59 34 SVINFO 0 8 13 4 30 71 88
31.65 34 ESTIMATOR 740.530029 -5.59 -5.59 -5.59 740.530029
31.73 34 NAVIGATION 0 2 -1803 394 38 0. 3122259.
31.73 34 ATTITUDE 0 0 -73
31.95 34 GPS 3 50456214 356665684 3140 73941 355 -554 12297500 12 0
31.96 34 SVINFO 1 17 13 6 35 63 214
32.04 34 DESIRED 0. 0. 0. 0. 770. 0.
32.04 34 NAVIGATION 0 2 -1803 394 38 0. 3124207.
32.04 34 WP_MOVED 0 506408. 3566304. 800.
32.09 34 GPS 3 50456158 356665717 3062 73829 357 -600 12297748 12 0
32.14 34 SVINFO 2 28 4 4 26 61 351
32.14 34 ESTIMATOR 738.289978 -6. -6. -6. 738.289978
32.24 34 COMMANDS 451,7,-39,-350
32.24 34 NAVIGATION 0 2 -1804 395 38 0. 3126383.5
32.24 34 ATTITUDE 0 0 -72
32.24 34 DL_VALUE 3 0.
32.24 34 FBW_STATUS 0 0 117
32.24 34 RAD_OF_IR 6 -224 0.00211
32.43 34 DOWNLINK_STATUS 31 12537 787 0 402. 26.
32.46 34 GPS 3 50456099 356665748 3064 73706 369 -637 12298000 12 0
32.46 34 SVINFO 3 7 13 7 37 34 125
32.46 34 IR_SENSORS -908 7 1
32.54 34 NAVIGATION 0 2 -1805 395 38 0. 3128650.2
32.54 34 WP_MOVED 1 506292.5 3566296.25 800.
32.54 34 GYRO_RATES -200 -164 -138 1.745329 -1.43117 -1.204277
32.67 34 GPS 3 50456034 356665778 3047 73569 399 -683 12298248 12 0
32.71 34 SVINFO 4 11 13 6 34 33 76
32.71 34 ESTIMATOR 735.690002 -6.83 -6.83 -6.83 735.690002
32.71 34 BAT 453 117 23 1 86 22 3
32.71 34 NAVIGATION 0 2 -1805 395 38 0. 3131118.5
32.71 34 ATTITUDE 0 0 -73
32.71 34 CALIBRATION 0. 0.023 0.067 0
32.72 34 SERVO 9600 -9600 453
32.98 34 GPS 3 50455967 356665801 3016 73434 380 -703 12298500 12 0
32.98 34 DESIRED 0. 0. 0. 0. 770. 0.
32.98 34 IR_DEBUG 653 644 653 644
32.98 34 NAVIGATION 0 2 -1806 396 38 0. 3133606.2
33.02 34 WP_MOVED 2 506379.59375 3566304.75 800.
33.06 34 ESTIMATOR 734.340027 -7.03 -7.03 -7.03 734.340027
33.06 34 GPS 3 50455892 356665849 3035 73314 442 -704 12298748 12 0
33.06 34 SVINFO 6 25 13 6 33 17 133
33.14 34 COMMANDS 452,-6,-52,-345
33.17 34 NAVIGATION 0 2 -1807 396 38 0. 3136553.5
33.17 34 ATTITUDE 0 0 -72
33.17 34 DL_VALUE 4 0.
33.17 34 FBW_STATUS 0 0 117
33.22 34 RAD_OF_IR 6 54 0.00211
33.43 34 DOWNLINK_STATUS 32 12971 815 0 434. 28.
33.46 34 GPS 3 50455821 356665903 3040 73218 444 -730 12299000 12 0
33.47 34 IR_SENSORS -907 6 1
33.47 34 NAVIGATION 0 2 -1807 397 38 0. 3139407.5
33.54 34 WP_MOVED 3 506366. 3566262. 0.
33.54 34 GYRO_RATES -199 -164 -137 1.736603 -1.43117 -1.195551
33.54 34 ESTIMATOR 732.179993 -7.3 -7.3 -7.3 732.179993
33.59 34 GPS 3 50455758 356665948 3026 73126 478 -770 12299248 12 0
33.62 34 NAVIGATION 0 2 -1808 397 38 0. 3141919.8
33.62 34 ATTITUDE 0 0 -72
33.75 34 DESIRED 0. 0. 0. 0. 770. 0.
33.97 34 NAVIGATION 0 2 -1808 397 38 0. 3141919.8
33.97 34 GPS 3 50455694 356666006 3082 73026 507 -786 12299500 12 0
33.97 34 WP_MOVED 0 506408. 3566304. 800.
34.03 34 ESTIMATOR 730.26001 -7.86 -7.86 -7.86 730.26001
34.16 34 COMMANDS 451,-42,-88,-347
34.16 34 NAVIGATION 0 2 -1809 398 38 0. 3144562.8
34.16 34 GPS 3 50455640 356666066 3084 72942 511 -789 12299748 12 0
34.16 34 ATTITUDE 0 0 -73
34.16 34 DL_VALUE 5 25.
34.16 34 FBW_STATUS 0 0 117
34.16 34 RAD_OF_IR 6 5 0.00211
34.25 34 ACTUATORS 1498,1502,0,1237,1482
34.25 34 IR_SENSORS -907 6 1
34.25 34 NAVIGATION 0 2 -1809 398 38 0. 3146874.2
34.43 34 DOWNLINK_STATUS 33 13367 839 0 396. 24.
34.47 34 GPS 3 50455585 356666126 3118 72843 523 -825 12300000 12 0
34.47 34 WP_MOVED 1 506292.5 3566296.25 800.
34.47 34 GYRO_RATES -199 -163 -137 1.736603 -1.422443 -1.195551
34.60 34 ESTIMATOR 728.429993 -8.25 -8.25 -8.25 728.429993
34.60 34 BAT 456 117 25 1 88 24 3
34.60 34 NAVIGATION 0 2 -1810 399 38 0. 3149222.
34.60 34 ATTITUDE 0 0 -72
34.60 34 CALIBRATION 0. 0.023 0.067 0
34.60 34 GPS 3 50455538 356666171 3127 72762 584 -789 12300248 12 0
34.65 34 SERVO 9600 -9600 452
34.74 34 DESIRED 0. 0. 0. 0. 770. 0.
34.74 34 IR_DEBUG 654 645 654 645
34.74 34 NAVIGATION 0 2 -1810 399 38 0. 3151183.5
34.96 34 WP_MOVED 2 506379.59375 3566304.75 800.
34.96 34 PPRZ_MODE 0 1 2 0 0 1 0
34.97 34 GPS 3 50455481 356666207 3056 72646 518 -831 12300500 12 0
35.07 34 ESTIMATOR 726.460022 -8.31 -8.31 -8.31 726.460022
35.07 34 COMMANDS 452,-7,-53,-349
35.07 34 NAVIGATION 0 2 -1811 400 38 0. 3153427.
35.07 34 ATTITUDE 0 0 -72
35.07 34 DL_VALUE 6 1.
35.07 34 GPS 3 50455432 356666200 2976 72501 517 -885 12300748 12 0
35.07 34 FBW_STATUS 0 0 117
35.07 34 RAD_OF_IR 6 -230 0.00211
35.07 34 NAVIGATION_REF 506366 3566262 12
35.14 34 IR_SENSORS -907 6 1
35.43 34 DOWNLINK_STATUS 34 13773 865 0 406. 26.
35.49 34 NAVIGATION 0 2 -1811 400 38 0. 3155079.5
35.49 34 WP_MOVED 3 506366. 3566262. 0.
35.49 34 GYRO_RATES -199 -163 -137 1.736603 -1.422443 -1.195551
35.49 34 GPS 3 50455372 356666193 2987 72337 539 -928 12301000 12 0
35.49 34 ESTIMATOR 723.369995 -9.28 -9.28 -9.28 723.369995
35.53 34 NAVIGATION 0 2 -1812 399 38 0. 3157114.5
35.53 34 ATTITUDE 0 0 -73
35.54 34 GPS 3 50455312 356666202 3044 72151 555 -978 12301248 12 0
35.54 34 SVINFO 0 8 13 4 30 71 88
35.63 34 DESIRED 0. 0. 0. 0. 770. 0.
35.67 34 NAVIGATION 0 2 -1812 400 38 0. 3159267.
35.72 34 WP_MOVED 0 506408. 3566304. 800.
35.97 34 GPS 3 50455248 356666277 3057 72067 580 -936 12301500 12 0
35.97 34 SVINFO 1 17 13 6 31 63 214
35.97 34 ESTIMATOR 720.669983 -9.36 -9.36 -9.36 720.669983
36.04 34 COMMANDS 449,-18,-67,-352
36.04 34 NAVIGATION 0 2 -1813 400 38 0. 3162043.2
36.04 34 ATTITUDE 0 0 -73
36.04 34 DL_VALUE 7 1.
36.04 34 FBW_STATUS 0 0 117
36.27 34 RAD_OF_IR 7 36 0.00211
36.30 34 GPS 3 50455195 356666353 3137 71989 602 -957 12301748 12 0
36.30 34 SVINFO 2 28 4 4 28 61 351
36.30 34 IR_SENSORS -907 6 1
36.30 34 NAVIGATION 0 2 -1814 401 38 0. 3164445.8
36.31 34 WP_MOVED 1 506292.5 3566296.25 800.
36.31 34 GYRO_RATES -199 -163 -137 1.736603 -1.422443 -1.195551
36.43 34 DOWNLINK_STATUS 35 14213 892 0 440. 27.
36.61 34 GPS 3 50455144 356666408 3124 71896 602 -967 12302000 12 0
36.61 34 SVINFO 3 7 13 7 36 34 125
36.61 34 ESTIMATOR 718.960022 -9.67 -9.67 -9.67 718.960022
36.61 34 BAT 452 117 27 1 90 26 3
36.61 34 NAVIGATION 0 2 -1814 402 38 0. 3166626.
36.61 34 ATTITUDE 0 0 -72
36.61 34 CALIBRATION 0. 0.023 0.067 0
36.66 34 SERVO 9600 -9600 452
36.66 34 GPS 3 50455102 356666453 3130 71812 605 -1011 12302248 12 0
36.66 34 SVINFO 4 11 13 6 32 33 76
36.66 34 DESIRED 0. 0. 0. 0. 770. 0.
36.66 34 IR_DEBUG 653 644 653 644
36.66 34 NAVIGATION 0 2 -1814 402 38 0. 3168419.5
36.66 34 WP_MOVED 2 506379.59375 3566304.75 800.
36.75 34 ESTIMATOR 718.119995 -10.11 -10.11 -10.11 718.119995
36.88 34 GPS 3 50455060 356666481 3065 71749 673 -1018 12302500 12 0
36.88 34 COMMANDS 451,-18,-55,-387
36.88 34 NAVIGATION 0 2 -1815 402 38 0. 3170089.
36.88 34 ATTITUDE 0 0 -73
36.88 34 DL_VALUE 8 1.
37.05 34 FBW_STATUS 0 0 117
37.05 34 RAD_OF_IR 5 -184 0.00211
37.15 34 GPS 3 50455020 356666506 3047 71669 565 -1108 12302748 12 0
37.18 34 SVINFO 6 25 13 6 35 16 133
37.18 34 IR_SENSORS -908 5 1
37.18 34 NAVIGATION 0 2 -1815 403 38 0. 3171667.2
37.18 34 WP_MOVED 3 506366. 3566262. 0.
37.18 34 GYRO_RATES -199 -163 -137 1.736603 -1.422443 -1.195551
37.23 34 ESTIMATOR 716.690002 -11.08 -11.08 -11.08 716.690002
37.34 34 GPS 3 50454982 356666506 2989 71583 560 -1082 12303000 12 0
37.34 34 NAVIGATION 0 2 -1816 403 38 0. 3172991.5
37.34 34 ATTITUDE 0 0 -72
37.43 34 DOWNLINK_STATUS 36 14722 924 0 509. 32.
37.67 34 DESIRED 0. 0. 0. 0. 770. 0.
37.67 34 GPS 3 50454940 356666512 2995 71521 640 -1040 12303248 12 0
37.68 34 NAVIGATION 0 2 -1816 403 38 0. 3174499.5
37.73 34 WP_MOVED 0 506408. 3566304. 800.
37.73 34 ESTIMATOR 715.210022 -10.4 -10.4 -10.4 715.210022
37.85 34 COMMANDS 453,-6,-50,-352
37.85 34 NAVIGATION 0 2 -1816 403 38 0. 3174499.5
37.85 34 ATTITUDE 0 0 -72
37.85 34 DL_VALUE 9 -61.099998
37.85 34 GPS 3 50454903 356666511 2996 71459 627 -1041 12303500 12 0
37.85 34 FBW_STATUS 0 0 117
37.85 34 RAD_OF_IR 5 2 0.00211
37.95 34 IR_SENSORS -907 6 1
38.16 34 NAVIGATION 0 2 -1816 403 38 0. 3175782.
38.16 34 GPS 3 50454882 356666498 2950 71410 561 -1062 12303748 12 0
38.25 34 WP_MOVED 1 506292.5 3566296.25 800.
38.25 34 GYRO_RATES -199 -164 -137 1.736603 -1.43117 -1.195551
38.25 34 ESTIMATOR 714.099976 -10.62 -10.62 -10.62 714.099976
38.25 34 BAT 443 117 29 1 92 28 3
38.35 34 NAVIGATION 0 2 -1817 402 38 0. 3176419.
38.35 34 ATTITUDE 0 0 -72
38.36 34 CALIBRATION 0. 0.023 0.067 0
38.36 34 GPS 3 50454883 356666494 3011 71397 598 -1012 12304000 12 0
38.36 34 SERVO 9600 -9600 438
38.43 34 DOWNLINK_STATUS 37 15116 948 0 394. 24.
38.67 34 DESIRED 0. 0. 0. 0. 770. 0.
38.67 34 IR_DEBUG 653 644 653 644
38.67 34 NAVIGATION 0 2 -1817 402 38 0. 3176354.5
38.75 34 GPS 3 50454886 356666490 3002 71400 588 -978 12304248 12 0
38.75 34 WP_MOVED 2 506379.59375 3566304.75 800.
38.75 34 ESTIMATOR 714. -9.78 -9.78 -9.78 714.
38.76 34 COMMANDS 453,-4,-50,-355
38.76 34 NAVIGATION 0 2 -1817 402 38 0. 3176220.2
38.76 34 ATTITUDE 0 0 -72
38.76 34 DL_VALUE 10 0.
38.84 34 GPS 3 50454898 356666486 2995 71417 573 -968 12304500 12 0
38.84 34 FBW_STATUS 0 0 117
38.84 34 RAD_OF_IR 7 -19 0.00211
38.94 34 ACTUATORS 1497,1502,0,1237,1482
38.94 34 IR_SENSORS -908 7 1
38.94 34 NAVIGATION 0 2 -1817 402 38 0. 3175772.2
39.17 34 WP_MOVED 3 506366. 3566262. 0.
39.17 34 GYRO_RATES -200 -164 -137 1.745329 -1.43117 -1.195551
39.17 34 GPS 3 50454906 356666479 3023 71453 568 -939 12304748 12 0
39.24 34 ESTIMATOR 714.530029 -9.39 -9.39 -9.39 714.530029
39.24 34 NAVIGATION 0 2 -1816 402 38 0. 3175441.2
39.24 34 ATTITUDE 0 0 -72
39.33 34 GPS 3 50454921 356666471 3036 71509 620 -906 12305000 12 0
39.44 34 DESIRED 0. 0. 0. 0. 770. 0.
39.44 34 NAVIGATION 0 2 -1816 402 38 0. 3174859.8
39.44 34 DOWNLINK_STATUS 38 15540 973 0 424. 25.
39.66 34 WP_MOVED 0 506408. 3566304. 800.
39.66 34 PPRZ_MODE 0 1 2 0 0 1 0
39.76 34 GPS 3 50454982 356666452 2968 72011 658 -732 12305248 12 0
39.76 34 SVINFO 0 8 13 4 31 71 88
39.77 34 ESTIMATOR 720.109985 -7.32 -7.32 -7.32 720.109985
39.77 34 COMMANDS 453,-4,-48,-352
39.77 34 NAVIGATION 0 2 -1816 402 38 0. 3172593.2
39.77 34 ATTITUDE 0 0 -72
39.77 34 DL_VALUE 11 1.
39.77 34 FBW_STATUS 0 0 117
39.77 34 RAD_OF_IR 6 -195 0.00211
39.84 34 GPS 3 50454958 356666406 2969 72292 557 -777 12305500 12 0
39.84 34 SVINFO 1 17 13 4 31 63 214
39.84 34 IR_SENSORS -908 7 1
39.92 34 NAVIGATION 0 2 -1816 402 38 0. 3173091.2
39.96 34 WP_MOVED 1 506292.5 3566296.25 800.
39.96 34 GYRO_RATES -199 -164 -137 1.736603 -1.43117 -1.195551
40.29 34 GPS 3 50455100 356666384 3037 72486 494 -747 12305748 12 0
40.29 34 SVINFO 2 28 4 4 27 61 351
40.30 34 ESTIMATOR 724.859985 -7.47 -7.47 -7.47 724.859985
40.30 34 BAT 450 117 31 1 94 30 3
40.30 34 NAVIGATION 0 2 -1815 401 38 0. 3167981.5
40.30 34 ATTITUDE 0 0 -72
40.30 34 CALIBRATION 0. 0.023 0.067 0
40.43 34 DOWNLINK_STATUS 39 15894 997 0 354. 24.
40.46 34 SERVO 9600 -9600 452
40.46 34 GPS 3 50455213 356666359 3045 72666 466 -681 12306000 12 0
40.46 34 SVINFO 3 7 13 7 35 34 125
40.46 34 DESIRED 0. 0. 0. 0. 770. 0.
40.46 34 IR_DEBUG 654 646 654 646
40.46 34 NAVIGATION 0 2 -1813 401 38 0. 3163863.2
40.46 34 WP_MOVED 2 506379.59375 3566304.75 800.
40.56 34 ESTIMATOR 726.659973 -6.81 -6.81 -6.81 726.659973
40.56 34 GPS 3 50455325 356666306 2984 72866 434 -589 12306248 12 0
40.56 34 SVINFO 4 11 13 6 34 33 76
40.76 34 COMMANDS 451,1,-44,-347
40.80 34 NAVIGATION 0 2 -1812 401 38 0. 3159576.8
40.80 34 ATTITUDE 0 0 -72
40.80 34 DL_VALUE 12 0.
40.85 34 FBW_STATUS 0 0 117
40.85 34 RAD_OF_IR 6 -175 0.00211
40.85 34 IR_SENSORS -907 6 1
40.85 34 GPS 3 50455417 356666241 2888 73027 346 -545 12306500 12 0
40.85 34 NAVIGATION 0 2 -1811 400 38 0. 3155900.8
40.93 34 WP_MOVED 3 506366. 3566262. 0.
40.93 34 GYRO_RATES -199 -164 -137 1.736603 -1.43117 -1.195551
41.03 34 ESTIMATOR 730.27002 -5.45 -5.45 -5.45 730.27002
41.27 34 GPS 3 50455512 356666182 3042 73185 312 -484 12306748 12 0
41.27 34 SVINFO 6 25 13 6 35 16 133
41.27 34 NAVIGATION 0 2 -1810 399 38 0. 3152167.2
41.27 34 ATTITUDE 0 0 -73
41.36 34 DESIRED 0. 0. 0. 0. 770. 0.
41.36 34 GPS 3 50455610 356666122 3090 73357 279 -381 12307000 12 0
41.36 34 NAVIGATION 0 2 -1809 399 38 0. 3148324.5
41.36 34 WP_MOVED 0 506408. 3566304. 800.
41.43 34 ESTIMATOR 733.570007 -3.81 -3.81 -3.81 733.570007
41.43 34 DOWNLINK_STATUS 40 16407 1028 0 513. 31.
41.77 34 COMMANDS 452,-6,-52,-350
41.78 34 NAVIGATION 0 2 -1809 399 38 0. 3148324.5
41.78 34 GPS 3 50455703 356666061 3182 73524 204 -289 12307248 12 0
41.78 34 ATTITUDE 0 0 -72
41.78 34 DL_VALUE 13 517.
41.86 34 FBW_STATUS 0 0 117
41.86 34 RAD_OF_IR 6 264 0.00211
41.86 34 IR_SENSORS -907 6 1
41.87 34 NAVIGATION 0 2 -1808 398 38 0. 3144650.5
41.87 34 GPS 3 50455789 356665999 3073 73700 163 -183 12307500 12 0
41.87 34 WP_MOVED 1 506292.5 3566296.25 800.
41.87 34 GYRO_RATES -199 -163 -137 1.736603 -1.422443 -1.195551
41.93 34 ESTIMATOR 737. -1.83 -1.83 -1.83 737.
41.93 34 BAT 451 117 33 1 96 32 3
42.06 34 NAVIGATION 0 2 -1808 397 38 0. 3141215.
42.06 34 ATTITUDE 0 0 -72
42.06 34 CALIBRATION 0. 0.023 0.067 0
42.06 34 GPS 3 50455860 356665950 3246 73836 122 -152 12307748 12 0
42.24 34 SERVO 9600 -9600 451
42.36 34 DESIRED 0. 0. 0. 0. 770. 0.
42.36 34 IR_DEBUG 654 645 654 645
42.36 34 NAVIGATION 0 2 -1807 397 38 0. 3138396.
42.36 34 GPS 3 50455919 356665909 3119 73966 181 -118 12308000 12 0
42.36 34 WP_MOVED 2 506379.59375 3566304.75 800.
42.43 34 ESTIMATOR 739.659973 -1.18 -1.18 -1.18 739.659973
42.43 34 DOWNLINK_STATUS 41 16811 1053 0 404. 25.
42.59 34 COMMANDS 453,-7,-52,-352
42.59 34 NAVIGATION 0 2 -1806 397 38 0. 3136053.
42.59 34 ATTITUDE 0 0 -73
42.59 34 DL_VALUE 14 482.
42.59 34 GPS 3 50455986 356665849 3115 74073 79 -137 12308248 12 0
42.59 34 FBW_STATUS 0 0 117
42.59 34 RAD_OF_IR 6 -11 0.00211
42.74 34 IR_SENSORS -908 7 1
42.88 34 NAVIGATION 0 2 -1806 396 38 0. 3133295.5
42.88 34 WP_MOVED 3 506366. 3566262. 0.
42.88 34 GYRO_RATES -199 -163 -137 1.736603 -1.422443 -1.195551
42.88 34 GPS 3 50456049 356665799 3118 74171 100 -121 12308500 12 0
42.88 34 ESTIMATOR 741.710022 -1.21 -1.21 -1.21 741.710022
42.93 34 NAVIGATION 0 2 -1805 395 38 0. 3130750.8
42.93 34 ATTITUDE 0 0 -72
43.03 34 GPS 3 50456041 356665791 3119 74151 105 -151 12308748 12 0
43.25 34 DESIRED 0. 0. 0. 0. 770. 0.
43.36 34 NAVIGATION 0 2 -1805 395 38 0. 3130969.8
43.36 34 WP_MOVED 0 506408. 3566304. 800.
43.36 34 GPS 3 50456026 356665784 2938 74120 104 -177 12309000 12 0
43.36 34 ESTIMATOR 741.200012 -1.77 -1.77 -1.77 741.200012
43.44 34 COMMANDS 453,-14,-58,-350
43.44 34 NAVIGATION 0 2 -1805 395 38 0. 3131439.
43.44 34 ATTITUDE 0 0 -73
43.44 34 DL_VALUE 15 455.
43.44 34 DOWNLINK_STATUS 42 17212 1078 0 401. 25.
43.46 34 FBW_STATUS 0 0 117
43.54 34 RAD_OF_IR 6 -512 0.00211
43.54 34 NAVIGATION_REF 506366 3566262 12
43.54 34 GPS 3 50455992 356665789 3078 74087 111 -120 12309248 12 0
43.76 34 ACTUATORS 1498,1502,0,1237,1483
43.80 34 IR_SENSORS -907 6 1
43.80 34 NAVIGATION 0 2 -1806 395 38 0. 3132653.
43.88 34 WP_MOVED 1 506292.5 3566296.25 800.
43.88 34 GYRO_RATES -199 -163 -137 1.736603 -1.422443 -1.195551
43.88 34 GPS 3 50455972 356665779 2822 74066 146 -164 12309500 12 0
43.88 34 SVINFO 1 17 13 4 30 63 214
43.88 34 ESTIMATOR 740.659973 -1.64 -1.64 -1.64 740.659973
43.88 34 BAT 451 117 35 1 98 34 3
43.93 34 ATTITUDE 0 0 -72
43.93 34 CALIBRATION 0. 0.023 0.067 0
43.95 34 SERVO 9600 -9600 453
44.04 34 GPS 3 50456120 356665627 2842 74192 73 -114 12309748 12 0
44.04 34 SVINFO 2 28 4 4 25 61 351
44.27 34 DESIRED 0. 0. 0. 0. 770. 0.
44.27 34 IR_DEBUG 653 644 653 644
44.27 34 NAVIGATION 0 2 -1804 394 38 0. 3127050.2
44.38 34 WP_MOVED 2 506379.59375 3566304.75 800.
44.38 34 PPRZ_MODE 0 1 2 0 0 1 0
44.38 34 ESTIMATOR 741.919983 -1.14 -1.14 -1.14 741.919983
44.38 34 GPS 3 50456196 356665529 2840 74226 90 -101 12310000 12 0
44.38 34 SVINFO 3 7 13 5 33 34 125
44.38 34 COMMANDS 450,-9,-55,-372
44.38 34 NAVIGATION 0 2 -1804 393 38 0. 3123714.5
44.38 34 DL_VALUE 16 7500.
44.42 34 FBW_STATUS 0 0 117
44.42 34 RAD_OF_IR 6 -5 0.00211
44.43 34 DOWNLINK_STATUS 43 17668 1109 0 456. 31.
44.77 34 GPS 3 50456052 356665495 3108 73687 129 -199 12310248 12 0
44.77 34 SVINFO 4 11 13 6 34 33 76
44.77 34 IR_SENSORS -907 6 1
44.77 34 NAVIGATION 0 2 -1805 392 38 0. 3128456.2
44.87 34 WP_MOVED 3 506366. 3566262. 0.
44.87 34 GYRO_RATES -199 -163 -137 1.736603 -1.422443 -1.195551
44.87 34 ESTIMATOR 736.869995 -1.99 -1.99 -1.99 736.869995
44.87 34 GPS 3 50455987 356665453 2890 73404 113 -280 12310500 12 0
44.87 34 NAVIGATION 0 2 -1806 392 38 0. 3130407.2
44.87 34 ATTITUDE 0 0 -72
45.29 34 DESIRED 0. 0. 0. 0. 770. 0.
45.29 34 GPS 3 50456002 356665394 2498 73371 170 -337 12310748 12 0
45.29 34 SVINFO 6 25 13 4 29 16 133
45.29 34 NAVIGATION 0 2 -1805 391 38 0. 3129465.
45.29 34 WP_MOVED 0 506408. 3566304. 800.
45.36 34 ESTIMATOR 733.710022 -3.37 -3.37 -3.37 733.710022
45.36 34 COMMANDS 453,-7,-50,-354
45.36 34 NAVIGATION 0 2 -1805 391 38 0. 3129465.
45.36 34 GPS 3 50456013 356665360 2777 73353 125 -232 12311000 12 0
45.36 34 ATTITUDE 0 0 -73
45.36 34 DL_VALUE 17 11250.
45.36 34 FBW_STATUS 0 0 117
45.37 34 RAD_OF_IR 5 790 0.00211
45.43 34 DOWNLINK_STATUS 44 18045 1132 0 377. 23.
45.45 34 IR_SENSORS -908 7 1
45.54 34 NAVIGATION 0 2 -1805 391 38 0. 3128840.5
45.54 34 GPS 3 50456020 356665355 3071 73326 134 -212 12311248 12 0
45.76 34 WP_MOVED 1 506292.5 3566296.25 800.
45.76 34 GYRO_RATES -199 -163 -137 1.736603 -1.422443 -1.195551
45.87 34 ESTIMATOR 733.26001 -2.12 -2.12 -2.12 733.26001
45.87 34 BAT 446 117 37 1 100 36 4
45.87 34 NAVIGATION 0 2 -1805 391 38 0. 3128562.5
45.87 34 ATTITUDE 0 0 -72
45.87 34 CALIBRATION 0. 0.023 0.067 0
45.87 34 GPS 3 50456010 356665365 3063 73259 121 -236 12311500 12 0
45.87 34 SERVO 9600 -9600 451
46.04 34 DESIRED 0. 0. 0. 0. 770. 0.
46.04 34 IR_DEBUG 654 645 654 645
46.04 34 NAVIGATION 0 2 -1805 391 38 0. 3128980.2
46.05 34 GPS 3 50456015 356665372 3162 73237 127 -227 12311748 12 0
46.05 34 WP_MOVED 2 506379.59375 3566304.75 800.
46.25 34 ESTIMATOR 732.369995 -2.27 -2.27 -2.27 732.369995
46.36 34 COMMANDS 451,-6,-52,-350
46.36 34 NAVIGATION 0 2 -1805 391 38 0. 3128857.
46.36 34 ATTITUDE 0 0 -72
46.36 34 DL_VALUE 18 10000.
46.36 34 GPS 3 50456032 356665368 3159 73236 91 -224 12312000 12 0
46.36 34 FBW_STATUS 0 0 117
46.36 34 RAD_OF_IR 6 -8 0.00211
46.43 34 IR_SENSORS -907 6 1
46.43 34 NAVIGATION 0 2 -1805 391 38 0. 3128239.8
46.43 34 DOWNLINK_STATUS 45 18475 1159 0 430. 27.
46.56 34 WP_MOVED 3 506366. 3566262. 0.
46.56 34 GYRO_RATES -200 -164 -137 1.745329 -1.43117 -1.195551
46.56 34 GPS 3 50455913 356665385 2963 72861 180 -285 12312248 12 0
46.75 34 ESTIMATOR 728.609985 -2.85 -2.85 -2.85 728.609985
46.84 34 NAVIGATION 0 2 -1806 391 38 0. 3132485.
46.84 34 ATTITUDE 0 0 -72
46.84 34 GPS 3 50455865 356665411 3096 72700 170 -290 12312500 12 0
46.94 34 DESIRED 0. 0. 0. 0. 770. 0.
46.94 34 NAVIGATION 0 2 -1807 392 38 0. 3134335.2
46.95 34 WP_MOVED 0 506408. 3566304. 800.
47.03 34 GPS 3 50455878 356665428 3198 72728 174 -161 12312748 12 0
47.06 34 ESTIMATOR 727.280029 -1.61 -1.61 -1.61 727.280029
47.36 34 COMMANDS 458,-6,-39,-352
47.40 34 NAVIGATION 0 2 -1807 392 38 0. 3134006.2
47.40 34 ATTITUDE 0 0 -72
47.40 34 DL_VALUE 19 3000.
47.43 34 DOWNLINK_STATUS 46 18764 1175 0 289. 16.
47.45 34 FBW_STATUS 0 0 117
47.45 34 RAD_OF_IR 6 293 0.00211
47.45 34 GPS 3 50455892 356665438 3033 72760 126 -217 12313000 12 0
47.45 34 IR_SENSORS -907 6 1
47.45 34 NAVIGATION 0 2 -1807 392 38 0. 3133592.5
47.46 34 WP_MOVED 1 506292.5 3566296.25 800.
47.46 34 GYRO_RATES -200 -164 -137 1.745329 -1.43117 -1.195551
47.67 34 GPS 3 50455883 356665462 2984 72736 134 -245 12313248 12 0
47.68 34 SVINFO 0 8 13 4 33 71 89
47.68 34 ESTIMATOR 727.359985 -2.45 -2.45 -2.45 727.359985
47.68 34 BAT 451 117 39 1 102 38 4
47.68 34 NAVIGATION 0 2 -1807 392 38 0. 3134076.8
47.68 34 ATTITUDE 0 0 -73
47.68 34 CALIBRATION 0. 0.023 0.067 0
47.84 34 SERVO 9600 -9600 450
47.96 34 GPS 3 50455882 356665476 2878 72736 118 -262 12313500 12 0
47.96 34 SVINFO 1 17 13 6 33 63 214
47.96 34 DESIRED 0. 0. 0. 0. 770. 0.
47.96 34 IR_DEBUG 653 644 653 644
47.96 34 NAVIGATION 0 2 -1807 392 38 0. 3134211.8
47.96 34 WP_MOVED 2 506379.59375 3566304.75 800.
48.06 34 ESTIMATOR 727.359985 -2.62 -2.62 -2.62 727.359985
48.06 34 GPS 3 50455875 356665497 3061 72717 140 -273 12313748 12 0
48.06 34 SVINFO 2 28 4 4 28 61 351
48.14 34 COMMANDS 452,0,-45,-352
48.18 34 NAVIGATION 0 2 -1807 392 38 0. 3134605.
48.18 34 ATTITUDE 0 0 -72
48.18 34 DL_VALUE 20 20000.
48.18 34 FBW_STATUS 0 0 117
48.35 34 RAD_OF_IR 5 526 0.00211
48.43 34 DOWNLINK_STATUS 47 19213 1205 0 449. 30.
48.47 34 ACTUATORS 1498,1502,0,1238,1481
48.47 34 GPS 3 50455859 356665516 3061 72666 178 -351 12314000 12 0
48.47 34 SVINFO 3 7 13 6 35 34 125
48.47 34 IR_SENSORS -907 6 1
48.47 34 NAVIGATION 0 2 -1807 393 38 0. 3135296.2
48.47 34 WP_MOVED 3 506366. 3566262. 0.
48.47 34 GYRO_RATES -199 -164 -137 1.736603 -1.43117 -1.195551
48.53 34 ESTIMATOR 726.659973 -3.51 -3.51 -3.51 726.659973
48.65 34 GPS 3 50455860 356665530 3103 72669 196 -305 12314248 12 0
48.65 34 SVINFO 4 11 13 6 35 33 76
48.65 34 NAVIGATION 0 2 -1807 393 38 0. 3135362.
48.65 34 ATTITUDE 0 0 -72
48.86 34 DESIRED 0. 0. 0. 0. 770. 0.
48.95 34 NAVIGATION 0 2 -1807 393 38 0. 3135362.
48.95 34 GPS 3 50455855 356665537 3054 72662 188 -310 12314500 12 0
48.95 34 WP_MOVED 0 506408. 3566304. 800.
48.95 34 PPRZ_MODE 0 1 2 0 0 1 0
48.96 34 ESTIMATOR 726.619995 -3.1 -3.1 -3.1 726.619995
49.17 34 COMMANDS 451,-7,-53,-349
49.17 34 NAVIGATION 0 2 -1807 393 38 0. 3135585.5
49.17 34 GPS 3 50455857 356665547 3181 72668 193 -267 12314748 12 0
49.17 34 SVINFO 6 25 13 4 29 16 133
49.17 34 ATTITUDE 0 0 -73
49.17 34 DL_VALUE 21 17500.
49.17 34 FBW_STATUS 0 0 117
49.17 34 RAD_OF_IR 7 365 0.00211
49.35 34 IR_SENSORS -907 6 1
49.35 34 NAVIGATION 0 2 -1807 393 38 0. 3135588.5
49.43 34 DOWNLINK_STATUS 48 19648 1233 0 435. 28.
49.45 34 GPS 3 50455872 356665541 3123 72701 161 -251 12315000 12 0
49.45 34 WP_MOVED 1 506292.5 3566296.25 800.
49.45 34 GYRO_RATES -199 -163 -137 1.736603 -1.422443 -1.195551
49.46 34 ESTIMATOR 727.01001 -2.51 -2.51 -2.51 727.01001
49.46 34 BAT 452 117 41 1 104 40 4
50.43 34 DOWNLINK_STATUS 49 19746 1238 0 98. 5.
51.43 34 DOWNLINK_STATUS 50 19746 1238 0 0. 0.
52.43 34 DOWNLINK_STATUS 51 19746 1238 0 0. 0.
53.43 34 DOWNLINK_STATUS 52 19746 1238 0 0. 0.
54.43 34 DOWNLINK_STATUS 53 19746 1238 0 0. 0.
55.44 34 DOWNLINK_STATUS 54 19746 1238 0 0. 0.
56.44 34 DOWNLINK_STATUS 55 19746 1238 0 0. 0.
57.44 34 DOWNLINK_STATUS 56 19746 1238 0 0. 0.
58.44 34 DOWNLINK_STATUS 57 19746 1238 0 0. 0.
59.44 34 DOWNLINK_STATUS 58 19746 1238 0 0. 0.
60.44 34 DOWNLINK_STATUS 59 19746 1238 0 0. 0.
61.44 34 DOWNLINK_STATUS 60 19746 1238 0 0. 0.
62.44 34 DOWNLINK_STATUS 61 19746 1238 0 0. 0.
63.44 34 DOWNLINK_STATUS 62 19746 1238 0 0. 0.
64.44 34 DOWNLINK_STATUS 63 19746 1238 0 0. 0.
65.44 34 DOWNLINK_STATUS 64 19746 1238 0 0. 0.
66.44 34 DOWNLINK_STATUS 65 19746 1238 0 0. 0.
67.44 34 DOWNLINK_STATUS 66 19746 1238 0 0. 0.
68.44 34 DOWNLINK_STATUS 67 19746 1238 0 0. 0.
69.44 34 DOWNLINK_STATUS 68 19746 1238 0 0. 0.
70.44 34 DOWNLINK_STATUS 69 19746 1238 0 0. 0.
71.44 34 DOWNLINK_STATUS 70 19746 1238 0 0. 0.
72.44 34 DOWNLINK_STATUS 71 19746 1238 0 0. 0.
73.44 34 DOWNLINK_STATUS 72 19746 1238 0 0. 0.
74.44 34 DOWNLINK_STATUS 73 19746 1238 0 0. 0.
75.44 34 DOWNLINK_STATUS 74 19746 1238 0 0. 0.
76.44 34 DOWNLINK_STATUS 75 19746 1238 0 0. 0.
77.44 34 DOWNLINK_STATUS 76 19746 1238 0 0. 0.
78.44 34 DOWNLINK_STATUS 77 19746 1238 0 0. 0.
79.44 34 DOWNLINK_STATUS 78 19746 1238 0 0. 0.
80.44 34 DOWNLINK_STATUS 79 19746 1238 0 0. 0.
81.44 34 DOWNLINK_STATUS 80 19746 1238 0 0. 0.
82.44 34 DOWNLINK_STATUS 81 19746 1238 0 0. 0.
83.44 34 DOWNLINK_STATUS 82 19746 1238 0 0. 0.
84.44 34 DOWNLINK_STATUS 83 19746 1238 0 0. 0.
85.44 34 DOWNLINK_STATUS 84 19746 1238 0 0. 0.
86.44 34 DOWNLINK_STATUS 85 19746 1238 0 0. 0.
87.44 34 DOWNLINK_STATUS 86 19746 1238 0 0. 0.
88.44 34 DOWNLINK_STATUS 87 19746 1238 0 0. 0.
89.44 34 DOWNLINK_STATUS 88 19746 1238 0 0. 0.
90.44 34 DOWNLINK_STATUS 89 19746 1238 0 0. 0.
91.44 34 DOWNLINK_STATUS 90 19746 1238 0 0. 0.
92.44 34 DOWNLINK_STATUS 91 19746 1238 0 0. 0.
93.44 34 DOWNLINK_STATUS 92 19746 1238 0 0. 0.
94.44 34 DOWNLINK_STATUS 93 19746 1238 0 0. 0.
95.44 34 DOWNLINK_STATUS 94 19746 1238 0 0. 0.
96.44 34 DOWNLINK_STATUS 95 19746 1238 0 0. 0.
97.44 34 DOWNLINK_STATUS 96 19746 1238 0 0. 0.
98.44 34 DOWNLINK_STATUS 97 19746 1238 0 0. 0.
99.44 34 DOWNLINK_STATUS 98 19746 1238 0 0. 0.
100.44 34 DOWNLINK_STATUS 99 19746 1238 0 0. 0.
101.44 34 DOWNLINK_STATUS 100 19746 1238 0 0. 0.
102.44 34 DOWNLINK_STATUS 101 19746 1238 0 0. 0.
103.44 34 DOWNLINK_STATUS 102 19746 1238 0 0. 0.
104.44 34 DOWNLINK_STATUS 103 19746 1238 0 0. 0.
105.44 34 DOWNLINK_STATUS 104 19746 1238 0 0. 0.
106.44 34 DOWNLINK_STATUS 105 19746 1238 0 0. 0.
107.44 34 DOWNLINK_STATUS 106 19746 1238 0 0. 0.
108.44 34 DOWNLINK_STATUS 107 19746 1238 0 0. 0.
109.44 34 DOWNLINK_STATUS 108 19746 1238 0 0. 0.
110.44 34 DOWNLINK_STATUS 109 19746 1238 0 0. 0.
111.44 34 DOWNLINK_STATUS 110 19746 1238 0 0. 0.
112.44 34 DOWNLINK_STATUS 111 19746 1238 0 0. 0.
113.44 34 DOWNLINK_STATUS 112 19746 1238 0 0. 0.
114.44 34 DOWNLINK_STATUS 113 19746 1238 0 0. 0.
115.44 34 DOWNLINK_STATUS 114 19746 1238 0 0. 0.
116.44 34 DOWNLINK_STATUS 115 19746 1238 0 0. 0.
117.44 34 DOWNLINK_STATUS 116 19746 1238 0 0. 0.
