10.03 34 DOWNLINK_STATUS 9 656 40 0 68. 5.
10.15 34 ESTIMATOR 0. 0. 0. 0. 0.
10.17 34 FBW_STATUS 0 0 125
10.17 34 RAD_OF_IR -23 0 0.00181
10.39 34 GPS 0 55814345 339497896 0 5092 0 0 249988498 16 0
10.42 34 IR_SENSORS -835 -23 1
10.47 34 NAVIGATION 0 1 0 0 36 0. 90098.8
10.47 34 WP_MOVED 7 557683. 3394386. 89.
10.47 34 GYRO_RATES -5 9 6 0.043633 0.07854 0.05236
10.49 34 GPS 0 55814345 339497896 0 5092 0 0 249988750 16 0
10.53 34 ESTIMATOR 0. 0. 0. 0. 0.
10.56 34 NAVIGATION 0 1 0 0 36 0. 90098.8
10.56 34 ATTITUDE -4 0 -38
10.59 34 DOWNLINK_STATUS 220 55226 3517 0 321. 20.
10.65 34 CALIB_CONTRAST 1052
10.88 34 GPS 0 55814345 339497896 0 5092 0 0 249988998 16 0
10.97 34 DESIRED -0. -0.01 0. 0. 89. 0.
10.97 34 NAVIGATION 0 1 0 0 36 0. 90098.8
10.97 34 WP_MOVED 8 557627.1875 3394878.25 89.
11.03 34 DOWNLINK_STATUS 10 693 43 0 37. 3.
11.09 34 RAD_OF_IR -19 0 0.00181
11.09 34 ESTIMATOR 0. 0. 0. 0. 0.
11.09 34 GPS 0 55814345 339497896 0 5092 0 0 249989250 16 0
11.10 34 COMMANDS 173,-10,-70,-807,-9600
11.10 34 NAVIGATION 0 1 0 0 36 0. 90098.8
11.10 34 ATTITUDE -2 0 -36
11.10 34 DL_VALUE 21 16400.
11.40 34 GPS 0 55814345 339497896 0 5092 0 0 249989498 16 0
11.40 34 IR_SENSORS -782 -18 1
11.40 34 NAVIGATION 0 1 0 0 36 0. 90098.8
11.56 34 ATTITUDE -2 0 -36
11.56 34 CALIBRATION 0. 0.023 0.064 0
11.56 34 CALIB_CONTRAST 1052
11.56 34 SERVO 9600 -774 173
11.59 34 DOWNLINK_STATUS 221 55379 3526 0 153. 9.
11.90 34 WP_MOVED 9 558256.875 3395029.25 108.599998
11.90 34 GYRO_RATES 1 6 0 -0.008727 0.05236 0.
11.90 34 ESTIMATOR 0. 0. 0. 0. 0.
11.90 34 BAT 173 125 0 0 22 1 0
11.90 34 IR_DEBUG 548 577 548 577
11.95 34 ESTIMATOR 0. 0. 0. 0. 0.
12.03 34 DOWNLINK_STATUS 11 823 53 0 130. 10.
12.08 34 COMMANDS 173,-10,-70,-807,-9600
12.08 34 NAVIGATION 0 1 0 0 36 0. 90098.8
12.08 34 ATTITUDE -4 0 -37
12.08 34 DL_VALUE 22 17400.
12.08 34 GPS 0 55814345 339497896 0 5092 0 0 249990250 16 0
12.09 34 FBW_STATUS 0 0 125
12.09 34 RAD_OF_IR -37 0 0.00181
12.17 34 IR_SENSORS -802 -37 1
12.17 34 NAVIGATION 0 1 0 0 36 0. 90098.8
12.38 34 GPS 0 55814345 339497896 0 5092 0 0 249990498 16 0
12.50 34 WP_MOVED 11 557756.875 3394705.5 139.
12.50 34 GYRO_RATES -3 10 7 0.02618 0.087266 0.061087
12.50 34 ESTIMATOR 0. 0. 0. 0. 0.
12.50 34 NAVIGATION 0 1 0 0 36 0. 90098.8
12.50 34 ATTITUDE -3 0 -38
12.50 34 GPS 0 55814345 339497896 0 5092 0 0 249990750 16 0
12.59 34 DOWNLINK_STATUS 222 55619 3539 0 240. 13.
12.89 34 GPS 0 55814345 339497896 0 5092 0 0 249990998 16 0
12.89 34 WP_MOVED 12 558054.8125 3394705. 139.
12.98 34 ESTIMATOR 0. 0. 0. 0. 0.
12.98 34 COMMANDS 173,-12,-72,-805,-9600
12.98 34 NAVIGATION 0 1 0 0 36 0. 90098.8
12.98 34 ATTITUDE -4 0 -38
12.98 34 DL_VALUE 23 0.
13.03 34 DOWNLINK_STATUS 12 937 62 0 114. 9.
13.05 34 IR_SENSORS -788 -32 1
13.15 34 NAVIGATION 0 1 0 0 36 0. 90098.8
13.46 34 NAVIGATION 0 1 0 0 36 0. 90098.8
13.49 34 ATTITUDE -6 0 -37
13.49 34 CALIBRATION 0. 0.023 0.064 0
13.49 34 GPS 0 55814345 339497896 0 5092 0 0 249991750 16 0
13.49 34 CALIB_CONTRAST 1052
13.49 34 SERVO 9600 2765 173
13.59 34 DOWNLINK_STATUS 223 55809 3552 0 190. 13.
13.60 34 DESIRED -0. -0.01 0. 0. 89. 0.
13.60 34 IR_DEBUG 532 604 532 604
13.60 34 NAVIGATION 0 1 0 0 36 0. 90098.8
13.65 34 WP_MOVED 14 558015.1875 3394985.75 119.
13.88 34 GPS 0 55814345 339497896 0 5092 0 0 249991998 16 0
13.98 34 ESTIMATOR 0. 0. 0. 0. 0.
13.98 34 COMMANDS 173,-10,-70,-807,-9600
13.98 34 NAVIGATION 0 1 0 0 36 0. 90098.8
13.98 34 ATTITUDE -6 0 -37
13.98 34 DL_VALUE 24 11850.
13.98 34 FBW_STATUS 0 0 125
14.03 34 DOWNLINK_STATUS 13 963 64 0 26. 2.
14.09 34 RAD_OF_IR -46 0 0.00181
14.09 34 GPS 0 55814345 339497896 0 5092 0 0 249992250 16 0
14.09 34 ACTUATORS 1496,1503,0,1214,1459,2000
14.09 34 IR_SENSORS -793 -45 1
14.41 34 GPS 0 55814345 339497896 0 5092 0 0 249992498 16 0
14.44 34 ESTIMATOR 0. 0. 0. 0. 0.
14.44 34 NAVIGATION 0 1 0 0 36 0. 90098.8
14.44 34 ATTITUDE -5 0 -36
14.47 34 CALIB_CONTRAST 1052
14.59 34 DOWNLINK_STATUS 224 56057 3568 0 248. 16.
14.88 34 GPS 0 55814345 339497896 0 5092 0 0 249992750 16 0
14.88 34 NAVIGATION 0 1 0 0 36 0. 90098.8
14.88 34 WP_MOVED 16 557838.875 3394864.25 89.
14.97 34 COMMANDS 173,-12,-70,-808,-9600
14.97 34 NAVIGATION 0 1 0 0 36 0. 90098.8
14.97 34 ATTITUDE -2 0 -37
14.97 34 DL_VALUE 25 10000.
14.97 34 FBW_STATUS 0 0 125
14.97 34 RAD_OF_IR -12 0 0.00181
15.04 34 DOWNLINK_STATUS 14 1056 70 0 93. 6.
15.07 34 WP_MOVED 17 558102. 3395038. 0.
15.07 34 GYRO_RATES -8 8 -2 0.069813 0.069813 -0.017453
15.16 34 ESTIMATOR 0. 0. 0. 0. 0.
15.16 34 BAT 173 125 0 0 25 0 0
15.39 34 IR_SENSORS -792 -15 1
15.60 34 CALIB_CONTRAST 1052
15.60 34 SERVO 9600 -659 173
15.60 34 DESIRED -0. -0.01 0. 0. 89. 0.
15.60 34 IR_DEBUG 547 571 547 571
15.60 34 GPS 0 55814345 339497896 0 5092 0 0 249993750 16 0
15.60 34 NAVIGATION 0 1 0 0 36 0. 90098.8
15.60 34 WP_MOVED 0 558144. 3395080. 119.
15.60 34 DOWNLINK_STATUS 225 56261 3583 0 204. 15.
15.65 34 ESTIMATOR 0. 0. 0. 0. 0.
15.91 34 COMMANDS 173,-12,-70,-805,-9600
15.91 34 NAVIGATION 0 1 0 0 36 0. 90098.8
15.91 34 GPS 0 55814345 339497896 0 5092 0 0 249993998 16 0
15.91 34 ATTITUDE 0 0 -35
15.91 34 DL_VALUE 26 10000.
15.91 34 FBW_STATUS 0 0 125
16.04 34 DOWNLINK_STATUS 15 1127 74 0 71. 4.
16.11 34 RAD_OF_IR -9 0 0.00181
16.11 34 IR_SENSORS -786 -10 1
16.11 34 NAVIGATION 0 1 0 0 36 0. 90098.8
16.11 34 GPS 0 55814345 339497896 0 5092 0 0 249994250 16 0
16.12 34 WP_MOVED 1 558069.5 3394739.5 119.
16.12 34 GYRO_RATES -1 -3 3 0.008727 -0.02618 0.02618
16.38 34 GPS 0 55814345 339497896 0 5092 0 0 249994498 16 0
16.40 34 CALIB_CONTRAST 1052
16.40 34 DESIRED -0. -0.01 0. 0. 89. 0.
16.40 34 NAVIGATION 0 1 0 0 36 0. 90098.8
16.47 34 GPS 0 55814345 339497896 0 5092 0 0 249994750 16 0
16.48 34 WP_MOVED 2 558102. 3395038. 89.
16.59 34 DOWNLINK_STATUS 226 56478 3596 0 217. 13.
16.63 34 ESTIMATOR 0. 0. 0. 0. 0.
16.67 34 COMMANDS 173,-12,-70,-807,-9600
16.67 34 NAVIGATION 0 1 0 0 36 0. 90098.8
16.67 34 ATTITUDE -1 0 -36
16.67 34 DL_VALUE 27 5500.
16.88 34 GPS 0 55814345 339497896 0 5092 0 0 249994998 16 0
16.88 34 FBW_STATUS 0 0 125
16.97 34 RAD_OF_IR -15 0 0.00181
16.97 34 NAVIGATION_REF 558102 3395038 16
16.97 34 IR_SENSORS -790 -17 1
16.97 34 NAVIGATION 0 1 0 0 36 0. 90098.8
16.99 34 WP_MOVED 3 558090.6875 3394976. 100.
16.99 34 GYRO_RATES -1 -1 2 0.008727 -0.008727 0.017453
16.99 34 GPS 0 55814345 339497896 0 5092 0 0 249995250 16 0
17.04 34 DOWNLINK_STATUS 16 1225 80 0 98. 6.
17.06 34 ESTIMATOR 0. 0. 0. 0. 0.
17.06 34 BAT 172 125 0 0 27 0 0
17.16 34 NAVIGATION 0 1 0 0 36 0. 90098.8
17.16 34 ATTITUDE -2 0 -37
17.16 34 CALIBRATION 0. 0.023 0.064 0
17.39 34 GPS 0 55814345 339497896 0 5092 0 0 249995498 16 0
17.42 34 CALIB_CONTRAST 1052
17.42 34 SERVO 9600 101 172
17.60 34 DOWNLINK_STATUS 227 56726 3613 0 248. 17.
17.60 34 DESIRED -0. -0.01 0. 0. 89. 0.
17.60 34 IR_DEBUG 550 578 550 578
17.60 34 NAVIGATION 0 1 0 0 36 0. 90098.8
17.60 34 WP_MOVED 4 557998.375 3395062.25 100.
17.69 34 GPS 0 55814345 339497896 0 5092 0 0 249995750 16 0
17.69 34 ESTIMATOR 0. 0. 0. 0. 0.
17.69 34 COMMANDS 172,-12,-72,-807,-9600
17.69 34 NAVIGATION 0 1 0 0 36 0. 90098.8
17.70 34 ATTITUDE -2 0 -37
17.70 34 DL_VALUE 28 0.228
17.99 34 FBW_STATUS 0 0 125
17.99 34 RAD_OF_IR -22 0 0.00181
17.99 34 GPS 0 55814345 339497896 0 5092 0 0 249995998 16 0
18.04 34 DOWNLINK_STATUS 17 1302 85 0 77. 5.
18.10 34 IR_SENSORS -797 -24 1
18.10 34 NAVIGATION 0 1 0 0 36 0. 90098.8
18.10 34 WP_MOVED 5 558077.8125 3395188.5 108.599998
18.10 34 GYRO_RATES -4 1 -5 0.034907 0.008727 -0.043633
18.10 34 ESTIMATOR 0. 0. 0. 0. 0.
18.10 34 GPS 0 55814345 339497896 0 5092 0 0 249996250 16 0
18.28 34 GPS 0 55814345 339497896 0 5092 0 0 249996498 16 0
18.32 34 DESIRED -0. -0.01 0. 0. 89. 0.
18.32 34 NAVIGATION 0 1 0 0 36 0. 90098.8
18.47 34 WP_MOVED 6 558136.125 3394234.5 119.
18.59 34 ESTIMATOR 0. 0. 0. 0. 0.
18.59 34 ATTITUDE -3 0 -38
18.63 34 GPS 0 55814345 339497896 0 5092 0 0 249996750 16 0
18.64 34 COMMANDS 173,-10,-70,-805,-9600
18.64 34 NAVIGATION 0 1 0 0 36 0. 90098.8
18.64 34 ATTITUDE -5 0 -41
18.64 34 DL_VALUE 29 0.462
18.64 34 FBW_STATUS 0 0 125
18.64 34 DOWNLINK_STATUS 228 57118 3637 0 392. 24.
18.78 34 ACTUATORS 1496,1503,0,1214,1459,2000
18.78 34 GPS 0 55814345 339497896 0 5092 0 0 249996998 16 0
18.78 34 IR_SENSORS -814 -32 1
18.78 34 NAVIGATION 0 1 0 0 36 0. 90098.8
18.99 34 WP_MOVED 7 557683. 3394386. 89.
18.99 34 GYRO_RATES -1 3 2 0.008727 0.02618 0.017453
19.04 34 DOWNLINK_STATUS 18 1420 92 0 118. 7.
19.11 34 ESTIMATOR 0. 0. 0. 0. 0.
19.11 34 BAT 173 125 0 0 29 0 0
19.11 34 NAVIGATION 0 1 0 0 36 0. 90098.8
19.11 34 GPS 0 55814345 339497896 0 5092 0 0 249997250 16 0
19.11 34 ATTITUDE -4 0 -40
19.11 34 CALIBRATION 0. 0.023 0.064 0
19.11 34 CALIB_CONTRAST 1052
19.31 34 DESIRED -0. -0.01 0. 0. 89. 0.
19.35 34 IR_DEBUG 562 604 562 604
19.35 34 GPS 0 55814345 339497896 0 5092 0 0 249997498 16 0
19.35 34 NAVIGATION 0 1 0 0 36 0. 90098.8
19.35 34 WP_MOVED 8 557627.1875 3394878.25 89.
19.35 34 PPRZ_MODE 0 0 3 0 0 17 0
19.48 34 ESTIMATOR 0. 0. 0. 0. 0.
19.58 34 FBW_STATUS 0 0 125
19.58 34 RAD_OF_IR -29 0 0.00181
19.60 34 DOWNLINK_STATUS 229 57348 3650 0 230. 13.
19.77 34 IR_SENSORS -814 -30 1
19.77 34 NAVIGATION 0 1 0 0 36 0. 90098.8
19.77 34 GPS 0 55814345 339497896 0 5092 0 0 249997998 16 0
19.97 34 GYRO_RATES -9 1 -8 0.07854 0.008727 -0.069813
20.04 34 DOWNLINK_STATUS 19 1543 101 0 123. 9.
20.08 34 NAVIGATION 0 1 0 0 36 0. 90098.8
20.08 34 ATTITUDE -2 0 -41
20.08 34 GPS 0 55814345 339497896 0 5092 0 0 249998250 16 0
20.08 34 CALIB_CONTRAST 1052
20.16 34 DESIRED -0. -0.01 0. 0. 89. 0.
20.16 34 NAVIGATION 0 1 0 0 36 0. 90098.8
20.26 34 GPS 0 55814345 339497896 0 5092 0 0 249998498 16 0
20.30 34 WP_MOVED 10 557762.8125 3394859.5 139.
20.30 34 ESTIMATOR 0. 0. 0. 0. 0.
20.59 34 COMMANDS 173,-12,-70,-807,-9600
20.59 34 NAVIGATION 0 1 0 0 36 0. 90098.8
20.59 34 ATTITUDE -2 0 -42
20.59 34 DL_VALUE 31 0.023
20.60 34 DOWNLINK_STATUS 230 57531 3661 0 183. 11.
20.68 34 GPS 0 55814345 339497896 0 5092 0 0 249998750 16 0
20.68 34 FBW_STATUS 0 0 125
20.68 34 RAD_OF_IR -18 0 0.00181
20.68 34 IR_SENSORS -822 -21 1
20.68 34 NAVIGATION 0 1 0 0 36 0. 90098.8
20.82 34 WP_MOVED 11 557756.875 3394705.5 139.
20.82 34 GYRO_RATES -1 7 13 0.008727 0.061087 0.113446
20.82 34 GPS 0 55814345 339497896 0 5092 0 0 249998998 16 0
20.82 34 ESTIMATOR 0. 0. 0. 0. 0.
20.82 34 BAT 173 125 0 0 31 0 0
20.87 34 NAVIGATION 0 1 0 0 36 0. 90098.8
20.87 34 ATTITUDE -5 0 -43
20.88 34 CALIBRATION 0. 0.023 0.064 0
21.04 34 DOWNLINK_STATUS 20 1644 107 0 101. 6.
21.09 34 CALIB_CONTRAST 1052
21.09 34 SERVO 9600 2131 173
21.09 34 GPS 0 55814345 339497896 0 5092 0 0 249999250 16 0
21.17 34 DESIRED -0. -0.01 0. 0. 89. 0.
21.17 34 IR_DEBUG 571 628 571 628
21.17 34 NAVIGATION 0 1 0 0 36 0. 90098.8
21.27 34 GPS 0 55814345 339497896 0 5092 0 0 249999498 16 0
21.27 34 ESTIMATOR 0. 0. 0. 0. 0.
21.40 34 COMMANDS 173,-12,-70,-805,-9600
21.40 34 NAVIGATION 0 1 0 0 36 0. 90098.8
21.40 34 ATTITUDE -6 0 -45
21.40 34 DL_VALUE 32 0.001
21.40 34 FBW_STATUS 0 0 125
21.58 34 RAD_OF_IR -40 0 0.00181
21.58 34 GPS 0 55814345 339497896 0 5092 0 0 249999750 16 0
21.60 34 DOWNLINK_STATUS 231 57875 3683 0 344. 22.
21.67 34 IR_SENSORS -837 -41 1
21.67 34 NAVIGATION 0 1 0 0 36 0. 90098.8
21.67 34 WP_MOVED 13 558049.125 3394943.5 139.
21.67 34 GYRO_RATES -1 0 4 0.008727 0. 0.034907
21.81 34 GPS 0 55814345 339497896 0 5092 0 0 249999998 16 0
21.81 34 ESTIMATOR 0. 0. 0. 0. 0.
21.81 34 NAVIGATION 0 1 0 0 36 0. 90098.8
21.81 34 ATTITUDE -6 0 -44
21.86 34 CALIB_CONTRAST 1052
22.05 34 DOWNLINK_STATUS 21 1737 113 0 93. 6.
22.33 34 ESTIMATOR 0. 0. 0. 0. 0.
22.34 34 GPS 0 55814345 339497896 0 5092 0 0 250000498 16 0
22.34 34 COMMANDS 173,-14,-72,-807,-9600
22.34 34 NAVIGATION 0 1 0 0 36 0. 90098.8
22.34 34 ATTITUDE -5 0 -44
22.34 34 DL_VALUE 33 0.01
22.37 34 FBW_STATUS 0 0 125
22.37 34 RAD_OF_IR -35 0 0.00181
22.50 34 GPS 0 55814345 339497896 0 5092 0 0 250000750 16 0
22.50 34 IR_SENSORS -835 -35 1
22.50 34 NAVIGATION 0 1 0 0 36 0. 90098.8
22.60 34 DOWNLINK_STATUS 232 58178 3703 0 303. 20.
22.69 34 WP_MOVED 15 557846.1875 3394764. 89.
22.69 34 GYRO_RATES 2 -3 0 -0.017453 -0.02618 0.
22.81 34 ESTIMATOR 0. 0. 0. 0. 0.
22.81 34 BAT 173 125 0 0 33 0 0
22.81 34 GPS 0 55814345 339497896 0 5092 0 0 250000998 16 0
22.81 34 NAVIGATION 0 1 0 0 36 0. 90098.8
22.81 34 ATTITUDE -4 0 -43
22.81 34 CALIBRATION 0. 0.023 0.064 0
23.04 34 DOWNLINK_STATUS 22 1737 113 0 0. 0.
23.22 34 DESIRED -0. -0.01 0. 0. 89. 0.
23.22 34 IR_DEBUG 573 617 573 617
23.22 34 NAVIGATION 0 1 0 0 36 0. 90098.8
23.22 34 GPS 0 55814345 339497896 0 5092 0 0 250001250 16 0
23.22 34 WP_MOVED 16 557838.875 3394864.25 89.
23.30 34 RAD_OF_IR -28 0 0.00181
23.38 34 ACTUATORS 1496,1503,0,1214,1458,2000
23.38 34 IR_SENSORS -826 -25 1
23.46 34 NAVIGATION 0 1 0 0 36 0. 90098.8
23.46 34 GPS 0 55814345 339497896 0 5092 0 0 250001750 16 0
23.61 34 DOWNLINK_STATUS 233 58395 3716 0 217. 13.
24.06 34 DOWNLINK_STATUS 23 1833 118 0 96. 5.
24.62 34 DOWNLINK_STATUS 234 58395 3716 0 0. 0.
25.09 34 DOWNLINK_STATUS 24 1833 118 0 0. 0.
25.63 34 DOWNLINK_STATUS 235 58395 3716 0 0. 0.
26.09 34 DOWNLINK_STATUS 25 1833 118 0 0. 0.
26.23 34 GPS 0 55814345 339497896 0 5092 0 0 250004250 16 0
26.23 34 COMMANDS 173,-14,-72,-807,-9600
26.23 34 NAVIGATION 0 1 0 0 36 0. 90098.8
26.23 34 ATTITUDE 3 0 -45
26.23 34 DL_VALUE 37 0.1
26.23 34 FBW_STATUS 0 0 125
26.23 34 RAD_OF_IR 23 0 0.00181
26.27 34 IR_SENSORS -847 25 1
26.27 34 NAVIGATION 0 1 0 0 36 0. 90098.8
26.48 34 WP_MOVED 5 558077.8125 3395188.5 108.599998
26.48 34 GYRO_RATES -2 -1 2 0.017453 -0.008727 0.017453
26.48 34 ESTIMATOR 0. 0. 0. 0. 0.
26.48 34 BAT 173 125 0 0 37 0 0
26.64 34 DOWNLINK_STATUS 236 58492 3722 0 97. 6.
26.71 34 GPS 0 55814345 339497896 0 5092 0 0 250004750 16 0
26.71 34 NAVIGATION 0 1 0 0 36 0. 90098.8
26.71 34 ATTITUDE 4 0 -45
26.71 34 CALIBRATION 0. 0.023 0.064 0
26.82 34 CALIB_CONTRAST 1052
26.82 34 SERVO 9600 -1735 172
26.82 34 DESIRED -0. -0.01 0. 0. 89. 0.
26.82 34 IR_DEBUG 625 579 625 579
26.82 34 GPS 0 55814345 339497896 0 5092 0 0 250004998 16 0
26.82 34 NAVIGATION 0 1 0 0 36 0. 90098.8
26.82 34 WP_MOVED 6 558136.125 3394234.5 119.
26.86 34 ESTIMATOR 0. 0. 0. 0. 0.
27.08 34 DOWNLINK_STATUS 26 1921 125 0 88. 7.
27.21 34 COMMANDS 173,-12,-69,-807,-9600
27.21 34 NAVIGATION 0 1 0 0 36 0. 90098.8
27.21 34 ATTITUDE 3 0 -46
27.21 34 DL_VALUE 38 0.
27.21 34 GPS 0 55814345 339497896 0 5092 0 0 250005250 16 0
27.29 34 FBW_STATUS 0 0 125
27.29 34 RAD_OF_IR 34 0 0.00181
27.29 34 IR_SENSORS -838 40 1
27.30 34 NAVIGATION 0 1 0 0 36 0. 90098.8
27.30 34 GPS 0 55814345 339497896 0 5092 0 0 250005498 16 0
27.47 34 NAVIGATION 0 1 0 0 36 0. 90098.8
27.47 34 ATTITUDE 3 0 -26
27.47 34 GPS 0 55814345 339497896 0 5092 0 0 250005750 16 0
27.48 34 CALIB_CONTRAST 1052
27.63 34 DOWNLINK_STATUS 237 58815 3743 0 323. 21.
27.80 34 DESIRED -0. -0.01 0. 0. 89. 0.
27.80 34 NAVIGATION 0 1 0 0 36 0. 90098.8
27.88 34 GPS 0 55814345 339497896 0 5092 0 0 250005998 16 0
27.88 34 WP_MOVED 8 557627.1875 3394878.25 89.
27.88 34 ESTIMATOR 0. 0. 0. 0. 0.
27.97 34 COMMANDS 172,-10,-70,-805,-9600
27.97 34 NAVIGATION 0 1 0 0 36 0. 90098.8
27.97 34 ATTITUDE 2 0 -20
27.97 34 DL_VALUE 39 0.064
28.00 34 GPS 0 55814345 339497896 0 5092 0 0 250006250 16 0
28.00 34 FBW_STATUS 0 0 125
28.00 34 RAD_OF_IR 21 0 0.00181
28.08 34 DOWNLINK_STATUS 27 1994 130 0 73. 5.
28.30 34 ACTUATORS 1496,1503,0,1214,1459,2000
28.34 34 IR_SENSORS -704 23 1
28.34 34 NAVIGATION 0 1 0 0 36 0. 90098.8
28.40 34 WP_MOVED 9 558256.875 3395029.25 108.599998
28.40 34 GYRO_RATES -2 5 8 0.017453 0.043633 0.069813
28.40 34 GPS 0 55814345 339497896 0 5092 0 0 250006498 16 0
28.40 34 ESTIMATOR 0. 0. 0. 0. 0.
28.40 34 BAT 173 125 0 0 39 0 0
28.60 34 DESIRED -0. -0.01 0. 0. 89. 0.
28.60 34 IR_DEBUG 523 498 523 498
28.60 34 NAVIGATION 0 1 0 0 36 0. 90098.8
28.64 34 DOWNLINK_STATUS 238 59204 3766 0 389. 23.
28.80 34 WP_MOVED 10 557762.8125 3394859.5 139.
28.80 34 PPRZ_MODE 0 0 3 0 0 17 0
28.89 34 GPS 0 55814345 339497896 0 5092 0 0 250006998 16 0
28.89 34 ESTIMATOR 0. 0. 0. 0. 0.
28.89 34 COMMANDS 172,-10,-70,-805,-9600
28.89 34 NAVIGATION 0 1 0 0 36 0. 90098.8
28.90 34 ATTITUDE 2 0 -25
28.90 34 DL_VALUE 40 1.
28.97 34 GPS 0 55814345 339497896 0 5092 0 0 250007250 16 0
29.08 34 DOWNLINK_STATUS 28 1994 130 0 0. 0.
29.38 34 GPS 0 55814345 339497896 0 5092 0 0 250007498 16 0
29.38 34 ESTIMATOR 0. 0. 0. 0. 0.
29.38 34 NAVIGATION 0 1 0 0 36 0. 90098.8
29.38 34 ATTITUDE 2 0 -24
29.58 34 NAVIGATION 0 1 0 0 36 0. 90098.8
29.58 34 WP_MOVED 12 558054.8125 3394705. 139.
29.65 34 DOWNLINK_STATUS 239 59458 3781 0 254. 15.
29.90 34 ESTIMATOR 0. 0. 0. 0. 0.
29.90 34 GPS 0 55814345 339497896 0 5092 0 0 250007998 16 0
29.98 34 COMMANDS 173,-12,-70,-805,-9600
29.98 34 NAVIGATION 0 1 0 0 36 0. 90098.8
29.98 34 ATTITUDE 1 0 -23
29.98 34 DL_VALUE 41 0.
29.98 34 FBW_STATUS 0 0 125
29.98 34 RAD_OF_IR 10 0 0.00181
30.00 34 IR_SENSORS -701 9 1
30.00 34 GPS 0 55814345 339497896 0 5092 0 0 250008250 16 0
30.01 34 NAVIGATION 0 1 0 0 36 0. 90098.8
30.07 34 WP_MOVED 13 558049.125 3394943.5 139.
30.09 34 DOWNLINK_STATUS 29 1994 130 0 0. 0.
30.11 34 GYRO_RATES -1 1 2 0.008727 0.008727 0.017453
30.16 34 ESTIMATOR 0. 0. 0. 0. 0.
30.16 34 BAT 171 125 0 0 41 0 0
30.41 34 GPS 0 55814345 339497896 0 5092 0 0 250008498 16 0
30.41 34 NAVIGATION 0 1 0 0 36 0. 90098.8
30.41 34 ATTITUDE 1 0 -23
30.41 34 CALIBRATION 0. 0.023 0.064 0
30.63 34 CALIB_CONTRAST 1052
30.63 34 SERVO 7382 -1382 173
30.63 34 DESIRED -0. -0.01 0. 0. 89. 0.
30.63 34 IR_DEBUG 513 496 513 496
30.63 34 GPS 0 55814345 339497896 0 5092 0 0 250008750 16 0
30.63 34 NAVIGATION 0 1 0 0 36 0. 90098.8
30.63 34 WP_MOVED 14 558015.1875 3394985.75 119.
30.64 34 DOWNLINK_STATUS 240 59832 3805 0 374. 24.
30.66 34 ESTIMATOR 0. 0. 0. 0. 0.
30.91 34 COMMANDS 173,-12,-70,-807,-9600
30.91 34 NAVIGATION 0 1 0 0 36 0. 90098.8
30.91 34 GPS 0 55814345 339497896 0 5092 0 0 250008998 16 0
30.91 34 ATTITUDE 1 0 -23
30.91 34 DL_VALUE 0 89.
30.91 34 FBW_STATUS 0 0 125
31.10 34 DOWNLINK_STATUS 30 2030 132 0 36. 2.
31.17 34 NAVIGATION 0 1 0 0 36 0. 90098.8
31.17 34 ATTITUDE 1 0 -24
31.40 34 RAD_OF_IR 8 0 0.00181
31.40 34 IR_SENSORS -704 7 1
31.40 34 NAVIGATION 0 1 0 0 36 0. 90098.8
31.40 34 GPS 0 55814345 339497896 0 5092 0 0 250009250 16 0
31.48 34 GPS 0 55814345 339497896 0 5092 0 0 250009750 16 0
31.48 34 WP_MOVED 16 557838.875 3394864.25 89.
31.61 34 ESTIMATOR 0. 0. 0. 0. 0.
31.66 34 DOWNLINK_STATUS 241 60059 3819 0 227. 14.
31.68 34 COMMANDS 172,-10,-70,-805,-9600
31.68 34 NAVIGATION 0 1 0 0 36 0. 90098.8
31.68 34 ATTITUDE 1 0 -24
31.68 34 DL_VALUE 1 1.
31.90 34 GPS 0 55814345 339497896 0 5092 0 0 250009998 16 0
31.90 34 FBW_STATUS 0 0 125
32.01 34 RAD_OF_IR 11 0 0.00181
32.01 34 IR_SENSORS -705 12 1
32.01 34 NAVIGATION 0 1 0 0 36 0. 90098.8
32.01 34 WP_MOVED 17 558102. 3395038. 0.
32.01 34 GYRO_RATES -2 3 2 0.017453 0.02618 0.017453
32.01 34 GPS 0 55814345 339497896 0 5092 0 0 250010250 16 0
32.07 34 ESTIMATOR 0. 0. 0. 0. 0.
32.10 34 DOWNLINK_STATUS 31 2056 134 0 26. 2.
32.11 34 BAT 173 125 0 0 43 0 0
32.17 34 NAVIGATION 0 1 0 0 36 0. 90098.8
32.17 34 ATTITUDE 2 0 -23
32.17 34 CALIBRATION 0. 0.023 0.064 0
32.39 34 GPS 0 55814345 339497896 0 5092 0 0 250010498 16 0
32.39 34 CALIB_CONTRAST 1052
32.39 34 SERVO 7850 -1307 173
32.49 34 DESIRED -0. -0.01 0. 0. 89. 0.
32.49 34 IR_DEBUG 516 494 516 494
32.49 34 NAVIGATION 0 1 0 0 36 0. 90098.8
32.49 34 WP_MOVED 0 558144. 3395080. 119.
32.65 34 DOWNLINK_STATUS 242 60379 3840 0 320. 21.
32.69 34 FBW_STATUS 0 0 125
32.69 34 RAD_OF_IR 14 0 0.00181
32.70 34 GPS 0 55814345 339497896 0 5092 0 0 250010998 16 0
32.88 34 ACTUATORS 1496,1502,0,1214,1458,2000
32.88 34 IR_SENSORS -707 14 1
32.91 34 NAVIGATION 0 1 0 0 36 0. 90098.8
32.91 34 WP_MOVED 1 558069.5 3394739.5 119.
32.91 34 GYRO_RATES -1 1 2 0.008727 0.008727 0.017453
33.00 34 ESTIMATOR 0. 0. 0. 0. 0.
33.00 34 GPS 0 55814345 339497896 0 5092 0 0 250011250 16 0
33.06 34 NAVIGATION 0 1 0 0 36 0. 90098.8
33.09 34 DOWNLINK_STATUS 32 2097 137 0 41. 3.
33.10 34 ATTITUDE 1 0 -24
33.15 34 CALIB_CONTRAST 1052
33.38 34 GPS 0 55814345 339497896 0 5092 0 0 250011498 16 0
33.50 34 DESIRED -0. -0.01 0. 0. 89. 0.
33.50 34 NAVIGATION 0 1 0 0 36 0. 90098.8
33.50 34 WP_MOVED 2 558102. 3395038. 89.
33.50 34 PPRZ_MODE 0 0 3 0 0 17 0
33.50 34 ESTIMATOR 0. 0. 0. 0. 0.
33.58 34 COMMANDS 172,-12,-70,-805,-9600
33.62 34 NAVIGATION 0 1 0 0 36 0. 90098.8
33.62 34 ATTITUDE 1 0 -24
33.62 34 DL_VALUE 3 0.
33.62 34 FBW_STATUS 0 0 125
33.66 34 RAD_OF_IR 10 0 0.00181
33.66 34 NAVIGATION_REF 558102 3395038 16
33.66 34 DOWNLINK_STATUS 243 60761 3865 0 382. 25.
33.90 34 GPS 0 55814345 339497896 0 5092 0 0 250011998 16 0
33.90 34 IR_SENSORS -707 11 1
33.90 34 NAVIGATION 0 1 0 0 36 0. 90098.8
34.09 34 DOWNLINK_STATUS 33 2101 138 0 4. 1.
34.19 34 NAVIGATION 0 1 0 0 36 0. 90098.8
34.19 34 GPS 0 55814345 339497896 0 5092 0 0 250012250 16 0
34.19 34 ATTITUDE 1 0 -24
34.19 34 CALIBRATION 0. 0.023 0.064 0
34.19 34 CALIB_CONTRAST 1052
34.19 34 SERVO 8013 -1018 173
34.40 34 WP_MOVED 3 558090.6875 3394976. 100.
34.40 34 GYRO_RATES -1 1 1 0.008727 0.008727 0.008727
34.46 34 ESTIMATOR 0. 0. 0. 0. 0.
34.59 34 COMMANDS 173,-12,-70,-807,-9600
34.59 34 NAVIGATION 0 1 0 0 36 0. 90098.8
34.59 34 GPS 0 55814345 339497896 0 5092 0 0 250012750 16 0
34.59 34 ATTITUDE 1 0 -24
34.59 34 DL_VALUE 4 0.
34.59 34 FBW_STATUS 0 0 125
34.59 34 RAD_OF_IR 11 0 0.00181
34.66 34 DOWNLINK_STATUS 244 60937 3877 0 176. 12.
34.67 34 IR_SENSORS -712 11 1
34.67 34 NAVIGATION 0 1 0 0 36 0. 90098.8
34.70 34 GPS 0 55814345 339497896 0 5092 0 0 250012998 16 0
34.89 34 WP_MOVED 5 558077.8125 3395188.5 108.599998
34.89 34 GYRO_RATES -1 1 2 0.008727 0.008727 0.017453
35.00 34 ESTIMATOR 0. 0. 0. 0. 0.
35.00 34 NAVIGATION 0 1 0 0 36 0. 90098.8
35.00 34 ATTITUDE 2 0 -25
35.00 34 GPS 0 55814345 339497896 0 5092 0 0 250013250 16 0
35.09 34 DOWNLINK_STATUS 34 2203 145 0 102. 7.
35.17 34 CALIB_CONTRAST 1052
35.17 34 DESIRED -0. -0.01 0. 0. 89. 0.
35.17 34 NAVIGATION 0 1 0 0 36 0. 90098.8
