3.14 44 ESTIMATOR 702.429993 -0.008667 243. -0.866709 242.279999
3.25 44 DL_VALUE 35 0.
3.25 44 NAVIGATION 0 0 0 0 286 0. 570986.7
3.34 44 WP_MOVED 0 358113. 4822203. 702.
3.58 44 COMMANDS 41,677,-1860,-63
3.58 44 NAVIGATION 0 0 0 0 286 0. 570986.7
3.58 44 ATTITUDE 0 0 0
3.58 44 GYRO_RATES -26 -12 -5 0.226893 -0.10472 0.043633
3.76 44 FBW_STATUS 0 0 124
3.80 44 ESTIMATOR 702.416504 0.015417 241.650009 1.541739 242.279999
3.80 44 BAT 50 124 0 0 124 124 0
3.80 44 CALIBRATION -2.408 0.037 0.5 0
3.80 44 NAVIGATION 0 0 0 0 286 0. 570986.7
3.83 44 WP_MOVED 1 358824.90625 4822110. 702.
3.83 44 SERVO -480 -4023 58
3.91 44 DOWNLINK_STATUS 2 521 35 0 277. 19.
4.00 44 DESIRED 0.05 -0.15 0. 0. 700.017 -0.721
4.00 44 NAVIGATION 0 0 0 0 286 0. 570986.7
4.00 44 ATTITUDE 0 0 0
4.07 44 ESTIMATOR 702.429993 -0.001944 243. -0.194378 242.279999
4.16 44 DL_VALUE 36 0.
4.20 44 NAVIGATION 0 0 0 0 286 0. 570986.7
4.27 44 WP_MOVED 2 358071. 4822161. 0.
4.27 44 NAVIGATION_REF 358071 4822161 31
4.51 44 COMMANDS 51,630,-1959,-85
4.51 44 NAVIGATION 0 0 0 0 286 0. 570986.7
4.51 44 ATTITUDE 0 0 0
4.51 44 GYRO_RATES -26 -12 -5 0.226893 -0.10472 0.043633
4.67 44 FBW_STATUS 0 0 124
4.67 44 ESTIMATOR 702.416504 0.002889 241.650009 0.288935 242.459991
4.68 44 NAVIGATION 0 0 0 0 286 0. 570986.7
4.77 44 WP_MOVED 0 358113. 4822203. 702.
4.91 44 DOWNLINK_STATUS 3 763 51 0 242. 16.
4.94 44 DESIRED 0.05 -0.15 0. 0. 700.002 -0.721
4.94 44 NAVIGATION 0 0 0 0 286 0. 570986.7
4.94 44 ATTITUDE 0 0 0
5.01 44 ESTIMATOR 702.416504 -0.001944 241.650009 -0.194397 242.549973
5.10 44 DL_VALUE 37 0.
5.13 44 NAVIGATION 0 0 0 0 286 0. 570986.7
5.20 44 WP_MOVED 1 358824.90625 4822110. 702.
5.45 44 COMMANDS 66,797,-1854,-123
5.45 44 NAVIGATION 0 0 0 0 286 0. 570986.7
5.45 44 ATTITUDE 0 0 0
5.45 44 GYRO_RATES -26 -12 -5 0.226893 -0.10472 0.043633
5.45 44 FBW_STATUS 0 0 124
5.51 44 ESTIMATOR 702.416504 -0.007749 241.650009 -0.774918 242.189987
5.51 44 BAT 20 124 0 0 126 126 0
5.61 44 CALIBRATION -2.412 0.037 0.5 0
5.61 44 NAVIGATION 0 0 0 0 286 0. 570986.7
5.71 44 WP_MOVED 2 358071. 4822161. 0.
5.71 44 SERVO -480 -4023 0
5.88 44 DESIRED 0.05 -0.15 0. 0. 700.011 -0.719
5.88 44 NAVIGATION 0 0 0 0 286 0. 570986.7
5.88 44 ATTITUDE 0 0 0
5.91 44 DOWNLINK_STATUS 4 1083 72 0 320. 21.
5.94 44 ESTIMATOR 702.429993 0.013527 243. 1.352692 242.279999
6.03 44 DL_VALUE 38 0.045
6.06 44 NAVIGATION 0 0 0 0 286 0. 570986.7
6.14 44 WP_MOVED 0 358113. 4822203. 702.
6.39 44 COMMANDS 31,725,-1882,-55
6.39 44 NAVIGATION 0 0 0 0 286 0. 570986.7
6.39 44 ATTITUDE 0 0 0
6.39 44 GYRO_RATES -26 -12 -5 0.226893 -0.10472 0.043633
6.39 44 FBW_STATUS 0 0 124
6.45 44 ESTIMATOR 702.416504 -0.011556 241.650009 -1.155558 242.459991
6.54 44 NAVIGATION 0 0 0 0 286 0. 570986.7
6.64 44 WP_MOVED 1 358824.90625 4822110. 702.
6.81 44 DESIRED 0.05 -0.15 0. 0. 700.004 -0.719
6.82 44 NAVIGATION 0 0 0 0 286 0. 570986.7
6.82 44 ATTITUDE 0 0 0
6.88 44 ESTIMATOR 702.416504 0.011556 241.650009 1.155577 242.36998
6.91 44 DOWNLINK_STATUS 5 1336 88 0 253. 16.
6.97 44 DL_VALUE 39 0.045
7.00 44 NAVIGATION 0 0 0 0 286 0. 570986.7
7.07 44 WP_MOVED 2 358071. 4822161. 0.
7.32 44 COMMANDS 72,646,-1923,-130
7.36 44 NAVIGATION 0 0 0 0 286 0. 570986.7
7.36 44 ATTITUDE 0 0 0
7.36 44 GYRO_RATES -26 -12 -5 0.226893 -0.10472 0.043633
7.40 44 FBW_STATUS 0 0 124
7.51 44 ESTIMATOR 702.429993 -0.002916 243. -0.291624 242.459976
7.51 44 BAT 50 124 0 0 127 127 0
7.51 44 ACTUATORS 1557,1368,0,1205,1498
7.51 44 CALIBRATION -2.412 0.037 0.5 0
7.51 44 NAVIGATION 0 0 0 0 286 0. 570986.7
7.59 44 WP_MOVED 0 358113. 4822203. 702.
7.59 44 SERVO -480 -4023 117
7.77 44 DESIRED 0.05 -0.15 0. 0. 700.008 -0.723
7.77 44 NAVIGATION 0 0 0 0 286 0. 570986.7
7.77 44 ATTITUDE 0 0 0
7.77 44 PPRZ_MODE 0 3 0 0 0 1 0
7.83 44 ESTIMATOR 702.429993 -0.001917 243. -0.191679 242.279984
7.91 44 DOWNLINK_STATUS 6 1626 108 0 290. 20.
7.94 44 DL_VALUE 40 0.1
7.94 44 NAVIGATION 0 0 0 0 286 0. 570986.7
8.02 44 WP_MOVED 1 358824.90625 4822110. 702.
10.18 44 DOWNLINK_STATUS 8 1666 111 0 40. 3.
10.18 44 COMMANDS 108,681,-1816,-222
10.23 44 NAVIGATION 0 0 0 0 286 0. 570986.7
10.23 44 ATTITUDE 0 0 0
10.23 44 GYRO_RATES -26 -12 -5 0.226893 -0.10472 0.043633
10.23 44 FBW_STATUS 0 0 124
10.23 44 ESTIMATOR 702.403015 0.002916 240.300003 0.291605 242.369995
10.23 44 NAVIGATION 0 0 0 0 286 0. 570986.7
10.23 44 WP_MOVED 2 358071. 4822161. 0.
10.23 44 DESIRED 0.05 -0.15 0. 0. 700.011 -0.725
10.23 44 NAVIGATION 0 0 0 0 286 0. 570986.7
10.23 44 ATTITUDE 0 0 0
10.23 44 ESTIMATOR 702.416504 0.020223 241.650009 2.022257 242.189987
10.23 44 DL_VALUE 41 0.
10.23 44 NAVIGATION 0 0 0 0 286 0. 570986.7
10.23 44 WP_MOVED 0 358113. 4822203. 702.
10.23 44 COMMANDS 75,672,-1852,-118
10.23 44 NAVIGATION 0 0 0 0 286 0. 570986.7
10.23 44 ATTITUDE 0 0 0
10.23 44 GYRO_RATES -26 -12 -5 0.226893 -0.10472 0.043633
10.23 44 FBW_STATUS 0 0 124
10.23 44 ESTIMATOR 702.429993 -0.015444 243. -1.544399 242.459976
10.23 44 BAT 50 124 0 0 129 129 0
10.23 44 CALIBRATION -2.412 0.037 0.5 0
10.23 44 NAVIGATION 0 0 0 0 286 0. 570986.7
10.23 44 WP_MOVED 1 358824.90625 4822110. 702.
10.23 44 SERVO -480 -4023 48
10.24 44 DESIRED 0.05 -0.15 0. 0. 700.012 -0.721
10.24 44 NAVIGATION 0 0 0 0 286 0. 570986.7
10.24 44 ATTITUDE 0 0 0
10.24 44 ESTIMATOR 702.429993 -0.000945 243. -0.094481 242.189987
10.24 44 DL_VALUE 42 0.5
10.26 44 NAVIGATION 0 0 0 0 286 0. 570986.7
10.26 44 WP_MOVED 2 358071. 4822161. 0.
10.26 44 COMMANDS 62,700,-1880,-227
10.26 44 NAVIGATION 0 0 0 0 286 0. 570986.7
10.26 44 ATTITUDE 0 0 0
10.26 44 GYRO_RATES -26 -12 -5 0.226893 -0.10472 0.043633
10.26 44 FBW_STATUS 0 0 124
10.27 44 ESTIMATOR 702.416504 0.003861 241.650009 0.386133 242.099991
10.29 44 NAVIGATION 0 0 0 0 286 0. 570986.7
10.39 44 WP_MOVED 0 358113. 4822203. 702.
10.57 44 DESIRED 0.05 -0.15 0. 0. 700.012 -0.726
10.57 44 NAVIGATION 0 0 0 0 286 0. 570986.7
10.57 44 ATTITUDE 0 0 0
10.63 44 ESTIMATOR 702.429993 0.009612 243. 0.961218 242.639984
10.73 44 DL_VALUE 43 1.
10.76 44 NAVIGATION 0 0 0 0 286 0. 570986.7
10.82 44 WP_MOVED 1 358824.90625 4822110. 702.
11.07 44 COMMANDS 0,725,-1869,66
11.08 44 NAVIGATION 0 0 0 0 286 0. 570986.7
11.08 44 ATTITUDE 0 0 0
11.08 44 GYRO_RATES -26 -12 -5 0.226893 -0.10472 0.043633
11.08 44 FBW_STATUS 0 0 124
11.14 44 ESTIMATOR 702.429993 0.001 243. 0.099955 242.549973
11.14 44 BAT 62 124 0 0 131 131 0
11.16 44 DOWNLINK_STATUS 9 2494 166 0 828. 55.
11.24 44 CALIBRATION -2.412 0.037 0.5 0
11.28 44 NAVIGATION 0 0 0 0 286 0. 570986.7
11.33 44 WP_MOVED 2 358071. 4822161. 0.
11.33 44 SERVO -480 -4023 57
11.50 44 DESIRED 0.05 -0.15 0. 0. 700.014 -0.724
11.50 44 NAVIGATION 0 0 0 0 286 0. 570986.7
11.50 44 ATTITUDE 0 0 0
11.57 44 ESTIMATOR 702.443481 -0.014472 244.350006 -1.447201 242.72998
11.66 44 DL_VALUE 44 0.
11.70 44 NAVIGATION 0 0 0 0 286 0. 570986.7
11.77 44 WP_MOVED 0 358113. 4822203. 702.
11.99 44 COMMANDS 54,624,-1934,-53
11.99 44 NAVIGATION 0 0 0 0 286 0. 570986.7
11.99 44 ATTITUDE 0 0 0
11.99 44 GYRO_RATES -26 -12 -5 0.226893 -0.10472 0.043633
12.00 44 FBW_STATUS 0 0 124
12.16 44 DOWNLINK_STATUS 10 2726 182 0 232. 16.
12.20 44 ESTIMATOR 702.429993 -0.001917 243. -0.191679 242.639984
12.30 44 ACTUATORS 1557,1367,0,1204,1496
12.30 44 NAVIGATION 0 0 0 0 286 0. 570986.7
12.30 44 WP_MOVED 1 358824.90625 4822110. 702.
12.37 44 DESIRED 0.05 -0.15 0. 0. 700.01 -0.727
12.47 44 NAVIGATION 0 0 0 0 286 0. 570986.7
12.47 44 ATTITUDE 0 0 0
12.47 44 PPRZ_MODE 0 3 0 0 0 1 0
12.50 44 ESTIMATOR 702.416504 0.000972 241.650009 0.097237 242.279984
12.58 44 DL_VALUE 0 700.01001
12.73 44 NAVIGATION 0 0 0 0 286 0. 570986.7
12.73 44 WP_MOVED 2 358071. 4822161. 0.
12.73 44 NAVIGATION_REF 358071 4822161 31
12.92 44 COMMANDS 25,737,-1895,-91
12.92 44 NAVIGATION 0 0 0 0 286 0. 570986.7
12.92 44 ATTITUDE 0 0 0
12.92 44 GYRO_RATES -26 -12 -5 0.226893 -0.10472 0.043633
12.93 44 FBW_STATUS 0 0 124
13.01 44 ESTIMATOR 702.416504 0.008694 241.650009 0.869398 242.459976
13.01 44 BAT 32 124 0 0 133 133 0
13.13 44 CALIBRATION -2.411 0.037 0.5 0
13.13 44 NAVIGATION 0 0 0 0 286 0. 570986.7
13.16 44 DOWNLINK_STATUS 11 3059 204 0 333. 22.
13.21 44 WP_MOVED 0 358113. 4822203. 702.
13.24 44 SERVO -367 -4023 35
13.30 44 DESIRED 0.05 -0.15 0. 0. 700.012 -0.725
13.53 44 NAVIGATION 0 0 0 0 286 0. 570986.7
13.53 44 ATTITUDE 0 0 0
13.54 44 ESTIMATOR 702.416504 -0.003888 241.650009 -0.388803 242.189987
13.54 44 DL_VALUE 1 1.
13.60 44 NAVIGATION 0 0 0 0 286 0. 570986.7
13.62 44 WP_MOVED 1 358824.90625 4822110. 702.
13.94 44 COMMANDS 63,647,-1898,-111
13.94 44 NAVIGATION 0 0 0 0 286 0. 570986.7
13.94 44 ATTITUDE 0 0 0
13.94 44 GYRO_RATES -26 -12 -5 0.226893 -0.10472 0.043633
14.01 44 FBW_STATUS 0 0 124
14.01 44 ESTIMATOR 702.429993 0.000945 243. 0.094538 242.189987
14.03 44 NAVIGATION 0 0 0 0 286 0. 570986.7
14.10 44 WP_MOVED 2 358071. 4822161. 0.
14.16 44 DOWNLINK_STATUS 12 3313 221 0 254. 17.
14.21 44 DESIRED 0.05 -0.15 0. 0. 700.01 -0.726
14.33 44 NAVIGATION 0 0 0 0 286 0. 570986.7
14.33 44 ATTITUDE 0 0 0
14.40 44 ESTIMATOR 702.416504 -0.004805 241.650009 -0.480547 242.099991
14.51 44 DL_VALUE 2 0.
14.51 44 NAVIGATION 0 0 0 0 286 0. 570986.7
14.60 44 WP_MOVED 0 358113. 4822203. 702.
14.82 44 COMMANDS 67,647,-1876,-152
14.82 44 NAVIGATION 0 0 0 0 286 0. 570986.7
14.82 44 ATTITUDE 0 0 0
14.82 44 GYRO_RATES -26 -12 -5 0.226893 -0.10472 0.043633
14.82 44 FBW_STATUS 0 0 124
14.89 44 ESTIMATOR 702.429993 -0.003861 243. -0.386105 241.919998
14.89 44 BAT 130 124 0 0 135 135 0
14.99 44 CALIBRATION -2.41 0.037 0.5 0
14.99 44 NAVIGATION 0 0 0 0 286 0. 570986.7
15.09 44 WP_MOVED 1 358824.90625 4822110. 702.
15.09 44 SERVO -480 -4023 73
15.16 44 DOWNLINK_STATUS 13 3581 239 0 268. 18.
15.25 44 DESIRED 0.05 -0.15 0. 0. 700.009 -0.722
15.30 44 NAVIGATION 0 0 0 0 286 0. 570986.7
15.30 44 ATTITUDE 0 0 0
15.32 44 ESTIMATOR 702.429993 0.001917 243. 0.191698 242.189987
15.41 44 DL_VALUE 3 0.
15.44 44 NAVIGATION 0 0 0 0 286 0. 570986.7
15.51 44 WP_MOVED 2 358071. 4822161. 0.
15.76 44 COMMANDS 107,674,-1779,-110
15.76 44 NAVIGATION 0 0 0 0 286 0. 570986.7
15.76 44 ATTITUDE 0 0 0
15.76 44 GYRO_RATES -26 -12 -5 0.226893 -0.10472 0.043633
15.76 44 FBW_STATUS 0 0 124
15.82 44 ESTIMATOR 702.416504 -0.009639 241.650009 -0.96386 242.189987
15.93 44 NAVIGATION 0 0 0 0 286 0. 570986.7
16.02 44 WP_MOVED 0 358113. 4822203. 702.
16.16 44 DOWNLINK_STATUS 14 3812 254 0 231. 15.
16.22 44 DESIRED 0.05 -0.15 0. 0. 700.011 -0.726
16.24 44 NAVIGATION 0 0 0 0 286 0. 570986.7
16.24 44 ATTITUDE 0 0 0
16.26 44 ESTIMATOR 702.416504 0.00486 241.650009 0.486002 242.190002
16.35 44 DL_VALUE 4 0.
16.37 44 NAVIGATION 0 0 0 0 286 0. 570986.7
16.46 44 WP_MOVED 1 358824.90625 4822110. 702.
16.81 44 COMMANDS 79,624,-1943,-162
16.81 44 NAVIGATION 0 0 0 0 286 0. 570986.7
16.81 44 ATTITUDE 0 0 0
16.81 44 GYRO_RATES -26 -12 -5 0.226893 -0.10472 0.043633
16.89 44 FBW_STATUS 0 0 124
16.89 44 ESTIMATOR 702.443481 -0.007722 244.350006 -0.7722 242.100006
16.89 44 BAT 75 124 0 0 137 137 0
16.89 44 ACTUATORS 1560,1367,0,1202,1498
16.89 44 CALIBRATION -2.409 0.037 0.5 0
16.89 44 NAVIGATION 0 0 0 0 286 0. 570986.7
16.96 44 WP_MOVED 2 358071. 4822161. 0.
16.96 44 SERVO -480 -4023 5
17.16 44 DOWNLINK_STATUS 15 4093 273 0 281. 19.
17.25 44 DESIRED 0.05 -0.15 0. 0. 700.021 -0.726
17.28 44 NAVIGATION 0 0 0 0 286 0. 570986.7
17.28 44 ATTITUDE 0 0 0
17.28 44 PPRZ_MODE 0 3 0 0 0 1 0
17.30 44 ESTIMATOR 702.443481 -0.013445 244.350006 -1.344538 242.549988
17.32 44 DL_VALUE 5 0.
17.32 44 NAVIGATION 0 0 0 0 286 0. 570986.7
17.40 44 WP_MOVED 0 358113. 4822203. 702.
17.64 44 COMMANDS 89,686,-1839,-170
17.64 44 NAVIGATION 0 0 0 0 286 0. 570986.7
17.64 44 ATTITUDE 0 0 0
17.64 44 GYRO_RATES -26 -12 -5 0.226893 -0.10472 0.043633
17.64 44 FBW_STATUS 0 0 124
17.71 44 ESTIMATOR 702.416504 -0.002889 241.650009 -0.288887 242.639969
17.79 44 NAVIGATION 0 0 0 0 286 0. 570986.7
17.89 44 WP_MOVED 1 358824.90625 4822110. 702.
18.07 44 DESIRED 0.05 -0.15 0. 0. 700.012 -0.721
18.07 44 NAVIGATION 0 0 0 0 286 0. 570986.7
18.07 44 ATTITUDE 0 0 0
18.14 44 ESTIMATOR 702.416504 0.005778 241.650009 0.577803 242.189987
18.16 44 DOWNLINK_STATUS 16 4407 293 0 314. 20.
18.22 44 DL_VALUE 6 0.
18.26 44 NAVIGATION 0 0 0 0 286 0. 570986.7
18.32 44 WP_MOVED 2 358071. 4822161. 0.
18.59 44 COMMANDS 65,694,-1888,-106
18.60 44 NAVIGATION 0 0 0 0 286 0. 570986.7
18.60 44 ATTITUDE 0 0 0
18.60 44 GYRO_RATES -26 -12 -5 0.226893 -0.10472 0.043633
18.60 44 FBW_STATUS 0 0 124
18.64 44 ESTIMATOR 702.416504 -0.005778 241.650009 -0.577774 242.189987
18.64 44 BAT 60 124 0 0 139 139 0
18.74 44 CALIBRATION -2.409 0.037 0.5 0
18.74 44 NAVIGATION 0 0 0 0 286 0. 570986.7
18.96 44 WP_MOVED 0 358113. 4822203. 702.
18.96 44 SERVO -480 -4023 65
18.99 44 DESIRED 0.05 -0.15 0. 0. 700.008 -0.726
18.99 44 NAVIGATION 0 0 0 0 286 0. 570986.7
18.99 44 ATTITUDE 0 0 0
19.07 44 ESTIMATOR 702.416504 0.000972 241.650009 0.097198 242.189987
19.14 44 DL_VALUE 7 0.
19.16 44 DOWNLINK_STATUS 17 4682 312 0 275. 19.
19.26 44 NAVIGATION 0 0 0 0 286 0. 570986.7
19.30 44 WP_MOVED 1 358824.90625 4822110. 702.
19.52 44 COMMANDS 70,708,-1858,-85
19.52 44 NAVIGATION 0 0 0 0 286 0. 570986.7
19.52 44 ATTITUDE 0 0 0
19.53 44 GYRO_RATES -26 -12 -5 0.226893 -0.10472 0.043633
19.53 44 FBW_STATUS 0 0 124
19.58 44 ESTIMATOR 702.429993 0.000945 243. 0.094509 242.549973
19.67 44 NAVIGATION 0 0 0 0 286 0. 570986.7
19.77 44 WP_MOVED 2 358071. 4822161. 0.
19.95 44 DESIRED 0.05 -0.15 0. 0. 700.012 -0.727
19.95 44 NAVIGATION 0 0 0 0 286 0. 570986.7
19.95 44 ATTITUDE 0 0 0
20.01 44 ESTIMATOR 702.416504 -0.010611 241.650009 -1.061096 242.36998
20.11 44 DL_VALUE 8 0.
20.14 44 NAVIGATION 0 0 0 0 286 0. 570986.7
20.18 44 DOWNLINK_STATUS 18 4931 328 0 249. 16.
20.22 44 WP_MOVED 0 358113. 4822203. 702.
20.45 44 COMMANDS 83,732,-1808,-33
20.45 44 NAVIGATION 0 0 0 0 286 0. 570986.7
20.45 44 ATTITUDE 0 0 0
20.45 44 GYRO_RATES -26 -12 -5 0.226893 -0.10472 0.043633
20.45 44 FBW_STATUS 0 0 124
20.52 44 ESTIMATOR 702.416504 0.002889 241.650009 0.288887 242.01001
20.52 44 BAT 63 124 0 0 141 141 0
20.62 44 CALIBRATION -2.413 0.037 0.5 0
20.62 44 NAVIGATION 0 0 0 0 286 0. 570986.7
20.72 44 WP_MOVED 1 358824.90625 4822110. 702.
20.72 44 SERVO -480 -4023 65
20.89 44 DESIRED 0.05 -0.15 0. 0. 700.011 -0.721
20.89 44 NAVIGATION 0 0 0 0 286 0. 570986.7
20.89 44 ATTITUDE 0 0 0
20.95 44 ESTIMATOR 702.429993 -0. 243. -1.9e-05 241.830002
21.03 44 DL_VALUE 9 466.
21.06 44 NAVIGATION 0 0 0 0 286 0. 570986.7
21.14 44 WP_MOVED 2 358071. 4822161. 0.
21.14 44 NAVIGATION_REF 358071 4822161 31
21.18 44 DOWNLINK_STATUS 19 5225 348 0 294. 20.
21.40 44 COMMANDS 50,703,-1887,-115
21.43 44 NAVIGATION 0 0 0 0 286 0. 570986.7
21.43 44 ATTITUDE 0 0 0
21.43 44 GYRO_RATES -26 -12 -5 0.226893 -0.10472 0.043633
21.43 44 FBW_STATUS 0 0 124
21.50 44 ESTIMATOR 702.429993 -0.001917 243. -0.191689 242.189987
21.50 44 ACTUATORS 1562,1367,0,1204,1495
21.55 44 NAVIGATION 0 0 0 0 286 0. 570986.7
21.64 44 WP_MOVED 0 358113. 4822203. 702.
21.84 44 DESIRED 0.05 -0.15 0. 0. 700.013 -0.725
21.84 44 NAVIGATION 0 0 0 0 286 0. 570986.7
21.84 44 ATTITUDE 0 0 0
21.84 44 PPRZ_MODE 0 3 0 0 0 1 0
21.89 44 ESTIMATOR 702.416504 -0.002916 241.650009 -0.291615 242.279984
22.01 44 DL_VALUE 10 492.
22.01 44 NAVIGATION 0 0 0 0 286 0. 570986.7
22.08 44 WP_MOVED 1 358824.90625 4822110. 702.
22.19 44 DOWNLINK_STATUS 20 5478 365 0 253. 17.
22.32 44 COMMANDS 55,712,-1882,-193
22.37 44 NAVIGATION 0 0 0 0 286 0. 570986.7
22.37 44 ATTITUDE 0 0 0
22.37 44 GYRO_RATES -26 -12 -5 0.226893 -0.10472 0.043633
22.37 44 FBW_STATUS 0 0 124
22.39 44 ESTIMATOR 702.443481 0.004779 244.350006 0.477867 242.459991
22.39 44 BAT 50 124 0 0 143 143 0
22.49 44 CALIBRATION -2.412 0.037 0.5 0
22.49 44 NAVIGATION 0 0 0 0 286 0. 570986.7
22.60 44 WP_MOVED 2 358071. 4822161. 0.
22.60 44 SERVO -480 -4023 96
22.75 44 DESIRED 0.05 -0.15 0. 0. 700.014 -0.721
22.75 44 NAVIGATION 0 0 0 0 286 0. 570986.7
22.76 44 ATTITUDE 0 0 0
22.82 44 ESTIMATOR 702.416504 2.7e-05 241.650009 0.002718 242.459991
22.91 44 DL_VALUE 11 461.
22.94 44 NAVIGATION 0 0 0 0 286 0. 570986.7
23.02 44 WP_MOVED 0 358113. 4822203. 702.
23.19 44 DOWNLINK_STATUS 21 5746 383 0 268. 18.
23.27 44 COMMANDS 70,706,-1850,-162
23.32 44 NAVIGATION 0 0 0 0 286 0. 570986.7
23.32 44 ATTITUDE 0 0 0
23.32 44 GYRO_RATES -26 -12 -5 0.226893 -0.10472 0.043633
23.32 44 FBW_STATUS 0 0 124
23.34 44 ESTIMATOR 702.416504 -0.015444 241.650009 -1.544409 241.830002
23.42 44 NAVIGATION 0 0 0 0 286 0. 570986.7
23.52 44 WP_MOVED 1 358824.90625 4822110. 702.
23.69 44 DESIRED 0.05 -0.15 0. 0. 700.008 -0.726
23.70 44 NAVIGATION 0 0 0 0 286 0. 570986.7
23.70 44 ATTITUDE 0 0 0
23.89 44 ESTIMATOR 702.416504 0.019305 241.650009 1.930466 241.919998
23.92 44 DL_VALUE 12 1.35
23.92 44 NAVIGATION 0 0 0 0 286 0. 570986.7
23.95 44 WP_MOVED 2 358071. 4822161. 0.
24.19 44 DOWNLINK_STATUS 22 5977 398 0 231. 15.
24.20 44 COMMANDS 86,695,-1817,-111
24.20 44 NAVIGATION 0 0 0 0 286 0. 570986.7
24.20 44 ATTITUDE 0 0 0
24.20 44 GYRO_RATES -26 -12 -5 0.226893 -0.10472 0.043633
24.20 44 FBW_STATUS 0 0 124
24.27 44 ESTIMATOR 702.429993 -0.017334 243. -1.73336 242.100006
24.31 44 BAT 13 124 0 0 145 145 0
24.36 44 CALIBRATION -2.41 0.037 0.5 0
24.36 44 NAVIGATION 0 0 0 0 286 0. 570986.7
24.46 44 WP_MOVED 0 358113. 4822203. 702.
24.46 44 SERVO -480 -4023 41
24.63 44 DESIRED 0.05 -0.15 0. 0. 700.031 -0.716
24.63 44 NAVIGATION 0 0 0 0 286 0. 570986.7
24.63 44 ATTITUDE 0 0 0
24.70 44 ESTIMATOR 702.429993 0.005805 243. 0.580511 242.099991
24.79 44 DL_VALUE 13 0.
24.83 44 NAVIGATION 0 0 0 0 286 0. 570986.7
24.88 44 WP_MOVED 1 358824.90625 4822110. 702.
25.14 44 COMMANDS 68,738,-1822,-200
25.14 44 NAVIGATION 0 0 0 0 286 0. 570986.7
25.14 44 ATTITUDE 0 0 0
25.14 44 GYRO_RATES -26 -12 -5 0.226893 -0.10472 0.043633
25.14 44 FBW_STATUS 0 0 124
25.19 44 DOWNLINK_STATUS 23 6307 421 0 330. 23.
25.20 44 ESTIMATOR 702.416504 -0.012501 241.650009 -1.250057 242.099991
25.29 44 NAVIGATION 0 0 0 0 286 0. 570986.7
25.39 44 WP_MOVED 2 358071. 4822161. 0.
25.57 44 DESIRED 0.05 -0.15 0. 0. 700.013 -0.721
25.58 44 NAVIGATION 0 0 0 0 286 0. 570986.7
25.58 44 ATTITUDE 0 0 0
25.63 44 ESTIMATOR 702.429993 0.00675 243. 0.675001 242.189987
25.72 44 DL_VALUE 14 0.
25.75 44 NAVIGATION 0 0 0 0 286 0. 570986.7
25.83 44 WP_MOVED 0 358113. 4822203. 702.
26.08 44 COMMANDS 79,703,-1827,-106
26.08 44 NAVIGATION 0 0 0 0 286 0. 570986.7
26.08 44 ATTITUDE 0 0 0
26.08 44 GYRO_RATES -26 -12 -5 0.226893 -0.10472 0.043633
26.09 44 FBW_STATUS 0 0 124
26.14 44 ESTIMATOR 702.429993 0.004833 243. 0.483332 242.639969
26.14 44 BAT 55 124 0 0 147 147 0
26.20 44 DOWNLINK_STATUS 24 6574 438 0 267. 17.
26.25 44 ACTUATORS 1555,1366,0,1207,1490
26.25 44 CALIBRATION -2.404 0.037 0.5 0
26.26 44 NAVIGATION 0 0 0 0 286 0. 570986.7
26.35 44 WP_MOVED 1 358824.90625 4822110. 702.
26.38 44 SERVO -480 -4023 52
26.52 44 DESIRED 0.05 -0.15 0. 0. 700.018 -0.724
26.52 44 NAVIGATION 0 0 0 0 286 0. 570986.7
26.52 44 ATTITUDE 0 0 0
26.52 44 PPRZ_MODE 0 3 0 0 0 1 0
26.58 44 ESTIMATOR 702.416504 -0.012528 241.650009 -1.252766 242.36998
26.69 44 DL_VALUE 15 0.75
26.69 44 NAVIGATION 0 0 0 0 286 0. 570986.7
26.79 44 WP_MOVED 2 358071. 4822161. 0.
27.02 44 COMMANDS 59,689,-1858,-93
27.02 44 NAVIGATION 0 0 0 0 286 0. 570986.7
27.02 44 ATTITUDE 0 0 0
27.03 44 GYRO_RATES -26 -12 -5 0.226893 -0.10472 0.043633
27.03 44 FBW_STATUS 0 0 124
27.07 44 ESTIMATOR 702.403015 0.021195 240.300003 2.119513 242.279984
27.17 44 NAVIGATION 0 0 0 0 286 0. 570986.7
27.20 44 DOWNLINK_STATUS 25 6868 458 0 294. 20.
27.27 44 WP_MOVED 0 358113. 4822203. 702.
27.44 44 DESIRED 0.05 -0.15 0. 0. 700.017 -0.72
27.48 44 NAVIGATION 0 0 0 0 286 0. 570986.7
27.48 44 ATTITUDE 0 0 0
27.51 44 ESTIMATOR 702.416504 0.0135 241.650009 1.35004 242.190002
27.60 44 DL_VALUE 16 25000.
27.63 44 NAVIGATION 0 0 0 0 286 0. 570986.7
27.70 44 WP_MOVED 1 358824.90625 4822110. 702.
27.96 44 COMMANDS 56,689,-1874,-115
27.96 44 NAVIGATION 0 0 0 0 286 0. 570986.7
27.96 44 ATTITUDE 0 0 0
27.97 44 GYRO_RATES -26 -12 -5 0.226893 -0.10472 0.043633
27.97 44 FBW_STATUS 0 0 124
28.02 44 ESTIMATOR 702.416504 -2.7e-05 241.650009 -0.002728 242.369995
28.02 44 BAT 114 124 0 0 149 149 0
28.11 44 CALIBRATION -2.405 0.037 0.5 0
28.11 44 NAVIGATION 0 0 0 0 286 0. 570986.7
28.20 44 DOWNLINK_STATUS 26 7128 475 0 260. 17.
28.21 44 WP_MOVED 2 358071. 4822161. 0.
28.21 44 SERVO -480 -4023 118
28.38 44 DESIRED 0.05 -0.15 0. 0. 700.015 -0.725
28.38 44 NAVIGATION 0 0 0 0 286 0. 570986.7
28.38 44 ATTITUDE 0 0 0
28.45 44 ESTIMATOR 702.416504 -0.001944 241.650009 -0.194387 242.36998
28.54 44 DL_VALUE 17 25000.
28.57 44 NAVIGATION 0 0 0 0 286 0. 570986.7
28.64 44 WP_MOVED 0 358113. 4822203. 702.
28.89 44 COMMANDS 88,649,-1898,-162
28.89 44 NAVIGATION 0 0 0 0 286 0. 570986.7
28.89 44 ATTITUDE 0 0 0
28.90 44 GYRO_RATES -26 -12 -5 0.226893 -0.10472 0.043633
28.90 44 FBW_STATUS 0 0 124
28.97 44 ESTIMATOR 702.429993 -0.007722 243. -0.772181 242.189987
29.05 44 NAVIGATION 0 0 0 0 286 0. 570986.7
29.14 44 WP_MOVED 1 358824.90625 4822110. 702.
29.21 44 DOWNLINK_STATUS 27 7382 492 0 254. 17.
29.33 44 DESIRED 0.05 -0.15 0. 0. 700.016 -0.726
29.33 44 NAVIGATION 0 0 0 0 286 0. 570986.7
29.33 44 ATTITUDE 0 0 0
29.38 44 ESTIMATOR 702.416504 0.000972 241.650009 0.097218 242.369995
29.48 44 DL_VALUE 18 0.75
29.50 44 NAVIGATION 0 0 0 0 286 0. 570986.7
29.58 44 WP_MOVED 2 358071. 4822161. 0.
29.58 44 NAVIGATION_REF 358071 4822161 31
29.85 44 COMMANDS 65,721,-1877,-116
29.85 44 NAVIGATION 0 0 0 0 286 0. 570986.7
29.85 44 ATTITUDE 0 0 0
29.85 44 GYRO_RATES -26 -12 -5 0.226893 -0.10472 0.043633
29.85 44 FBW_STATUS 0 0 124
29.90 44 ESTIMATOR 702.416504 0.016362 241.650009 1.63619 242.36998
29.90 44 BAT 57 124 0 0 151 151 0
29.99 44 CALIBRATION -2.407 0.037 0.5 0
29.99 44 NAVIGATION 0 0 0 0 286 0. 570986.7
30.09 44 WP_MOVED 0 358113. 4822203. 702.
30.09 44 SERVO -367 -4023 39
30.21 44 DOWNLINK_STATUS 28 7661 511 0 279. 19.
30.26 44 DESIRED 0.05 -0.15 0. 0. 700.009 -0.722
30.26 44 NAVIGATION 0 0 0 0 286 0. 570986.7
30.26 44 ATTITUDE 0 0 0
30.33 44 ESTIMATOR 702.403015 0.02025 240.300003 2.025013 242.549988
30.41 44 DL_VALUE 19 13000.
30.44 44 NAVIGATION 0 0 0 0 286 0. 570986.7
30.51 44 WP_MOVED 1 358824.90625 4822110. 702.
30.77 44 COMMANDS 60,793,-1779,-30
30.77 44 NAVIGATION 0 0 0 0 286 0. 570986.7
30.77 44 ATTITUDE 0 0 0
30.77 44 GYRO_RATES -26 -12 -5 0.226893 -0.10472 0.043633
30.77 44 FBW_STATUS 0 0 124
30.83 44 ESTIMATOR 702.416504 -0.000972 241.650009 -0.097189 242.369995
30.89 44 ACTUATORS 1561,1365,0,1204,1494
30.94 44 NAVIGATION 0 0 0 0 286 0. 570986.7
31.03 44 WP_MOVED 2 358071. 4822161. 0.
31.21 44 DESIRED 0.05 -0.15 0. 0. 700.014 -0.729
31.21 44 NAVIGATION 0 0 0 0 286 0. 570986.7
31.22 44 ATTITUDE 0 0 0
31.22 44 PPRZ_MODE 0 3 0 0 0 1 0
31.22 44 DOWNLINK_STATUS 29 7966 531 0 305. 20.
31.27 44 ESTIMATOR 702.416504 -0.020277 241.650009 -2.027655 241.740005
31.38 44 DL_VALUE 20 13000.
31.38 44 NAVIGATION 0 0 0 0 286 0. 570986.7
31.47 44 WP_MOVED 0 358113. 4822203. 702.
31.70 44 COMMANDS 39,709,-1906,-23
31.70 44 NAVIGATION 0 0 0 0 286 0. 570986.7
31.70 44 ATTITUDE 0 0 0
31.70 44 GYRO_RATES -26 -12 -5 0.226893 -0.10472 0.043633
31.71 44 FBW_STATUS 0 0 124
31.78 44 ESTIMATOR 702.416504 0.021222 241.650009 2.122154 241.830002
31.78 44 BAT 12 124 0 0 153 153 0
31.88 44 CALIBRATION -2.408 0.037 0.5 0
31.88 44 NAVIGATION 0 0 0 0 286 0. 570986.7
31.97 44 WP_MOVED 1 358824.90625 4822110. 702.
31.97 44 SERVO -480 -4023 76
32.14 44 DESIRED 0.05 -0.15 0. 0. 700.013 -0.726
32.14 44 NAVIGATION 0 0 0 0 286 0. 570986.7
32.14 44 ATTITUDE 0 0 0
32.21 44 ESTIMATOR 702.416504 0.004806 241.650009 0.480585 242.279984
32.22 44 DOWNLINK_STATUS 30 8256 550 0 290. 19.
32.33 44 DL_VALUE 21 0.75
32.34 44 NAVIGATION 0 0 0 0 286 0. 570986.7
32.40 44 WP_MOVED 2 358071. 4822161. 0.
32.64 44 COMMANDS 36,684,-1904,-46
32.65 44 NAVIGATION 0 0 0 0 286 0. 570986.7
32.65 44 ATTITUDE 0 0 0
32.65 44 GYRO_RATES -26 -12 -5 0.226893 -0.10472 0.043633
32.65 44 FBW_STATUS 0 0 124
32.70 44 ESTIMATOR 702.429993 -0.004806 243. -0.480576 242.36998
32.79 44 NAVIGATION 0 0 0 0 286 0. 570986.7
32.91 44 WP_MOVED 0 358113. 4822203. 702.
33.07 44 DESIRED 0.05 -0.15 0. 0. 700.006 -0.722
33.07 44 NAVIGATION 0 0 0 0 286 0. 570986.7
33.07 44 ATTITUDE 0 0 0
33.15 44 ESTIMATOR 702.443481 -0.016389 244.350006 -1.638899 242.279999
33.22 44 DL_VALUE 22 18000.
33.22 44 DOWNLINK_STATUS 31 8494 566 0 238. 16.
33.25 44 NAVIGATION 0 0 0 0 286 0. 570986.7
33.32 44 WP_MOVED 1 358824.90625 4822110. 702.
33.58 44 COMMANDS 80,638,-1925,-135
33.62 44 NAVIGATION 0 0 0 0 286 0. 570986.7
33.62 44 ATTITUDE 0 0 0
33.62 44 GYRO_RATES -26 -12 -5 0.226893 -0.10472 0.043633
33.62 44 FBW_STATUS 0 0 124
33.65 44 ESTIMATOR 702.403015 0.012582 240.300003 1.25823 242.369995
33.65 44 BAT 42 124 0 0 155 155 0
33.74 44 CALIBRATION -2.412 0.037 0.5 0
33.74 44 NAVIGATION 0 0 0 0 286 0. 570986.7
33.84 44 WP_MOVED 2 358071. 4822161. 0.
33.84 44 SERVO -480 -4023 42
34.02 44 DESIRED 0.05 -0.15 0. 0. 700.008 -0.729
34.05 44 NAVIGATION 0 0 0 0 286 0. 570986.7
34.05 44 ATTITUDE 0 0 0
34.08 44 ESTIMATOR 702.416504 0.007695 241.650009 0.769472 242.36998
34.17 44 DL_VALUE 23 18000.
34.18 44 NAVIGATION 0 0 0 0 286 0. 570986.7
34.22 44 DOWNLINK_STATUS 32 8780 585 0 286. 19.
34.26 44 WP_MOVED 0 358113. 4822203. 702.
34.52 44 COMMANDS 69,691,-1891,-187
34.52 44 NAVIGATION 0 0 0 0 286 0. 570986.7
34.52 44 ATTITUDE 0 0 0
34.53 44 GYRO_RATES -27 -12 -5 0.235619 -0.10472 0.043633
34.53 44 FBW_STATUS 0 0 124
34.69 44 ESTIMATOR 702.429993 -0.001971 243. -0.197096 242.279999
34.78 44 NAVIGATION 0 0 0 0 286 0. 570986.7
34.78 44 WP_MOVED 1 358824.90625 4822110. 702.
34.94 44 DESIRED 0.05 -0.15 0. 0. 700.014 -0.726
34.94 44 NAVIGATION 0 0 0 0 286 0. 570986.7
34.94 44 ATTITUDE 0 0 0
35.01 44 ESTIMATOR 702.443481 -0.012555 244.350006 -1.255484 242.549988
35.10 44 DL_VALUE 24 0.3
35.14 44 NAVIGATION 0 0 0 0 286 0. 570986.7
35.20 44 WP_MOVED 2 358071. 4822161. 0.
35.24 44 DOWNLINK_STATUS 33 9026 601 0 246. 16.
35.45 44 COMMANDS 53,695,-1899,-103
35.45 44 NAVIGATION 0 0 0 0 286 0. 570986.7
35.45 44 ATTITUDE 0 0 0
35.45 44 GYRO_RATES -27 -12 -5 0.235619 -0.10472 0.043633
35.45 44 FBW_STATUS 0 0 124
35.52 44 ESTIMATOR 702.416504 0.005805 241.650009 0.580521 242.639969
35.52 44 BAT 39 124 0 0 157 157 0
35.62 44 ACTUATORS 1563,1365,0,1203,1494
35.62 44 CALIBRATION -2.414 0.037 0.5 0
35.62 44 NAVIGATION 0 0 0 0 286 0. 570986.7
35.72 44 WP_MOVED 0 358113. 4822203. 702.
35.72 44 SERVO -480 -4023 55
35.91 44 DESIRED 0.05 -0.15 0. 0. 700.012 -0.721
35.91 44 NAVIGATION 0 0 0 0 286 0. 570986.7
35.92 44 ATTITUDE 0 0 0
35.92 44 PPRZ_MODE 0 3 0 0 0 1 0
35.96 44 ESTIMATOR 702.416504 0.003834 241.650009 0.383387 242.189987
36.07 44 DL_VALUE 25 0.091017
36.07 44 NAVIGATION 0 0 0 0 286 0. 570986.7
36.15 44 WP_MOVED 1 358824.90625 4822110. 702.
36.24 44 DOWNLINK_STATUS 34 9316 621 0 290. 20.
36.41 44 COMMANDS 65,718,-1880,-142
36.41 44 NAVIGATION 0 0 0 0 286 0. 570986.7
36.41 44 ATTITUDE 0 0 0
36.41 44 GYRO_RATES -26 -12 -5 0.226893 -0.10472 0.043633
36.41 44 FBW_STATUS 0 0 124
36.45 44 ESTIMATOR 702.429993 -2.7e-05 243. -0.002699 242.099991
36.54 44 NAVIGATION 0 0 0 0 286 0. 570986.7
36.65 44 WP_MOVED 2 358071. 4822161. 0.
36.82 44 DESIRED 0.05 -0.15 0. 0. 700.016 -0.725
36.82 44 NAVIGATION 0 0 0 0 286 0. 570986.7
36.82 44 ATTITUDE 0 0 0
36.89 44 ESTIMATOR 702.416504 0.012555 241.650009 1.255512 242.549988
36.97 44 DL_VALUE 26 0.005
37.00 44 NAVIGATION 0 0 0 0 286 0. 570986.7
37.07 44 WP_MOVED 0 358113. 4822203. 702.
37.25 44 DOWNLINK_STATUS 35 9547 636 0 231. 15.
37.34 44 COMMANDS 63,725,-1880,-116
37.34 44 NAVIGATION 0 0 0 0 286 0. 570986.7
37.34 44 ATTITUDE 0 0 0
37.34 44 GYRO_RATES -26 -12 -5 0.226893 -0.10472 0.043633
37.34 44 FBW_STATUS 0 0 124
37.40 44 ESTIMATOR 702.429993 -0.011583 243. -1.158285 242.36998
37.40 44 BAT 84 124 0 0 159 159 0
37.49 44 CALIBRATION -2.411 0.037 0.5 0
37.49 44 NAVIGATION 0 0 0 0 286 0. 570986.7
37.59 44 WP_MOVED 1 358824.90625 4822110. 702.
37.59 44 SERVO -480 -4023 57
37.76 44 DESIRED 0.05 -0.15 0. 0. 700.009 -0.721
37.76 44 NAVIGATION 0 0 0 0 286 0. 570986.7
37.77 44 ATTITUDE 0 0 0
37.82 44 ESTIMATOR 702.416504 0.009666 241.650009 0.966606 242.100006
37.92 44 DL_VALUE 27 0.037
37.94 44 NAVIGATION 0 0 0 0 286 0. 570986.7
38.02 44 WP_MOVED 2 358071. 4822161. 0.
38.02 44 NAVIGATION_REF 358071 4822161 31
38.25 44 DOWNLINK_STATUS 36 9826 655 0 279. 19.
38.27 44 COMMANDS 72,717,-1847,-142
38.27 44 NAVIGATION 0 0 0 0 286 0. 570986.7
38.27 44 ATTITUDE 0 0 0
38.27 44 GYRO_RATES -27 -12 -5 0.235619 -0.10472 0.043633
38.27 44 FBW_STATUS 0 0 124
38.32 44 ESTIMATOR 702.429993 -2.7e-05 243. -0.002718 242.549988
38.43 44 NAVIGATION 0 0 0 0 286 0. 570986.7
38.52 44 WP_MOVED 0 358113. 4822203. 702.
38.69 44 DESIRED 0.05 -0.15 0. 0. 700.016 -0.717
38.69 44 NAVIGATION 0 0 0 0 286 0. 570986.7
38.69 44 ATTITUDE 0 0 0
38.75 44 ESTIMATOR 702.429993 -0.009612 243. -0.961189 242.189987
38.85 44 DL_VALUE 28 0.
38.88 44 NAVIGATION 0 0 0 0 286 0. 570986.7
38.95 44 WP_MOVED 1 358824.90625 4822110. 702.
39.20 44 COMMANDS 32,610,-1975,-95
39.20 44 NAVIGATION 0 0 0 0 286 0. 570986.7
39.20 44 ATTITUDE 0 0 0
39.20 44 GYRO_RATES -26 -12 -5 0.226893 -0.10472 0.043633
39.20 44 FBW_STATUS 0 0 124
39.25 44 DOWNLINK_STATUS 37 10119 675 0 293. 20.
39.27 44 ESTIMATOR 702.429993 -0.012555 243. -1.255522 242.36998
39.27 44 BAT 59 124 0 0 161 161 0
39.38 44 CALIBRATION -2.41 0.037 0.5 0
39.38 44 NAVIGATION 0 0 0 0 286 0. 570986.7
39.46 44 WP_MOVED 2 358071. 4822161. 0.
39.50 44 SERVO -480 -4023 0
39.63 44 DESIRED 0.05 -0.15 0. 0. 700.026 -0.719
39.63 44 NAVIGATION 0 0 0 0 286 0. 570986.7
39.63 44 ATTITUDE 0 0 0
39.70 44 ESTIMATOR 702.416504 0.00864 241.650009 0.863962 242.189987
39.78 44 DL_VALUE 29 0.045
39.81 44 NAVIGATION 0 0 0 0 286 0. 570986.7
39.88 44 WP_MOVED 0 358113. 4822203. 702.
40.14 44 COMMANDS 58,687,-1874,-170
40.18 44 NAVIGATION 0 0 0 0 286 0. 570986.7
40.18 44 ATTITUDE 0 0 0
40.18 44 GYRO_RATES -26 -12 -5 0.226893 -0.10472 0.043633
40.18 44 FBW_STATUS 0 0 124
40.19 44 ESTIMATOR 702.416504 0.010611 241.650009 1.061125 242.36998
40.23 44 ACTUATORS 1570,1366,0,1206,1492
40.26 44 DOWNLINK_STATUS 38 10422 695 0 303. 20.
40.29 44 NAVIGATION 0 0 0 0 286 0. 570986.7
40.40 44 WP_MOVED 1 358824.90625 4822110. 702.
40.58 44 DESIRED 0.05 -0.15 0. 0. 700.016 -0.722
40.62 44 NAVIGATION 0 0 0 0 286 0. 570986.7
40.62 44 ATTITUDE 0 0 0
40.62 44 PPRZ_MODE 0 3 0 0 0 1 0
40.64 44 ESTIMATOR 702.416504 0.009639 241.650009 0.963907 242.549973
40.76 44 DL_VALUE 30 1.
40.76 44 NAVIGATION 0 0 0 0 286 0. 570986.7
40.83 44 WP_MOVED 2 358071. 4822161. 0.
41.09 44 COMMANDS 59,721,-1887,-98
41.09 44 NAVIGATION 0 0 0 0 286 0. 570986.7
41.09 44 ATTITUDE 0 0 0
41.09 44 GYRO_RATES -26 -12 -5 0.226893 -0.10472 0.043633
41.09 44 FBW_STATUS 0 0 124
41.15 44 ESTIMATOR 702.429993 -0.008721 243. -0.872107 242.639969
41.15 44 BAT 62 124 0 0 163 163 0
41.25 44 CALIBRATION -2.408 0.037 0.5 0
41.25 44 NAVIGATION 0 0 0 0 286 0. 570986.7
41.26 44 DOWNLINK_STATUS 39 10709 714 0 287. 19.
41.34 44 WP_MOVED 0 358113. 4822203. 702.
41.34 44 SERVO -480 -4023 54
41.50 44 DESIRED 0.05 -0.15 0. 0. 700.014 -0.725
41.50 44 NAVIGATION 0 0 0 0 286 0. 570986.7
41.50 44 ATTITUDE 0 0 0
41.56 44 ESTIMATOR 702.416504 0.006777 241.650009 0.677729 242.549988
41.67 44 DL_VALUE 31 0.
41.69 44 NAVIGATION 0 0 0 0 286 0. 570986.7
41.77 44 WP_MOVED 1 358824.90625 4822110. 702.
41.77 44 DL_VALUE 9 440.320007
42.02 44 COMMANDS 60,545,-2051,-133
42.02 44 NAVIGATION 0 0 0 0 286 0. 570986.7
42.02 44 ATTITUDE 0 0 0
42.03 44 GYRO_RATES 0 -12 -5 -0. -0.10472 0.043633
42.03 44 FBW_STATUS 0 0 124
42.07 44 ESTIMATOR 702.429993 -0.013473 243. -1.347284 242.099991
42.18 44 NAVIGATION 0 0 0 0 286 0. 570986.7
42.27 44 DOWNLINK_STATUS 40 10955 731 0 246. 17.
42.39 44 WP_MOVED 2 358071. 4822161. 0.
42.42 44 DESIRED 0.05 -0.15 0. 0. 700.012 -0.722
42.42 44 NAVIGATION 0 0 0 0 286 0. 570986.7
42.42 44 ATTITUDE 0 0 0
42.51 44 ESTIMATOR 702.416504 -0.003861 241.650009 -0.386086 241.830002
42.58 44 DL_VALUE 32 0.
42.70 44 NAVIGATION 0 0 0 0 286 0. 570986.7
42.70 44 WP_MOVED 0 358113. 4822203. 702.
42.95 44 COMMANDS 65,718,-1876,-162
42.95 44 NAVIGATION 0 0 0 0 286 0. 570986.7
42.95 44 ATTITUDE 0 0 0
43.04 44 GYRO_RATES -1 -12 -6 0.008727 -0.10472 0.05236
43.04 44 FBW_STATUS 0 0 124
43.04 44 ESTIMATOR 702.429993 0.00675 243. 0.675001 242.279999
43.04 44 BAT 100 124 0 0 165 165 0
43.11 44 CALIBRATION -2.41 0.037 0.5 0
43.11 44 NAVIGATION 0 0 0 0 286 0. 570986.7
43.22 44 WP_MOVED 1 358824.90625 4822110. 702.
43.22 44 SERVO -480 1648 59
43.27 44 DOWNLINK_STATUS 41 11238 750 0 283. 19.
43.38 44 DESIRED 0.05 -0.15 0. 0. 700.013 -0.725
43.38 44 NAVIGATION 0 0 0 0 286 0. 570986.7
43.38 44 ATTITUDE 0 0 0
43.45 44 ESTIMATOR 702.416504 0. 241.650009 0. 242.549973
43.53 44 DL_VALUE 33 0.037
43.58 44 NAVIGATION 0 0 0 0 286 0. 570986.7
43.64 44 WP_MOVED 2 358071. 4822161. 0.
43.89 44 COMMANDS 55,703,-1849,-70
43.89 44 NAVIGATION 0 0 0 0 286 0. 570986.7
43.89 44 ATTITUDE 0 0 0
43.89 44 GYRO_RATES 0 -12 -6 -0. -0.10472 0.05236
43.89 44 FBW_STATUS 0 0 124
43.95 44 ESTIMATOR 702.429993 0.000945 243. 0.094481 242.279984
44.04 44 NAVIGATION 0 0 0 0 286 0. 570986.7
44.15 44 WP_MOVED 0 358113. 4822203. 702.
44.27 44 DOWNLINK_STATUS 42 11469 765 0 231. 15.
44.32 44 DESIRED 0.05 -0.15 0. 0. 700.009 -0.722
44.32 44 NAVIGATION 0 0 0 0 286 0. 570986.7
44.32 44 ATTITUDE 0 0 0
44.39 44 ESTIMATOR 702.429993 0.002916 243. 0.291643 242.639984
44.50 44 DL_VALUE 34 0.037
44.51 44 NAVIGATION 0 0 0 0 286 0. 570986.7
44.57 44 WP_MOVED 1 358824.90625 4822110. 702.
44.83 44 COMMANDS 65,698,-1884,-93
44.83 44 NAVIGATION 0 0 0 0 286 0. 570986.7
44.83 44 ATTITUDE 0 0 0
44.83 44 GYRO_RATES -1 -12 -5 0.008727 -0.10472 0.043633
44.83 44 FBW_STATUS 0 0 124
44.91 44 ESTIMATOR 702.416504 -0.016361 241.650009 -1.636143 242.369995
44.91 44 BAT 6 124 0 0 167 167 0
45.01 44 ACTUATORS 1563,1364,0,1202,1497
45.01 44 CALIBRATION -2.415 0.037 0.5 0
45.01 44 NAVIGATION 0 0 0 0 286 0. 570986.7
45.08 44 WP_MOVED 2 358071. 4822161. 0.
45.08 44 SERVO -480 1430 40
45.27 44 DESIRED 0.05 -0.15 0. 0. 700. -0.724
45.27 44 NAVIGATION 0 0 0 0 286 0. 570986.7
45.27 44 ATTITUDE 0 0 0
45.27 44 PPRZ_MODE 0 3 0 0 0 1 0
45.28 44 DOWNLINK_STATUS 43 11811 788 0 342. 23.
45.33 44 ESTIMATOR 702.416504 0.010584 241.650009 1.058359 242.279984
45.45 44 DL_VALUE 35 0.
45.45 44 NAVIGATION 0 0 0 0 286 0. 570986.7
45.55 44 WP_MOVED 0 358113. 4822203. 702.
45.76 44 COMMANDS 76,677,-1866,-158
45.76 44 NAVIGATION 0 0 0 0 286 0. 570986.7
45.76 44 ATTITUDE 0 0 0
45.76 44 GYRO_RATES 0 -12 -5 -0. -0.10472 0.043633
45.76 44 FBW_STATUS 0 0 124
45.82 44 ESTIMATOR 702.416504 0.017361 241.650009 1.736116 242.279984
45.92 44 NAVIGATION 0 0 0 0 286 0. 570986.7
46.03 44 WP_MOVED 1 358824.90625 4822110. 702.
46.19 44 DESIRED 0.05 -0.15 0. 0. 700.012 -0.725
46.19 44 NAVIGATION 0 0 0 0 286 0. 570986.7
46.19 44 ATTITUDE 0 0 0
46.26 44 ESTIMATOR 702.416504 -0.014445 241.650009 -1.444454 242.099991
46.29 44 DOWNLINK_STATUS 44 12064 804 0 253. 16.
46.34 44 DL_VALUE 36 0.
46.38 44 NAVIGATION 0 0 0 0 286 0. 570986.7
46.46 44 WP_MOVED 2 358071. 4822161. 0.
46.46 44 NAVIGATION_REF 358071 4822161 31
46.70 44 COMMANDS 58,725,-1846,-90
46.70 44 NAVIGATION 0 0 0 0 286 0. 570986.7
46.70 44 ATTITUDE 0 0 0
46.70 44 GYRO_RATES -1 -12 -6 0.008727 -0.10472 0.05236
46.72 44 FBW_STATUS 0 0 124
46.76 44 ESTIMATOR 702.429993 -0.008694 243. -0.869408 242.009995
46.76 44 BAT 40 124 0 0 169 169 0
46.86 44 CALIBRATION -2.415 0.037 0.5 0
46.86 44 NAVIGATION 0 0 0 0 286 0. 570986.7
46.96 44 WP_MOVED 0 358113. 4822203. 702.
46.96 44 SERVO -480 1430 70
47.13 44 DESIRED 0.05 -0.15 0. 0. 700.024 -0.726
47.13 44 NAVIGATION 0 0 0 0 286 0. 570986.7
47.13 44 ATTITUDE 0 0 0
47.20 44 ESTIMATOR 702.416504 0.005805 241.650009 0.580511 242.279999
47.28 44 DL_VALUE 37 0.
47.31 44 DOWNLINK_STATUS 45 12350 824 0 286. 20.
47.32 44 NAVIGATION 0 0 0 0 286 0. 570986.7
47.38 44 WP_MOVED 1 358824.90625 4822110. 702.
47.64 44 COMMANDS 79,828,-1748,-170
47.64 44 NAVIGATION 0 0 0 0 286 0. 570986.7
47.64 44 ATTITUDE 0 0 0
47.64 44 GYRO_RATES -1 -12 -6 0.008727 -0.10472 0.05236
47.64 44 FBW_STATUS 0 0 124
47.69 44 ESTIMATOR 702.429993 0.002889 243. 0.288868 242.189987
47.79 44 NAVIGATION 0 0 0 0 286 0. 570986.7
47.89 44 WP_MOVED 2 358071. 4822161. 0.
48.07 44 DESIRED 0.05 -0.15 0. 0. 700.013 -0.72
48.07 44 NAVIGATION 0 0 0 0 286 0. 570986.7
48.07 44 ATTITUDE 0 0 0
48.15 44 ESTIMATOR 702.429993 0.008667 243. 0.866718 242.459991
48.23 44 DL_VALUE 38 0.045
48.23 44 DL_VALUE 10 481.279999
48.25 44 NAVIGATION 0 0 0 0 286 0. 570986.7
48.30 44 DOWNLINK_STATUS 46 12606 841 0 256. 17.
48.32 44 WP_MOVED 0 358113. 4822203. 702.
48.58 44 COMMANDS 100,687,-1832,-116
48.58 44 NAVIGATION 0 0 0 0 286 0. 570986.7
48.58 44 ATTITUDE 0 0 0
48.58 44 GYRO_RATES -1 -1 -5 0.008727 -0.008727 0.043633
48.58 44 FBW_STATUS 0 0 124
48.64 44 ESTIMATOR 702.429993 -0.003861 243. -0.386066 242.999969
48.64 44 BAT 64 124 0 0 171 171 0
48.74 44 CALIBRATION -2.414 0.037 0.5 0
48.74 44 NAVIGATION 0 0 0 0 286 0. 570986.7
48.84 44 WP_MOVED 1 358824.90625 4822110. 702.
48.84 44 SERVO -1615 1430 65
49.01 44 DESIRED 0.05 -0.15 0. 0. 700.018 -0.72
49.01 44 NAVIGATION 0 0 0 0 286 0. 570986.7
49.01 44 ATTITUDE 0 0 0
49.06 44 ESTIMATOR 702.429993 -0.004833 243. -0.483303 242.639969
49.16 44 DL_VALUE 39 0.045
49.20 44 NAVIGATION 0 0 0 0 286 0. 570986.7
49.26 44 WP_MOVED 2 358071. 4822161. 0.
49.31 44 DOWNLINK_STATUS 47 12889 860 0 283. 19.
49.51 44 COMMANDS 52,640,-1898,-138
49.54 44 NAVIGATION 0 0 0 0 286 0. 570986.7
49.54 44 ATTITUDE 0 0 0
49.54 44 GYRO_RATES -1 -1 -6 0.008727 -0.008727 0.05236
49.54 44 FBW_STATUS 0 0 124
49.59 44 ESTIMATOR 702.429993 -0.000972 243. -0.097189 242.819977
49.60 44 ACTUATORS 1561,1366,0,1206,1493
49.67 44 NAVIGATION 0 0 0 0 286 0. 570986.7
49.77 44 WP_MOVED 0 358113. 4822203. 702.
49.96 44 DESIRED 0.05 -0.15 0. 0. 700.019 -0.722
49.96 44 NAVIGATION 0 0 0 0 286 0. 570986.7
49.97 44 ATTITUDE 0 0 0
49.97 44 PPRZ_MODE 0 3 0 0 0 1 0
50.03 44 ESTIMATOR 702.416504 -0.007722 241.650009 -0.772181 242.639969
50.13 44 DL_VALUE 40 0.1
50.17 44 NAVIGATION 0 0 0 0 286 0. 570986.7
50.22 44 WP_MOVED 1 358824.90625 4822110. 702.
50.31 44 DOWNLINK_STATUS 48 13142 877 0 253. 17.
50.45 44 COMMANDS 47,755,-1873,-155
50.45 44 NAVIGATION 0 0 0 0 286 0. 570986.7
50.45 44 ATTITUDE 0 0 0
50.45 44 GYRO_RATES -1 -1 -6 0.008727 -0.008727 0.05236
50.45 44 FBW_STATUS 0 0 124
50.53 44 ESTIMATOR 702.429993 -0.009666 243. -0.966616 242.099991
50.53 44 BAT 58 124 0 0 173 173 0
50.62 44 CALIBRATION -2.41 0.037 0.5 0
50.65 44 NAVIGATION 0 0 0 0 286 0. 570986.7
50.73 44 WP_MOVED 2 358071. 4822161. 0.
50.73 44 SERVO -1728 1430 41
50.88 44 DESIRED 0.05 -0.15 0. 0. 700.013 -0.73
50.88 44 NAVIGATION 0 0 0 0 286 0. 570986.7
50.88 44 ATTITUDE 0 0 0
50.94 44 ESTIMATOR 702.429993 0.017334 243. 1.733379 242.72998
51.05 44 DL_VALUE 41 0.
51.06 44 NAVIGATION 0 0 0 0 286 0. 570986.7
51.14 44 WP_MOVED 0 358113. 4822203. 702.
51.32 44 DOWNLINK_STATUS 49 13410 895 0 268. 18.
51.40 44 COMMANDS 48,706,-1902,-137
51.40 44 NAVIGATION 0 0 0 0 286 0. 570986.7
51.40 44 ATTITUDE 0 0 0
51.40 44 GYRO_RATES -1 -1 -6 0.008727 -0.008727 0.05236
51.40 44 FBW_STATUS 0 0 124
51.45 44 ESTIMATOR 702.429993 -0.012528 243. -1.252775 242.639969
51.55 44 NAVIGATION 0 0 0 0 286 0. 570986.7
51.65 44 WP_MOVED 1 358824.90625 4822110. 702.
51.82 44 DESIRED 0.05 -0.15 0. 0. 700.01 -0.722
51.82 44 NAVIGATION 0 0 0 0 286 0. 570986.7
51.82 44 ATTITUDE 0 0 0
51.88 44 ESTIMATOR 702.429993 -0.003834 243. -0.383387 242.189987
51.97 44 DL_VALUE 42 0.5
52.00 44 NAVIGATION 0 0 0 0 286 0. 570986.7
52.20 44 WP_MOVED 2 358071. 4822161. 0.
52.30 44 COMMANDS 37,717,-1950,-125
52.30 44 NAVIGATION 0 0 0 0 286 0. 570986.7
52.30 44 ATTITUDE 0 0 0
52.30 44 GYRO_RATES -1 -1 -6 0.008727 -0.008727 0.05236
52.32 44 FBW_STATUS 0 0 124
52.33 44 DOWNLINK_STATUS 50 13703 915 0 293. 20.
52.39 44 ESTIMATOR 702.429993 0.028944 243. 2.894411 242.819977
52.39 44 BAT 45 124 0 0 175 175 0
52.48 44 CALIBRATION -2.411 0.037 0.5 0
52.48 44 NAVIGATION 0 0 0 0 286 0. 570986.7
52.60 44 WP_MOVED 0 358113. 4822203. 702.
52.60 44 SERVO -1728 1430 34
52.69 44 DESIRED 0.05 -0.15 0. 0. 700.004 -0.729
52.72 44 NAVIGATION 0 0 0 0 286 0. 570986.7
52.72 44 ATTITUDE 0 0 0
52.82 44 ESTIMATOR 702.429993 -0.022167 243. -2.216692 242.909973
52.89 44 DL_VALUE 43 1.
53.00 44 NAVIGATION 0 0 0 0 286 0. 570986.7
53.01 44 WP_MOVED 1 358824.90625 4822110. 702.
53.30 44 COMMANDS 62,709,-1835,-125
53.34 44 NAVIGATION 0 0 0 0 286 0. 570986.7
53.34 44 ATTITUDE 0 0 0
53.34 44 GYRO_RATES -1 -1 -6 0.008727 -0.008727 0.05236
53.34 44 FBW_STATUS 0 0 124
53.34 44 ESTIMATOR 702.416504 0.004806 241.650009 0.480595 242.639969
53.34 44 DOWNLINK_STATUS 51 13993 934 0 290. 19.
53.44 44 NAVIGATION 0 0 0 0 286 0. 570986.7
53.51 44 WP_MOVED 2 358071. 4822161. 0.
53.62 44 DESIRED 0.05 -0.15 0. 0. 700.013 -0.721
53.71 44 NAVIGATION 0 0 0 0 286 0. 570986.7
53.71 44 ATTITUDE 0 0 0
53.85 44 ESTIMATOR 702.429993 -0.012528 243. -1.252785 242.279999
53.85 44 DL_VALUE 44 0.
53.91 44 NAVIGATION 0 0 0 0 286 0. 570986.7
53.93 44 WP_MOVED 0 358113. 4822203. 702.
54.25 44 COMMANDS 65,674,-1876,-132
54.25 44 NAVIGATION 0 0 0 0 286 0. 570986.7
54.25 44 ATTITUDE 0 0 0
54.25 44 GYRO_RATES -1 -1 -6 0.008727 -0.008727 0.05236
54.33 44 FBW_STATUS 0 0 124
54.33 44 ESTIMATOR 702.416504 0.008667 241.650009 0.86669 242.279999
54.33 44 BAT 65 124 0 0 177 177 0
54.34 44 ACTUATORS 1560,1368,0,1206,1495
54.34 44 CALIBRATION -2.414 0.037 0.5 0
54.34 44 DOWNLINK_STATUS 52 14266 952 0 273. 18.
54.34 44 NAVIGATION 0 0 0 0 286 0. 570986.7
54.42 44 WP_MOVED 1 358824.90625 4822110. 702.
54.42 44 SERVO -1728 1430 71
54.51 44 DESIRED 0.05 -0.15 0. 0. 700.015 -0.718
54.64 44 NAVIGATION 0 0 0 0 286 0. 570986.7
54.64 44 ATTITUDE 0 0 0
54.64 44 PPRZ_MODE 0 3 0 0 0 1 0
54.72 44 ESTIMATOR 702.429993 -0.0135 243. -1.349955 242.189987
54.83 44 DL_VALUE 0 700.015015
54.83 44 NAVIGATION 0 0 0 0 286 0. 570986.7
54.91 44 WP_MOVED 2 358071. 4822161. 0.
54.91 44 NAVIGATION_REF 358071 4822161 31
55.03 44 DL_VALUE 11 453.972992
55.13 44 COMMANDS 34,712,-1893,-80
55.13 44 NAVIGATION 0 0 0 0 286 0. 570986.7
55.13 44 ATTITUDE 0 0 0
55.13 44 GYRO_RATES -1 -1 1 0.008727 -0.008727 -0.008727
55.13 44 FBW_STATUS 0 0 124
55.21 44 ESTIMATOR 702.416504 0.016389 241.650009 1.638899 242.279984
55.31 44 NAVIGATION 0 0 0 0 286 0. 570986.7
55.34 44 WP_MOVED 0 358113. 4822203. 702.
55.34 44 DOWNLINK_STATUS 53 14565 973 0 299. 21.
55.47 44 DESIRED 0.05 -0.15 0. 0. 700.013 -0.721
55.55 44 NAVIGATION 0 0 0 0 286 0. 570986.7
55.55 44 ATTITUDE 0 0 0
55.64 44 ESTIMATOR 702.416504 -0.003834 241.650009 -0.383406 242.279984
55.76 44 DL_VALUE 1 1.
55.76 44 NAVIGATION 0 0 0 0 286 0. 570986.7
55.88 44 WP_MOVED 1 358824.90625 4822110. 702.
56.07 44 COMMANDS 114,661,-1806,-167
56.07 44 NAVIGATION 0 0 0 0 286 0. 570986.7
56.07 44 ATTITUDE 0 0 0
56.07 44 GYRO_RATES -1 -1 1 0.008727 -0.008727 -0.008727
56.07 44 FBW_STATUS 0 0 124
56.16 44 ESTIMATOR 702.429993 0.001917 243. 0.191689 242.279984
56.20 44 BAT 58 124 0 0 179 179 0
56.20 44 CALIBRATION -2.41 0.037 0.5 0
56.27 44 NAVIGATION 0 0 0 0 286 0. 570986.7
56.35 44 DOWNLINK_STATUS 54 14810 989 0 245. 16.
56.48 44 WP_MOVED 2 358071. 4822161. 0.
56.48 44 SERVO -1728 1430 58
56.50 44 DESIRED 0.05 -0.15 0. 0. 700.006 -0.72
56.50 44 NAVIGATION 0 0 0 0 286 0. 570986.7
56.50 44 ATTITUDE 0 0 0
56.56 44 ESTIMATOR 702.403015 0.009666 240.300003 0.966606 242.279999
56.66 44 DL_VALUE 2 0.
56.71 44 NAVIGATION 0 0 0 0 286 0. 570986.7
56.74 44 WP_MOVED 0 358113. 4822203. 702.
56.99 44 COMMANDS 59,704,-1869,-115
56.99 44 NAVIGATION 0 0 0 0 286 0. 570986.7
56.99 44 ATTITUDE 0 0 0
56.99 44 GYRO_RATES -1 -1 1 0.008727 -0.008727 -0.008727
57.08 44 FBW_STATUS 0 0 124
57.08 44 ESTIMATOR 702.429993 0.006723 243. 0.672312 242.36998
57.17 44 NAVIGATION 0 0 0 0 286 0. 570986.7
57.25 44 WP_MOVED 1 358824.90625 4822110. 702.
57.36 44 DESIRED 0.05 -0.15 0. 0. 700.014 -0.719
57.36 44 DOWNLINK_STATUS 55 15090 1007 0 280. 18.
57.48 44 NAVIGATION 0 0 0 0 286 0. 570986.7
57.48 44 ATTITUDE 0 0 0
57.55 44 ESTIMATOR 702.429993 -0.014499 243. -1.449909 242.72998
57.60 44 DL_VALUE 3 0.
57.66 44 NAVIGATION 0 0 0 0 286 0. 570986.7
57.70 44 WP_MOVED 2 358071. 4822161. 0.
57.95 44 COMMANDS 13,720,-1869,-8
57.95 44 NAVIGATION 0 0 0 0 286 0. 570986.7
57.95 44 ATTITUDE 0 0 0
57.95 44 GYRO_RATES -1 -1 1 0.008727 -0.008727 -0.008727
57.95 44 FBW_STATUS 0 0 124
58.02 44 ESTIMATOR 702.429993 -0.001917 243. -0.191698 242.189987
58.02 44 BAT 72 124 0 0 181 181 0
58.13 44 CALIBRATION -2.405 0.037 0.5 0
58.13 44 NAVIGATION 0 0 0 0 286 0. 570986.7
58.21 44 WP_MOVED 0 358113. 4822203. 702.
58.21 44 SERVO -1615 1430 63
58.36 44 DOWNLINK_STATUS 56 15332 1024 0 242. 17.
58.38 44 DESIRED 0.05 -0.15 0. 0. 700.01 -0.726
58.38 44 NAVIGATION 0 0 0 0 286 0. 570986.7
58.38 44 ATTITUDE 0 0 0
58.45 44 ESTIMATOR 702.416504 0.010611 241.650009 1.061096 242.279984
58.53 44 DL_VALUE 4 0.
58.57 44 NAVIGATION 0 0 0 0 286 0. 570986.7
58.65 44 WP_MOVED 1 358824.90625 4822110. 702.
58.90 44 COMMANDS 33,734,-1915,-105
58.90 44 NAVIGATION 0 0 0 0 286 0. 570986.7
58.90 44 ATTITUDE 0 0 0
58.90 44 GYRO_RATES -1 -1 1 0.008727 -0.008727 -0.008727
58.90 44 FBW_STATUS 0 0 124
58.96 44 ESTIMATOR 702.429993 -0.00486 243. -0.48605 242.279984
58.99 44 ACTUATORS 1565,1363,0,1202,1493
59.04 44 NAVIGATION 0 0 0 0 286 0. 570986.7
59.15 44 WP_MOVED 2 358071. 4822161. 0.
59.33 44 DESIRED 0.05 -0.15 0. 0. 700.008 -0.722
59.33 44 NAVIGATION 0 0 0 0 286 0. 570986.7
59.34 44 ATTITUDE 0 0 0
59.34 44 PPRZ_MODE 0 3 0 0 0 1 0
59.36 44 DOWNLINK_STATUS 57 15637 1044 0 305. 20.
59.39 44 ESTIMATOR 702.416504 -0.009666 241.650009 -0.966597 241.919998
59.51 44 DL_VALUE 5 0.
59.51 44 NAVIGATION 0 0 0 0 286 0. 570986.7
59.59 44 WP_MOVED 0 358113. 4822203. 702.
59.59 44 DL_VALUE 9 439.320007
59.83 44 COMMANDS 43,746,-1937,-140
59.87 44 NAVIGATION 0 0 0 0 286 0. 570986.7
59.87 44 ATTITUDE 0 0 0
59.87 44 GYRO_RATES 0 -1 1 -0. -0.008727 -0.008727
59.87 44 FBW_STATUS 0 0 124
59.90 44 ESTIMATOR 702.416504 0.009639 241.650009 0.963907 241.919998
59.90 44 BAT 45 124 0 0 183 183 0
59.99 44 CALIBRATION -2.411 0.037 0.5 0
59.99 44 NAVIGATION 0 0 0 0 286 0. 570986.7
60.08 44 WP_MOVED 1 358824.90625 4822110. 702.
60.08 44 SERVO -1728 1648 48
60.25 44 DESIRED 0.05 -0.15 0. 0. 700.003 -0.725
60.25 44 NAVIGATION 0 0 0 0 286 0. 570986.7
60.25 44 ATTITUDE 0 0 0
60.33 44 ESTIMATOR 702.416504 0.011556 241.650009 1.155577 242.279984
60.36 44 DOWNLINK_STATUS 58 15934 1064 0 297. 20.
60.42 44 DL_VALUE 6 0.
60.44 44 NAVIGATION 0 0 0 0 286 0. 570986.7
60.51 44 WP_MOVED 2 358071. 4822161. 0.
60.77 44 COMMANDS 97,718,-1844,-210
60.77 44 NAVIGATION 0 0 0 0 286 0. 570986.7
60.77 44 ATTITUDE 0 0 0
60.77 44 GYRO_RATES 0 -1 1 -0. -0.008727 -0.008727
60.77 44 FBW_STATUS 0 0 124
60.82 44 ESTIMATOR 702.443481 -0.00675 244.350006 -0.67503 242.72998
60.92 44 NAVIGATION 0 0 0 0 286 0. 570986.7
61.03 44 WP_MOVED 0 358113. 4822203. 702.
61.19 44 DESIRED 0.05 -0.15 0. 0. 700.018 -0.72
61.19 44 NAVIGATION 0 0 0 0 286 0. 570986.7
61.19 44 ATTITUDE 0 0 0
61.37 44 DOWNLINK_STATUS 59 16143 1078 0 209. 14.
61.39 44 ESTIMATOR 702.429993 -0.017334 243. -1.733398 242.369995
61.40 44 DL_VALUE 7 0.
61.40 44 NAVIGATION 0 0 0 0 286 0. 570986.7
61.45 44 WP_MOVED 1 358824.90625 4822110. 702.
61.70 44 COMMANDS 66,749,-1830,-138
61.70 44 NAVIGATION 0 0 0 0 286 0. 570986.7
61.70 44 ATTITUDE 0 0 0
61.70 44 GYRO_RATES 0 -1 1 -0. -0.008727 -0.008727
61.70 44 FBW_STATUS 0 0 124
61.76 44 ESTIMATOR 702.429993 -0.011556 243. -1.155605 242.189987
61.76 44 BAT 58 124 0 0 185 185 0
61.86 44 CALIBRATION -2.412 0.037 0.5 0
61.86 44 NAVIGATION 0 0 0 0 286 0. 570986.7
61.96 44 WP_MOVED 2 358071. 4822161. 0.
61.96 44 SERVO -1728 1648 80
62.13 44 DESIRED 0.05 -0.15 0. 0. 700.02 -0.725
62.13 44 NAVIGATION 0 0 0 0 286 0. 570986.7
62.13 44 ATTITUDE 0 0 0
62.20 44 ESTIMATOR 702.429993 -0.00864 243. -0.863972 242.279984
62.28 44 DL_VALUE 8 0.
62.31 44 NAVIGATION 0 0 0 0 286 0. 570986.7
62.37 44 DOWNLINK_STATUS 60 16458 1099 0 315. 21.
62.38 44 WP_MOVED 0 358113. 4822203. 702.
62.65 44 COMMANDS 59,703,-1866,-143
62.65 44 NAVIGATION 0 0 0 0 286 0. 570986.7
62.65 44 ATTITUDE 0 0 0
62.66 44 GYRO_RATES 0 -1 1 -0. -0.008727 -0.008727
62.70 44 FBW_STATUS 0 0 124
62.70 44 ESTIMATOR 702.429993 0.00675 243. 0.67502 242.189987
62.80 44 NAVIGATION 0 0 0 0 286 0. 570986.7
62.89 44 WP_MOVED 1 358824.90625 4822110. 702.
63.18 44 DESIRED 0.05 -0.15 0. 0. 700.014 -0.722
63.18 44 NAVIGATION 0 0 0 0 286 0. 570986.7
63.18 44 ATTITUDE 0 0 0
63.18 44 ESTIMATOR 702.416504 -0.007695 241.650009 -0.769453 242.36998
63.22 44 DL_VALUE 9 439.320007
63.25 44 NAVIGATION 0 0 0 0 286 0. 570986.7
63.33 44 WP_MOVED 2 358071. 4822161. 0.
63.33 44 NAVIGATION_REF 358071 4822161 31
63.35 44 DL_VALUE 10 480.279999
63.37 44 DOWNLINK_STATUS 61 16722 1117 0 264. 18.
63.57 44 COMMANDS 51,703,-1852,-81
63.57 44 NAVIGATION 0 0 0 0 286 0. 570986.7
63.57 44 ATTITUDE 0 0 0
63.57 44 GYRO_RATES 0 0 1 -0. 0. -0.008727
63.57 44 FBW_STATUS 0 0 124
63.64 44 ESTIMATOR 702.403015 0.011556 240.300003 1.155596 242.099991
63.64 44 BAT 41 124 0 0 186 186 1
63.74 44 ACTUATORS 1561,1369,0,1204,1493
63.79 44 CALIBRATION -2.411 0.037 0.5 0
63.79 44 NAVIGATION 0 0 0 0 286 0. 570986.7
63.83 44 WP_MOVED 0 358113. 4822203. 702.
63.83 44 SERVO -1728 1648 50
64.05 44 DESIRED 0.05 -0.15 0. 0. 700.013 -0.726
64.05 44 NAVIGATION 0 0 0 0 286 0. 570986.7
64.05 44 ATTITUDE 0 0 0
64.05 44 PPRZ_MODE 0 3 0 0 0 17 0
64.06 44 ESTIMATOR 702.416504 0.000972 241.650009 0.097218 242.009995
64.14 44 DL_VALUE 10 480.279999
64.25 44 NAVIGATION 0 0 0 0 286 0. 570986.7
64.29 44 WP_MOVED 1 358824.90625 4822110. 702.
64.37 44 DOWNLINK_STATUS 62 17012 1137 0 290. 20.
64.52 44 COMMANDS 54,669,-1880,-71
64.52 44 NAVIGATION 0 0 0 0 286 0. 570986.7
64.52 44 ATTITUDE 0 0 0
64.53 44 GYRO_RATES 0 0 1 -0. 0. -0.008727
64.53 44 FBW_STATUS 0 0 124
64.57 44 ESTIMATOR 702.416504 -0.007722 241.650009 -0.772247 241.650009
64.68 44 NAVIGATION 0 0 0 0 286 0. 570986.7
64.77 44 WP_MOVED 2 358071. 4822161. 0.
64.94 44 DESIRED 0.05 -0.15 0. 0. 700.011 -0.715
64.94 44 NAVIGATION 0 0 0 0 286 0. 570986.7
64.94 44 ATTITUDE 0 0 0
65.01 44 ESTIMATOR 702.429993 -0.003834 243. -0.383396 241.830002
65.10 44 DL_VALUE 11 453.972992
65.14 44 NAVIGATION 0 0 0 0 286 0. 570986.7
65.21 44 WP_MOVED 0 358113. 4822203. 702.
65.39 44 DOWNLINK_STATUS 63 17243 1152 0 231. 15.
65.46 44 COMMANDS 45,689,-1863,-65
65.47 44 NAVIGATION 0 0 0 0 286 0. 570986.7
65.47 44 ATTITUDE 0 0 0
65.47 44 GYRO_RATES 0 0 1 -0. 0. -0.008727
65.47 44 FBW_STATUS 0 0 124
65.52 44 ESTIMATOR 702.429993 0.004806 243. 0.480595 242.549988
65.52 44 BAT 54 124 0 0 188 188 1
65.61 44 CALIBRATION -2.405 0.037 0.5 0
65.61 44 NAVIGATION 0 0 0 0 286 0. 570986.7
65.73 44 WP_MOVED 1 358824.90625 4822110. 702.
65.73 44 SERVO -1842 1648 74
65.88 44 DESIRED 0.05 -0.15 0. 0. 700.015 -0.726
65.88 44 NAVIGATION 0 0 0 0 286 0. 570986.7
65.88 44 ATTITUDE 0 0 0
65.95 44 ESTIMATOR 702.403015 0.009666 240.300003 0.966616 242.549988
66.03 44 DL_VALUE 12 1.35
66.06 44 NAVIGATION 0 0 0 0 286 0. 570986.7
66.13 44 WP_MOVED 2 358071. 4822161. 0.
66.39 44 COMMANDS 57,624,-1953,-75
66.43 44 NAVIGATION 0 0 0 0 286 0. 570986.7
66.43 44 ATTITUDE 0 0 0
66.43 44 GYRO_RATES 0 0 1 -0. 0. -0.008727
66.43 44 DOWNLINK_STATUS 64 17568 1174 0 325. 22.
66.43 44 FBW_STATUS 0 0 124
66.47 44 ESTIMATOR 702.429993 -0.010611 243. -1.061087 242.279984
66.54 44 NAVIGATION 0 0 0 0 286 0. 570986.7
66.64 44 WP_MOVED 0 358113. 4822203. 702.
66.81 44 DESIRED 0.05 -0.15 0. 0. 700. -0.724
66.86 44 NAVIGATION 0 0 0 0 286 0. 570986.7
66.86 44 ATTITUDE 0 0 0
66.89 44 ESTIMATOR 702.416504 -0.00189 241.650009 -0.188961 242.279984
66.97 44 DL_VALUE 13 0.
67.02 44 NAVIGATION 0 0 0 0 286 0. 570986.7
67.09 44 WP_MOVED 1 358824.90625 4822110. 702.
67.33 44 COMMANDS 46,703,-1904,-123
67.33 44 NAVIGATION 0 0 0 0 286 0. 570986.7
67.33 44 ATTITUDE 0 0 0
67.33 44 GYRO_RATES 0 0 1 -0. 0. -0.008727
67.34 44 FBW_STATUS 0 0 124
67.38 44 DOWNLINK_STATUS 65 17804 1190 0 236. 16.
67.39 44 ESTIMATOR 702.416504 0.010611 241.650009 1.061077 242.099991
67.39 44 BAT 54 124 0 0 190 190 1
67.48 44 CALIBRATION -2.407 0.037 0.5 0
67.48 44 NAVIGATION 0 0 0 0 286 0. 570986.7
67.59 44 WP_MOVED 2 358071. 4822161. 0.
67.59 44 SERVO -1842 1648 58
67.75 44 DESIRED 0.05 -0.15 0. 0. 700.012 -0.728
67.75 44 NAVIGATION 0 0 0 0 286 0. 570986.7
67.75 44 ATTITUDE 0 0 0
67.82 44 ESTIMATOR 702.429993 -0.010584 243. -1.058426 242.36998
67.84 44 DL_VALUE 11 454.972992
67.91 44 DL_VALUE 14 0.
67.94 44 NAVIGATION 0 0 0 0 286 0. 570986.7
68.01 44 WP_MOVED 0 358113. 4822203. 702.
68.27 44 COMMANDS 51,721,-1843,-93
68.27 44 NAVIGATION 0 0 0 0 286 0. 570986.7
68.27 44 ATTITUDE 0 0 0
68.27 44 GYRO_RATES 0 0 0 -0. 0. -0.
68.27 44 FBW_STATUS 0 0 124
68.32 44 ESTIMATOR 702.429993 0.00675 243. 0.67502 242.819962
68.35 44 ACTUATORS 1560,1362,0,1203,1494
68.38 44 DOWNLINK_STATUS 66 18114 1211 0 310. 21.
68.42 44 NAVIGATION 0 0 0 0 286 0. 570986.7
68.52 44 WP_MOVED 1 358824.90625 4822110. 702.
68.71 44 DESIRED 0.05 -0.15 0. 0. 700.014 -0.721
68.71 44 NAVIGATION 0 0 0 0 286 0. 570986.7
68.71 44 ATTITUDE 0 0 0
68.72 44 PPRZ_MODE 0 3 0 0 0 17 0
68.77 44 ESTIMATOR 702.416504 0. 241.650009 1.9e-05 242.729965
68.88 44 DL_VALUE 15 0.75
68.88 44 NAVIGATION 0 0 0 0 286 0. 570986.7
68.97 44 WP_MOVED 2 358071. 4822161. 0.
69.20 44 COMMANDS 90,840,-1705,-143
69.20 44 NAVIGATION 0 0 0 0 286 0. 570986.7
69.20 44 ATTITUDE 0 0 0
69.21 44 GYRO_RATES 0 0 0 -0. 0. -0.
69.21 44 FBW_STATUS 0 0 124
69.26 44 ESTIMATOR 702.416504 -0.000999 241.650009 -0.099907 242.459976
69.26 44 BAT 72 124 0 0 192 192 1
69.36 44 CALIBRATION -2.411 0.037 0.5 0
69.36 44 NAVIGATION 0 0 0 0 286 0. 570986.7
69.39 44 DOWNLINK_STATUS 67 18401 1230 0 287. 19.
69.46 44 WP_MOVED 0 358113. 4822203. 702.
69.46 44 SERVO -1842 1648 76
69.63 44 DESIRED 0.05 -0.15 0. 0. 700.027 -0.726
69.63 44 NAVIGATION 0 0 0 0 286 0. 570986.7
69.63 44 ATTITUDE 0 0 0
69.69 44 ESTIMATOR 702.429993 -0.018333 243. -1.833267 242.190002
69.78 44 DL_VALUE 16 25000.
69.82 44 NAVIGATION 0 0 0 0 286 0. 570986.7
69.90 44 WP_MOVED 1 358824.90625 4822110. 702.
70.15 44 COMMANDS 74,703,-1846,-138
70.15 44 NAVIGATION 0 0 0 0 286 0. 570986.7
70.15 44 ATTITUDE 0 0 0
70.15 44 GYRO_RATES 0 0 0 -0. 0. -0.
70.16 44 FBW_STATUS 0 0 124
70.19 44 ESTIMATOR 702.403015 0.032832 240.300003 3.283205 242.189987
70.29 44 NAVIGATION 0 0 0 0 286 0. 570986.7
70.39 44 WP_MOVED 2 358071. 4822161. 0.
70.41 44 DOWNLINK_STATUS 68 18655 1247 0 254. 17.
70.58 44 DESIRED 0.05 -0.15 0. 0. 700.014 -0.721
70.58 44 NAVIGATION 0 0 0 0 286 0. 570986.7
70.58 44 ATTITUDE 0 0 0
70.63 44 ESTIMATOR 702.429993 0.014445 243. 1.444521 242.819962
70.73 44 DL_VALUE 17 25000.
70.75 44 NAVIGATION 0 0 0 0 286 0. 570986.7
70.82 44 WP_MOVED 0 358113. 4822203. 702.
71.08 44 COMMANDS 72,675,-1882,-110
71.08 44 NAVIGATION 0 0 0 0 286 0. 570986.7
71.08 44 ATTITUDE 0 0 0
71.09 44 GYRO_RATES 0 0 0 -0. 0. -0.
71.09 44 FBW_STATUS 0 0 124
71.15 44 ESTIMATOR 702.416504 -0.027 241.650009 -2.699966 242.549973
71.15 44 BAT 46 124 0 0 194 194 1
71.24 44 CALIBRATION -2.414 0.037 0.5 0
71.24 44 NAVIGATION 0 0 0 0 286 0. 570986.7
71.34 44 WP_MOVED 1 358824.90625 4822110. 702.
71.34 44 SERVO -1842 1648 44
71.40 44 DOWNLINK_STATUS 69 18923 1265 0 268. 18.
71.51 44 DESIRED 0.05 -0.15 0. 0. 700.022 -0.721
71.51 44 NAVIGATION 0 0 0 0 286 0. 570986.7
71.51 44 ATTITUDE 0 0 0
71.57 44 ESTIMATOR 702.416504 0.001944 241.650009 0.194387 241.830002
71.65 44 DL_VALUE 18 0.75
71.68 44 NAVIGATION 0 0 0 0 286 0. 570986.7
71.76 44 WP_MOVED 2 358071. 4822161. 0.
71.81 44 NAVIGATION_REF 358071 4822161 31
72.02 44 COMMANDS 67,629,-1907,-242
72.02 44 NAVIGATION 0 0 0 0 286 0. 570986.7
72.02 44 ATTITUDE 0 0 0
72.02 44 GYRO_RATES 0 0 0 -0. 0. -0.
72.02 44 FBW_STATUS 0 0 124
72.08 44 ESTIMATOR 702.429993 -2.7e-05 243. -0.002728 242.009995
72.20 44 NAVIGATION 0 0 0 0 286 0. 570986.7
72.26 44 WP_MOVED 0 358113. 4822203. 702.
72.41 44 DOWNLINK_STATUS 70 19165 1281 0 242. 16.
72.44 44 DESIRED 0.05 -0.15 0. 0. 700.019 -0.724
72.44 44 NAVIGATION 0 0 0 0 286 0. 570986.7
72.44 44 ATTITUDE 0 0 0
72.50 44 ESTIMATOR 702.416504 0.009639 241.650009 0.963907 242.279984
72.59 44 DL_VALUE 19 13000.
72.75 44 NAVIGATION 0 0 0 0 286 0. 570986.7
72.75 44 WP_MOVED 1 358824.90625 4822110. 702.
72.95 44 COMMANDS 86,678,-1811,-123
72.95 44 NAVIGATION 0 0 0 0 286 0. 570986.7
72.95 44 ATTITUDE 0 0 0
72.96 44 GYRO_RATES 0 0 0 -0. 0. -0.
72.96 44 FBW_STATUS 0 0 124
73.01 44 ESTIMATOR 702.416504 0.008694 241.650009 0.869417 242.279999
73.01 44 BAT 64 124 0 0 196 196 1
73.12 44 ACTUATORS 1558,1365,0,1205,1492
73.12 44 CALIBRATION -2.407 0.037 0.5 0
73.12 44 NAVIGATION 0 0 0 0 286 0. 570986.7
73.21 44 WP_MOVED 2 358071. 4822161. 0.
73.21 44 SERVO -1728 1648 48
73.39 44 DESIRED 0.05 -0.15 0. 0. 700.015 -0.725
73.43 44 NAVIGATION 0 0 0 0 286 0. 570986.7
73.43 44 ATTITUDE 0 0 0
73.43 44 PPRZ_MODE 0 3 0 0 0 17 0
73.43 44 DOWNLINK_STATUS 71 19507 1304 0 342. 23.
73.46 44 ESTIMATOR 702.416504 0.018333 241.650009 1.833334 242.639969
73.57 44 DL_VALUE 20 13000.
73.57 44 NAVIGATION 0 0 0 0 286 0. 570986.7
73.65 44 WP_MOVED 0 358113. 4822203. 702.
73.89 44 COMMANDS 51,578,-2008,-115
73.89 44 NAVIGATION 0 0 0 0 286 0. 570986.7
73.90 44 ATTITUDE 0 0 0
73.90 44 GYRO_RATES 0 0 0 -0. 0. -0.
73.90 44 FBW_STATUS 0 0 124
73.96 44 ESTIMATOR 702.429993 -0.031806 243. -3.180618 242.189987
74.04 44 NAVIGATION 0 0 0 0 286 0. 570986.7
74.15 44 WP_MOVED 1 358824.90625 4822110. 702.
74.33 44 DESIRED 0.05 -0.15 0. 0. 700.013 -0.728
74.33 44 NAVIGATION 0 0 0 0 286 0. 570986.7
74.33 44 ATTITUDE 0 0 0
74.37 44 ESTIMATOR 702.429993 0.005805 243. 0.580492 242.099991
74.43 44 DOWNLINK_STATUS 72 19760 1320 0 253. 16.
74.47 44 DL_VALUE 21 0.75
74.51 44 NAVIGATION 0 0 0 0 286 0. 570986.7
74.59 44 WP_MOVED 2 358071. 4822161. 0.
74.83 44 COMMANDS 59,675,-1902,-142
74.83 44 NAVIGATION 0 0 0 0 286 0. 570986.7
74.83 44 ATTITUDE 0 0 0
74.83 44 GYRO_RATES 0 0 0 -0. 0. -0.
74.83 44 FBW_STATUS 0 0 124
74.89 44 ESTIMATOR 702.416504 0.011611 241.650009 1.161051 242.639984
74.89 44 BAT 52 124 0 0 198 198 1
74.99 44 CALIBRATION -2.411 0.037 0.5 0
74.99 44 NAVIGATION 0 0 0 0 286 0. 570986.7
75.09 44 WP_MOVED 0 358113. 4822203. 702.
75.09 44 SERVO -1842 1648 70
75.27 44 DESIRED 0.05 -0.15 0. 0. 700.013 -0.725
75.27 44 NAVIGATION 0 0 0 0 286 0. 570986.7
75.27 44 ATTITUDE 0 0 0
75.33 44 ESTIMATOR 702.429993 -0.021222 243. -2.122173 242.369995
75.42 44 DL_VALUE 22 18000.
75.43 44 DOWNLINK_STATUS 73 20035 1339 0 275. 19.
75.44 44 NAVIGATION 0 0 0 0 286 0. 570986.7
75.52 44 WP_MOVED 1 358824.90625 4822110. 702.
75.78 44 COMMANDS 59,661,-1888,-106
75.78 44 NAVIGATION 0 0 0 0 286 0. 570986.7
75.78 44 ATTITUDE 0 0 0
75.78 44 GYRO_RATES 0 0 0 -0. 0. -0.
75.80 44 FBW_STATUS 0 0 124
75.84 44 ESTIMATOR 702.429993 -0.001944 243. -0.194378 242.459991
75.92 44 NAVIGATION 0 0 0 0 286 0. 570986.7
76.01 44 WP_MOVED 2 358071. 4822161. 0.
76.19 44 DESIRED 0.05 -0.15 0. 0. 700.013 -0.727
76.19 44 NAVIGATION 0 0 0 0 286 0. 570986.7
76.19 44 ATTITUDE 0 0 0
76.29 44 ESTIMATOR 702.429993 0.000972 243. 0.097198 242.36998
76.34 44 DL_VALUE 23 18000.
76.37 44 NAVIGATION 0 0 0 0 286 0. 570986.7
76.44 44 DOWNLINK_STATUS 74 20284 1355 0 249. 16.
76.45 44 WP_MOVED 0 358113. 4822203. 702.
76.70 44 COMMANDS 71,622,-1942,-73
76.70 44 NAVIGATION 0 0 0 0 286 0. 570986.7
76.70 44 ATTITUDE 0 0 0
76.70 44 GYRO_RATES 0 0 0 -0. 0. -0.
76.70 44 FBW_STATUS 0 0 124
76.77 44 ESTIMATOR 702.403015 0.019278 240.300003 1.927805 242.459976
76.77 44 BAT 0 124 0 0 200 200 1
76.86 44 CALIBRATION -2.416 0.037 0.5 0
76.86 44 NAVIGATION 0 0 0 0 286 0. 570986.7
76.96 44 WP_MOVED 1 358824.90625 4822110. 702.
76.96 44 SERVO -1842 1648 19
77.12 44 DESIRED 0.05 -0.15 0. 0. 700.016 -0.726
77.13 44 NAVIGATION 0 0 0 0 286 0. 570986.7
77.13 44 ATTITUDE 0 0 0
77.20 44 ESTIMATOR 702.429993 -0.001971 243. -0.197077 242.639969
77.30 44 DL_VALUE 24 0.3
77.32 44 NAVIGATION 0 0 0 0 286 0. 570986.7
77.39 44 WP_MOVED 2 358071. 4822161. 0.
77.44 44 DOWNLINK_STATUS 75 20567 1374 0 283. 19.
77.64 44 COMMANDS 26,731,-1937,-1
77.64 44 NAVIGATION 0 0 0 0 286 0. 570986.7
77.64 44 ATTITUDE 0 0 0
77.64 44 GYRO_RATES 0 0 0 -0. 0. -0.
77.65 44 FBW_STATUS 0 0 124
77.70 44 ESTIMATOR 702.429993 -0.011556 243. -1.155567 242.549973
77.73 44 ACTUATORS 1563,1369,0,1204,1495
77.80 44 NAVIGATION 0 0 0 0 286 0. 570986.7
77.89 44 WP_MOVED 0 358113. 4822203. 702.
78.08 44 DESIRED 0.05 -0.15 0. 0. 700.015 -0.726
78.09 44 NAVIGATION 0 0 0 0 286 0. 570986.7
78.09 44 ATTITUDE 0 0 0
78.09 44 PPRZ_MODE 0 3 0 0 0 17 0
78.14 44 ESTIMATOR 702.416504 0.000945 241.650009 0.094471 242.099991
78.26 44 DL_VALUE 25 -0.017473
78.26 44 NAVIGATION 0 0 0 0 286 0. 570986.7
78.33 44 WP_MOVED 1 358824.90625 4822110. 702.
78.45 44 DOWNLINK_STATUS 76 20820 1391 0 253. 17.
78.58 44 COMMANDS 67,664,-1895,-80
78.58 44 NAVIGATION 0 0 0 0 286 0. 570986.7
78.58 44 ATTITUDE 0 0 0
78.58 44 GYRO_RATES 0 0 0 -0. 0. -0.
78.58 44 FBW_STATUS 0 0 124
78.65 44 ESTIMATOR 702.443481 0.004806 244.350006 0.480585 242.639984
78.65 44 BAT 62 124 0 0 202 202 1
78.74 44 CALIBRATION -2.416 0.037 0.5 0
78.74 44 NAVIGATION 0 0 0 0 286 0. 570986.7
78.84 44 WP_MOVED 2 358071. 4822161. 0.
78.88 44 SERVO -1842 1648 68
79.00 44 DESIRED 0.05 -0.15 0. 0. 700.012 -0.722
79.00 44 NAVIGATION 0 0 0 0 286 0. 570986.7
79.00 44 ATTITUDE 0 0 0
79.08 44 ESTIMATOR 702.429993 -0.014445 243. -1.444473 242.639969
79.15 44 DL_VALUE 26 0.005
79.18 44 NAVIGATION 0 0 0 0 286 0. 570986.7
79.26 44 WP_MOVED 0 358113. 4822203. 702.
79.45 44 DOWNLINK_STATUS 77 21088 1409 0 268. 18.
79.51 44 COMMANDS 58,653,-1901,-85
79.51 44 NAVIGATION 0 0 0 0 286 0. 570986.7
79.51 44 ATTITUDE 0 0 0
79.51 44 GYRO_RATES 0 0 0 -0. 0. -0.
79.51 44 FBW_STATUS 0 0 124
79.58 44 ESTIMATOR 702.429993 -0.009612 243. -0.961151 242.279999
79.66 44 NAVIGATION 0 0 0 0 286 0. 570986.7
79.77 44 WP_MOVED 1 358824.90625 4822110. 702.
79.94 44 DESIRED 0.05 -0.15 0. 0. 700.007 -0.726
79.94 44 NAVIGATION 0 0 0 0 286 0. 570986.7
79.94 44 ATTITUDE 0 0 0
80.00 44 ESTIMATOR 702.416504 0.00675 241.650009 0.674992 242.639984
80.09 44 DL_VALUE 27 0.037
80.12 44 NAVIGATION 0 0 0 0 286 0. 570986.7
80.20 44 WP_MOVED 2 358071. 4822161. 0.
80.21 44 NAVIGATION_REF 358071 4822161 31
80.45 44 COMMANDS 123,684,-1734,-81
80.45 44 NAVIGATION 0 0 0 0 286 0. 570986.7
80.45 44 ATTITUDE 0 0 0
80.45 44 GYRO_RATES 0 0 0 -0. 0. -0.
80.45 44 DOWNLINK_STATUS 79 21387 1429 0 299. 20.
80.46 44 FBW_STATUS 0 0 124
80.53 44 ESTIMATOR 702.403015 0.00189 240.300003 0.18898 242.189987
80.53 44 BAT 58 124 0 0 204 204 1
80.61 44 CALIBRATION -2.413 0.037 0.5 0
80.61 44 NAVIGATION 0 0 0 0 286 0. 570986.7
80.70 44 WP_MOVED 0 358113. 4822203. 702.
80.71 44 SERVO -1842 1648 85
80.88 44 DESIRED 0.05 -0.15 0. 0. 700.01 -0.726
80.88 44 NAVIGATION 0 0 0 0 286 0. 570986.7
80.88 44 ATTITUDE 0 0 0
80.95 44 ESTIMATOR 702.429993 0.005751 243. 0.575094 242.459976
81.04 44 DL_VALUE 28 0.
81.08 44 NAVIGATION 0 0 0 0 286 0. 570986.7
81.13 44 WP_MOVED 1 358824.90625 4822110. 702.
81.40 44 COMMANDS 67,669,-1902,-133
81.40 44 NAVIGATION 0 0 0 0 286 0. 570986.7
81.40 44 ATTITUDE 0 0 0
81.40 44 GYRO_RATES 0 0 0 -0. 0. -0.
81.40 44 FBW_STATUS 0 0 124
81.45 44 ESTIMATOR 702.429993 -0.013473 243. -1.347265 242.36998
81.46 44 DOWNLINK_STATUS 80 21682 1449 0 295. 20.
81.54 44 NAVIGATION 0 0 0 0 286 0. 570986.7
81.64 44 WP_MOVED 2 358071. 4822161. 0.
81.81 44 DESIRED 0.05 -0.15 0. 0. 700.016 -0.718
81.81 44 NAVIGATION 0 0 0 0 286 0. 570986.7
81.81 44 ATTITUDE 0 0 0
81.89 44 ESTIMATOR 702.416504 0.00864 241.650009 0.863962 242.189987
81.97 44 DL_VALUE 29 0.045
81.99 44 NAVIGATION 0 0 0 0 286 0. 570986.7
82.07 44 WP_MOVED 0 358113. 4822203. 702.
82.33 44 COMMANDS 67,695,-1895,-228
82.33 44 NAVIGATION 0 0 0 0 286 0. 570986.7
82.33 44 ATTITUDE 0 0 0
82.33 44 GYRO_RATES 0 0 0 -0. 0. -0.
82.33 44 FBW_STATUS 0 0 124
82.46 44 DOWNLINK_STATUS 81 21891 1463 0 209. 14.
82.51 44 ESTIMATOR 702.416504 -0.004833 241.650009 -0.483284 242.099991
82.51 44 BAT 107 124 0 0 206 206 1
82.61 44 ACTUATORS 1565,1367,0,1205,1494
82.62 44 CALIBRATION -2.41 0.037 0.5 0
82.62 44 NAVIGATION 0 0 0 0 286 0. 570986.7
82.62 44 WP_MOVED 1 358824.90625 4822110. 702.
82.62 44 SERVO -1728 1648 51
82.77 44 DESIRED 0.05 -0.15 0. 0. 700.017 -0.722
82.77 44 NAVIGATION 0 0 0 0 286 0. 570986.7
82.77 44 ATTITUDE 0 0 0
82.77 44 PPRZ_MODE 0 3 0 0 0 17 0
82.83 44 ESTIMATOR 702.429993 0.008667 243. 0.866661 242.189987
82.93 44 DL_VALUE 30 1.
82.94 44 NAVIGATION 0 0 0 0 286 0. 570986.7
83.02 44 WP_MOVED 2 358071. 4822161. 0.
83.26 44 COMMANDS 65,641,-1877,-143
83.26 44 NAVIGATION 0 0 0 0 286 0. 570986.7
83.26 44 ATTITUDE 0 0 0
83.26 44 GYRO_RATES 0 0 0 -0. 0. -0.
83.27 44 FBW_STATUS 0 0 124
83.35 44 ESTIMATOR 702.416504 -0.007722 241.650009 -0.772209 242.279984
83.41 44 NAVIGATION 0 0 0 0 286 0. 570986.7
83.48 44 DOWNLINK_STATUS 82 22221 1485 0 330. 22.
83.51 44 WP_MOVED 0 358113. 4822203. 702.
83.69 44 DESIRED 0.05 -0.15 0. 0. 700.015 -0.721
83.69 44 NAVIGATION 0 0 0 0 286 0. 570986.7
83.69 44 ATTITUDE 0 0 0
83.76 44 ESTIMATOR 702.429993 0.018279 243. 1.82785 242.459991
83.84 44 DL_VALUE 31 0.
83.88 44 NAVIGATION 0 0 0 0 286 0. 570986.7
83.95 44 WP_MOVED 1 358824.90625 4822110. 702.
84.20 44 COMMANDS 61,745,-1885,-160
84.20 44 NAVIGATION 0 0 0 0 286 0. 570986.7
84.20 44 ATTITUDE 0 0 0
84.20 44 GYRO_RATES 0 0 0 -0. 0. -0.
84.20 44 FBW_STATUS 0 0 124
84.26 44 ESTIMATOR 702.443481 -0.012528 244.350006 -1.252775 242.549988
84.26 44 BAT 0 124 0 0 208 208 1
84.37 44 CALIBRATION -2.409 0.037 0.5 0
84.40 44 NAVIGATION 0 0 0 0 286 0. 570986.7
84.46 44 WP_MOVED 2 358071. 4822161. 0.
84.46 44 SERVO -1728 1648 17
84.48 44 DOWNLINK_STATUS 83 22504 1504 0 283. 19.
84.62 44 DESIRED 0.05 -0.15 0. 0. 700.01 -0.723
84.62 44 NAVIGATION 0 0 0 0 286 0. 570986.7
84.63 44 ATTITUDE 0 0 0
84.69 44 ESTIMATOR 702.429993 -0.016389 243. -1.638851 242.189987
84.78 44 DL_VALUE 32 0.
84.81 44 NAVIGATION 0 0 0 0 286 0. 570986.7
84.89 44 WP_MOVED 0 358113. 4822203. 702.
85.24 44 COMMANDS 14,712,-1915,-68
85.24 44 NAVIGATION 0 0 0 0 286 0. 570986.7
85.24 44 ATTITUDE 0 0 0
85.24 44 GYRO_RATES 0 0 0 -0. 0. -0.
85.31 44 FBW_STATUS 0 0 124
85.31 44 ESTIMATOR 702.429993 0.002889 243. 0.288906 242.549988
85.34 44 NAVIGATION 0 0 0 0 286 0. 570986.7
85.40 44 WP_MOVED 1 358824.90625 4822110. 702.
85.51 44 DOWNLINK_STATUS 84 22735 1519 0 231. 15.
86.50 44 DOWNLINK_STATUS 85 22735 1519 0 0. 0.
87.50 44 DOWNLINK_STATUS 86 22735 1519 0 0. 0.
87.85 44 ESTIMATOR 702.443481 -0.015417 244.350006 -1.54171 242.279999
88.26 44 DL_VALUE 35 0.
88.26 44 NAVIGATION 0 0 0 0 286 0. 570986.7
88.26 44 WP_MOVED 0 358113. 4822203. 702.
88.27 44 COMMANDS 36,661,-1914,-101
88.27 44 NAVIGATION 0 0 0 0 286 0. 570986.7
88.27 44 ATTITUDE 0 0 0
88.27 44 GYRO_RATES 0 0 0 -0. 0. -0.
88.50 44 DOWNLINK_STATUS 87 22854 1527 0 119. 8.
88.63 44 DL_VALUE 36 0.
88.67 44 NAVIGATION 0 0 0 0 286 0. 570986.7
88.67 44 WP_MOVED 2 358071. 4822161. 0.
88.67 44 NAVIGATION_REF 358071 4822161 31
88.86 44 COMMANDS 59,766,-1809,-145
88.86 44 NAVIGATION 0 0 0 0 286 0. 570986.7
88.86 44 ATTITUDE 0 0 0
88.86 44 GYRO_RATES 0 0 0 -0. 0. -0.
89.04 44 FBW_STATUS 0 0 124
89.04 44 ESTIMATOR 702.416504 0.00675 241.650009 0.674992 242.72998
89.06 44 NAVIGATION 0 0 0 0 286 0. 570986.7
89.12 44 WP_MOVED 0 358113. 4822203. 702.
89.22 44 DESIRED 0.05 -0.15 0. 0. 700.019 -0.72
89.44 44 NAVIGATION 0 0 0 0 286 0. 570986.7
89.44 44 ATTITUDE 0 0 0
89.46 44 ESTIMATOR 702.416504 0.007695 241.650009 0.769463 242.459991
89.46 44 DL_VALUE 37 0.
89.52 44 DOWNLINK_STATUS 88 23103 1544 0 249. 17.
89.54 44 NAVIGATION 0 0 0 0 286 0. 570986.7
89.58 44 WP_MOVED 1 358824.90625 4822110. 702.
89.89 44 ESTIMATOR 702.429993 -0.027972 243. -2.797213 242.36998
89.89 44 BAT 56 124 0 0 214 214 1
89.97 44 CALIBRATION -2.412 0.037 0.5 0
89.97 44 NAVIGATION 0 0 0 0 286 0. 570986.7
90.07 44 WP_MOVED 2 358071. 4822161. 0.
90.07 44 SERVO -1842 1648 66
90.16 44 DESIRED 0.05 -0.15 0. 0. 700.01 -0.72
90.29 44 NAVIGATION 0 0 0 0 286 0. 570986.7
90.29 44 ATTITUDE 0 0 0
90.37 44 ESTIMATOR 702.429993 0.005778 243. 0.577784 242.279984
90.43 44 DL_VALUE 38 0.045
90.46 44 NAVIGATION 0 0 0 0 286 0. 570986.7
90.49 44 WP_MOVED 0 358113. 4822203. 702.
90.51 44 DOWNLINK_STATUS 89 23342 1559 0 239. 15.
90.93 44 NAVIGATION 0 0 0 0 286 0. 570986.7
91.00 44 WP_MOVED 1 358824.90625 4822110. 702.
91.11 44 DESIRED 0.05 -0.15 0. 0. 700.012 -0.721
91.21 44 NAVIGATION 0 0 0 0 286 0. 570986.7
91.21 44 ATTITUDE 0 0 0
91.35 44 ESTIMATOR 702.416504 0.019278 241.650009 1.927805 242.459976
91.35 44 DL_VALUE 39 0.045
91.42 44 NAVIGATION 0 0 0 0 286 0. 570986.7
91.43 44 WP_MOVED 2 358071. 4822161. 0.
91.52 44 DOWNLINK_STATUS 90 23489 1568 0 147. 9.
91.76 44 COMMANDS 54,684,-1865,-98
91.76 44 NAVIGATION 0 0 0 0 286 0. 570986.7
91.76 44 ATTITUDE 0 0 0
91.76 44 GYRO_RATES 0 0 0 -0. 0. -0.
91.83 44 FBW_STATUS 0 0 124
91.83 44 ESTIMATOR 702.416504 -0.010611 241.650009 -1.061077 242.189987
91.83 44 BAT 69 124 0 0 216 216 1
91.83 44 ACTUATORS 1558,1367,0,1204,1497
91.83 44 CALIBRATION -2.409 0.037 0.5 0
91.88 44 NAVIGATION 0 0 0 0 286 0. 570986.7
91.92 44 WP_MOVED 0 358113. 4822203. 702.
91.92 44 SERVO -1842 1648 107
92.01 44 DESIRED 0.05 -0.15 0. 0. 700.011 -0.717
92.14 44 NAVIGATION 0 0 0 0 286 0. 570986.7
92.14 44 ATTITUDE 0 0 0
92.14 44 PPRZ_MODE 0 3 0 0 0 1 0
92.22 44 ESTIMATOR 702.429993 -0.002916 243. -0.291605 241.919998
92.32 44 DL_VALUE 40 0.1
92.32 44 NAVIGATION 0 0 0 0 286 0. 570986.7
92.41 44 WP_MOVED 1 358824.90625 4822110. 702.
92.52 44 DOWNLINK_STATUS 91 23779 1588 0 290. 20.
92.64 44 COMMANDS 100,759,-1879,-220
92.64 44 NAVIGATION 0 0 0 0 286 0. 570986.7
92.64 44 ATTITUDE 0 0 0
92.64 44 GYRO_RATES 0 0 0 -0. 0. -0.
92.64 44 FBW_STATUS 0 0 124
92.69 44 ESTIMATOR 702.429993 -0.00189 243. -0.18898 242.099991
92.80 44 NAVIGATION 0 0 0 0 286 0. 570986.7
92.90 44 WP_MOVED 2 358071. 4822161. 0.
93.06 44 DESIRED 0.05 -0.15 0. 0. 700.016 -0.721
93.06 44 NAVIGATION 0 0 0 0 286 0. 570986.7
93.07 44 ATTITUDE 0 0 0
93.14 44 ESTIMATOR 702.429993 -0.008667 243. -0.866661 242.369995
93.22 44 DL_VALUE 41 0.
93.26 44 NAVIGATION 0 0 0 0 286 0. 570986.7
93.32 44 WP_MOVED 0 358113. 4822203. 702.
93.53 44 DOWNLINK_STATUS 92 24010 1603 0 231. 15.
93.59 44 COMMANDS 109,712,-1789,-133
93.59 44 NAVIGATION 0 0 0 0 286 0. 570986.7
93.59 44 ATTITUDE 0 0 0
93.59 44 GYRO_RATES 0 0 0 -0. 0. -0.
93.59 44 FBW_STATUS 0 0 124
93.64 44 ESTIMATOR 702.429993 -0.002862 243. -0.286188 242.369995
93.64 44 BAT 50 124 0 0 218 218 1
93.74 44 CALIBRATION -2.406 0.037 0.5 0
93.74 44 NAVIGATION 0 0 0 0 286 0. 570986.7
93.84 44 WP_MOVED 1 358824.90625 4822110. 702.
93.84 44 SERVO -1728 1648 83
94.00 44 DESIRED 0.05 -0.15 0. 0. 700.021 -0.734
94.04 44 NAVIGATION 0 0 0 0 286 0. 570986.7
94.04 44 ATTITUDE 0 0 0
94.07 44 ESTIMATOR 702.416504 -0.001917 241.650009 -0.191679 242.639984
94.16 44 DL_VALUE 42 0.5
94.18 44 NAVIGATION 0 0 0 0 286 0. 570986.7
94.26 44 WP_MOVED 2 358071. 4822161. 0.
94.53 44 DOWNLINK_STATUS 93 24278 1621 0 268. 18.
94.70 44 NAVIGATION 0 0 0 0 286 0. 570986.7
94.76 44 WP_MOVED 0 358113. 4822203. 702.
94.87 44 DESIRED 0.05 -0.15 0. 0. 700.012 -0.719
94.96 44 NAVIGATION 0 0 0 0 286 0. 570986.7
94.96 44 ATTITUDE 0 0 0
95.16 44 NAVIGATION 0 0 0 0 286 0. 570986.7
95.22 44 WP_MOVED 1 358824.90625 4822110. 702.
95.44 44 COMMANDS 73,689,-1876,-123
95.44 44 NAVIGATION 0 0 0 0 286 0. 570986.7
95.44 44 ATTITUDE 0 0 0
95.44 44 GYRO_RATES 0 -1 0 -0. -0.008727 -0.
95.45 44 FBW_STATUS 0 0 124
95.53 44 DOWNLINK_STATUS 94 24458 1633 0 180. 12.
95.98 44 DESIRED 0.05 -0.15 0. 0. 700.01 -0.726
96.02 44 NAVIGATION 0 0 0 0 286 0. 570986.7
96.02 44 ATTITUDE 0 0 0
96.02 44 ESTIMATOR 702.429993 -0.014472 243. -1.447182 242.099991
96.08 44 DL_VALUE 44 0.
96.08 44 NAVIGATION 0 0 0 0 286 0. 570986.7
96.40 44 NAVIGATION 0 0 0 0 286 0. 570986.7
96.40 44 ATTITUDE 0 0 0
96.40 44 GYRO_RATES 0 0 0 -0. 0. -0.
96.40 44 FBW_STATUS 0 0 124
96.46 44 ESTIMATOR 702.416504 0.007722 241.650009 0.772209 242.100006
96.50 44 ACTUATORS 1560,1369,0,1207,1491
96.55 44 DOWNLINK_STATUS 95 24643 1645 0 185. 12.
96.56 44 NAVIGATION 0 0 0 0 286 0. 570986.7
96.76 44 WP_MOVED 1 358824.90625 4822110. 702.
96.87 44 DESIRED 0.05 -0.15 0. 0. 700.009 -0.725
96.87 44 NAVIGATION 0 0 0 0 286 0. 570986.7
96.87 44 ATTITUDE 0 0 0
96.87 44 PPRZ_MODE 0 3 0 0 0 1 0
96.88 44 ESTIMATOR 702.403015 0.016416 240.300003 1.641598 242.190002
96.95 44 DL_VALUE 0 700.008545
97.08 44 NAVIGATION 0 0 0 0 286 0. 570986.7
97.08 44 WP_MOVED 2 358071. 4822161. 0.
97.08 44 NAVIGATION_REF 358071 4822161 31
97.32 44 COMMANDS 35,581,-1936,-130
97.32 44 NAVIGATION 0 0 0 0 286 0. 570986.7
97.32 44 ATTITUDE 0 0 0
97.32 44 GYRO_RATES 0 0 0 -0. 0. -0.
97.32 44 FBW_STATUS 0 0 124
97.39 44 ESTIMATOR 702.416504 0.006723 241.650009 0.672255 242.459976
97.39 44 BAT 41 124 0 0 222 222 1
97.49 44 CALIBRATION -2.413 0.037 0.5 0
97.49 44 NAVIGATION 0 0 0 0 286 0. 570986.7
97.54 44 DOWNLINK_STATUS 96 24941 1665 0 298. 20.
97.58 44 WP_MOVED 0 358113. 4822203. 702.
97.58 44 SERVO -1842 1648 40
97.75 44 DESIRED 0.05 -0.15 0. 0. 700.019 -0.724
97.75 44 NAVIGATION 0 0 0 0 286 0. 570986.7
97.75 44 ATTITUDE 0 0 0
97.81 44 ESTIMATOR 702.429993 -0.005777 243. -0.577745 242.459991
97.90 44 DL_VALUE 1 1.
97.93 44 NAVIGATION 0 0 0 0 286 0. 570986.7
98.01 44 WP_MOVED 1 358824.90625 4822110. 702.
98.26 44 COMMANDS 58,605,-1874,-111
98.26 44 NAVIGATION 0 0 0 0 286 0. 570986.7
98.26 44 ATTITUDE 0 0 0
98.26 44 GYRO_RATES 0 0 0 -0. 0. -0.
98.26 44 FBW_STATUS 0 0 124
98.31 44 ESTIMATOR 702.416504 0.001917 241.650009 0.191708 242.549988
98.42 44 NAVIGATION 0 0 0 0 286 0. 570986.7
98.51 44 WP_MOVED 2 358071. 4822161. 0.
98.54 44 DOWNLINK_STATUS 97 25195 1682 0 254. 17.
98.69 44 DESIRED 0.05 -0.15 0. 0. 700.007 -0.72
98.69 44 NAVIGATION 0 0 0 0 286 0. 570986.7
98.69 44 ATTITUDE 0 0 0
98.76 44 ESTIMATOR 702.416504 -0.018333 241.650009 -1.833267 241.919998
98.84 44 DL_VALUE 2 0.
98.87 44 NAVIGATION 0 0 0 0 286 0. 570986.7
98.94 44 WP_MOVED 0 358113. 4822203. 702.
99.20 44 COMMANDS 85,657,-1879,-103
99.20 44 NAVIGATION 0 0 0 0 286 0. 570986.7
99.20 44 ATTITUDE 0 0 0
99.20 44 GYRO_RATES 0 0 0 -0. 0. -0.
99.20 44 FBW_STATUS 0 0 124
99.26 44 ESTIMATOR 702.429993 0.007722 243. 0.772181 242.279999
99.26 44 BAT 69 124 0 0 224 224 1
99.55 44 DOWNLINK_STATUS 98 25407 1696 0 212. 14.
99.83 44 NAVIGATION 0 0 0 0 286 0. 570986.7
99.92 44 WP_MOVED 2 358071. 4822161. 0.
100.54 44 DOWNLINK_STATUS 99 25440 1698 0 33. 2.
100.56 44 NAVIGATION 0 0 0 0 286 0. 570986.7
100.56 44 ATTITUDE 0 0 0
100.64 44 ESTIMATOR 702.416504 0.028944 241.650009 2.894402 242.279999
100.72 44 DL_VALUE 4 0.
100.74 44 NAVIGATION 0 0 0 0 286 0. 570986.7
100.82 44 WP_MOVED 1 358824.90625 4822110. 702.
101.08 44 COMMANDS 7,714,-1877,-13
101.08 44 NAVIGATION 0 0 0 0 286 0. 570986.7
101.08 44 ATTITUDE 0 0 0
101.08 44 GYRO_RATES 0 -1 0 -0. -0.008727 -0.
101.08 44 FBW_STATUS 0 0 124
101.16 44 ESTIMATOR 702.416504 0.011556 241.650009 1.155586 242.909973
101.16 44 BAT 58 124 0 0 226 226 1
101.24 44 ACTUATORS 1564,1366,0,1204,1497
101.24 44 CALIBRATION -2.413 0.037 0.5 0
101.24 44 NAVIGATION 0 0 0 0 286 0. 570986.7
101.55 44 DOWNLINK_STATUS 100 25672 1714 0 232. 16.
101.61 44 ESTIMATOR 702.429993 -0.020277 243. -2.027683 242.549973
101.69 44 DL_VALUE 5 0.
101.69 44 NAVIGATION 0 0 0 0 286 0. 570986.7
101.76 44 WP_MOVED 0 358113. 4822203. 702.
102.01 44 FBW_STATUS 0 0 124
102.04 44 ESTIMATOR 702.416504 0.024084 241.650009 2.408428 242.639984
102.55 44 DOWNLINK_STATUS 101 25761 1720 0 89. 6.
102.91 44 DL_VALUE 16 13066.666992
102.95 44 COMMANDS 63,698,-1847,-105
102.95 44 NAVIGATION 0 0 0 0 286 0. 570986.7
102.97 44 ATTITUDE 0 0 0
102.97 44 GYRO_RATES 0 0 0 -0. 0. -0.
103.01 44 FBW_STATUS 0 0 124
103.01 44 ESTIMATOR 702.416504 0.007749 241.650009 0.774918 242.279984
103.01 44 BAT 44 124 0 0 228 228 1
103.17 44 CALIBRATION -2.411 0.037 0.5 0
103.17 44 NAVIGATION 0 0 0 0 286 0. 570986.7
103.18 44 WP_MOVED 0 358113. 4822203. 702.
103.18 44 SERVO -1842 1645 38
103.54 44 DL_VALUE 7 0.
103.56 44 DOWNLINK_STATUS 102 25929 1733 0 168. 13.
103.61 44 NAVIGATION 0 0 0 0 286 0. 570986.7
103.63 44 WP_MOVED 1 358824.90625 4822110. 702.
103.86 44 COMMANDS 72,657,-1836,-98
103.86 44 NAVIGATION 0 0 0 0 286 0. 570986.7
103.86 44 ATTITUDE 0 0 0
103.86 44 GYRO_RATES 0 0 0 -0. 0. -0.
103.96 44 FBW_STATUS 0 0 124
103.96 44 ESTIMATOR 702.416504 -0.000945 241.650009 -0.09449 242.01001
104.43 44 DESIRED 0.05 -0.15 0. 0. 700.007 -0.721
104.46 44 NAVIGATION 0 0 0 0 286 0. 570986.7
104.46 44 ATTITUDE 0 0 0
104.46 44 ESTIMATOR 702.416504 0.004779 241.650009 0.477915 242.100006
104.52 44 DL_VALUE 8 0.
104.52 44 NAVIGATION 0 0 0 0 286 0. 570986.7
104.56 44 DOWNLINK_STATUS 103 26145 1747 0 216. 14.
104.82 44 COMMANDS 83,700,-1843,-128
104.82 44 NAVIGATION 0 0 0 0 286 0. 570986.7
104.82 44 ATTITUDE 0 0 0
104.83 44 GYRO_RATES 0 0 0 -0. 0. -0.
104.83 44 FBW_STATUS 0 0 124
104.90 44 ESTIMATOR 702.429993 0.008667 243. 0.866699 242.369995
104.90 44 BAT 59 124 0 0 230 230 1
105.00 44 CALIBRATION -2.41 0.037 0.5 0
105.03 44 NAVIGATION 0 0 0 0 286 0. 570986.7
105.09 44 WP_MOVED 1 358824.90625 4822110. 702.
105.09 44 SERVO -1728 1643 74
105.26 44 DESIRED 0.05 -0.15 0. 0. 700.014 -0.721
105.26 44 NAVIGATION 0 0 0 0 286 0. 570986.7
105.26 44 ATTITUDE 0 0 0
105.31 44 ESTIMATOR 702.416504 -0.014472 241.650009 -1.447201 242.459976
105.42 44 DL_VALUE 9 439.320007
105.45 44 NAVIGATION 0 0 0 0 286 0. 570986.7
105.51 44 WP_MOVED 2 358071. 4822161. 0.
105.51 44 NAVIGATION_REF 358071 4822161 31
105.56 44 DOWNLINK_STATUS 104 26424 1766 0 279. 19.
105.76 44 COMMANDS 38,691,-1921,-106
105.76 44 NAVIGATION 0 0 0 0 286 0. 570986.7
105.76 44 ATTITUDE 0 0 0
105.76 44 GYRO_RATES 0 0 0 -0. 0. -0.
105.76 44 FBW_STATUS 0 0 124
105.82 44 ESTIMATOR 702.429993 0.004806 243. 0.480585 242.279984
105.85 44 ACTUATORS 1559,1370,0,1206,1495
105.93 44 NAVIGATION 0 0 0 0 286 0. 570986.7
106.01 44 WP_MOVED 0 358113. 4822203. 702.
106.21 44 DESIRED 0.05 -0.15 0. 0. 700.016 -0.724
106.21 44 NAVIGATION 0 0 0 0 286 0. 570986.7
106.21 44 ATTITUDE 0 0 0
106.21 44 PPRZ_MODE 0 3 0 0 0 1 0
106.27 44 ESTIMATOR 702.416504 0.0135 241.650009 1.350031 242.459976
106.37 44 DL_VALUE 10 480.279999
106.37 44 NAVIGATION 0 0 0 0 286 0. 570986.7
106.38 44 DL_VALUE 17 13600.
106.46 44 WP_MOVED 1 358824.90625 4822110. 702.
106.56 44 DOWNLINK_STATUS 105 26684 1784 0 260. 18.
106.70 44 COMMANDS 62,672,-1879,-96
106.70 44 NAVIGATION 0 0 0 0 286 0. 570986.7
106.70 44 ATTITUDE 0 0 0
106.70 44 GYRO_RATES 0 0 0 -0. 0. -0.
106.70 44 FBW_STATUS 0 0 124
106.76 44 ESTIMATOR 702.416504 -0.007722 241.650009 -0.772181 242.279984
106.76 44 BAT 72 124 0 0 232 232 1
106.86 44 CALIBRATION -2.41 0.037 0.5 0
106.86 44 NAVIGATION 0 0 0 0 286 0. 570986.7
106.96 44 WP_MOVED 2 358071. 4822161. 0.
106.96 44 SERVO -1728 896 75
107.12 44 DESIRED 0.05 -0.15 0. 0. 700.012 -0.726
107.12 44 NAVIGATION 0 0 0 0 286 0. 570986.7
107.12 44 ATTITUDE 0 0 0
107.20 44 ESTIMATOR 702.429993 -0.000945 243. -0.09449 242.099991
107.28 44 DL_VALUE 11 454.972992
107.31 44 NAVIGATION 0 0 0 0 286 0. 570986.7
107.57 44 DOWNLINK_STATUS 106 26937 1801 0 253. 17.
107.77 44 NAVIGATION 0 0 0 0 286 0. 570986.7
107.86 44 WP_MOVED 1 358824.90625 4822110. 702.
107.96 44 DESIRED 0.05 -0.15 0. 0. 700. -0.729
108.16 44 ESTIMATOR 702.429993 -0.013501 243. -1.350069 242.01001
108.25 44 DL_VALUE 12 1.35
108.25 44 NAVIGATION 0 0 0 0 286 0. 570986.7
108.57 44 DOWNLINK_STATUS 107 27043 1807 0 106. 6.
108.74 44 NAVIGATION 0 0 0 0 286 0. 570986.7
108.82 44 WP_MOVED 0 358113. 4822203. 702.
108.82 44 SERVO -1728 896 18
109.57 44 DOWNLINK_STATUS 108 27084 1810 0 41. 3.
110.57 44 DOWNLINK_STATUS 109 27084 1810 0 0. 0.
111.57 44 DOWNLINK_STATUS 110 27084 1810 0 0. 0.
112.58 44 DOWNLINK_STATUS 111 27084 1810 0 0. 0.
113.57 44 DOWNLINK_STATUS 112 27084 1810 0 0. 0.
114.58 44 DOWNLINK_STATUS 113 27084 1810 0 0. 0.
115.58 44 DOWNLINK_STATUS 114 27084 1810 0 0. 0.
116.58 44 DOWNLINK_STATUS 115 27084 1810 0 0. 0.
117.60 44 DOWNLINK_STATUS 116 27084 1810 0 0. 0.
118.58 44 DOWNLINK_STATUS 117 27084 1810 0 0. 0.
119.59 44 DOWNLINK_STATUS 118 27084 1810 0 0. 0.
120.60 44 DOWNLINK_STATUS 119 27084 1810 0 0. 0.
121.60 44 DOWNLINK_STATUS 120 27084 1810 0 0. 0.
122.60 44 DOWNLINK_STATUS 121 27084 1810 0 0. 0.
123.60 44 DOWNLINK_STATUS 122 27084 1810 0 0. 0.
124.60 44 DOWNLINK_STATUS 123 27084 1810 0 0. 0.
125.60 44 DOWNLINK_STATUS 124 27084 1810 0 0. 0.
126.61 44 DOWNLINK_STATUS 125 27084 1810 0 0. 0.
127.60 44 DOWNLINK_STATUS 126 27084 1810 0 0. 0.
128.61 44 DOWNLINK_STATUS 127 27084 1810 0 0. 0.
129.62 44 DOWNLINK_STATUS 128 27084 1810 0 0. 0.
130.61 44 DOWNLINK_STATUS 129 27084 1810 0 0. 0.
131.62 44 DOWNLINK_STATUS 130 27084 1810 0 0. 0.
132.62 44 DOWNLINK_STATUS 131 27084 1810 0 0. 0.
133.62 44 DOWNLINK_STATUS 132 27084 1810 0 0. 0.
134.62 44 DOWNLINK_STATUS 133 27084 1810 0 0. 0.
135.62 44 DOWNLINK_STATUS 134 27084 1810 0 0. 0.
136.63 44 DOWNLINK_STATUS 135 27084 1810 0 0. 0.
137.63 44 DOWNLINK_STATUS 136 27084 1810 0 0. 0.
138.63 44 DOWNLINK_STATUS 137 27084 1810 0 0. 0.
139.62 44 DOWNLINK_STATUS 138 27084 1810 0 0. 0.
140.63 44 DOWNLINK_STATUS 139 27084 1810 0 0. 0.
141.62 44 DOWNLINK_STATUS 140 27084 1810 0 0. 0.
142.62 44 DOWNLINK_STATUS 141 27084 1810 0 0. 0.
143.62 44 DOWNLINK_STATUS 142 27084 1810 0 0. 0.
144.62 44 DOWNLINK_STATUS 143 27084 1810 0 0. 0.
145.62 44 DOWNLINK_STATUS 144 27084 1810 0 0. 0.
146.62 44 DOWNLINK_STATUS 145 27084 1810 0 0. 0.
147.63 44 DOWNLINK_STATUS 146 27084 1810 0 0. 0.
148.63 44 DOWNLINK_STATUS 147 27084 1810 0 0. 0.
149.62 44 DOWNLINK_STATUS 148 27084 1810 0 0. 0.
150.62 44 DOWNLINK_STATUS 149 27084 1810 0 0. 0.
151.63 44 DOWNLINK_STATUS 150 27084 1810 0 0. 0.
152.63 44 DOWNLINK_STATUS 151 27084 1810 0 0. 0.
153.63 44 DOWNLINK_STATUS 152 27084 1810 0 0. 0.
154.62 44 DOWNLINK_STATUS 153 27084 1810 0 0. 0.
155.62 44 DOWNLINK_STATUS 154 27084 1810 0 0. 0.
156.62 44 DOWNLINK_STATUS 155 27084 1810 0 0. 0.
157.63 44 DOWNLINK_STATUS 156 27084 1810 0 0. 0.
158.63 44 DOWNLINK_STATUS 157 27084 1810 0 0. 0.
159.63 44 DOWNLINK_STATUS 158 27084 1810 0 0. 0.
160.63 44 DOWNLINK_STATUS 159 27084 1810 0 0. 0.
161.64 44 DOWNLINK_STATUS 160 27084 1810 0 0. 0.
162.65 44 DOWNLINK_STATUS 161 27084 1810 0 0. 0.
163.64 44 DOWNLINK_STATUS 162 27084 1810 0 0. 0.
164.64 44 DOWNLINK_STATUS 163 27084 1810 0 0. 0.
165.64 44 DOWNLINK_STATUS 164 27084 1810 0 0. 0.
166.65 44 DOWNLINK_STATUS 165 27084 1810 0 0. 0.
167.65 44 DOWNLINK_STATUS 166 27084 1810 0 0. 0.
168.65 44 DOWNLINK_STATUS 167 27084 1810 0 0. 0.
169.65 44 DOWNLINK_STATUS 168 27084 1810 0 0. 0.
170.65 44 DOWNLINK_STATUS 169 27084 1810 0 0. 0.
171.65 44 DOWNLINK_STATUS 170 27084 1810 0 0. 0.
172.65 44 DOWNLINK_STATUS 171 27084 1810 0 0. 0.
173.65 44 DOWNLINK_STATUS 172 27084 1810 0 0. 0.
174.65 44 DOWNLINK_STATUS 173 27084 1810 0 0. 0.
175.65 44 DOWNLINK_STATUS 174 27084 1810 0 0. 0.
176.65 44 DOWNLINK_STATUS 175 27084 1810 0 0. 0.
177.65 44 DOWNLINK_STATUS 176 27084 1810 0 0. 0.
178.65 44 DOWNLINK_STATUS 177 27084 1810 0 0. 0.
179.65 44 DOWNLINK_STATUS 178 27084 1810 0 0. 0.
180.65 44 DOWNLINK_STATUS 179 27084 1810 0 0. 0.
181.65 44 DOWNLINK_STATUS 180 27084 1810 0 0. 0.
182.65 44 DOWNLINK_STATUS 181 27084 1810 0 0. 0.
183.65 44 DOWNLINK_STATUS 182 27084 1810 0 0. 0.
184.65 44 DOWNLINK_STATUS 183 27084 1810 0 0. 0.
185.65 44 DOWNLINK_STATUS 184 27084 1810 0 0. 0.
186.65 44 DOWNLINK_STATUS 185 27084 1810 0 0. 0.
187.65 44 DOWNLINK_STATUS 186 27084 1810 0 0. 0.
188.65 44 DOWNLINK_STATUS 187 27084 1810 0 0. 0.
189.65 44 DOWNLINK_STATUS 188 27084 1810 0 0. 0.
190.65 44 DOWNLINK_STATUS 189 27084 1810 0 0. 0.
191.65 44 DOWNLINK_STATUS 190 27084 1810 0 0. 0.
192.66 44 DOWNLINK_STATUS 191 27084 1810 0 0. 0.
193.66 44 DOWNLINK_STATUS 192 27084 1810 0 0. 0.
194.66 44 DOWNLINK_STATUS 193 27084 1810 0 0. 0.
195.66 44 DOWNLINK_STATUS 194 27084 1810 0 0. 0.
196.66 44 DOWNLINK_STATUS 195 27084 1810 0 0. 0.
197.66 44 DOWNLINK_STATUS 196 27084 1810 0 0. 0.
198.66 44 DOWNLINK_STATUS 197 27084 1810 0 0. 0.
199.66 44 DOWNLINK_STATUS 198 27084 1810 0 0. 0.
200.66 44 DOWNLINK_STATUS 199 27084 1810 0 0. 0.
201.67 44 DOWNLINK_STATUS 200 27084 1810 0 0. 0.
202.67 44 DOWNLINK_STATUS 201 27084 1810 0 0. 0.
203.68 44 DOWNLINK_STATUS 202 27084 1810 0 0. 0.
204.69 44 DOWNLINK_STATUS 203 27084 1810 0 0. 0.
205.70 44 DOWNLINK_STATUS 204 27084 1810 0 0. 0.
206.70 44 DOWNLINK_STATUS 205 27084 1810 0 0. 0.
207.70 44 DOWNLINK_STATUS 206 27084 1810 0 0. 0.
208.71 44 DOWNLINK_STATUS 207 27084 1810 0 0. 0.
209.72 44 DOWNLINK_STATUS 208 27084 1810 0 0. 0.
210.72 44 DOWNLINK_STATUS 209 27084 1810 0 0. 0.
211.73 44 DOWNLINK_STATUS 210 27084 1810 0 0. 0.
212.74 44 DOWNLINK_STATUS 211 27084 1810 0 0. 0.
213.74 44 DOWNLINK_STATUS 212 27084 1810 0 0. 0.
214.74 44 DOWNLINK_STATUS 213 27084 1810 0 0. 0.
215.74 44 DOWNLINK_STATUS 214 27084 1810 0 0. 0.
216.75 44 DOWNLINK_STATUS 215 27084 1810 0 0. 0.
217.76 44 DOWNLINK_STATUS 216 27084 1810 0 0. 0.
218.76 44 DOWNLINK_STATUS 217 27084 1810 0 0. 0.
219.76 44 DOWNLINK_STATUS 218 27084 1810 0 0. 0.
220.78 44 DOWNLINK_STATUS 219 27084 1810 0 0. 0.
221.78 44 DOWNLINK_STATUS 220 27084 1810 0 0. 0.
222.78 44 DOWNLINK_STATUS 221 27084 1810 0 0. 0.
223.79 44 DOWNLINK_STATUS 222 27084 1810 0 0. 0.
224.80 44 DOWNLINK_STATUS 223 27084 1810 0 0. 0.
225.80 44 DOWNLINK_STATUS 224 27084 1810 0 0. 0.
226.81 44 DOWNLINK_STATUS 225 27084 1810 0 0. 0.
227.81 44 DOWNLINK_STATUS 226 27084 1810 0 0. 0.
228.81 44 DOWNLINK_STATUS 227 27084 1810 0 0. 0.
229.82 44 DOWNLINK_STATUS 228 27084 1810 0 0. 0.
230.82 44 DOWNLINK_STATUS 229 27084 1810 0 0. 0.
231.82 44 DOWNLINK_STATUS 230 27084 1810 0 0. 0.
232.83 44 DOWNLINK_STATUS 231 27084 1810 0 0. 0.
233.84 44 DOWNLINK_STATUS 232 27084 1810 0 0. 0.
234.84 44 DOWNLINK_STATUS 233 27084 1810 0 0. 0.
235.84 44 DOWNLINK_STATUS 234 27084 1810 0 0. 0.
236.84 44 DOWNLINK_STATUS 235 27084 1810 0 0. 0.
237.85 44 DOWNLINK_STATUS 236 27084 1810 0 0. 0.
238.85 44 DOWNLINK_STATUS 237 27084 1810 0 0. 0.
239.86 44 DOWNLINK_STATUS 238 27084 1810 0 0. 0.
240.86 44 DOWNLINK_STATUS 239 27084 1810 0 0. 0.
241.87 44 DOWNLINK_STATUS 240 27084 1810 0 0. 0.
242.86 44 DOWNLINK_STATUS 241 27084 1810 0 0. 0.
243.87 44 DOWNLINK_STATUS 242 27084 1810 0 0. 0.
244.88 44 DOWNLINK_STATUS 243 27084 1810 0 0. 0.
245.88 44 DOWNLINK_STATUS 244 27084 1810 0 0. 0.
246.88 44 DOWNLINK_STATUS 245 27084 1810 0 0. 0.
247.90 44 DOWNLINK_STATUS 246 27084 1810 0 0. 0.
248.89 44 DOWNLINK_STATUS 247 27084 1810 0 0. 0.
249.91 44 DOWNLINK_STATUS 248 27084 1810 0 0. 0.
250.91 44 DOWNLINK_STATUS 249 27084 1810 0 0. 0.
251.91 44 DOWNLINK_STATUS 250 27084 1810 0 0. 0.
252.92 44 DOWNLINK_STATUS 251 27084 1810 0 0. 0.
253.92 44 DOWNLINK_STATUS 252 27084 1810 0 0. 0.
254.93 44 DOWNLINK_STATUS 253 27084 1810 0 0. 0.
255.93 44 DOWNLINK_STATUS 254 27084 1810 0 0. 0.
256.93 44 DOWNLINK_STATUS 255 27084 1810 0 0. 0.
257.94 44 DOWNLINK_STATUS 256 27084 1810 0 0. 0.
258.94 44 DOWNLINK_STATUS 257 27084 1810 0 0. 0.
259.95 44 DOWNLINK_STATUS 258 27084 1810 0 0. 0.
260.95 44 DOWNLINK_STATUS 259 27084 1810 0 0. 0.
261.95 44 DOWNLINK_STATUS 260 27084 1810 0 0. 0.
262.96 44 DOWNLINK_STATUS 261 27084 1810 0 0. 0.
263.96 44 DOWNLINK_STATUS 262 27084 1810 0 0. 0.
264.97 44 DOWNLINK_STATUS 263 27084 1810 0 0. 0.
265.97 44 DOWNLINK_STATUS 264 27084 1810 0 0. 0.
266.96 44 DOWNLINK_STATUS 265 27084 1810 0 0. 0.
267.98 44 DOWNLINK_STATUS 266 27084 1810 0 0. 0.
268.97 44 DOWNLINK_STATUS 267 27084 1810 0 0. 0.
269.97 44 DOWNLINK_STATUS 268 27084 1810 0 0. 0.
270.97 44 DOWNLINK_STATUS 269 27084 1810 0 0. 0.
271.97 44 DOWNLINK_STATUS 270 27084 1810 0 0. 0.
272.98 44 DOWNLINK_STATUS 271 27084 1810 0 0. 0.
