6.12 34 GPS 3 50632337 356624245 3554 74781 36 110 144797250 12 0
6.16 34 SVINFO 6 9 13 6 36 27 75
6.16 34 ESTIMATOR 747.809998 1.1 1.1 1.1 747.809998
6.23 34 COMMANDS 9,-705,-1,-534
6.23 34 NAVIGATION 0 2 -42 -19 38 0. 3842.
6.23 34 ATTITUDE -10 0 -25
6.23 34 DL_VALUE 20 20000.
6.23 34 FBW_STATUS 0 0 125
6.23 34 RAD_OF_IR -66 31 0.00174
6.23 34 GPS 3 50632310 356624270 3557 74805 56 119 144797498 12 0
6.23 34 SVINFO 7 19 13 6 38 21 311
6.23 34 IR_SENSORS -790 -67 1
6.23 34 NAVIGATION 0 2 -42 -19 38 0. 3798.6
6.30 34 WP_MOVED 3 506366. 3566262. 0.
6.30 34 GYRO_RATES -517 -482 -455 4.511676 -4.206244 -3.970624
6.51 34 DOWNLINK_STATUS 5 1653 105 0 416. 28.
6.62 34 ESTIMATOR 748.049988 1.19 1.19 1.19 748.049988
6.62 34 GPS 3 50632323 356624221 3581 74746 16 93 144797750 12 0
6.62 34 SVINFO 8 26 13 6 33 20 40
6.74 34 NAVIGATION 0 2 -42 -19 38 0. 3859.3
6.74 34 ATTITUDE -11 0 -26
6.74 34 GPS 3 50632327 356624193 3585 74715 32 76 144797998 12 0
6.74 34 SVINFO 9 27 13 6 35 16 51
6.74 34 DESIRED 0. -0.01 0. 0. 770. 0.
6.74 34 NAVIGATION 0 2 -42 -20 38 0. 3892.
6.78 34 WP_MOVED 0 506408. 3566304. 800.
7.15 34 ESTIMATOR 747.150024 0.76 0.76 0.76 747.150024
7.18 34 GPS 3 50632297 356624223 20 74739 9 128 144798250 12 0
7.18 34 SVINFO 10 24 13 6 34 7 126
7.18 34 COMMANDS 8,-45,-40,-486
7.18 34 NAVIGATION 0 2 -43 -19 38 0. 3841.2
7.18 34 ATTITUDE -11 0 -26
7.18 34 DL_VALUE 21 17500.
7.21 34 FBW_STATUS 0 0 125
7.21 34 RAD_OF_IR -69 99 0.00174
7.21 34 IR_SENSORS -788 -69 1
7.21 34 GPS 3 50632301 356624191 16 74707 10 93 144798498 12 0
7.21 34 NAVIGATION 0 2 -42 -20 38 0. 3878.3
7.29 34 WP_MOVED 1 506292.5 3566296.25 800.
7.29 34 GYRO_RATES -517 -482 -455 4.511676 -4.206244 -3.970624
7.39 34 ESTIMATOR 747.070007 0.93 0.93 0.93 747.070007
7.42 34 BAT 8 125 18 0 22 17 0
7.51 34 DOWNLINK_STATUS 6 2076 131 0 423. 26.
7.63 34 GPS 3 50632268 356624226 4 74730 58 94 144798750 12 0
7.63 34 NAVIGATION 0 2 -43 -19 38 0. 3820.4
7.63 34 ATTITUDE -12 0 -26
7.63 34 CALIBRATION 0. 0.023 0.067 0
7.64 34 SERVO 9600 -9600 7
7.72 34 DESIRED 0. -0.01 0. 0. 770. 0.
7.72 34 IR_DEBUG 520 606 520 606
7.72 34 NAVIGATION 0 2 -43 -19 38 0. 3820.4
7.72 34 GPS 3 50632278 356624198 9 74698 28 92 144798998 12 0
7.72 34 WP_MOVED 2 506379.59375 3566304.75 800.
7.78 34 ESTIMATOR 746.97998 0.92 0.92 0.92 746.97998
8.13 34 COMMANDS 7,-1558,134,1814
8.13 34 NAVIGATION 0 2 -43 -20 38 0. 3856.7
8.13 34 ATTITUDE -10 0 -25
8.13 34 DL_VALUE 22 20000.
8.13 34 GPS 3 50632278 356624178 34 74678 16 105 144799250 12 0
8.22 34 FBW_STATUS 0 0 125
8.22 34 RAD_OF_IR -50 70 0.00174
8.22 34 IR_SENSORS -788 -56 1
8.22 34 NAVIGATION 0 2 -43 -20 38 0. 3878.4
8.22 34 GPS 3 50632258 356624214 38 74701 47 130 144799498 12 0
8.22 34 WP_MOVED 3 506366. 3566262. 0.
8.22 34 GYRO_RATES -517 -482 -455 4.511676 -4.206244 -3.970624
8.28 34 ESTIMATOR 747.01001 1.3 1.3 1.3 747.01001
8.42 34 NAVIGATION 0 2 -43 -19 38 0. 3827.3
8.42 34 ATTITUDE -11 0 -25
8.42 34 GPS 3 50632269 356624192 51 74667 52 106 144799750 12 0
8.42 34 SVINFO 0 22 13 7 40 61 333
8.51 34 DOWNLINK_STATUS 7 2529 159 0 453. 28.
8.71 34 DESIRED 0. -0.01 0. 0. 770. 0.
8.72 34 NAVIGATION 0 2 -43 -20 38 0. 3857.8
8.81 34 WP_MOVED 0 506408. 3566304. 800.
8.81 34 GPS 3 50632275 356624177 50 74662 20 112 144799998 12 0
8.81 34 SVINFO 1 14 13 7 35 57 212
8.81 34 ESTIMATOR 746.619995 1.12 1.12 1.12 746.619995
8.89 34 COMMANDS 6,1881,-37,-2060
8.93 34 NAVIGATION 0 2 -43 -20 38 0. 3877.7
8.93 34 ATTITUDE -13 0 -22
8.93 34 DL_VALUE 23 0.
9.00 34 GPS 3 50632271 356624169 21 74663 20 108 144800250 12 0
9.00 34 SVINFO 2 18 13 6 37 53 36
9.00 34 FBW_STATUS 0 0 125
9.00 34 RAD_OF_IR -92 -82 0.00174
9.00 34 IR_SENSORS -770 -95 1
9.30 34 NAVIGATION 0 2 -43 -20 38 0. 3884.
9.42 34 WP_MOVED 1 506292.5 3566296.25 800.
9.46 34 GYRO_RATES -517 -482 -455 4.511676 -4.206244 -3.970624
9.46 34 GPS 3 50632270 356624155 40 74645 25 77 144800498 12 0
9.46 34 SVINFO 3 21 13 7 39 47 119
9.46 34 ESTIMATOR 746.450012 0.77 0.77 0.77 746.450012
9.46 34 BAT 10 125 20 0 24 19 0
9.46 34 ATTITUDE -14 0 -23
9.46 34 CALIBRATION 0. 0.023 0.067 0
9.46 34 SERVO 9600 -9600 11
9.46 34 GPS 3 50632265 356624152 74 74638 42 95 144800750 12 0
9.47 34 SVINFO 4 6 13 7 36 40 267
9.51 34 DOWNLINK_STATUS 8 2945 186 0 416. 27.
9.52 34 DESIRED 0. -0.01 0. 0. 770. 0.
9.52 34 IR_DEBUG 499 610 499 610
9.52 34 NAVIGATION 0 2 -43 -20 38 0. 3898.9
9.58 34 WP_MOVED 2 506379.59375 3566304.75 800.
9.82 34 GPS 3 50632269 356624146 119 74636 38 75 144800998 12 0
9.82 34 SVINFO 5 3 13 7 39 32 282
9.82 34 ESTIMATOR 746.359985 0.75 0.75 0.75 746.359985
10.03 34 COMMANDS 8,-2565,276,2768
10.07 34 NAVIGATION 0 2 -43 -20 38 0. 3907.9
10.07 34 ATTITUDE -15 0 -23
10.07 34 DL_VALUE 24 2150.
10.07 34 FBW_STATUS 0 0 125
10.07 34 RAD_OF_IR -88 129 0.00174
10.07 34 GPS 3 50632272 356624141 181 74641 34 93 144801250 12 0
10.07 34 SVINFO 6 9 13 7 36 27 75
10.07 34 ACTUATORS 1497,1501,0,1200,1470
10.07 34 NAVIGATION 0 2 -43 -20 38 0. 3915.2
10.09 34 WP_MOVED 3 506366. 3566262. 0.
10.09 34 GYRO_RATES -517 -482 -455 4.511676 -4.206244 -3.970624
10.34 34 ESTIMATOR 746.409973 0.93 0.93 0.93 746.409973
10.34 34 GPS 3 50632276 356624135 191 74649 43 81 144801498 12 0
10.34 34 SVINFO 7 19 13 6 37 21 311
10.34 34 NAVIGATION 0 2 -43 -20 38 0. 3924.2
10.34 34 ATTITUDE -18 0 -25
10.51 34 DOWNLINK_STATUS 9 3320 210 0 375. 24.
10.55 34 GPS 3 50632271 356624164 191 74675 67 106 144801750 12 0
10.55 34 SVINFO 8 26 13 6 35 20 40
10.55 34 DESIRED 0. -0.01 0. 0. 770. 0.
10.55 34 NAVIGATION 0 2 -43 -20 38 0. 3889.4
10.55 34 WP_MOVED 0 506408. 3566304. 800.
10.55 34 PPRZ_MODE 0 1 2 0 0 17 0
10.60 34 ESTIMATOR 746.75 1.06 1.06 1.06 746.75
10.84 34 GPS 3 50632280 356624153 201 74670 39 102 144801998 12 0
10.84 34 SVINFO 9 27 13 6 34 16 51
10.84 34 COMMANDS 9,-2353,186,-137
10.84 34 NAVIGATION 0 2 -43 -20 38 0. 3906.9
10.84 34 ATTITUDE -17 0 -25
10.84 34 DL_VALUE 25 5300.
10.89 34 FBW_STATUS 0 0 125
10.89 34 RAD_OF_IR -82 28 0.00174
11.12 34 IR_SENSORS -778 -74 1
11.12 34 GPS 3 50632265 356624185 190 74700 52 117 144802250 12 0
11.12 34 SVINFO 10 24 13 6 33 7 126
11.12 34 NAVIGATION 0 2 -43 -20 38 0. 3862.9
11.12 34 WP_MOVED 1 506292.5 3566296.25 800.
11.12 34 GYRO_RATES -517 -482 -455 4.511676 -4.206244 -3.970624
11.13 34 ESTIMATOR 747. 1.17 1.17 1.17 747.
11.13 34 BAT 8 125 21 0 25 20 0
11.33 34 GPS 3 50632246 356624215 173 74726 63 139 144802498 12 0
11.33 34 NAVIGATION 0 2 -43 -19 38 0. 3819.
11.33 34 ATTITUDE -16 0 -24
11.33 34 CALIBRATION 0. 0.023 0.067 0
11.52 34 SERVO 9600 -9600 6
11.52 34 DESIRED 0. -0.01 0. 0. 770. 0.
11.52 34 IR_DEBUG 479 625 479 625
11.52 34 GPS 3 50632233 356624240 160 74761 66 146 144802750 12 0
11.52 34 NAVIGATION 0 2 -43 -19 38 0. 3784.3
11.52 34 WP_MOVED 2 506379.59375 3566304.75 800.
11.52 34 DOWNLINK_STATUS 10 3849 243 0 529. 33.
11.58 34 ESTIMATOR 747.609985 1.46 1.46 1.46 747.609985
11.84 34 COMMANDS 10,-42,-34,-534
11.84 34 NAVIGATION 0 2 -43 -19 38 0. 3784.3
11.84 34 GPS 3 50632228 356624257 150 74787 27 149 144802998 12 0
11.84 34 ATTITUDE -16 0 -24
11.84 34 DL_VALUE 26 10000.
11.84 34 FBW_STATUS 0 0 125
12.02 34 RAD_OF_IR -94 -28 0.00173
12.02 34 IR_SENSORS -779 -92 1
12.02 34 NAVIGATION 0 2 -43 -19 38 0. 3763.
12.02 34 GPS 3 50632226 356624279 128 74838 57 155 144803250 12 0
12.02 34 WP_MOVED 3 506366. 3566262. 0.
12.02 34 GYRO_RATES -517 -482 -455 4.511676 -4.206244 -3.970624
12.02 34 ESTIMATOR 748.380005 1.55 1.55 1.55 748.380005
12.09 34 NAVIGATION 0 2 -43 -19 38 0. 3738.3
12.09 34 ATTITUDE -15 0 -24
12.31 34 GPS 3 50632229 356624294 132 74873 54 169 144803498 12 0
12.34 34 DESIRED 0. -0.01 0. 0. 770. 0.
12.38 34 NAVIGATION 0 2 -43 -19 38 0. 3724.1
12.43 34 GPS 3 50632234 356624301 143 74916 48 156 144803750 12 0
12.43 34 SVINFO 0 22 13 7 40 61 333
12.43 34 WP_MOVED 0 506408. 3566304. 800.
12.48 34 ESTIMATOR 749.159973 1.56 1.56 1.56 749.159973
12.51 34 DOWNLINK_STATUS 11 4238 266 0 389. 23.
12.59 34 COMMANDS 5,-42,-42,-506
12.59 34 NAVIGATION 0 2 -43 -18 38 0. 3719.6
12.59 34 ATTITUDE -14 0 -25
12.59 34 DL_VALUE 27 4000.
12.82 34 GPS 3 50632235 356624309 120 74960 61 198 144803998 12 0
12.83 34 SVINFO 1 14 13 7 39 57 212
12.83 34 FBW_STATUS 0 0 125
12.83 34 RAD_OF_IR -89 -66 0.00173
12.83 34 NAVIGATION_REF 506366 3566262 12
12.94 34 IR_SENSORS -784 -91 1
12.98 34 NAVIGATION 0 2 -43 -18 38 0. 3711.7
12.98 34 WP_MOVED 1 506292.5 3566296.25 800.
12.98 34 GYRO_RATES -517 -482 -455 4.511676 -4.206244 -3.970624
12.98 34 GPS 3 50632241 356624320 110 74993 56 193 144804250 12 0
12.98 34 SVINFO 2 18 13 6 38 53 36
12.99 34 ESTIMATOR 749.929993 1.93 1.93 1.93 749.929993
12.99 34 BAT 8 125 23 0 27 22 0
13.09 34 NAVIGATION 0 2 -43 -18 38 0. 3703.6
13.09 34 ATTITUDE -15 0 -25
13.09 34 CALIBRATION 0. 0.023 0.067 0
13.32 34 SERVO 9600 -9600 7
13.32 34 GPS 3 50632246 356624329 99 75018 52 178 144804498 12 0
13.32 34 SVINFO 3 21 13 7 34 47 119
13.42 34 DESIRED 0. -0.01 0. 0. 770. 0.
13.45 34 IR_DEBUG 492 628 492 628
13.45 34 NAVIGATION 0 2 -43 -18 38 0. 3697.1
13.45 34 WP_MOVED 2 506379.59375 3566304.75 800.
13.50 34 GPS 3 50632245 356624339 101 75042 57 139 144804750 12 0
13.50 34 SVINFO 4 6 13 7 39 40 267
13.50 34 ESTIMATOR 750.419983 1.39 1.39 1.39 750.419983
13.51 34 DOWNLINK_STATUS 12 4693 296 0 455. 30.
13.53 34 COMMANDS 7,-45,-42,-534
13.53 34 NAVIGATION 0 2 -43 -18 38 0. 3685.9
13.53 34 ATTITUDE -15 0 -25
13.53 34 DL_VALUE 28 0.228
13.58 34 FBW_STATUS 0 0 125
13.58 34 RAD_OF_IR -95 5 0.00173
13.82 34 GPS 3 50632247 356624351 102 75069 67 143 144804998 12 0
13.82 34 SVINFO 5 3 13 7 39 32 281
13.82 34 IR_SENSORS -784 -97 1
13.90 34 NAVIGATION 0 2 -43 -18 38 0. 3674.4
13.94 34 WP_MOVED 3 506366. 3566262. 0.
13.94 34 GYRO_RATES -517 -482 -455 4.511676 -4.206244 -3.970624
14.00 34 ESTIMATOR 750.690002 1.43 1.43 1.43 750.690002
14.00 34 GPS 3 50632252 356624363 108 75103 39 154 144805250 12 0
14.00 34 SVINFO 6 9 13 7 38 27 75
14.01 34 NAVIGATION 0 2 -43 -18 38 0. 3664.8
14.01 34 ATTITUDE -15 0 -26
14.34 34 GPS 3 50632251 356624375 113 75125 60 138 144805498 12 0
14.34 34 SVINFO 7 19 13 7 39 21 311
14.34 34 DESIRED 0. -0.01 0. 0. 770. 0.
14.34 34 NAVIGATION 0 2 -43 -18 38 0. 3651.6
14.51 34 DOWNLINK_STATUS 13 5016 317 0 323. 21.
14.55 34 WP_MOVED 0 506408. 3566304. 800.
14.55 34 ESTIMATOR 751.25 1.38 1.38 1.38 751.25
14.55 34 GPS 3 50632252 356624382 101 75141 41 136 144805750 12 0
14.55 34 SVINFO 8 26 13 7 34 20 40
14.60 34 COMMANDS 13,-57,-56,-548
14.60 34 NAVIGATION 0 2 -43 -18 38 0. 3644.9
14.60 34 ATTITUDE -15 0 -26
14.60 34 DL_VALUE 29 0.42
14.60 34 FBW_STATUS 0 0 125
14.60 34 RAD_OF_IR -97 -33 0.00173
14.83 34 ACTUATORS 1496,1500,0,1200,1471
14.83 34 GPS 3 50632251 356624387 88 75158 42 116 144805998 12 0
14.84 34 SVINFO 9 27 13 6 34 16 51
14.84 34 IR_SENSORS -791 -97 1
14.84 34 NAVIGATION 0 2 -43 -18 38 0. 3639.
14.91 34 WP_MOVED 1 506292.5 3566296.25 800.
14.94 34 GYRO_RATES -517 -482 -455 4.511676 -4.206244 -3.970624
14.94 34 ESTIMATOR 751.580017 1.16 1.16 1.16 751.580017
14.94 34 BAT 17 125 25 0 29 24 0
15.02 34 GPS 3 50632250 356624391 78 75172 45 96 144806250 12 0
15.02 34 SVINFO 10 24 12 4 30 7 126
15.02 34 NAVIGATION 0 2 -43 -18 38 0. 3634.2
15.02 34 ATTITUDE -16 0 -26
15.02 34 CALIBRATION 0. 0.023 0.067 0
15.02 34 SERVO 9600 -9600 19
15.36 34 DESIRED 0. -0.01 0. 0. 770. 0.
15.36 34 IR_DEBUG 494 630 494 630
15.37 34 NAVIGATION 0 2 -43 -18 38 0. 3634.2
15.37 34 GPS 3 50632251 356624404 85 75193 49 106 144806498 12 0
15.37 34 WP_MOVED 2 506379.59375 3566304.75 800.
15.37 34 PPRZ_MODE 0 1 2 0 0 17 0
15.40 34 ESTIMATOR 751.929993 1.06 1.06 1.06 751.929993
15.51 34 COMMANDS 6,-82,-80,-608
15.51 34 NAVIGATION 0 2 -43 -17 38 0. 3621.3
15.51 34 ATTITUDE -16 0 -25
15.51 34 DL_VALUE 30 0.
15.51 34 GPS 3 50632252 356624421 80 75222 51 106 144806750 12 0
15.52 34 FBW_STATUS 0 0 125
15.52 34 RAD_OF_IR -100 -14 0.00173
15.52 34 DOWNLINK_STATUS 14 5595 356 0 579. 39.
15.59 34 IR_SENSORS -786 -98 1
15.59 34 NAVIGATION 0 2 -43 -17 38 0. 3604.2
15.83 34 GPS 3 50632252 356624433 81 75258 51 140 144806998 12 0
15.83 34 WP_MOVED 3 506366. 3566262. 0.
15.83 34 GYRO_RATES -517 -482 -455 4.511676 -4.206244 -3.970624
15.92 34 ESTIMATOR 752.580017 1.4 1.4 1.4 752.580017
15.95 34 NAVIGATION 0 2 -43 -17 38 0. 3591.7
15.95 34 ATTITUDE -15 0 -25
15.95 34 GPS 3 50632243 356624441 70 75287 64 122 144807250 12 0
16.09 34 DESIRED 0. -0.01 0. 0. 770. 0.
16.09 34 NAVIGATION 0 2 -43 -17 38 0. 3578.
16.32 34 WP_MOVED 0 506408. 3566304. 800.
16.32 34 GPS 3 50632237 356624442 73 75303 51 150 144807498 12 0
16.41 34 ESTIMATOR 753.030029 1.5 1.5 1.5 753.030029
16.44 34 COMMANDS 10,-40,-42,-653
16.44 34 NAVIGATION 0 2 -43 -17 38 0. 3573.4
16.44 34 ATTITUDE -15 0 -24
16.44 34 DL_VALUE 31 0.023
16.44 34 GPS 3 50632231 356624435 76 75292 9 85 144807750 12 0
16.44 34 SVINFO 0 22 13 7 40 61 333
16.44 34 FBW_STATUS 0 0 125
16.45 34 RAD_OF_IR -95 8 0.00173
16.48 34 IR_SENSORS -773 -94 1
16.51 34 DOWNLINK_STATUS 15 5970 379 0 375. 23.
16.58 34 NAVIGATION 0 2 -43 -17 38 0. 3577.1
16.85 34 WP_MOVED 1 506292.5 3566296.25 800.
16.87 34 GYRO_RATES -517 -482 -455 4.511676 -4.206244 -3.970624
16.87 34 GPS 3 50632230 356624430 75 75303 10 126 144807998 12 0
16.87 34 SVINFO 1 14 13 7 39 57 212
16.87 34 ESTIMATOR 753.030029 1.26 1.26 1.26 753.030029
16.87 34 BAT 0 125 27 0 31 26 0
16.92 34 NAVIGATION 0 2 -43 -17 38 0. 3581.7
16.92 34 ATTITUDE -15 0 -23
16.92 34 CALIBRATION 0. 0.023 0.067 0
16.94 34 SERVO 9600 -9600 0
16.94 34 GPS 3 50632232 356624434 56 75322 27 127 144808250 12 0
16.94 34 SVINFO 2 18 13 7 37 53 36
17.02 34 DESIRED 0. -0.01 0. 0. 770. 0.
17.02 34 IR_DEBUG 485 618 485 618
17.02 34 NAVIGATION 0 2 -43 -17 38 0. 3578.7
17.08 34 WP_MOVED 2 506379.59375 3566304.75 800.
17.32 34 GPS 3 50632227 356624442 52 75336 51 137 144808498 12 0
17.32 34 SVINFO 3 21 13 7 35 47 119
17.32 34 ESTIMATOR 753.359985 1.37 1.37 1.37 753.359985
17.43 34 COMMANDS 10,-23,-15,-611
17.47 34 NAVIGATION 0 2 -43 -17 38 0. 3567.4
17.47 34 ATTITUDE -14 0 -25
17.47 34 DL_VALUE 32 0.001
17.47 34 FBW_STATUS 0 0 125
17.47 34 RAD_OF_IR -89 -11 0.00173
17.47 34 GPS 3 50632228 356624446 62 75339 17 117 144808750 12 0
17.47 34 SVINFO 4 6 13 7 39 40 267
17.47 34 IR_SENSORS -785 -88 1
17.49 34 NAVIGATION 0 2 -43 -17 38 0. 3563.9
17.51 34 DOWNLINK_STATUS 16 6432 409 0 462. 30.
17.59 34 WP_MOVED 3 506366. 3566262. 0.
17.59 34 GYRO_RATES -517 -482 -455 4.511676 -4.206244 -3.970624
17.84 34 GPS 3 50632234 356624451 58 75346 56 157 144808998 12 0
17.84 34 SVINFO 5 3 13 7 39 32 281
17.84 34 ESTIMATOR 753.460022 1.57 1.57 1.57 753.460022
17.84 34 NAVIGATION 0 2 -43 -17 38 0. 3562.3
17.84 34 ATTITUDE -13 0 -26
18.03 34 GPS 3 50632235 356624456 44 75354 41 125 144809250 12 0
18.06 34 SVINFO 6 9 13 7 38 27 75
18.06 34 DESIRED 0. -0.01 0. 0. 770. 0.
18.06 34 NAVIGATION 0 2 -43 -17 38 0. 3557.7
18.06 34 WP_MOVED 0 506408. 3566304. 800.
18.09 34 ESTIMATOR 753.539978 1.25 1.25 1.25 753.539978
18.43 34 GPS 3 50632244 356624461 45 75368 42 141 144809498 12 0
18.44 34 SVINFO 7 19 13 7 38 21 311
18.44 34 COMMANDS 6,-26,-40,-606
18.44 34 NAVIGATION 0 2 -43 -17 38 0. 3557.9
18.44 34 ATTITUDE -15 0 -25
18.44 34 DL_VALUE 33 0.01
18.51 34 FBW_STATUS 0 0 125
18.51 34 RAD_OF_IR -90 2 0.00173
18.51 34 IR_SENSORS -786 -90 1
18.51 34 GPS 3 50632249 356624465 42 75384 41 117 144809750 12 0
18.51 34 SVINFO 8 26 13 7 36 20 40
18.51 34 NAVIGATION 0 2 -43 -17 38 0. 3556.8
18.51 34 DOWNLINK_STATUS 17 6829 434 0 397. 25.
18.52 34 WP_MOVED 1 506292.5 3566296.25 800.
18.52 34 GYRO_RATES -517 -482 -455 4.511676 -4.206244 -3.970624
18.59 34 ESTIMATOR 753.840027 1.17 1.17 1.17 753.840027
18.59 34 BAT 8 125 29 0 33 28 0
18.73 34 GPS 3 50632246 356624467 44 75398 36 143 144809998 12 0
18.73 34 SVINFO 9 27 13 6 36 16 51
18.73 34 NAVIGATION 0 2 -43 -17 38 0. 3552.9
18.73 34 ATTITUDE -15 0 -24
18.73 34 CALIBRATION 0. 0.023 0.067 0
18.91 34 SERVO 9600 -9600 8
19.02 34 DESIRED 0. -0.01 0. 0. 770. 0.
19.02 34 IR_DEBUG 490 623 490 623
19.02 34 NAVIGATION 0 2 -43 -17 38 0. 3552.9
19.02 34 GPS 3 50632243 356624465 43 75417 19 133 144810250 12 0
19.02 34 SVINFO 10 24 12 4 31 7 126
19.02 34 WP_MOVED 2 506379.59375 3566304.75 800.
19.08 34 ESTIMATOR 754.169983 1.33 1.33 1.33 754.169983
19.21 34 COMMANDS 3,-43,-45,-605
19.21 34 NAVIGATION 0 2 -43 -17 38 0. 3553.2
19.21 34 ATTITUDE -15 0 -24
19.21 34 DL_VALUE 34 1.
19.21 34 GPS 3 50632248 356624473 35 75430 62 126 144810498 12 0
19.21 34 FBW_STATUS 0 0 125
19.21 34 RAD_OF_IR -97 -23 0.00173
19.41 34 ACTUATORS 1497,1500,0,1200,1469
19.41 34 IR_SENSORS -777 -97 1
19.51 34 NAVIGATION 0 2 -43 -17 38 0. 3548.
19.51 34 GPS 3 50632247 356624483 32 75443 65 129 144810750 12 0
19.51 34 WP_MOVED 3 506366. 3566262. 0.
19.51 34 GYRO_RATES -517 -482 -455 4.511676 -4.206244 -3.970624
19.51 34 ESTIMATOR 754.429993 1.29 1.29 1.29 754.429993
19.51 34 DOWNLINK_STATUS 18 7323 465 0 494. 31.
19.59 34 NAVIGATION 0 2 -43 -17 38 0. 3537.1
19.59 34 ATTITUDE -16 0 -24
19.68 34 GPS 3 50632249 356624488 32 75456 41 130 144810998 12 0
19.91 34 DESIRED 0. -0.01 0. 0. 770. 0.
20.00 34 NAVIGATION 0 2 -43 -17 38 0. 3533.1
20.00 34 WP_MOVED 0 506408. 3566304. 800.
20.00 34 PPRZ_MODE 0 1 2 0 0 17 0
20.00 34 GPS 3 50632255 356624490 57 75464 32 125 144811250 12 0
20.01 34 ESTIMATOR 754.640015 1.25 1.25 1.25 754.640015
20.09 34 COMMANDS 7,-51,-47,-616
20.09 34 NAVIGATION 0 2 -43 -17 38 0. 3534.7
20.09 34 ATTITUDE -16 0 -23
20.09 34 DL_VALUE 35 0.
20.19 34 GPS 3 50632261 356624487 84 75475 9 125 144811498 12 0
20.19 34 FBW_STATUS 0 0 125
20.19 34 RAD_OF_IR -99 77 0.00173
20.42 34 IR_SENSORS -773 -100 1
20.42 34 NAVIGATION 0 2 -43 -17 38 0. 3541.4
20.53 34 WP_MOVED 1 506292.5 3566296.25 800.
20.53 34 GYRO_RATES -517 -482 -455 4.511676 -4.206244 -3.970624
20.53 34 GPS 3 50632266 356624486 80 75484 27 117 144811750 12 0
20.53 34 SVINFO 0 22 13 7 40 61 333
20.53 34 ESTIMATOR 754.840027 1.17 1.17 1.17 754.840027
20.53 34 BAT 7 125 31 0 35 30 0
20.54 34 DOWNLINK_STATUS 19 7713 489 0 390. 24.
20.59 34 NAVIGATION 0 2 -43 -17 38 0. 3545.4
20.59 34 ATTITUDE -14 0 -24
20.59 34 CALIBRATION 0. 0.023 0.067 0
20.69 34 GPS 3 50632271 356624496 78 75507 34 150 144811998 12 0
20.69 34 SVINFO 1 14 13 7 40 57 212
20.69 34 SERVO 9600 -9600 10
20.94 34 DESIRED 0. -0.01 0. 0. 770. 0.
20.94 34 IR_DEBUG 496 620 496 620
20.94 34 NAVIGATION 0 2 -43 -17 38 0. 3538.2
21.01 34 WP_MOVED 2 506379.59375 3566304.75 800.
21.01 34 GPS 3 50632268 356624498 80 75512 34 146 144812250 12 0
21.01 34 SVINFO 2 18 13 7 37 53 37
21.01 34 ESTIMATOR 755.119995 1.46 1.46 1.46 755.119995
21.02 34 COMMANDS 3,-126,-45,-603
21.02 34 NAVIGATION 0 2 -43 -17 38 0. 3534.3
21.02 34 ATTITUDE -15 0 -25
21.02 34 DL_VALUE 36 0.
21.10 34 FBW_STATUS 0 0 125
21.10 34 RAD_OF_IR -94 5 0.00173
21.10 34 NAVIGATION_REF 506366 3566262 12
21.19 34 GPS 3 50632264 356624499 61 75508 38 132 144812498 12 0
21.19 34 SVINFO 3 21 13 7 35 47 120
21.19 34 IR_SENSORS -772 -95 1
21.21 34 NAVIGATION 0 2 -43 -17 38 0. 3530.9
21.41 34 WP_MOVED 3 506366. 3566262. 0.
21.41 34 GYRO_RATES -517 -482 -455 4.511676 -4.206244 -3.970624
21.51 34 DOWNLINK_STATUS 20 8095 515 0 382. 26.
21.61 34 ESTIMATOR 755.080017 1.32 1.32 1.32 755.080017
21.61 34 GPS 3 50632257 356624491 37 75482 26 103 144812750 12 0
21.61 34 SVINFO 4 6 13 7 40 40 267
21.61 34 NAVIGATION 0 2 -43 -17 38 0. 3534.9
21.61 34 ATTITUDE -16 0 -22
21.72 34 GPS 3 50632256 356624479 8 75455 27 91 144812998 12 0
21.72 34 SVINFO 5 3 13 7 39 32 281
21.72 34 DESIRED 0. -0.01 0. 0. 770. 0.
21.72 34 NAVIGATION 0 2 -43 -17 38 0. 3546.6
21.90 34 WP_MOVED 0 506408. 3566304. 800.
22.02 34 ESTIMATOR 754.549988 0.91 0.91 0.91 754.549988
22.02 34 GPS 3 50632250 356624477 3584 75437 23 107 144813250 12 0
22.02 34 SVINFO 6 9 13 7 37 27 75
22.02 34 COMMANDS 27,-79,-77,-660
22.02 34 NAVIGATION 0 2 -43 -17 38 0. 3545.
22.02 34 ATTITUDE -18 0 -20
22.03 34 DL_VALUE 37 0.1
22.03 34 FBW_STATUS 0 0 125
22.03 34 RAD_OF_IR -119 -67 0.00173
22.22 34 IR_SENSORS -755 -112 1
22.22 34 GPS 3 50632243 356624468 3565 75415 16 105 144813498 12 0
22.22 34 SVINFO 7 19 13 7 39 21 311
22.22 34 NAVIGATION 0 2 -43 -17 38 0. 3550.1
22.42 34 WP_MOVED 1 506292.5 3566296.25 800.
22.42 34 GYRO_RATES -517 -482 -455 4.511676 -4.206244 -3.970624
22.51 34 DOWNLINK_STATUS 21 8492 540 0 397. 25.
22.53 34 ESTIMATOR 754.150024 1.05 1.05 1.05 754.150024
22.53 34 BAT 10 125 33 0 37 32 0
22.53 34 GPS 3 50632235 356624462 3531 75399 47 89 144813750 12 0
22.53 34 SVINFO 8 26 13 7 35 20 40
22.53 34 NAVIGATION 0 2 -43 -17 38 0. 3551.5
22.53 34 ATTITUDE -17 0 -19
22.53 34 CALIBRATION 0. 0.023 0.067 0
22.53 34 SERVO 9600 -9600 24
22.73 34 DESIRED 0. -0.01 0. 0. 770. 0.
22.73 34 IR_DEBUG 461 608 461 608
22.73 34 NAVIGATION 0 2 -43 -17 38 0. 3551.5
22.73 34 GPS 3 50632258 356624390 3549 75311 33 55 144813998 12 0
22.73 34 SVINFO 9 27 13 6 35 16 51
22.73 34 WP_MOVED 2 506379.59375 3566304.75 800.
22.92 34 ESTIMATOR 753.109985 0.55 0.55 0.55 753.109985
23.02 34 COMMANDS 8,-45,-42,-643
23.02 34 NAVIGATION 0 2 -43 -18 38 0. 3640.1
23.02 34 ATTITUDE -17 0 -18
23.02 34 DL_VALUE 38 0.
23.02 34 GPS 3 50632269 356624355 3561 75271 14 51 144814250 12 0
23.02 34 SVINFO 10 24 13 6 33 7 126
23.02 34 FBW_STATUS 0 0 125
23.02 34 RAD_OF_IR -104 33 0.00173
23.09 34 IR_SENSORS -738 -98 1
23.09 34 NAVIGATION 0 2 -43 -18 38 0. 3683.5
23.20 34 GPS 3 50632251 356624360 3566 75269 29 79 144814498 12 0
23.20 34 WP_MOVED 3 506366. 3566262. 0.
23.20 34 GYRO_RATES -517 -482 -455 4.511676 -4.206244 -3.970624
23.42 34 ESTIMATOR 752.690002 0.79 0.79 0.79 752.690002
23.43 34 NAVIGATION 0 2 -43 -18 38 0. 3667.4
23.43 34 ATTITUDE -16 0 -18
23.43 34 GPS 3 50632256 356624334 3575 75228 38 56 144814750 12 0
23.51 34 DOWNLINK_STATUS 22 9001 572 0 509. 32.
23.68 34 NAVIGATION 0 2 -43 -18 38 0. 3697.8
23.72 34 ESTIMATOR 751.919983 0.82 0.82 0.82 751.919983
24.02 34 COMMANDS 13,-43,-40,-630
24.02 34 NAVIGATION 0 2 -43 -18 38 0. 3714.7
24.02 34 ATTITUDE -16 0 -17
24.02 34 DL_VALUE 39 0.067
24.11 34 GPS 3 50632260 356624315 21 75183 44 92 144815250 12 0
24.11 34 FBW_STATUS 0 0 125
24.11 34 RAD_OF_IR -100 39 0.00173
24.11 34 ACTUATORS 1495,1500,0,1200,1469
24.11 34 IR_SENSORS -734 -101 1
24.11 34 NAVIGATION 0 2 -43 -18 38 0. 3720.3
24.24 34 WP_MOVED 1 506292.5 3566296.25 800.
24.24 34 GYRO_RATES -517 -482 -455 4.511676 -4.206244 -3.970624
24.24 34 GPS 3 50632259 356624313 10 75174 13 97 144815498 12 0
24.24 34 ESTIMATOR 751.73999 0.97 0.97 0.97 751.73999
24.24 34 BAT 1 125 35 0 39 34 0
24.30 34 NAVIGATION 0 2 -43 -18 38 0. 3721.8
24.30 34 ATTITUDE -15 0 -18
24.30 34 CALIBRATION 0. 0.023 0.067 0
24.52 34 SERVO 9600 -9600 6
24.52 34 GPS 3 50632254 356624302 13 75141 30 77 144815750 12 0
24.52 34 SVINFO 0 22 13 7 40 61 333
24.52 34 DOWNLINK_STATUS 23 9350 595 0 349. 23.
24.60 34 DESIRED 0. -0.01 0. 0. 770. 0.
24.60 34 IR_DEBUG 462 596 462 596
24.60 34 NAVIGATION 0 2 -43 -18 38 0. 3730.5
24.60 34 WP_MOVED 2 506379.59375 3566304.75 800.
24.60 34 PPRZ_MODE 0 1 2 0 0 1 0
24.70 34 GPS 3 50632255 356624299 15 75140 35 96 144815998 12 0
24.70 34 SVINFO 1 14 13 7 39 57 212
24.70 34 ESTIMATOR 751.400024 0.96 0.96 0.96 751.400024
24.79 34 COMMANDS 8,-35,-34,-586
24.79 34 NAVIGATION 0 2 -43 -19 38 0. 3734.3
24.79 34 ATTITUDE -15 0 -19
24.79 34 DL_VALUE 40 1.
24.80 34 FBW_STATUS 0 0 125
25.00 34 RAD_OF_IR -95 5 0.00173
25.12 34 GPS 3 50632246 356624287 25 75135 27 112 144816250 12 0
25.12 34 SVINFO 2 18 13 7 38 53 37
25.12 34 IR_SENSORS -737 -95 1
25.12 34 NAVIGATION 0 2 -43 -19 38 0. 3741.7
25.12 34 WP_MOVED 3 506366. 3566262. 0.
25.12 34 GYRO_RATES -517 -482 -455 4.511676 -4.206244 -3.970624
25.24 34 ESTIMATOR 751.349976 1.12 1.12 1.12 751.349976
25.24 34 GPS 3 50632233 356624275 48 75118 21 85 144816499 12 0
25.24 34 SVINFO 3 21 13 7 38 47 120
25.24 34 NAVIGATION 0 2 -43 -19 38 0. 3746.7
25.24 34 ATTITUDE -16 0 -18
25.52 34 DOWNLINK_STATUS 24 9729 620 0 379. 25.
25.64 34 GPS 3 50632226 356624254 72 75092 21 52 144816751 12 0
25.64 34 SVINFO 4 6 13 7 40 40 267
25.64 34 DESIRED 0. -0.01 0. 0. 770. 0.
25.64 34 NAVIGATION 0 2 -43 -19 38 0. 3765.1
25.64 34 WP_MOVED 0 506408. 3566304. 800.
25.74 34 ESTIMATOR 750.919983 0.52 0.52 0.52 750.919983
25.74 34 GPS 3 50632209 356624242 55 75064 41 59 144816999 12 0
25.74 34 SVINFO 5 3 13 7 38 32 281
25.74 34 COMMANDS 6,-42,-67,-596
25.74 34 NAVIGATION 0 2 -43 -19 38 0. 3767.9
25.74 34 ATTITUDE -17 0 -16
25.74 34 DL_VALUE 41 0.
25.78 34 FBW_STATUS 0 0 125
25.78 34 RAD_OF_IR -109 -48 0.00173
26.13 34 IR_SENSORS -732 -98 1
26.13 34 GPS 3 50632209 356624234 40 75065 20 88 144817251 12 0
26.13 34 SVINFO 6 9 13 7 36 27 75
26.13 34 NAVIGATION 0 2 -43 -19 38 0. 3776.5
26.24 34 WP_MOVED 1 506292.5 3566296.25 800.
26.24 34 GYRO_RATES -517 -482 -455 4.511676 -4.206244 -3.970624
26.24 34 ESTIMATOR 750.650024 0.88 0.88 0.88 750.650024
26.24 34 BAT 8 125 37 0 41 36 0
26.24 34 NAVIGATION 0 2 -43 -19 38 0. 3776.5
26.24 34 GPS 3 50632208 356624228 61 75046 21 76 144817499 12 0
26.24 34 SVINFO 7 19 13 7 39 21 311
26.24 34 ATTITUDE -13 0 -19
26.24 34 CALIBRATION 0. 0.023 0.067 0
26.27 34 SERVO 9600 -9600 3
26.52 34 DOWNLINK_STATUS 25 10163 648 0 434. 28.
26.64 34 DESIRED 0. -0.01 0. 0. 770. 0.
26.65 34 IR_DEBUG 472 590 472 590
26.65 34 NAVIGATION 0 2 -43 -19 38 0. 3782.3
26.65 34 GPS 3 50632204 356624235 65 75026 35 73 144817751 12 0
26.65 34 SVINFO 8 26 13 7 35 20 40
26.65 34 WP_MOVED 2 506379.59375 3566304.75 800.
26.74 34 ESTIMATOR 750.26001 0.73 0.73 0.73 750.26001
26.74 34 COMMANDS 14,-43,-28,-586
26.74 34 NAVIGATION 0 2 -43 -19 38 0. 3772.4
26.74 34 ATTITUDE -12 0 -20
26.74 34 DL_VALUE 0 770.
26.74 34 GPS 3 50632211 356624236 101 75025 25 95 144817999 12 0
26.74 34 SVINFO 9 27 13 7 36 16 51
26.74 34 FBW_STATUS 0 0 125
26.74 34 RAD_OF_IR -74 103 0.00173
26.80 34 IR_SENSORS -748 -72 1
27.15 34 NAVIGATION 0 2 -43 -19 38 0. 3775.5
27.15 34 GPS 3 50632215 356624225 96 75026 20 83 144818251 12 0
27.15 34 SVINFO 10 24 13 5 35 7 126
27.15 34 WP_MOVED 3 506366. 3566262. 0.
27.15 34 GYRO_RATES -517 -482 -455 4.511676 -4.206244 -3.970624
27.15 34 ESTIMATOR 750.26001 0.83 0.83 0.83 750.26001
27.20 34 NAVIGATION 0 2 -43 -19 38 0. 3789.7
27.20 34 ATTITUDE -10 0 -20
27.20 34 GPS 3 50632214 356624227 80 75028 26 100 144818499 12 0
27.29 34 DESIRED 0. -0.01 0. 0. 770. 0.
27.31 34 NAVIGATION 0 2 -43 -19 38 0. 3787.
27.43 34 WP_MOVED 0 506408. 3566304. 800.
27.43 34 GPS 3 50632212 356624233 72 75035 43 99 144818751 12 0
27.52 34 DOWNLINK_STATUS 26 10646 677 0 483. 29.
27.61 34 ESTIMATOR 750.349976 0.99 0.99 0.99 750.349976
27.84 34 COMMANDS 7,-40,-64,-586
27.84 34 NAVIGATION 0 2 -43 -19 38 0. 3779.3
27.84 34 ATTITUDE -8 0 -20
27.84 34 DL_VALUE 1 1.
27.84 34 GPS 3 50632212 356624237 21 75029 3 62 144818999 12 0
27.84 34 FBW_STATUS 0 0 125
27.84 34 RAD_OF_IR -46 -146 0.00173
27.94 34 IR_SENSORS -751 -51 1
27.98 34 NAVIGATION 0 2 -43 -19 38 0. 3775.
27.98 34 WP_MOVED 1 506292.5 3566296.25 800.
27.98 34 GYRO_RATES -517 -482 -455 4.511676 -4.206244 -3.970624
27.98 34 GPS 3 50632205 356624247 56 75015 25 75 144819251 12 0
28.11 34 ESTIMATOR 750.150024 0.75 0.75 0.75 750.150024
28.11 34 BAT 8 125 39 0 43 38 0
28.21 34 NAVIGATION 0 2 -43 -19 38 0. 3760.1
28.21 34 ATTITUDE -9 0 -20
28.21 34 CALIBRATION 0. 0.023 0.067 0
28.21 34 SERVO 9600 -9600 7
28.21 34 GPS 3 50632197 356624268 99 74977 12 83 144819499 12 0
28.44 34 DESIRED 0. -0.01 0. 0. 770. 0.
28.44 34 IR_DEBUG 500 577 500 577
28.44 34 NAVIGATION 0 2 -44 -19 38 0. 3732.9
28.44 34 WP_MOVED 2 506379.59375 3566304.75 800.
28.52 34 DOWNLINK_STATUS 27 11023 701 0 377. 24.
28.62 34 GPS 3 50632190 356624266 101 74973 14 98 144819751 12 0
28.62 34 SVINFO 0 22 13 7 40 61 333
28.62 34 ESTIMATOR 749.72998 0.98 0.98 0.98 749.72998
28.74 34 COMMANDS 10,-20,-59,-584
28.74 34 NAVIGATION 0 2 -44 -19 38 0. 3730.9
28.74 34 ATTITUDE -9 0 -22
28.74 34 DL_VALUE 2 0.
28.74 34 FBW_STATUS 0 0 125
28.74 34 RAD_OF_IR -59 5 0.00173
28.75 34 GPS 3 50632186 356624272 146 74963 21 69 144819999 12 0
28.75 34 SVINFO 1 14 13 7 39 57 212
28.75 34 ACTUATORS 1496,1500,0,1200,1469
28.75 34 NAVIGATION 0 2 -44 -19 38 0. 3722.1
28.80 34 WP_MOVED 3 506366. 3566262. 0.
28.80 34 GYRO_RATES -517 -482 -455 4.511676 -4.206244 -3.970624
29.12 34 ESTIMATOR 749.630005 0.69 0.69 0.69 749.630005
29.12 34 GPS 3 50632189 356624282 133 74955 12 -7 144820251 12 0
29.12 34 SVINFO 2 18 13 7 38 53 37
29.24 34 NAVIGATION 0 2 -44 -19 38 0. 3713.2
29.24 34 ATTITUDE 2 0 -40
29.24 34 GPS 3 50632175 356624315 129 74957 71 65 144820499 12 0
29.24 34 SVINFO 3 21 13 6 37 47 120
29.24 34 DESIRED 0. -0.01 0. 0. 770. 0.
29.24 34 NAVIGATION 0 2 -44 -18 38 0. 3669.9
29.28 34 WP_MOVED 0 506408. 3566304. 800.
29.28 34 PPRZ_MODE 0 1 2 0 0 1 0
29.41 34 ESTIMATOR 749.570007 0.65 0.65 0.65 749.570007
29.41 34 GPS 3 50632166 356624367 135 74962 39 75 144820751 12 0
29.41 34 SVINFO 4 6 13 7 39 40 267
29.52 34 DOWNLINK_STATUS 28 11493 730 0 470. 29.
29.62 34 COMMANDS 9,-18,-63,-611
29.62 34 NAVIGATION 0 2 -44 -18 38 0. 3609.7
29.62 34 ATTITUDE 4 0 -44
29.62 34 DL_VALUE 3 0.
29.72 34 FBW_STATUS 0 0 125
29.72 34 RAD_OF_IR 20 16 0.00173
29.72 34 NAVIGATION_REF 506366 3566262 12
29.72 34 IR_SENSORS -861 -7 1
29.72 34 GPS 3 50632170 356624392 138 74970 34 102 144820999 12 0
29.72 34 SVINFO 5 3 13 7 40 32 281
29.72 34 NAVIGATION 0 2 -44 -18 38 0. 3585.8
29.79 34 WP_MOVED 1 506292.5 3566296.25 800.
29.79 34 GYRO_RATES -517 -482 -455 4.511676 -4.206244 -3.970624
29.91 34 ESTIMATOR 749.700012 1.02 1.02 1.02 749.700012
29.91 34 BAT 7 125 41 0 45 40 0
30.11 34 GPS 3 50632177 356624432 144 74966 64 144 144821251 12 0
30.11 34 SVINFO 6 9 13 6 35 27 74
30.11 34 NAVIGATION 0 2 -44 -17 38 0. 3548.3
30.11 34 ATTITUDE 3 0 -39
30.11 34 CALIBRATION 0. 0.023 0.067 0
30.11 34 SERVO 9600 -9600 10
30.23 34 DESIRED 0. -0.01 0. 0. 770. 0.
30.23 34 IR_DEBUG 645 610 645 610
30.23 34 GPS 3 50632178 356624455 3591 74974 105 230 144821499 12 0
30.23 34 SVINFO 7 19 13 7 33 21 311
30.23 34 NAVIGATION 0 2 -44 -17 38 0. 3525.
30.24 34 WP_MOVED 2 506379.59375 3566304.75 800.
30.28 34 ESTIMATOR 749.73999 2.3 2.3 2.3 749.73999
30.52 34 DOWNLINK_STATUS 29 11911 758 0 418. 28.
30.64 34 COMMANDS 6,-43,-45,-615
30.64 34 NAVIGATION 0 2 -44 -17 38 0. 3525.
30.64 34 GPS 3 50632189 356624451 3598 75015 99 280 144821751 12 0
30.65 34 SVINFO 8 26 13 7 37 20 40
30.65 34 ATTITUDE -1 0 -35
30.65 34 DL_VALUE 4 0.
30.65 34 FBW_STATUS 0 0 125
30.65 34 RAD_OF_IR -26 19 0.00173
30.72 34 IR_SENSORS -855 -30 1
30.72 34 NAVIGATION 0 2 -44 -17 38 0. 3535.6
30.72 34 GPS 3 50632202 356624446 60 75046 131 338 144821999 12 0
30.72 34 SVINFO 9 27 13 5 35 16 51
30.72 34 WP_MOVED 3 506366. 3566262. 0.
30.72 34 GYRO_RATES -517 -482 -455 4.511676 -4.206244 -3.970624
30.78 34 ESTIMATOR 750.460022 3.38 3.38 3.38 750.460022
30.92 34 NAVIGATION 0 2 -43 -17 38 0. 3548.5
30.92 34 ATTITUDE -3 0 -41
30.92 34 GPS 3 50632226 356624437 153 75083 152 424 144822251 12 0
30.93 34 SVINFO 10 24 12 4 31 7 126
31.22 34 DESIRED 0. -0.01 0. 0. 770. 0.
31.22 34 NAVIGATION 0 2 -43 -17 38 0. 3572.
31.30 34 WP_MOVED 0 506408. 3566304. 800.
31.30 34 GPS 3 50632225 356624441 3546 75155 132 293 144822499 12 0
31.30 34 ESTIMATOR 751.549988 2.93 2.93 2.93 751.549988
31.41 34 COMMANDS 7,-49,-48,-613
31.41 34 NAVIGATION 0 2 -43 -17 38 0. 3567.3
31.41 34 ATTITUDE 8 0 -57
31.41 34 DL_VALUE 5 43.
31.41 34 GPS 3 50632225 356624437 3511 75171 119 211 144822751 12 0
31.41 34 FBW_STATUS 0 0 125
31.41 34 RAD_OF_IR 70 -99 0.00173
31.48 34 IR_SENSORS -976 58 1
31.52 34 DOWNLINK_STATUS 30 12392 790 0 481. 32.
31.70 34 NAVIGATION 0 2 -43 -17 38 0. 3571.4
31.82 34 WP_MOVED 1 506292.5 3566296.25 800.
31.82 34 GYRO_RATES -517 -482 -455 4.511676 -4.206244 -3.970624
31.82 34 GPS 3 50632216 356624474 3560 75176 115 350 144822999 12 0
31.82 34 ESTIMATOR 751.76001 3.5 3.5 3.5 751.76001
31.82 34 BAT 10 125 43 0 47 42 0
31.83 34 NAVIGATION 0 2 -43 -17 38 0. 3527.8
31.83 34 ATTITUDE 8 0 -49
31.83 34 CALIBRATION 0. 0.023 0.067 0
31.90 34 GPS 3 50632219 356624459 3558 75225 65 221 144823251 12 0
31.93 34 SERVO 9600 -9600 7
32.02 34 DESIRED 0. -0.01 0. 0. 770. 0.
32.02 34 IR_DEBUG 742 652 742 652
32.02 34 NAVIGATION 0 2 -43 -17 38 0. 3545.1
32.20 34 WP_MOVED 2 506379.59375 3566304.75 800.
32.32 34 GPS 3 50632234 356624413 3574 75239 61 232 144823499 12 0
32.32 34 ESTIMATOR 752.390015 2.32 2.32 2.32 752.390015
32.32 34 COMMANDS 7,-43,-66,-618
32.32 34 NAVIGATION 0 2 -43 -17 38 0. 3601.7
32.32 34 ATTITUDE 5 0 -57
32.32 34 DL_VALUE 6 1.
32.32 34 FBW_STATUS 0 0 125
32.41 34 RAD_OF_IR 37 46 0.00173
32.44 34 GPS 3 50632241 356624384 3594 75259 35 187 144823751 12 0
32.45 34 SVINFO 0 22 13 6 37 61 333
32.47 34 IR_SENSORS -998 42 1
32.49 34 NAVIGATION 0 2 -43 -18 38 0. 3636.2
32.52 34 DOWNLINK_STATUS 31 12824 817 0 432. 27.
32.71 34 WP_MOVED 3 506366. 3566262. 0.
32.71 34 GYRO_RATES -517 -482 -455 4.511676 -4.206244 -3.970624
32.81 34 GPS 3 50632246 356624364 3598 75247 39 171 144823999 12 0
32.81 34 SVINFO 1 14 13 6 39 57 212
32.81 34 ESTIMATOR 752.469971 1.71 1.71 1.71 752.469971
32.81 34 NAVIGATION 0 2 -43 -18 38 0. 3660.2
32.81 34 ATTITUDE 4 0 -56
33.03 34 GPS 3 50632249 356624353 0 75229 58 130 144824251 12 0
33.06 34 SVINFO 2 18 13 6 38 53 37
33.06 34 DESIRED 0. -0.01 0. 0. 770. 0.
33.06 34 NAVIGATION 0 2 -43 -18 38 0. 3673.5
33.07 34 WP_MOVED 0 506408. 3566304. 800.
33.21 34 ESTIMATOR 752.289978 1.3 1.3 1.3 752.289978
33.31 34 GPS 3 50632249 356624351 3597 75209 96 130 144824499 12 0
33.31 34 SVINFO 3 21 13 6 35 47 120
33.31 34 COMMANDS 7,-42,-39,-611
33.31 34 NAVIGATION 0 2 -43 -18 38 0. 3675.6
33.31 34 ATTITUDE 9 0 -55
33.31 34 DL_VALUE 7 0.
33.32 34 FBW_STATUS 0 0 125
33.32 34 RAD_OF_IR 73 -8 0.00173
33.52 34 DOWNLINK_STATUS 32 13158 838 0 334. 21.
34.52 34 DOWNLINK_STATUS 33 13158 838 0 0. 0.
35.52 34 DOWNLINK_STATUS 34 13158 838 0 0. 0.
36.52 34 DOWNLINK_STATUS 35 13158 838 0 0. 0.
37.52 34 DOWNLINK_STATUS 36 13158 838 0 0. 0.
38.52 34 DOWNLINK_STATUS 37 13158 838 0 0. 0.
39.52 34 DOWNLINK_STATUS 38 13158 838 0 0. 0.
40.52 34 DOWNLINK_STATUS 39 13158 838 0 0. 0.
41.52 34 DOWNLINK_STATUS 40 13158 838 0 0. 0.
42.52 34 DOWNLINK_STATUS 41 13158 838 0 0. 0.
43.52 34 DOWNLINK_STATUS 42 13158 838 0 0. 0.
43.61 34 BOOT 1
43.62 34 PPRZ_MODE 2 0 0 0 0 1 0
43.62 34 GPS 0 50632427 356624533 0 74858 0 0 144833471 12 0
43.62 34 FBW_STATUS 0 0 0
43.62 34 RAD_OF_IR 93 0 0.00211
43.62 34 ACTUATORS 1495,1501,0,1200,1469
43.62 34 IR_SENSORS -1075 93 1
43.62 34 NAVIGATION 0 1 0 0 38 0. 6571.9
43.62 34 WP_MOVED 1 506292.5 3566296.25 800.
43.67 34 DL_VALUE 1 1.
43.67 34 PPRZ_MODE 2 0 3 0 0 5 0
43.67 34 FBW_STATUS 0 1 125
43.67 34 RAD_OF_IR 109 0 0.00211
43.67 34 PPRZ_MODE 0 0 3 0 0 17 0
43.67 34 IR_SENSORS -1087 143 1
43.67 34 NAVIGATION 0 1 0 0 38 0. 6571.9
43.76 34 WP_MOVED 1 506292.5 3566296.25 800.
43.76 34 GYRO_RATES -517 -482 -455 4.511676 -4.206244 -3.970624
43.86 34 ESTIMATOR 0. 0. 0. 0. 0.
43.86 34 BAT 9 125 0 0 2 0 0
44.10 34 GPS 0 50632427 356624533 0 74858 0 0 144835251 12 0
44.10 34 NAVIGATION 0 1 0 0 38 0. 6571.9
44.10 34 ATTITUDE 16 0 -104
44.10 34 CALIBRATION 0. 0.023 0.067 0
44.28 34 SERVO 9600 -9600 7
44.29 34 DESIRED 0. 0. 0. 0. 770. 0.
44.29 34 IR_DEBUG 834 709 834 709
44.29 34 GPS 0 50632427 356624533 0 74858 0 0 144835499 12 0
44.29 34 NAVIGATION 0 1 0 0 38 0. 6571.9
44.29 34 WP_MOVED 2 506379.59375 3566304.75 800.
44.36 34 ESTIMATOR 0. 0. 0. 0. 0.
44.36 34 PPRZ_MODE 1 0 3 0 0 21 0
44.36 34 CALIB_START 
44.52 34 DOWNLINK_STATUS 43 13609 871 0 451. 33.
44.60 34 COMMANDS 7,-9600,9600,9600
44.60 34 NAVIGATION 0 1 0 0 38 0. 6571.9
44.60 34 ATTITUDE 13 0 -104
44.60 34 DL_VALUE 2 0.
44.60 34 GPS 0 50632427 356624533 0 74858 0 0 144835751 12 0
44.60 34 FBW_STATUS 0 1 125
44.67 34 RAD_OF_IR 118 0 0.00211
44.67 34 IR_SENSORS -1090 131 1
44.67 34 NAVIGATION 0 1 0 0 38 0. 6571.9
44.67 34 GPS 0 50632427 356624533 0 74858 0 0 144835999 12 0
44.75 34 WP_MOVED 3 506366. 3566262. 0.
44.75 34 GYRO_RATES -517 -482 -455 4.511676 -4.206244 -3.970624
44.77 34 ESTIMATOR 0. 0. 0. 0. 0.
44.86 34 NAVIGATION 0 1 0 0 38 0. 6571.9
44.86 34 ATTITUDE 23 0 -107
44.86 34 CALIB_START 
44.99 34 GPS 0 50632427 356624533 0 74858 0 0 144836251 12 0
45.06 34 DESIRED -0. -0. 0. 0. 770. 0.
45.08 34 NAVIGATION 0 1 0 0 38 0. 6571.9
45.16 34 GPS 0 50632427 356624533 0 74858 0 0 144836499 12 0
45.16 34 WP_MOVED 0 506408. 3566304. 800.
45.25 34 ESTIMATOR 0. 0. 0. 0. 0.
45.49 34 COMMANDS 8,-9600,9600,9600
45.49 34 NAVIGATION 0 1 0 0 38 0. 6571.9
45.49 34 CALIB_CONTRAST 1102
45.49 34 ATTITUDE 24 0 -108
45.49 34 DL_VALUE 3 0.
45.52 34 DOWNLINK_STATUS 44 14016 898 0 407. 27.
45.56 34 GPS 0 50632427 356624533 0 74858 0 0 144836751 12 0
45.56 34 FBW_STATUS 0 1 125
45.56 34 RAD_OF_IR 146 0 0.00172
45.56 34 IR_SENSORS -1103 146 1
45.56 34 NAVIGATION 0 1 0 0 38 0. 6571.9
45.68 34 WP_MOVED 1 506292.5 3566296.25 800.
45.68 34 GYRO_RATES -517 -482 -455 4.511676 -4.206244 -3.970624
45.68 34 GPS 0 50632427 356624533 0 74858 0 0 144836999 12 0
45.75 34 ESTIMATOR 0. 0. 0. 0. 0.
45.75 34 BAT 7 125 0 0 4 0 0
45.98 34 NAVIGATION 0 1 0 0 38 0. 6571.9
45.98 34 ATTITUDE 19 0 -71
45.98 34 CALIBRATION 0. 0.023 0.067 1
46.08 34 GPS 0 50632427 356624533 0 74858 0 0 144837251 12 0
46.08 34 CALIB_CONTRAST 1102
46.08 34 SERVO 9600 -9600 6
46.08 34 DESIRED 0.17 0. 0. 0. 770. 0.
46.08 34 IR_DEBUG 891 682 891 682
46.08 34 NAVIGATION 0 1 0 0 38 0. 6571.9
46.09 34 WP_MOVED 2 506379.59375 3566304.75 800.
46.15 34 GPS 0 50632427 356624533 0 74858 0 0 144837499 12 0
46.18 34 ESTIMATOR 0. 0. 0. 0. 0.
46.29 34 COMMANDS 6,-9600,9600,9600
46.29 34 NAVIGATION 0 1 0 0 38 0. 6571.9
46.29 34 ATTITUDE 18 0 -69
46.29 34 DL_VALUE 4 1.
46.52 34 DOWNLINK_STATUS 45 14424 924 0 408. 26.
46.57 34 FBW_STATUS 0 1 125
46.57 34 RAD_OF_IR 132 0 0.00172
46.69 34 GPS 0 50632427 356624533 0 74858 0 0 144837751 12 0
46.69 34 ACTUATORS 1500,1000,0,1200,2000
46.69 34 IR_SENSORS -1065 132 1
46.69 34 NAVIGATION 0 1 0 0 38 0. 6571.9
46.69 34 WP_MOVED 3 506366. 3566262. 0.
46.69 34 GYRO_RATES -517 -482 -455 4.511676 -4.206244 -3.970624
46.70 34 GPS 0 50632427 356624533 0 74858 0 0 144837999 12 0
46.70 34 ESTIMATOR 0. 0. 0. 0. 0.
46.75 34 NAVIGATION 0 1 0 0 38 0. 6571.9
46.75 34 ATTITUDE 12 0 -56
46.84 34 CALIB_CONTRAST 1102
47.07 34 GPS 0 50632427 356624533 0 74858 0 0 144838251 12 0
47.17 34 DESIRED -0. -0. 0. 0. 770. 0.
47.17 34 NAVIGATION 0 1 0 0 38 0. 6571.9
47.17 34 PPRZ_MODE 0 0 3 0 0 17 0
47.17 34 WP_MOVED 0 506408. 3566304. 800.
47.17 34 PPRZ_MODE 0 0 3 0 0 17 0
47.28 34 ESTIMATOR 0. 0. 0. 0. 0.
47.28 34 GPS 0 50632427 356624533 0 74858 0 0 144838499 12 0
47.28 34 COMMANDS 8,-20,-42,-636
47.28 34 NAVIGATION 0 1 0 0 38 0. 6571.9
47.29 34 ATTITUDE 10 0 -41
47.29 34 DL_VALUE 5 0.
47.29 34 FBW_STATUS 0 0 125
47.29 34 RAD_OF_IR 91 0 0.00172
47.52 34 DOWNLINK_STATUS 46 14831 951 0 407. 27.
47.59 34 IR_SENSORS -885 104 1
47.59 34 GPS 0 50632427 356624533 0 74858 0 0 144838751 12 0
47.59 34 NAVIGATION 0 1 0 0 38 0. 6571.9
47.70 34 WP_MOVED 1 506292.5 3566296.25 800.
47.70 34 GYRO_RATES -517 -482 -455 4.511676 -4.206244 -3.970624
47.70 34 ESTIMATOR 0. 0. 0. 0. 0.
47.70 34 BAT 6 125 0 0 6 0 0
47.70 34 GPS 0 50632427 356624533 0 74858 0 0 144838999 12 0
47.70 34 NAVIGATION 0 1 0 0 38 0. 6571.9
47.70 34 ATTITUDE 17 0 -38
47.70 34 CALIBRATION 0. 0.023 0.067 0
47.75 34 CALIB_CONTRAST 1102
47.76 34 SERVO 9600 -9600 3
48.11 34 DESIRED -0. -0. 0. 0. 770. 0.
48.11 34 IR_DEBUG 717 544 717 544
48.11 34 GPS 0 50632427 356624533 0 74858 0 0 144839251 12 0
48.11 34 NAVIGATION 0 1 0 0 38 0. 6571.9
48.11 34 WP_MOVED 2 506379.59375 3566304.75 800.
48.15 34 ESTIMATOR 0. 0. 0. 0. 0.
48.17 34 COMMANDS 7,-9,-42,-636
48.17 34 NAVIGATION 0 1 0 0 38 0. 6571.9
48.17 34 ATTITUDE 10 0 -36
48.17 34 DL_VALUE 6 0.
48.27 34 GPS 0 50631599 356625309 37 68365 33 11 144839499 12 0
48.27 34 SVINFO 2 18 12 3 35 53 37
48.27 34 FBW_STATUS 0 0 125
48.28 34 RAD_OF_IR 82 0 0.00172
48.37 34 IR_SENSORS -863 79 1
48.37 34 NAVIGATION 0 1 0 0 38 0. 6571.9
48.52 34 DOWNLINK_STATUS 47 15275 980 0 444. 29.
48.70 34 WP_MOVED 3 506366. 3566262. 0.
48.70 34 GYRO_RATES -517 -482 -455 4.511676 -4.206244 -3.970624
48.70 34 GPS 3 50631478 356625264 147 71262 20 54 144839751 12 0
48.70 34 SVINFO 3 21 13 5 33 47 120
48.78 34 ESTIMATOR 712.619995 0.54 0.54 0.54 712.619995
48.78 34 NAVIGATION 0 1 -51 -9 38 0. 2393.9
48.78 34 ATTITUDE 9 0 -36
48.78 34 TAKEOFF 16
48.78 34 GPS 3 50631662 356625096 42 72254 22 110 144839999 12 0
48.78 34 SVINFO 4 6 13 6 31 40 267
48.86 34 DESIRED -0. -0. 0. 0. 770. 0.
48.86 34 NAVIGATION 0 2 -49 -11 38 0. 2628.4
48.96 34 GPS 3 50631729 356625030 57 72742 35 90 144840251 12 0
48.96 34 SVINFO 5 3 13 6 36 32 281
48.96 34 WP_MOVED 0 506408. 3566304. 800.
49.17 34 ESTIMATOR 727.419983 0.9 0.9 0.9 727.419983
49.29 34 COMMANDS 8,-6,-39,-558
49.29 34 NAVIGATION 0 2 -48 -11 38 0. 2721.4
49.29 34 ATTITUDE 9 0 -36
49.29 34 DL_VALUE 7 0.
49.29 34 GPS 3 50631844 356624973 126 73132 58 88 144840499 12 0
49.29 34 SVINFO 6 9 13 6 34 27 74
49.29 34 FBW_STATUS 0 0 125
49.29 34 RAD_OF_IR 73 198 0.00172
49.29 34 IR_SENSORS -867 73 1
49.34 34 NAVIGATION 0 2 -47 -12 38 0. 2832.3
49.51 34 WP_MOVED 1 506292.5 3566296.25 800.
49.55 34 GYRO_RATES -517 -482 -455 4.511676 -4.206244 -3.970624
49.55 34 GPS 3 50632060 356624652 226 74033 29 115 144840751 12 0
49.55 34 SVINFO 7 19 12 5 33 21 311
49.55 34 ESTIMATOR 740.330017 1.15 1.15 1.15 740.330017
49.55 34 BAT 8 125 2 0 8 1 0
49.55 34 DOWNLINK_STATUS 48 15784 1012 0 509. 32.
49.68 34 NAVIGATION 0 2 -45 -15 38 0. 3257.7
49.68 34 ATTITUDE 9 0 -37
49.68 34 CALIBRATION 0. 0.023 0.067 0
49.69 34 SERVO 9600 -9600 7
49.69 34 GPS 3 50632176 356624616 329 74322 32 83 144840999 12 0
49.79 34 DESIRED 0. -0. 0. 0. 770. 0.
49.79 34 IR_DEBUG 673 570 673 570
49.79 34 NAVIGATION 0 2 -44 -15 38 0. 3360.1
49.84 34 WP_MOVED 2 506379.59375 3566304.75 800.
49.96 34 GPS 3 50632244 356624579 321 74486 16 56 144841251 12 0
49.99 34 ESTIMATOR 744.859985 0.56 0.56 0.56 744.859985
50.18 34 COMMANDS 0,-18,-48,-574
50.18 34 NAVIGATION 0 2 -43 -16 38 0. 3437.6
50.18 34 ATTITUDE 9 0 -37
50.18 34 DL_VALUE 8 1.
50.26 34 FBW_STATUS 0 0 125
50.26 34 RAD_OF_IR 72 -22 0.00172
50.26 34 GPS 3 50632270 356624564 277 74587 27 39 144841499 12 0
50.26 34 IR_SENSORS -870 72 1
50.27 34 NAVIGATION 0 2 -43 -16 38 0. 3468.4
50.36 34 WP_MOVED 3 506366. 3566262. 0.
50.36 34 GYRO_RATES -517 -482 -455 4.511676 -4.206244 -3.970624
50.50 34 ESTIMATOR 745.869995 0.39 0.39 0.39 745.869995
50.50 34 GPS 3 50632283 356624585 374 74699 20 61 144841751 12 0
50.51 34 NAVIGATION 0 2 -43 -16 38 0. 3455.
50.51 34 ATTITUDE 9 0 -37
50.52 34 DOWNLINK_STATUS 49 16200 1038 0 416. 26.
50.77 34 GPS 3 50632284 356624576 421 74833 4 21 144841999 12 0
50.89 34 DESIRED 0. -0. 0. 0. 770. 0.
50.89 34 NAVIGATION 0 2 -43 -16 38 0. 3464.7
50.89 34 WP_MOVED 0 506408. 3566304. 800.
50.89 34 ESTIMATOR 748.330017 0.21 0.21 0.21 748.330017
50.99 34 GPS 3 50632283 356624551 317 74906 14 40 144842251 12 0
50.99 34 COMMANDS 8,-35,-47,-611
50.99 34 NAVIGATION 0 2 -43 -16 38 0. 3489.4
50.99 34 ATTITUDE 10 0 -34
50.99 34 DL_VALUE 9 -61.099998
51.05 34 FBW_STATUS 0 0 125
51.05 34 RAD_OF_IR 90 -294 0.00172
51.05 34 NAVIGATION_REF 506366 3566262 12
51.29 34 ACTUATORS 1497,1501,0,1200,1469
51.29 34 IR_SENSORS -835 81 1
51.29 34 GPS 3 50632277 356624538 269 74945 18 24 144842499 12 0
51.29 34 NAVIGATION 0 2 -43 -16 38 0. 3498.9
51.37 34 WP_MOVED 1 506292.5 3566296.25 800.
51.37 34 GYRO_RATES -517 -482 -455 4.511676 -4.206244 -3.970624
51.37 34 ESTIMATOR 749.450012 0.24 0.24 0.24 749.450012
51.37 34 BAT 8 125 4 0 10 3 0
51.48 34 NAVIGATION 0 2 -43 -16 38 0. 3498.9
51.48 34 GPS 3 50632263 356624504 264 74972 27 23 144842751 12 0
51.48 34 ATTITUDE 12 0 -30
51.48 34 CALIBRATION 0. 0.023 0.067 0
51.52 34 DOWNLINK_STATUS 50 16610 1063 0 410. 25.
51.54 34 SERVO 9600 -9600 6
51.94 34 DESIRED 0. -0. 0. 0. 770. 0.
51.94 34 IR_DEBUG 695 532 695 532
51.94 34 GPS 3 50632192 356624415 156 75042 28 87 144842999 12 0
51.94 34 SVINFO 0 22 13 6 39 61 333
51.94 34 NAVIGATION 0 2 -44 -17 38 0. 3574.7
51.94 34 WP_MOVED 2 506379.59375 3566304.75 800.
52.00 34 ESTIMATOR 750.419983 0.87 0.87 0.87 750.419983
52.00 34 COMMANDS 8,-18,-39,-611
52.00 34 NAVIGATION 0 2 -44 -17 38 0. 3574.7
52.00 34 ATTITUDE 18 0 -41
52.00 34 DL_VALUE 10 0.
52.00 34 GPS 3 50632184 356624345 129 75102 55 114 144843251 12 0
52.00 34 SVINFO 1 14 13 6 36 57 213
52.00 34 FBW_STATUS 0 0 125
52.00 34 RAD_OF_IR 135 -76 0.00172
52.06 34 IR_SENSORS -912 137 1
52.42 34 NAVIGATION 0 2 -44 -18 38 0. 3643.4
52.42 34 GPS 3 50632187 356624312 99 75168 28 174 144843499 12 0
52.42 34 SVINFO 2 18 13 6 38 53 37
52.42 34 WP_MOVED 3 506366. 3566262. 0.
52.42 34 GYRO_RATES -517 -482 -455 4.511676 -4.206244 -3.970624
52.42 34 ESTIMATOR 751.679993 1.74 1.74 1.74 751.679993
52.47 34 NAVIGATION 0 2 -44 -18 38 0. 3680.1
52.47 34 ATTITUDE 20 0 -45
52.47 34 GPS 3 50632201 356624281 71 75217 20 200 144843751 12 0
52.47 34 SVINFO 3 21 13 6 34 47 120
52.52 34 DOWNLINK_STATUS 51 17025 1090 0 415. 27.
52.56 34 DESIRED 0. -0. 0. 0. 770. 0.
52.58 34 NAVIGATION 0 2 -43 -19 38 0. 3721.3
52.69 34 GPS 3 50632232 356624306 44 75235 30 198 144843999 12 0
52.69 34 SVINFO 4 6 13 6 39 40 267
52.69 34 WP_MOVED 0 506408. 3566304. 800.
52.88 34 ESTIMATOR 752.349976 1.98 1.98 1.98 752.349976
52.99 34 COMMANDS 9,-14,-39,-611
52.99 34 NAVIGATION 0 2 -43 -18 38 0. 3713.1
52.99 34 ATTITUDE 20 0 -44
52.99 34 DL_VALUE 11 1.
52.99 34 GPS 3 50632236 356624297 27 75255 44 238 144844251 12 0
52.99 34 SVINFO 5 3 13 6 35 32 281
52.99 34 FBW_STATUS 0 0 125
52.99 34 RAD_OF_IR 138 -48 0.00172
53.05 34 IR_SENSORS -919 111 1
53.05 34 NAVIGATION 0 2 -43 -19 38 0. 3725.1
53.19 34 WP_MOVED 1 506292.5 3566296.25 800.
53.19 34 GYRO_RATES -517 -482 -455 4.511676 -4.206244 -3.970624
53.19 34 GPS 3 50632236 356624289 10 75279 50 254 144844499 12 0
53.19 34 SVINFO 6 9 13 6 32 27 74
53.39 34 ESTIMATOR 752.789978 2.54 2.54 2.54 752.789978
53.39 34 BAT 0 125 6 0 12 5 0
53.52 34 DOWNLINK_STATUS 52 17373 1112 0 348. 22.
53.61 34 NAVIGATION 0 2 -43 -19 38 0. 3733.6
53.61 34 ATTITUDE -2 0 -37
53.61 34 CALIBRATION 0. 0.023 0.067 0
53.61 34 SERVO 9600 -9600 0
53.61 34 GPS 3 50632268 356624250 10 75327 48 274 144844751 12 0
53.61 34 SVINFO 7 19 13 6 35 21 311
53.70 34 GPS 3 50632286 356624218 3399 75356 102 258 144844999 12 0
53.70 34 SVINFO 8 26 13 6 33 19 40
53.70 34 ESTIMATOR 753.559998 2.58 2.58 2.58 753.559998
53.89 34 COMMANDS 5,-14,-40,-605
53.89 34 NAVIGATION 0 2 -43 -19 38 0. 3839.9
53.89 34 ATTITUDE -5 0 -35
53.89 34 DL_VALUE 12 0.
53.96 34 FBW_STATUS 0 0 125
53.96 34 RAD_OF_IR -38 -607 0.00172
53.96 34 GPS 3 50632269 356624239 3403 75353 83 253 144845251 12 0
53.96 34 IR_SENSORS -861 -40 1
53.98 34 NAVIGATION 0 2 -43 -19 38 0. 3807.
54.07 34 WP_MOVED 3 506366. 3566262. 0.
54.07 34 GYRO_RATES -517 -482 -455 4.511676 -4.206244 -3.970624
54.18 34 GPS 3 50632264 356624255 3411 75358 95 223 144845499 12 0
54.18 34 ESTIMATOR 753.580017 2.23 2.23 2.23 753.580017
54.38 34 NAVIGATION 0 2 -43 -19 38 0. 3786.7
54.38 34 ATTITUDE -8 0 -34
54.49 34 GPS 3 50632262 356624269 3416 75351 94 204 144845751 12 0
54.49 34 DESIRED 0. -0. 0. 0. 770. 0.
54.49 34 NAVIGATION 0 2 -43 -19 38 0. 3770.5
54.52 34 DOWNLINK_STATUS 53 17811 1139 0 438. 27.
54.54 34 WP_MOVED 0 506408. 3566304. 800.
54.66 34 ESTIMATOR 753.51001 2.04 2.04 2.04 753.51001
54.66 34 GPS 3 50632266 356624295 3427 75343 96 185 144845999 12 0
54.88 34 COMMANDS 9,-34,-39,-601
54.88 34 NAVIGATION 0 2 -43 -19 38 0. 3745.2
54.88 34 ATTITUDE -6 0 -34
54.88 34 DL_VALUE 13 517.
54.97 34 FBW_STATUS 0 0 125
54.97 34 RAD_OF_IR -37 31 0.00172
54.97 34 IR_SENSORS -852 -36 1
54.97 34 GPS 3 50632268 356624318 3432 75343 80 193 144846251 12 0
54.97 34 NAVIGATION 0 2 -43 -18 38 0. 3722.
55.05 34 WP_MOVED 1 506292.5 3566296.25 800.
55.05 34 GYRO_RATES -517 -482 -455 4.511676 -4.206244 -3.970624
55.42 34 ESTIMATOR 753.429993 1.93 1.93 1.93 753.429993
55.42 34 BAT 9 125 8 0 14 7 0
55.42 34 GPS 3 50632275 356624335 3447 75333 45 166 144846499 12 0
55.42 34 NAVIGATION 0 2 -43 -18 38 0. 3708.2
55.42 34 ATTITUDE -5 0 -34
55.42 34 CALIBRATION 0. 0.023 0.067 0
55.42 34 SERVO 9600 -9600 8
55.48 34 DESIRED 0. -0. 0. 0. 770. 0.
55.48 34 IR_DEBUG 586 630 586 630
55.48 34 NAVIGATION 0 2 -43 -18 38 0. 3708.2
55.48 34 GPS 3 50632281 356624350 3456 75326 44 171 144846751 12 0
55.48 34 WP_MOVED 2 506379.59375 3566304.75 800.
55.52 34 DOWNLINK_STATUS 54 18230 1165 0 419. 26.
55.55 34 ESTIMATOR 753.26001 1.71 1.71 1.71 753.26001
55.91 34 COMMANDS 6,-20,-42,-608
55.91 34 NAVIGATION 0 2 -43 -18 38 0. 3696.
55.91 34 GPS 3 50632292 356624366 3469 75337 54 170 144846999 12 0
55.91 34 SVINFO 0 22 13 7 39 61 333
55.91 34 ATTITUDE -5 0 -34
55.91 34 DL_VALUE 14 482.
55.91 34 FBW_STATUS 0 0 125
55.91 34 RAD_OF_IR -27 37 0.00172
56.01 34 ACTUATORS 1498,1501,0,1200,1469
56.01 34 IR_SENSORS -857 -25 1
56.01 34 NAVIGATION 0 2 -43 -18 38 0. 3685.8
56.01 34 GPS 3 50632299 356624381 3468 75351 80 148 144847251 12 0
56.01 34 SVINFO 1 14 13 6 35 57 213
56.01 34 WP_MOVED 3 506366. 3566262. 0.
56.01 34 GYRO_RATES -517 -482 -455 4.511676 -4.206244 -3.970624
56.05 34 ESTIMATOR 753.51001 1.48 1.48 1.48 753.51001
56.17 34 NAVIGATION 0 2 -43 -18 38 0. 3674.4
56.17 34 ATTITUDE -5 0 -35
56.17 34 GPS 3 50632304 356624390 3462 75367 42 166 144847499 12 0
56.17 34 SVINFO 2 18 13 7 38 53 37
56.48 34 DESIRED 0. -0. 0. 0. 770. 0.
56.48 34 NAVIGATION 0 2 -42 -18 38 0. 3668.
56.53 34 DOWNLINK_STATUS 55 18588 1188 0 358. 23.
56.58 34 GPS 3 50632316 356624402 3473 75387 62 159 144847751 12 0
56.58 34 SVINFO 3 21 13 6 34 47 120
56.58 34 WP_MOVED 0 506408. 3566304. 800.
56.58 34 PPRZ_MODE 0 1 2 0 0 17 0
56.58 34 ESTIMATOR 753.869995 1.59 1.59 1.59 753.869995
56.68 34 COMMANDS 6,-46,-42,-610
56.68 34 NAVIGATION 0 2 -42 -17 38 0. 3662.8
56.68 34 ATTITUDE -5 0 -36
56.68 34 DL_VALUE 15 455.
56.68 34 GPS 3 50632321 356624410 3479 75403 67 154 144847999 12 0
56.68 34 SVINFO 4 6 13 7 38 40 267
56.69 34 FBW_STATUS 0 0 125
56.69 34 RAD_OF_IR -28 17 0.00172
56.75 34 IR_SENSORS -864 -28 1
56.97 34 NAVIGATION 0 2 -42 -17 38 0. 3657.5
57.09 34 WP_MOVED 1 506292.5 3566296.25 800.
57.09 34 GYRO_RATES -517 -482 -455 4.511676 -4.206244 -3.970624
57.09 34 GPS 3 50632326 356624408 3491 75419 51 157 144848251 12 0
57.09 34 SVINFO 5 3 13 7 39 32 281
57.09 34 ESTIMATOR 754.190002 1.57 1.57 1.57 754.190002
57.09 34 BAT 8 125 10 0 16 9 0
57.10 34 NAVIGATION 0 2 -42 -17 38 0. 3662.7
57.10 34 ATTITUDE -5 0 -35
57.10 34 CALIBRATION 0. 0.023 0.067 0
57.17 34 GPS 3 50632329 356624404 3501 75427 27 131 144848499 12 0
57.17 34 SVINFO 6 9 13 7 35 27 74
57.17 34 SERVO 9600 -9600 8
57.29 34 DESIRED 0. -0. 0. 0. 770. 0.
57.29 34 IR_DEBUG 596 637 596 637
57.29 34 NAVIGATION 0 2 -42 -17 38 0. 3668.7
57.47 34 WP_MOVED 2 506379.59375 3566304.75 800.
57.53 34 DOWNLINK_STATUS 56 19056 1219 0 468. 31.
57.59 34 GPS 3 50632339 356624396 3522 75430 28 145 144848751 12 0
57.59 34 SVINFO 7 19 13 6 41 21 311
57.59 34 ESTIMATOR 754.299988 1.45 1.45 1.45 754.299988
57.59 34 COMMANDS 7,-20,-42,-611
57.59 34 NAVIGATION 0 2 -42 -18 38 0. 3683.2
57.59 34 ATTITUDE -6 0 -35
57.59 34 DL_VALUE 16 7500.
57.59 34 FBW_STATUS 0 0 125
57.66 34 RAD_OF_IR -30 59 0.00172
57.66 34 GPS 3 50632346 356624401 3525 75440 37 119 144848999 12 0
57.66 34 SVINFO 8 26 13 6 36 19 40
57.74 34 IR_SENSORS -863 -32 1
57.75 34 NAVIGATION 0 2 -42 -17 38 0. 3682.3
57.98 34 WP_MOVED 3 506366. 3566262. 0.
57.98 34 GYRO_RATES -517 -482 -455 4.511676 -4.206244 -3.970624
58.09 34 GPS 3 50632349 356624403 3516 75458 36 147 144849251 12 0
58.09 34 SVINFO 9 27 12 4 31 16 51
58.09 34 ESTIMATOR 754.580017 1.47 1.47 1.47 754.580017
58.09 34 NAVIGATION 0 2 -42 -17 38 0. 3682.1
58.09 34 ATTITUDE -6 0 -36
58.16 34 GPS 3 50632350 356624407 3510 75469 53 134 144849499 12 0
58.16 34 SVINFO 10 24 12 4 30 7 126
58.18 34 DESIRED 0. -0. 0. 0. 770. 0.
58.27 34 NAVIGATION 0 2 -42 -17 38 0. 3678.5
58.27 34 WP_MOVED 0 506408. 3566304. 800.
58.53 34 DOWNLINK_STATUS 57 19453 1244 0 397. 25.
58.58 34 ESTIMATOR 754.690002 1.34 1.34 1.34 754.690002
58.58 34 GPS 3 50632349 356624408 3525 75468 46 132 144849751 12 0
58.67 34 COMMANDS 7,-18,-40,-608
58.67 34 NAVIGATION 0 2 -42 -17 38 0. 3676.9
58.67 34 ATTITUDE -6 0 -35
58.67 34 DL_VALUE 17 11250.
58.67 34 FBW_STATUS 0 0 125
58.67 34 RAD_OF_IR -28 42 0.00172
58.68 34 GPS 3 50632342 356624412 3527 75467 44 141 144849999 12 0
58.68 34 IR_SENSORS -859 -28 1
58.68 34 NAVIGATION 0 2 -42 -17 38 0. 3668.4
58.76 34 WP_MOVED 1 506292.5 3566296.25 800.
58.76 34 GYRO_RATES -517 -482 -455 4.511676 -4.206244 -3.970624
58.85 34 ESTIMATOR 754.669983 1.41 1.41 1.41 754.669983
58.85 34 BAT 10 125 12 0 18 11 0
59.09 34 GPS 3 50632329 356624427 3519 75462 72 118 144850251 12 0
59.13 34 NAVIGATION 0 2 -42 -17 38 0. 3644.7
59.13 34 ATTITUDE -5 0 -36
59.13 34 CALIBRATION 0. 0.023 0.067 0
59.29 34 SERVO 9600 -9600 5
59.29 34 DESIRED 0. -0. 0. 0. 770. 0.
59.29 34 IR_DEBUG 597 635 597 635
59.29 34 GPS 3 50632311 356624440 3515 75459 60 139 144850499 12 0
59.29 34 NAVIGATION 0 2 -42 -17 38 0. 3620.2
59.29 34 WP_MOVED 2 506379.59375 3566304.75 800.
59.35 34 ESTIMATOR 754.590027 1.39 1.39 1.39 754.590027
59.53 34 DOWNLINK_STATUS 58 19879 1270 0 426. 26.
59.60 34 COMMANDS 6,-17,-42,-610
59.60 34 NAVIGATION 0 2 -42 -17 38 0. 3620.2
59.60 34 GPS 3 50632302 356624447 3507 75463 50 141 144850751 12 0
59.60 34 ATTITUDE -5 0 -36
59.60 34 DL_VALUE 18 10000.
59.60 34 FBW_STATUS 0 0 125
59.79 34 RAD_OF_IR -30 -22 0.00172
59.79 34 NAVIGATION_REF 506366 3566262 12
59.79 34 IR_SENSORS -863 -31 1
59.79 34 NAVIGATION 0 2 -42 -17 38 0. 3607.5
59.80 34 GPS 3 50632292 356624457 3514 75471 54 151 144850999 12 0
59.80 34 SVINFO 0 22 13 7 39 61 333
59.80 34 WP_MOVED 3 506366. 3566262. 0.
59.80 34 ESTIMATOR 754.710022 1.51 1.51 1.51 754.710022
59.85 34 NAVIGATION 0 2 -43 -17 38 0. 3591.
59.85 34 ATTITUDE -5 0 -36
60.09 34 GPS 3 50632298 356624459 3519 75506 44 164 144851251 12 0
60.12 34 SVINFO 1 14 13 6 36 57 213
60.15 34 DESIRED 0. -0. 0. 0. 770. 0.
60.15 34 NAVIGATION 0 2 -43 -17 38 0. 3592.6
60.17 34 GPS 3 50632303 356624475 3524 75532 48 176 144851499 12 0
60.18 34 SVINFO 2 18 13 7 38 53 37
60.18 34 WP_MOVED 0 506408. 3566304. 800.
60.24 34 ESTIMATOR 755.320007 1.76 1.76 1.76 755.320007
60.36 34 COMMANDS 10,-17,-39,-526
60.36 34 NAVIGATION 0 2 -42 -17 38 0. 3579.2
60.36 34 ATTITUDE -5 0 -36
60.36 34 DL_VALUE 19 3000.
60.53 34 DOWNLINK_STATUS 59 20301 1298 0 422. 28.
60.60 34 GPS 3 50632304 356624473 3534 75560 49 191 144851751 12 0
60.60 34 SVINFO 3 21 13 6 37 47 120
60.60 34 FBW_STATUS 0 0 125
60.60 34 RAD_OF_IR -30 28 0.00172
60.60 34 ACTUATORS 1502,1500,0,1200,1472
60.60 34 IR_SENSORS -862 -30 1
60.60 34 NAVIGATION 0 2 -42 -17 38 0. 3581.9
60.69 34 WP_MOVED 1 506292.5 3566296.25 800.
60.69 34 GYRO_RATES -517 -482 -455 4.511676 -4.206244 -3.970624
60.69 34 GPS 3 50632318 356624464 3551 75585 43 147 144851999 12 0
60.69 34 SVINFO 4 6 13 7 40 40 267
60.75 34 ESTIMATOR 755.849976 1.47 1.47 1.47 755.849976
60.75 34 BAT 4 125 14 0 20 13 0
60.98 34 NAVIGATION 0 2 -42 -17 38 0. 3599.7
60.98 34 ATTITUDE -5 0 -36
60.98 34 CALIBRATION 0. 0.023 0.067 0
61.08 34 GPS 3 50632327 356624466 3562 75614 37 154 144852251 12 0
61.08 34 SVINFO 5 3 13 7 39 32 281
61.08 34 SERVO 9600 -9600 6
61.08 34 DESIRED 0. -0. 0. 0. 770. 0.
61.08 34 IR_DEBUG 609 634 609 634
61.08 34 NAVIGATION 0 2 -42 -17 38 0. 3603.2
61.09 34 WP_MOVED 2 506379.59375 3566304.75 800.
61.09 34 PPRZ_MODE 0 1 2 0 0 17 0
61.15 34 GPS 3 50632334 356624454 3566 75627 13 132 144852499 12 0
61.15 34 SVINFO 6 9 13 7 34 27 74
61.17 34 ESTIMATOR 756.27002 1.32 1.32 1.32 756.27002
61.29 34 COMMANDS 0,-7,-189,-519
61.30 34 NAVIGATION 0 2 -42 -17 38 0. 3619.9
61.30 34 ATTITUDE -2 0 -38
61.30 34 DL_VALUE 20 20000.
61.47 34 FBW_STATUS 0 0 125
61.47 34 RAD_OF_IR -10 11 0.00172
61.53 34 DOWNLINK_STATUS 60 20782 1331 0 481. 33.
61.57 34 GPS 3 50632338 356624454 3550 75651 66 119 144852751 12 0
61.57 34 SVINFO 7 19 13 7 41 21 311
61.57 34 IR_SENSORS -877 -14 1
61.57 34 NAVIGATION 0 2 -42 -17 38 0. 3622.3
61.58 34 WP_MOVED 3 506366. 3566262. 0.
61.58 34 GYRO_RATES -517 -482 -455 4.511676 -4.206244 -3.970624
61.70 34 GPS 3 50632339 356624455 3541 75674 59 144 144852999 12 0
61.70 34 SVINFO 8 26 13 7 36 19 40
61.70 34 ESTIMATOR 756.73999 1.44 1.44 1.44 756.73999
61.75 34 NAVIGATION 0 2 -42 -17 38 0. 3621.9
61.75 34 ATTITUDE -4 0 -38
62.10 34 GPS 3 50632345 356624470 3539 75693 65 161 144853251 12 0
62.10 34 SVINFO 9 27 12 4 31 16 51
62.10 34 DESIRED 0. -0. 0. 0. 770. 0.
62.10 34 NAVIGATION 0 2 -42 -17 38 0. 3610.2
62.19 34 WP_MOVED 0 506408. 3566304. 800.
62.19 34 ESTIMATOR 756.929993 1.61 1.61 1.61 756.929993
62.19 34 GPS 3 50632348 356624477 3536 75688 40 152 144853499 12 0
62.19 34 SVINFO 10 24 12 4 29 7 126
62.26 34 COMMANDS 6,-54,-42,-531
62.26 34 NAVIGATION 0 2 -42 -17 38 0. 3604.8
62.26 34 ATTITUDE -3 0 -37
62.26 34 DL_VALUE 21 17500.
62.26 34 FBW_STATUS 0 0 125
62.28 34 RAD_OF_IR -16 -8 0.00172
62.53 34 DOWNLINK_STATUS 61 21179 1356 0 397. 25.
62.59 34 GPS 3 50632354 356624478 3541 75689 61 135 144853751 12 0
62.59 34 IR_SENSORS -865 -18 1
62.59 34 NAVIGATION 0 2 -42 -17 38 0. 3607.5
62.72 34 WP_MOVED 1 506292.5 3566296.25 800.
62.72 34 GYRO_RATES -517 -482 -455 4.511676 -4.206244 -3.970624
62.72 34 ESTIMATOR 756.890015 1.35 1.35 1.35 756.890015
62.72 34 BAT 10 125 16 0 22 15 0
62.72 34 GPS 3 50632370 356624466 3588 75697 21 121 144853999 12 0
62.74 34 NAVIGATION 0 2 -42 -17 38 0. 3629.8
62.74 34 ATTITUDE -4 0 -35
62.74 34 CALIBRATION 0. 0.023 0.067 0
62.75 34 SERVO 9600 -9600 8
63.11 34 DESIRED 0. -0. 0. 0. 770. 0.
63.11 34 IR_DEBUG 619 623 619 623
63.11 34 GPS 3 50632385 356624448 21 75719 23 129 144854251 12 0
63.11 34 NAVIGATION 0 2 -42 -17 38 0. 3657.8
63.11 34 WP_MOVED 2 506379.59375 3566304.75 800.
63.14 34 ESTIMATOR 757.190002 1.29 1.29 1.29 757.190002
63.27 34 GPS 3 50632393 356624433 19 75721 38 128 144854499 12 0
63.27 34 COMMANDS 7,-18,-42,-538
63.27 34 NAVIGATION 0 2 -42 -17 38 0. 3678.3
63.27 34 ATTITUDE 2 0 -37
63.27 34 DL_VALUE 22 20000.
63.27 34 FBW_STATUS 0 0 125
63.27 34 RAD_OF_IR 30 -5 0.00172
63.36 34 IR_SENSORS -868 30 1
63.36 34 NAVIGATION 0 2 -42 -17 38 0. 3678.3
63.53 34 DOWNLINK_STATUS 62 21609 1383 0 430. 27.
63.58 34 GPS 3 50632400 356624420 13 75713 11 131 144854751 12 0
63.69 34 WP_MOVED 3 506366. 3566262. 0.
63.69 34 GYRO_RATES -517 -482 -455 4.511676 -4.206244 -3.970624
63.69 34 ESTIMATOR 757.130005 1.31 1.31 1.31 757.130005
63.69 34 NAVIGATION 0 2 -42 -17 38 0. 3696.2
63.69 34 ATTITUDE 2 0 -36
63.69 34 GPS 3 50632389 356624408 3596 75702 40 110 144854999 12 0
63.86 34 DESIRED 0. -0. 0. 0. 770. 0.
63.86 34 NAVIGATION 0 2 -42 -17 38 0. 3701.8
64.09 34 GPS 3 50632451 356624454 3584 75645 57 91 144855251 12 0
64.13 34 SVINFO 1 14 13 7 35 57 213
64.13 34 WP_MOVED 0 506408. 3566304. 800.
64.17 34 ESTIMATOR 756.450012 0.91 0.91 0.91 756.450012
64.17 34 COMMANDS 9,-15,-36,-536
64.17 34 NAVIGATION 0 2 -41 -17 38 0. 3693.4
64.17 34 ATTITUDE 1 0 -35
64.17 34 DL_VALUE 23 0.
64.18 34 GPS 3 50632477 356624467 3576 75589 37 86 144855499 12 0
64.18 34 SVINFO 2 18 13 7 39 53 37
64.18 34 FBW_STATUS 0 0 125
64.18 34 RAD_OF_IR 19 -23 0.00172
64.25 34 IR_SENSORS -861 21 1
64.34 34 NAVIGATION 0 2 -41 -17 38 0. 3696.7
64.53 34 DOWNLINK_STATUS 63 21986 1406 0 377. 23.
64.61 34 WP_MOVED 1 506292.5 3566296.25 800.
64.61 34 GYRO_RATES -517 -482 -455 4.511676 -4.206244 -3.970624
64.61 34 GPS 3 50632438 356624430 3575 75579 52 101 144855751 12 0
64.61 34 SVINFO 3 21 13 7 36 47 120
64.61 34 ESTIMATOR 755.789978 1.01 1.01 1.01 755.789978
64.61 34 BAT 5 125 18 0 24 17 0
64.65 34 NAVIGATION 0 2 -41 -17 38 0. 3709.9
64.65 34 ATTITUDE 1 0 -35
64.66 34 CALIBRATION 0. 0.023 0.067 0
64.67 34 GPS 3 50632454 356624444 3566 75536 43 64 144855999 12 0
64.67 34 SVINFO 4 6 13 7 39 40 267
64.67 34 SERVO 9600 -9600 6
64.79 34 DESIRED 0. -0. 0. 0. 770. 0.
64.79 34 IR_DEBUG 634 593 634 593
64.79 34 NAVIGATION 0 2 -41 -17 38 0. 3705.7
64.84 34 WP_MOVED 2 506379.59375 3566304.75 800.
65.09 34 GPS 3 50632455 356624437 3556 75489 16 89 144856251 12 0
65.13 34 SVINFO 5 3 13 7 38 32 281
65.13 34 ESTIMATOR 754.890015 0.89 0.89 0.89 754.890015
65.18 34 COMMANDS 10,-17,-40,-538
65.18 34 NAVIGATION 0 2 -41 -17 38 0. 3713.6
65.18 34 ATTITUDE 3 0 -36
65.18 34 DL_VALUE 24 2150.
65.18 34 FBW_STATUS 0 0 125
65.18 34 RAD_OF_IR 30 -28 0.00172
65.18 34 GPS 3 50632448 356624431 3549 75448 36 84 144856499 12 0
65.19 34 SVINFO 6 9 13 6 31 27 74
65.24 34 ACTUATORS 1496,1501,0,1202,1470
65.24 34 IR_SENSORS -861 30 1
65.26 34 NAVIGATION 0 2 -41 -17 38 0. 3715.3
65.35 34 WP_MOVED 3 506366. 3566262. 0.
65.35 34 GYRO_RATES -517 -482 -455 4.511676 -4.206244 -3.970624
65.53 34 DOWNLINK_STATUS 64 22478 1438 0 492. 32.
65.60 34 GPS 3 50632400 356624399 3535 75443 61 99 144856751 12 0
65.60 34 SVINFO 7 19 13 7 39 21 311
65.60 34 ESTIMATOR 754.429993 0.99 0.99 0.99 754.429993
65.60 34 NAVIGATION 0 2 -42 -18 38 0. 3718.1
65.60 34 ATTITUDE 2 0 -35
65.65 34 GPS 3 50632366 356624378 3512 75453 35 120 144856999 12 0
65.65 34 SVINFO 8 26 13 7 34 19 40
65.68 34 DESIRED 0. -0. 0. 0. 770. 0.
65.78 34 NAVIGATION 0 2 -42 -18 38 0. 3718.8
65.78 34 WP_MOVED 0 506408. 3566304. 800.
65.78 34 PPRZ_MODE 0 1 2 0 0 17 0
66.11 34 ESTIMATOR 754.530029 1.2 1.2 1.2 754.530029
66.11 34 GPS 3 50632338 356624362 3508 75467 39 147 144857251 12 0
66.11 34 SVINFO 9 27 12 4 31 16 51
66.11 34 COMMANDS 27,-14,0,-519
66.11 34 NAVIGATION 0 2 -42 -18 38 0. 3718.2
66.11 34 ATTITUDE 1 0 -35
66.11 34 DL_VALUE 25 5300.
66.14 34 FBW_STATUS 0 0 125
66.14 34 RAD_OF_IR 24 -11 0.00172
