31.72 34 ESTIMATOR 62.110001 1.45 1.45 1.45 62.110001
31.75 34 DOWNLINK_STATUS 30 2859 181 0 555. 35.
32.07 34 COMMANDS 174,-7,-50,-529,-4699
32.07 34 NAVIGATION 0 2 6124 18925 36 0. 31012.7
32.07 34 ATTITUDE 4 0 -63
32.07 34 DL_VALUE 13 477.
32.07 34 GPS 3 55814053 339497721 2504 6223 57 148 253382251 16 0
32.07 34 SVINFO 10 31 4 6 32 10 90
32.07 34 FBW_STATUS 0 0 125
32.07 34 RAD_OF_IR 30 -19 0.00184
32.16 34 IR_SENSORS -940 29 1
32.16 34 NAVIGATION 0 2 6124 18925 36 0. 31007.7
32.16 34 WP_MOVED 3 558078.1875 3395046.25 80.
32.16 34 GYRO_RATES -113 -93 -89 0.986111 -0.811578 -0.776672
32.16 34 GPS 3 55814050 339497714 2504 6237 47 144 253382499 16 0
32.22 34 ESTIMATOR 62.369999 1.44 1.44 1.44 62.369999
32.25 34 BAT 174 125 45 0 55 44 0
32.56 34 NAVIGATION 0 2 6124 18925 36 0. 31006.9
32.56 34 ATTITUDE 4 0 -64
32.56 34 CALIBRATION 0. 0.023 0.064 0
32.56 34 GPS 3 55814040 339497710 2498 6247 64 129 253382751 16 0
32.56 34 SERVO 9600 -9600 173
32.65 34 DESIRED 0. -0. 0. 0. 73. 0.
32.65 34 IR_DEBUG 694 654 694 654
32.65 34 NAVIGATION 0 2 6124 18925 36 0. 30979.3
32.65 34 WP_MOVED 4 552016. 3376052. 0.
32.65 34 GPS 3 55814027 339497705 2500 6263 51 135 253382999 16 0
32.65 34 ESTIMATOR 62.630001 1.35 1.35 1.35 62.630001
32.73 34 DOWNLINK_STATUS 31 3275 207 0 416. 26.
32.82 34 COMMANDS 174,-9,-50,-529,-4699
32.82 34 NAVIGATION 0 2 6124 18925 36 0. 30942.9
32.82 34 ATTITUDE 4 0 -64
32.82 34 DL_VALUE 14 462.
32.86 34 FBW_STATUS 0 0 125
32.86 34 RAD_OF_IR 28 5 0.00184
32.86 34 GPS 3 55814015 339497705 2501 6270 34 144 253383251 16 0
33.03 34 IR_SENSORS -942 28 1
33.06 34 NAVIGATION 0 2 6124 18925 36 0. 30903.6
33.06 34 WP_MOVED 0 552058. 3376094. 50.
33.06 34 GYRO_RATES -70 -59 -46 0.610865 -0.514872 -0.401426
33.12 34 GPS 3 55814012 339497704 2495 6260 39 114 253383499 16 0
33.13 34 ESTIMATOR 62.599998 1.14 1.14 1.14 62.599998
33.21 34 NAVIGATION 0 2 6124 18925 36 0. 30895.3
33.25 34 ATTITUDE 4 0 -63
33.54 34 GPS 3 55814005 339497699 2493 6258 44 120 253383751 16 0
33.54 34 SVINFO 0 23 13 7 42 78 297
33.65 34 DESIRED 0. -0. 0. 0. 73. 0.
33.65 34 NAVIGATION 0 2 6124 18924 36 0. 30878.5
33.65 34 WP_MOVED 1 557976.375 3395041. 80.
33.66 34 GPS 3 55813992 339497705 2494 6261 53 144 253383999 16 0
33.66 34 SVINFO 1 3 13 7 39 54 140
33.72 34 COMMANDS 173,-9,-52,-529,-4701
33.76 34 NAVIGATION 0 2 6123 18925 36 0. 30828.3
33.76 34 ATTITUDE 4 0 -63
33.76 34 DL_VALUE 15 453.
33.76 34 FBW_STATUS 0 0 125
33.76 34 DOWNLINK_STATUS 32 3683 234 0 408. 27.
33.80 34 RAD_OF_IR 29 2 0.00184
34.04 34 GPS 3 55813978 339497706 2479 6264 28 131 253384251 16 0
34.05 34 SVINFO 2 6 13 7 40 52 108
34.05 34 IR_SENSORS -940 29 1
34.15 34 NAVIGATION 0 2 6123 18925 36 0. 30781.2
34.15 34 WP_MOVED 2 558089.375 3394997.25 80.
34.15 34 GYRO_RATES -120 -104 -91 1.047198 -0.907571 -0.794125
34.15 34 ESTIMATOR 62.639999 1.31 1.31 1.31 62.639999
34.15 34 BAT 173 125 47 0 57 46 0
34.16 34 GPS 3 55813985 339497712 2466 6263 37 122 253384499 16 0
34.23 34 SVINFO 3 16 13 7 41 46 36
34.26 34 NAVIGATION 0 2 6123 18925 36 0. 30796.7
34.26 34 ATTITUDE 4 0 -64
34.26 34 CALIBRATION 0. 0.023 0.064 0
34.26 34 SERVO 9600 -9600 173
34.57 34 DESIRED 0. -0. 0. 0. 73. 0.
34.57 34 IR_DEBUG 693 652 693 652
34.57 34 GPS 3 55813986 339497711 2451 6263 40 112 253384751 16 0
34.57 34 SVINFO 4 13 13 7 40 41 320
34.57 34 NAVIGATION 0 2 6123 18925 36 0. 30801.2
34.57 34 WP_MOVED 3 558078.1875 3395046.25 80.
34.73 34 DOWNLINK_STATUS 33 4019 255 0 336. 21.
34.75 34 ESTIMATOR 62.630001 1.12 1.12 1.12 62.630001
34.75 34 GPS 3 55813988 339497701 2431 6267 86 109 253384999 16 0
34.75 34 SVINFO 5 25 13 7 39 35 312
34.75 34 COMMANDS 174,-7,-48,-526,-4696
34.75 34 NAVIGATION 0 2 6123 18925 36 0. 30820.5
34.75 34 ATTITUDE 4 0 -63
34.75 34 DL_VALUE 16 15200.
34.75 34 FBW_STATUS 0 0 125
34.75 34 RAD_OF_IR 31 -57 0.00184
35.07 34 IR_SENSORS -935 32 1
35.07 34 NAVIGATION 0 2 6123 18925 36 0. 30820.5
35.07 34 GPS 3 55813990 339497681 2409 6279 94 137 253385251 16 0
35.07 34 SVINFO 6 19 13 7 38 32 164
35.07 34 WP_MOVED 4 552016. 3376052. 0.
35.07 34 GYRO_RATES -102 -81 -74 0.890118 -0.706858 -0.645772
35.14 34 ESTIMATOR 62.790001 1.37 1.37 1.37 62.790001
35.14 34 NAVIGATION 0 2 6123 18924 36 0. 30852.5
35.14 34 ATTITUDE 6 0 -61
35.14 34 GPS 3 55813996 339497659 2072 6282 105 112 253385499 16 0
35.15 34 SVINFO 7 20 13 6 35 22 219
35.57 34 DESIRED 0. -0. 0. 0. 73. 0.
35.60 34 NAVIGATION 0 2 6123 18924 36 0. 30900.6
35.60 34 GPS 3 55813999 339497638 2081 6286 76 123 253385751 16 0
35.60 34 SVINFO 8 7 13 7 35 18 296
35.61 34 WP_MOVED 0 552058. 3376094. 50.
35.66 34 ESTIMATOR 62.860001 1.23 1.23 1.23 62.860001
35.66 34 COMMANDS 173,-10,-52,-528,-4703
35.66 34 NAVIGATION 0 2 6123 18924 36 0. 30937.4
35.66 34 ATTITUDE 6 0 -62
35.66 34 DL_VALUE 17 12700.
35.66 34 GPS 3 55814006 339497628 2084 6287 77 117 253385999 16 0
35.66 34 SVINFO 9 32 4 6 34 15 194
35.66 34 FBW_STATUS 0 0 125
35.66 34 RAD_OF_IR 39 8 0.00184
35.72 34 ACTUATORS 1497,1502,0,1214,1473,1744
35.76 34 IR_SENSORS -923 42 1
35.76 34 DOWNLINK_STATUS 34 4561 291 0 542. 36.
36.08 34 NAVIGATION 0 2 6124 18924 36 0. 30973.4
36.08 34 WP_MOVED 1 557976.375 3395041. 80.
36.08 34 GYRO_RATES -85 -70 -67 0.741765 -0.610865 -0.584685
36.08 34 GPS 3 55814013 339497621 2103 6282 61 94 253386251 16 0
36.08 34 SVINFO 10 31 4 5 32 10 90
36.08 34 ESTIMATOR 62.82 0.94 0.94 0.94 62.82
36.13 34 NAVIGATION 0 2 6124 18924 36 0. 31005.1
36.13 34 ATTITUDE 8 0 -59
36.13 34 CALIBRATION 0. 0.023 0.064 0
36.13 34 GPS 3 55814013 339497615 2154 6291 61 111 253386499 16 0
36.13 34 SERVO 9600 -9600 174
36.26 34 DESIRED 0. -0. 0. 0. 73. 0.
36.30 34 IR_DEBUG 688 609 688 609
36.30 34 NAVIGATION 0 2 6124 18924 36 0. 31013.
36.35 34 WP_MOVED 2 558089.375 3394997.25 80.
36.35 34 PPRZ_MODE 0 1 2 0 0 1 0
36.35 34 GPS 3 55814015 339497619 2203 6283 51 69 253386751 16 0
36.53 34 ESTIMATOR 62.830002 0.69 0.69 0.69 62.830002
36.56 34 COMMANDS 173,-9,-52,-526,-4701
36.56 34 NAVIGATION 0 2 6124 18924 36 0. 31014.5
36.56 34 ATTITUDE 9 0 -58
36.56 34 DL_VALUE 18 9300.
36.56 34 FBW_STATUS 0 0 125
36.62 34 GPS 3 55814007 339497633 2255 6296 57 101 253386999 16 0
36.62 34 RAD_OF_IR 60 149 0.00184
36.70 34 IR_SENSORS -900 61 1
36.72 34 NAVIGATION 0 2 6124 18924 36 0. 30970.
36.73 34 DOWNLINK_STATUS 35 4990 318 0 429. 27.
37.06 34 WP_MOVED 3 558078.1875 3395046.25 80.
37.06 34 GYRO_RATES -112 -90 -84 0.977384 -0.785398 -0.733038
37.06 34 GPS 3 55813995 339497641 2262 6306 24 115 253387251 16 0
37.06 34 ESTIMATOR 63.060001 1.15 1.15 1.15 63.060001
37.11 34 NAVIGATION 0 2 6123 18924 36 0. 30920.5
37.11 34 ATTITUDE 9 0 -57
37.16 34 GPS 3 55813989 339497642 2266 6299 23 116 253387499 16 0
37.16 34 DESIRED 0. -0. 0. 0. 73. 0.
37.23 34 NAVIGATION 0 2 6123 18924 36 0. 30899.6
37.27 34 WP_MOVED 4 552016. 3376052. 0.
37.57 34 ESTIMATOR 62.990002 1.16 1.16 1.16 62.990002
37.57 34 GPS 3 55813994 339497641 2261 6288 15 106 253387751 16 0
37.58 34 SVINFO 0 23 13 7 41 78 297
37.58 34 COMMANDS 174,-9,-52,-529,-4701
37.58 34 NAVIGATION 0 2 6123 18924 36 0. 30917.2
37.58 34 ATTITUDE 9 0 -57
37.58 34 DL_VALUE 19 3200.
37.63 34 FBW_STATUS 0 0 125
37.63 34 RAD_OF_IR 58 -14 0.00184
37.63 34 GPS 3 55813994 339497639 2268 6281 33 93 253387999 16 0
37.63 34 SVINFO 1 3 13 7 39 54 140
37.63 34 IR_SENSORS -905 58 1
37.63 34 NAVIGATION 0 2 6123 18924 36 0. 30919.7
37.72 34 WP_MOVED 0 552058. 3376094. 50.
37.76 34 GYRO_RATES -83 -72 -64 0.724312 -0.628319 -0.558505
37.76 34 DOWNLINK_STATUS 36 5404 343 0 414. 25.
38.08 34 ESTIMATOR 62.810001 0.93 0.93 0.93 62.810001
38.08 34 BAT 173 125 51 0 61 50 0
38.08 34 GPS 3 55813987 339497641 2305 6280 70 126 253388251 16 0
38.08 34 SVINFO 2 6 13 7 39 52 108
38.08 34 NAVIGATION 0 2 6123 18924 36 0. 30894.4
38.08 34 ATTITUDE 8 0 -58
38.08 34 CALIBRATION 0. 0.023 0.064 0
38.25 34 SERVO 9600 -9600 174
38.25 34 DESIRED 0. -0. 0. 0. 73. 0.
38.25 34 IR_DEBUG 687 607 687 607
38.26 34 GPS 3 55813974 339497653 2354 6287 57 135 253388499 16 0
38.26 34 SVINFO 3 16 13 7 39 46 36
38.26 34 NAVIGATION 0 2 6123 18924 36 0. 30836.5
38.26 34 WP_MOVED 1 557976.375 3395041. 80.
38.57 34 ESTIMATOR 62.869999 1.35 1.35 1.35 62.869999
38.57 34 GPS 3 55813967 339497664 2408 6296 61 134 253388751 16 0
38.57 34 SVINFO 4 13 13 7 40 41 320
38.58 34 COMMANDS 174,-10,-52,-528,-4701
38.58 34 NAVIGATION 0 2 6123 18924 36 0. 30799.2
38.58 34 ATTITUDE 8 0 -58
38.58 34 DL_VALUE 20 20500.
38.64 34 FBW_STATUS 0 0 125
38.64 34 RAD_OF_IR 53 152 0.00184
38.64 34 IR_SENSORS -912 52 1
38.64 34 GPS 3 55813953 339497664 2425 6309 47 132 253388999 16 0
38.64 34 SVINFO 5 25 13 6 38 35 312
38.64 34 NAVIGATION 0 2 6123 18924 36 0. 30753.5
38.73 34 WP_MOVED 2 558089.375 3394997.25 80.
38.78 34 GYRO_RATES -143 -132 -123 1.24791 -1.151917 -1.073377
38.78 34 DOWNLINK_STATUS 37 5850 372 0 446. 29.
38.78 34 ESTIMATOR 63.09 1.32 1.32 1.32 63.09
39.05 34 NAVIGATION 0 2 6123 18924 36 0. 30753.5
39.05 34 ATTITUDE 7 0 -59
39.05 34 GPS 3 55813945 339497671 2375 6318 21 134 253389251 16 0
39.06 34 SVINFO 6 19 13 6 38 32 164
39.12 34 DESIRED 0. -0. 0. 0. 73. 0.
39.12 34 NAVIGATION 0 2 6123 18924 36 0. 30718.5
39.14 34 GPS 3 55813946 339497671 2337 6332 54 124 253389499 16 0
39.14 34 SVINFO 7 20 13 6 37 22 219
39.14 34 WP_MOVED 3 558078.1875 3395046.25 80.
39.21 34 ESTIMATOR 63.32 1.24 1.24 1.24 63.32
39.58 34 COMMANDS 175,-7,-47,-528,-4701
39.58 34 NAVIGATION 0 2 6123 18924 36 0. 30721.7
39.58 34 ATTITUDE 7 0 -60
39.58 34 DL_VALUE 21 16400.
39.58 34 GPS 3 55813946 339497670 2304 6342 61 120 253389751 16 0
39.58 34 SVINFO 8 7 13 7 38 18 296
39.58 34 FBW_STATUS 0 0 125
39.58 34 RAD_OF_IR 46 -93 0.00184
39.58 34 NAVIGATION_REF 552016 3376052 16
39.67 34 IR_SENSORS -919 46 1
39.67 34 NAVIGATION 0 2 6123 18924 36 0. 30723.2
39.67 34 GPS 3 55813954 339497664 2268 6346 47 131 253389999 16 0
39.67 34 SVINFO 9 32 4 6 35 15 194
39.67 34 WP_MOVED 4 552016. 3376052. 0.
39.67 34 GYRO_RATES -220 -209 -196 1.919862 -1.823869 -1.710423
39.77 34 ESTIMATOR 63.459999 1.31 1.31 1.31 63.459999
39.81 34 BAT 173 125 53 0 63 52 0
39.81 34 DOWNLINK_STATUS 38 6296 400 0 446. 28.
40.06 34 NAVIGATION 0 2 6123 18924 36 0. 30756.8
40.06 34 ATTITUDE 6 0 -61
40.06 34 CALIBRATION 0. 0.023 0.064 0
40.07 34 GPS 3 55813952 339497656 2256 6361 97 174 253390251 16 0
40.07 34 SVINFO 10 31 4 6 34 10 90
40.07 34 SERVO 9600 -9600 173
40.13 34 DESIRED 0. -0. 0. 0. 73. 0.
40.13 34 IR_DEBUG 692 639 692 639
40.13 34 NAVIGATION 0 2 6123 18924 36 0. 30760.6
40.13 34 WP_MOVED 0 552058. 3376094. 50.
40.15 34 GPS 3 55813961 339497655 2226 6351 63 137 253390499 16 0
40.15 34 ESTIMATOR 63.509998 1.37 1.37 1.37 63.509998
40.32 34 COMMANDS 174,-4,-47,-529,-4699
40.36 34 NAVIGATION 0 2 6123 18924 36 0. 30791.2
40.36 34 ATTITUDE 5 0 -62
40.36 34 DL_VALUE 22 17400.
40.36 34 FBW_STATUS 0 0 125
40.36 34 RAD_OF_IR 39 -86 0.00184
40.36 34 GPS 3 55813974 339497651 2198 6363 61 128 253390751 16 0
40.53 34 ACTUATORS 1497,1502,0,1214,1473,1744
40.54 34 IR_SENSORS -925 40 1
40.64 34 NAVIGATION 0 2 6123 18924 36 0. 30839.1
40.65 34 WP_MOVED 1 557976.375 3395041. 80.
40.65 34 GYRO_RATES -192 -187 -174 1.675516 -1.631883 -1.518436
40.65 34 GPS 3 55813983 339497641 2180 6367 52 133 253390999 16 0
40.65 34 ESTIMATOR 63.669998 1.33 1.33 1.33 63.669998
40.72 34 NAVIGATION 0 2 6123 18924 36 0. 30881.3
40.75 34 ATTITUDE 7 0 -60
40.77 34 DOWNLINK_STATUS 39 6739 428 0 443. 28.
40.83 34 GPS 3 55813991 339497637 2189 6371 44 118 253391251 16 0
41.04 34 DESIRED 0. -0. 0. 0. 73. 0.
41.04 34 NAVIGATION 0 2 6123 18924 36 0. 30912.8
41.05 34 WP_MOVED 2 558089.375 3394997.25 80.
41.05 34 PPRZ_MODE 0 1 2 0 0 1 0
41.12 34 ESTIMATOR 63.709999 1.18 1.18 1.18 63.709999
41.12 34 GPS 3 55813988 339497635 2214 6372 48 118 253391499 16 0
41.22 34 COMMANDS 173,-7,-50,-529,-4704
41.22 34 NAVIGATION 0 2 6123 18924 36 0. 30905.4
41.22 34 ATTITUDE 6 0 -61
41.22 34 DL_VALUE 23 0.
41.22 34 FBW_STATUS 0 0 125
41.30 34 RAD_OF_IR 42 71 0.00184
41.55 34 GPS 3 55813982 339497634 2239 6363 38 113 253391751 16 0
41.55 34 SVINFO 0 23 13 7 42 78 297
41.56 34 IR_SENSORS -926 40 1
41.56 34 NAVIGATION 0 2 6123 18924 36 0. 30887.
41.66 34 WP_MOVED 3 558078.1875 3395046.25 80.
41.66 34 GYRO_RATES -231 -216 -206 2.015855 -1.884956 -1.797689
41.66 34 ESTIMATOR 63.630001 1.13 1.13 1.13 63.630001
41.66 34 BAT 173 125 55 0 65 54 0
41.66 34 GPS 3 55813976 339497625 2261 6361 40 112 253391999 16 0
41.66 34 SVINFO 1 3 13 7 40 54 140
41.73 34 ATTITUDE 5 0 -62
41.75 34 CALIBRATION 0. 0.023 0.064 0
41.75 34 SERVO 9600 -9600 174
41.77 34 DOWNLINK_STATUS 40 7146 454 0 407. 26.
42.07 34 DESIRED 0. -0. 0. 0. 73. 0.
42.07 34 IR_DEBUG 691 635 691 635
42.07 34 GPS 3 55813975 339497618 2273 6357 28 112 253392251 16 0
42.07 34 SVINFO 2 6 13 7 39 52 108
42.08 34 NAVIGATION 0 2 6123 18924 36 0. 30884.9
42.08 34 WP_MOVED 4 552016. 3376052. 0.
42.11 34 ESTIMATOR 63.57 1.12 1.12 1.12 63.57
42.35 34 GPS 3 55813977 339497609 2284 6363 41 124 253392499 16 0
42.35 34 SVINFO 3 16 13 7 42 46 36
42.35 34 COMMANDS 173,-7,-52,-529,-4701
42.35 34 NAVIGATION 0 2 6123 18924 36 0. 30903.1
42.35 34 ATTITUDE 6 0 -61
42.35 34 DL_VALUE 24 11850.
42.35 34 FBW_STATUS 0 0 125
42.35 34 RAD_OF_IR 40 31 0.00184
42.57 34 IR_SENSORS -925 40 1
42.57 34 NAVIGATION 0 2 6123 18924 36 0. 30903.1
42.57 34 GPS 3 55813978 339497606 2294 6371 38 113 253392751 16 0
42.57 34 SVINFO 4 13 13 7 40 41 320
42.57 34 WP_MOVED 0 552058. 3376094. 50.
42.57 34 GYRO_RATES -238 -219 -215 2.076942 -1.911136 -1.876229
42.64 34 ESTIMATOR 63.709999 1.13 1.13 1.13 63.709999
42.64 34 NAVIGATION 0 2 6123 18924 36 0. 30910.1
42.64 34 GPS 3 55813982 339497603 2304 6369 29 105 253392999 16 0
42.64 34 SVINFO 5 25 13 7 39 35 312
42.64 34 ATTITUDE 6 0 -61
42.77 34 DOWNLINK_STATUS 41 7555 480 0 409. 26.
43.07 34 DESIRED 0. -0. 0. 0. 73. 0.
43.07 34 NAVIGATION 0 2 6123 18924 36 0. 30927.3
43.07 34 GPS 3 55813979 339497607 2306 6369 46 122 253393251 16 0
43.07 34 SVINFO 6 19 13 7 38 32 164
43.07 34 WP_MOVED 1 557976.375 3395041. 80.
43.16 34 ESTIMATOR 63.689999 1.22 1.22 1.22 63.689999
43.16 34 COMMANDS 173,-9,-52,-531,-4699
43.16 34 NAVIGATION 0 2 6123 18924 36 0. 30912.2
43.16 34 ATTITUDE 6 0 -61
43.16 34 DL_VALUE 25 10000.
43.16 34 GPS 3 55813975 339497610 2314 6368 39 113 253393499 16 0
43.16 34 SVINFO 7 20 13 6 35 22 219
43.16 34 FBW_STATUS 0 0 125
43.16 34 RAD_OF_IR 40 23 0.00184
43.23 34 IR_SENSORS -926 39 1
43.58 34 NAVIGATION 0 2 6123 18924 36 0. 30895.3
43.58 34 WP_MOVED 2 558089.375 3394997.25 80.
43.58 34 GYRO_RATES -237 -216 -213 2.068215 -1.884956 -1.858776
43.58 34 GPS 3 55813979 339497607 2317 6362 23 92 253393751 16 0
43.58 34 SVINFO 8 7 13 7 35 18 296
43.58 34 ESTIMATOR 63.619999 0.92 0.92 0.92 63.619999
43.65 34 NAVIGATION 0 2 6123 18924 36 0. 30912.2
43.65 34 ATTITUDE 6 0 -61
43.65 34 CALIBRATION 0. 0.023 0.064 0
43.65 34 GPS 3 55813979 339497611 2318 6365 46 113 253393999 16 0
43.65 34 SVINFO 9 32 4 6 36 15 194
43.65 34 SERVO 9600 -9600 173
43.75 34 DESIRED 0. -0. 0. 0. 73. 0.
43.79 34 IR_DEBUG 691 635 691 635
43.79 34 NAVIGATION 0 2 6123 18924 36 0. 30907.1
43.79 34 DOWNLINK_STATUS 42 8031 510 0 476. 30.
44.05 34 WP_MOVED 3 558078.1875 3395046.25 80.
44.05 34 GPS 3 55813970 339497604 2324 6374 28 115 253394251 16 0
44.05 34 SVINFO 10 31 4 4 30 10 90
44.15 34 ESTIMATOR 63.740002 1.15 1.15 1.15 63.740002
44.15 34 COMMANDS 174,-7,-50,-529,-4701
44.15 34 NAVIGATION 0 2 6123 18924 36 0. 30886.9
44.15 34 ATTITUDE 6 0 -61
44.15 34 DL_VALUE 26 10000.
44.15 34 FBW_STATUS 0 0 125
44.15 34 RAD_OF_IR 40 16 0.00184
44.15 34 GPS 3 55813971 339497590 2320 6385 34 121 253394499 16 0
44.20 34 IR_SENSORS -924 41 1
44.24 34 NAVIGATION 0 2 6123 18923 36 0. 30908.1
44.56 34 WP_MOVED 4 552016. 3376052. 0.
44.56 34 GYRO_RATES -245 -227 -217 2.138028 -1.980949 -1.893682
44.56 34 GPS 3 55813968 339497583 2325 6402 33 134 253394751 16 0
44.57 34 ESTIMATOR 64.019997 1.34 1.34 1.34 64.019997
44.63 34 NAVIGATION 0 2 6123 18923 36 0. 30907.6
44.63 34 ATTITUDE 6 0 -60
44.63 34 GPS 3 55813968 339497578 2330 6397 40 131 253394999 16 0
44.64 34 DESIRED 0. -0. 0. 0. 73. 0.
44.74 34 NAVIGATION 0 2 6123 18923 36 0. 30914.2
44.77 34 WP_MOVED 0 552058. 3376094. 50.
44.77 34 DOWNLINK_STATUS 43 8415 533 0 384. 23.
45.04 34 ESTIMATOR 63.970001 1.31 1.31 1.31 63.970001
45.05 34 GPS 3 55813965 339497578 2328 6389 34 129 253395251 16 0
45.13 34 COMMANDS 173,-6,-50,-528,-4698
45.13 34 NAVIGATION 0 2 6123 18923 36 0. 30904.3
45.13 34 ATTITUDE 7 0 -60
45.13 34 DL_VALUE 27 5500.
45.13 34 FBW_STATUS 0 0 125
45.13 34 RAD_OF_IR 46 -5 0.00184
45.16 34 GPS 3 55813958 339497575 2332 6399 52 177 253395499 16 0
45.16 34 ACTUATORS 1497,1502,0,1214,1473,1744
45.16 34 IR_SENSORS -917 46 1
45.16 34 NAVIGATION 0 2 6123 18923 36 0. 30885.3
45.22 34 WP_MOVED 1 557976.375 3395041. 80.
45.26 34 GYRO_RATES -240 -221 -213 2.094395 -1.928589 -1.858776
45.58 34 ESTIMATOR 63.990002 1.77 1.77 1.77 63.990002
45.58 34 BAT 173 125 59 0 69 58 1
45.58 34 GPS 3 55813952 339497580 2337 6398 79 139 253395751 16 0
45.58 34 SVINFO 0 23 13 7 42 78 297
45.58 34 NAVIGATION 0 2 6123 18923 36 0. 30859.1
45.58 34 ATTITUDE 3 0 -65
45.58 34 CALIBRATION 0. 0.023 0.064 0
45.76 34 SERVO 9600 -9600 173
45.76 34 GPS 3 55813948 339497587 2353 6374 65 69 253395999 16 0
45.76 34 SVINFO 1 3 13 7 39 54 140
45.76 34 DESIRED 0. -0. 0. 0. 73. 0.
45.76 34 IR_DEBUG 697 694 697 694
45.76 34 NAVIGATION 0 2 6123 18923 36 0. 30837.1
45.76 34 WP_MOVED 2 558089.375 3394997.25 80.
45.76 34 PPRZ_MODE 0 1 2 0 0 1 0
45.77 34 DOWNLINK_STATUS 44 8865 562 0 450. 29.
46.07 34 ESTIMATOR 63.740002 0.69 0.69 0.69 63.740002
46.07 34 GPS 3 55813944 339497592 2378 6354 62 79 253396251 16 0
46.08 34 SVINFO 2 6 13 7 39 52 108
46.08 34 COMMANDS 173,-7,-50,-528,-4701
46.08 34 NAVIGATION 0 2 6123 18923 36 0. 30817.5
46.08 34 ATTITUDE 3 0 -65
46.08 34 DL_VALUE 28 0.228
46.26 34 FBW_STATUS 0 0 125
46.26 34 RAD_OF_IR 20 70 0.00184
46.26 34 IR_SENSORS -966 10 1
46.26 34 NAVIGATION 0 2 6123 18923 36 0. 30817.5
46.26 34 GPS 3 55813942 339497598 2386 6341 47 93 253396499 16 0
46.26 34 SVINFO 3 16 13 7 41 46 36
46.26 34 WP_MOVED 3 558078.1875 3395046.25 80.
46.26 34 ESTIMATOR 63.41 0.93 0.93 0.93 63.41
46.55 34 NAVIGATION 0 2 6123 18923 36 0. 30803.1
46.55 34 ATTITUDE -2 0 -74
46.55 34 GPS 3 55813939 339497604 2400 6331 64 86 253396751 16 0
46.56 34 SVINFO 4 13 13 7 40 41 320
46.64 34 DESIRED 0. -0. 0. 0. 73. 0.
46.65 34 NAVIGATION 0 2 6123 18924 36 0. 30785.7
46.65 34 GPS 3 55813932 339497610 2395 6323 24 80 253396999 16 0
46.65 34 SVINFO 5 25 13 7 39 35 312
46.65 34 WP_MOVED 4 552016. 3376052. 0.
46.72 34 ESTIMATOR 63.23 0.8 0.8 0.8 63.23
46.77 34 DOWNLINK_STATUS 45 9266 587 0 401. 25.
47.07 34 COMMANDS 174,-9,-50,-529,-4701
47.07 34 NAVIGATION 0 2 6123 18924 36 0. 30755.
47.07 34 ATTITUDE 0 0 -69
47.08 34 DL_VALUE 29 0.462
47.08 34 GPS 3 55813927 339497607 2392 6332 56 126 253397251 16 0
47.08 34 SVINFO 6 19 13 7 35 32 164
47.08 34 FBW_STATUS 0 0 125
47.08 34 RAD_OF_IR 17 -8 0.00184
47.17 34 IR_SENSORS -931 37 1
47.17 34 NAVIGATION 0 2 6123 18924 36 0. 30742.5
47.17 34 GPS 3 55813912 339497646 2441 6345 72 164 253397499 16 0
47.17 34 SVINFO 7 20 12 4 32 22 219
47.19 34 WP_MOVED 0 552058. 3376094. 50.
47.23 34 GYRO_RATES -43 -28 -17 0.375246 -0.244346 -0.148353
47.23 34 ESTIMATOR 63.450001 1.64 1.64 1.64 63.450001
47.23 34 BAT 173 125 61 0 71 60 1
47.56 34 NAVIGATION 0 2 6123 18924 36 0. 30643.2
47.57 34 ATTITUDE 4 0 -63
47.57 34 CALIBRATION 0. 0.023 0.064 0
47.57 34 GPS 3 55813901 339497695 2502 6377 85 234 253397751 16 0
47.57 34 SVINFO 8 7 13 7 34 18 297
47.57 34 SERVO 9600 -9600 173
47.64 34 DESIRED 0. -0. 0. 0. 73. 0.
47.65 34 IR_DEBUG 697 676 697 676
47.65 34 NAVIGATION 0 2 6123 18924 36 0. 30544.5
47.65 34 WP_MOVED 1 557976.375 3395041. 80.
47.65 34 GPS 3 55813899 339497727 2545 6402 42 244 253397999 16 0
47.65 34 ESTIMATOR 64.019997 2.44 2.44 2.44 64.019997
47.77 34 DOWNLINK_STATUS 46 9702 615 0 436. 28.
47.82 34 COMMANDS 173,-9,-50,-528,-4701
47.82 34 NAVIGATION 0 2 6122 18925 36 0. 30497.2
47.82 34 ATTITUDE 2 0 -66
47.82 34 DL_VALUE 30 0.
48.06 34 FBW_STATUS 0 0 125
48.06 34 GPS 3 55813894 339497674 2563 6420 43 198 253398251 16 0
48.06 34 SVINFO 10 31 4 4 26 10 90
48.06 34 RAD_OF_IR 9 50 0.00184
48.06 34 NAVIGATION_REF 552016 3376052 16
48.06 34 IR_SENSORS -969 6 1
48.22 34 NAVIGATION 0 2 6122 18924 36 0. 30548.6
48.23 34 WP_MOVED 2 558089.375 3394997.25 80.
48.24 34 ESTIMATOR 64.360001 1.74 1.74 1.74 64.360001
48.34 34 GPS 3 55813873 339497593 2554 6443 71 142 253398751 16 0
48.54 34 DESIRED 0. -0. 0. 0. 73. 0.
48.55 34 NAVIGATION 0 2 6122 18923 36 0. 30585.2
48.63 34 WP_MOVED 3 558078.1875 3395046.25 80.
48.63 34 GPS 3 55813868 339497570 2539 6441 67 147 253398999 16 0
48.63 34 ESTIMATOR 64.410004 1.47 1.47 1.47 64.410004
48.77 34 DOWNLINK_STATUS 47 10009 634 0 307. 19.
48.83 34 COMMANDS 173,-7,-50,-528,-4701
48.83 34 NAVIGATION 0 2 6122 18923 36 0. 30599.1
48.83 34 ATTITUDE 2 0 -66
48.83 34 DL_VALUE 31 0.023
48.83 34 FBW_STATUS 0 0 125
48.83 34 RAD_OF_IR 21 -43 0.00184
48.85 34 GPS 3 55813868 339497557 2539 6419 35 130 253399251 16 0
48.85 34 IR_SENSORS -951 21 1
49.03 34 NAVIGATION 0 2 6122 18923 36 0. 30615.9
49.17 34 WP_MOVED 4 552016. 3376052. 0.
49.17 34 GYRO_RATES 70 84 93 -0.610865 0.733038 0.811578
49.17 34 ESTIMATOR 64.190002 1.3 1.3 1.3 64.190002
49.17 34 BAT 174 125 63 0 73 62 1
49.17 34 GPS 3 55813871 339497549 2590 6405 16 112 253399499 16 0
49.17 34 NAVIGATION 0 2 6122 18923 36 0. 30636.1
49.17 34 ATTITUDE 3 0 -65
49.17 34 CALIBRATION 0. 0.023 0.064 0
49.23 34 SERVO 5419 9600 173
49.57 34 DESIRED 0. -0. 0. 0. 73. 0.
49.57 34 IR_DEBUG 697 681 697 681
49.57 34 GPS 3 55813871 339497542 2579 6395 56 93 253399751 16 0
49.58 34 SVINFO 0 23 13 7 41 78 297
49.58 34 NAVIGATION 0 2 6122 18923 36 0. 30645.3
49.58 34 WP_MOVED 0 552058. 3376094. 50.
49.75 34 ESTIMATOR 63.950001 0.93 0.93 0.93 63.950001
49.75 34 GPS 3 55813876 339497537 2565 6375 7 31 253399999 16 0
49.75 34 SVINFO 1 3 13 7 39 54 140
49.75 34 COMMANDS 174,-9,-47,-528,-4699
49.75 34 NAVIGATION 0 2 6122 18923 36 0. 30668.1
49.75 34 ATTITUDE 1 0 -67
49.75 34 DL_VALUE 32 0.001
49.75 34 FBW_STATUS 0 0 125
49.75 34 RAD_OF_IR 18 -40 0.00184
49.77 34 DOWNLINK_STATUS 48 10496 667 0 487. 33.
50.08 34 ACTUATORS 1497,1502,0,1214,1473,1744
50.08 34 IR_SENSORS -940 29 1
50.08 34 NAVIGATION 0 2 6122 18923 36 0. 30668.1
50.08 34 GPS 3 55813908 339497522 2492 6364 40 6 253400251 16 0
50.08 34 SVINFO 2 6 13 7 39 52 108
50.08 34 WP_MOVED 1 557976.375 3395041. 80.
50.08 34 GYRO_RATES -41 -26 -16 0.357792 -0.226893 -0.139626
50.14 34 ESTIMATOR 63.639999 0.06 0.06 0.06 63.639999
50.14 34 NAVIGATION 0 2 6123 18923 36 0. 30791.8
50.14 34 ATTITUDE 4 0 -64
50.14 34 GPS 3 55813911 339497520 2457 6347 47 111 253400499 16 0
50.14 34 SVINFO 3 16 13 7 39 45 36
50.57 34 DESIRED 0. -0. 0. 0. 73. 0.
50.61 34 NAVIGATION 0 2 6123 18923 36 0. 30804.3
50.61 34 GPS 3 55813898 339497559 2493 6337 26 107 253400751 16 0
50.61 34 SVINFO 4 13 13 7 38 42 320
50.61 34 WP_MOVED 2 558089.375 3394997.25 80.
50.61 34 PPRZ_MODE 0 1 2 0 0 1 0
50.66 34 ESTIMATOR 63.369999 1.07 1.07 1.07 63.369999
50.66 34 COMMANDS 173,-9,-50,-528,-4699
50.66 34 NAVIGATION 0 2 6122 18923 36 0. 30710.8
50.66 34 ATTITUDE 4 0 -64
50.66 34 DL_VALUE 33 0.01
50.66 34 GPS 3 55813890 339497582 2483 6321 29 132 253400999 16 0
50.66 34 SVINFO 5 25 13 5 37 35 312
50.66 34 FBW_STATUS 0 0 125
50.66 34 RAD_OF_IR 30 -28 0.00184
50.73 34 IR_SENSORS -936 32 1
50.77 34 DOWNLINK_STATUS 49 10927 695 0 431. 28.
51.08 34 NAVIGATION 0 2 6122 18923 36 0. 30654.6
51.08 34 GPS 3 55813894 339497583 2531 6338 37 168 253401251 16 0
51.08 34 SVINFO 6 19 12 4 28 32 164
51.08 34 WP_MOVED 3 558078.1875 3395046.25 80.
51.08 34 GYRO_RATES 101 115 126 -0.881391 1.003564 1.099557
51.08 34 ESTIMATOR 63.380001 1.68 1.68 1.68 63.380001
51.15 34 NAVIGATION 0 2 6122 18923 36 0. 30666.4
51.15 34 ATTITUDE 0 0 -69
51.15 34 CALIBRATION 0. 0.023 0.064 0
51.15 34 GPS 3 55813897 339497606 2583 6347 52 207 253401499 16 0
51.15 34 SVINFO 7 20 12 4 29 22 219
51.15 34 SERVO -9600 9600 173
51.26 34 DESIRED 0. -0. 0. 0. 73. 0.
51.29 34 IR_DEBUG 698 683 698 683
51.29 34 NAVIGATION 0 2 6122 18924 36 0. 30646.2
51.35 34 WP_MOVED 4 552016. 3376052. 0.
51.35 34 GPS 3 55813903 339497628 2635 6343 45 197 253401751 16 0
51.35 34 SVINFO 8 7 13 6 35 18 297
51.54 34 ESTIMATOR 63.43 1.97 1.97 1.97 63.43
51.64 34 COMMANDS 174,-7,-47,-528,-4683
51.65 34 NAVIGATION 0 2 6123 18924 36 0. 30637.2
51.65 34 ATTITUDE 2 0 -67
51.65 34 DL_VALUE 34 1.
51.65 34 FBW_STATUS 0 0 125
51.65 34 GPS 3 55813908 339497649 2679 6361 63 221 253401999 16 0
51.65 34 RAD_OF_IR 21 126 0.00184
51.71 34 IR_SENSORS -954 18 1
51.74 34 NAVIGATION 0 2 6123 18924 36 0. 30626.3
51.77 34 DOWNLINK_STATUS 50 11367 723 0 440. 28.
52.07 34 WP_MOVED 0 552058. 3376094. 50.
52.07 34 GYRO_RATES 22 41 47 -0.191986 0.357792 0.410152
52.07 34 GPS 3 55813917 339497663 2730 6346 55 190 253402251 16 0
52.07 34 SVINFO 10 31 4 4 30 10 90
52.07 34 ESTIMATOR 63.459999 1.9 1.9 1.9 63.459999
52.13 34 NAVIGATION 0 2 6123 18924 36 0. 30637.5
52.13 34 ATTITUDE 5 0 -62
52.13 34 GPS 3 55813927 339497676 2782 6333 61 165 253402499 16 0
52.14 34 DESIRED 0. -0. 0. 0. 73. 0.
52.25 34 NAVIGATION 0 2 6123 18924 36 0. 30653.5
52.27 34 WP_MOVED 1 557976.375 3395041. 80.
52.77 34 DOWNLINK_STATUS 51 11573 734 0 206. 11.
53.77 34 DOWNLINK_STATUS 52 11573 734 0 0. 0.
54.77 34 DOWNLINK_STATUS 53 11573 734 0 0. 0.
55.77 34 DOWNLINK_STATUS 54 11573 734 0 0. 0.
56.77 34 DOWNLINK_STATUS 55 11573 734 0 0. 0.
57.77 34 DOWNLINK_STATUS 56 11573 734 0 0. 0.
58.77 34 DOWNLINK_STATUS 57 11573 734 0 0. 0.
59.77 34 DOWNLINK_STATUS 58 11573 734 0 0. 0.
60.77 34 DOWNLINK_STATUS 59 11573 734 0 0. 0.
61.77 34 DOWNLINK_STATUS 60 11573 734 0 0. 0.
62.77 34 DOWNLINK_STATUS 61 11573 734 0 0. 0.
63.77 34 DOWNLINK_STATUS 62 11573 734 0 0. 0.
64.77 34 DOWNLINK_STATUS 63 11573 734 0 0. 0.
65.77 34 DOWNLINK_STATUS 64 11573 734 0 0. 0.
66.77 34 DOWNLINK_STATUS 65 11573 734 0 0. 0.
67.77 34 DOWNLINK_STATUS 66 11573 734 0 0. 0.
68.77 34 DOWNLINK_STATUS 67 11573 734 0 0. 0.
69.77 34 DOWNLINK_STATUS 68 11573 734 0 0. 0.
70.77 34 DOWNLINK_STATUS 69 11573 734 0 0. 0.
71.77 34 DOWNLINK_STATUS 70 11573 734 0 0. 0.
72.78 34 DOWNLINK_STATUS 71 11573 734 0 0. 0.
73.78 34 DOWNLINK_STATUS 72 11573 734 0 0. 0.
74.77 34 DOWNLINK_STATUS 73 11573 734 0 0. 0.
75.74 34 BOOT 1
75.74 34 PPRZ_MODE 2 0 0 0 0 1 0
75.74 34 GPS 0 55814072 339497548 0 6264 0 0 253424622 16 0
75.74 34 FBW_STATUS 0 0 0
75.74 34 RAD_OF_IR -9 0 0.00211
75.74 34 ACTUATORS 1496,1503,0,1214,1470,1745
75.74 34 IR_SENSORS -991 -10 1
75.74 34 NAVIGATION 0 1 0 0 36 0. 396108480.
75.74 34 BAT 0 125 0 0 0 0 0
75.79 34 FBW_STATUS 1 0 125
75.79 34 ATTITUDE -1 0 -94
75.79 34 PPRZ_MODE 2 0 3 0 0 5 0
75.79 34 FBW_STATUS 0 1 125
75.79 34 RAD_OF_IR -11 0 0.00211
75.79 34 PPRZ_MODE 1 0 3 0 0 21 0
75.79 34 CALIB_START 
75.79 34 IR_SENSORS -989 -11 1
75.79 34 NAVIGATION 0 1 0 0 36 0. 396108480.
75.79 34 DOWNLINK_STATUS 74 11757 752 0 184. 18.
75.88 34 GPS 0 55814072 339497548 0 6264 0 0 253426250 16 0
75.88 34 WP_MOVED 0 552058. 3376094. 50.
75.88 34 GYRO_RATES -46 -31 -22 0.401426 -0.270526 -0.191986
75.96 34 ESTIMATOR 0. 0. 0. 0. 0.
75.96 34 BAT 173 124 0 0 2 0 0
76.19 34 NAVIGATION 0 1 0 0 36 0. 396108480.
76.19 34 ATTITUDE -3 0 -97
76.19 34 CALIB_START 
76.19 34 CALIBRATION 0. 0.023 0.064 1
76.40 34 SERVO 9600 -8996 174
76.43 34 GPS 0 55814155 339497934 822 6799 105 -364 253426498 16 0
76.44 34 SVINFO 2 6 12 3 34 52 108
76.44 34 DESIRED 0. -0.01 0. 0. 73. 0.
76.44 34 IR_DEBUG 703 729 703 729
76.44 34 NAVIGATION 0 1 0 0 36 0. 396108480.
76.44 34 CALIB_CONTRAST 998
76.45 34 ESTIMATOR 0. 0. 0. 0. 0.
76.67 34 COMMANDS 173,-3492,9600,1404,-4709
76.67 34 NAVIGATION 0 1 0 0 36 0. 396108480.
76.67 34 ATTITUDE -3 0 -78
76.67 34 DL_VALUE 2 0.
76.67 34 FBW_STATUS 0 1 124
76.67 34 RAD_OF_IR -23 0 0.0019
76.68 34 GPS 3 55814424 339498006 854 5599 46 -70 253426998 16 0
76.68 34 IR_SENSORS -1000 -25 1
76.75 34 NAVIGATION 0 1 6128 18928 36 0. 31884.
76.79 34 TAKEOFF 8
76.79 34 DOWNLINK_STATUS 75 12141 779 0 384. 27.
76.86 34 WP_MOVED 2 558089.375 3394997.25 80.
76.86 34 GYRO_RATES -22 -14 -7 0.191986 -0.122173 -0.061087
77.09 34 GPS 3 55814404 339498107 871 5175 23 -11 253427250 16 0
77.09 34 SVINFO 4 13 13 6 33 42 320
77.09 34 ESTIMATOR 51.75 -0.11 -0.11 -0.11 51.75
77.19 34 NAVIGATION 0 2 6128 18929 36 0. 31694.8
77.19 34 ATTITUDE -4 0 -78
77.19 34 GPS 3 55814340 339498042 921 5351 6 21 253427498 16 0
77.19 34 SVINFO 5 25 13 4 31 35 312
77.19 34 DESIRED 0.17 -0. 0. 0. 73. 0.
77.19 34 NAVIGATION 0 2 6127 18928 36 0. 31558.9
77.26 34 WP_MOVED 3 558078.1875 3395046.25 80.
77.38 34 GPS 3 55814255 339497965 1031 5490 39 62 253427750 16 0
77.38 34 ESTIMATOR 54.900002 0.62 0.62 0.62 54.900002
77.59 34 COMMANDS 174,-8554,9600,3583,-4709
77.59 34 NAVIGATION 0 2 6126 18927 36 0. 31369.6
77.59 34 ATTITUDE -3 0 -78
77.59 34 DL_VALUE 3 0.
77.68 34 FBW_STATUS 0 1 124
77.68 34 RAD_OF_IR -16 311 0.0019
77.68 34 GPS 3 55814225 339497920 1118 5632 18 59 253427998 16 0
77.68 34 SVINFO 7 20 13 6 37 22 218
77.68 34 IR_SENSORS -989 -9 1
77.68 34 NAVIGATION 0 2 6126 18927 36 0. 31325.6
77.76 34 WP_MOVED 4 552016. 3376052. 0.
77.79 34 GYRO_RATES -59 -43 -36 0.514872 -0.375246 -0.314159
77.80 34 DOWNLINK_STATUS 76 12565 805 0 424. 26.
78.12 34 ESTIMATOR 56.32 0.59 0.59 0.59 56.32
78.12 34 BAT 171 124 2 0 4 1 0
78.12 34 GPS 3 55814247 339497864 1203 5671 13 47 253428250 16 0
78.12 34 SVINFO 8 7 13 4 33 18 297
78.12 34 NAVIGATION 0 2 6126 18926 36 0. 31468.
78.12 34 ATTITUDE -1 0 -76
78.12 34 CALIBRATION 0. 0.023 0.064 1
78.23 34 SERVO 9600 -9047 174
78.23 34 DESIRED 0. -0.01 0. 0. 73. 0.
78.24 34 IR_DEBUG 701 718 701 718
78.24 34 GPS 3 55814266 339497831 1269 5755 15 35 253428498 16 0
78.24 34 NAVIGATION 0 2 6126 18926 36 0. 31572.4
78.24 34 WP_MOVED 0 552058. 3376094. 50.
78.26 34 PPRZ_MODE 0 1 2 0 0 17 0
78.29 34 ESTIMATOR 57.549999 0.35 0.35 0.35 57.549999
78.60 34 GPS 3 55814233 339497795 1335 5887 33 71 253428750 16 0
78.60 34 COMMANDS 173,17,-50,-551,-4701
78.60 34 NAVIGATION 0 2 6126 18925 36 0. 31508.2
78.60 34 ATTITUDE -1 0 -77
78.60 34 DL_VALUE 4 0.
78.71 34 FBW_STATUS 0 0 125
78.71 34 RAD_OF_IR -10 186 0.0019
78.71 34 ACTUATORS 1499,1503,0,1214,1473,1744
78.71 34 IR_SENSORS -988 -7 1
78.71 34 NAVIGATION 0 2 6126 18925 36 0. 31508.2
78.71 34 GPS 3 55814240 339497853 1413 5637 21 41 253428998 16 0
78.71 34 WP_MOVED 1 557976.375 3395041. 80.
78.77 34 ESTIMATOR 56.369999 0.41 0.41 0.41 56.369999
78.80 34 DOWNLINK_STATUS 77 13007 833 0 442. 28.
78.88 34 NAVIGATION 0 2 6126 18926 36 0. 31458.6
78.88 34 ATTITUDE 5 0 -67
78.88 34 GPS 3 55814219 339497869 1494 5632 39 80 253429250 16 0
79.19 34 DESIRED 0. -0. 0. 0. 73. 0.
79.19 34 NAVIGATION 0 2 6126 18926 36 0. 31368.9
79.27 34 GPS 3 55814212 339497887 1486 5475 26 38 253429498 16 0
79.31 34 WP_MOVED 2 558089.375 3394997.25 80.
79.31 34 PPRZ_MODE 0 1 2 0 0 17 0
79.31 34 ESTIMATOR 54.75 0.38 0.38 0.38 54.75
79.38 34 COMMANDS 174,15,-74,-554,-4699
79.38 34 NAVIGATION 0 2 6126 18926 36 0. 31323.4
79.38 34 ATTITUDE 12 0 -58
79.38 34 DL_VALUE 5 3.
79.38 34 GPS 3 55814214 339497876 1522 5338 28 21 253429750 16 0
79.38 34 FBW_STATUS 0 0 125
79.39 34 RAD_OF_IR 86 101 0.0019
79.48 34 IR_SENSORS -856 95 1
79.68 34 NAVIGATION 0 2 6126 18926 36 0. 31343.7
79.79 34 DOWNLINK_STATUS 78 13291 851 0 284. 18.
79.83 34 WP_MOVED 3 558078.1875 3395046.25 80.
79.83 34 GYRO_RATES -327 -311 -304 2.853613 -2.713987 -2.6529
79.83 34 GPS 3 55813964 339497765 1551 6050 18 100 253429998 16 0
79.83 34 ESTIMATOR 60.5 1. 1. 1. 60.5
79.83 34 BAT 173 125 4 0 6 3 0
79.83 34 NAVIGATION 0 2 6123 18925 36 0. 30660.5
79.83 34 ATTITUDE 22 0 -45
79.83 34 CALIBRATION 0. 0.023 0.064 0
79.88 34 GPS 3 55813875 339497707 1610 6321 27 232 253430250 16 0
79.88 34 SVINFO 0 23 13 6 37 78 296
79.88 34 SERVO 9600 -9600 173
80.20 34 DESIRED 0. -0. 0. 0. 73. 0.
80.20 34 IR_DEBUG 674 489 674 489
80.20 34 NAVIGATION 0 2 6122 18925 36 0. 30444.6
80.20 34 WP_MOVED 4 552016. 3376052. 0.
80.27 34 GPS 3 55813823 339497656 1695 6464 42 258 253430498 16 0
80.31 34 SVINFO 1 3 13 6 37 54 139
80.31 34 ESTIMATOR 64.639999 2.58 2.58 2.58 64.639999
80.31 34 COMMANDS 174,13,-52,-554,-4701
80.31 34 NAVIGATION 0 2 6122 18924 36 0. 30341.4
80.31 34 ATTITUDE 17 0 -52
80.31 34 DL_VALUE 6 1.
80.39 34 FBW_STATUS 0 0 125
80.39 34 GPS 3 55813845 339497654 1747 6497 43 235 253430750 16 0
80.39 34 SVINFO 2 6 13 6 36 52 108
80.39 34 RAD_OF_IR 102 147 0.0019
80.47 34 IR_SENSORS -851 98 1
80.47 34 NAVIGATION 0 2 6122 18924 36 0. 30415.5
80.68 34 WP_MOVED 0 552058. 3376094. 50.
80.68 34 GYRO_RATES -388 -370 -363 3.385939 -3.228859 -3.167773
80.79 34 GPS 3 55813877 339497685 1794 6510 86 260 253430998 16 0
80.83 34 SVINFO 3 16 13 6 38 45 36
80.83 34 ESTIMATOR 65.099998 2.6 2.6 2.6 65.099998
80.83 34 NAVIGATION 0 2 6122 18924 36 0. 30479.3
80.83 34 ATTITUDE 14 0 -55
80.83 34 DOWNLINK_STATUS 79 13847 886 0 556. 35.
80.87 34 GPS 3 55813878 339497690 1851 6528 68 244 253431250 16 0
80.88 34 SVINFO 4 13 13 6 38 42 320
80.96 34 DESIRED 0. -0. 0. 0. 73. 0.
80.96 34 NAVIGATION 0 2 6122 18924 36 0. 30476.
80.99 34 WP_MOVED 1 557976.375 3395041. 80.
81.42 34 ESTIMATOR 65.279999 2.44 2.44 2.44 65.279999
81.42 34 GPS 3 55813859 339497642 1907 6529 21 200 253431498 16 0
81.42 34 SVINFO 5 25 13 6 37 35 312
81.42 34 COMMANDS 174,13,-74,-554,-4699
81.42 34 NAVIGATION 0 2 6122 18924 36 0. 30476.2
81.42 34 ATTITUDE 12 0 -58
81.42 34 DL_VALUE 7 0.
81.48 34 FBW_STATUS 0 0 125
81.48 34 RAD_OF_IR 74 161 0.0019
81.48 34 GPS 3 55813848 339497638 1942 6535 35 151 253431750 16 0
81.48 34 SVINFO 6 19 13 6 35 32 164
81.48 34 IR_SENSORS -885 72 1
81.48 34 NAVIGATION 0 2 6122 18924 36 0. 30445.6
81.49 34 WP_MOVED 2 558089.375 3394997.25 80.
81.49 34 GYRO_RATES -287 -271 -262 2.504547 -2.364921 -2.286381
81.71 34 ESTIMATOR 65.349998 1.51 1.51 1.51 65.349998
81.71 34 BAT 174 125 6 0 8 5 0
81.71 34 GPS 3 55813850 339497627 1982 6511 36 146 253431998 16 0
81.71 34 SVINFO 7 20 13 6 33 22 218
81.71 34 NAVIGATION 0 2 6122 18924 36 0. 30466.5
81.71 34 ATTITUDE 11 0 -59
81.71 34 CALIBRATION 0. 0.023 0.064 0
81.80 34 DOWNLINK_STATUS 80 14275 913 0 428. 27.
81.87 34 SERVO 9600 -9600 173
81.99 34 DESIRED 0. -0. 0. 0. 73. 0.
81.99 34 IR_DEBUG 683 576 683 576
81.99 34 GPS 3 55813860 339497615 2023 6472 51 135 253432250 16 0
81.99 34 SVINFO 8 7 13 6 35 18 297
81.99 34 NAVIGATION 0 2 6122 18924 36 0. 30514.4
81.99 34 WP_MOVED 3 558078.1875 3395046.25 80.
82.05 34 ESTIMATOR 64.720001 1.35 1.35 1.35 64.720001
82.19 34 GPS 3 55813861 339497589 2044 6437 43 119 253432498 16 0
82.19 34 COMMANDS 174,13,-75,-529,-4703
82.19 34 NAVIGATION 0 2 6122 18923 36 0. 30551.3
82.19 34 ATTITUDE 11 0 -59
82.19 34 DL_VALUE 8 0.
82.19 34 FBW_STATUS 0 0 125
82.37 34 RAD_OF_IR 73 60 0.0019
82.49 34 IR_SENSORS -891 67 1
82.49 34 NAVIGATION 0 2 6122 18923 36 0. 30551.3
82.49 34 GPS 3 55813877 339497588 2062 6422 54 135 253432750 16 0
82.49 34 WP_MOVED 4 552016. 3376052. 0.
82.49 34 GYRO_RATES -295 -280 -271 2.574361 -2.443461 -2.364921
82.56 34 ESTIMATOR 64.220001 1.35 1.35 1.35 64.220001
82.67 34 NAVIGATION 0 2 6122 18923 36 0. 30604.6
82.67 34 ATTITUDE 10 0 -61
82.67 34 GPS 3 55813910 339497600 2065 6382 31 106 253432998 16 0
82.80 34 DOWNLINK_STATUS 81 14662 937 0 387. 24.
82.88 34 DESIRED 0. -0. 0. 0. 73. 0.
83.00 34 NAVIGATION 0 2 6123 18924 36 0. 30696.4
83.00 34 GPS 3 55813933 339497613 2076 6342 13 77 253433250 16 0
83.00 34 WP_MOVED 0 552058. 3376094. 50.
83.00 34 ESTIMATOR 63.419998 0.77 0.77 0.77 63.419998
83.20 34 COMMANDS 173,13,-52,-529,-4701
83.20 34 NAVIGATION 0 2 6123 18924 36 0. 30754.2
83.20 34 ATTITUDE 10 0 -60
83.20 34 DL_VALUE 9 -57.
83.20 34 GPS 3 55813952 339497611 2054 6315 14 88 253433498 16 0
83.20 34 FBW_STATUS 0 0 125
83.20 34 RAD_OF_IR 66 -63 0.0019
83.20 34 NAVIGATION_REF 552016 3376052 16
83.38 34 ACTUATORS 1499,1503,0,1214,1473,1744
83.41 34 IR_SENSORS -896 63 1
83.48 34 NAVIGATION 0 2 6123 18924 36 0. 30819.
83.48 34 WP_MOVED 1 557976.375 3395041. 80.
83.48 34 GYRO_RATES -244 -228 -219 2.129302 -1.989675 -1.911136
83.48 34 GPS 3 55813972 339497604 2091 6303 31 137 253433750 16 0
83.52 34 ESTIMATOR 63.029999 1.37 1.37 1.37 63.029999
83.52 34 BAT 173 125 8 0 10 7 0
83.56 34 NAVIGATION 0 2 6123 18924 36 0. 30893.4
83.56 34 ATTITUDE 10 0 -61
83.56 34 CALIBRATION 0. 0.023 0.064 0
83.67 34 GPS 3 55813982 339497589 2135 6265 43 104 253433998 16 0
83.67 34 SERVO 9600 -9600 173
83.80 34 DOWNLINK_STATUS 82 15084 963 0 422. 26.
83.89 34 DESIRED 0. -0. 0. 0. 73. 0.
83.89 34 IR_DEBUG 685 585 685 585
83.89 34 NAVIGATION 0 2 6123 18923 36 0. 30945.3
83.98 34 WP_MOVED 2 558089.375 3394997.25 80.
83.98 34 PPRZ_MODE 0 1 2 0 0 17 0
83.98 34 GPS 3 55813984 339497586 2153 6234 31 127 253434250 16 0
83.98 34 SVINFO 0 23 13 6 39 78 296
83.98 34 ESTIMATOR 62.34 1.27 1.27 1.27 62.34
84.08 34 COMMANDS 174,13,-50,-529,-4699
84.08 34 NAVIGATION 0 2 6123 18923 36 0. 30955.9
84.08 34 ATTITUDE 11 0 -59
84.08 34 DL_VALUE 10 0.
84.08 34 FBW_STATUS 0 0 125
84.16 34 RAD_OF_IR 71 50 0.0019
84.16 34 GPS 3 55813994 339497579 2187 6213 22 154 253434498 16 0
84.16 34 SVINFO 1 3 13 7 38 54 139
84.17 34 IR_SENSORS -889 69 1
84.38 34 NAVIGATION 0 2 6123 18923 36 0. 30997.8
84.49 34 WP_MOVED 3 558078.1875 3395046.25 80.
84.49 34 GYRO_RATES -187 -170 -162 1.631883 -1.48353 -1.413717
84.49 34 GPS 3 55814005 339497581 2239 6185 17 121 253434750 16 0
84.49 34 SVINFO 2 6 13 7 37 52 108
84.49 34 ESTIMATOR 61.849998 1.21 1.21 1.21 61.849998
84.49 34 NAVIGATION 0 2 6124 18923 36 0. 31031.
84.49 34 ATTITUDE 11 0 -59
84.68 34 GPS 3 55814022 339497581 2234 6164 39 89 253434998 16 0
84.68 34 SVINFO 3 16 13 6 39 45 36
84.68 34 DESIRED 0. -0. 0. 0. 73. 0.
84.68 34 NAVIGATION 0 2 6124 18923 36 0. 31086.8
84.80 34 DOWNLINK_STATUS 83 15546 992 0 462. 29.
84.87 34 WP_MOVED 4 552016. 3376052. 0.
84.90 34 ESTIMATOR 61.639999 0.89 0.89 0.89 61.639999
84.90 34 GPS 3 55814042 339497576 2253 6137 51 80 253435250 16 0
84.91 34 SVINFO 4 13 13 7 39 42 320
84.97 34 COMMANDS 173,13,-52,-529,-4699
84.97 34 NAVIGATION 0 2 6124 18923 36 0. 31158.9
84.97 34 ATTITUDE 11 0 -59
84.97 34 DL_VALUE 11 1.
85.04 34 FBW_STATUS 0 0 125
85.18 34 RAD_OF_IR 68 53 0.0019
85.18 34 GPS 3 55814060 339497579 2270 6116 41 104 253435498 16 0
85.18 34 SVINFO 5 25 13 6 38 35 312
85.18 34 IR_SENSORS -889 68 1
85.18 34 NAVIGATION 0 2 6124 18923 36 0. 31214.2
85.38 34 WP_MOVED 0 552058. 3376094. 50.
85.38 34 GYRO_RATES -133 -117 -108 1.160644 -1.021018 -0.942478
85.51 34 ESTIMATOR 61.16 1.04 1.04 1.04 61.16
85.51 34 BAT 173 125 10 0 12 9 0
85.51 34 GPS 3 55814078 339497582 2338 6086 10 96 253435750 16 0
85.51 34 SVINFO 6 19 13 6 37 32 164
85.51 34 NAVIGATION 0 2 6124 18923 36 0. 31269.1
85.51 34 ATTITUDE 11 0 -59
85.51 34 CALIBRATION 0. 0.023 0.064 0
85.52 34 SERVO 9600 -9600 173
85.70 34 GPS 3 55814098 339497584 2309 6047 24 72 253435998 16 0
85.70 34 SVINFO 7 20 13 6 35 22 218
85.70 34 DESIRED 0. -0. 0. 0. 73. 0.
85.70 34 IR_DEBUG 685 587 685 587
85.71 34 NAVIGATION 0 2 6124 18923 36 0. 31332.4
85.71 34 WP_MOVED 1 557976.375 3395041. 80.
85.80 34 DOWNLINK_STATUS 84 16007 1022 0 461. 30.
85.88 34 ESTIMATOR 60.470001 0.72 0.72 0.72 60.470001
85.98 34 GPS 3 55814107 339497578 2322 6019 30 93 253436250 16 0
85.98 34 SVINFO 8 7 13 6 37 18 297
85.98 34 COMMANDS 173,13,-50,-528,-4703
85.98 34 NAVIGATION 0 2 6125 18923 36 0. 31369.9
85.98 34 ATTITUDE 11 0 -60
85.98 34 DL_VALUE 12 0.
85.99 34 FBW_STATUS 0 0 125
85.99 34 RAD_OF_IR 68 36 0.0019
86.17 34 IR_SENSORS -890 68 1
86.17 34 GPS 3 55814124 339497562 2354 6032 75 89 253436498 16 0
86.17 34 NAVIGATION 0 2 6125 18923 36 0. 31447.
86.18 34 WP_MOVED 2 558089.375 3394997.25 80.
86.18 34 GYRO_RATES -159 -142 -133 1.387537 -1.239184 -1.160644
86.38 34 ESTIMATOR 60.32 0.89 0.89 0.89 60.32
86.49 34 GPS 3 55814122 339497571 2355 6010 41 93 253436750 16 0
86.49 34 NAVIGATION 0 2 6125 18923 36 0. 31428.4
86.49 34 ATTITUDE 10 0 -60
86.61 34 DESIRED 0. -0. 0. 0. 73. 0.
86.61 34 NAVIGATION 0 2 6125 18923 36 0. 31428.4
86.61 34 GPS 3 55814120 339497575 2356 6010 30 86 253436998 16 0
86.65 34 WP_MOVED 3 558078.1875 3395046.25 80.
86.80 34 DOWNLINK_STATUS 85 16376 1044 0 369. 22.
86.88 34 ESTIMATOR 60.099998 0.86 0.86 0.86 60.099998
86.99 34 COMMANDS 173,12,-52,-528,-4701
86.99 34 NAVIGATION 0 2 6125 18923 36 0. 31416.7
86.99 34 ATTITUDE 10 0 -60
86.99 34 DL_VALUE 13 477.
86.99 34 GPS 3 55814113 339497586 2383 5996 27 87 253437250 16 0
86.99 34 FBW_STATUS 0 0 125
86.99 34 RAD_OF_IR 67 76 0.0019
86.99 34 IR_SENSORS -891 67 1
87.18 34 NAVIGATION 0 2 6125 18923 36 0. 31379.3
87.18 34 GPS 3 55814118 339497591 2395 5999 33 101 253437498 16 0
87.18 34 WP_MOVED 4 552016. 3376052. 0.
87.18 34 GYRO_RATES -162 -147 -138 1.413717 -1.282817 -1.204277
87.38 34 ESTIMATOR 59.990002 1.01 1.01 1.01 59.990002
87.38 34 BAT 173 125 12 0 14 11 0
87.48 34 NAVIGATION 0 2 6125 18923 36 0. 31389.2
87.48 34 ATTITUDE 10 0 -60
87.48 34 CALIBRATION 0. 0.023 0.064 0
87.48 34 GPS 3 55814111 339497598 2404 6007 21 130 253437750 16 0
87.48 34 SERVO 9600 -9600 173
87.62 34 DESIRED 0. -0. 0. 0. 73. 0.
87.62 34 IR_DEBUG 685 592 685 592
87.62 34 NAVIGATION 0 2 6125 18923 36 0. 31356.9
87.62 34 WP_MOVED 0 552058. 3376094. 50.
87.62 34 GPS 3 55814109 339497600 2408 6017 30 113 253437998 16 0
87.65 34 ESTIMATOR 60.169998 1.13 1.13 1.13 60.169998
87.80 34 DOWNLINK_STATUS 86 16804 1070 0 428. 26.
87.89 34 COMMANDS 173,17,-52,-528,-4699
87.89 34 NAVIGATION 0 2 6125 18924 36 0. 31347.8
87.89 34 ATTITUDE 15 0 -54
87.89 34 DL_VALUE 14 462.
87.97 34 FBW_STATUS 0 0 125
87.97 34 GPS 3 55814111 339497600 2322 6024 24 83 253438250 16 0
87.97 34 SVINFO 0 23 13 6 40 78 296
87.97 34 RAD_OF_IR 114 -243 0.0019
87.98 34 ACTUATORS 1499,1503,0,1214,1473,1744
87.98 34 IR_SENSORS -835 112 1
87.98 34 NAVIGATION 0 2 6125 18924 36 0. 31354.4
88.18 34 WP_MOVED 1 557976.375 3395041. 80.
88.18 34 GYRO_RATES -2 13 23 0.017453 0.113446 0.200713
88.18 34 GPS 3 55814105 339497574 2287 6014 11 81 253438498 16 0
88.18 34 SVINFO 1 3 13 6 39 54 139
88.18 34 ESTIMATOR 60.139999 0.81 0.81 0.81 60.139999
88.38 34 NAVIGATION 0 2 6125 18923 36 0. 31368.4
88.38 34 ATTITUDE 17 0 -52
