41.06 12 ESTIMATOR 700. 0. 0. 0. 0.
41.10 12 BAT 0 121 0 0 0 0 0
41.10 12 FBW_STATUS 0 1 121
41.16 12 ESTIMATOR 709.193481 -0.001945 919.350037 -0.194511 914.939941
41.17 12 BAT 0 121 0 0 2 2 0
41.19 12 PPRZ_MODE 0 3 1 0 0 17 0
41.23 12 CALIBRATION -3.658 0.037 0.5 0
41.23 12 DOWNLINK_STATUS 40 119 10 0 119. 10.
41.25 12 NAVIGATION 0 0 0 0 286 0. 570986.7
41.28 12 WP_MOVED 2 358071. 4822161. 0.
41.30 12 SERVO 1270 756 65
41.38 12 DESIRED 0. -0.01 0. 0. 700.012 -2.
41.46 12 NAVIGATION 0 0 0 0 286 0. 570986.7
41.46 12 ATTITUDE 0 0 0
41.56 12 ESTIMATOR 709.166504 -0.003859 916.650024 -0.385933 915.92981
41.62 12 DL_VALUE 2 0.
41.68 12 NAVIGATION 0 0 0 0 286 0. 570986.7
41.73 12 WP_MOVED 0 358113. 4822203. 702.
41.97 12 COMMANDS 65,51,-88,590
41.97 12 NAVIGATION 0 0 0 0 286 0. 570986.7
41.97 12 ATTITUDE 0 0 0
42.00 12 GYRO_RATES 5 -10 10 -0.043633 -0.087266 -0.087266
42.01 12 FBW_STATUS 0 0 121
42.05 12 ESTIMATOR 709.08551 0.046278 908.549988 4.627838 915.479858
42.15 12 NAVIGATION 0 0 0 0 286 0. 570986.7
42.20 12 WP_MOVED 1 358824.90625 4822110. 702.
42.22 12 DOWNLINK_STATUS 41 391 28 0 272. 18.
42.32 12 DESIRED 0. -0.01 0. 0. 700.012 -2.
42.38 12 NAVIGATION 0 0 0 0 286 0. 570986.7
42.41 12 ATTITUDE 0 0 0
42.51 12 ESTIMATOR 709.153015 -0.107945 915.299988 -10.794525 913.409912
42.56 12 DL_VALUE 3 0.
42.62 12 NAVIGATION 0 0 0 0 286 0. 570986.7
42.67 12 WP_MOVED 2 358071. 4822161. 0.
42.84 12 COMMANDS 65,43,-85,587
42.88 12 NAVIGATION 0 0 0 0 286 0. 570986.7
42.90 12 ATTITUDE 0 0 0
42.93 12 GYRO_RATES 0 -17 10 -0. -0.148353 -0.087266
42.94 12 FBW_STATUS 0 0 121
42.97 12 ESTIMATOR 709.166504 0.053973 916.650024 5.397339 914.669861
43.00 12 BAT 59 121 0 0 4 4 0
43.04 12 CALIBRATION -7.319 0.037 0.5 0
43.09 12 NAVIGATION 0 0 0 0 286 0. 570986.7
43.15 12 WP_MOVED 0 358113. 4822203. 702.
43.17 12 SERVO 1951 1192 42
43.22 12 DOWNLINK_STATUS 42 659 46 0 268. 18.
43.26 12 DESIRED 0. -0.01 0. 0. 700.016 -2.
43.33 12 NAVIGATION 0 0 0 0 286 0. 570986.7
43.34 12 ATTITUDE 0 0 0
43.44 12 ESTIMATOR 709.153015 0.008721 915.299988 0.872078 915.92981
43.50 12 DL_VALUE 4 0.
43.56 12 NAVIGATION 0 0 0 0 286 0. 570986.7
43.61 12 WP_MOVED 1 358824.90625 4822110. 702.
43.79 12 COMMANDS 79,32,-93,579
43.83 12 NAVIGATION 0 0 0 0 286 0. 570986.7
43.85 12 ATTITUDE 0 0 0
43.87 12 GYRO_RATES 4 -12 9 -0.034907 -0.10472 -0.07854
43.89 12 FBW_STATUS 0 0 121
43.93 12 ESTIMATOR 709.166504 0.016335 916.650024 1.633453 916.46991
43.97 12 ACTUATORS 1494,1500,0,1205,1530
44.02 12 NAVIGATION 0 0 0 0 286 0. 570986.7
44.08 12 WP_MOVED 2 358071. 4822161. 0.
44.20 12 DESIRED 0. -0.01 0. 0. 700.012 -2.
44.22 12 DOWNLINK_STATUS 43 929 63 0 270. 17.
44.27 12 NAVIGATION 0 0 0 0 286 0. 570986.7
44.28 12 ATTITUDE 0 0 0
44.30 12 PPRZ_MODE 0 3 0 0 0 1 0
44.38 12 ESTIMATOR 709.139526 -0.028056 913.950012 -2.805557 916.649902
44.44 12 DL_VALUE 5 0.
44.50 12 NAVIGATION 0 0 0 0 286 0. 570986.7
44.55 12 WP_MOVED 0 358113. 4822203. 702.
44.72 12 COMMANDS 61,52,-105,574
44.76 12 NAVIGATION 0 0 0 0 286 0. 570986.7
44.77 12 ATTITUDE 0 0 0
44.82 12 GYRO_RATES 4 -12 9 -0.034907 -0.10472 -0.07854
44.82 12 FBW_STATUS 0 0 121
44.86 12 ESTIMATOR 709.166504 0.007696 916.650024 0.769615 915.569885
44.88 12 BAT 64 121 0 0 6 6 0
44.92 12 CALIBRATION -9.147 0.037 0.5 0
44.97 12 NAVIGATION 0 0 0 0 286 0. 570986.7
45.04 12 WP_MOVED 1 358824.90625 4822110. 702.
45.08 12 SERVO 1270 974 57
45.14 12 DESIRED 0. -0.01 0. 0. 700.01 -2.
45.20 12 NAVIGATION 0 0 0 0 286 0. 570986.7
45.22 12 ATTITUDE 0 0 0
45.22 12 DOWNLINK_STATUS 44 1232 84 0 303. 21.
45.33 12 ESTIMATOR 709.153015 0.005805 915.299988 0.580482 915.749939
45.38 12 DL_VALUE 6 0.
45.44 12 NAVIGATION 0 0 0 0 286 0. 570986.7
45.49 12 WP_MOVED 2 358071. 4822161. 0.
45.66 12 COMMANDS 52,57,-94,611
45.70 12 NAVIGATION 0 0 0 0 286 0. 570986.7
45.73 12 ATTITUDE 0 0 0
45.75 12 GYRO_RATES 4 -12 10 -0.034907 -0.10472 -0.087266
45.77 12 FBW_STATUS 0 0 121
45.82 12 ESTIMATOR 709.153015 -0.001891 915.299988 -0.189095 916.020081
45.92 12 NAVIGATION 0 0 0 0 286 0. 570986.7
45.96 12 WP_MOVED 0 358113. 4822203. 702.
46.07 12 DESIRED 0. -0.01 0. 0. 700.013 -2.
46.15 12 NAVIGATION 0 0 0 0 286 0. 570986.7
46.17 12 ATTITUDE 0 0 0
46.23 12 DOWNLINK_STATUS 45 1463 99 0 231. 15.
46.26 12 ESTIMATOR 709.153015 -0.011529 915.299988 -1.152878 915.570007
46.31 12 DL_VALUE 7 0.
46.38 12 NAVIGATION 0 0 0 0 286 0. 570986.7
46.43 12 WP_MOVED 1 358824.90625 4822110. 702.
46.59 12 COMMANDS 55,52,-88,599
46.64 12 NAVIGATION 0 0 0 0 286 0. 570986.7
46.66 12 ATTITUDE 0 0 0
46.68 12 GYRO_RATES 4 -11 10 -0.034907 -0.095993 -0.087266
46.71 12 FBW_STATUS 0 0 121
46.75 12 ESTIMATOR 709.166504 -0.007723 916.650024 -0.772285 915.839966
46.76 12 BAT 57 121 0 0 7 7 0
46.80 12 CALIBRATION -9.144 0.037 0.5 0
46.85 12 NAVIGATION 0 0 0 0 286 0. 570986.7
46.89 12 WP_MOVED 2 358071. 4822161. 0.
46.91 12 SERVO 1270 974 66
47.02 12 DESIRED 0. -0.01 0. 0. 700.011 -2.
47.08 12 NAVIGATION 0 0 0 0 286 0. 570986.7
47.12 12 ATTITUDE 0 0 0
47.19 12 ESTIMATOR 709.153015 0.019252 915.299988 1.925201 916.379944
47.25 12 DOWNLINK_STATUS 46 1753 118 0 290. 19.
47.27 12 DL_VALUE 8 0.
47.32 12 NAVIGATION 0 0 0 0 286 0. 570986.7
47.37 12 WP_MOVED 0 358113. 4822203. 702.
47.53 12 COMMANDS 63,30,-91,609
47.57 12 NAVIGATION 0 0 0 0 286 0. 570986.7
47.61 12 ATTITUDE 0 0 0
47.63 12 GYRO_RATES 4 -12 11 -0.034907 -0.10472 -0.095993
47.65 12 FBW_STATUS 0 0 121
47.68 12 ESTIMATOR 709.139526 -0.005806 913.950012 -0.580597 915.75
47.78 12 NAVIGATION 0 0 0 0 286 0. 570986.7
47.83 12 WP_MOVED 1 358824.90625 4822110. 702.
47.95 12 DESIRED 0. -0.01 0. 0. 700.012 -2.
48.02 12 NAVIGATION 0 0 0 0 286 0. 570986.7
48.04 12 ATTITUDE 0 0 0
48.13 12 ESTIMATOR 709.166504 -0.013499 916.650024 -1.349945 915.390015
48.19 12 DL_VALUE 9 466.
48.24 12 DOWNLINK_STATUS 47 1991 134 0 238. 16.
48.25 12 NAVIGATION 0 0 0 0 286 0. 570986.7
48.30 12 WP_MOVED 2 358071. 4822161. 0.
48.33 12 NAVIGATION_REF 358071 4822161 31
48.48 12 COMMANDS 63,51,-81,586
48.50 12 NAVIGATION 0 0 0 0 286 0. 570986.7
48.52 12 ATTITUDE 0 0 0
48.56 12 GYRO_RATES 4 -12 11 -0.034907 -0.10472 -0.095993
48.60 12 FBW_STATUS 0 0 121
48.60 12 ESTIMATOR 709.20697 -0.002835 920.700012 -0.28347 916.200073
48.63 12 BAT 78 121 0 0 9 9 0
48.67 12 ACTUATORS 1494,1500,0,1205,1530
48.69 12 CALIBRATION -9.143 0.037 0.5 0
48.71 12 NAVIGATION 0 0 0 0 286 0. 570986.7
48.77 12 WP_MOVED 0 358113. 4822203. 702.
48.79 12 SERVO 1270 974 66
48.88 12 DESIRED 0. -0.01 0. 0. 700.013 -2.
48.95 12 NAVIGATION 0 0 0 0 286 0. 570986.7
48.97 12 ATTITUDE 0 0 0
49.00 12 PPRZ_MODE 0 3 0 0 0 1 0
49.08 12 ESTIMATOR 709.153015 -0.037639 915.299988 -3.763924 916.019958
49.13 12 DL_VALUE 10 492.
49.18 12 NAVIGATION 0 0 0 0 286 0. 570986.7
49.24 12 WP_MOVED 1 358824.90625 4822110. 702.
49.26 12 DOWNLINK_STATUS 48 2325 157 0 334. 23.
49.41 12 COMMANDS 61,46,-89,599
49.44 12 NAVIGATION 0 0 0 0 286 0. 570986.7
49.46 12 ATTITUDE 0 0 0
49.49 12 GYRO_RATES 4 -12 11 -0.034907 -0.10472 -0.095993
49.50 12 FBW_STATUS 0 0 121
49.55 12 ESTIMATOR 709.153015 0.001917 915.299988 0.19165 915.120056
49.66 12 NAVIGATION 0 0 0 0 286 0. 570986.7
49.71 12 WP_MOVED 2 358071. 4822161. 0.
49.83 12 DESIRED 0. -0.01 0. 0. 700.014 -2.
49.91 12 NAVIGATION 0 0 0 0 286 0. 570986.7
49.91 12 ATTITUDE 0 0 0
50.04 12 ESTIMATOR 709.153015 0.022167 915.299988 2.216721 915.570068
50.07 12 DL_VALUE 11 461.
50.13 12 NAVIGATION 0 0 0 0 286 0. 570986.7
50.18 12 WP_MOVED 0 358113. 4822203. 702.
50.26 12 DOWNLINK_STATUS 49 2556 172 0 231. 15.
50.35 12 COMMANDS 62,58,-77,589
50.38 12 NAVIGATION 0 0 0 0 286 0. 570986.7
50.40 12 ATTITUDE 0 0 0
50.43 12 GYRO_RATES 4 -12 11 -0.034907 -0.10472 -0.095993
50.44 12 FBW_STATUS 0 0 121
50.48 12 ESTIMATOR 709.153015 -0.022165 915.299988 -2.21653 915.570007
50.53 12 BAT 51 121 0 0 11 11 0
50.55 12 CALIBRATION -9.147 0.037 0.5 0
50.59 12 NAVIGATION 0 0 0 0 286 0. 570986.7
50.64 12 WP_MOVED 1 358824.90625 4822110. 702.
50.67 12 SERVO 1270 974 55
50.76 12 DESIRED 0. -0.01 0. 0. 700.013 -2.
50.83 12 NAVIGATION 0 0 0 0 286 0. 570986.7
50.85 12 ATTITUDE 0 0 0
50.95 12 ESTIMATOR 709.153015 0.012556 915.299988 1.255608 915.120117
51.00 12 DL_VALUE 12 1.35
51.06 12 NAVIGATION 0 0 0 0 286 0. 570986.7
51.12 12 WP_MOVED 2 358071. 4822161. 0.
51.27 12 DOWNLINK_STATUS 50 2824 190 0 268. 18.
51.29 12 COMMANDS 67,35,-96,584
51.32 12 NAVIGATION 0 0 0 0 286 0. 570986.7
51.34 12 ATTITUDE 0 0 0
51.37 12 GYRO_RATES 4 -12 11 -0.034907 -0.10472 -0.095993
51.39 12 FBW_STATUS 0 0 121
51.42 12 ESTIMATOR 709.153015 0.020222 915.299988 2.022209 915.750122
51.53 12 NAVIGATION 0 0 0 0 286 0. 570986.7
51.59 12 WP_MOVED 0 358113. 4822203. 702.
51.71 12 DESIRED 0. -0.01 0. 0. 700.014 -2.
51.77 12 NAVIGATION 0 0 0 0 286 0. 570986.7
51.78 12 ATTITUDE 0 0 0
51.89 12 ESTIMATOR 709.139526 -0.016497 913.950012 -1.649704 916.020081
51.94 12 DL_VALUE 13 0.
51.99 12 NAVIGATION 0 0 0 0 286 0. 570986.7
52.05 12 WP_MOVED 1 358824.90625 4822110. 702.
52.22 12 COMMANDS 63,47,-77,592
52.26 12 NAVIGATION 0 0 0 0 286 0. 570986.7
52.27 12 ATTITUDE 0 0 0
52.27 12 DOWNLINK_STATUS 51 3092 208 0 268. 18.
52.31 12 GYRO_RATES 4 -12 11 -0.034907 -0.10472 -0.095993
52.32 12 FBW_STATUS 0 0 121
52.36 12 ESTIMATOR 709.153015 0.009639 915.299988 0.963936 915.030029
52.38 12 BAT 55 121 0 0 13 13 0
52.43 12 CALIBRATION -9.145 0.037 0.5 0
52.47 12 NAVIGATION 0 0 0 0 286 0. 570986.7
52.53 12 WP_MOVED 2 358071. 4822161. 0.
52.54 12 SERVO 1270 974 57
52.64 12 DESIRED 0. -0.01 0. 0. 700.013 -2.
52.70 12 NAVIGATION 0 0 0 0 286 0. 570986.7
52.72 12 ATTITUDE 0 0 0
52.83 12 ESTIMATOR 709.139526 0.002888 913.950012 0.288849 915.120056
52.89 12 DL_VALUE 14 0.
52.95 12 NAVIGATION 0 0 0 0 286 0. 570986.7
52.99 12 WP_MOVED 0 358113. 4822203. 702.
53.17 12 COMMANDS 74,44,-67,582
53.20 12 NAVIGATION 0 0 0 0 286 0. 570986.7
53.22 12 ATTITUDE 0 0 0
53.24 12 GYRO_RATES 4 -12 11 -0.034907 -0.10472 -0.095993
53.26 12 FBW_STATUS 0 0 121
53.28 12 DOWNLINK_STATUS 52 3385 228 0 293. 20.
53.30 12 ESTIMATOR 709.153015 0.010638 915.299988 1.063766 915.750061
53.35 12 ACTUATORS 1493,1501,0,1204,1530
53.40 12 NAVIGATION 0 0 0 0 286 0. 570986.7
53.46 12 WP_MOVED 1 358824.90625 4822110. 702.
53.58 12 DESIRED 0. -0.01 0. 0. 700.013 -2.
53.64 12 NAVIGATION 0 0 0 0 286 0. 570986.7
53.68 12 ATTITUDE 0 0 0
53.68 12 PPRZ_MODE 0 3 0 0 0 1 0
53.76 12 ESTIMATOR 709.153015 -0.020195 915.299988 -2.019539 915.210022
53.82 12 DL_VALUE 15 0.75
53.89 12 NAVIGATION 0 0 0 0 286 0. 570986.7
53.94 12 WP_MOVED 2 358071. 4822161. 0.
54.09 12 COMMANDS 59,51,-88,587
54.14 12 NAVIGATION 0 0 0 0 286 0. 570986.7
54.15 12 ATTITUDE 0 0 0
54.18 12 GYRO_RATES -6 -12 16 0.05236 -0.10472 -0.139626
54.19 12 FBW_STATUS 0 0 121
54.24 12 ESTIMATOR 709.139526 0.00386 913.950012 0.386047 915.120056
54.25 12 BAT 79 121 0 0 15 15 0
54.29 12 DOWNLINK_STATUS 53 3674 247 0 289. 19.
54.30 12 CALIBRATION -9.141 0.037 0.5 0
54.34 12 NAVIGATION 0 0 0 0 286 0. 570986.7
54.39 12 WP_MOVED 0 358113. 4822203. 702.
54.42 12 SERVO 817 2937 59
54.52 12 DESIRED 0. -0.01 0. 0. 700.013 -2.
54.58 12 NAVIGATION 0 0 0 0 286 0. 570986.7
54.59 12 ATTITUDE 0 0 0
54.69 12 ESTIMATOR 709.139526 0.042391 913.950012 4.23912 915.840027
54.76 12 DL_VALUE 16 25000.
54.81 12 NAVIGATION 0 0 0 0 286 0. 570986.7
54.86 12 WP_MOVED 1 358824.90625 4822110. 702.
55.03 12 COMMANDS 61,46,-88,589
55.08 12 NAVIGATION 0 0 0 0 286 0. 570986.7
55.09 12 ATTITUDE 0 0 0
55.12 12 GYRO_RATES 4 -12 11 -0.034907 -0.10472 -0.095993
55.18 12 FBW_STATUS 0 0 121
55.18 12 ESTIMATOR 709.139526 -0.014472 913.950012 -1.44722 915.030029
55.28 12 NAVIGATION 0 0 0 0 286 0. 570986.7
55.29 12 DOWNLINK_STATUS 54 3946 265 0 272. 18.
55.33 12 WP_MOVED 2 358071. 4822161. 0.
55.45 12 DESIRED 0. -0.01 0. 0. 700.013 -2.
55.51 12 NAVIGATION 0 0 0 0 286 0. 570986.7
55.53 12 ATTITUDE 0 0 0
55.63 12 ESTIMATOR 709.153015 0.002888 915.299988 0.288773 914.850037
55.69 12 DL_VALUE 17 25000.
55.75 12 NAVIGATION 0 0 0 0 286 0. 570986.7
55.81 12 WP_MOVED 0 358113. 4822203. 702.
55.97 12 COMMANDS 59,51,-86,595
56.00 12 NAVIGATION 0 0 0 0 286 0. 570986.7
56.02 12 ATTITUDE 0 0 0
56.06 12 GYRO_RATES 5 -12 12 -0.043633 -0.10472 -0.10472
56.07 12 FBW_STATUS 0 0 121
56.11 12 ESTIMATOR 709.179993 0.025085 918. 2.508469 916.110046
56.15 12 BAT 62 121 0 0 17 17 0
56.18 12 CALIBRATION -9.142 0.037 0.5 0
56.22 12 NAVIGATION 0 0 0 0 286 0. 570986.7
56.27 12 WP_MOVED 1 358824.90625 4822110. 702.
56.28 12 SERVO 1270 756 52
56.29 12 DOWNLINK_STATUS 55 4229 284 0 283. 19.
56.38 12 DESIRED 0. -0.01 0. 0. 700.013 -2.
56.45 12 NAVIGATION 0 0 0 0 286 0. 570986.7
56.47 12 ATTITUDE 0 0 0
56.57 12 ESTIMATOR 709.153015 -0.052111 915.299988 -5.211067 915.210083
56.62 12 DL_VALUE 18 0.75
56.68 12 NAVIGATION 0 0 0 0 286 0. 570986.7
56.74 12 WP_MOVED 2 358071. 4822161. 0.
56.79 12 NAVIGATION_REF 358071 4822161 31
56.91 12 COMMANDS 61,51,-85,590
56.96 12 NAVIGATION 0 0 0 0 286 0. 570986.7
56.97 12 ATTITUDE 0 0 0
56.99 12 GYRO_RATES 4 -12 12 -0.034907 -0.10472 -0.10472
57.00 12 FBW_STATUS 0 0 121
57.04 12 ESTIMATOR 709.153015 0.012528 915.299988 1.252823 914.580078
57.15 12 NAVIGATION 0 0 0 0 286 0. 570986.7
57.21 12 WP_MOVED 0 358113. 4822203. 702.
57.30 12 DOWNLINK_STATUS 56 4471 300 0 242. 16.
57.33 12 DESIRED 0. -0.01 0. 0. 700.013 -2.
57.39 12 NAVIGATION 0 0 0 0 286 0. 570986.7
57.41 12 ATTITUDE 0 0 0
57.51 12 ESTIMATOR 709.153015 0.025083 915.299988 2.508278 915.299988
57.58 12 DL_VALUE 19 13000.
57.63 12 NAVIGATION 0 0 0 0 286 0. 570986.7
57.68 12 WP_MOVED 1 358824.90625 4822110. 702.
57.84 12 COMMANDS 60,49,-86,592
57.89 12 NAVIGATION 0 0 0 0 286 0. 570986.7
57.91 12 ATTITUDE 0 0 0
57.93 12 GYRO_RATES 4 -12 12 -0.034907 -0.10472 -0.10472
57.94 12 FBW_STATUS 0 0 121
58.01 12 ESTIMATOR 709.153015 -0.024084 915.299988 -2.408409 915.390015
58.01 12 BAT 62 121 0 0 19 19 0
58.03 12 ACTUATORS 1494,1501,0,1205,1530
58.06 12 CALIBRATION -9.143 0.037 0.5 0
58.09 12 NAVIGATION 0 0 0 0 286 0. 570986.7
58.14 12 WP_MOVED 2 358071. 4822161. 0.
58.19 12 SERVO 1270 974 60
58.26 12 DESIRED 0. -0.01 0. 0. 700.012 -2.
58.30 12 DOWNLINK_STATUS 57 4778 320 0 307. 20.
58.33 12 NAVIGATION 0 0 0 0 286 0. 570986.7
58.34 12 ATTITUDE 0 0 0
58.37 12 PPRZ_MODE 0 3 0 0 0 1 0
58.45 12 ESTIMATOR 709.139526 0.002917 913.950012 0.291672 914.670044
58.50 12 DL_VALUE 20 13000.
58.56 12 NAVIGATION 0 0 0 0 286 0. 570986.7
58.61 12 WP_MOVED 0 358113. 4822203. 702.
58.79 12 COMMANDS 62,49,-88,592
58.83 12 NAVIGATION 0 0 0 0 286 0. 570986.7
58.85 12 ATTITUDE 0 0 0
58.87 12 GYRO_RATES 4 -12 12 -0.034907 -0.10472 -0.10472
58.89 12 FBW_STATUS 0 0 121
58.93 12 ESTIMATOR 709.139526 0.03275 913.950012 3.275032 915.119995
59.03 12 NAVIGATION 0 0 0 0 286 0. 570986.7
59.09 12 WP_MOVED 1 358824.90625 4822110. 702.
59.21 12 DESIRED 0. -0.01 0. 0. 700.013 -2.
59.26 12 NAVIGATION 0 0 0 0 286 0. 570986.7
59.28 12 ATTITUDE 0 0 0
59.32 12 DOWNLINK_STATUS 58 5044 338 0 266. 18.
59.39 12 ESTIMATOR 709.125977 -0.003968 912.600037 -0.396805 915.660095
59.44 12 DL_VALUE 21 0.75
59.50 12 NAVIGATION 0 0 0 0 286 0. 570986.7
59.55 12 WP_MOVED 2 358071. 4822161. 0.
59.72 12 COMMANDS 62,47,-85,589
59.75 12 NAVIGATION 0 0 0 0 286 0. 570986.7
59.77 12 ATTITUDE 0 0 0
59.81 12 GYRO_RATES 4 -12 12 -0.034907 -0.10472 -0.10472
59.82 12 FBW_STATUS 0 0 121
59.85 12 ESTIMATOR 709.139526 0.004804 913.950012 0.480385 914.31012
59.88 12 BAT 62 121 0 0 21 21 0
59.93 12 CALIBRATION -9.141 0.037 0.5 0
59.96 12 NAVIGATION 0 0 0 0 286 0. 570986.7
60.02 12 WP_MOVED 0 358113. 4822203. 702.
60.04 12 SERVO 1270 974 60
60.14 12 DESIRED 0. -0.01 0. 0. 700.013 -2.
60.20 12 NAVIGATION 0 0 0 0 286 0. 570986.7
60.25 12 ATTITUDE 0 0 0
60.32 12 ESTIMATOR 709.20697 -0.021222 920.700012 -2.122154 915.029968
60.32 12 DOWNLINK_STATUS 59 5334 357 0 290. 19.
60.38 12 DL_VALUE 22 18000.
60.45 12 NAVIGATION 0 0 0 0 286 0. 570986.7
60.49 12 WP_MOVED 1 358824.90625 4822110. 702.
60.66 12 COMMANDS 60,46,-88,593
60.69 12 NAVIGATION 0 0 0 0 286 0. 570986.7
60.73 12 ATTITUDE 0 0 0
60.74 12 GYRO_RATES 4 -12 12 -0.034907 -0.10472 -0.10472
60.75 12 FBW_STATUS 0 0 121
60.79 12 ESTIMATOR 709.153015 -0.010531 915.299988 -1.053123 915.47998
60.91 12 NAVIGATION 0 0 0 0 286 0. 570986.7
60.96 12 WP_MOVED 2 358071. 4822161. 0.
61.08 12 DESIRED 0. -0.01 0. 0. 700.013 -2.
61.14 12 NAVIGATION 0 0 0 0 286 0. 570986.7
61.16 12 ATTITUDE 0 0 0
61.26 12 ESTIMATOR 709.153015 -0.01828 915.299988 -1.827965 914.940063
61.32 12 DL_VALUE 23 18000.
61.32 12 DOWNLINK_STATUS 60 5572 373 0 238. 16.
61.38 12 NAVIGATION 0 0 0 0 286 0. 570986.7
61.42 12 WP_MOVED 0 358113. 4822203. 702.
61.60 12 COMMANDS 60,47,-85,593
61.63 12 NAVIGATION 0 0 0 0 286 0. 570986.7
61.65 12 ATTITUDE 0 0 0
61.69 12 GYRO_RATES 4 -12 13 -0.034907 -0.10472 -0.113446
61.73 12 FBW_STATUS 0 0 121
61.73 12 ESTIMATOR 709.139526 0.001 913.950012 0.100021 914.580078
61.75 12 BAT 61 121 0 0 23 23 0
61.81 12 CALIBRATION -9.136 0.037 0.5 0
61.84 12 NAVIGATION 0 0 0 0 286 0. 570986.7
61.91 12 WP_MOVED 1 358824.90625 4822110. 702.
61.92 12 SERVO 1270 974 62
62.02 12 DESIRED 0. -0.01 0. 0. 700.013 -2.
62.08 12 NAVIGATION 0 0 0 0 286 0. 570986.7
62.09 12 ATTITUDE 0 0 0
62.22 12 ESTIMATOR 709.139526 0.004833 913.950012 0.483284 914.759949
62.25 12 DL_VALUE 24 0.3
62.30 12 NAVIGATION 0 0 0 0 286 0. 570986.7
62.32 12 DOWNLINK_STATUS 61 5858 392 0 286. 19.
62.37 12 WP_MOVED 2 358071. 4822161. 0.
62.53 12 COMMANDS 62,47,-85,589
62.57 12 NAVIGATION 0 0 0 0 286 0. 570986.7
62.58 12 ATTITUDE 0 0 0
62.62 12 GYRO_RATES 4 -12 12 -0.034907 -0.10472 -0.10472
62.63 12 FBW_STATUS 0 0 121
62.66 12 ESTIMATOR 709.139526 0.003862 913.950012 0.3862 914.040039
62.72 12 ACTUATORS 1494,1502,0,1204,1530
62.79 12 NAVIGATION 0 0 0 0 286 0. 570986.7
62.83 12 WP_MOVED 0 358113. 4822203. 702.
62.95 12 DESIRED 0. -0.01 0. 0. 700.012 -2.
63.01 12 NAVIGATION 0 0 0 0 286 0. 570986.7
63.03 12 ATTITUDE 0 0 0
63.05 12 PPRZ_MODE 0 3 0 0 0 1 0
63.14 12 ESTIMATOR 709.139526 0.016389 913.950012 1.63887 914.670044
63.22 12 DL_VALUE 25 0.150035
63.28 12 NAVIGATION 0 0 0 0 286 0. 570986.7
63.31 12 WP_MOVED 1 358824.90625 4822110. 702.
63.33 12 DOWNLINK_STATUS 62 6126 410 0 268. 18.
63.47 12 COMMANDS 60,47,-86,592
63.52 12 NAVIGATION 0 0 0 0 286 0. 570986.7
63.52 12 ATTITUDE 0 0 0
63.56 12 GYRO_RATES 4 -12 12 -0.034907 -0.10472 -0.10472
63.57 12 FBW_STATUS 0 0 121
63.61 12 ESTIMATOR 709.179993 0.002917 918. 0.291672 915.119995
63.64 12 BAT 62 121 0 0 25 25 0
63.68 12 CALIBRATION -9.133 0.037 0.5 0
63.74 12 NAVIGATION 0 0 0 0 286 0. 570986.7
63.77 12 WP_MOVED 2 358071. 4822161. 0.
63.78 12 SERVO 1270 974 60
63.89 12 DESIRED 0. -0.01 0. 0. 700.013 -2.
63.96 12 NAVIGATION 0 0 0 0 286 0. 570986.7
63.97 12 ATTITUDE 0 0 0
64.07 12 ESTIMATOR 709.139526 -0.047279 913.950012 -4.727859 914.76001
64.13 12 DL_VALUE 26 0.007
64.18 12 NAVIGATION 0 0 0 0 286 0. 570986.7
64.24 12 WP_MOVED 0 358113. 4822203. 702.
64.33 12 DOWNLINK_STATUS 63 6394 428 0 268. 18.
64.41 12 COMMANDS 60,49,-85,593
64.44 12 NAVIGATION 0 0 0 0 286 0. 570986.7
64.46 12 ATTITUDE 0 0 0
64.49 12 GYRO_RATES 5 -12 13 -0.043633 -0.10472 -0.113446
64.52 12 FBW_STATUS 0 0 121
64.54 12 ESTIMATOR 709.139526 0.031804 913.950012 3.180389 914.219971
64.65 12 NAVIGATION 0 0 0 0 286 0. 570986.7
64.71 12 WP_MOVED 1 358824.90625 4822110. 702.
64.83 12 DESIRED 0. -0.01 0. 0. 700.013 -2.
64.89 12 NAVIGATION 0 0 0 0 286 0. 570986.7
64.90 12 ATTITUDE 0 0 0
65.01 12 ESTIMATOR 709.139526 0.036666 913.950012 3.666611 915.209961
65.06 12 DL_VALUE 27 0.037
65.12 12 NAVIGATION 0 0 0 0 286 0. 570986.7
65.17 12 WP_MOVED 2 358071. 4822161. 0.
65.20 12 NAVIGATION_REF 358071 4822161 31
65.34 12 DOWNLINK_STATUS 64 6636 444 0 242. 16.
65.38 12 COMMANDS 61,49,-86,590
65.38 12 NAVIGATION 0 0 0 0 286 0. 570986.7
65.41 12 ATTITUDE 0 0 0
65.43 12 GYRO_RATES 4 -12 13 -0.034907 -0.10472 -0.113446
65.44 12 FBW_STATUS 0 0 121
65.48 12 ESTIMATOR 709.139526 -0.041394 913.950012 -4.139366 915.389954
65.50 12 BAT 62 121 0 0 27 27 0
65.56 12 CALIBRATION -9.138 0.037 0.5 0
65.59 12 NAVIGATION 0 0 0 0 286 0. 570986.7
65.65 12 WP_MOVED 0 358113. 4822203. 702.
65.66 12 SERVO 1270 974 61
65.77 12 DESIRED 0. -0.01 0. 0. 700.013 -2.
65.82 12 NAVIGATION 0 0 0 0 286 0. 570986.7
65.85 12 ATTITUDE 0 0 0
65.95 12 ESTIMATOR 709.125977 0.003862 912.600037 0.386238 913.859924
66.00 12 DL_VALUE 28 0.
66.06 12 NAVIGATION 0 0 0 0 286 0. 570986.7
66.11 12 WP_MOVED 1 358824.90625 4822110. 702.
66.28 12 COMMANDS 61,44,-85,596
66.34 12 NAVIGATION 0 0 0 0 286 0. 570986.7
66.36 12 ATTITUDE 0 0 0
66.36 12 DOWNLINK_STATUS 65 6941 465 0 305. 21.
66.38 12 GYRO_RATES 5 -12 13 -0.043633 -0.10472 -0.113446
66.38 12 FBW_STATUS 0 0 121
66.43 12 ESTIMATOR 709.139526 0.013472 913.950012 1.34716 914.309937
66.53 12 NAVIGATION 0 0 0 0 286 0. 570986.7
66.59 12 WP_MOVED 2 358071. 4822161. 0.
66.71 12 DESIRED 0. -0.01 0. 0. 700.013 -2.
66.77 12 NAVIGATION 0 0 0 0 286 0. 570986.7
66.81 12 ATTITUDE 0 0 0
66.89 12 ESTIMATOR 709.125977 0.001837 912.600037 0.183716 914.399902
66.95 12 DL_VALUE 29 0.045
67.00 12 NAVIGATION 0 0 0 0 286 0. 570986.7
67.05 12 WP_MOVED 0 358113. 4822203. 702.
67.22 12 COMMANDS 61,47,-86,590
67.28 12 NAVIGATION 0 0 0 0 286 0. 570986.7
67.31 12 ATTITUDE 0 0 0
67.31 12 GYRO_RATES 4 -12 13 -0.034907 -0.10472 -0.113446
67.32 12 FBW_STATUS 0 0 121
67.35 12 ESTIMATOR 709.139526 0.016389 913.950012 1.63887 914.039978
67.35 12 DOWNLINK_STATUS 66 7219 483 0 278. 18.
67.38 12 BAT 61 121 0 0 29 29 0
67.41 12 ACTUATORS 1494,1502,0,1205,1530
67.44 12 CALIBRATION -9.135 0.037 0.5 0
67.47 12 NAVIGATION 0 0 0 0 286 0. 570986.7
67.52 12 WP_MOVED 1 358824.90625 4822110. 702.
67.53 12 SERVO 1270 974 61
67.65 12 DESIRED 0. -0.01 0. 0. 700.013 -2.
67.70 12 NAVIGATION 0 0 0 0 286 0. 570986.7
67.72 12 ATTITUDE 0 0 0
67.75 12 PPRZ_MODE 0 3 0 0 0 1 0
67.83 12 ESTIMATOR 709.139526 0.003833 913.950012 0.383339 914.129944
67.89 12 DL_VALUE 30 1.
67.94 12 NAVIGATION 0 0 0 0 286 0. 570986.7
67.99 12 WP_MOVED 2 358071. 4822161. 0.
68.15 12 COMMANDS 61,47,-85,592
68.20 12 NAVIGATION 0 0 0 0 286 0. 570986.7
68.21 12 ATTITUDE 0 0 0
68.25 12 GYRO_RATES 5 -12 13 -0.043633 -0.10472 -0.113446
68.29 12 FBW_STATUS 0 0 121
68.29 12 ESTIMATOR 709.153015 5.4e-05 915.299988 0.005417 914.849915
68.35 12 DOWNLINK_STATUS 67 7509 503 0 290. 20.
68.41 12 NAVIGATION 0 0 0 0 286 0. 570986.7
68.46 12 WP_MOVED 0 358113. 4822203. 702.
68.58 12 DESIRED 0. -0.01 0. 0. 700.013 -2.
68.65 12 NAVIGATION 0 0 0 0 286 0. 570986.7
68.67 12 ATTITUDE 0 0 0
68.77 12 ESTIMATOR 709.139526 -0.015389 913.950012 -1.538887 914.400085
68.82 12 DL_VALUE 31 0.
68.87 12 NAVIGATION 0 0 0 0 286 0. 570986.7
68.93 12 WP_MOVED 1 358824.90625 4822110. 702.
69.10 12 COMMANDS 61,49,-86,592
69.14 12 NAVIGATION 0 0 0 0 286 0. 570986.7
69.17 12 ATTITUDE 0 0 0
69.21 12 GYRO_RATES 4 -12 13 -0.034907 -0.10472 -0.113446
69.23 12 FBW_STATUS 0 0 121
69.25 12 ESTIMATOR 709.139526 -0.008667 913.950012 -0.866661 914.21991
69.28 12 BAT 60 121 0 0 31 31 0
69.32 12 CALIBRATION -9.131 0.037 0.5 0
69.34 12 NAVIGATION 0 0 0 0 286 0. 570986.7
69.35 12 DOWNLINK_STATUS 68 7787 521 0 278. 18.
69.39 12 WP_MOVED 2 358071. 4822161. 0.
69.41 12 SERVO 1270 974 59
69.51 12 DESIRED 0. -0.01 0. 0. 700.012 -2.
69.58 12 NAVIGATION 0 0 0 0 286 0. 570986.7
69.59 12 ATTITUDE 0 0 0
69.70 12 ESTIMATOR 709.153015 0.02889 915.299988 2.888985 915.479919
69.75 12 DL_VALUE 32 0.
69.82 12 NAVIGATION 0 0 0 0 286 0. 570986.7
69.86 12 WP_MOVED 0 358113. 4822203. 702.
70.03 12 COMMANDS 59,46,-86,595
70.07 12 NAVIGATION 0 0 0 0 286 0. 570986.7
70.09 12 ATTITUDE 0 0 0
70.12 12 GYRO_RATES 5 -12 13 -0.043633 -0.10472 -0.113446
70.14 12 FBW_STATUS 0 0 121
70.16 12 ESTIMATOR 709.125977 -0.010583 912.600037 -1.058311 914.220032
70.29 12 NAVIGATION 0 0 0 0 286 0. 570986.7
70.33 12 WP_MOVED 1 358824.90625 4822110. 702.
70.36 12 DOWNLINK_STATUS 69 8041 538 0 254. 17.
70.45 12 DESIRED 0. -0.01 0. 0. 700.013 -2.
70.51 12 NAVIGATION 0 0 0 0 286 0. 570986.7
70.54 12 ATTITUDE 0 0 0
70.63 12 ESTIMATOR 709.139526 -0.001946 913.950012 -0.194588 913.949951
70.69 12 DL_VALUE 33 0.1
70.75 12 NAVIGATION 0 0 0 0 286 0. 570986.7
70.80 12 WP_MOVED 2 358071. 4822161. 0.
70.96 12 COMMANDS 62,47,-85,590
71.00 12 NAVIGATION 0 0 0 0 286 0. 570986.7
71.02 12 ATTITUDE 0 0 0
71.06 12 GYRO_RATES 4 -12 13 -0.034907 -0.10472 -0.113446
71.07 12 FBW_STATUS 0 0 121
71.10 12 ESTIMATOR 709.166504 0.009693 916.650024 0.969276 914.309875
71.12 12 BAT 61 121 0 0 33 33 0
71.18 12 CALIBRATION -9.131 0.037 0.5 0
71.22 12 NAVIGATION 0 0 0 0 286 0. 570986.7
71.27 12 WP_MOVED 0 358113. 4822203. 702.
71.31 12 SERVO 1270 974 61
71.36 12 DOWNLINK_STATUS 70 8309 556 0 268. 18.
71.39 12 DESIRED 0. -0.01 0. 0. 700.013 -2.
71.45 12 NAVIGATION 0 0 0 0 286 0. 570986.7
71.47 12 ATTITUDE 0 0 0
71.58 12 ESTIMATOR 709.153015 -0.03475 915.299988 -3.475037 914.399963
71.62 12 DL_VALUE 34 0.
71.68 12 NAVIGATION 0 0 0 0 286 0. 570986.7
71.74 12 WP_MOVED 1 358824.90625 4822110. 702.
71.90 12 COMMANDS 62,46,-86,590
71.95 12 NAVIGATION 0 0 0 0 286 0. 570986.7
71.97 12 ATTITUDE 0 0 0
71.99 12 GYRO_RATES 4 -12 13 -0.034907 -0.10472 -0.113446
72.00 12 FBW_STATUS 0 0 121
72.04 12 ESTIMATOR 709.139526 0.003861 913.950012 0.386086 914.040039
72.10 12 ACTUATORS 1494,1502,0,1205,1530
72.15 12 NAVIGATION 0 0 0 0 286 0. 570986.7
72.21 12 WP_MOVED 2 358071. 4822161. 0.
72.33 12 DESIRED 0. -0.01 0. 0. 700.013 -2.
72.37 12 DOWNLINK_STATUS 71 8579 573 0 270. 17.
72.39 12 NAVIGATION 0 0 0 0 286 0. 570986.7
72.40 12 ATTITUDE 0 0 0
72.42 12 PPRZ_MODE 0 3 0 0 0 1 0
72.51 12 ESTIMATOR 709.125977 0.032806 912.600037 3.280563 914.399963
72.59 12 DL_VALUE 35 0.5
72.63 12 NAVIGATION 0 0 0 0 286 0. 570986.7
72.67 12 WP_MOVED 0 358113. 4822203. 702.
72.84 12 COMMANDS 60,44,-86,595
72.88 12 NAVIGATION 0 0 0 0 286 0. 570986.7
72.90 12 ATTITUDE 0 0 0
72.93 12 GYRO_RATES 5 -12 13 -0.043633 -0.10472 -0.113446
72.94 12 FBW_STATUS 0 0 121
72.97 12 ESTIMATOR 709.153015 -0.019253 915.299988 -1.925316 914.669983
73.01 12 BAT 60 121 0 0 35 35 0
73.05 12 CALIBRATION -9.134 0.037 0.5 0
73.10 12 NAVIGATION 0 0 0 0 286 0. 570986.7
73.16 12 WP_MOVED 1 358824.90625 4822110. 702.
73.16 12 SERVO 1270 1192 61
73.26 12 DESIRED 0. -0.01 0. 0. 700.013 -2.
73.33 12 NAVIGATION 0 0 0 0 286 0. 570986.7
73.37 12 ATTITUDE 0 0 0
73.37 12 DOWNLINK_STATUS 72 8882 594 0 303. 21.
73.45 12 ESTIMATOR 709.139526 -0.009609 913.950012 -0.960922 913.860046
73.50 12 DL_VALUE 36 1.
73.56 12 NAVIGATION 0 0 0 0 286 0. 570986.7
73.61 12 WP_MOVED 2 358071. 4822161. 0.
73.63 12 NAVIGATION_REF 358071 4822161 31
73.79 12 COMMANDS 60,49,-86,593
73.82 12 NAVIGATION 0 0 0 0 286 0. 570986.7
73.86 12 ATTITUDE 0 0 0
73.87 12 GYRO_RATES 5 -12 13 -0.043633 -0.10472 -0.113446
73.87 12 FBW_STATUS 0 0 121
73.91 12 ESTIMATOR 709.139526 0.028917 913.950012 2.891693 914.309875
74.03 12 NAVIGATION 0 0 0 0 286 0. 570986.7
74.08 12 WP_MOVED 0 358113. 4822203. 702.
74.20 12 DESIRED 0. -0.01 0. 0. 700.013 -2.
74.26 12 NAVIGATION 0 0 0 0 286 0. 570986.7
74.28 12 ATTITUDE 0 0 0
74.37 12 DOWNLINK_STATUS 73 9124 610 0 242. 16.
74.42 12 ESTIMATOR 709.125977 -0.030967 912.600037 -3.096733 914.669861
74.45 12 DL_VALUE 37 0.
74.51 12 NAVIGATION 0 0 0 0 286 0. 570986.7
74.55 12 WP_MOVED 1 358824.90625 4822110. 702.
74.71 12 COMMANDS 62,47,-83,592
74.75 12 NAVIGATION 0 0 0 0 286 0. 570986.7
74.78 12 ATTITUDE 0 0 0
74.81 12 GYRO_RATES 5 -12 14 -0.043633 -0.10472 -0.122173
74.85 12 FBW_STATUS 0 0 121
74.85 12 ESTIMATOR 709.125977 0.022194 912.600037 2.219353 913.5
74.88 12 BAT 62 121 0 0 37 37 0
74.92 12 CALIBRATION -9.129 0.037 0.5 0
74.97 12 NAVIGATION 0 0 0 0 286 0. 570986.7
75.02 12 WP_MOVED 2 358071. 4822161. 0.
75.05 12 SERVO 1270 974 62
75.14 12 DESIRED 0. -0.01 0. 0. 700.013 -2.
75.20 12 NAVIGATION 0 0 0 0 286 0. 570986.7
75.22 12 ATTITUDE 0 0 0
75.33 12 ESTIMATOR 709.139526 0.002861 913.950012 0.28614 913.769897
75.39 12 DL_VALUE 0 700.012939
75.39 12 DOWNLINK_STATUS 74 9421 630 0 297. 20.
75.43 12 NAVIGATION 0 0 0 0 286 0. 570986.7
75.48 12 WP_MOVED 0 358113. 4822203. 702.
75.66 12 COMMANDS 60,49,-86,590
75.71 12 NAVIGATION 0 0 0 0 286 0. 570986.7
75.72 12 ATTITUDE 0 0 0
75.75 12 GYRO_RATES 4 -12 13 -0.034907 -0.10472 -0.113446
75.76 12 FBW_STATUS 0 0 121
75.81 12 ESTIMATOR 709.139526 0.003914 913.950012 0.391426 914.579895
75.92 12 NAVIGATION 0 0 0 0 286 0. 570986.7
75.96 12 WP_MOVED 1 358824.90625 4822110. 702.
76.08 12 DESIRED 0. -0.01 0. 0. 700.013 -2.
76.14 12 NAVIGATION 0 0 0 0 286 0. 570986.7
76.16 12 ATTITUDE 0 0 0
76.27 12 ESTIMATOR 709.153015 -0.024083 915.299988 -2.408333 913.950012
76.32 12 DL_VALUE 1 1.
76.40 12 NAVIGATION 0 0 0 0 286 0. 570986.7
76.43 12 DOWNLINK_STATUS 75 9670 646 0 249. 16.
76.43 12 WP_MOVED 2 358071. 4822161. 0.
76.60 12 COMMANDS 62,44,-86,590
76.64 12 NAVIGATION 0 0 0 0 286 0. 570986.7
76.66 12 ATTITUDE 0 0 0
76.68 12 GYRO_RATES 5 -12 13 -0.043633 -0.10472 -0.113446
76.69 12 FBW_STATUS 0 0 121
76.74 12 ESTIMATOR 709.153015 -0.015389 915.299988 -1.538887 914.129944
76.75 12 BAT 67 121 0 0 39 39 0
76.78 12 ACTUATORS 1494,1501,0,1205,1530
76.81 12 CALIBRATION -9.127 0.037 0.5 0
76.85 12 NAVIGATION 0 0 0 0 286 0. 570986.7
76.89 12 WP_MOVED 0 358113. 4822203. 702.
76.91 12 SERVO 1270 1192 60
77.01 12 DESIRED 0. -0.01 0. 0. 700.013 -2.
77.08 12 NAVIGATION 0 0 0 0 286 0. 570986.7
77.09 12 ATTITUDE 0 0 0
77.11 12 PPRZ_MODE 0 3 0 0 0 1 0
77.20 12 ESTIMATOR 709.139526 0.023085 913.950012 2.30854 914.759949
77.25 12 DL_VALUE 2 0.
77.31 12 NAVIGATION 0 0 0 0 286 0. 570986.7
77.37 12 WP_MOVED 1 358824.90625 4822110. 702.
77.42 12 DOWNLINK_STATUS 76 9975 667 0 305. 21.
77.53 12 COMMANDS 61,47,-86,593
77.56 12 NAVIGATION 0 0 0 0 286 0. 570986.7
77.58 12 ATTITUDE 0 0 0
77.62 12 GYRO_RATES 5 -12 14 -0.043633 -0.10472 -0.122173
77.63 12 FBW_STATUS 0 0 121
77.67 12 ESTIMATOR 709.125977 -0.005805 912.600037 -0.580482 913.859985
77.78 12 NAVIGATION 0 0 0 0 286 0. 570986.7
77.85 12 WP_MOVED 2 358071. 4822161. 0.
77.95 12 DESIRED 0. -0.01 0. 0. 700.013 -2.
78.01 12 NAVIGATION 0 0 0 0 286 0. 570986.7
78.03 12 ATTITUDE 0 0 0
78.13 12 ESTIMATOR 709.139526 -0.001889 913.950012 -0.188904 913.409973
78.19 12 DL_VALUE 3 0.
78.25 12 NAVIGATION 0 0 0 0 286 0. 570986.7
78.30 12 WP_MOVED 0 358113. 4822203. 702.
78.41 12 DOWNLINK_STATUS 77 10206 682 0 231. 15.
78.46 12 COMMANDS 60,49,-86,592
78.51 12 NAVIGATION 0 0 0 0 286 0. 570986.7
78.52 12 ATTITUDE 0 0 0
78.56 12 GYRO_RATES 5 -12 14 -0.043633 -0.10472 -0.122173
78.56 12 FBW_STATUS 0 0 121
78.60 12 ESTIMATOR 709.179993 0.009639 918. 0.963936 914.93988
78.62 12 BAT 62 121 0 0 41 41 0
78.67 12 CALIBRATION -9.132 0.037 0.5 0
78.72 12 NAVIGATION 0 0 0 0 286 0. 570986.7
78.78 12 WP_MOVED 1 358824.90625 4822110. 702.
78.80 12 SERVO 1270 974 62
78.89 12 DESIRED 0. -0.01 0. 0. 700.013 -2.
78.95 12 NAVIGATION 0 0 0 0 286 0. 570986.7
78.97 12 ATTITUDE 0 0 0
79.07 12 ESTIMATOR 709.139526 -0.037666 913.950012 -3.766556 914.219971
79.12 12 DL_VALUE 4 0.
79.18 12 NAVIGATION 0 0 0 0 286 0. 570986.7
79.24 12 WP_MOVED 2 358071. 4822161. 0.
79.41 12 COMMANDS 61,47,-83,593
79.43 12 DOWNLINK_STATUS 78 10485 701 0 279. 19.
79.45 12 NAVIGATION 0 0 0 0 286 0. 570986.7
79.46 12 ATTITUDE 0 0 0
79.49 12 GYRO_RATES 5 -12 14 -0.043633 -0.10472 -0.122173
79.51 12 FBW_STATUS 0 0 121
79.54 12 ESTIMATOR 709.139526 0.000944 913.950012 0.094414 913.499939
79.65 12 NAVIGATION 0 0 0 0 286 0. 570986.7
79.71 12 WP_MOVED 0 358113. 4822203. 702.
79.82 12 DESIRED 0. -0.01 0. 0. 700.013 -2.
79.89 12 NAVIGATION 0 0 0 0 286 0. 570986.7
79.94 12 ATTITUDE 0 0 0
80.01 12 ESTIMATOR 709.139526 0.023167 913.950012 2.316704 914.21991
80.06 12 DL_VALUE 5 0.
80.13 12 NAVIGATION 0 0 0 0 286 0. 570986.7
80.17 12 WP_MOVED 1 358824.90625 4822110. 702.
80.35 12 COMMANDS 61,47,-83,595
80.38 12 NAVIGATION 0 0 0 0 286 0. 570986.7
80.39 12 ATTITUDE 0 0 0
80.42 12 DOWNLINK_STATUS 79 10742 718 0 257. 17.
80.43 12 GYRO_RATES 5 -12 14 -0.043633 -0.10472 -0.122173
80.44 12 FBW_STATUS 0 0 121
80.48 12 ESTIMATOR 709.139526 -0.021195 913.950012 -2.119484 914.039978
80.50 12 BAT 62 121 0 0 43 43 0
80.56 12 CALIBRATION -9.131 0.037 0.5 0
80.59 12 NAVIGATION 0 0 0 0 286 0. 570986.7
80.64 12 WP_MOVED 2 358071. 4822161. 0.
80.66 12 SERVO 1270 1192 61
80.77 12 DESIRED 0. -0.01 0. 0. 700.013 -2.
80.82 12 NAVIGATION 0 0 0 0 286 0. 570986.7
80.86 12 ATTITUDE 0 0 0
80.95 12 ESTIMATOR 709.139526 -0.006749 913.950012 -0.674934 913.589966
81.00 12 DL_VALUE 6 0.
81.06 12 NAVIGATION 0 0 0 0 286 0. 570986.7
81.11 12 WP_MOVED 0 358113. 4822203. 702.
81.28 12 COMMANDS 61,49,-83,593
81.32 12 NAVIGATION 0 0 0 0 286 0. 570986.7
81.33 12 ATTITUDE 0 0 0
81.38 12 GYRO_RATES 5 -12 14 -0.043633 -0.10472 -0.122173
81.41 12 FBW_STATUS 0 0 121
81.41 12 ESTIMATOR 709.139526 0.030834 913.950012 3.08342 913.679932
81.43 12 DOWNLINK_STATUS 80 11057 739 0 315. 21.
81.47 12 ACTUATORS 1494,1501,0,1205,1530
81.53 12 NAVIGATION 0 0 0 0 286 0. 570986.7
81.58 12 WP_MOVED 1 358824.90625 4822110. 702.
81.70 12 DESIRED 0. -0.01 0. 0. 700.013 -2.
81.76 12 NAVIGATION 0 0 0 0 286 0. 570986.7
81.78 12 ATTITUDE 0 0 0
81.80 12 PPRZ_MODE 0 3 0 0 0 1 0
81.88 12 ESTIMATOR 709.112488 -8.1e-05 911.25 -0.008125 914.579895
81.93 12 DL_VALUE 7 0.
82.00 12 NAVIGATION 0 0 0 0 286 0. 570986.7
82.05 12 WP_MOVED 2 358071. 4822161. 0.
82.09 12 NAVIGATION_REF 358071 4822161 31
82.24 12 COMMANDS 62,47,-86,590
82.27 12 NAVIGATION 0 0 0 0 286 0. 570986.7
82.28 12 ATTITUDE 0 0 0
82.31 12 GYRO_RATES 5 -12 14 -0.043633 -0.10472 -0.122173
82.33 12 FBW_STATUS 0 0 121
82.35 12 ESTIMATOR 709.139526 0.006722 913.950012 0.672226 913.22998
82.39 12 BAT 62 120 0 0 45 45 0
82.43 12 CALIBRATION -9.128 0.037 0.5 0
82.43 12 DOWNLINK_STATUS 81 11350 759 0 293. 20.
82.46 12 NAVIGATION 0 0 0 0 286 0. 570986.7
82.52 12 WP_MOVED 0 358113. 4822203. 702.
82.54 12 SERVO 1270 1192 60
82.64 12 DESIRED 0. -0.01 0. 0. 700.012 -2.
82.70 12 NAVIGATION 0 0 0 0 286 0. 570986.7
82.72 12 ATTITUDE 0 0 0
82.83 12 ESTIMATOR 709.139526 0.00772 913.950012 0.77198 913.589905
82.90 12 DL_VALUE 8 0.
82.95 12 NAVIGATION 0 0 0 0 286 0. 570986.7
82.99 12 WP_MOVED 1 358824.90625 4822110. 702.
83.15 12 COMMANDS 58,51,-85,592
83.19 12 NAVIGATION 0 0 0 0 286 0. 570986.7
83.21 12 ATTITUDE 0 0 0
83.25 12 GYRO_RATES 4 -12 14 -0.034907 -0.10472 -0.122173
83.27 12 FBW_STATUS 0 0 121
83.29 12 ESTIMATOR 709.139526 -0.000945 913.950012 -0.094528 914.309875
83.41 12 NAVIGATION 0 0 0 0 286 0. 570986.7
83.43 12 DOWNLINK_STATUS 82 11607 776 0 257. 17.
83.46 12 WP_MOVED 2 358071. 4822161. 0.
83.58 12 DESIRED 0. -0.01 0. 0. 700.013 -2.
83.64 12 NAVIGATION 0 0 0 0 286 0. 570986.7
83.65 12 ATTITUDE 0 0 0
83.76 12 ESTIMATOR 709.153015 -0.03086 915.299988 -3.085976 913.589966
83.82 12 DL_VALUE 9 466.
83.88 12 NAVIGATION 0 0 0 0 286 0. 570986.7
83.93 12 WP_MOVED 0 358113. 4822203. 702.
84.09 12 COMMANDS 62,46,-83,593
84.14 12 NAVIGATION 0 0 0 0 286 0. 570986.7
84.14 12 ATTITUDE 0 0 0
84.18 12 GYRO_RATES 5 -12 14 -0.043633 -0.10472 -0.122173
84.19 12 FBW_STATUS 0 0 120
84.22 12 ESTIMATOR 709.139526 0.011583 913.950012 1.158333 913.769958
84.25 12 BAT 60 120 0 0 47 47 0
84.30 12 CALIBRATION -9.125 0.037 0.5 0
84.34 12 NAVIGATION 0 0 0 0 286 0. 570986.7
84.39 12 WP_MOVED 1 358824.90625 4822110. 702.
84.44 12 SERVO 1270 974 62
84.44 12 DOWNLINK_STATUS 83 11890 795 0 283. 19.
84.52 12 DESIRED 0. -0.01 0. 0. 700.012 -2.
84.58 12 NAVIGATION 0 0 0 0 286 0. 570986.7
84.59 12 ATTITUDE 0 0 0
84.70 12 ESTIMATOR 709.139526 0.015419 913.950012 1.541939 914.399841
84.75 12 DL_VALUE 10 492.
84.81 12 NAVIGATION 0 0 0 0 286 0. 570986.7
84.86 12 WP_MOVED 2 358071. 4822161. 0.
85.03 12 COMMANDS 62,47,-83,590
85.07 12 NAVIGATION 0 0 0 0 286 0. 570986.7
85.08 12 ATTITUDE 0 0 0
85.13 12 GYRO_RATES 5 -12 14 -0.043633 -0.10472 -0.122173
85.14 12 FBW_STATUS 0 0 121
85.16 12 ESTIMATOR 709.125977 -0.016363 912.600037 -1.636314 913.499939
85.27 12 NAVIGATION 0 0 0 0 286 0. 570986.7
85.33 12 WP_MOVED 0 358113. 4822203. 702.
85.45 12 DOWNLINK_STATUS 84 12121 810 0 231. 15.
85.48 12 DESIRED 0. -0.01 0. 0. 700.013 -2.
85.51 12 NAVIGATION 0 0 0 0 286 0. 570986.7
85.53 12 ATTITUDE 0 0 0
85.56 12 DL_VALUE 0 0.
85.63 12 ESTIMATOR 709.139526 0.014444 913.950012 1.444435 913.769958
85.69 12 DL_VALUE 11 461.
85.74 12 NAVIGATION 0 0 0 0 286 0. 570986.7
85.80 12 WP_MOVED 1 358824.90625 4822110. 702.
85.97 12 COMMANDS 62,47,-85,592
86.02 12 NAVIGATION 0 0 0 0 286 0. 570986.7
86.03 12 ATTITUDE 0 0 0
86.06 12 GYRO_RATES 5 -12 14 -0.043633 -0.10472 -0.122173
86.06 12 FBW_STATUS 0 0 121
86.10 12 ESTIMATOR 709.153015 0.012527 915.299988 1.25267 914.669861
86.14 12 BAT 60 121 0 0 49 49 0
86.16 12 ACTUATORS 1494,1502,0,1205,1530
86.18 12 CALIBRATION -9.126 0.037 0.5 0
86.22 12 NAVIGATION 0 0 0 0 286 0. 570986.7
86.28 12 WP_MOVED 2 358071. 4822161. 0.
86.29 12 SERVO 1270 1192 60
86.39 12 DESIRED 0. -0.01 0. 0. 700.013 -2.
86.44 12 DOWNLINK_STATUS 85 12435 831 0 314. 21.
86.48 12 NAVIGATION 0 0 0 0 286 0. 570986.7
86.48 12 ATTITUDE 0 0 0
86.48 12 PPRZ_MODE 0 3 0 0 0 1 0
86.57 12 ESTIMATOR 709.125977 -0.036693 912.600037 -3.669319 913.589905
86.62 12 DL_VALUE 12 1.35
86.68 12 NAVIGATION 0 0 0 0 286 0. 570986.7
86.73 12 WP_MOVED 0 358113. 4822203. 702.
86.91 12 COMMANDS 62,49,-81,592
86.97 12 NAVIGATION 0 0 0 0 286 0. 570986.7
87.00 12 ATTITUDE 0 0 0
87.00 12 GYRO_RATES 4 -12 14 -0.034907 -0.10472 -0.122173
87.00 12 FBW_STATUS 0 0 121
87.04 12 ESTIMATOR 709.153015 0.010585 915.299988 1.05854 913.319946
87.16 12 NAVIGATION 0 0 0 0 286 0. 570986.7
87.22 12 WP_MOVED 1 358824.90625 4822110. 702.
87.32 12 DESIRED 0. -0.01 0. 0. 700.012 -2.
87.39 12 NAVIGATION 0 0 0 0 286 0. 570986.7
87.40 12 ATTITUDE 0 0 0
87.44 12 DOWNLINK_STATUS 86 12701 849 0 266. 18.
87.52 12 ESTIMATOR 709.139526 0.031834 913.950012 3.183403 914.399841
87.56 12 DL_VALUE 13 0.
87.63 12 NAVIGATION 0 0 0 0 286 0. 570986.7
87.69 12 WP_MOVED 2 358071. 4822161. 0.
87.85 12 COMMANDS 61,46,-86,590
87.88 12 NAVIGATION 0 0 0 0 286 0. 570986.7
87.90 12 ATTITUDE 0 0 0
87.94 12 GYRO_RATES 5 -12 14 -0.043633 -0.10472 -0.122173
87.99 12 FBW_STATUS 0 0 121
87.99 12 ESTIMATOR 709.153015 -0.048167 915.299988 -4.816704 914.219849
88.00 12 BAT 58 121 0 0 51 51 0
88.05 12 CALIBRATION -9.129 0.037 0.5 0
88.09 12 NAVIGATION 0 0 0 0 286 0. 570986.7
88.14 12 WP_MOVED 0 358113. 4822203. 702.
88.16 12 SERVO 1270 1192 61
88.26 12 DESIRED 0. -0.01 0. 0. 700.013 -2.
88.32 12 NAVIGATION 0 0 0 0 286 0. 570986.7
88.34 12 ATTITUDE 0 0 0
88.45 12 ESTIMATOR 709.125977 0.012583 912.600037 1.258278 913.319946
88.45 12 DOWNLINK_STATUS 87 12991 868 0 290. 19.
88.51 12 DL_VALUE 14 0.
88.56 12 NAVIGATION 0 0 0 0 286 0. 570986.7
88.61 12 WP_MOVED 1 358824.90625 4822110. 702.
88.78 12 COMMANDS 59,49,-86,589
88.82 12 NAVIGATION 0 0 0 0 286 0. 570986.7
88.83 12 ATTITUDE 0 0 0
88.87 12 GYRO_RATES 5 -12 14 -0.043633 -0.10472 -0.122173
88.88 12 FBW_STATUS 0 0 121
88.91 12 ESTIMATOR 709.139526 0.019223 913.950012 1.92234 914.129883
89.03 12 NAVIGATION 0 0 0 0 286 0. 570986.7
89.08 12 WP_MOVED 2 358071. 4822161. 0.
89.20 12 DESIRED 0. -0.01 0. 0. 700.013 -2.
89.27 12 NAVIGATION 0 0 0 0 286 0. 570986.7
89.29 12 ATTITUDE 0 0 0
89.38 12 ESTIMATOR 709.112488 -0.012637 911.25 -1.263657 914.399902
89.45 12 DL_VALUE 15 0.75
89.47 12 DOWNLINK_STATUS 88 13229 884 0 238. 16.
89.49 12 NAVIGATION 0 0 0 0 286 0. 570986.7
89.56 12 WP_MOVED 0 358113. 4822203. 702.
89.72 12 COMMANDS 63,47,-81,589
89.76 12 NAVIGATION 0 0 0 0 286 0. 570986.7
89.77 12 ATTITUDE 0 0 0
89.81 12 GYRO_RATES 5 -12 14 -0.043633 -0.10472 -0.122173
89.82 12 FBW_STATUS 0 0 121
89.85 12 ESTIMATOR 709.139526 0.00189 913.950012 0.18898 913.230042
89.88 12 BAT 60 121 0 0 53 53 0
89.94 12 CALIBRATION -9.129 0.037 0.5 0
89.99 12 NAVIGATION 0 0 0 0 286 0. 570986.7
90.01 12 WP_MOVED 1 358824.90625 4822110. 702.
90.04 12 SERVO 1270 1192 61
90.14 12 DESIRED 0. -0.01 0. 0. 700.013 -2.
90.20 12 NAVIGATION 0 0 0 0 286 0. 570986.7
90.22 12 ATTITUDE 0 0 0
90.33 12 ESTIMATOR 709.20697 -0.032805 920.700012 -3.280525 914.039917
90.37 12 DL_VALUE 16 25000.
90.43 12 NAVIGATION 0 0 0 0 286 0. 570986.7
90.47 12 DOWNLINK_STATUS 89 13515 903 0 286. 19.
90.51 12 WP_MOVED 2 358071. 4822161. 0.
90.51 12 NAVIGATION_REF 358071 4822161 31
90.66 12 COMMANDS 60,46,-86,593
90.69 12 NAVIGATION 0 0 0 0 286 0. 570986.7
90.71 12 ATTITUDE 0 0 0
90.74 12 GYRO_RATES 5 -12 15 -0.043633 -0.10472 -0.1309
90.76 12 FBW_STATUS 0 0 121
90.79 12 ESTIMATOR 709.139526 -0.015335 913.950012 -1.533546 914.399902
90.84 12 ACTUATORS 1494,1501,0,1205,1530
90.90 12 NAVIGATION 0 0 0 0 286 0. 570986.7
90.97 12 WP_MOVED 0 358113. 4822203. 702.
91.08 12 DESIRED 0. -0.01 0. 0. 700.013 -2.
91.14 12 NAVIGATION 0 0 0 0 286 0. 570986.7
91.15 12 ATTITUDE 0 0 0
91.17 12 PPRZ_MODE 0 3 0 0 0 1 0
91.28 12 ESTIMATOR 709.139526 -0.00961 913.950012 -0.961037 913.589905
91.33 12 DL_VALUE 17 25000.
91.39 12 NAVIGATION 0 0 0 0 286 0. 570986.7
91.42 12 WP_MOVED 1 358824.90625 4822110. 702.
91.48 12 DOWNLINK_STATUS 90 13794 922 0 279. 19.
91.59 12 COMMANDS 59,49,-416,587
91.64 12 NAVIGATION 0 0 0 0 286 0. 570986.7
91.65 12 ATTITUDE 0 0 0
91.68 12 GYRO_RATES 5 -12 14 -0.043633 -0.10472 -0.122173
91.69 12 FBW_STATUS 0 0 121
91.72 12 ESTIMATOR 709.125977 0.006777 912.600037 0.677681 913.409912
91.75 12 BAT 65 121 0 0 55 55 0
91.79 12 CALIBRATION -9.126 0.037 0.5 0
91.84 12 NAVIGATION 0 0 0 0 286 0. 570986.7
91.90 12 WP_MOVED 2 358071. 4822161. 0.
91.92 12 SERVO 1270 1192 62
92.01 12 DESIRED 0. -0.01 0. 0. 700.013 -2.
92.07 12 NAVIGATION 0 0 0 0 286 0. 570986.7
92.09 12 ATTITUDE 0 0 0
92.20 12 ESTIMATOR 709.139526 -0.022195 913.950012 -2.219543 913.499939
92.25 12 DL_VALUE 18 0.75
92.31 12 NAVIGATION 0 0 0 0 286 0. 570986.7
92.36 12 WP_MOVED 0 358113. 4822203. 702.
92.48 12 DOWNLINK_STATUS 91 14062 940 0 268. 18.
92.53 12 COMMANDS 72,43,-18,577
92.56 12 NAVIGATION 0 0 0 0 286 0. 570986.7
92.60 12 ATTITUDE 0 0 0
92.62 12 GYRO_RATES 3 -18 14 -0.02618 -0.15708 -0.122173
92.63 12 FBW_STATUS 0 0 120
92.66 12 ESTIMATOR 709.125977 -0.000945 912.600037 -0.09449 912.059937
92.78 12 NAVIGATION 0 0 0 0 286 0. 570986.7
92.83 12 WP_MOVED 1 358824.90625 4822110. 702.
92.96 12 DESIRED 0. -0.01 0. 0. 700.015 -2.
93.03 12 NAVIGATION 0 0 0 0 286 0. 570986.7
93.03 12 ATTITUDE 0 0 0
93.13 12 ESTIMATOR 709.125977 0.027999 912.600037 2.799873 913.139954
93.21 12 DL_VALUE 19 13000.
93.25 12 NAVIGATION 0 0 0 0 286 0. 570986.7
93.30 12 WP_MOVED 2 358071. 4822161. 0.
93.46 12 COMMANDS 63,49,7860,576
93.49 12 DOWNLINK_STATUS 92 14304 956 0 242. 16.
93.50 12 NAVIGATION 0 0 0 0 286 0. 570986.7
93.52 12 ATTITUDE 0 0 0
93.55 12 GYRO_RATES 2 -13 14 -0.017453 -0.113446 -0.122173
93.57 12 FBW_STATUS 0 0 120
93.61 12 ESTIMATOR 709.153015 0.001001 915.299988 0.100136 913.409973
93.62 12 BAT 62 120 0 0 57 57 0
93.67 12 CALIBRATION -9.118 0.037 0.5 0
93.71 12 NAVIGATION 0 0 0 0 286 0. 570986.7
93.77 12 WP_MOVED 0 358113. 4822203. 702.
93.78 12 SERVO 1270 1192 71
93.89 12 DESIRED 0. -0.01 0. 0. 700.015 -2.
93.95 12 NAVIGATION 0 0 0 0 286 0. 570986.7
93.97 12 ATTITUDE 0 0 0
94.08 12 ESTIMATOR 709.139526 -0.054025 913.950012 -5.402527 913.22998
94.14 12 DL_VALUE 20 13000.
94.19 12 NAVIGATION 0 0 0 0 286 0. 570986.7
94.24 12 WP_MOVED 1 358824.90625 4822110. 702.
94.41 12 COMMANDS 75,44,-37,569
94.47 12 NAVIGATION 0 0 0 0 286 0. 570986.7
94.50 12 ATTITUDE 0 0 0
94.54 12 GYRO_RATES 5 -12 15 -0.043633 -0.10472 -0.1309
94.54 12 FBW_STATUS 0 0 121
94.54 12 DOWNLINK_STATUS 93 14623 978 0 319. 22.
94.54 12 ESTIMATOR 709.139526 0.017335 913.950012 1.733513 912.779968
94.65 12 NAVIGATION 0 0 0 0 286 0. 570986.7
94.71 12 WP_MOVED 2 358071. 4822161. 0.
94.82 12 DESIRED 0. -0.01 0. 0. 700.015 -2.
94.89 12 NAVIGATION 0 0 0 0 286 0. 570986.7
94.90 12 ATTITUDE 0 0 0
95.02 12 ESTIMATOR 709.125977 0.028944 912.600037 2.894363 913.769897
95.08 12 DL_VALUE 21 0.75
95.14 12 NAVIGATION 0 0 0 0 286 0. 570986.7
95.18 12 WP_MOVED 0 358113. 4822203. 702.
95.34 12 COMMANDS 72,-112,-15,571
95.38 12 NAVIGATION 0 0 0 0 286 0. 570986.7
95.40 12 ATTITUDE 0 0 0
95.43 12 GYRO_RATES 5 -11 15 -0.043633 -0.095993 -0.1309
95.44 12 FBW_STATUS 0 0 120
95.47 12 ESTIMATOR 709.139526 -0.042364 913.950012 -4.236374 913.949829
95.51 12 BAT 73 121 0 0 59 59 0
95.55 12 DOWNLINK_STATUS 94 14890 995 0 267. 17.
95.55 12 ACTUATORS 1496,1501,0,1206,1529
95.56 12 CALIBRATION -9.117 0.037 0.5 0
95.59 12 NAVIGATION 0 0 0 0 286 0. 570986.7
95.65 12 WP_MOVED 1 358824.90625 4822110. 702.
95.67 12 SERVO 1270 1192 73
95.78 12 DESIRED 0. -0.01 0. 0. 700.017 -2.
95.82 12 NAVIGATION 0 0 0 0 286 0. 570986.7
95.84 12 ATTITUDE 0 0 0
95.87 12 PPRZ_MODE 0 3 0 0 0 1 0
95.94 12 ESTIMATOR 709.08551 0.034696 908.549988 3.469582 912.419983
96.02 12 DL_VALUE 22 18000.
96.05 12 NAVIGATION 0 0 0 0 286 0. 570986.7
96.11 12 WP_MOVED 2 358071. 4822161. 0.
96.28 12 COMMANDS 72,46,-14,570
96.34 12 NAVIGATION 0 0 0 0 286 0. 570986.7
96.36 12 ATTITUDE 0 0 0
96.37 12 GYRO_RATES 5 -12 15 -0.043633 -0.10472 -0.1309
96.37 12 FBW_STATUS 0 0 121
96.41 12 ESTIMATOR 709.139526 0.003863 913.950012 0.386276 912.51001
96.51 12 DOWNLINK_STATUS 95 15166 1014 0 276. 19.
96.53 12 NAVIGATION 0 0 0 0 286 0. 570986.7
96.59 12 WP_MOVED 0 358113. 4822203. 702.
96.70 12 DESIRED 0. -0.01 0. 0. 700.015 -2.
96.77 12 NAVIGATION 0 0 0 0 286 0. 570986.7
96.78 12 ATTITUDE 0 0 0
96.88 12 ESTIMATOR 709.125977 0.004753 912.600037 0.475273 913.22998
96.95 12 DL_VALUE 23 18000.
97.00 12 NAVIGATION 0 0 0 0 286 0. 570986.7
97.05 12 WP_MOVED 1 358824.90625 4822110. 702.
97.22 12 COMMANDS 72,40,-45,569
97.26 12 NAVIGATION 0 0 0 0 286 0. 570986.7
97.30 12 ATTITUDE 0 0 0
97.33 12 GYRO_RATES 5 -12 14 -0.043633 -0.10472 -0.122173
97.33 12 FBW_STATUS 0 0 120
97.36 12 ESTIMATOR 709.139526 -0.011583 913.950012 -1.158257 912.869934
97.37 12 BAT 74 121 0 0 61 61 0
97.42 12 CALIBRATION -9.114 0.037 0.5 0
97.46 12 NAVIGATION 0 0 0 0 286 0. 570986.7
97.53 12 WP_MOVED 2 358071. 4822161. 0.
97.56 12 DOWNLINK_STATUS 96 15459 1033 0 293. 19.
97.56 12 SERVO 1270 1192 61
97.63 12 DESIRED 0. -0.01 0. 0. 700.013 -2.
97.71 12 NAVIGATION 0 0 0 0 286 0. 570986.7
97.71 12 ATTITUDE 0 0 0
97.82 12 ESTIMATOR 709.179993 -0.005804 918. -0.580368 913.140015
97.87 12 DL_VALUE 24 0.3
97.93 12 NAVIGATION 0 0 0 0 286 0. 570986.7
97.98 12 WP_MOVED 0 358113. 4822203. 702.
98.16 12 COMMANDS 66,248,7901,584
98.19 12 NAVIGATION 0 0 0 0 286 0. 570986.7
98.21 12 ATTITUDE 0 0 0
98.24 12 GYRO_RATES 7 -18 15 -0.061087 -0.15708 -0.1309
98.27 12 FBW_STATUS 0 0 120
98.30 12 ESTIMATOR 709.125977 -0.040502 912.600037 -4.050179 912.869995
98.40 12 NAVIGATION 0 0 0 0 286 0. 570986.7
98.45 12 WP_MOVED 1 358824.90625 4822110. 702.
98.54 12 DOWNLINK_STATUS 97 15698 1049 0 239. 16.
98.58 12 DESIRED 0. -0.01 0. 0. 700.015 -2.
98.63 12 NAVIGATION 0 0 0 0 286 0. 570986.7
98.65 12 ATTITUDE 0 0 0
98.75 12 ESTIMATOR 709.139526 -0.003806 913.950012 -0.380592 912.059937
98.81 12 DL_VALUE 25 -0.297217
98.87 12 NAVIGATION 0 0 0 0 286 0. 570986.7
98.92 12 WP_MOVED 2 358071. 4822161. 0.
98.95 12 NAVIGATION_REF 358071 4822161 31
99.09 12 COMMANDS 69,51,-14,570
99.15 12 NAVIGATION 0 0 0 0 286 0. 570986.7
99.15 12 ATTITUDE 0 0 0
99.18 12 GYRO_RATES 4 -12 15 -0.034907 -0.10472 -0.1309
99.19 12 FBW_STATUS 0 0 121
99.22 12 ESTIMATOR 709.139526 0.014473 913.950012 1.447258 912.600037
99.25 12 BAT 72 121 0 0 63 63 0
99.29 12 CALIBRATION -9.112 0.037 0.5 0
99.34 12 NAVIGATION 0 0 0 0 286 0. 570986.7
99.39 12 WP_MOVED 0 358113. 4822203. 702.
99.41 12 SERVO 1270 1192 72
99.52 12 DESIRED 0. -0.01 0. 0. 700.016 -2.
99.55 12 DOWNLINK_STATUS 98 16003 1069 0 305. 20.
99.58 12 NAVIGATION 0 0 0 0 286 0. 570986.7
99.59 12 ATTITUDE 0 0 0
99.70 12 ESTIMATOR 709.139526 0.038555 913.950012 3.855476 914.489929
99.75 12 DL_VALUE 26 0.007
99.81 12 NAVIGATION 0 0 0 0 286 0. 570986.7
99.86 12 WP_MOVED 1 358824.90625 4822110. 702.
100.04 12 COMMANDS 73,43,-40,573
100.08 12 NAVIGATION 0 0 0 0 286 0. 570986.7
100.09 12 ATTITUDE 0 0 0
100.12 12 GYRO_RATES 5 -12 15 -0.043633 -0.10472 -0.1309
100.13 12 FBW_STATUS 0 0 121
100.17 12 ESTIMATOR 709.125977 -0.007694 912.600037 -0.769386 913.499939
100.22 12 ACTUATORS 1496,1500,0,1206,1529
100.28 12 NAVIGATION 0 0 0 0 286 0. 570986.7
100.33 12 WP_MOVED 2 358071. 4822161. 0.
100.45 12 DESIRED 0. -0.01 0. 0. 700.015 -2.
100.52 12 NAVIGATION 0 0 0 0 286 0. 570986.7
100.54 12 ATTITUDE 0 0 0
100.55 12 PPRZ_MODE 0 3 0 0 0 1 0
100.55 12 DOWNLINK_STATUS 99 16282 1088 0 279. 19.
100.64 12 ESTIMATOR 709.139526 -0.013499 913.950012 -1.349869 913.22998
100.68 12 DL_VALUE 27 0.037
100.74 12 NAVIGATION 0 0 0 0 286 0. 570986.7
100.79 12 WP_MOVED 0 358113. 4822203. 702.
100.91 12 PPRZ_MODE 1 3 0 0 0 21 0
100.96 12 COMMANDS 72,1192,1270,3181
101.01 12 NAVIGATION 0 0 0 0 286 0. 570986.7
101.04 12 ATTITUDE 0 0 0
101.07 12 GYRO_RATES 4 -12 15 -0.034907 -0.10472 -0.1309
101.07 12 FBW_STATUS 0 1 120
101.09 12 ESTIMATOR 709.125977 0.027 912.600037 2.699966 913.769958
101.13 12 BAT 72 121 0 0 65 65 0
101.17 12 CALIBRATION -9.119 0.037 0.5 1
101.22 12 NAVIGATION 0 0 0 0 286 0. 570986.7
101.27 12 WP_MOVED 1 358824.90625 4822110. 702.
101.29 12 SERVO 1334 1225 72
101.39 12 DESIRED 0. -0. 0. 0. 700.016 -2.
101.45 12 NAVIGATION 0 0 0 0 286 0. 570986.7
101.46 12 ATTITUDE 0 0 0
101.56 12 DOWNLINK_STATUS 100 16559 1107 0 277. 19.
101.56 12 ESTIMATOR 709.153015 -0.027081 915.299988 -2.708054 913.5
101.62 12 DL_VALUE 28 0.
101.69 12 NAVIGATION 0 0 0 0 286 0. 570986.7
101.73 12 WP_MOVED 2 358071. 4822161. 0.
101.90 12 COMMANDS 74,1228,1339,3153
101.94 12 NAVIGATION 0 0 0 0 286 0. 570986.7
101.96 12 ATTITUDE 0 0 0
102.00 12 GYRO_RATES 5 -12 15 -0.043633 -0.10472 -0.1309
102.01 12 FBW_STATUS 0 1 121
102.06 12 ESTIMATOR 709.139526 0.004833 913.950012 0.483284 913.589966
102.16 12 NAVIGATION 0 0 0 0 286 0. 570986.7
102.20 12 WP_MOVED 0 358113. 4822203. 702.
102.33 12 DESIRED 0. -0. 0. 0. 700.015 -2.
102.39 12 NAVIGATION 0 0 0 0 286 0. 570986.7
102.41 12 ATTITUDE 0 0 0
102.52 12 ESTIMATOR 709.125977 0.018307 912.600037 1.830711 913.859924
102.56 12 DL_VALUE 29 0.045
102.60 12 DOWNLINK_STATUS 101 16819 1124 0 260. 17.
102.62 12 NAVIGATION 0 0 0 0 286 0. 570986.7
102.67 12 WP_MOVED 1 358824.90625 4822110. 702.
102.84 12 COMMANDS 75,1016,1341,3157
102.89 12 NAVIGATION 0 0 0 0 286 0. 570986.7
102.90 12 ATTITUDE 0 0 0
102.93 12 GYRO_RATES 5 -12 15 -0.043633 -0.10472 -0.1309
102.94 12 FBW_STATUS 0 1 121
102.97 12 ESTIMATOR 709.139526 -0.031807 913.950012 -3.180656 913.77002
103.00 12 BAT 72 121 0 0 66 66 0
103.05 12 CALIBRATION -9.127 0.037 0.5 1
103.09 12 NAVIGATION 0 0 0 0 286 0. 570986.7
103.14 12 WP_MOVED 2 358071. 4822161. 0.
103.16 12 SERVO 1336 1228 72
103.26 12 DESIRED 0. -0. 0. 0. 700.015 -2.
103.32 12 NAVIGATION 0 0 0 0 286 0. 570986.7
103.34 12 ATTITUDE 0 0 0
103.44 12 ESTIMATOR 709.125977 0.005804 912.600037 0.580444 913.050049
103.50 12 DL_VALUE 30 1.
103.58 12 NAVIGATION 0 0 0 0 286 0. 570986.7
103.58 12 DOWNLINK_STATUS 102 17105 1143 0 286. 19.
103.60 12 PPRZ_MODE 2 3 0 0 0 21 0
103.61 12 WP_MOVED 0 358113. 4822203. 702.
103.78 12 COMMANDS 72,1186,1326,3152
103.81 12 NAVIGATION 0 0 0 0 286 0. 570986.7
103.84 12 ATTITUDE 0 0 0
103.86 12 GYRO_RATES 5 -12 15 -0.043633 -0.10472 -0.1309
103.87 12 FBW_STATUS 0 1 121
103.92 12 ESTIMATOR 709.139526 0.03275 913.950012 3.274994 913.590027
104.03 12 NAVIGATION 0 0 0 0 286 0. 570986.7
104.10 12 WP_MOVED 1 358824.90625 4822110. 702.
104.20 12 DESIRED 0. -0. 0. 0. 700.015 -2.
104.26 12 NAVIGATION 0 0 0 0 286 0. 570986.7
104.28 12 ATTITUDE 0 0 0
104.38 12 ESTIMATOR 709.125977 -0.018413 912.600037 -1.841316 914.309875
104.44 12 DL_VALUE 31 0.
104.49 12 NAVIGATION 0 0 0 0 286 0. 570986.7
104.56 12 WP_MOVED 2 358071. 4822161. 0.
104.58 12 DOWNLINK_STATUS 103 17360 1160 0 255. 17.
104.71 12 COMMANDS 0,1182,1321,3161
104.75 12 NAVIGATION 0 0 0 0 286 0. 570986.7
104.77 12 ATTITUDE 0 0 0
104.80 12 GYRO_RATES 5 -12 15 -0.043633 -0.10472 -0.1309
104.81 12 FBW_STATUS 0 1 121
104.86 12 ESTIMATOR 709.139526 0.000972 913.950012 0.097237 913.140015
104.88 12 BAT 0 121 0 0 68 68 0
104.89 12 PPRZ_MODE 1 3 1 0 0 21 0
104.91 12 ACTUATORS 1506,1369,0,1200,1664
104.94 12 CALIBRATION -9.124 0.037 0.5 1
104.96 12 NAVIGATION 0 0 0 0 286 0. 570986.7
105.01 12 WP_MOVED 0 358113. 4822203. 702.
105.05 12 SERVO 1340 1228 72
105.07 12 PPRZ_MODE 0 3 0 0 0 17 0
105.13 12 DESIRED 0. -0. 0. 0. 700.015 -2.
105.20 12 NAVIGATION 0 0 0 0 286 0. 570986.7
105.21 12 ATTITUDE 0 0 0
105.23 12 PPRZ_MODE 0 3 0 0 0 1 0
105.32 12 ESTIMATOR 709.139526 -0.007696 913.950012 -0.769577 913.139954
105.37 12 DL_VALUE 32 0.
105.43 12 NAVIGATION 0 0 0 0 286 0. 570986.7
105.48 12 WP_MOVED 1 358824.90625 4822110. 702.
105.57 12 DOWNLINK_STATUS 104 17668 1182 0 308. 22.
105.65 12 COMMANDS 72,47,-37,570
105.69 12 NAVIGATION 0 0 0 0 286 0. 570986.7
105.71 12 ATTITUDE 0 0 0
105.75 12 GYRO_RATES 5 -12 15 -0.043633 -0.10472 -0.1309
105.75 12 FBW_STATUS 0 0 121
105.79 12 ESTIMATOR 709.125977 -0.006723 912.600037 -0.672264 913.679932
105.90 12 NAVIGATION 0 0 0 0 286 0. 570986.7
105.93 12 PPRZ_MODE 1 3 0 0 0 21 0
105.95 12 WP_MOVED 2 358071. 4822161. 0.
106.09 12 DESIRED 0. -0. 0. 0. 700.015 -2.
106.14 12 NAVIGATION 0 0 0 0 286 0. 570986.7
106.15 12 ATTITUDE 0 0 0
106.26 12 ESTIMATOR 709.125977 2.7e-05 912.600037 0.002708 913.049927
106.31 12 DL_VALUE 33 0.1
106.37 12 NAVIGATION 0 0 0 0 286 0. 570986.7
106.42 12 WP_MOVED 0 358113. 4822203. 702.
106.60 12 DOWNLINK_STATUS 105 17908 1198 0 240. 16.
106.61 12 COMMANDS 73,1219,1336,3156
106.64 12 NAVIGATION 0 0 0 0 286 0. 570986.7
106.66 12 ATTITUDE 0 0 0
106.67 12 GYRO_RATES 5 -12 15 -0.043633 -0.10472 -0.1309
106.69 12 FBW_STATUS 0 1 121
106.72 12 ESTIMATOR 709.125977 0.001944 912.600037 0.194359 913.230042
106.75 12 BAT 73 121 0 0 70 70 0
106.80 12 CALIBRATION -9.12 0.037 0.5 1
106.84 12 NAVIGATION 0 0 0 0 286 0. 570986.7
106.89 12 WP_MOVED 1 358824.90625 4822110. 702.
106.91 12 SERVO 1336 1225 72
107.02 12 DESIRED 0. -0. 0. 0. 700.015 -2.
107.07 12 NAVIGATION 0 0 0 0 286 0. 570986.7
107.10 12 ATTITUDE 0 0 0
107.19 12 ESTIMATOR 709.125977 0.033696 912.600037 3.36956 913.859985
107.26 12 DL_VALUE 34 0.
107.31 12 NAVIGATION 0 0 0 0 286 0. 570986.7
107.36 12 WP_MOVED 2 358071. 4822161. 0.
107.39 12 NAVIGATION_REF 358071 4822161 31
107.53 12 COMMANDS 72,1228,1334,3153
107.58 12 NAVIGATION 0 0 0 0 286 0. 570986.7
107.62 12 ATTITUDE 0 0 0
107.64 12 DOWNLINK_STATUS 106 18224 1220 0 316. 22.
107.64 12 GYRO_RATES 5 -12 15 -0.043633 -0.10472 -0.1309
107.64 12 FBW_STATUS 0 1 121
107.66 12 ESTIMATOR 709.125977 -0.012555 912.600037 -1.255531 913.22998
107.77 12 NAVIGATION 0 0 0 0 286 0. 570986.7
107.83 12 WP_MOVED 0 358113. 4822203. 702.
107.95 12 DESIRED 0. -0. 0. 0. 700.015 -2.
108.01 12 NAVIGATION 0 0 0 0 286 0. 570986.7
108.03 12 ATTITUDE 0 0 0
108.14 12 ESTIMATOR 709.125977 0.007721 912.600037 0.772095 912.960083
108.20 12 DL_VALUE 35 0.5
108.25 12 NAVIGATION 0 0 0 0 286 0. 570986.7
108.30 12 WP_MOVED 1 358824.90625 4822110. 702.
108.47 12 COMMANDS 61,1234,1305,3188
108.50 12 NAVIGATION 0 0 0 0 286 0. 570986.7
108.53 12 ATTITUDE 0 0 0
108.55 12 GYRO_RATES 5 -12 15 -0.043633 -0.10472 -0.1309
108.56 12 FBW_STATUS 0 1 121
108.62 12 ESTIMATOR 709.166504 0.019251 916.650024 1.925087 914.130005
108.66 12 DOWNLINK_STATUS 107 18502 1238 0 278. 18.
108.66 12 BAT 62 121 0 0 72 72 0
108.68 12 CALIBRATION -9.119 0.037 0.5 1
108.72 12 NAVIGATION 0 0 0 0 286 0. 570986.7
108.78 12 WP_MOVED 2 358071. 4822161. 0.
108.79 12 SERVO 1303 1219 61
108.89 12 DESIRED 0. -0. 0. 0. 700.013 -2.
108.95 12 NAVIGATION 0 0 0 0 286 0. 570986.7
108.96 12 ATTITUDE 0 0 0
109.06 12 ESTIMATOR 709.139526 -0.046305 913.950012 -4.63047 913.589966
109.13 12 DL_VALUE 36 1.
109.18 12 NAVIGATION 0 0 0 0 286 0. 570986.7
109.24 12 WP_MOVED 0 358113. 4822203. 702.
109.40 12 COMMANDS 60,1234,1303,3188
109.45 12 NAVIGATION 0 0 0 0 286 0. 570986.7
109.47 12 ATTITUDE 0 0 0
109.49 12 GYRO_RATES 5 -12 15 -0.043633 -0.10472 -0.1309
109.50 12 FBW_STATUS 0 1 120
109.56 12 ESTIMATOR 709.139526 0.00289 913.950012 0.289001 913.320007
109.60 12 ACTUATORS 1503,1368,0,1204,1666
109.63 12 DOWNLINK_STATUS 108 18783 1257 0 281. 19.
109.68 12 NAVIGATION 0 0 0 0 286 0. 570986.7
109.70 12 WP_MOVED 1 358824.90625 4822110. 702.
109.82 12 DESIRED 0. -0. 0. 0. 700.013 -2.
109.89 12 NAVIGATION 0 0 0 0 286 0. 570986.7
109.91 12 ATTITUDE 0 0 0
109.92 12 PPRZ_MODE 1 3 0 0 0 5 0
110.01 12 ESTIMATOR 709.139526 0.021223 913.950012 2.122307 913.769958
110.07 12 DL_VALUE 37 0.
110.12 12 NAVIGATION 0 0 0 0 286 0. 570986.7
110.17 12 WP_MOVED 2 358071. 4822161. 0.
110.34 12 COMMANDS 61,1007,1301,3347
110.37 12 NAVIGATION 0 0 0 0 286 0. 570986.7
110.39 12 ATTITUDE 0 0 0
110.43 12 GYRO_RATES 5 -12 15 -0.043633 -0.10472 -0.1309
110.44 12 FBW_STATUS 0 1 120
110.47 12 ESTIMATOR 709.125977 -0.029835 912.600037 -2.983475 913.049927
110.50 12 BAT 60 121 0 0 74 74 0
110.56 12 CALIBRATION -9.12 0.037 0.5 1
110.59 12 NAVIGATION 0 0 0 0 286 0. 570986.7
110.64 12 DOWNLINK_STATUS 109 19070 1276 0 287. 19.
110.67 12 WP_MOVED 0 358113. 4822203. 702.
110.67 12 SERVO 1301 1228 62
110.76 12 DESIRED 0. -0. 0. 0. 700.013 -2.
110.82 12 NAVIGATION 0 0 0 0 286 0. 570986.7
110.84 12 ATTITUDE 0 0 0
110.95 12 ESTIMATOR 709.125977 0.012553 912.600037 1.255302 912.869995
111.01 12 DL_VALUE 0 700.012695
111.06 12 NAVIGATION 0 0 0 0 286 0. 570986.7
111.11 12 WP_MOVED 1 358824.90625 4822110. 702.
111.27 12 COMMANDS 61,1228,1303,3188
111.32 12 NAVIGATION 0 0 0 0 286 0. 570986.7
111.33 12 ATTITUDE 0 0 0
111.36 12 GYRO_RATES 5 -12 15 -0.043633 -0.10472 -0.1309
111.37 12 FBW_STATUS 0 1 120
111.41 12 ESTIMATOR 709.139526 0.01153 913.950012 1.152992 913.590027
111.54 12 NAVIGATION 0 0 0 0 286 0. 570986.7
111.57 12 WP_MOVED 2 358071. 4822161. 0.
111.65 12 DOWNLINK_STATUS 110 19324 1293 0 254. 17.
111.71 12 DESIRED 0. -0. 0. 0. 700.013 -2.
111.76 12 NAVIGATION 0 0 0 0 286 0. 570986.7
111.77 12 ATTITUDE 0 0 0
111.88 12 ESTIMATOR 709.112488 -0.001025 911.25 -0.102501 913.860046
111.95 12 DL_VALUE 1 1.
112.00 12 NAVIGATION 0 0 0 0 286 0. 570986.7
112.05 12 WP_MOVED 0 358113. 4822203. 702.
112.22 12 COMMANDS 60,1228,1303,3345
112.26 12 NAVIGATION 0 0 0 0 286 0. 570986.7
112.28 12 ATTITUDE 0 0 0
112.31 12 GYRO_RATES 5 -12 16 -0.043633 -0.10472 -0.139626
112.32 12 FBW_STATUS 0 1 121
112.35 12 ESTIMATOR 709.125977 -0.000971 912.600037 -0.097122 912.870117
112.37 12 BAT 62 120 0 0 76 76 0
112.42 12 CALIBRATION -9.119 0.037 0.5 1
112.46 12 NAVIGATION 0 0 0 0 286 0. 570986.7
112.51 12 WP_MOVED 1 358824.90625 4822110. 702.
112.53 12 SERVO 1303 1228 61
112.64 12 DESIRED 0. -0. 0. 0. 700.014 -2.
112.66 12 DOWNLINK_STATUS 111 19618 1312 0 294. 19.
112.70 12 NAVIGATION 0 0 0 0 286 0. 570986.7
112.71 12 ATTITUDE 0 0 0
112.81 12 ESTIMATOR 709.193481 -0.027972 919.350037 -2.797241 913.410095
112.87 12 DL_VALUE 2 0.
112.93 12 NAVIGATION 0 0 0 0 286 0. 570986.7
113.00 12 WP_MOVED 2 358071. 4822161. 0.
113.16 12 COMMANDS 60,1225,1303,3345
113.19 12 NAVIGATION 0 0 0 0 286 0. 570986.7
113.21 12 ATTITUDE 0 0 0
113.25 12 GYRO_RATES 5 -12 16 -0.043633 -0.10472 -0.139626
113.25 12 FBW_STATUS 0 1 120
113.29 12 ESTIMATOR 709.125977 -0.008586 912.600037 -0.858574 913.860046
113.40 12 NAVIGATION 0 0 0 0 286 0. 570986.7
113.46 12 WP_MOVED 0 358113. 4822203. 702.
113.57 12 DESIRED 0. -0. 0. 0. 700.013 -2.
113.65 12 NAVIGATION 0 0 0 0 286 0. 570986.7
113.68 12 ATTITUDE 0 0 0
113.68 12 DOWNLINK_STATUS 112 19875 1329 0 257. 17.
113.76 12 ESTIMATOR 709.139526 -0.018307 913.950012 -1.830673 913.049988
113.79 12 DL_VALUE 0 0.
113.81 12 DL_VALUE 3 0.
113.87 12 NAVIGATION 0 0 0 0 286 0. 570986.7
113.92 12 WP_MOVED 1 358824.90625 4822110. 702.
114.09 12 COMMANDS 60,1225,1303,3345
114.12 12 NAVIGATION 0 0 0 0 286 0. 570986.7
114.15 12 ATTITUDE 0 0 0
114.18 12 GYRO_RATES 5 -12 16 -0.043633 -0.10472 -0.139626
114.19 12 FBW_STATUS 0 1 120
114.22 12 ESTIMATOR 709.139526 -0.001917 913.950012 -0.191689 913.230042
114.26 12 BAT 58 121 0 0 78 78 0
114.28 12 ACTUATORS 1503,1368,0,1205,1665
114.31 12 CALIBRATION -9.115 0.037 0.5 1
114.35 12 NAVIGATION 0 0 0 0 286 0. 570986.7
114.39 12 WP_MOVED 2 358071. 4822161. 0.
114.42 12 SERVO 1301 1228 59
114.51 12 DESIRED 0. -0. 0. 0. 700.013 -2.
114.57 12 NAVIGATION 0 0 0 0 286 0. 570986.7
114.59 12 ATTITUDE 0 0 0
114.61 12 PPRZ_MODE 1 3 0 0 0 21 0
114.68 12 DOWNLINK_STATUS 113 20172 1350 0 297. 21.
114.70 12 ESTIMATOR 709.125977 0.003862 912.600037 0.3862 913.320007
114.75 12 DL_VALUE 4 1.
114.81 12 NAVIGATION 0 0 0 0 286 0. 570986.7
114.86 12 WP_MOVED 0 358113. 4822203. 702.
115.04 12 COMMANDS 60,1228,1303,3345
115.06 12 NAVIGATION 0 0 0 0 286 0. 570986.7
115.08 12 ATTITUDE 0 0 0
115.11 12 GYRO_RATES 5 -12 16 -0.043633 -0.10472 -0.139626
115.13 12 FBW_STATUS 0 1 120
115.17 12 ESTIMATOR 709.112488 0.033776 911.25 3.377647 912.68988
115.27 12 NAVIGATION 0 0 0 0 286 0. 570986.7
115.33 12 WP_MOVED 1 358824.90625 4822110. 702.
115.45 12 DESIRED 0. -0. 0. 0. 700.012 -2.
115.51 12 NAVIGATION 0 0 0 0 286 0. 570986.7
115.53 12 ATTITUDE 0 0 0
115.63 12 ESTIMATOR 709.139526 -0.002915 913.950012 -0.291519 913.319946
115.67 12 DOWNLINK_STATUS 114 20425 1366 0 253. 16.
115.70 12 DL_VALUE 5 0.
115.75 12 NAVIGATION 0 0 0 0 286 0. 570986.7
115.79 12 WP_MOVED 2 358071. 4822161. 0.
115.82 12 NAVIGATION_REF 358071 4822161 31
115.96 12 COMMANDS 61,1234,1303,3341
116.00 12 NAVIGATION 0 0 0 0 286 0. 570986.7
116.02 12 ATTITUDE 0 0 0
116.05 12 GYRO_RATES 5 -12 16 -0.043633 -0.10472 -0.139626
116.06 12 FBW_STATUS 0 1 120
116.09 12 ESTIMATOR 709.153015 0.014446 915.299988 1.444626 914.130005
116.12 12 BAT 59 120 0 0 80 80 0
116.18 12 CALIBRATION -9.119 0.037 0.5 1
116.21 12 NAVIGATION 0 0 0 0 286 0. 570986.7
116.26 12 WP_MOVED 0 358113. 4822203. 702.
116.29 12 SERVO 1303 1228 59
116.39 12 DESIRED 0. -0. 0. 0. 700.013 -2.
116.46 12 NAVIGATION 0 0 0 0 286 0. 570986.7
116.47 12 ATTITUDE 0 0 0
116.56 12 ESTIMATOR 709.139526 -0.045388 913.950012 -4.538841 913.499878
116.63 12 DL_VALUE 6 0.
116.68 12 DOWNLINK_STATUS 115 20711 1386 0 286. 20.
116.71 12 NAVIGATION 0 0 0 0 286 0. 570986.7
116.73 12 WP_MOVED 1 358824.90625 4822110. 702.
116.91 12 COMMANDS 60,1225,1303,3347
116.94 12 NAVIGATION 0 0 0 0 286 0. 570986.7
116.95 12 ATTITUDE 0 0 0
117.00 12 GYRO_RATES 5 -12 16 -0.043633 -0.10472 -0.139626
117.00 12 FBW_STATUS 0 1 120
117.04 12 ESTIMATOR 709.139526 -0.002941 913.950012 -0.294113 912.690002
117.16 12 NAVIGATION 0 0 0 0 286 0. 570986.7
117.21 12 WP_MOVED 2 358071. 4822161. 0.
117.32 12 DESIRED 0. -0. 0. 0. 700.012 -2.
117.38 12 NAVIGATION 0 0 0 0 286 0. 570986.7
117.40 12 ATTITUDE 0 0 0
117.51 12 ESTIMATOR 709.125977 0.048249 912.600037 4.824905 913.500061
117.56 12 DL_VALUE 7 0.
117.62 12 NAVIGATION 0 0 0 0 286 0. 570986.7
117.68 12 WP_MOVED 0 358113. 4822203. 702.
117.72 12 DOWNLINK_STATUS 116 20975 1403 0 264. 17.
117.81 12 DL_VALUE 5 1.
117.84 12 COMMANDS 61,1225,1303,3347
117.88 12 NAVIGATION 0 0 0 0 286 0. 570986.7
117.91 12 ATTITUDE 0 0 0
117.93 12 GYRO_RATES 5 -12 16 -0.043633 -0.10472 -0.139626
117.94 12 FBW_STATUS 0 1 120
117.98 12 ESTIMATOR 709.139526 -0.04142 913.950012 -4.141998 914.129944
117.99 12 BAT 59 120 0 0 82 82 0
118.04 12 CALIBRATION -9.123 0.037 0.5 1
118.09 12 NAVIGATION 0 0 0 0 286 0. 570986.7
118.14 12 WP_MOVED 1 358824.90625 4822110. 702.
118.16 12 SERVO 1303 1225 62
118.26 12 DESIRED 0. -0. 0. 0. 700.012 -2.
118.32 12 NAVIGATION 0 0 0 0 286 0. 570986.7
118.34 12 ATTITUDE 0 0 0
118.44 12 ESTIMATOR 709.125977 -0.007694 912.600037 -0.769424 912.870117
118.50 12 DL_VALUE 8 0.
118.55 12 NAVIGATION 0 0 0 0 286 0. 570986.7
118.61 12 WP_MOVED 2 358071. 4822161. 0.
118.68 12 DOWNLINK_STATUS 117 21250 1422 0 275. 19.
118.77 12 COMMANDS 60,1228,1303,3347
118.82 12 NAVIGATION 0 0 0 0 286 0. 570986.7
118.83 12 ATTITUDE 0 0 0
118.86 12 GYRO_RATES 5 -12 16 -0.043633 -0.10472 -0.139626
118.89 12 FBW_STATUS 0 1 120
118.91 12 ESTIMATOR 709.125977 0.033694 912.600037 3.369446 913.500061
118.97 12 ACTUATORS 1503,1368,0,1205,1665
119.02 12 NAVIGATION 0 0 0 0 286 0. 570986.7
119.08 12 WP_MOVED 0 358113. 4822203. 702.
119.20 12 DESIRED 0. -0. 0. 0. 700.013 -2.
119.26 12 NAVIGATION 0 0 0 0 286 0. 570986.7
119.27 12 ATTITUDE 0 0 0
119.29 12 PPRZ_MODE 1 3 0 0 0 21 0
119.38 12 ESTIMATOR 709.112488 -0.025111 911.25 -2.511063 913.410034
119.43 12 DL_VALUE 9 466.
119.49 12 NAVIGATION 0 0 0 0 286 0. 570986.7
119.55 12 WP_MOVED 1 358824.90625 4822110. 702.
119.70 12 DOWNLINK_STATUS 118 21503 1439 0 253. 17.
119.71 12 COMMANDS 62,1228,1419,3345
119.76 12 NAVIGATION 0 0 0 0 286 0. 570986.7
119.77 12 ATTITUDE 0 0 0
119.80 12 GYRO_RATES 5 -12 16 -0.043633 -0.10472 -0.139626
119.81 12 FBW_STATUS 0 1 120
119.86 12 ESTIMATOR 709.125977 0.011556 912.600037 1.155624 912.510132
119.87 12 BAT 61 120 0 0 84 84 0
119.92 12 CALIBRATION -9.122 0.037 0.5 1
119.97 12 NAVIGATION 0 0 0 0 286 0. 570986.7
120.01 12 WP_MOVED 2 358071. 4822161. 0.
120.03 12 SERVO 1306 1228 59
120.14 12 DESIRED 0. -0. 0. 0. 700.013 -2.
120.20 12 NAVIGATION 0 0 0 0 286 0. 570986.7
120.25 12 ATTITUDE 0 0 0
120.32 12 ESTIMATOR 709.193481 -0.024112 919.350037 -2.411194 913.409973
120.38 12 DL_VALUE 10 492.
120.44 12 NAVIGATION 0 0 0 0 286 0. 570986.7
120.48 12 WP_MOVED 0 358113. 4822203. 702.
120.66 12 COMMANDS 62,1228,1303,3342
120.72 12 NAVIGATION 0 0 0 0 286 0. 570986.7
120.74 12 DOWNLINK_STATUS 119 21800 1459 0 297. 20.
120.74 12 ATTITUDE 0 0 0
120.74 12 GYRO_RATES 5 -12 16 -0.043633 -0.10472 -0.139626
120.75 12 FBW_STATUS 0 1 120
120.78 12 ESTIMATOR 709.139526 -0.000891 913.950012 -0.089073 914.039917
120.90 12 NAVIGATION 0 0 0 0 286 0. 570986.7
120.95 12 WP_MOVED 1 358824.90625 4822110. 702.
121.07 12 DESIRED 0. -0. 0. 0. 700.013 -2.
121.14 12 NAVIGATION 0 0 0 0 286 0. 570986.7
121.15 12 ATTITUDE 0 0 0
121.25 12 ESTIMATOR 709.139526 -0.028887 913.950012 -2.888718 913.140076
121.32 12 DL_VALUE 11 461.
121.37 12 NAVIGATION 0 0 0 0 286 0. 570986.7
121.42 12 WP_MOVED 2 358071. 4822161. 0.
121.59 12 COMMANDS 60,1225,1303,3349
121.62 12 NAVIGATION 0 0 0 0 286 0. 570986.7
121.64 12 ATTITUDE 0 0 0
121.68 12 GYRO_RATES 5 -12 16 -0.043633 -0.10472 -0.139626
121.73 12 FBW_STATUS 0 1 120
121.73 12 DOWNLINK_STATUS 120 22064 1477 0 264. 18.
121.73 12 ESTIMATOR 709.139526 -0.005778 913.950012 -0.577774 913.230042
121.75 12 BAT 59 120 0 0 86 86 0
121.79 12 CALIBRATION -9.118 0.037 0.5 1
121.85 12 NAVIGATION 0 0 0 0 286 0. 570986.7
121.89 12 WP_MOVED 0 358113. 4822203. 702.
121.91 12 SERVO 1305 1225 61
122.01 12 DESIRED 0. -0. 0. 0. 700.013 -2.
122.07 12 NAVIGATION 0 0 0 0 286 0. 570986.7
122.09 12 ATTITUDE 0 0 0
122.19 12 ESTIMATOR 709.139526 0.00675 913.950012 0.675049 913.94989
122.25 12 DL_VALUE 12 1.35
122.30 12 NAVIGATION 0 0 0 0 286 0. 570986.7
122.36 12 WP_MOVED 1 358824.90625 4822110. 702.
122.52 12 COMMANDS 62,1216,1303,3338
122.56 12 NAVIGATION 0 0 0 0 286 0. 570986.7
122.58 12 ATTITUDE 0 0 0
122.62 12 GYRO_RATES 5 -12 16 -0.043633 -0.10472 -0.139626
122.62 12 FBW_STATUS 0 1 120
122.66 12 ESTIMATOR 709.125977 -0.005751 912.600037 -0.575142 912.689941
122.73 12 DOWNLINK_STATUS 121 22354 1496 0 290. 19.
122.77 12 NAVIGATION 0 0 0 0 286 0. 570986.7
122.83 12 WP_MOVED 2 358071. 4822161. 0.
122.95 12 DESIRED 0. -0. 0. 0. 700.013 -2.
123.01 12 NAVIGATION 0 0 0 0 286 0. 570986.7
123.03 12 ATTITUDE 0 0 0
123.14 12 ESTIMATOR 709.139526 -0.000945 913.950012 -0.09449 912.960083
123.20 12 DL_VALUE 13 0.
123.25 12 NAVIGATION 0 0 0 0 286 0. 570986.7
123.30 12 WP_MOVED 0 358113. 4822203. 702.
123.46 12 COMMANDS 59,1219,1303,3347
123.50 12 NAVIGATION 0 0 0 0 286 0. 570986.7
123.52 12 ATTITUDE 0 0 0
123.55 12 GYRO_RATES 5 -13 16 -0.043633 -0.113446 -0.139626
123.57 12 FBW_STATUS 0 1 120
123.59 12 ESTIMATOR 709.166504 0.010666 916.650024 1.066628 913.859985
123.63 12 BAT 60 120 0 0 88 88 0
123.65 12 ACTUATORS 1504,1369,0,1205,1674
123.68 12 CALIBRATION -9.12 0.037 0.5 1
123.72 12 NAVIGATION 0 0 0 0 286 0. 570986.7
123.72 12 DOWNLINK_STATUS 122 22645 1515 0 291. 19.
123.76 12 WP_MOVED 1 358824.90625 4822110. 702.
123.78 12 SERVO 1303 1228 60
123.88 12 DESIRED 0. -0. 0. 0. 700.011 -2.
123.96 12 NAVIGATION 0 0 0 0 286 0. 570986.7
123.96 12 ATTITUDE 0 0 0
123.98 12 PPRZ_MODE 1 3 0 0 0 21 0
124.08 12 ESTIMATOR 709.125977 -0.028944 912.600037 -2.894363 913.589966
124.12 12 DL_VALUE 14 0.
124.19 12 NAVIGATION 0 0 0 0 286 0. 570986.7
124.23 12 WP_MOVED 2 358071. 4822161. 0.
124.25 12 NAVIGATION_REF 358071 4822161 31
124.40 12 COMMANDS 60,1228,1301,3342
124.44 12 NAVIGATION 0 0 0 0 286 0. 570986.7
124.45 12 ATTITUDE 0 0 0
124.49 12 GYRO_RATES 5 -12 16 -0.043633 -0.10472 -0.139626
124.50 12 FBW_STATUS 0 1 120
124.54 12 ESTIMATOR 709.125977 0.010585 912.600037 1.058464 913.140015
124.65 12 NAVIGATION 0 0 0 0 286 0. 570986.7
124.71 12 WP_MOVED 0 358113. 4822203. 702.
124.74 12 DOWNLINK_STATUS 123 22919 1534 0 274. 19.
124.82 12 DESIRED 0. -0. 0. 0. 700.013 -2.
124.90 12 NAVIGATION 0 0 0 0 286 0. 570986.7
124.91 12 ATTITUDE 0 0 0
125.01 12 ESTIMATOR 709.139526 0.038584 913.950012 3.858376 913.860046
125.06 12 DL_VALUE 15 0.75
125.12 12 NAVIGATION 0 0 0 0 286 0. 570986.7
125.17 12 WP_MOVED 1 358824.90625 4822110. 702.
125.33 12 COMMANDS 62,1234,1305,3341
125.37 12 NAVIGATION 0 0 0 0 286 0. 570986.7
125.39 12 ATTITUDE 0 0 0
125.43 12 GYRO_RATES 5 -13 16 -0.043633 -0.113446 -0.139626
125.43 12 FBW_STATUS 0 1 120
125.47 12 ESTIMATOR 709.139526 -0.052003 913.950012 -5.200272 913.94989
125.51 12 BAT 61 120 0 0 90 90 0
125.54 12 CALIBRATION -9.123 0.037 0.5 1
125.59 12 NAVIGATION 0 0 0 0 286 0. 570986.7
125.64 12 WP_MOVED 2 358071. 4822161. 0.
125.66 12 SERVO 1301 1225 62
125.72 12 DOWNLINK_STATUS 124 23187 1552 0 268. 18.
125.76 12 DESIRED 0. -0. 0. 0. 700.013 -2.
125.83 12 NAVIGATION 0 0 0 0 286 0. 570986.7
125.84 12 ATTITUDE 0 0 0
125.94 12 ESTIMATOR 709.125977 0.01064 912.600037 1.063957 913.049988
126.00 12 DL_VALUE 16 25000.
126.05 12 NAVIGATION 0 0 0 0 286 0. 570986.7
126.11 12 WP_MOVED 0 358113. 4822203. 702.
126.28 12 COMMANDS 61,1225,1301,3342
126.31 12 NAVIGATION 0 0 0 0 286 0. 570986.7
126.33 12 ATTITUDE 0 0 0
126.36 12 GYRO_RATES 5 -12 16 -0.043633 -0.10472 -0.139626
126.37 12 FBW_STATUS 0 1 120
126.42 12 ESTIMATOR 709.139526 0.017308 913.950012 1.730766 913.679932
126.52 12 NAVIGATION 0 0 0 0 286 0. 570986.7
126.58 12 WP_MOVED 1 358824.90625 4822110. 702.
126.70 12 DESIRED 0. -0. 0. 0. 700.013 -2.
126.73 12 DOWNLINK_STATUS 125 23444 1568 0 257. 16.
126.76 12 NAVIGATION 0 0 0 0 286 0. 570986.7
126.77 12 ATTITUDE 0 0 0
126.88 12 ESTIMATOR 709.112488 -0.018414 911.25 -1.841431 914.039917
126.94 12 DL_VALUE 17 25000.
126.99 12 NAVIGATION 0 0 0 0 286 0. 570986.7
127.04 12 WP_MOVED 2 358071. 4822161. 0.
127.21 12 COMMANDS 61,1219,1305,3347
127.25 12 NAVIGATION 0 0 0 0 286 0. 570986.7
127.27 12 ATTITUDE 0 0 0
127.30 12 GYRO_RATES 5 -12 16 -0.043633 -0.10472 -0.139626
127.31 12 FBW_STATUS 0 1 120
127.35 12 ESTIMATOR 709.125977 0.001945 912.600037 0.19455 912.420105
127.38 12 BAT 61 120 0 0 92 92 0
127.42 12 CALIBRATION -9.121 0.037 0.5 1
127.46 12 NAVIGATION 0 0 0 0 286 0. 570986.7
127.51 12 WP_MOVED 0 358113. 4822203. 702.
127.53 12 SERVO 1306 1234 56
127.64 12 DESIRED 0. -0. 0. 0. 700.013 -2.
127.70 12 NAVIGATION 0 0 0 0 286 0. 570986.7
127.74 12 ATTITUDE 0 0 0
127.74 12 DOWNLINK_STATUS 126 23738 1588 0 294. 20.
127.81 12 ESTIMATOR 709.125977 0.019278 912.600037 1.927757 912.780151
127.88 12 DL_VALUE 18 0.75
127.94 12 NAVIGATION 0 0 0 0 286 0. 570986.7
127.98 12 WP_MOVED 1 358824.90625 4822110. 702.
128.15 12 COMMANDS 62,1225,1303,3341
128.21 12 NAVIGATION 0 0 0 0 286 0. 570986.7
128.21 12 ATTITUDE 0 0 0
128.24 12 GYRO_RATES 5 -12 16 -0.043633 -0.10472 -0.139626
128.25 12 FBW_STATUS 0 1 120
128.28 12 ESTIMATOR 709.139526 -0.004779 913.950012 -0.477943 913.5
128.34 12 ACTUATORS 1504,1369,0,1205,1674
128.40 12 NAVIGATION 0 0 0 0 286 0. 570986.7
128.46 12 WP_MOVED 2 358071. 4822161. 0.
128.57 12 DESIRED 0. -0. 0. 0. 700.012 -2.
128.64 12 NAVIGATION 0 0 0 0 286 0. 570986.7
128.66 12 ATTITUDE 0 0 0
128.67 12 PPRZ_MODE 1 3 0 0 0 21 0
128.73 12 DOWNLINK_STATUS 127 23991 1605 0 253. 17.
128.77 12 ESTIMATOR 709.125977 -0.004778 912.600037 -0.477791 913.049927
128.80 12 DL_VALUE 19 13000.
128.87 12 NAVIGATION 0 0 0 0 286 0. 570986.7
128.92 12 WP_MOVED 0 358113. 4822203. 702.
129.09 12 COMMANDS 59,1219,1301,3341
129.13 12 NAVIGATION 0 0 0 0 286 0. 570986.7
129.14 12 ATTITUDE 0 0 0
129.17 12 GYRO_RATES 5 -12 17 -0.043633 -0.10472 -0.148353
129.18 12 FBW_STATUS 0 1 120
129.23 12 ESTIMATOR 709.125977 -0.006749 912.600037 -0.674934 912.960144
129.27 12 BAT 60 120 0 0 94 94 0
129.29 12 CALIBRATION -9.118 0.037 0.5 1
129.34 12 NAVIGATION 0 0 0 0 286 0. 570986.7
129.40 12 WP_MOVED 1 358824.90625 4822110. 702.
129.41 12 SERVO 1305 1225 58
129.51 12 DESIRED 0. -0. 0. 0. 700.013 -2.
129.58 12 NAVIGATION 0 0 0 0 286 0. 570986.7
129.58 12 ATTITUDE 0 0 0
129.69 12 ESTIMATOR 709.125977 0.036612 912.600037 3.661194 914.040039
129.74 12 DOWNLINK_STATUS 128 24281 1624 0 290. 19.
129.78 12 DL_VALUE 20 13000.
129.80 12 NAVIGATION 0 0 0 0 286 0. 570986.7
129.85 12 WP_MOVED 2 358071. 4822161. 0.
130.02 12 COMMANDS 59,1234,1306,3347
130.06 12 NAVIGATION 0 0 0 0 286 0. 570986.7
130.08 12 ATTITUDE 0 0 0
130.11 12 GYRO_RATES 5 -12 16 -0.043633 -0.10472 -0.139626
130.14 12 FBW_STATUS 0 1 120
130.16 12 ESTIMATOR 709.125977 -0.021223 912.600037 -2.122345 913.049988
130.28 12 NAVIGATION 0 0 0 0 286 0. 570986.7
130.33 12 WP_MOVED 0 358113. 4822203. 702.
130.45 12 DESIRED 0. -0. 0. 0. 700.013 -2.
130.51 12 NAVIGATION 0 0 0 0 286 0. 570986.7
130.53 12 ATTITUDE 0 0 0
130.63 12 ESTIMATOR 709.139526 0.000971 913.950012 0.097122 912.870117
130.68 12 DL_VALUE 21 0.75
130.74 12 DOWNLINK_STATUS 129 24519 1640 0 238. 16.
130.78 12 NAVIGATION 0 0 0 0 286 0. 570986.7
130.79 12 WP_MOVED 1 358824.90625 4822110. 702.
130.98 12 COMMANDS 61,1225,1417,3341
131.00 12 NAVIGATION 0 0 0 0 286 0. 570986.7
131.03 12 ATTITUDE 0 0 0
131.05 12 GYRO_RATES 5 -12 16 -0.043633 -0.10472 -0.139626
131.06 12 FBW_STATUS 0 1 120
131.10 12 ESTIMATOR 709.112488 0.025083 911.25 2.508278 913.590027
131.12 12 BAT 60 120 0 0 96 96 0
131.18 12 CALIBRATION -9.122 0.037 0.5 1
131.22 12 NAVIGATION 0 0 0 0 286 0. 570986.7
131.26 12 WP_MOVED 2 358071. 4822161. 0.
131.28 12 SERVO 1419 1225 62
131.38 12 DESIRED 0. -0. 0. 0. 700.013 -2.
131.45 12 NAVIGATION 0 0 0 0 286 0. 570986.7
131.46 12 ATTITUDE 0 0 0
131.57 12 ESTIMATOR 709.125977 -0.016468 912.600037 -1.646805 912.78009
131.62 12 DL_VALUE 22 18000.
131.68 12 NAVIGATION 0 0 0 0 286 0. 570986.7
131.73 12 WP_MOVED 0 358113. 4822203. 702.
131.77 12 DOWNLINK_STATUS 130 24820 1660 0 301. 20.
131.90 12 COMMANDS 62,1219,1303,3502
131.94 12 NAVIGATION 0 0 0 0 286 0. 570986.7
131.97 12 ATTITUDE 0 0 0
131.99 12 GYRO_RATES 5 -12 16 -0.043633 -0.10472 -0.139626
132.00 12 FBW_STATUS 0 1 120
132.03 12 ESTIMATOR 709.125977 0.00289 912.600037 0.288963 912.960144
132.15 12 NAVIGATION 0 0 0 0 286 0. 570986.7
132.20 12 WP_MOVED 1 358824.90625 4822110. 702.
132.33 12 DESIRED 0. -0. 0. 0. 700.013 -2.
132.40 12 NAVIGATION 0 0 0 0 286 0. 570986.7
132.40 12 ATTITUDE 0 0 0
132.50 12 ESTIMATOR 709.125977 0.03375 912.600037 3.374977 913.320129
132.56 12 DL_VALUE 23 18000.
132.62 12 NAVIGATION 0 0 0 0 286 0. 570986.7
132.67 12 WP_MOVED 2 358071. 4822161. 0.
132.71 12 NAVIGATION_REF 358071 4822161 31
132.76 12 DOWNLINK_STATUS 131 25062 1676 0 242. 16.
132.83 12 COMMANDS 58,1240,1303,3349
132.88 12 NAVIGATION 0 0 0 0 286 0. 570986.7
132.89 12 ATTITUDE 0 0 0
132.93 12 GYRO_RATES 5 -12 17 -0.043633 -0.10472 -0.148353
132.93 12 FBW_STATUS 0 1 120
132.97 12 ESTIMATOR 709.125977 -0.013474 912.600037 -1.347351 913.410034
132.99 12 BAT 61 120 0 0 98 98 0
133.02 12 ACTUATORS 1504,1369,0,1205,1674
133.06 12 CALIBRATION -9.124 0.037 0.5 1
133.09 12 NAVIGATION 0 0 0 0 286 0. 570986.7
133.15 12 WP_MOVED 0 358113. 4822203. 702.
133.16 12 SERVO 1303 1225 63
133.26 12 DESIRED 0. -0. 0. 0. 700.013 -2.
133.32 12 NAVIGATION 0 0 0 0 286 0. 570986.7
133.34 12 ATTITUDE 0 0 0
133.35 12 PPRZ_MODE 1 3 0 0 0 21 0
133.44 12 ESTIMATOR 709.125977 -0.005805 912.600037 -0.580521 912.690125
133.50 12 DL_VALUE 24 0.3
133.55 12 NAVIGATION 0 0 0 0 286 0. 570986.7
133.61 12 WP_MOVED 1 358824.90625 4822110. 702.
133.77 12 DOWNLINK_STATUS 132 25352 1696 0 290. 20.
133.78 12 COMMANDS 62,1216,1305,3504
133.81 12 NAVIGATION 0 0 0 0 286 0. 570986.7
133.83 12 ATTITUDE 0 0 0
133.87 12 GYRO_RATES 5 -12 17 -0.043633 -0.10472 -0.148353
133.89 12 FBW_STATUS 0 1 120
133.92 12 ESTIMATOR 709.125977 0.038527 912.600037 3.85273 913.140137
134.02 12 NAVIGATION 0 0 0 0 286 0. 570986.7
134.08 12 WP_MOVED 2 358071. 4822161. 0.
134.20 12 DESIRED 0. -0. 0. 0. 700.013 -2.
134.27 12 NAVIGATION 0 0 0 0 286 0. 570986.7
134.30 12 ATTITUDE 0 0 0
134.38 12 ESTIMATOR 709.125977 -0.024219 912.600037 -2.421875 913.77002
134.44 12 DL_VALUE 25 -0.80793
134.49 12 NAVIGATION 0 0 0 0 286 0. 570986.7
134.54 12 WP_MOVED 0 358113. 4822203. 702.
134.71 12 COMMANDS 61,1219,1306,3502
134.78 12 NAVIGATION 0 0 0 0 286 0. 570986.7
134.78 12 DOWNLINK_STATUS 133 25612 1713 0 260. 17.
134.81 12 ATTITUDE 0 0 0
134.83 12 GYRO_RATES 5 -12 17 -0.043633 -0.10472 -0.148353
134.83 12 FBW_STATUS 0 1 120
134.86 12 ESTIMATOR 709.139526 -0.009611 913.950012 -0.961113 912.600098
134.89 12 BAT 51 120 0 0 100 100 0
134.93 12 CALIBRATION -9.119 0.037 0.5 1
134.96 12 NAVIGATION 0 0 0 0 286 0. 570986.7
135.01 12 WP_MOVED 1 358824.90625 4822110. 702.
135.03 12 SERVO 1306 1234 60
135.14 12 DESIRED 0. -0. 0. 0. 700.013 -2.
135.19 12 NAVIGATION 0 0 0 0 286 0. 570986.7
135.21 12 ATTITUDE 0 0 0
135.31 12 ESTIMATOR 709.193481 -0.034695 919.350037 -3.469543 913.05011
135.38 12 DL_VALUE 26 0.007
135.44 12 NAVIGATION 0 0 0 0 286 0. 570986.7
135.50 12 WP_MOVED 2 358071. 4822161. 0.
135.64 12 COMMANDS 62,1219,1305,3341
135.69 12 NAVIGATION 0 0 0 0 286 0. 570986.7
135.72 12 ATTITUDE 0 0 0
135.74 12 GYRO_RATES 5 -12 16 -0.043633 -0.10472 -0.139626
135.76 12 FBW_STATUS 0 1 120
135.80 12 DOWNLINK_STATUS 134 25913 1734 0 301. 21.
135.81 12 ESTIMATOR 709.125977 -0.017279 912.600037 -1.727867 913.230103
135.90 12 NAVIGATION 0 0 0 0 286 0. 570986.7
135.95 12 WP_MOVED 0 358113. 4822203. 702.
136.07 12 DESIRED 0. -0. 0. 0. 700.012 -2.
136.14 12 NAVIGATION 0 0 0 0 286 0. 570986.7
136.15 12 ATTITUDE 0 0 0
136.25 12 ESTIMATOR 709.125977 0.004805 912.600037 0.480499 912.330017
136.31 12 DL_VALUE 27 0.037
136.37 12 NAVIGATION 0 0 0 0 286 0. 570986.7
136.42 12 WP_MOVED 1 358824.90625 4822110. 702.
136.59 12 COMMANDS 64,-1409,-850,6951
136.62 12 NAVIGATION 0 0 0 0 286 0. 570986.7
136.64 12 ATTITUDE 0 0 0
136.68 12 GYRO_RATES 5 21 31 -0.043633 0.18326 -0.270526
136.69 12 FBW_STATUS 0 1 120
136.72 12 ESTIMATOR 709.08551 -0.00478 908.549988 -0.47802 911.609985
136.75 12 BAT 72 120 0 0 102 102 0
136.78 12 DOWNLINK_STATUS 135 26180 1751 0 267. 17.
136.81 12 CALIBRATION -9.113 0.037 0.5 1
136.83 12 NAVIGATION 0 0 0 0 286 0. 570986.7
136.90 12 WP_MOVED 2 358071. 4822161. 0.
136.91 12 SERVO -25 2970 69
137.01 12 DESIRED 0. -0. 0. 0. 700.015 -2.
137.07 12 NAVIGATION 0 0 0 0 286 0. 570986.7
137.08 12 ATTITUDE 0 0 0
137.19 12 ESTIMATOR 709.125977 0.020248 912.600037 2.024803 912.149902
137.25 12 DL_VALUE 28 0.
137.31 12 NAVIGATION 0 0 0 0 286 0. 570986.7
137.35 12 WP_MOVED 0 358113. 4822203. 702.
137.52 12 COMMANDS 72,1443,882,3787
137.56 12 NAVIGATION 0 0 0 0 286 0. 570986.7
137.58 12 ATTITUDE 0 0 0
137.61 12 GYRO_RATES 8 -14 18 -0.069813 -0.122173 -0.15708
137.62 12 FBW_STATUS 0 1 120
137.67 12 ESTIMATOR 709.098999 0.019278 909.900024 1.927757 912.330017
137.71 12 ACTUATORS 1478,1350,0,1206,1713
137.80 12 NAVIGATION 0 0 0 0 286 0. 570986.7
137.82 12 DOWNLINK_STATUS 136 26465 1770 0 285. 19.
137.82 12 WP_MOVED 1 358824.90625 4822110. 702.
137.95 12 DESIRED 0. -0. 0. 0. 700.015 -2.
138.01 12 NAVIGATION 0 0 0 0 286 0. 570986.7
138.02 12 ATTITUDE 0 0 0
138.04 12 PPRZ_MODE 1 3 0 0 0 21 0
138.13 12 ESTIMATOR 709.125977 -0.000998 912.600037 -0.099792 912.510132
138.19 12 DL_VALUE 29 0.045
138.25 12 NAVIGATION 0 0 0 0 286 0. 570986.7
138.31 12 WP_MOVED 2 358071. 4822161. 0.
138.46 12 COMMANDS 72,2319,429,4885
138.51 12 NAVIGATION 0 0 0 0 286 0. 570986.7
138.54 12 ATTITUDE 0 0 0
138.56 12 GYRO_RATES 3 -6 24 -0.02618 -0.05236 -0.20944
138.57 12 FBW_STATUS 0 1 120
138.59 12 ESTIMATOR 709.139526 0.004831 913.950012 0.483131 913.05011
138.62 12 BAT 68 120 0 0 104 104 0
138.67 12 CALIBRATION -9.114 0.037 0.5 1
138.71 12 NAVIGATION 0 0 0 0 286 0. 570986.7
138.76 12 WP_MOVED 0 358113. 4822203. 702.
138.80 12 SERVO 1676 2316 72
138.84 12 DOWNLINK_STATUS 137 26757 1790 0 292. 20.
138.88 12 DESIRED 0. -0. 0. 0. 700.015 -2.
138.95 12 NAVIGATION 0 0 0 0 286 0. 570986.7
138.96 12 ATTITUDE 0 0 0
139.07 12 ESTIMATOR 709.125977 -0.041526 912.600037 -4.152565 912.150024
139.14 12 DL_VALUE 30 1.
139.19 12 NAVIGATION 0 0 0 0 286 0. 570986.7
139.23 12 WP_MOVED 1 358824.90625 4822110. 702.
139.40 12 COMMANDS 72,1443,1449,3784
139.45 12 NAVIGATION 0 0 0 0 286 0. 570986.7
139.45 12 ATTITUDE 0 0 0
139.49 12 GYRO_RATES 8 -14 18 -0.069813 -0.122173 -0.15708
139.50 12 FBW_STATUS 0 1 120
139.55 12 ESTIMATOR 709.125977 0.015416 912.600037 1.541634 912.060059
139.65 12 NAVIGATION 0 0 0 0 286 0. 570986.7
139.70 12 WP_MOVED 2 358071. 4822161. 0.
139.80 12 DOWNLINK_STATUS 138 26988 1805 0 231. 15.
139.83 12 DESIRED 0. -0. 0. 0. 700.015 -2.
139.89 12 NAVIGATION 0 0 0 0 286 0. 570986.7
139.90 12 ATTITUDE 0 0 0
140.01 12 ESTIMATOR 709.112488 0.036639 911.25 3.663864 912.690063
140.07 12 DL_VALUE 31 0.
140.11 12 NAVIGATION 0 0 0 0 286 0. 570986.7
140.17 12 WP_MOVED 0 358113. 4822203. 702.
140.34 12 COMMANDS 73,1458,1563,3156
140.39 12 NAVIGATION 0 0 0 0 286 0. 570986.7
140.41 12 ATTITUDE 0 0 0
140.43 12 GYRO_RATES 7 -12 15 -0.061087 -0.10472 -0.1309
140.44 12 FBW_STATUS 0 1 120
140.47 12 ESTIMATOR 709.125977 -0.033724 912.600037 -3.372383 912.419922
140.49 12 BAT 72 120 0 0 106 106 0
140.55 12 CALIBRATION -9.111 0.037 0.5 1
140.59 12 NAVIGATION 0 0 0 0 286 0. 570986.7
140.65 12 WP_MOVED 1 358824.90625 4822110. 702.
140.66 12 SERVO 1677 -74 72
140.76 12 DESIRED 0. -0. 0. 0. 700.015 -2.
140.81 12 DOWNLINK_STATUS 139 27282 1824 0 294. 19.
140.84 12 NAVIGATION 0 0 0 0 286 0. 570986.7
140.84 12 ATTITUDE 0 0 0
140.95 12 ESTIMATOR 709.112488 0.022194 911.25 2.219353 912.240112
140.99 12 DL_VALUE 32 0.
141.05 12 NAVIGATION 0 0 0 0 286 0. 570986.7
141.11 12 WP_MOVED 2 358071. 4822161. 0.
141.13 12 NAVIGATION_REF 358071 4822161 31
141.28 12 COMMANDS 72,765,1673,3152
141.32 12 NAVIGATION 0 0 0 0 286 0. 570986.7
141.36 12 ATTITUDE 0 0 0
141.37 12 GYRO_RATES 4 -11 14 -0.034907 -0.095993 -0.122173
141.37 12 FBW_STATUS 0 1 120
141.81 12 DOWNLINK_STATUS 140 27443 1836 0 161. 12.
142.81 12 DOWNLINK_STATUS 141 27443 1836 0 0. 0.
143.82 12 DOWNLINK_STATUS 143 27443 1836 0 0. 0.
144.81 12 DOWNLINK_STATUS 144 27443 1836 0 0. 0.
145.82 12 DOWNLINK_STATUS 145 27443 1836 0 0. 0.
146.84 12 DOWNLINK_STATUS 146 27443 1836 0 0. 0.
147.84 12 DOWNLINK_STATUS 147 27443 1836 0 0. 0.
148.85 12 DOWNLINK_STATUS 148 27443 1836 0 0. 0.
149.84 12 DOWNLINK_STATUS 149 27443 1836 0 0. 0.
150.86 12 DOWNLINK_STATUS 150 27443 1836 0 0. 0.
151.86 12 DOWNLINK_STATUS 151 27443 1836 0 0. 0.
152.86 12 DOWNLINK_STATUS 152 27443 1836 0 0. 0.
153.86 12 DOWNLINK_STATUS 153 27443 1836 0 0. 0.
154.86 12 DOWNLINK_STATUS 154 27443 1836 0 0. 0.
155.86 12 DOWNLINK_STATUS 155 27443 1836 0 0. 0.
156.86 12 DOWNLINK_STATUS 156 27443 1836 0 0. 0.
157.86 12 DOWNLINK_STATUS 157 27443 1836 0 0. 0.
158.86 12 DOWNLINK_STATUS 158 27443 1836 0 0. 0.
159.86 12 DOWNLINK_STATUS 159 27443 1836 0 0. 0.
160.86 12 DOWNLINK_STATUS 160 27443 1836 0 0. 0.
161.86 12 DOWNLINK_STATUS 161 27443 1836 0 0. 0.
162.87 12 DOWNLINK_STATUS 162 27443 1836 0 0. 0.
