8.91 34 COMMANDS 1069,-4,-55,-325
8.94 34 NAVIGATION 0 1 0 0 38 0. 6571.9
8.94 34 ATTITUDE 0 0 -75
8.95 34 DL_VALUE 3 0.
8.96 34 DOWNLINK_STATUS 8 2378 150 0 379. 23.
9.02 34 FBW_STATUS 0 0 119
9.02 34 RAD_OF_IR 5 0 0.00211
9.02 34 NAVIGATION_REF 506366 3566262 12
9.02 34 GPS 0 50624961 356621065 0 80355 0 0 42748 12 0
9.06 34 SVINFO 5 14 0 3 25 -9 0
9.06 34 IR_SENSORS -924 5 1
9.06 34 NAVIGATION 0 1 0 0 38 0. 6571.9
9.06 34 WP_MOVED 1 506292.5 3566296.25 800.
9.14 34 ESTIMATOR 0. 0. 0. 0. 0.
9.14 34 BAT 1067 119 0 0 45 0 4
9.14 34 GPS 0 50624961 356621065 0 80355 0 0 43000 12 0
9.14 34 SVINFO 6 10 0 3 30 -9 0
9.14 34 NAVIGATION 0 1 0 0 38 0. 6571.9
9.14 34 ATTITUDE 0 0 -75
9.17 34 SERVO 9600 -9600 1067
9.54 34 GPS 0 50624961 356621065 0 80355 0 0 43248 12 0
9.54 34 SVINFO 7 4 0 3 29 -9 0
9.54 34 DESIRED 0. 0. 0. 0. 770. 0.
9.54 34 IR_DEBUG 664 656 664 656
9.54 34 NAVIGATION 0 1 0 0 38 0. 6571.9
9.54 34 WP_MOVED 2 506379.59375 3566304.75 800.
9.59 34 ESTIMATOR 0. 0. 0. 0. 0.
9.59 34 GPS 0 50624961 356621065 0 80355 0 0 43500 12 0
9.59 34 SVINFO 8 19 0 3 30 -9 0
9.79 34 COMMANDS 1070,-4,-53,-329
9.83 34 NAVIGATION 0 1 0 0 38 0. 6571.9
9.83 34 ATTITUDE 0 0 -75
9.83 34 DL_VALUE 4 0.
9.83 34 FBW_STATUS 0 0 118
9.83 34 RAD_OF_IR 6 0 0.00211
9.96 34 DOWNLINK_STATUS 9 2813 180 0 435. 30.
10.01 34 GPS 0 50624961 356621065 0 80355 0 0 43748 12 0
10.01 34 IR_SENSORS -921 7 1
10.02 34 NAVIGATION 0 1 0 0 38 0. 6571.9
10.02 34 WP_MOVED 3 506366. 3566262. 0.
10.02 34 GYRO_RATES -199 -163 -137 1.736603 -1.422443 -1.195551
10.02 34 ESTIMATOR 0. 0. 0. 0. 0.
10.19 34 GPS 0 50624961 356621065 0 80355 0 0 44000 12 0
10.19 34 NAVIGATION 0 1 0 0 38 0. 6571.9
10.19 34 ATTITUDE 0 0 -75
10.42 34 DESIRED 0. 0. 0. 0. 770. 0.
10.42 34 GPS 0 50624961 356621065 0 80355 0 0 44248 12 0
10.42 34 NAVIGATION 0 1 0 0 38 0. 6571.9
10.48 34 WP_MOVED 0 506408. 3566304. 800.
10.48 34 ESTIMATOR 0. 0. 0. 0. 0.
10.61 34 COMMANDS 1069,-3,-55,-327
10.61 34 NAVIGATION 0 1 0 0 38 0. 6571.9
10.61 34 ATTITUDE 0 0 -75
10.61 34 DL_VALUE 5 0.
10.61 34 GPS 0 50624961 356621065 0 80355 0 0 44500 12 0
10.61 34 FBW_STATUS 0 0 119
10.61 34 RAD_OF_IR 6 0 0.00211
10.67 34 IR_SENSORS -922 5 1
10.93 34 NAVIGATION 0 1 0 0 38 0. 6571.9
10.93 34 GPS 0 50624961 356621065 0 80355 0 0 44748 12 0
10.93 34 SVINFO 13 26 0 3 30 -9 0
10.93 34 WP_MOVED 1 506292.5 3566296.25 800.
10.93 34 GYRO_RATES -199 -164 -136 1.736603 -1.43117 -1.186824
10.96 34 DOWNLINK_STATUS 10 3268 207 0 455. 27.
10.98 34 ESTIMATOR 0. 0. 0. 0. 0.
10.98 34 BAT 1067 119 0 0 47 0 4
11.10 34 NAVIGATION 0 1 0 0 38 0. 6571.9
11.10 34 ATTITUDE 0 0 -75
11.10 34 CALIBRATION 0. 0.023 0.067 0
11.10 34 GPS 0 50624961 356621065 0 80355 0 0 45000 12 0
11.10 34 SERVO 9600 -9600 1070
11.21 34 DESIRED 0. 0. 0. 0. 770. 0.
11.25 34 IR_DEBUG 664 655 664 655
11.25 34 NAVIGATION 0 1 0 0 38 0. 6571.9
11.40 34 GPS 0 50624961 356621065 0 80355 0 0 45248 12 0
11.41 34 WP_MOVED 2 506379.59375 3566304.75 800.
11.49 34 ESTIMATOR 0. 0. 0. 0. 0.
11.50 34 COMMANDS 1069,-4,-56,-322
11.50 34 NAVIGATION 0 1 0 0 38 0. 6571.9
11.50 34 ATTITUDE 0 0 -75
11.50 34 DL_VALUE 6 0.
11.69 34 GPS 0 50624961 356621065 0 80355 0 0 45500 12 0
11.69 34 FBW_STATUS 0 0 119
11.69 34 RAD_OF_IR 6 0 0.00211
11.69 34 IR_SENSORS -923 6 1
11.69 34 NAVIGATION 0 1 0 0 38 0. 6571.9
11.96 34 DOWNLINK_STATUS 11 3610 229 0 342. 22.
12.02 34 WP_MOVED 3 506366. 3566262. 0.
12.02 34 GYRO_RATES -199 -163 -136 1.736603 -1.422443 -1.186824
12.02 34 GPS 0 50624961 356621065 0 80355 0 0 45748 12 0
12.02 34 SVINFO 1 7 0 3 29 -9 0
12.02 34 ESTIMATOR 0. 0. 0. 0. 0.
12.02 34 NAVIGATION 0 1 0 0 38 0. 6571.9
12.08 34 GPS 0 50624961 356621065 0 80355 0 0 46000 12 0
12.11 34 DESIRED 0. 0. 0. 0. 770. 0.
12.29 34 NAVIGATION 0 1 0 0 38 0. 6571.9
12.39 34 WP_MOVED 0 506408. 3566304. 800.
12.39 34 GPS 0 50624961 356621065 0 80355 0 0 46248 12 0
12.39 34 ESTIMATOR 0. 0. 0. 0. 0.
12.40 34 COMMANDS 1066,-4,-56,-324
12.40 34 NAVIGATION 0 1 0 0 38 0. 6571.9
12.41 34 ATTITUDE 0 0 -76
12.41 34 DL_VALUE 7 0.
12.82 34 FBW_STATUS 0 0 119
12.82 34 RAD_OF_IR 7 0 0.00211
12.82 34 GPS 0 50624961 356621065 0 80355 0 0 46500 12 0
12.82 34 ACTUATORS 1498,1502,0,1289,1484
12.82 34 IR_SENSORS -923 6 1
12.82 34 NAVIGATION 0 1 0 0 38 0. 6571.9
12.82 34 WP_MOVED 1 506292.5 3566296.25 800.
12.92 34 GPS 0 50624961 356621065 0 80355 0 0 46748 12 0
12.92 34 SVINFO 5 14 0 3 25 -9 0
12.92 34 ESTIMATOR 0. 0. 0. 0. 0.
12.92 34 BAT 1073 119 0 0 49 0 4
12.92 34 NAVIGATION 0 1 0 0 38 0. 6571.9
12.92 34 ATTITUDE 0 0 -75
12.96 34 DOWNLINK_STATUS 12 4096 258 0 486. 29.
12.97 34 SERVO 9600 -9600 1079
13.22 34 GPS 0 50624961 356621065 0 80355 0 0 47000 12 0
13.22 34 SVINFO 6 10 0 3 30 -9 0
13.22 34 DESIRED 0. 0. 0. 0. 770. 0.
13.22 34 IR_DEBUG 663 654 663 654
13.22 34 NAVIGATION 0 1 0 0 38 0. 6571.9
13.22 34 WP_MOVED 2 506379.59375 3566304.75 800.
13.42 34 ESTIMATOR 0. 0. 0. 0. 0.
13.42 34 GPS 0 50624961 356621065 0 80355 0 0 47248 12 0
13.42 34 SVINFO 7 4 0 3 30 -9 0
13.42 34 COMMANDS 1068,-10,-56,-325
13.42 34 NAVIGATION 0 1 0 0 38 0. 6571.9
13.42 34 ATTITUDE 0 0 -75
13.42 34 DL_VALUE 8 1.
13.42 34 FBW_STATUS 0 0 119
13.42 34 RAD_OF_IR 6 0 0.00211
13.61 34 GPS 0 50624961 356621065 0 80355 0 0 47500 12 0
13.61 34 SVINFO 8 19 0 3 32 -9 0
13.61 34 IR_SENSORS -923 6 1
13.69 34 NAVIGATION 0 1 0 0 38 0. 6571.9
13.69 34 WP_MOVED 3 506366. 3566262. 0.
13.69 34 GYRO_RATES -198 -162 -137 1.727876 -1.413717 -1.195551
13.69 34 ESTIMATOR 0. 0. 0. 0. 0.
13.79 34 GPS 0 50624961 356621065 0 80355 0 0 47748 12 0
13.79 34 NAVIGATION 0 1 0 0 38 0. 6571.9
13.79 34 ATTITUDE 0 0 -75
13.96 34 DOWNLINK_STATUS 13 4501 284 0 405. 26.
14.23 34 DESIRED 0. 0. 0. 0. 770. 0.
14.23 34 GPS 0 50624961 356621065 0 80355 0 0 48000 12 0
14.23 34 NAVIGATION 0 1 0 0 38 0. 6571.9
14.23 34 WP_MOVED 0 506408. 3566304. 800.
14.41 34 ESTIMATOR 0. 0. 0. 0. 0.
14.41 34 GPS 0 50624961 356621065 0 80355 0 0 48248 12 0
14.41 34 COMMANDS 1067,-4,-56,-325
14.41 34 NAVIGATION 0 1 0 0 38 0. 6571.9
14.41 34 ATTITUDE 0 0 -75
14.41 34 DL_VALUE 9 -61.099998
14.41 34 FBW_STATUS 0 0 118
14.41 34 RAD_OF_IR 6 0 0.00211
14.51 34 IR_SENSORS -924 6 1
14.51 34 NAVIGATION 0 1 0 0 38 0. 6571.9
14.51 34 GPS 0 50624961 356621065 0 80355 0 0 48500 12 0
14.70 34 WP_MOVED 1 506292.5 3566296.25 800.
14.70 34 GYRO_RATES -198 -162 -136 1.727876 -1.413717 -1.186824
14.92 34 ESTIMATOR 0. 0. 0. 0. 0.
14.92 34 BAT 1069 118 0 0 51 0 4
14.92 34 NAVIGATION 0 1 0 0 38 0. 6571.9
14.92 34 ATTITUDE 0 0 -75
14.92 34 CALIBRATION 0. 0.023 0.067 0
14.92 34 GPS 0 50624961 356621065 0 80355 0 0 48748 12 0
14.92 34 SERVO 9600 -9600 1069
14.96 34 DOWNLINK_STATUS 14 4895 308 0 394. 24.
15.23 34 DESIRED 0. 0. 0. 0. 770. 0.
15.23 34 IR_DEBUG 664 655 664 655
15.23 34 NAVIGATION 0 1 0 0 38 0. 6571.9
15.23 34 GPS 0 50624961 356621065 0 80355 0 0 49000 12 0
15.24 34 WP_MOVED 2 506379.59375 3566304.75 800.
15.32 34 ESTIMATOR 0. 0. 0. 0. 0.
15.32 34 COMMANDS 1071,-3,-48,-327
15.32 34 NAVIGATION 0 1 0 0 38 0. 6571.9
15.32 34 ATTITUDE 0 0 -75
15.32 34 DL_VALUE 10 0.
15.32 34 GPS 0 50624961 356621065 0 80355 0 0 49248 12 0
15.32 34 FBW_STATUS 0 0 118
15.32 34 RAD_OF_IR 6 0 0.00211
15.48 34 IR_SENSORS -923 6 1
15.48 34 NAVIGATION 0 1 0 0 38 0. 6571.9
15.71 34 WP_MOVED 3 506366. 3566262. 0.
15.71 34 GYRO_RATES -199 -161 -136 1.736603 -1.40499 -1.186824
15.71 34 GPS 0 50624961 356621065 0 80355 0 0 49500 12 0
15.80 34 ESTIMATOR 0. 0. 0. 0. 0.
15.80 34 NAVIGATION 0 1 0 0 38 0. 6571.9
15.80 34 ATTITUDE 0 0 -75
15.81 34 GPS 0 50624961 356621065 0 80355 0 0 49748 12 0
15.81 34 SVINFO 1 7 0 3 29 -9 0
15.89 34 DESIRED 0. 0. 0. 0. 770. 0.
15.89 34 NAVIGATION 0 1 0 0 38 0. 6571.9
15.96 34 DOWNLINK_STATUS 15 5316 333 0 421. 25.
16.02 34 WP_MOVED 0 506408. 3566304. 800.
16.02 34 GPS 0 50624961 356621065 0 80355 0 0 50000 12 0
16.02 34 SVINFO 2 25 0 3 29 -9 0
16.20 34 ESTIMATOR 0. 0. 0. 0. 0.
16.30 34 COMMANDS 1067,1,-55,-325
16.31 34 NAVIGATION 0 1 0 0 38 0. 6571.9
16.31 34 ATTITUDE 0 0 -75
16.31 34 DL_VALUE 11 1.
16.31 34 FBW_STATUS 0 0 119
16.31 34 RAD_OF_IR 5 0 0.00211
16.31 34 GPS 0 50624961 356621065 0 80355 0 0 50248 12 0
16.31 34 IR_SENSORS -923 6 1
16.37 34 NAVIGATION 0 1 0 0 38 0. 6571.9
16.72 34 WP_MOVED 1 506292.5 3566296.25 800.
16.72 34 GYRO_RATES -198 -163 -136 1.727876 -1.422443 -1.186824
16.72 34 GPS 0 50624961 356621065 0 80355 0 0 50500 12 0
16.72 34 ESTIMATOR 0. 0. 0. 0. 0.
16.72 34 BAT 1069 119 0 0 53 0 5
16.72 34 NAVIGATION 0 1 0 0 38 0. 6571.9
16.73 34 ATTITUDE 0 0 -75
16.73 34 CALIBRATION 0. 0.023 0.067 0
16.73 34 SERVO 9600 -9600 1068
16.91 34 GPS 0 50624961 356621065 0 80355 0 0 50748 12 0
16.91 34 SVINFO 5 14 0 3 26 -9 0
16.91 34 DESIRED 0. 0. 0. 0. 770. 0.
16.91 34 IR_DEBUG 663 655 663 655
16.91 34 NAVIGATION 0 1 0 0 38 0. 6571.9
16.91 34 WP_MOVED 2 506379.59375 3566304.75 800.
16.96 34 DOWNLINK_STATUS 16 5755 361 0 439. 28.
17.10 34 ESTIMATOR 0. 0. 0. 0. 0.
17.20 34 GPS 0 50624961 356621065 0 80355 0 0 51000 12 0
17.24 34 SVINFO 6 10 0 3 30 -9 0
17.24 34 COMMANDS 1066,-1,-52,-319
17.24 34 NAVIGATION 0 1 0 0 38 0. 6571.9
17.24 34 ATTITUDE 0 0 -75
17.24 34 DL_VALUE 12 0.
17.24 34 FBW_STATUS 0 0 119
17.24 34 RAD_OF_IR 7 0 0.00211
17.24 34 NAVIGATION_REF 506366 3566262 12
17.32 34 ACTUATORS 1498,1502,0,1289,1483
17.32 34 GPS 0 50624961 356621065 0 80355 0 0 51248 12 0
17.32 34 SVINFO 7 4 0 3 31 -9 0
17.33 34 IR_SENSORS -921 6 1
17.33 34 NAVIGATION 0 1 0 0 38 0. 6571.9
17.38 34 WP_MOVED 3 506366. 3566262. 0.
17.38 34 GYRO_RATES -199 -164 -136 1.736603 -1.43117 -1.186824
17.61 34 ESTIMATOR 0. 0. 0. 0. 0.
17.61 34 GPS 0 50624961 356621065 0 80355 0 0 51500 12 0
17.62 34 SVINFO 8 19 0 3 32 -9 0
17.62 34 NAVIGATION 0 1 0 0 38 0. 6571.9
17.62 34 ATTITUDE 0 0 -75
17.80 34 DESIRED 0. 0. 0. 0. 770. 0.
17.80 34 GPS 0 50624961 356621065 0 80355 0 0 51748 12 0
17.80 34 NAVIGATION 0 1 0 0 38 0. 6571.9
17.96 34 DOWNLINK_STATUS 17 6151 386 0 396. 25.
18.00 34 WP_MOVED 0 506408. 3566304. 800.
18.00 34 PPRZ_MODE 0 0 3 0 0 1 0
18.12 34 ESTIMATOR 0. 0. 0. 0. 0.
18.12 34 COMMANDS 1069,4,-45,-327
18.12 34 NAVIGATION 0 1 0 0 38 0. 6571.9
18.12 34 ATTITUDE 0 0 -75
18.12 34 DL_VALUE 13 517.
18.12 34 GPS 0 50624961 356621065 0 80355 0 0 52000 12 0
18.13 34 FBW_STATUS 0 0 119
18.13 34 RAD_OF_IR 6 0 0.00211
18.17 34 IR_SENSORS -923 6 1
18.27 34 NAVIGATION 0 1 0 0 38 0. 6571.9
18.31 34 GPS 0 50624961 356621065 0 80355 0 0 52248 12 0
18.32 34 WP_MOVED 1 506292.5 3566296.25 800.
18.32 34 GYRO_RATES -199 -163 -136 1.736603 -1.422443 -1.186824
18.50 34 ESTIMATOR 0. 0. 0. 0. 0.
18.50 34 BAT 1069 119 0 0 55 0 5
18.60 34 NAVIGATION 0 1 0 0 38 0. 6571.9
18.60 34 ATTITUDE 0 0 -75
18.60 34 CALIBRATION 0. 0.023 0.067 0
18.60 34 GPS 0 50624961 356621065 0 80355 0 0 52500 12 0
18.69 34 SERVO 9600 -9600 1069
18.73 34 DESIRED 0. 0. 0. 0. 770. 0.
18.73 34 IR_DEBUG 664 655 664 655
18.73 34 NAVIGATION 0 1 0 0 38 0. 6571.9
18.96 34 DOWNLINK_STATUS 18 6537 411 0 386. 25.
19.01 34 GPS 0 50624961 356621065 0 80355 0 0 52748 12 0
19.01 34 SVINFO 13 26 0 3 32 -9 0
19.01 34 WP_MOVED 2 506379.59375 3566304.75 800.
19.22 34 ESTIMATOR 0. 0. 0. 0. 0.
19.22 34 COMMANDS 1066,-4,-55,-324
19.22 34 NAVIGATION 0 1 0 0 38 0. 6571.9
19.22 34 ATTITUDE 0 0 -75
19.22 34 DL_VALUE 14 482.
19.22 34 GPS 0 50624961 356621065 0 80355 0 0 53000 12 0
19.22 34 FBW_STATUS 0 0 119
19.22 34 RAD_OF_IR 6 0 0.00211
19.30 34 NAVIGATION 0 1 0 0 38 0. 6571.9
19.31 34 WP_MOVED 3 506366. 3566262. 0.
19.31 34 GYRO_RATES -199 -164 -137 1.736603 -1.43117 -1.195551
19.31 34 GPS 0 50624961 356621065 0 80355 0 0 53248 12 0
19.31 34 ESTIMATOR 0. 0. 0. 0. 0.
19.50 34 NAVIGATION 0 1 0 0 38 0. 6571.9
19.50 34 ATTITUDE 0 0 -75
19.70 34 GPS 0 50624961 356621065 0 80355 0 0 53500 12 0
19.70 34 DESIRED 0. 0. 0. 0. 770. 0.
19.70 34 NAVIGATION 0 1 0 0 38 0. 6571.9
19.70 34 WP_MOVED 0 506408. 3566304. 800.
19.80 34 GPS 0 50624961 356621065 0 80355 0 0 53748 12 0
19.80 34 SVINFO 1 7 0 3 30 -9 0
19.80 34 ESTIMATOR 0. 0. 0. 0. 0.
19.96 34 DOWNLINK_STATUS 19 6970 436 0 433. 25.
20.01 34 COMMANDS 1066,-12,-64,-325
20.01 34 NAVIGATION 0 1 0 0 38 0. 6571.9
20.01 34 ATTITUDE 0 0 -75
20.01 34 DL_VALUE 15 455.
20.09 34 FBW_STATUS 0 0 119
20.09 34 RAD_OF_IR 7 0 0.00211
20.09 34 GPS 0 50624961 356621065 0 80355 0 0 54000 12 0
20.09 34 SVINFO 2 25 0 3 29 -9 0
20.32 34 IR_SENSORS -923 6 1
20.36 34 NAVIGATION 0 1 0 0 38 0. 6571.9
20.36 34 WP_MOVED 1 506292.5 3566296.25 800.
20.36 34 GYRO_RATES -198 -162 -136 1.727876 -1.413717 -1.186824
20.36 34 GPS 0 50624961 356621065 0 80355 0 0 54248 12 0
20.36 34 ESTIMATOR 0. 0. 0. 0. 0.
20.53 34 NAVIGATION 0 1 0 0 38 0. 6571.9
20.53 34 ATTITUDE 0 0 -75
20.53 34 CALIBRATION 0. 0.023 0.067 0
20.53 34 SERVO 9600 -9600 1070
20.53 34 GPS 0 50624961 356621065 0 80355 0 0 54500 12 0
20.59 34 DESIRED 0. 0. 0. 0. 770. 0.
20.59 34 IR_DEBUG 665 656 665 656
20.59 34 NAVIGATION 0 1 0 0 38 0. 6571.9
20.68 34 WP_MOVED 2 506379.59375 3566304.75 800.
20.96 34 DOWNLINK_STATUS 20 7321 459 0 351. 23.
21.03 34 ESTIMATOR 0. 0. 0. 0. 0.
21.03 34 GPS 0 50624961 356621065 0 80355 0 0 54748 12 0
21.03 34 COMMANDS 1067,-4,-53,-319
21.03 34 NAVIGATION 0 1 0 0 38 0. 6571.9
21.04 34 ATTITUDE 0 0 -75
21.04 34 DL_VALUE 16 7500.
21.04 34 FBW_STATUS 0 0 119
21.22 34 RAD_OF_IR 6 0 0.00211
21.22 34 GPS 0 50624961 356621065 0 80355 0 0 55000 12 0
21.22 34 SVINFO 6 10 0 3 30 -9 0
21.22 34 IR_SENSORS -923 6 1
21.22 34 NAVIGATION 0 1 0 0 38 0. 6571.9
21.22 34 WP_MOVED 3 506366. 3566262. 0.
21.22 34 GYRO_RATES -198 -162 -136 1.727876 -1.413717 -1.186824
21.22 34 ESTIMATOR 0. 0. 0. 0. 0.
21.30 34 GPS 0 50624961 356621065 0 80355 0 0 55248 12 0
21.30 34 SVINFO 7 4 0 3 31 -9 0
21.30 34 NAVIGATION 0 1 0 0 38 0. 6571.9
21.30 34 ATTITUDE 0 0 -75
21.73 34 DESIRED 0. 0. 0. 0. 770. 0.
21.73 34 GPS 0 50624961 356621065 0 80355 0 0 55500 12 0
21.73 34 SVINFO 8 19 0 3 32 -9 0
21.73 34 NAVIGATION 0 1 0 0 38 0. 6571.9
21.74 34 WP_MOVED 0 506408. 3566304. 800.
21.96 34 DOWNLINK_STATUS 21 7708 483 0 387. 24.
22.02 34 ESTIMATOR 0. 0. 0. 0. 0.
22.02 34 GPS 0 50624961 356621065 0 80355 0 0 55748 12 0
22.02 34 COMMANDS 1067,-7,-59,-325
22.02 34 NAVIGATION 0 1 0 0 38 0. 6571.9
22.02 34 ATTITUDE 0 0 -75
22.02 34 DL_VALUE 17 11250.
22.02 34 FBW_STATUS 0 0 119
22.02 34 RAD_OF_IR 6 0 0.00211
22.23 34 IR_SENSORS -921 6 1
22.23 34 NAVIGATION 0 1 0 0 38 0. 6571.9
22.23 34 GPS 0 50624961 356621065 0 80355 0 0 56000 12 0
22.24 34 WP_MOVED 1 506292.5 3566296.25 800.
22.24 34 GYRO_RATES -199 -162 -137 1.736603 -1.413717 -1.195551
22.32 34 ESTIMATOR 0. 0. 0. 0. 0.
22.32 34 BAT 1076 118 0 0 59 0 5
22.32 34 NAVIGATION 0 1 0 0 38 0. 6571.9
22.32 34 ATTITUDE 0 0 -75
22.32 34 CALIBRATION 0. 0.023 0.067 0
22.32 34 GPS 0 50624961 356621065 0 80355 0 0 56248 12 0
22.32 34 SERVO 9600 -9600 1068
22.74 34 DESIRED 0. 0. 0. 0. 770. 0.
22.74 34 IR_DEBUG 665 655 665 655
22.74 34 NAVIGATION 0 1 0 0 38 0. 6571.9
22.74 34 GPS 0 50624961 356621065 0 80355 0 0 56500 12 0
22.74 34 SVINFO 12 31 0 3 25 -9 0
22.75 34 WP_MOVED 2 506379.59375 3566304.75 800.
22.92 34 ESTIMATOR 0. 0. 0. 0. 0.
22.92 34 COMMANDS 1069,-12,-55,-342
22.92 34 NAVIGATION 0 1 0 0 38 0. 6571.9
22.92 34 ATTITUDE 0 0 -75
22.92 34 DL_VALUE 18 10000.
22.92 34 GPS 0 50624961 356621065 0 80355 0 0 56748 12 0
22.92 34 SVINFO 13 26 0 3 32 -9 0
22.92 34 FBW_STATUS 0 0 118
22.93 34 IR_SENSORS -921 6 1
22.93 34 NAVIGATION 0 1 0 0 38 0. 6571.9
22.96 34 DOWNLINK_STATUS 22 8256 519 0 548. 36.
23.22 34 WP_MOVED 3 506366. 3566262. 0.
23.22 34 GYRO_RATES -198 -162 -136 1.727876 -1.413717 -1.186824
23.22 34 GPS 0 50624961 356621065 0 80355 0 0 57000 12 0
23.30 34 ESTIMATOR 0. 0. 0. 0. 0.
23.30 34 NAVIGATION 0 1 0 0 38 0. 6571.9
23.30 34 ATTITUDE 0 0 -75
23.30 34 GPS 0 50624961 356621065 0 80355 0 0 57248 12 0
23.39 34 DESIRED 0. 0. 0. 0. 770. 0.
23.39 34 NAVIGATION 0 1 0 0 38 0. 6571.9
23.51 34 WP_MOVED 0 506408. 3566304. 800.
23.51 34 GPS 0 50624961 356621065 0 80355 0 0 57500 12 0
23.70 34 ESTIMATOR 0. 0. 0. 0. 0.
23.81 34 COMMANDS 1069,-4,-55,-327
23.81 34 NAVIGATION 0 1 0 0 38 0. 6571.9
23.81 34 ATTITUDE 0 0 -75
23.81 34 DL_VALUE 19 3000.
23.81 34 FBW_STATUS 0 0 119
23.81 34 RAD_OF_IR 5 0 0.00211
23.81 34 GPS 0 50624961 356621065 0 80355 0 0 57748 12 0
23.81 34 SVINFO 1 7 0 3 30 -9 0
23.81 34 IR_SENSORS -922 7 1
23.87 34 NAVIGATION 0 1 0 0 38 0. 6571.9
23.96 34 DOWNLINK_STATUS 23 8623 541 0 367. 22.
24.22 34 WP_MOVED 1 506292.5 3566296.25 800.
24.22 34 GYRO_RATES -199 -163 -136 1.736603 -1.422443 -1.186824
24.22 34 GPS 0 50624961 356621065 0 80355 0 0 58000 12 0
24.22 34 SVINFO 2 25 0 3 30 -9 0
24.22 34 ESTIMATOR 0. 0. 0. 0. 0.
24.22 34 BAT 1065 119 0 0 61 0 5
24.23 34 ATTITUDE 0 0 -75
24.23 34 CALIBRATION 0. 0.023 0.067 0
24.23 34 SERVO 9600 -9600 1063
24.40 34 GPS 0 50624961 356621065 0 80355 0 0 58248 12 0
24.40 34 DESIRED 0. 0. 0. 0. 770. 0.
24.40 34 IR_DEBUG 665 655 665 655
24.40 34 NAVIGATION 0 1 0 0 38 0. 6571.9
24.40 34 WP_MOVED 2 506379.59375 3566304.75 800.
24.71 34 ESTIMATOR 0. 0. 0. 0. 0.
24.72 34 GPS 0 50624961 356621065 0 80355 0 0 58500 12 0
24.72 34 SVINFO 4 27 0 3 27 -9 0
24.82 34 COMMANDS 1068,-4,-55,-329
24.82 34 NAVIGATION 0 1 0 0 38 0. 6571.9
24.82 34 ATTITUDE 0 0 -75
24.82 34 DL_VALUE 20 20000.
24.82 34 FBW_STATUS 0 0 119
24.82 34 RAD_OF_IR 7 0 0.00211
24.82 34 GPS 0 50624961 356621065 0 80355 0 0 58748 12 0
24.82 34 SVINFO 5 14 0 3 31 -9 0
24.82 34 IR_SENSORS -923 6 1
24.88 34 WP_MOVED 3 506366. 3566262. 0.
24.88 34 GYRO_RATES -199 -164 -136 1.736603 -1.43117 -1.186824
24.96 34 DOWNLINK_STATUS 24 9056 569 0 433. 28.
24.97 34 ESTIMATOR 0. 0. 0. 0. 0.
25.22 34 GPS 0 50624961 356621065 0 80355 0 0 59000 12 0
25.22 34 SVINFO 6 10 0 3 31 -9 0
25.22 34 NAVIGATION 0 1 0 0 38 0. 6571.9
25.22 34 ATTITUDE 0 0 -75
25.41 34 DESIRED 0. 0. 0. 0. 770. 0.
25.41 34 GPS 0 50624961 356621065 0 80355 0 0 59248 12 0
25.41 34 SVINFO 7 4 0 3 31 -9 0
25.41 34 NAVIGATION 0 1 0 0 38 0. 6571.9
25.41 34 WP_MOVED 0 506408. 3566304. 800.
25.82 34 ESTIMATOR 0. 0. 0. 0. 0.
25.82 34 COMMANDS 1069,-4,-55,-324
25.82 34 NAVIGATION 0 1 0 0 38 0. 6571.9
25.82 34 ATTITUDE 0 0 -75
25.82 34 DL_VALUE 21 17500.
25.82 34 GPS 0 50624961 356621065 0 80355 0 0 59500 12 0
25.82 34 SVINFO 8 19 0 3 32 -9 0
25.82 34 FBW_STATUS 0 0 119
25.85 34 NAVIGATION_REF 506366 3566262 12
25.85 34 IR_SENSORS -923 6 1
25.85 34 NAVIGATION 0 1 0 0 38 0. 6571.9
25.85 34 GPS 0 50624961 356621065 0 80355 0 0 59748 12 0
25.85 34 WP_MOVED 1 506292.5 3566296.25 800.
25.85 34 GYRO_RATES -199 -163 -136 1.736603 -1.422443 -1.186824
25.90 34 ESTIMATOR 0. 0. 0. 0. 0.
25.90 34 BAT 1067 119 0 0 63 0 5
25.96 34 DOWNLINK_STATUS 25 9480 595 0 424. 26.
26.15 34 NAVIGATION 0 1 0 0 38 0. 6571.9
26.15 34 ATTITUDE 0 0 -75
26.15 34 CALIBRATION 0. 0.023 0.067 0
26.15 34 GPS 0 50624961 356621065 0 80355 0 0 60000 12 0
26.15 34 SERVO 9600 -9600 1065
26.21 34 DESIRED 0. 0. 0. 0. 770. 0.
26.21 34 IR_DEBUG 664 654 664 654
26.21 34 NAVIGATION 0 1 0 0 38 0. 6571.9
26.28 34 GPS 0 50624961 356621065 0 80355 0 0 60248 12 0
26.28 34 WP_MOVED 2 506379.59375 3566304.75 800.
26.37 34 ESTIMATOR 0. 0. 0. 0. 0.
26.73 34 COMMANDS 1068,1,-47,-324
26.73 34 NAVIGATION 0 1 0 0 38 0. 6571.9
26.73 34 ATTITUDE 0 0 -75
26.73 34 DL_VALUE 22 20000.
26.73 34 GPS 0 50624961 356621065 0 80355 0 0 60500 12 0
26.73 34 FBW_STATUS 0 0 118
26.73 34 RAD_OF_IR 7 0 0.00211
26.82 34 ACTUATORS 1498,1502,0,1289,1483
26.82 34 IR_SENSORS -922 5 1
26.82 34 NAVIGATION 0 1 0 0 38 0. 6571.9
26.82 34 WP_MOVED 3 506366. 3566262. 0.
26.82 34 GYRO_RATES -199 -164 -136 1.736603 -1.43117 -1.186824
26.82 34 GPS 0 50624961 356621065 0 80355 0 0 60748 12 0
26.82 34 SVINFO 13 26 0 3 31 -9 0
26.96 34 DOWNLINK_STATUS 26 9871 620 0 391. 25.
26.99 34 ESTIMATOR 0. 0. 0. 0. 0.
26.99 34 NAVIGATION 0 1 0 0 38 0. 6571.9
26.99 34 ATTITUDE 0 0 -75
27.20 34 GPS 0 50624961 356621065 0 80355 0 0 61000 12 0
27.32 34 DESIRED 0. 0. 0. 0. 770. 0.
27.32 34 NAVIGATION 0 1 0 0 38 0. 6571.9
27.32 34 WP_MOVED 0 506408. 3566304. 800.
27.32 34 PPRZ_MODE 0 0 3 0 0 1 0
27.32 34 GPS 0 50624961 356621065 0 80355 0 0 61248 12 0
27.51 34 COMMANDS 1068,-4,-53,-324
27.51 34 NAVIGATION 0 1 0 0 38 0. 6571.9
27.51 34 ATTITUDE 0 0 -75
27.51 34 DL_VALUE 23 0.
27.70 34 FBW_STATUS 0 0 119
27.70 34 RAD_OF_IR 6 0 0.00211
27.70 34 GPS 0 50624961 356621065 0 80355 0 0 61500 12 0
27.70 34 IR_SENSORS -923 7 1
27.70 34 NAVIGATION 0 1 0 0 38 0. 6571.9
27.71 34 WP_MOVED 1 506292.5 3566296.25 800.
27.71 34 GYRO_RATES -198 -162 -136 1.727876 -1.413717 -1.186824
27.81 34 GPS 0 50624961 356621065 0 80355 0 0 61748 12 0
27.81 34 SVINFO 1 7 0 3 30 -9 0
27.81 34 ESTIMATOR 0. 0. 0. 0. 0.
27.81 34 BAT 1070 119 0 0 65 0 6
27.96 34 DOWNLINK_STATUS 27 10261 644 0 390. 24.
28.13 34 NAVIGATION 0 1 0 0 38 0. 6571.9
28.13 34 ATTITUDE 0 0 -75
28.13 34 CALIBRATION 0. 0.023 0.067 0
28.13 34 SERVO 9600 -9600 1070
28.21 34 GPS 0 50624961 356621065 0 80355 0 0 62000 12 0
28.21 34 SVINFO 2 25 0 3 29 -9 0
28.22 34 DESIRED 0. 0. 0. 0. 770. 0.
28.22 34 IR_DEBUG 663 655 663 655
28.22 34 NAVIGATION 0 1 0 0 38 0. 6571.9
28.22 34 WP_MOVED 2 506379.59375 3566304.75 800.
28.41 34 ESTIMATOR 0. 0. 0. 0. 0.
28.41 34 GPS 0 50624961 356621065 0 80355 0 0 62248 12 0
28.41 34 COMMANDS 1068,-4,-53,-325
28.41 34 NAVIGATION 0 1 0 0 38 0. 6571.9
28.41 34 ATTITUDE 0 0 -75
28.41 34 DL_VALUE 24 2150.
28.41 34 FBW_STATUS 0 0 118
28.41 34 RAD_OF_IR 6 0 0.00211
28.83 34 GPS 0 50624961 356621065 0 80355 0 0 62500 12 0
28.84 34 SVINFO 4 27 0 3 25 -9 0
28.84 34 IR_SENSORS -924 5 1
28.84 34 NAVIGATION 0 1 0 0 38 0. 6571.9
28.84 34 WP_MOVED 3 506366. 3566262. 0.
28.84 34 GYRO_RATES -198 -163 -136 1.727876 -1.422443 -1.186824
28.91 34 ESTIMATOR 0. 0. 0. 0. 0.
28.91 34 GPS 0 50624961 356621065 0 80355 0 0 62748 12 0
28.91 34 SVINFO 5 14 0 3 32 -9 0
28.91 34 NAVIGATION 0 1 0 0 38 0. 6571.9
28.91 34 ATTITUDE 0 0 -75
28.96 34 DOWNLINK_STATUS 28 10707 673 0 446. 29.
29.12 34 DESIRED 0. 0. 0. 0. 770. 0.
29.12 34 NAVIGATION 0 1 0 0 38 0. 6571.9
29.12 34 GPS 0 50624961 356621065 0 80355 0 0 63000 12 0
29.14 34 SVINFO 6 10 0 3 31 -9 0
29.14 34 WP_MOVED 0 506408. 3566304. 800.
29.30 34 ESTIMATOR 0. 0. 0. 0. 0.
29.41 34 GPS 0 50624961 356621065 0 80355 0 0 63248 12 0
29.41 34 SVINFO 7 4 0 3 30 -9 0
29.41 34 COMMANDS 1068,-10,-58,-325
29.41 34 NAVIGATION 0 1 0 0 38 0. 6571.9
29.41 34 ATTITUDE 0 0 -75
29.41 34 DL_VALUE 25 5300.
29.41 34 FBW_STATUS 0 0 119
29.41 34 RAD_OF_IR 6 0 0.00211
29.47 34 IR_SENSORS -924 5 1
29.84 34 NAVIGATION 0 1 0 0 38 0. 6571.9
29.84 34 GPS 0 50624961 356621065 0 80355 0 0 63500 12 0
29.84 34 SVINFO 8 19 0 3 32 -9 0
29.84 34 WP_MOVED 1 506292.5 3566296.25 800.
29.85 34 GYRO_RATES -199 -162 -137 1.736603 -1.413717 -1.195551
29.85 34 ESTIMATOR 0. 0. 0. 0. 0.
29.91 34 NAVIGATION 0 1 0 0 38 0. 6571.9
29.91 34 ATTITUDE 0 0 -75
29.91 34 CALIBRATION 0. 0.023 0.067 0
29.91 34 GPS 0 50624961 356621065 0 80355 0 0 63748 12 0
29.91 34 SERVO 9600 -9600 1069
29.96 34 DOWNLINK_STATUS 29 11117 699 0 410. 26.
30.12 34 DESIRED 0. 0. 0. 0. 770. 0.
30.12 34 IR_DEBUG 664 655 664 655
30.12 34 NAVIGATION 0 1 0 0 38 0. 6571.9
30.13 34 WP_MOVED 2 506379.59375 3566304.75 800.
30.13 34 GPS 0 50624961 356621065 0 80355 0 0 64000 12 0
30.13 34 ESTIMATOR 0. 0. 0. 0. 0.
30.31 34 COMMANDS 1067,-4,-55,-332
30.31 34 NAVIGATION 0 1 0 0 38 0. 6571.9
30.31 34 ATTITUDE 0 0 -75
30.31 34 DL_VALUE 26 10000.
30.50 34 GPS 0 50624961 356621065 0 80355 0 0 64248 12 0
30.50 34 FBW_STATUS 0 0 119
30.50 34 RAD_OF_IR 5 0 0.00211
30.50 34 IR_SENSORS -923 6 1
30.50 34 NAVIGATION 0 1 0 0 38 0. 6571.9
30.92 34 WP_MOVED 3 506366. 3566262. 0.
30.92 34 GYRO_RATES -198 -162 -136 1.727876 -1.413717 -1.186824
30.92 34 GPS 0 50624961 356621065 0 80355 0 0 64500 12 0
30.92 34 ESTIMATOR 0. 0. 0. 0. 0.
30.92 34 NAVIGATION 0 1 0 0 38 0. 6571.9
30.92 34 ATTITUDE 0 0 -75
30.94 34 SVINFO 13 26 0 3 31 -9 0
30.94 34 DESIRED 0. 0. 0. 0. 770. 0.
30.94 34 NAVIGATION 0 1 0 0 38 0. 6571.9
30.96 34 DOWNLINK_STATUS 30 11511 723 0 394. 24.
30.97 34 WP_MOVED 0 506408. 3566304. 800.
31.09 34 GPS 0 50624961 356621065 0 80355 0 0 65000 12 0
31.09 34 ESTIMATOR 0. 0. 0. 0. 0.
31.31 34 COMMANDS 1067,-1,-55,-325
31.35 34 NAVIGATION 0 1 0 0 38 0. 6571.9
31.35 34 ATTITUDE 0 0 -75
31.35 34 DL_VALUE 27 4000.
31.40 34 FBW_STATUS 0 0 119
31.40 34 RAD_OF_IR 7 0 0.00211
31.40 34 GPS 0 50624961 356621065 0 80355 0 0 65248 12 0
31.40 34 ACTUATORS 1497,1502,0,1289,1484
31.40 34 IR_SENSORS -923 6 1
31.49 34 NAVIGATION 0 1 0 0 38 0. 6571.9
31.49 34 WP_MOVED 1 506292.5 3566296.25 800.
31.49 34 GYRO_RATES -199 -163 -136 1.736603 -1.422443 -1.186824
31.96 34 DOWNLINK_STATUS 31 11735 738 0 224. 15.
32.96 34 DOWNLINK_STATUS 32 11735 738 0 0. 0.
33.96 34 DOWNLINK_STATUS 33 11735 738 0 0. 0.
34.96 34 DOWNLINK_STATUS 34 11735 738 0 0. 0.
35.12 34 FBW_STATUS 0 0 119
35.12 34 RAD_OF_IR 7 0 0.00211
35.12 34 GPS 0 50624961 356621065 0 80355 0 0 69000 12 0
35.12 34 IR_SENSORS -921 6 1
35.12 34 NAVIGATION 0 1 0 0 38 0. 6571.9
35.19 34 WP_MOVED 1 506292.5 3566296.25 800.
35.19 34 GYRO_RATES -198 -162 -136 1.727876 -1.413717 -1.186824
35.30 34 GPS 0 50624961 356621065 0 80355 0 0 69248 12 0
35.30 34 ESTIMATOR 0. 0. 0. 0. 0.
35.30 34 BAT 1069 119 0 0 73 0 6
35.39 34 NAVIGATION 0 1 0 0 38 0. 6571.9
35.39 34 ATTITUDE 0 0 -75
35.39 34 CALIBRATION 0. 0.023 0.067 0
35.60 34 SERVO 9600 -9600 1069
35.72 34 GPS 0 50624961 356621065 0 80355 0 0 69500 12 0
35.75 34 SVINFO 0 32 0 3 32 -9 0
35.75 34 DESIRED 0. 0. 0. 0. 770. 0.
35.75 34 IR_DEBUG 663 654 663 654
35.75 34 NAVIGATION 0 1 0 0 38 0. 6571.9
35.76 34 WP_MOVED 2 506379.59375 3566304.75 800.
35.92 34 ESTIMATOR 0. 0. 0. 0. 0.
35.92 34 GPS 0 50624961 356621065 0 80355 0 0 69748 12 0
35.92 34 SVINFO 1 7 0 3 28 -9 0
35.92 34 COMMANDS 1070,0,-47,-327
35.92 34 NAVIGATION 0 1 0 0 38 0. 6571.9
35.92 34 ATTITUDE 0 0 -75
35.92 34 DL_VALUE 32 0.001
35.96 34 DOWNLINK_STATUS 35 12159 765 0 424. 27.
36.45 34 FBW_STATUS 0 0 118
36.45 34 RAD_OF_IR 6 0 0.00211
36.45 34 ACTUATORS 1497,1502,0,1289,1483
36.45 34 GPS 0 50624961 356621065 0 80355 0 0 70000 12 0
36.45 34 SVINFO 2 25 0 3 28 -9 0
36.45 34 IR_SENSORS -922 7 1
36.45 34 NAVIGATION 0 1 0 0 38 0. 6571.9
36.45 34 WP_MOVED 3 506366. 3566262. 0.
36.51 34 ESTIMATOR 0. 0. 0. 0. 0.
36.51 34 GPS 0 50624961 356621065 0 80355 0 0 70248 12 0
36.51 34 NAVIGATION 0 1 0 0 38 0. 6571.9
36.51 34 ATTITUDE 0 0 -75
36.60 34 DESIRED 0. 0. 0. 0. 770. 0.
36.60 34 GPS 0 50624961 356621065 0 80355 0 0 70500 12 0
36.60 34 NAVIGATION 0 1 0 0 38 0. 6571.9
36.70 34 WP_MOVED 0 506408. 3566304. 800.
36.70 34 PPRZ_MODE 0 0 3 0 0 1 0
36.70 34 ESTIMATOR 0. 0. 0. 0. 0.
36.93 34 GPS 0 50624961 356621065 0 80355 0 0 70748 12 0
36.93 34 SVINFO 5 14 0 3 29 -9 0
36.93 34 COMMANDS 1068,-6,-56,-322
36.93 34 NAVIGATION 0 1 0 0 38 0. 6571.9
36.94 34 ATTITUDE 0 0 -75
36.94 34 DL_VALUE 33 0.01
36.96 34 DOWNLINK_STATUS 36 12538 789 0 379. 24.
36.98 34 FBW_STATUS 0 0 119
36.98 34 RAD_OF_IR 6 0 0.00211
36.98 34 IR_SENSORS -923 6 1
37.13 34 NAVIGATION 0 1 0 0 38 0. 6571.9
37.13 34 GPS 0 50624961 356621065 0 80355 0 0 71000 12 0
37.14 34 SVINFO 6 10 0 3 30 -9 0
37.14 34 WP_MOVED 1 506292.5 3566296.25 800.
37.14 34 GYRO_RATES -199 -162 -136 1.736603 -1.413717 -1.186824
37.45 34 ESTIMATOR 0. 0. 0. 0. 0.
37.45 34 BAT 1069 118 0 0 75 0 7
37.45 34 NAVIGATION 0 1 0 0 38 0. 6571.9
37.45 34 GPS 0 50624961 356621065 0 80355 0 0 71248 12 0
37.45 34 SVINFO 7 4 0 3 30 -9 0
37.45 34 ATTITUDE 0 0 -75
37.45 34 CALIBRATION 0. 0.023 0.067 0
37.55 34 SERVO 9600 -9600 1068
37.55 34 DESIRED 0. 0. 0. 0. 770. 0.
37.55 34 IR_DEBUG 664 655 664 655
37.55 34 NAVIGATION 0 1 0 0 38 0. 6571.9
37.55 34 GPS 0 50624961 356621065 0 80355 0 0 71500 12 0
37.55 34 SVINFO 8 19 0 3 31 -9 0
37.55 34 WP_MOVED 2 506379.59375 3566304.75 800.
37.68 34 ESTIMATOR 0. 0. 0. 0. 0.
37.94 34 COMMANDS 1070,-6,-55,-315
37.94 34 NAVIGATION 0 1 0 0 38 0. 6571.9
37.94 34 ATTITUDE 0 0 -75
37.94 34 DL_VALUE 34 1.
37.94 34 GPS 0 50624961 356621065 0 80355 0 0 71748 12 0
37.94 34 FBW_STATUS 0 0 119
37.94 34 RAD_OF_IR 6 0 0.00211
37.96 34 DOWNLINK_STATUS 37 12987 819 0 449. 30.
37.98 34 IR_SENSORS -922 7 1
37.98 34 NAVIGATION 0 1 0 0 38 0. 6571.9
38.22 34 WP_MOVED 3 506366. 3566262. 0.
38.22 34 GYRO_RATES -198 -162 -135 1.727876 -1.413717 -1.178097
38.22 34 GPS 0 50624961 356621065 0 80355 0 0 72000 12 0
38.23 34 SVINFO 10 17 0 3 36 -9 0
38.23 34 ESTIMATOR 0. 0. 0. 0. 0.
38.23 34 NAVIGATION 0 1 0 0 38 0. 6571.9
38.41 34 GPS 0 50624961 356621065 0 80355 0 0 72248 12 0
38.41 34 SVINFO 11 29 0 3 22 -9 0
38.41 34 DESIRED 0. 0. 0. 0. 770. 0.
38.41 34 NAVIGATION 0 1 0 0 38 0. 6571.9
38.50 34 WP_MOVED 0 506408. 3566304. 800.
38.50 34 GPS 0 50624961 356621065 0 80355 0 0 72500 12 0
38.58 34 ESTIMATOR 0. 0. 0. 0. 0.
38.82 34 COMMANDS 1057,-4,-74,-324
38.86 34 NAVIGATION 0 1 0 0 38 0. 6571.9
38.86 34 ATTITUDE 0 0 -75
38.86 34 DL_VALUE 35 0.
38.86 34 FBW_STATUS 0 0 119
38.96 34 DOWNLINK_STATUS 38 13319 839 0 332. 20.
39.02 34 RAD_OF_IR 6 0 0.00211
39.02 34 GPS 0 50624961 356621065 0 80355 0 0 72748 12 0
39.02 34 SVINFO 13 26 0 3 24 -9 0
39.02 34 IR_SENSORS -923 6 1
39.02 34 NAVIGATION 0 1 0 0 38 0. 6571.9
39.02 34 WP_MOVED 1 506292.5 3566296.25 800.
39.02 34 GYRO_RATES -199 -163 -136 1.736603 -1.422443 -1.186824
39.16 34 ESTIMATOR 0. 0. 0. 0. 0.
39.16 34 BAT 1069 119 0 0 77 1 7
39.16 34 GPS 0 50624961 356621065 0 80355 0 0 73000 12 0
39.16 34 NAVIGATION 0 1 0 0 38 0. 6571.9
39.16 34 ATTITUDE 0 0 -75
39.16 34 CALIBRATION 0. 0.023 0.067 0
39.30 34 SERVO 9600 -9600 1067
39.41 34 GPS 0 50624961 356621065 0 80355 0 0 73248 12 0
39.41 34 DESIRED 0. 0. 0. 0. 770. 0.
39.41 34 IR_DEBUG 663 655 663 655
39.41 34 NAVIGATION 0 1 0 0 38 0. 6571.9
39.41 34 WP_MOVED 2 506379.59375 3566304.75 800.
39.53 34 ESTIMATOR 0. 0. 0. 0. 0.
39.53 34 GPS 0 50624961 356621065 0 80355 0 0 73500 12 0
39.53 34 SVINFO 0 32 0 3 32 -9 0
39.59 34 COMMANDS 1069,0,-52,-322
39.59 34 NAVIGATION 0 1 0 0 38 0. 6571.9
39.59 34 ATTITUDE 0 0 -75
39.59 34 DL_VALUE 36 0.
39.80 34 FBW_STATUS 0 0 118
39.90 34 RAD_OF_IR 7 0 0.00211
39.91 34 GPS 0 50624961 356621065 0 80355 0 0 73748 12 0
39.91 34 SVINFO 1 7 0 3 28 -9 0
39.91 34 IR_SENSORS -923 6 1
39.91 34 NAVIGATION 0 1 0 0 38 0. 6571.9
39.96 34 DOWNLINK_STATUS 39 13816 871 0 497. 32.
40.01 34 WP_MOVED 3 506366. 3566262. 0.
40.01 34 GYRO_RATES -199 -163 -136 1.736603 -1.422443 -1.186824
40.12 34 ESTIMATOR 0. 0. 0. 0. 0.
40.12 34 GPS 0 50624961 356621065 0 80355 0 0 74000 12 0
40.12 34 SVINFO 2 25 0 3 28 -9 0
40.12 34 NAVIGATION 0 1 0 0 38 0. 6571.9
40.12 34 ATTITUDE 0 0 -75
40.43 34 GPS 0 50624961 356621065 0 80355 0 0 74248 12 0
40.43 34 SVINFO 3 1 16 3 29 -9 0
40.43 34 DESIRED 0. 0. 0. 0. 770. 0.
40.43 34 NAVIGATION 0 1 0 0 38 0. 6571.9
40.49 34 WP_MOVED 0 506408. 3566304. 800.
40.49 34 ESTIMATOR 0. 0. 0. 0. 0.
40.63 34 GPS 0 50624961 356621065 0 80355 0 0 74500 12 0
40.63 34 COMMANDS 1071,-7,-55,-332
40.63 34 NAVIGATION 0 1 0 0 38 0. 6571.9
40.63 34 ATTITUDE 0 0 -75
40.63 34 DL_VALUE 37 0.1
40.63 34 FBW_STATUS 0 0 118
40.63 34 RAD_OF_IR 7 0 0.00211
40.94 34 ACTUATORS 1497,1502,0,1288,1483
40.94 34 IR_SENSORS -921 6 1
40.94 34 GPS 0 50624961 356621065 0 80355 0 0 74748 12 0
40.94 34 NAVIGATION 0 1 0 0 38 0. 6571.9
40.94 34 WP_MOVED 1 506292.5 3566296.25 800.
40.94 34 GYRO_RATES -199 -163 -136 1.736603 -1.422443 -1.186824
40.96 34 DOWNLINK_STATUS 40 14241 897 0 425. 26.
40.99 34 ESTIMATOR 0. 0. 0. 0. 0.
40.99 34 BAT 1070 118 0 0 79 1 7
41.21 34 NAVIGATION 0 1 0 0 38 0. 6571.9
41.21 34 ATTITUDE 0 0 -75
41.21 34 CALIBRATION 0. 0.023 0.067 0
41.21 34 GPS 0 50624961 356621065 0 80355 0 0 75000 12 0
41.21 34 SVINFO 6 10 0 3 28 -9 0
41.21 34 SERVO 9600 -9600 1070
41.52 34 DESIRED 0. 0. 0. 0. 770. 0.
41.52 34 IR_DEBUG 664 655 664 655
41.52 34 NAVIGATION 0 1 0 0 38 0. 6571.9
41.53 34 GPS 0 50624961 356621065 0 80355 0 0 75248 12 0
41.53 34 SVINFO 7 4 0 3 28 -9 0
41.53 34 WP_MOVED 2 506379.59375 3566304.75 800.
41.73 34 ESTIMATOR 0. 0. 0. 0. 0.
41.73 34 COMMANDS 1071,-6,-52,-325
41.73 34 NAVIGATION 0 1 0 0 38 0. 6571.9
41.73 34 ATTITUDE 0 0 -75
41.73 34 DL_VALUE 38 0.
41.73 34 GPS 0 50624961 356621065 0 80355 0 0 75500 12 0
41.73 34 SVINFO 8 19 0 3 30 -9 0
41.73 34 FBW_STATUS 0 0 119
41.96 34 DOWNLINK_STATUS 41 14577 919 0 336. 22.
42.96 34 DOWNLINK_STATUS 42 14577 919 0 0. 0.
43.96 34 DOWNLINK_STATUS 43 14577 919 0 0. 0.
44.65 34 ESTIMATOR 0. 0. 0. 0. 0.
44.65 34 GPS 0 50624961 356621065 0 80355 0 0 78248 12 0
44.65 34 COMMANDS 1069,-7,-55,-332
44.65 34 NAVIGATION 0 1 0 0 38 0. 6571.9
44.65 34 ATTITUDE 0 0 -75
44.65 34 DL_VALUE 41 0.
44.65 34 FBW_STATUS 0 0 118
44.65 34 RAD_OF_IR 6 0 0.00211
44.73 34 NAVIGATION 0 1 0 0 38 0. 6571.9
44.73 34 GPS 0 50624961 356621065 0 80355 0 0 78500 12 0
44.73 34 WP_MOVED 1 506292.5 3566296.25 800.
44.73 34 GYRO_RATES -198 -162 -136 1.727876 -1.413717 -1.186824
44.73 34 ESTIMATOR 0. 0. 0. 0. 0.
44.91 34 NAVIGATION 0 1 0 0 38 0. 6571.9
44.91 34 GPS 0 50624961 356621065 0 80355 0 0 78748 12 0
44.91 34 ATTITUDE 0 0 -75
44.91 34 CALIBRATION 0. 0.023 0.067 0
44.91 34 SERVO 9600 -9600 1067
44.96 34 DOWNLINK_STATUS 44 14863 937 0 286. 18.
45.34 34 DESIRED 0. 0. 0. 0. 770. 0.
45.34 34 IR_DEBUG 664 654 664 654
45.34 34 NAVIGATION 0 1 0 0 38 0. 6571.9
45.34 34 GPS 0 50624961 356621065 0 80355 0 0 79000 12 0
45.34 34 WP_MOVED 2 506379.59375 3566304.75 800.
45.55 34 ESTIMATOR 0. 0. 0. 0. 0.
45.55 34 COMMANDS 1070,-1,-50,-320
45.55 34 NAVIGATION 0 1 0 0 38 0. 6571.9
45.55 34 ATTITUDE 0 0 -75
45.55 34 DL_VALUE 0 770.
45.55 34 GPS 0 50624961 356621065 0 80355 0 0 79248 12 0
45.55 34 FBW_STATUS 0 0 118
45.55 34 RAD_OF_IR 6 0 0.00211
45.63 34 IR_SENSORS -921 6 1
45.64 34 NAVIGATION 0 1 0 0 38 0. 6571.9
45.64 34 WP_MOVED 3 506366. 3566262. 0.
45.64 34 GYRO_RATES -199 -161 -136 1.736603 -1.40499 -1.186824
45.64 34 GPS 0 50624961 356621065 0 80355 0 0 79500 12 0
45.64 34 ESTIMATOR 0. 0. 0. 0. 0.
45.81 34 NAVIGATION 0 1 0 0 38 0. 6571.9
45.81 34 ATTITUDE 0 0 -75
45.96 34 DOWNLINK_STATUS 45 15203 958 0 340. 21.
46.03 34 GPS 0 50624961 356621065 0 80355 0 0 79748 12 0
46.03 34 DESIRED 0. 0. 0. 0. 770. 0.
46.03 34 NAVIGATION 0 1 0 0 38 0. 6571.9
46.03 34 WP_MOVED 0 506408. 3566304. 800.
46.03 34 PPRZ_MODE 0 0 3 0 0 1 0
46.09 34 SVINFO 10 17 0 3 35 -9 0
46.09 34 ESTIMATOR 0. 0. 0. 0. 0.
46.32 34 COMMANDS 1066,-1,-58,-325
46.36 34 NAVIGATION 0 1 0 0 38 0. 6571.9
46.36 34 ATTITUDE 0 0 -75
46.36 34 DL_VALUE 1 1.
46.36 34 FBW_STATUS 0 0 118
46.52 34 RAD_OF_IR 6 0 0.00211
46.52 34 GPS 0 50624961 356621065 0 80355 0 0 80248 12 0
46.52 34 IR_SENSORS -923 6 1
46.52 34 NAVIGATION 0 1 0 0 38 0. 6571.9
46.52 34 WP_MOVED 1 506292.5 3566296.25 800.
46.52 34 GYRO_RATES -198 -164 -136 1.727876 -1.43117 -1.186824
46.66 34 GPS 0 50624961 356621065 0 80355 0 0 80500 12 0
46.66 34 SVINFO 12 12 0 3 34 -9 0
46.66 34 ESTIMATOR 0. 0. 0. 0. 0.
46.66 34 BAT 1067 118 0 0 84 0 8
46.66 34 NAVIGATION 0 1 0 0 38 0. 6571.9
46.66 34 ATTITUDE 0 0 -75
46.66 34 CALIBRATION 0. 0.023 0.067 0
46.80 34 SERVO 9600 -9600 1068
46.96 34 DOWNLINK_STATUS 46 15599 984 0 396. 26.
47.04 34 GPS 0 50624961 356621065 0 80355 0 0 80748 12 0
47.04 34 SVINFO 13 26 0 3 33 -9 0
47.04 34 DESIRED 0. 0. 0. 0. 770. 0.
47.04 34 IR_DEBUG 664 655 664 655
47.04 34 NAVIGATION 0 1 0 0 38 0. 6571.9
47.14 34 WP_MOVED 2 506379.59375 3566304.75 800.
47.14 34 ESTIMATOR 0. 0. 0. 0. 0.
47.14 34 GPS 0 50624961 356621065 0 80355 0 0 81000 12 0
47.14 34 COMMANDS 1069,-7,-56,-332
47.14 34 NAVIGATION 0 1 0 0 38 0. 6571.9
47.14 34 ATTITUDE 0 0 -75
47.14 34 DL_VALUE 2 0.
47.42 34 FBW_STATUS 0 0 118
47.42 34 RAD_OF_IR 6 0 0.00211
47.42 34 GPS 0 50624961 356621065 0 80355 0 0 81248 12 0
47.43 34 IR_SENSORS -923 6 1
47.43 34 NAVIGATION 0 1 0 0 38 0. 6571.9
47.43 34 WP_MOVED 3 506366. 3566262. 0.
47.43 34 GYRO_RATES -199 -163 -136 1.736603 -1.422443 -1.186824
47.63 34 ESTIMATOR 0. 0. 0. 0. 0.
47.63 34 GPS 0 50624961 356621065 0 80355 0 0 81500 12 0
47.64 34 NAVIGATION 0 1 0 0 38 0. 6571.9
47.64 34 ATTITUDE 0 0 -75
47.81 34 GPS 0 50624961 356621065 0 80355 0 0 81748 12 0
47.81 34 DESIRED 0. 0. 0. 0. 770. 0.
47.81 34 NAVIGATION 0 1 0 0 38 0. 6571.9
47.81 34 WP_MOVED 0 506408. 3566304. 800.
47.91 34 ESTIMATOR 0. 0. 0. 0. 0.
47.96 34 DOWNLINK_STATUS 47 16084 1012 0 485. 28.
48.23 34 GPS 0 50624961 356621065 0 80355 0 0 82000 12 0
48.23 34 COMMANDS 1069,-3,-52,-324
48.23 34 NAVIGATION 0 1 0 0 38 0. 6571.9
48.23 34 ATTITUDE 0 0 -75
48.23 34 DL_VALUE 3 0.
48.31 34 FBW_STATUS 0 0 118
48.31 34 RAD_OF_IR 6 0 0.00211
48.31 34 IR_SENSORS -923 6 1
48.31 34 GPS 0 50624961 356621065 0 80355 0 0 82248 12 0
48.31 34 NAVIGATION 0 1 0 0 38 0. 6571.9
48.31 34 WP_MOVED 1 506292.5 3566296.25 800.
48.31 34 GYRO_RATES -198 -164 -136 1.727876 -1.43117 -1.186824
48.40 34 ESTIMATOR 0. 0. 0. 0. 0.
48.40 34 BAT 1072 118 0 0 86 0 8
48.53 34 NAVIGATION 0 1 0 0 38 0. 6571.9
48.53 34 GPS 0 50624961 356621065 0 80355 0 0 82500 12 0
48.53 34 ATTITUDE 0 0 -75
48.53 34 CALIBRATION 0. 0.023 0.067 0
48.70 34 SERVO 9600 -9600 1068
48.94 34 DESIRED 0. 0. 0. 0. 770. 0.
48.94 34 IR_DEBUG 663 654 663 654
48.94 34 NAVIGATION 0 1 0 0 38 0. 6571.9
48.94 34 GPS 0 50624961 356621065 0 80355 0 0 82748 12 0
48.94 34 WP_MOVED 2 506379.59375 3566304.75 800.
48.96 34 DOWNLINK_STATUS 48 16466 1036 0 382. 24.
49.02 34 ESTIMATOR 0. 0. 0. 0. 0.
49.02 34 COMMANDS 1068,-1,-55,-325
49.02 34 NAVIGATION 0 1 0 0 38 0. 6571.9
49.02 34 ATTITUDE 0 0 -75
49.02 34 DL_VALUE 4 0.
49.02 34 GPS 0 50624961 356621065 0 80355 0 0 83000 12 0
49.02 34 FBW_STATUS 0 0 118
49.02 34 RAD_OF_IR 5 0 0.00211
49.12 34 IR_SENSORS -923 6 1
49.31 34 NAVIGATION 0 1 0 0 38 0. 6571.9
49.31 34 GPS 0 50624961 356621065 0 80355 0 0 83248 12 0
49.31 34 WP_MOVED 3 506366. 3566262. 0.
49.31 34 GYRO_RATES -199 -163 -137 1.736603 -1.422443 -1.195551
49.64 34 ESTIMATOR 0. 0. 0. 0. 0.
49.64 34 NAVIGATION 0 1 0 0 38 0. 6571.9
49.64 34 ATTITUDE 0 0 -75
49.71 34 GPS 0 50624961 356621065 0 80355 0 0 83500 12 0
49.71 34 DESIRED 0. 0. 0. 0. 770. 0.
49.71 34 NAVIGATION 0 1 0 0 38 0. 6571.9
49.96 34 DOWNLINK_STATUS 49 16781 1055 0 315. 19.
50.15 34 WP_MOVED 0 506408. 3566304. 800.
50.15 34 GPS 0 50624961 356621065 0 80355 0 0 83748 12 0
50.15 34 ESTIMATOR 0. 0. 0. 0. 0.
50.15 34 COMMANDS 1068,-7,-55,-324
50.15 34 NAVIGATION 0 1 0 0 38 0. 6571.9
50.15 34 ATTITUDE 0 0 -75
50.15 34 DL_VALUE 5 0.
50.23 34 FBW_STATUS 0 0 119
50.23 34 RAD_OF_IR 6 0 0.00211
50.23 34 GPS 0 50624961 356621065 0 80355 0 0 84000 12 0
50.23 34 SVINFO 10 17 0 3 34 -9 0
50.23 34 ACTUATORS 1497,1502,0,1288,1484
50.23 34 IR_SENSORS -923 6 1
50.23 34 NAVIGATION 0 1 0 0 38 0. 6571.9
50.42 34 WP_MOVED 1 506292.5 3566296.25 800.
50.42 34 GYRO_RATES -198 -163 -137 1.727876 -1.422443 -1.195551
50.42 34 GPS 0 50624961 356621065 0 80355 0 0 84248 12 0
50.43 34 ESTIMATOR 0. 0. 0. 0. 0.
50.43 34 BAT 1076 119 0 0 88 0 8
50.43 34 NAVIGATION 0 1 0 0 38 0. 6571.9
50.43 34 ATTITUDE 0 0 -75
50.43 34 CALIBRATION 0. 0.023 0.067 0
50.43 34 SERVO 9600 -9600 1069
50.62 34 GPS 0 50624961 356621065 0 80355 0 0 84500 12 0
50.62 34 SVINFO 12 12 0 3 34 -9 0
50.71 34 DESIRED 0. 0. 0. 0. 770. 0.
50.71 34 IR_DEBUG 664 654 664 654
50.71 34 NAVIGATION 0 1 0 0 38 0. 6571.9
50.71 34 WP_MOVED 2 506379.59375 3566304.75 800.
50.71 34 PPRZ_MODE 0 0 3 0 0 1 0
50.93 34 GPS 0 50624961 356621065 0 80355 0 0 84748 12 0
50.93 34 SVINFO 13 26 0 3 34 -9 0
50.93 34 ESTIMATOR 0. 0. 0. 0. 0.
50.93 34 COMMANDS 1067,-7,-56,-327
50.93 34 NAVIGATION 0 1 0 0 38 0. 6571.9
50.93 34 ATTITUDE 0 0 -75
50.93 34 DL_VALUE 6 0.
50.93 34 FBW_STATUS 0 0 119
50.93 34 RAD_OF_IR 6 0 0.00211
50.93 34 NAVIGATION_REF 506366 3566262 12
50.96 34 DOWNLINK_STATUS 50 17371 1095 0 590. 40.
51.13 34 GPS 0 50624961 356621065 0 80355 0 0 85000 12 0
51.13 34 IR_SENSORS -921 7 1
51.21 34 NAVIGATION 0 1 0 0 38 0. 6571.9
51.21 34 WP_MOVED 3 506366. 3566262. 0.
51.21 34 GYRO_RATES -198 -162 -137 1.727876 -1.413717 -1.195551
51.23 34 ESTIMATOR 0. 0. 0. 0. 0.
51.23 34 GPS 0 50624961 356621065 0 80355 0 0 85248 12 0
51.29 34 NAVIGATION 0 1 0 0 38 0. 6571.9
51.29 34 ATTITUDE 0 0 -75
51.73 34 GPS 0 50624961 356621065 0 80355 0 0 85500 12 0
51.73 34 DESIRED 0. 0. 0. 0. 770. 0.
51.73 34 NAVIGATION 0 1 0 0 38 0. 6571.9
51.83 34 WP_MOVED 0 506408. 3566304. 800.
51.83 34 ESTIMATOR 0. 0. 0. 0. 0.
51.83 34 GPS 0 50624961 356621065 0 80355 0 0 85748 12 0
51.83 34 COMMANDS 1067,-7,-61,-322
51.83 34 NAVIGATION 0 1 0 0 38 0. 6571.9
51.83 34 ATTITUDE 0 0 -75
51.83 34 DL_VALUE 7 0.
51.83 34 FBW_STATUS 0 0 118
51.92 34 RAD_OF_IR 6 0 0.00211
51.92 34 IR_SENSORS -921 6 1
51.96 34 DOWNLINK_STATUS 51 17736 1117 0 365. 22.
52.00 34 NAVIGATION 0 1 0 0 38 0. 6571.9
52.00 34 GPS 0 50624961 356621065 0 80355 0 0 86000 12 0
52.21 34 WP_MOVED 1 506292.5 3566296.25 800.
52.22 34 GYRO_RATES -198 -162 -136 1.727876 -1.413717 -1.186824
52.33 34 ESTIMATOR 0. 0. 0. 0. 0.
52.33 34 BAT 1068 119 0 0 90 0 8
52.33 34 NAVIGATION 0 1 0 0 38 0. 6571.9
52.33 34 GPS 0 50624961 356621065 0 80355 0 0 86248 12 0
52.33 34 ATTITUDE 0 0 -75
52.33 34 CALIBRATION 0. 0.023 0.067 0
52.33 34 SERVO 9600 -9600 1067
52.53 34 DESIRED 0. 0. 0. 0. 770. 0.
52.53 34 IR_DEBUG 663 654 663 654
52.53 34 NAVIGATION 0 1 0 0 38 0. 6571.9
52.53 34 GPS 0 50624961 356621065 0 80355 0 0 86500 12 0
52.53 34 WP_MOVED 2 506379.59375 3566304.75 800.
52.71 34 ESTIMATOR 0. 0. 0. 0. 0.
52.92 34 COMMANDS 1069,-4,-55,-330
52.92 34 NAVIGATION 0 1 0 0 38 0. 6571.9
52.92 34 ATTITUDE 0 0 -75
52.92 34 DL_VALUE 8 1.
52.92 34 GPS 0 50624961 356621065 0 80355 0 0 86748 12 0
52.92 34 FBW_STATUS 0 0 119
52.92 34 RAD_OF_IR 6 0 0.00211
52.92 34 IR_SENSORS -921 6 1
52.92 34 NAVIGATION 0 1 0 0 38 0. 6571.9
52.96 34 DOWNLINK_STATUS 52 18158 1143 0 422. 26.
53.03 34 WP_MOVED 3 506366. 3566262. 0.
53.03 34 GYRO_RATES -199 -161 -136 1.736603 -1.40499 -1.186824
53.03 34 GPS 0 50624961 356621065 0 80355 0 0 87000 12 0
53.21 34 ESTIMATOR 0. 0. 0. 0. 0.
53.23 34 NAVIGATION 0 1 0 0 38 0. 6571.9
53.23 34 ATTITUDE 0 0 -75
53.23 34 GPS 0 50624961 356621065 0 80355 0 0 87248 12 0
53.39 34 DESIRED 0. 0. 0. 0. 770. 0.
53.39 34 NAVIGATION 0 1 0 0 38 0. 6571.9
53.48 34 WP_MOVED 0 506408. 3566304. 800.
53.49 34 GPS 0 50624961 356621065 0 80355 0 0 87500 12 0
53.71 34 ESTIMATOR 0. 0. 0. 0. 0.
53.80 34 COMMANDS 1070,-6,-53,-330
53.80 34 NAVIGATION 0 1 0 0 38 0. 6571.9
53.80 34 ATTITUDE 0 0 -75
53.80 34 DL_VALUE 9 -61.099998
53.80 34 FBW_STATUS 0 0 119
53.80 34 RAD_OF_IR 6 0 0.00211
53.81 34 GPS 0 50624961 356621065 0 80355 0 0 87748 12 0
53.82 34 IR_SENSORS -920 6 1
53.96 34 DOWNLINK_STATUS 53 18497 1163 0 339. 20.
54.00 34 NAVIGATION 0 1 0 0 38 0. 6571.9
54.00 34 WP_MOVED 1 506292.5 3566296.25 800.
54.00 34 GYRO_RATES -199 -163 -136 1.736603 -1.422443 -1.186824
54.25 34 ESTIMATOR 0. 0. 0. 0. 0.
54.25 34 BAT 1069 118 0 0 92 0 8
54.25 34 GPS 0 50624961 356621065 0 80355 0 0 88000 12 0
54.25 34 NAVIGATION 0 1 0 0 38 0. 6571.9
54.25 34 ATTITUDE 0 0 -75
54.25 34 CALIBRATION 0. 0.023 0.067 0
54.42 34 SERVO 9600 -9600 1067
54.42 34 GPS 0 50624961 356621065 0 80355 0 0 88248 12 0
54.42 34 DESIRED 0. 0. 0. 0. 770. 0.
54.42 34 IR_DEBUG 664 655 664 655
54.42 34 NAVIGATION 0 1 0 0 38 0. 6571.9
54.42 34 WP_MOVED 2 506379.59375 3566304.75 800.
54.52 34 ESTIMATOR 0. 0. 0. 0. 0.
54.52 34 GPS 0 50624961 356621065 0 80355 0 0 88500 12 0
54.72 34 COMMANDS 1069,-4,-52,-329
54.72 34 NAVIGATION 0 1 0 0 38 0. 6571.9
54.72 34 ATTITUDE 0 0 -75
54.72 34 DL_VALUE 10 0.
54.94 34 FBW_STATUS 0 0 118
54.94 34 RAD_OF_IR 6 0 0.00211
54.94 34 GPS 0 50624961 356621065 0 80355 0 0 88748 12 0
54.94 34 ACTUATORS 1497,1502,0,1289,1483
54.94 34 IR_SENSORS -922 7 1
54.94 34 NAVIGATION 0 1 0 0 38 0. 6571.9
54.96 34 DOWNLINK_STATUS 54 18932 1190 0 435. 27.
55.00 34 WP_MOVED 3 506366. 3566262. 0.
55.00 34 GYRO_RATES -199 -163 -137 1.736603 -1.422443 -1.195551
55.00 34 ESTIMATOR 0. 0. 0. 0. 0.
55.22 34 GPS 0 50624961 356621065 0 80355 0 0 89000 12 0
55.23 34 NAVIGATION 0 1 0 0 38 0. 6571.9
55.23 34 ATTITUDE 0 0 -75
55.31 34 DESIRED 0. 0. 0. 0. 770. 0.
55.31 34 GPS 0 50624961 356621065 0 80355 0 0 89248 12 0
55.31 34 NAVIGATION 0 1 0 0 38 0. 6571.9
55.31 34 WP_MOVED 0 506408. 3566304. 800.
55.31 34 PPRZ_MODE 0 0 3 0 0 1 0
55.41 34 ESTIMATOR 0. 0. 0. 0. 0.
55.74 34 COMMANDS 1076,-7,-42,-330
55.74 34 NAVIGATION 0 1 0 0 38 0. 6571.9
55.74 34 GPS 0 50624961 356621065 0 80355 0 0 89500 12 0
55.74 34 ATTITUDE 0 0 -75
55.74 34 DL_VALUE 11 1.
55.74 34 FBW_STATUS 0 0 119
55.74 34 RAD_OF_IR 6 0 0.00211
55.83 34 IR_SENSORS -921 6 1
55.83 34 NAVIGATION 0 1 0 0 38 0. 6571.9
55.83 34 GPS 0 50624961 356621065 0 80355 0 0 89748 12 0
55.83 34 WP_MOVED 1 506292.5 3566296.25 800.
55.83 34 GYRO_RATES -198 -164 -136 1.727876 -1.43117 -1.186824
55.89 34 ESTIMATOR 0. 0. 0. 0. 0.
55.90 34 BAT 1069 118 0 0 94 0 9
55.96 34 DOWNLINK_STATUS 55 19369 1216 0 437. 26.
56.04 34 NAVIGATION 0 1 0 0 38 0. 6571.9
56.04 34 ATTITUDE 0 0 -75
56.04 34 CALIBRATION 0. 0.023 0.067 0
56.04 34 GPS 0 50624961 356621065 0 80355 0 0 90000 12 0
56.12 34 SERVO 9600 -9600 1068
56.23 34 DESIRED 0. 0. 0. 0. 770. 0.
56.23 34 IR_DEBUG 662 653 662 653
56.23 34 NAVIGATION 0 1 0 0 38 0. 6571.9
56.29 34 WP_MOVED 2 506379.59375 3566304.75 800.
56.29 34 GPS 0 50624961 356621065 0 80355 0 0 90248 12 0
56.38 34 ESTIMATOR 0. 0. 0. 0. 0.
56.74 34 COMMANDS 1069,0,-50,-325
56.74 34 NAVIGATION 0 1 0 0 38 0. 6571.9
56.74 34 ATTITUDE 0 0 -75
56.74 34 DL_VALUE 12 0.
56.74 34 GPS 0 50624961 356621065 0 80355 0 0 90500 12 0
56.74 34 FBW_STATUS 0 0 118
56.74 34 RAD_OF_IR 6 0 0.00211
56.96 34 DOWNLINK_STATUS 56 19649 1234 0 280. 18.
57.16 34 IR_SENSORS -922 5 1
57.16 34 NAVIGATION 0 1 0 0 38 0. 6571.9
57.16 34 WP_MOVED 3 506366. 3566262. 0.
57.16 34 GYRO_RATES -199 -163 -136 1.736603 -1.422443 -1.186824
57.16 34 GPS 0 50624961 356621065 0 80355 0 0 90748 12 0
57.16 34 ESTIMATOR 0. 0. 0. 0. 0.
57.22 34 ATTITUDE 0 0 -75
57.22 34 GPS 0 50624961 356621065 0 80355 0 0 91000 12 0
57.22 34 DESIRED 0. 0. 0. 0. 770. 0.
57.22 34 NAVIGATION 0 1 0 0 38 0. 6571.9
57.22 34 WP_MOVED 0 506408. 3566304. 800.
57.30 34 GPS 0 50624961 356621065 0 80355 0 0 91248 12 0
57.30 34 ESTIMATOR 0. 0. 0. 0. 0.
57.40 34 COMMANDS 1070,-1,-52,-329
57.40 34 NAVIGATION 0 1 0 0 38 0. 6571.9
57.40 34 ATTITUDE 0 0 -75
57.40 34 DL_VALUE 13 517.
57.62 34 FBW_STATUS 0 0 119
57.62 34 RAD_OF_IR 7 0 0.00211
57.62 34 GPS 0 50624961 356621065 0 80355 0 0 91500 12 0
57.63 34 IR_SENSORS -921 6 1
57.67 34 NAVIGATION 0 1 0 0 38 0. 6571.9
57.69 34 WP_MOVED 1 506292.5 3566296.25 800.
57.69 34 GYRO_RATES -198 -163 -136 1.727876 -1.422443 -1.186824
57.80 34 GPS 0 50624961 356621065 0 80355 0 0 91748 12 0
57.80 34 ESTIMATOR 0. 0. 0. 0. 0.
57.80 34 BAT 1068 118 0 0 96 0 9
57.89 34 NAVIGATION 0 1 0 0 38 0. 6571.9
57.89 34 ATTITUDE 0 0 -75
57.89 34 CALIBRATION 0. 0.023 0.067 0
57.91 34 SERVO 9600 -9600 1068
57.98 34 DOWNLINK_STATUS 57 20161 1265 0 512. 31.
58.11 34 GPS 0 50624961 356621065 0 80355 0 0 92000 12 0
58.21 34 DESIRED 0. 0. 0. 0. 770. 0.
58.24 34 IR_DEBUG 663 654 663 654
58.24 34 NAVIGATION 0 1 0 0 38 0. 6571.9
58.24 34 WP_MOVED 2 506379.59375 3566304.75 800.
58.66 34 GPS 0 50624961 356621065 0 80355 0 0 92248 12 0
58.66 34 ESTIMATOR 0. 0. 0. 0. 0.
58.66 34 COMMANDS 1070,-3,-52,-332
58.66 34 NAVIGATION 0 1 0 0 38 0. 6571.9
58.66 34 ATTITUDE 0 0 -75
58.66 34 DL_VALUE 14 482.
58.67 34 FBW_STATUS 0 0 118
58.67 34 RAD_OF_IR 7 0 0.00211
58.73 34 GPS 0 50624961 356621065 0 80355 0 0 92500 12 0
58.73 34 SVINFO 12 12 0 3 34 -9 0
58.73 34 IR_SENSORS -921 6 1
58.73 34 NAVIGATION 0 1 0 0 38 0. 6571.9
58.73 34 WP_MOVED 3 506366. 3566262. 0.
58.73 34 GYRO_RATES -199 -162 -137 1.736603 -1.413717 -1.195551
58.91 34 ESTIMATOR 0. 0. 0. 0. 0.
58.91 34 GPS 0 50624961 356621065 0 80355 0 0 92748 12 0
58.91 34 NAVIGATION 0 1 0 0 38 0. 6571.9
58.91 34 ATTITUDE 0 0 -75
58.97 34 DOWNLINK_STATUS 58 20538 1288 0 377. 23.
59.23 34 DESIRED 0. 0. 0. 0. 770. 0.
59.23 34 NAVIGATION 0 1 0 0 38 0. 6571.9
59.23 34 GPS 0 50624961 356621065 0 80355 0 0 93001 12 0
59.33 34 WP_MOVED 0 506408. 3566304. 800.
59.33 34 ESTIMATOR 0. 0. 0. 0. 0.
59.33 34 GPS 0 50624961 356621065 0 80355 0 0 93249 12 0
59.33 34 COMMANDS 1068,-6,-55,-322
59.33 34 NAVIGATION 0 1 0 0 38 0. 6571.9
59.33 34 ATTITUDE 0 0 -75
59.33 34 DL_VALUE 15 455.
59.50 34 FBW_STATUS 0 0 118
59.50 34 RAD_OF_IR 7 0 0.00211
59.50 34 NAVIGATION_REF 506366 3566262 12
59.50 34 ACTUATORS 1498,1502,0,1289,1484
59.50 34 IR_SENSORS -923 6 1
59.73 34 NAVIGATION 0 1 0 0 38 0. 6571.9
59.73 34 GPS 0 50624961 356621065 0 80355 0 0 93501 12 0
59.73 34 WP_MOVED 1 506292.5 3566296.25 800.
59.73 34 GYRO_RATES -198 -162 -137 1.727876 -1.413717 -1.195551
59.73 34 ESTIMATOR 0. 0. 0. 0. 0.
59.73 34 BAT 1069 119 0 0 98 0 9
59.81 34 NAVIGATION 0 1 0 0 38 0. 6571.9
59.81 34 GPS 0 50624961 356621065 0 80355 0 0 93749 12 0
59.81 34 ATTITUDE 0 0 -75
59.81 34 CALIBRATION 0. 0.023 0.067 0
59.81 34 SERVO 9600 -9600 1066
59.97 34 DOWNLINK_STATUS 59 20956 1314 0 418. 26.
60.15 34 DESIRED 0. 0. 0. 0. 770. 0.
60.15 34 IR_DEBUG 663 653 663 653
60.15 34 NAVIGATION 0 1 0 0 38 0. 6571.9
60.15 34 GPS 0 50624961 356621065 0 80355 0 0 94001 12 0
60.15 34 WP_MOVED 2 506379.59375 3566304.75 800.
60.15 34 PPRZ_MODE 0 0 3 0 0 1 0
60.19 34 ESTIMATOR 0. 0. 0. 0. 0.
60.21 34 COMMANDS 1066,-9,-58,-322
60.21 34 NAVIGATION 0 1 0 0 38 0. 6571.9
60.21 34 ATTITUDE 0 0 -75
60.21 34 DL_VALUE 16 7500.
60.29 34 GPS 0 50624961 356621065 0 80355 0 0 94249 12 0
60.29 34 FBW_STATUS 0 0 119
60.29 34 RAD_OF_IR 6 0 0.00211
60.40 34 IR_SENSORS -921 6 1
60.40 34 NAVIGATION 0 1 0 0 38 0. 6571.9
60.64 34 WP_MOVED 3 506366. 3566262. 0.
60.64 34 GYRO_RATES -198 -162 -136 1.727876 -1.413717 -1.186824
60.64 34 GPS 0 50624961 356621065 0 80355 0 0 94501 12 0
60.74 34 ESTIMATOR 0. 0. 0. 0. 0.
60.74 34 NAVIGATION 0 1 0 0 38 0. 6571.9
60.74 34 ATTITUDE 0 0 -75
60.74 34 GPS 0 50624961 356621065 0 80355 0 0 94749 12 0
60.89 34 DESIRED 0. 0. 0. 0. 770. 0.
60.89 34 NAVIGATION 0 1 0 0 38 0. 6571.9
60.97 34 DOWNLINK_STATUS 60 21376 1339 0 420. 25.
61.10 34 WP_MOVED 0 506408. 3566304. 800.
61.22 34 GPS 0 50624961 356621065 0 80355 0 0 95001 12 0
61.26 34 ESTIMATOR 0. 0. 0. 0. 0.
61.26 34 COMMANDS 1069,-6,-53,-329
61.26 34 NAVIGATION 0 1 0 0 38 0. 6571.9
61.26 34 ATTITUDE 0 0 -75
61.26 34 DL_VALUE 17 11250.
61.26 34 FBW_STATUS 0 0 118
61.29 34 RAD_OF_IR 6 0 0.00211
61.29 34 GPS 0 50624961 356621065 0 80355 0 0 95249 12 0
61.64 34 IR_SENSORS -923 6 1
61.64 34 NAVIGATION 0 1 0 0 38 0. 6571.9
61.64 34 WP_MOVED 1 506292.5 3566296.25 800.
61.64 34 GYRO_RATES -199 -163 -136 1.736603 -1.422443 -1.186824
61.74 34 GPS 0 50624961 356621065 0 80355 0 0 95501 12 0
61.74 34 ESTIMATOR 0. 0. 0. 0. 0.
61.74 34 BAT 1070 118 0 0 100 0 9
61.74 34 NAVIGATION 0 1 0 0 38 0. 6571.9
61.74 34 ATTITUDE 0 0 -75
61.74 34 CALIBRATION 0. 0.023 0.067 0
61.91 34 SERVO 9600 -9600 1068
61.92 34 GPS 0 50624961 356621065 0 80355 0 0 95749 12 0
61.97 34 DOWNLINK_STATUS 61 21726 1361 0 350. 22.
62.15 34 DESIRED 0. 0. 0. 0. 770. 0.
62.15 34 IR_DEBUG 664 655 664 655
62.15 34 NAVIGATION 0 1 0 0 38 0. 6571.9
62.15 34 WP_MOVED 2 506379.59375 3566304.75 800.
62.23 34 ESTIMATOR 0. 0. 0. 0. 0.
62.23 34 GPS 0 50624961 356621065 0 80355 0 0 96001 12 0
62.23 34 COMMANDS 1066,-7,-53,-320
62.23 34 NAVIGATION 0 1 0 0 38 0. 6571.9
62.23 34 ATTITUDE 0 0 -75
62.23 34 DL_VALUE 18 10000.
62.23 34 FBW_STATUS 0 0 119
62.24 34 RAD_OF_IR 6 0 0.00211
62.24 34 GPS 0 50624961 356621065 0 80355 0 0 96249 12 0
62.29 34 IR_SENSORS -923 7 1
62.29 34 NAVIGATION 0 1 0 0 38 0. 6571.9
62.75 34 WP_MOVED 3 506366. 3566262. 0.
62.75 34 GYRO_RATES -199 -164 -136 1.736603 -1.43117 -1.186824
62.75 34 ESTIMATOR 0. 0. 0. 0. 0.
62.75 34 GPS 0 50624961 356621065 0 80355 0 0 96501 12 0
62.76 34 SVINFO 12 12 0 3 33 -9 0
62.76 34 NAVIGATION 0 1 0 0 38 0. 6571.9
62.84 34 DESIRED 0. 0. 0. 0. 770. 0.
62.84 34 GPS 0 50624961 356621065 0 80355 0 0 96749 12 0
62.84 34 SVINFO 13 16 0 3 31 -9 0
62.84 34 NAVIGATION 0 1 0 0 38 0. 6571.9
62.84 34 WP_MOVED 0 506408. 3566304. 800.
62.97 34 DOWNLINK_STATUS 62 22164 1387 0 438. 26.
62.98 34 ESTIMATOR 0. 0. 0. 0. 0.
63.24 34 GPS 0 50624961 356621065 0 80355 0 0 97001 12 0
63.24 34 COMMANDS 1071,-10,-55,-329
63.24 34 NAVIGATION 0 1 0 0 38 0. 6571.9
63.24 34 ATTITUDE 0 0 -75
63.24 34 DL_VALUE 19 3000.
63.24 34 FBW_STATUS 0 0 118
63.24 34 RAD_OF_IR 6 0 0.00211
63.33 34 IR_SENSORS -921 6 1
63.33 34 NAVIGATION 0 1 0 0 38 0. 6571.9
63.33 34 GPS 0 50624961 356621065 0 80355 0 0 97249 12 0
63.33 34 WP_MOVED 1 506292.5 3566296.25 800.
63.33 34 GYRO_RATES -199 -164 -136 1.736603 -1.43117 -1.186824
63.40 34 ESTIMATOR 0. 0. 0. 0. 0.
63.40 34 BAT 1066 118 0 0 102 0 9
63.74 34 NAVIGATION 0 1 0 0 38 0. 6571.9
63.74 34 ATTITUDE 0 0 -75
63.74 34 CALIBRATION 0. 0.023 0.067 0
63.74 34 GPS 0 50624961 356621065 0 80355 0 0 97501 12 0
63.74 34 SVINFO 0 32 0 3 32 -9 0
63.97 34 DOWNLINK_STATUS 63 22474 1407 0 310. 20.
64.16 34 IR_SENSORS -920 6 1
64.16 34 IR_DEBUG 663 653 663 653
64.16 34 NAVIGATION 0 1 0 0 38 0. 6571.9
64.16 34 GPS 0 50624961 356621065 0 80355 0 0 97749 12 0
64.16 34 WP_MOVED 2 506379.59375 3566304.75 800.
64.25 34 COMMANDS 1069,-1,-50,-324
64.25 34 NAVIGATION 0 1 0 0 38 0. 6571.9
64.25 34 ATTITUDE 0 0 -75
64.25 34 DL_VALUE 20 20000.
64.25 34 GPS 0 50624961 356621065 0 80355 0 0 98001 12 0
64.25 34 SVINFO 2 6 0 3 30 -9 0
64.25 34 FBW_STATUS 0 0 118
64.25 34 RAD_OF_IR 6 0 0.00211
64.32 34 IR_SENSORS -920 6 1
64.32 34 NAVIGATION 0 1 0 0 38 0. 6571.9
64.32 34 GPS 0 50624961 356621065 0 80355 0 0 98249 12 0
64.32 34 WP_MOVED 3 506366. 3566262. 0.
64.32 34 GYRO_RATES -198 -163 -136 1.727876 -1.422443 -1.186824
64.32 34 ESTIMATOR 0. 0. 0. 0. 0.
64.42 34 NAVIGATION 0 1 0 0 38 0. 6571.9
64.42 34 ATTITUDE 0 0 -75
64.62 34 GPS 0 50624961 356621065 0 80355 0 0 98501 12 0
64.62 34 SVINFO 4 2 0 3 33 -9 0
64.70 34 DESIRED 0. 0. 0. 0. 770. 0.
64.73 34 NAVIGATION 0 1 0 0 38 0. 6571.9
64.73 34 WP_MOVED 0 506408. 3566304. 800.
64.73 34 PPRZ_MODE 0 0 3 0 0 1 0
64.80 34 GPS 0 50624961 356621065 0 80355 0 0 98749 12 0
64.80 34 SVINFO 5 14 0 3 31 -9 0
64.80 34 ESTIMATOR 0. 0. 0. 0. 0.
64.90 34 COMMANDS 1065,-7,-55,-315
64.90 34 NAVIGATION 0 1 0 0 38 0. 6571.9
64.90 34 ATTITUDE 0 0 -75
64.90 34 DL_VALUE 21 17500.
64.97 34 DOWNLINK_STATUS 64 22992 1441 0 518. 34.
65.15 34 FBW_STATUS 0 0 118
65.15 34 RAD_OF_IR 7 0 0.00211
65.15 34 GPS 0 50624961 356621065 0 80355 0 0 99001 12 0
65.15 34 SVINFO 6 9 0 3 30 -9 0
65.20 34 IR_SENSORS -921 6 1
65.20 34 NAVIGATION 0 1 0 0 38 0. 6571.9
65.32 34 WP_MOVED 1 506292.5 3566296.25 800.
65.33 34 GYRO_RATES -198 -163 -136 1.727876 -1.422443 -1.186824
65.33 34 GPS 0 50624961 356621065 0 80355 0 0 99249 12 0
65.33 34 SVINFO 7 19 0 3 31 -9 0
65.33 34 ESTIMATOR 0. 0. 0. 0. 0.
65.33 34 BAT 1069 119 0 0 104 0 9
65.39 34 NAVIGATION 0 1 0 0 38 0. 6571.9
65.39 34 ATTITUDE 0 0 -75
65.39 34 CALIBRATION 0. 0.023 0.067 0
65.41 34 SERVO 9600 -9600 1070
65.74 34 GPS 0 50624961 356621065 0 80355 0 0 99501 12 0
65.74 34 SVINFO 8 11 0 3 30 -9 0
65.74 34 DESIRED 0. 0. 0. 0. 770. 0.
65.74 34 IR_DEBUG 664 654 664 654
65.74 34 NAVIGATION 0 1 0 0 38 0. 6571.9
65.93 34 WP_MOVED 2 506379.59375 3566304.75 800.
65.93 34 GPS 0 50624961 356621065 0 80355 0 0 99749 12 0
65.93 34 ESTIMATOR 0. 0. 0. 0. 0.
65.93 34 COMMANDS 1067,-7,-58,-329
65.93 34 NAVIGATION 0 1 0 0 38 0. 6571.9
65.93 34 ATTITUDE 0 0 -75
65.93 34 DL_VALUE 22 20000.
65.97 34 DOWNLINK_STATUS 65 23426 1469 0 434. 28.
66.25 34 FBW_STATUS 0 0 118
66.25 34 RAD_OF_IR 6 0 0.00211
66.25 34 GPS 0 50624961 356621065 0 80355 0 0 100001 12 0
66.26 34 SVINFO 10 17 0 3 30 -9 0
66.26 34 IR_SENSORS -920 6 1
66.26 34 NAVIGATION 0 1 0 0 38 0. 6571.9
66.26 34 WP_MOVED 3 506366. 3566262. 0.
66.32 34 ESTIMATOR 0. 0. 0. 0. 0.
66.32 34 GPS 0 50624961 356621065 0 80355 0 0 100249 12 0
66.32 34 SVINFO 11 18 0 3 31 -9 0
66.32 34 NAVIGATION 0 1 0 0 38 0. 6571.9
66.32 34 ATTITUDE 0 0 -75
66.74 34 DESIRED 0. 0. 0. 0. 770. 0.
66.74 34 GPS 0 50624961 356621065 0 80355 0 0 100501 12 0
66.75 34 SVINFO 12 12 0 3 35 -9 0
66.75 34 NAVIGATION 0 1 0 0 38 0. 6571.9
66.75 34 WP_MOVED 0 506408. 3566304. 800.
66.82 34 ESTIMATOR 0. 0. 0. 0. 0.
66.83 34 GPS 0 50624961 356621065 0 80355 0 0 100749 12 0
66.83 34 SVINFO 13 16 0 3 31 -9 0
66.83 34 COMMANDS 1069,-4,-52,-327
66.83 34 NAVIGATION 0 1 0 0 38 0. 6571.9
66.83 34 ATTITUDE 0 0 -75
66.83 34 DL_VALUE 23 0.
66.97 34 DOWNLINK_STATUS 66 23803 1493 0 377. 24.
66.99 34 FBW_STATUS 0 0 118
66.99 34 RAD_OF_IR 6 0 0.00211
66.99 34 IR_SENSORS -922 5 1
67.33 34 NAVIGATION 0 1 0 0 38 0. 6571.9
67.33 34 GPS 0 50624961 356621065 0 80355 0 0 101001 12 0
67.33 34 WP_MOVED 1 506292.5 3566296.25 800.
67.33 34 GYRO_RATES -198 -162 -136 1.727876 -1.413717 -1.186824
67.33 34 ESTIMATOR 0. 0. 0. 0. 0.
67.33 34 BAT 1068 118 0 0 106 0 10
67.66 34 NAVIGATION 0 1 0 0 38 0. 6571.9
67.66 34 ATTITUDE 0 0 -75
67.66 34 CALIBRATION 0. 0.023 0.067 0
67.66 34 GPS 0 50624961 356621065 0 80355 0 0 101249 12 0
67.66 34 SERVO 9600 -9600 1067
67.66 34 DESIRED 0. 0. 0. 0. 770. 0.
67.66 34 IR_DEBUG 662 653 662 653
67.66 34 GPS 0 50624961 356621065 0 80355 0 0 101501 12 0
67.66 34 SVINFO 0 32 0 3 32 -9 0
67.66 34 WP_MOVED 2 506379.59375 3566304.75 800.
67.66 34 ESTIMATOR 0. 0. 0. 0. 0.
67.71 34 COMMANDS 1068,-7,-58,-327
67.71 34 NAVIGATION 0 1 0 0 38 0. 6571.9
67.71 34 ATTITUDE 0 0 -75
67.71 34 DL_VALUE 24 2150.
67.80 34 GPS 0 50624961 356621065 0 80355 0 0 101749 12 0
67.80 34 FBW_STATUS 0 0 119
67.80 34 RAD_OF_IR 6 0 0.00211
67.80 34 NAVIGATION_REF 506366 3566262 12
67.97 34 DOWNLINK_STATUS 67 24225 1521 0 422. 28.
68.01 34 IR_SENSORS -923 6 1
68.01 34 NAVIGATION 0 1 0 0 38 0. 6571.9
68.23 34 WP_MOVED 3 506366. 3566262. 0.
68.23 34 GYRO_RATES -198 -162 -136 1.727876 -1.413717 -1.186824
68.23 34 GPS 0 50624961 356621065 0 80355 0 0 102001 12 0
68.23 34 SVINFO 2 6 0 3 29 -9 0
68.23 34 ESTIMATOR 0. 0. 0. 0. 0.
68.23 34 NAVIGATION 0 1 0 0 38 0. 6571.9
68.85 34 SVINFO 5 14 0 3 28 -9 0
68.85 34 RAD_OF_IR 6 0 0.00211
68.85 34 ACTUATORS 1498,1502,0,1289,1483
68.85 34 IR_SENSORS -920 6 1
68.85 34 NAVIGATION 0 1 0 0 38 0. 6571.9
68.86 34 WP_MOVED 0 506408. 3566304. 800.
68.93 34 SVINFO 4 2 0 3 31 -9 0
68.93 34 ESTIMATOR 0. 0. 0. 0. 0.
68.93 34 COMMANDS 1069,-7,-55,-327
68.93 34 NAVIGATION 0 1 0 0 38 0. 6571.9
68.93 34 ATTITUDE 0 0 -75
68.93 34 DL_VALUE 25 5300.
68.93 34 FBW_STATUS 0 0 119
68.97 34 DOWNLINK_STATUS 68 24518 1542 0 293. 21.
69.03 34 SVINFO 5 14 0 3 28 -9 0
69.03 34 RAD_OF_IR 6 0 0.00211
69.03 34 ACTUATORS 1498,1502,0,1289,1483
69.03 34 IR_SENSORS -920 6 1
69.03 34 NAVIGATION 0 1 0 0 38 0. 6571.9
69.03 34 WP_MOVED 1 506292.5 3566296.25 800.
69.03 34 GYRO_RATES -198 -164 -136 1.727876 -1.43117 -1.186824
69.04 34 GPS 0 50624961 356621065 0 80355 0 0 103001 12 0
69.04 34 ESTIMATOR 0. 0. 0. 0. 0.
69.04 34 BAT 1067 118 0 0 108 0 10
69.11 34 NAVIGATION 0 1 0 0 38 0. 6571.9
69.11 34 ATTITUDE 0 0 -75
69.11 34 CALIBRATION 0. 0.023 0.067 0
69.30 34 SERVO 9600 -9600 1068
69.52 34 GPS 0 50624961 356621065 0 80355 0 0 103249 12 0
69.53 34 DESIRED 0. 0. 0. 0. 770. 0.
69.53 34 IR_DEBUG 663 654 663 654
69.53 34 NAVIGATION 0 1 0 0 38 0. 6571.9
69.53 34 WP_MOVED 2 506379.59375 3566304.75 800.
69.53 34 PPRZ_MODE 0 0 3 0 0 1 0
69.83 34 ESTIMATOR 0. 0. 0. 0. 0.
69.83 34 GPS 0 50624961 356621065 0 80355 0 0 103501 12 0
69.83 34 COMMANDS 1069,-3,-55,-327
69.83 34 NAVIGATION 0 1 0 0 38 0. 6571.9
69.83 34 ATTITUDE 0 0 -75
69.83 34 DL_VALUE 26 10000.
69.83 34 FBW_STATUS 0 0 118
69.83 34 RAD_OF_IR 6 0 0.00211
69.97 34 DOWNLINK_STATUS 69 24937 1570 0 419. 28.
70.03 34 IR_SENSORS -922 7 1
70.03 34 NAVIGATION 0 1 0 0 38 0. 6571.9
70.03 34 WP_MOVED 3 506366. 3566262. 0.
70.03 34 GYRO_RATES -199 -163 -136 1.736603 -1.422443 -1.186824
70.03 34 ESTIMATOR 0. 0. 0. 0. 0.
70.19 34 NAVIGATION 0 1 0 0 38 0. 6571.9
70.19 34 ATTITUDE 0 0 -75
70.33 34 DESIRED 0. 0. 0. 0. 770. 0.
70.33 34 GPS 0 50624961 356621065 0 80355 0 0 104249 12 0
70.33 34 NAVIGATION 0 1 0 0 38 0. 6571.9
70.33 34 WP_MOVED 0 506408. 3566304. 800.
70.40 34 ESTIMATOR 0. 0. 0. 0. 0.
70.74 34 GPS 0 50624961 356621065 0 80355 0 0 104501 12 0
70.75 34 SVINFO 12 12 0 3 33 -9 0
70.75 34 COMMANDS 1066,0,-50,-324
70.75 34 NAVIGATION 0 1 0 0 38 0. 6571.9
70.75 34 ATTITUDE 0 0 -75
70.75 34 DL_VALUE 27 4000.
70.75 34 FBW_STATUS 0 0 118
70.75 34 RAD_OF_IR 7 0 0.00211
70.82 34 IR_SENSORS -921 7 1
70.82 34 GPS 0 50624961 356621065 0 80355 0 0 104749 12 0
70.82 34 NAVIGATION 0 1 0 0 38 0. 6571.9
70.83 34 WP_MOVED 1 506292.5 3566296.25 800.
70.83 34 GYRO_RATES -199 -163 -137 1.736603 -1.422443 -1.195551
70.90 34 ESTIMATOR 0. 0. 0. 0. 0.
70.90 34 BAT 1069 118 0 0 110 0 10
70.97 34 DOWNLINK_STATUS 70 25374 1597 0 437. 27.
71.04 34 NAVIGATION 0 1 0 0 38 0. 6571.9
71.04 34 ATTITUDE 0 0 -75
71.04 34 CALIBRATION 0. 0.023 0.067 0
71.04 34 GPS 0 50624961 356621065 0 80355 0 0 105001 12 0
71.20 34 SERVO 9600 -9600 1069
71.32 34 DESIRED 0. 0. 0. 0. 770. 0.
71.32 34 IR_DEBUG 664 655 664 655
71.32 34 NAVIGATION 0 1 0 0 38 0. 6571.9
71.32 34 GPS 0 50624961 356621065 0 80355 0 0 105249 12 0
71.32 34 WP_MOVED 2 506379.59375 3566304.75 800.
71.38 34 ESTIMATOR 0. 0. 0. 0. 0.
71.53 34 COMMANDS 1069,0,-50,-327
71.53 34 NAVIGATION 0 1 0 0 38 0. 6571.9
71.53 34 ATTITUDE 0 0 -75
71.53 34 DL_VALUE 28 0.228
71.53 34 GPS 0 50624961 356621065 0 80355 0 0 105501 12 0
71.53 34 FBW_STATUS 0 0 119
71.53 34 RAD_OF_IR 7 0 0.00211
71.70 34 IR_SENSORS -922 7 1
71.97 34 DOWNLINK_STATUS 71 25662 1616 0 288. 19.
72.97 34 DOWNLINK_STATUS 72 25662 1616 0 0. 0.
73.97 34 DOWNLINK_STATUS 73 25662 1616 0 0. 0.
74.06 34 ACTUATORS 1497,1502,0,1289,1484
74.06 34 IR_SENSORS -921 7 1
74.06 34 NAVIGATION 0 1 0 0 38 0. 6571.9
74.06 34 WP_MOVED 3 506366. 3566262. 0.
74.06 34 GYRO_RATES -198 -163 -136 1.727876 -1.422443 -1.186824
74.15 34 GPS 0 50624961 356621065 0 80355 0 0 107749 12 0
74.15 34 NAVIGATION 0 1 0 0 38 0. 6571.9
74.15 34 ATTITUDE 0 0 -75
74.15 34 DESIRED 0. 0. 0. 0. 770. 0.
74.15 34 GPS 0 50624961 356621065 0 80355 0 0 108001 12 0
74.16 34 WP_MOVED 0 506408. 3566304. 800.
74.16 34 PPRZ_MODE 0 0 3 0 0 1 0
74.20 34 ESTIMATOR 0. 0. 0. 0. 0.
74.54 34 COMMANDS 1068,-4,-53,-325
74.54 34 NAVIGATION 0 1 0 0 38 0. 6571.9
74.55 34 GPS 0 50624961 356621065 0 80355 0 0 108249 12 0
74.55 34 ATTITUDE 0 0 -75
74.55 34 DL_VALUE 31 0.023
74.55 34 FBW_STATUS 0 0 118
74.55 34 RAD_OF_IR 7 0 0.00211
74.86 34 IR_SENSORS -920 6 1
74.86 34 NAVIGATION 0 1 0 0 38 0. 6571.9
74.86 34 GPS 0 50624961 356621065 0 80355 0 0 108501 12 0
74.86 34 SVINFO 12 12 0 3 33 -9 0
74.86 34 WP_MOVED 1 506292.5 3566296.25 800.
74.86 34 GYRO_RATES -198 -162 -136 1.727876 -1.413717 -1.186824
74.93 34 BAT 1069 118 0 0 114 0 10
74.93 34 NAVIGATION 0 1 0 0 38 0. 6571.9
74.93 34 ATTITUDE 0 0 -75
74.93 34 CALIBRATION 0. 0.023 0.067 0
74.93 34 GPS 0 50624961 356621065 0 80355 0 0 108749 12 0
74.93 34 SERVO 9600 -9600 1069
74.97 34 DOWNLINK_STATUS 74 26162 1648 0 500. 32.
75.03 34 DESIRED 0. 0. 0. 0. 770. 0.
75.03 34 IR_DEBUG 663 654 663 654
75.03 34 NAVIGATION 0 1 0 0 38 0. 6571.9
75.03 34 GPS 0 50624961 356621065 0 80355 0 0 109001 12 0
75.03 34 WP_MOVED 2 506379.59375 3566304.75 800.
75.09 34 ESTIMATOR 0. 0. 0. 0. 0.
75.44 34 COMMANDS 1069,-7,-56,-330
75.47 34 NAVIGATION 0 1 0 0 38 0. 6571.9
75.47 34 ATTITUDE 0 0 -75
75.47 34 DL_VALUE 32 0.001
75.47 34 GPS 0 50624961 356621065 0 80355 0 0 109249 12 0
75.50 34 FBW_STATUS 0 0 119
75.50 34 RAD_OF_IR 7 0 0.00211
75.50 34 IR_SENSORS -921 6 1
75.50 34 NAVIGATION 0 1 0 0 38 0. 6571.9
75.73 34 WP_MOVED 3 506366. 3566262. 0.
75.73 34 GYRO_RATES -198 -162 -136 1.727876 -1.413717 -1.186824
75.73 34 GPS 0 50624961 356621065 0 80355 0 0 109501 12 0
75.73 34 ESTIMATOR 0. 0. 0. 0. 0.
75.73 34 NAVIGATION 0 1 0 0 38 0. 6571.9
75.73 34 ATTITUDE 0 0 -75
75.92 34 GPS 0 50624961 356621065 0 80355 0 0 109749 12 0
75.97 34 DOWNLINK_STATUS 75 26529 1670 0 367. 22.
76.00 34 DESIRED 0. 0. 0. 0. 770. 0.
76.00 34 NAVIGATION 0 1 0 0 38 0. 6571.9
76.00 34 WP_MOVED 0 506408. 3566304. 800.
76.01 34 GPS 0 50624961 356621065 0 80355 0 0 110001 12 0
76.21 34 ESTIMATOR 0. 0. 0. 0. 0.
76.21 34 COMMANDS 1069,-4,-53,-327
76.21 34 NAVIGATION 0 1 0 0 38 0. 6571.9
76.21 34 ATTITUDE 0 0 -75
76.21 34 DL_VALUE 33 0.01
76.44 34 FBW_STATUS 0 0 118
76.44 34 RAD_OF_IR 6 0 0.00211
76.44 34 NAVIGATION_REF 506366 3566262 12
76.44 34 GPS 0 50624961 356621065 0 80355 0 0 110249 12 0
76.44 34 SVINFO 3 1 16 3 32 -9 0
76.44 34 IR_SENSORS -921 6 1
76.50 34 NAVIGATION 0 1 0 0 38 0. 6571.9
76.50 34 WP_MOVED 1 506292.5 3566296.25 800.
76.50 34 GYRO_RATES -199 -163 -136 1.736603 -1.422443 -1.186824
76.73 34 GPS 0 50624961 356621065 0 80355 0 0 110501 12 0
76.73 34 ESTIMATOR 0. 0. 0. 0. 0.
76.73 34 BAT 1067 118 0 0 116 0 11
76.73 34 NAVIGATION 0 1 0 0 38 0. 6571.9
76.73 34 ATTITUDE 0 0 -75
76.73 34 CALIBRATION 0. 0.023 0.067 0
76.92 34 SERVO 9600 -9600 1068
76.92 34 GPS 0 50624961 356621065 0 80355 0 0 110749 12 0
76.92 34 DESIRED 0. 0. 0. 0. 770. 0.
76.92 34 IR_DEBUG 663 654 663 654
76.92 34 NAVIGATION 0 1 0 0 38 0. 6571.9
76.97 34 DOWNLINK_STATUS 76 26998 1699 0 469. 29.
77.36 34 WP_MOVED 2 506379.59375 3566304.75 800.
77.36 34 ESTIMATOR 0. 0. 0. 0. 0.
77.36 34 GPS 0 50624961 356621065 0 80355 0 0 111001 12 0
77.36 34 COMMANDS 1069,3,-48,-325
77.36 34 NAVIGATION 0 1 0 0 38 0. 6571.9
77.36 34 ATTITUDE 0 0 -75
77.36 34 DL_VALUE 34 1.
77.53 34 RAD_OF_IR 6 0 0.00211
77.53 34 GPS 0 50624961 356621065 0 80355 0 0 111249 12 0
77.53 34 IR_SENSORS -921 6 1
77.53 34 NAVIGATION 0 1 0 0 38 0. 6571.9
77.53 34 WP_MOVED 3 506366. 3566262. 0.
77.53 34 GYRO_RATES -199 -163 -136 1.736603 -1.422443 -1.186824
77.55 34 GPS 0 50624961 356621065 0 80355 0 0 111501 12 0
77.55 34 NAVIGATION 0 1 0 0 38 0. 6571.9
77.55 34 ATTITUDE 0 0 -75
77.94 34 DESIRED 0. 0. 0. 0. 770. 0.
77.94 34 GPS 0 50624961 356621065 0 80355 0 0 111749 12 0
77.94 34 NAVIGATION 0 1 0 0 38 0. 6571.9
77.94 34 WP_MOVED 0 506408. 3566304. 800.
77.97 34 DOWNLINK_STATUS 77 27343 1719 0 345. 20.
77.99 34 ESTIMATOR 0. 0. 0. 0. 0.
78.23 34 COMMANDS 1063,-3,-52,-314
78.23 34 NAVIGATION 0 1 0 0 38 0. 6571.9
78.23 34 GPS 0 50624961 356621065 0 80355 0 0 112001 12 0
78.23 34 ATTITUDE 0 0 -75
78.23 34 DL_VALUE 35 0.
78.23 34 FBW_STATUS 0 0 118
78.23 34 RAD_OF_IR 6 0 0.00211
78.55 34 ACTUATORS 1498,1502,0,1289,1483
78.55 34 IR_SENSORS -919 7 1
78.56 34 GPS 0 50624961 356621065 0 80355 0 0 112249 12 0
78.56 34 SVINFO 11 18 0 3 32 -9 0
78.56 34 NAVIGATION 0 1 0 0 38 0. 6571.9
78.56 34 WP_MOVED 1 506292.5 3566296.25 800.
78.56 34 GYRO_RATES -199 -163 -137 1.736603 -1.422443 -1.195551
78.86 34 BAT 1069 118 0 0 118 0 11
78.86 34 NAVIGATION 0 1 0 0 38 0. 6571.9
78.86 34 ATTITUDE 0 0 -75
78.86 34 CALIBRATION 0. 0.023 0.067 0
78.86 34 GPS 0 50624961 356621065 0 80355 0 0 112501 12 0
78.86 34 SVINFO 12 12 0 3 34 -9 0
78.93 34 SERVO 9600 -9600 1068
78.93 34 DESIRED 0. 0. 0. 0. 770. 0.
78.93 34 IR_DEBUG 663 653 663 653
78.93 34 NAVIGATION 0 1 0 0 38 0. 6571.9
78.93 34 GPS 0 50624961 356621065 0 80355 0 0 112749 12 0
78.93 34 WP_MOVED 2 506379.59375 3566304.75 800.
78.93 34 PPRZ_MODE 0 0 3 0 0 1 0
78.97 34 DOWNLINK_STATUS 78 27767 1747 0 424. 28.
79.04 34 NAVIGATION 0 1 0 0 38 0. 6571.9
79.04 34 ATTITUDE 0 0 -75
79.04 34 DL_VALUE 36 0.
79.04 34 GPS 0 50624961 356621065 0 80355 0 0 113001 12 0
79.04 34 FBW_STATUS 0 0 118
79.04 34 RAD_OF_IR 6 0 0.00211
79.11 34 IR_SENSORS -920 6 1
79.31 34 NAVIGATION 0 1 0 0 38 0. 6571.9
79.53 34 WP_MOVED 3 506366. 3566262. 0.
79.53 34 GYRO_RATES -199 -164 -136 1.736603 -1.43117 -1.186824
79.53 34 GPS 0 50624961 356621065 0 80355 0 0 113249 12 0
79.53 34 ESTIMATOR 0. 0. 0. 0. 0.
79.53 34 NAVIGATION 0 1 0 0 38 0. 6571.9
79.53 34 ATTITUDE 0 0 -75
79.54 34 GPS 0 50624961 356621065 0 80355 0 0 113501 12 0
79.54 34 SVINFO 0 21 0 3 33 -9 0
79.60 34 DESIRED 0. 0. 0. 0. 770. 0.
79.61 34 NAVIGATION 0 1 0 0 38 0. 6571.9
79.81 34 WP_MOVED 0 506408. 3566304. 800.
79.85 34 GPS 0 50624961 356621065 0 80355 0 0 113749 12 0
79.85 34 SVINFO 1 20 0 3 32 -9 0
79.85 34 ESTIMATOR 0. 0. 0. 0. 0.
79.90 34 COMMANDS 1068,-4,-53,-324
79.90 34 NAVIGATION 0 1 0 0 38 0. 6571.9
79.90 34 ATTITUDE 0 0 -75
79.90 34 DL_VALUE 37 0.1
79.97 34 DOWNLINK_STATUS 79 28177 1773 0 410. 26.
79.98 34 FBW_STATUS 0 0 119
80.00 34 RAD_OF_IR 6 0 0.00211
80.00 34 GPS 0 50624961 356621065 0 80355 0 0 114001 12 0
80.09 34 IR_SENSORS -920 6 1
80.09 34 NAVIGATION 0 1 0 0 38 0. 6571.9
80.32 34 WP_MOVED 1 506292.5 3566296.25 800.
80.36 34 GYRO_RATES -198 -162 -136 1.727876 -1.413717 -1.186824
80.43 34 GPS 0 50624961 356621065 0 80355 0 0 114249 12 0
80.43 34 ESTIMATOR 0. 0. 0. 0. 0.
80.43 34 BAT 1069 118 0 0 120 0 11
80.43 34 NAVIGATION 0 1 0 0 38 0. 6571.9
80.43 34 ATTITUDE 0 0 -75
80.43 34 CALIBRATION 0. 0.023 0.067 0
80.43 34 SERVO 9600 -9600 1070
80.49 34 GPS 0 50624961 356621065 0 80355 0 0 114501 12 0
80.60 34 DESIRED 0. 0. 0. 0. 770. 0.
80.60 34 IR_DEBUG 663 653 663 653
80.60 34 NAVIGATION 0 1 0 0 38 0. 6571.9
80.93 34 WP_MOVED 2 506379.59375 3566304.75 800.
80.97 34 ESTIMATOR 0. 0. 0. 0. 0.
80.97 34 GPS 0 50624961 356621065 0 80355 0 0 114749 12 0
80.97 34 COMMANDS 1066,-4,-58,-327
80.97 34 NAVIGATION 0 1 0 0 38 0. 6571.9
80.97 34 ATTITUDE 0 0 -75
80.97 34 DL_VALUE 38 0.
80.97 34 FBW_STATUS 0 0 119
80.97 34 RAD_OF_IR 7 0 0.00211
80.97 34 DOWNLINK_STATUS 80 28596 1800 0 419. 27.
81.00 34 GPS 0 50624961 356621065 0 80355 0 0 115001 12 0
81.00 34 IR_SENSORS -921 6 1
81.02 34 NAVIGATION 0 1 0 0 38 0. 6571.9
81.22 34 WP_MOVED 3 506366. 3566262. 0.
81.22 34 GYRO_RATES -198 -163 -136 1.727876 -1.422443 -1.186824
81.30 34 ESTIMATOR 0. 0. 0. 0. 0.
81.30 34 GPS 0 50624961 356621065 0 80355 0 0 115249 12 0
81.31 34 NAVIGATION 0 1 0 0 38 0. 6571.9
81.31 34 ATTITUDE 0 0 -75
81.97 34 DOWNLINK_STATUS 81 28759 1809 0 163. 9.
82.97 34 DOWNLINK_STATUS 82 28759 1809 0 0. 0.
83.19 34 NAVIGATION 0 1 0 0 38 0. 6571.9
83.19 34 ATTITUDE 0 0 -75
83.19 34 DL_VALUE 40 1.
83.19 34 GPS 0 50624961 356621065 0 80355 0 0 116749 12 0
83.19 34 SVINFO 13 16 0 3 32 -9 0
83.19 34 FBW_STATUS 0 0 118
83.25 34 ACTUATORS 1497,1502,0,1289,1483
83.25 34 IR_SENSORS -921 7 1
83.25 34 NAVIGATION 0 1 0 0 38 0. 6571.9
83.25 34 WP_MOVED 3 506366. 3566262. 0.
83.26 34 GYRO_RATES -198 -162 -136 1.727876 -1.413717 -1.186824
83.26 34 GPS 0 50624961 356621065 0 80355 0 0 117001 12 0
83.27 34 NAVIGATION 0 1 0 0 38 0. 6571.9
83.27 34 ATTITUDE 0 0 -75
83.27 34 GPS 0 50624961 356621065 0 80355 0 0 117249 12 0
83.35 34 DESIRED 0. 0. 0. 0. 770. 0.
83.41 34 NAVIGATION 0 1 0 0 38 0. 6571.9
83.44 34 WP_MOVED 0 506408. 3566304. 800.
83.44 34 PPRZ_MODE 0 0 3 0 0 17 0
83.65 34 GPS 0 50624961 356621065 0 80355 0 0 117501 12 0
83.65 34 SVINFO 0 21 0 3 34 -9 0
83.65 34 ESTIMATOR 0. 0. 0. 0. 0.
83.72 34 COMMANDS 1068,-3,-53,-329
83.72 34 NAVIGATION 0 1 0 0 38 0. 6571.9
83.72 34 ATTITUDE 0 0 -75
83.72 34 DL_VALUE 41 0.
83.97 34 DOWNLINK_STATUS 83 29159 1835 0 400. 26.
84.17 34 GPS 0 50624961 356621065 0 80355 0 0 117749 12 0
84.17 34 SVINFO 1 20 0 3 33 -9 0
84.17 34 RAD_OF_IR 7 0 0.00211
84.17 34 IR_SENSORS -922 7 1
84.17 34 NAVIGATION 0 1 0 0 38 0. 6571.9
84.17 34 WP_MOVED 1 506292.5 3566296.25 800.
84.21 34 GPS 0 50624961 356621065 0 80355 0 0 118001 12 0
84.21 34 SVINFO 2 6 0 3 30 -9 0
84.21 34 ESTIMATOR 0. 0. 0. 0. 0.
84.21 34 BAT 1068 118 0 0 124 0 11
84.21 34 NAVIGATION 0 1 0 0 38 0. 6571.9
84.21 34 ATTITUDE 0 0 -75
84.35 34 SERVO 9600 -9600 1067
84.35 34 GPS 0 50624961 356621065 0 80355 0 0 118249 12 0
84.35 34 SVINFO 3 22 0 3 30 -9 0
84.36 34 DESIRED 0. 0. 0. 0. 770. 0.
84.36 34 IR_DEBUG 662 652 662 652
84.36 34 NAVIGATION 0 1 0 0 38 0. 6571.9
84.53 34 WP_MOVED 2 506379.59375 3566304.75 800.
84.65 34 ESTIMATOR 0. 0. 0. 0. 0.
84.67 34 GPS 0 50624961 356621065 0 80355 0 0 118501 12 0
84.67 34 SVINFO 4 2 0 3 29 -9 0
84.67 34 COMMANDS 1070,-4,-48,-327
84.67 34 NAVIGATION 0 1 0 0 38 0. 6571.9
84.67 34 ATTITUDE 0 0 -75
84.67 34 DL_VALUE 0 770.
84.72 34 FBW_STATUS 0 0 118
84.72 34 RAD_OF_IR 6 0 0.00211
84.72 34 NAVIGATION_REF 506366 3566262 12
84.76 34 GPS 0 50624961 356621065 0 80355 0 0 118749 12 0
84.77 34 SVINFO 5 14 0 3 31 -9 0
84.77 34 IR_SENSORS -923 6 1
84.81 34 NAVIGATION 0 1 0 0 38 0. 6571.9
84.97 34 DOWNLINK_STATUS 84 29652 1868 0 493. 33.
85.15 34 WP_MOVED 3 506366. 3566262. 0.
85.15 34 GYRO_RATES -199 -163 -137 1.736603 -1.422443 -1.195551
85.24 34 ESTIMATOR 0. 0. 0. 0. 0.
85.24 34 GPS 0 50624961 356621065 0 80355 0 0 119001 12 0
85.24 34 SVINFO 6 9 0 3 31 -9 0
85.24 34 NAVIGATION 0 1 0 0 38 0. 6571.9
85.24 34 ATTITUDE 0 0 -75
85.34 34 GPS 0 50624961 356621065 0 80355 0 0 119249 12 0
85.34 34 SVINFO 7 19 0 3 30 -9 0
85.34 34 DESIRED 0. 0. 0. 0. 770. 0.
85.34 34 NAVIGATION 0 1 0 0 38 0. 6571.9
85.34 34 WP_MOVED 0 506408. 3566304. 800.
85.41 34 ESTIMATOR 0. 0. 0. 0. 0.
85.67 34 GPS 0 50624961 356621065 0 80355 0 0 119501 12 0
85.67 34 COMMANDS 1068,0,-50,-325
85.67 34 NAVIGATION 0 1 0 0 38 0. 6571.9
85.67 34 ATTITUDE 0 0 -75
85.67 34 DL_VALUE 1 1.
85.71 34 FBW_STATUS 0 0 118
85.71 34 RAD_OF_IR 6 0 0.00211
85.75 34 IR_SENSORS -921 7 1
85.75 34 GPS 0 50624961 356621065 0 80355 0 0 119749 12 0
85.75 34 NAVIGATION 0 1 0 0 38 0. 6571.9
85.81 34 WP_MOVED 1 506292.5 3566296.25 800.
85.81 34 GYRO_RATES -199 -163 -137 1.736603 -1.422443 -1.195551
85.91 34 ESTIMATOR 0. 0. 0. 0. 0.
85.91 34 BAT 1068 118 0 0 126 0 12
85.97 34 DOWNLINK_STATUS 85 30100 1895 0 448. 27.
86.17 34 NAVIGATION 0 1 0 0 38 0. 6571.9
86.17 34 ATTITUDE 0 0 -75
86.17 34 CALIBRATION 0. 0.023 0.067 0
86.17 34 GPS 0 50624961 356621065 0 80355 0 0 120001 12 0
86.35 34 SERVO 9600 -9600 1068
86.35 34 DESIRED 0. 0. 0. 0. 770. 0.
86.35 34 IR_DEBUG 663 654 663 654
86.35 34 NAVIGATION 0 1 0 0 38 0. 6571.9
86.35 34 GPS 0 50624961 356621065 0 80355 0 0 120249 12 0
86.35 34 WP_MOVED 2 506379.59375 3566304.75 800.
86.68 34 ESTIMATOR 0. 0. 0. 0. 0.
86.68 34 COMMANDS 1069,-4,-52,-325
86.68 34 NAVIGATION 0 1 0 0 38 0. 6571.9
86.68 34 ATTITUDE 0 0 -75
86.68 34 DL_VALUE 2 0.
86.68 34 GPS 0 50624961 356621065 0 80355 0 0 120501 12 0
86.68 34 FBW_STATUS 0 0 118
86.68 34 RAD_OF_IR 6 0 0.00211
86.72 34 IR_SENSORS -921 5 1
86.72 34 NAVIGATION 0 1 0 0 38 0. 6571.9
86.83 34 GPS 0 50624961 356621065 0 80355 0 0 120749 12 0
86.83 34 WP_MOVED 3 506366. 3566262. 0.
86.83 34 GYRO_RATES -199 -163 -137 1.736603 -1.422443 -1.195551
86.83 34 ESTIMATOR 0. 0. 0. 0. 0.
86.91 34 NAVIGATION 0 1 0 0 38 0. 6571.9
86.91 34 ATTITUDE 0 0 -75
86.97 34 DOWNLINK_STATUS 86 30516 1921 0 416. 26.
87.15 34 GPS 0 50624961 356621065 0 80355 0 0 121001 12 0
87.17 34 DESIRED 0. 0. 0. 0. 770. 0.
87.17 34 NAVIGATION 0 1 0 0 38 0. 6571.9
87.23 34 WP_MOVED 0 506408. 3566304. 800.
87.23 34 GPS 0 50624961 356621065 0 80355 0 0 121249 12 0
87.43 34 ESTIMATOR 0. 0. 0. 0. 0.
87.43 34 COMMANDS 1068,-3,-52,-327
87.43 34 NAVIGATION 0 1 0 0 38 0. 6571.9
87.43 34 ATTITUDE 0 0 -75
87.43 34 DL_VALUE 3 0.
87.43 34 FBW_STATUS 0 0 118
87.65 34 RAD_OF_IR 6 0 0.00211
87.65 34 GPS 0 50624961 356621065 0 80355 0 0 121501 12 0
87.85 34 ACTUATORS 1498,1502,0,1289,1483
87.85 34 IR_SENSORS -920 6 1
87.85 34 NAVIGATION 0 1 0 0 38 0. 6571.9
87.85 34 WP_MOVED 1 506292.5 3566296.25 800.
87.85 34 GYRO_RATES -198 -162 -137 1.727876 -1.413717 -1.195551
87.85 34 GPS 0 50624961 356621065 0 80355 0 0 121749 12 0
87.97 34 DOWNLINK_STATUS 87 30838 1940 0 322. 19.
88.21 34 BAT 1065 118 0 0 128 0 12
88.21 34 NAVIGATION 0 1 0 0 38 0. 6571.9
88.21 34 ATTITUDE 0 0 -75
88.21 34 CALIBRATION 0. 0.023 0.067 0
88.21 34 SERVO 9600 -9600 1069
88.21 34 GPS 0 50624961 356621065 0 80355 0 0 122001 12 0
88.24 34 IR_DEBUG 663 653 663 653
88.25 34 NAVIGATION 0 1 0 0 38 0. 6571.9
88.25 34 WP_MOVED 2 506379.59375 3566304.75 800.
88.25 34 PPRZ_MODE 0 0 3 0 0 17 0
88.25 34 GPS 0 50624961 356621065 0 80355 0 0 122249 12 0
88.25 34 ESTIMATOR 0. 0. 0. 0. 0.
88.33 34 COMMANDS 1068,-4,-55,-327
88.33 34 NAVIGATION 0 1 0 0 38 0. 6571.9
88.33 34 ATTITUDE 0 0 -75
88.33 34 DL_VALUE 4 0.
88.40 34 FBW_STATUS 0 0 119
88.40 34 RAD_OF_IR 6 0 0.00211
88.66 34 GPS 0 50624961 356621065 0 80355 0 0 122501 12 0
88.66 34 IR_SENSORS -919 7 1
88.66 34 NAVIGATION 0 1 0 0 38 0. 6571.9
88.72 34 WP_MOVED 3 506366. 3566262. 0.
88.72 34 GYRO_RATES -198 -162 -137 1.727876 -1.413717 -1.195551
88.73 34 ESTIMATOR 0. 0. 0. 0. 0.
88.73 34 GPS 0 50624961 356621065 0 80355 0 0 122749 12 0
88.81 34 NAVIGATION 0 1 0 0 38 0. 6571.9
88.81 34 ATTITUDE 0 0 -75
88.97 34 DOWNLINK_STATUS 88 31251 1967 0 413. 27.
89.17 34 DESIRED 0. 0. 0. 0. 770. 0.
89.17 34 GPS 0 50624961 356621065 0 80355 0 0 123001 12 0
89.17 34 NAVIGATION 0 1 0 0 38 0. 6571.9
89.21 34 WP_MOVED 0 506408. 3566304. 800.
89.21 34 ESTIMATOR 0. 0. 0. 0. 0.
89.34 34 GPS 0 50624961 356621065 0 80355 0 0 123249 12 0
89.34 34 COMMANDS 1069,-6,-55,-329
89.34 34 NAVIGATION 0 1 0 0 38 0. 6571.9
89.34 34 ATTITUDE 0 0 -75
89.34 34 DL_VALUE 5 0.
89.34 34 FBW_STATUS 0 0 118
89.77 34 RAD_OF_IR 6 0 0.00211
89.77 34 IR_SENSORS -919 6 1
89.77 34 NAVIGATION 0 1 0 0 38 0. 6571.9
89.77 34 GPS 0 50624961 356621065 0 80355 0 0 123501 12 0
89.77 34 WP_MOVED 1 506292.5 3566296.25 800.
89.77 34 GYRO_RATES -198 -162 -136 1.727876 -1.413717 -1.186824
89.85 34 ESTIMATOR 0. 0. 0. 0. 0.
89.85 34 BAT 1067 118 0 0 130 0 12
89.85 34 NAVIGATION 0 1 0 0 38 0. 6571.9
89.85 34 ATTITUDE 0 0 -75
89.85 34 CALIBRATION 0. 0.023 0.067 0
89.85 34 GPS 0 50624961 356621065 0 80355 0 0 123749 12 0
89.99 34 DOWNLINK_STATUS 89 31637 1990 0 386. 23.
90.03 34 SERVO 9600 -9600 1070
90.03 34 DESIRED 0. 0. 0. 0. 770. 0.
90.03 34 IR_DEBUG 662 653 662 653
90.03 34 NAVIGATION 0 1 0 0 38 0. 6571.9
90.05 34 GPS 0 50624961 356621065 0 80355 0 0 124001 12 0
90.06 34 WP_MOVED 2 506379.59375 3566304.75 800.
90.24 34 ESTIMATOR 0. 0. 0. 0. 0.
90.44 34 COMMANDS 1068,-4,-52,-319
90.44 34 NAVIGATION 0 1 0 0 38 0. 6571.9
90.44 34 ATTITUDE 0 0 -75
90.44 34 DL_VALUE 6 0.
90.44 34 GPS 0 50624961 356621065 0 80355 0 0 124249 12 0
90.45 34 FBW_STATUS 0 0 118
90.45 34 RAD_OF_IR 6 0 0.00211
90.45 34 IR_SENSORS -920 6 1
90.45 34 NAVIGATION 0 1 0 0 38 0. 6571.9
90.54 34 WP_MOVED 3 506366. 3566262. 0.
90.54 34 GYRO_RATES -198 -163 -136 1.727876 -1.422443 -1.186824
90.54 34 GPS 0 50624961 356621065 0 80355 0 0 124501 12 0
90.73 34 ESTIMATOR 0. 0. 0. 0. 0.
90.76 34 NAVIGATION 0 1 0 0 38 0. 6571.9
90.76 34 ATTITUDE 0 0 -75
90.76 34 GPS 0 50624961 356621065 0 80355 0 0 124749 12 0
90.94 34 DESIRED 0. 0. 0. 0. 770. 0.
90.94 34 NAVIGATION 0 1 0 0 38 0. 6571.9
90.94 34 WP_MOVED 0 506408. 3566304. 800.
90.98 34 DOWNLINK_STATUS 90 32071 2016 0 434. 26.
91.04 34 GPS 0 50624961 356621065 0 80355 0 0 125001 12 0
91.04 34 ESTIMATOR 0. 0. 0. 0. 0.
91.23 34 COMMANDS 1069,-1,-48,-322
91.23 34 NAVIGATION 0 1 0 0 38 0. 6571.9
91.23 34 ATTITUDE 0 0 -75
91.23 34 DL_VALUE 7 0.
91.43 34 FBW_STATUS 0 0 118
91.43 34 RAD_OF_IR 6 0 0.00211
91.43 34 GPS 0 50624961 356621065 0 80355 0 0 125249 12 0
91.43 34 IR_SENSORS -921 6 1
91.43 34 NAVIGATION 0 1 0 0 38 0. 6571.9
91.44 34 WP_MOVED 1 506292.5 3566296.25 800.
91.44 34 GYRO_RATES -199 -164 -136 1.736603 -1.43117 -1.186824
91.78 34 ESTIMATOR 0. 0. 0. 0. 0.
91.78 34 BAT 1074 118 0 0 132 0 12
91.78 34 GPS 0 50624961 356621065 0 80355 0 0 125501 12 0
91.78 34 SVINFO 0 21 0 3 35 -9 0
91.78 34 NAVIGATION 0 1 0 0 38 0. 6571.9
91.78 34 ATTITUDE 0 0 -75
91.78 34 CALIBRATION 0. 0.023 0.067 0
91.85 34 SERVO 9600 -9600 1071
91.85 34 GPS 0 50624961 356621065 0 80355 0 0 125749 12 0
91.85 34 DESIRED 0. 0. 0. 0. 770. 0.
91.85 34 IR_DEBUG 662 653 662 653
91.85 34 NAVIGATION 0 1 0 0 38 0. 6571.9
91.90 34 WP_MOVED 2 506379.59375 3566304.75 800.
91.98 34 DOWNLINK_STATUS 91 32485 2042 0 414. 26.
92.02 34 GPS 0 50624961 356621065 0 80355 0 0 126001 12 0
92.02 34 ESTIMATOR 0. 0. 0. 0. 0.
92.24 34 COMMANDS 1069,-6,-53,-327
92.24 34 NAVIGATION 0 1 0 0 38 0. 6571.9
92.24 34 ATTITUDE 0 0 -75
92.24 34 DL_VALUE 8 1.
92.24 34 FBW_STATUS 0 0 118
92.24 34 RAD_OF_IR 6 0 0.00211
92.25 34 GPS 0 50624961 356621065 0 80355 0 0 126249 12 0
92.25 34 ACTUATORS 1498,1502,0,1289,1483
92.25 34 IR_SENSORS -921 7 1
92.30 34 NAVIGATION 0 1 0 0 38 0. 6571.9
92.41 34 WP_MOVED 3 506366. 3566262. 0.
92.41 34 GYRO_RATES -198 -163 -136 1.727876 -1.422443 -1.186824
92.43 34 ESTIMATOR 0. 0. 0. 0. 0.
92.65 34 GPS 0 50624961 356621065 0 80355 0 0 126501 12 0
92.65 34 NAVIGATION 0 1 0 0 38 0. 6571.9
92.65 34 ATTITUDE 0 0 -75
92.85 34 GPS 0 50624961 356621065 0 80355 0 0 126749 12 0
92.88 34 DESIRED 0. 0. 0. 0. 770. 0.
92.88 34 NAVIGATION 0 1 0 0 38 0. 6571.9
92.88 34 WP_MOVED 0 506408. 3566304. 800.
92.88 34 PPRZ_MODE 0 0 3 0 0 17 0
92.98 34 DOWNLINK_STATUS 92 32864 2065 0 379. 23.
93.13 34 ESTIMATOR 0. 0. 0. 0. 0.
93.25 34 COMMANDS 1068,-4,-52,-324
93.29 34 NAVIGATION 0 1 0 0 38 0. 6571.9
93.29 34 GPS 0 50624961 356621065 0 80355 0 0 127001 12 0
93.29 34 ATTITUDE 0 0 -75
93.29 34 DL_VALUE 9 -61.099998
93.29 34 FBW_STATUS 0 0 118
93.29 34 RAD_OF_IR 6 0 0.00211
93.29 34 NAVIGATION_REF 506366 3566262 12
93.29 34 IR_SENSORS -921 7 1
93.29 34 NAVIGATION 0 1 0 0 38 0. 6571.9
93.29 34 GPS 0 50624961 356621065 0 80355 0 0 127249 12 0
93.31 34 WP_MOVED 1 506292.5 3566296.25 800.
93.31 34 GYRO_RATES -199 -163 -136 1.736603 -1.422443 -1.186824
93.41 34 ESTIMATOR 0. 0. 0. 0. 0.
93.41 34 BAT 1069 118 0 0 134 0 12
93.66 34 NAVIGATION 0 1 0 0 38 0. 6571.9
93.66 34 ATTITUDE 0 0 -75
93.66 34 CALIBRATION 0. 0.023 0.067 0
93.66 34 GPS 0 50624961 356621065 0 80355 0 0 127501 12 0
93.85 34 SERVO 9600 -9600 1069
93.88 34 DESIRED 0. 0. 0. 0. 770. 0.
93.88 34 IR_DEBUG 663 654 663 654
93.88 34 NAVIGATION 0 1 0 0 38 0. 6571.9
93.88 34 GPS 0 50624961 356621065 0 80355 0 0 127749 12 0
93.88 34 WP_MOVED 2 506379.59375 3566304.75 800.
93.88 34 ESTIMATOR 0. 0. 0. 0. 0.
93.98 34 DOWNLINK_STATUS 93 33301 2092 0 437. 27.
94.14 34 COMMANDS 1069,-7,-50,-325
94.14 34 NAVIGATION 0 1 0 0 38 0. 6571.9
94.14 34 ATTITUDE 0 0 -75
94.14 34 DL_VALUE 10 0.
94.58 34 GPS 0 50624961 356621065 0 80355 0 0 128001 12 0
94.62 34 FBW_STATUS 0 0 118
94.62 34 RAD_OF_IR 6 0 0.00211
94.62 34 IR_SENSORS -920 6 1
94.62 34 NAVIGATION 0 1 0 0 38 0. 6571.9
94.62 34 GPS 0 50624961 356621065 0 80355 0 0 128249 12 0
94.62 34 SVINFO 11 18 0 3 32 -9 0
94.98 34 NAVIGATION 0 1 0 0 38 0. 6571.9
94.98 34 ATTITUDE 0 0 -75
94.98 34 DL_VALUE 11 1.
94.98 34 FBW_STATUS 0 0 118
94.98 34 ATTITUDE 0 0 -75
94.98 34 GPS 0 50624961 356621065 0 80355 0 0 128501 12 0
94.98 34 SVINFO 12 26 0 3 33 -9 0
94.98 34 DOWNLINK_STATUS 94 33533 2110 0 232. 18.
95.48 34 WP_MOVED 1 506292.5 3566296.25 800.
95.48 34 GYRO_RATES -198 -162 -136 1.727876 -1.413717 -1.186824
95.48 34 GPS 0 50624961 356621065 0 80355 0 0 129249 12 0
95.48 34 ESTIMATOR 0. 0. 0. 0. 0.
95.48 34 BAT 1067 118 0 0 136 1 13
95.66 34 ATTITUDE 0 0 -75
95.66 34 CALIBRATION 0. 0.023 0.067 0
95.66 34 SERVO 9600 -9600 1064
95.66 34 GPS 0 50624961 356621065 0 80355 0 0 129501 12 0
95.66 34 SVINFO 0 21 0 3 33 -9 0
95.66 34 DESIRED 0. 0. 0. 0. 770. 0.
95.66 34 IR_DEBUG 662 653 662 653
95.67 34 WP_MOVED 2 506379.59375 3566304.75 800.
95.75 34 GPS 0 50624961 356621065 0 80355 0 0 129749 12 0
95.75 34 ESTIMATOR 0. 0. 0. 0. 0.
95.95 34 COMMANDS 1068,-6,-52,-325
95.95 34 NAVIGATION 0 1 0 0 38 0. 6571.9
95.95 34 ATTITUDE 0 0 -75
95.95 34 DL_VALUE 12 0.
95.98 34 DOWNLINK_STATUS 95 33843 2129 0 310. 19.
96.05 34 FBW_STATUS 0 0 118
96.05 34 RAD_OF_IR 6 0 0.00211
96.05 34 GPS 0 50624961 356621065 0 80355 0 0 130001 12 0
96.05 34 SVINFO 2 28 0 3 34 -9 0
96.05 34 IR_SENSORS -919 7 1
96.05 34 NAVIGATION 0 1 0 0 38 0. 6571.9
96.13 34 WP_MOVED 3 506366. 3566262. 0.
96.13 34 GYRO_RATES -198 -162 -136 1.727876 -1.413717 -1.186824
96.23 34 ESTIMATOR 0. 0. 0. 0. 0.
96.26 34 GPS 0 50624961 356621065 0 80355 0 0 130249 12 0
96.44 34 NAVIGATION 0 1 0 0 38 0. 6571.9
96.44 34 ATTITUDE 0 0 -75
96.54 34 DESIRED 0. 0. 0. 0. 770. 0.
96.54 34 GPS 0 50624961 356621065 0 80355 0 0 130501 12 0
96.55 34 NAVIGATION 0 1 0 0 38 0. 6571.9
96.60 34 WP_MOVED 0 506408. 3566304. 800.
96.72 34 ESTIMATOR 0. 0. 0. 0. 0.
96.96 34 GPS 0 50624961 356621065 0 80355 0 0 130749 12 0
96.96 34 COMMANDS 1069,-1,-52,-327
96.96 34 NAVIGATION 0 1 0 0 38 0. 6571.9
96.96 34 ATTITUDE 0 0 -75
96.96 34 DL_VALUE 13 517.
96.96 34 FBW_STATUS 0 0 118
96.98 34 DOWNLINK_STATUS 96 34215 2152 0 372. 23.
97.15 34 RAD_OF_IR 7 0 0.00211
97.15 34 ACTUATORS 1498,1502,0,1289,1483
97.15 34 IR_SENSORS -920 6 1
97.15 34 NAVIGATION 0 1 0 0 38 0. 6571.9
97.15 34 GPS 0 50624961 356621065 0 80355 0 0 131001 12 0
97.15 34 WP_MOVED 1 506292.5 3566296.25 800.
97.15 34 GYRO_RATES -198 -162 -136 1.727876 -1.413717 -1.186824
97.16 34 ESTIMATOR 0. 0. 0. 0. 0.
97.16 34 BAT 1068 118 0 0 138 1 13
97.46 34 NAVIGATION 0 1 0 0 38 0. 6571.9
97.49 34 ATTITUDE 0 0 -75
97.49 34 CALIBRATION 0. 0.023 0.067 0
97.49 34 GPS 0 50624961 356621065 0 80355 0 0 131249 12 0
97.53 34 SERVO 9600 -9600 1067
97.53 34 DESIRED 0. 0. 0. 0. 770. 0.
97.53 34 IR_DEBUG 662 652 662 652
97.53 34 NAVIGATION 0 1 0 0 38 0. 6571.9
97.55 34 GPS 0 50624961 356621065 0 80355 0 0 131501 12 0
97.55 34 WP_MOVED 2 506379.59375 3566304.75 800.
97.55 34 PPRZ_MODE 0 0 3 0 0 17 0
97.98 34 ESTIMATOR 0. 0. 0. 0. 0.
97.98 34 COMMANDS 1068,-3,-52,-329
97.98 34 NAVIGATION 0 1 0 0 38 0. 6571.9
97.98 34 ATTITUDE 0 0 -75
97.98 34 DL_VALUE 14 482.
97.98 34 GPS 0 50624961 356621065 0 80355 0 0 131749 12 0
97.98 34 SVINFO 9 13 0 3 32 -9 0
97.98 34 FBW_STATUS 0 0 118
97.98 34 DOWNLINK_STATUS 97 34651 2180 0 436. 28.
98.06 34 IR_SENSORS -920 6 1
98.06 34 NAVIGATION 0 1 0 0 38 0. 6571.9
98.06 34 WP_MOVED 3 506366. 3566262. 0.
98.06 34 GYRO_RATES -199 -161 -136 1.736603 -1.40499 -1.186824
98.06 34 GPS 0 50624961 356621065 0 80355 0 0 132001 12 0
98.06 34 SVINFO 10 24 0 3 31 -9 0
98.47 34 ESTIMATOR 0. 0. 0. 0. 0.
98.47 34 NAVIGATION 0 1 0 0 38 0. 6571.9
98.47 34 ATTITUDE 0 0 -75
98.47 34 GPS 0 50624961 356621065 0 80355 0 0 132249 12 0
98.47 34 SVINFO 11 18 0 3 34 -9 0
98.53 34 DESIRED 0. 0. 0. 0. 770. 0.
98.53 34 NAVIGATION 0 1 0 0 38 0. 6571.9
98.53 34 WP_MOVED 0 506408. 3566304. 800.
98.55 34 GPS 0 50624961 356621065 0 80355 0 0 132501 12 0
98.55 34 SVINFO 12 26 0 3 33 -9 0
98.55 34 ESTIMATOR 0. 0. 0. 0. 0.
98.65 34 COMMANDS 1068,-1,-50,-325
98.65 34 NAVIGATION 0 1 0 0 38 0. 6571.9
98.65 34 ATTITUDE 0 0 -75
98.65 34 DL_VALUE 15 455.
98.76 34 FBW_STATUS 0 0 118
98.80 34 RAD_OF_IR 6 0 0.00211
98.80 34 GPS 0 50624961 356621065 0 80355 0 0 132749 12 0
98.80 34 SVINFO 13 16 0 3 34 -9 0
98.93 34 IR_SENSORS -921 6 1
98.96 34 NAVIGATION 0 1 0 0 38 0. 6571.9
98.96 34 WP_MOVED 1 506292.5 3566296.25 800.
98.96 34 GYRO_RATES -199 -163 -137 1.736603 -1.422443 -1.195551
98.98 34 DOWNLINK_STATUS 98 35109 2209 0 458. 29.
99.29 34 GPS 0 50624961 356621065 0 80355 0 0 133001 12 0
99.29 34 ESTIMATOR 0. 0. 0. 0. 0.
99.29 34 BAT 1069 118 0 0 140 1 13
99.29 34 NAVIGATION 0 1 0 0 38 0. 6571.9
99.29 34 ATTITUDE 0 0 -75
99.29 34 CALIBRATION 0. 0.023 0.067 0
99.47 34 SERVO 9600 -9600 1067
99.47 34 GPS 0 50624961 356621065 0 80355 0 0 133249 12 0
99.47 34 DESIRED 0. 0. 0. 0. 770. 0.
99.47 34 IR_DEBUG 662 653 662 653
99.47 34 NAVIGATION 0 1 0 0 38 0. 6571.9
99.53 34 WP_MOVED 2 506379.59375 3566304.75 800.
99.53 34 ESTIMATOR 0. 0. 0. 0. 0.
99.53 34 GPS 0 50624961 356621065 0 80355 0 0 133501 12 0
99.53 34 SVINFO 0 21 0 3 33 -9 0
99.63 34 COMMANDS 1064,-4,-53,-317
99.64 34 NAVIGATION 0 1 0 0 38 0. 6571.9
99.64 34 ATTITUDE 0 0 -75
99.64 34 DL_VALUE 16 7500.
99.64 34 FBW_STATUS 0 0 118
99.64 34 RAD_OF_IR 7 0 0.00211
99.96 34 GPS 0 50624961 356621065 0 80355 0 0 133749 12 0
99.96 34 SVINFO 1 20 0 3 33 -9 0
99.96 34 IR_SENSORS -919 5 1
99.96 34 NAVIGATION 0 1 0 0 38 0. 6571.9
99.98 34 DOWNLINK_STATUS 99 35498 2234 0 389. 25.
100.03 34 WP_MOVED 3 506366. 3566262. 0.
100.03 34 GYRO_RATES -199 -163 -136 1.736603 -1.422443 -1.186824
100.03 34 ESTIMATOR 0. 0. 0. 0. 0.
100.24 34 GPS 0 50624961 356621065 0 80355 0 0 134001 12 0
100.24 34 SVINFO 2 28 0 3 34 -9 0
100.24 34 NAVIGATION 0 1 0 0 38 0. 6571.9
100.24 34 ATTITUDE 0 0 -75
100.45 34 DESIRED 0. 0. 0. 0. 770. 0.
100.45 34 GPS 0 50624961 356621065 0 80355 0 0 134249 12 0
100.45 34 SVINFO 3 22 0 3 32 -9 0
100.45 34 NAVIGATION 0 1 0 0 38 0. 6571.9
100.45 34 WP_MOVED 0 506408. 3566304. 800.
100.45 34 ESTIMATOR 0. 0. 0. 0. 0.
100.64 34 GPS 0 50624961 356621065 0 80355 0 0 134501 12 0
100.64 34 SVINFO 4 2 0 3 33 -9 0
100.64 34 COMMANDS 1068,-9,-58,-324
100.64 34 NAVIGATION 0 1 0 0 38 0. 6571.9
100.64 34 ATTITUDE 0 0 -75
100.64 34 DL_VALUE 17 11250.
100.98 34 DOWNLINK_STATUS 100 35817 2253 0 319. 19.
101.22 34 IR_SENSORS -921 7 1
101.22 34 GPS 0 50624961 356621065 0 80355 0 0 134749 12 0
101.22 34 SVINFO 5 14 0 3 31 -9 0
101.22 34 NAVIGATION 0 1 0 0 38 0. 6571.9
101.22 34 WP_MOVED 1 506292.5 3566296.25 800.
101.25 34 ESTIMATOR 0. 0. 0. 0. 0.
101.25 34 BAT 1069 118 0 0 142 1 13
101.25 34 NAVIGATION 0 1 0 0 38 0. 6571.9
101.25 34 ATTITUDE 0 0 -75
101.25 34 CALIBRATION 0. 0.023 0.067 0
101.25 34 GPS 0 50624961 356621065 0 80355 0 0 135001 12 0
101.25 34 SERVO 9600 -9600 1069
101.28 34 IR_DEBUG 662 653 662 653
101.28 34 NAVIGATION 0 1 0 0 38 0. 6571.9
101.28 34 GPS 0 50624961 356621065 0 80355 0 0 135249 12 0
101.28 34 WP_MOVED 2 506379.59375 3566304.75 800.
101.34 34 ESTIMATOR 0. 0. 0. 0. 0.
101.68 34 COMMANDS 1065,-9,-63,-329
101.68 34 NAVIGATION 0 1 0 0 38 0. 6571.9
101.68 34 ATTITUDE 0 0 -75
101.68 34 DL_VALUE 18 10000.
101.68 34 GPS 0 50624961 356621065 0 80355 0 0 135501 12 0
101.68 34 SVINFO 8 3 0 3 34 -9 0
101.68 34 FBW_STATUS 0 0 118
101.68 34 RAD_OF_IR 6 0 0.00211
101.68 34 NAVIGATION_REF 506366 3566262 12
101.72 34 ACTUATORS 1498,1502,0,1289,1484
101.75 34 IR_SENSORS -920 6 1
101.75 34 NAVIGATION 0 1 0 0 38 0. 6571.9
101.84 34 WP_MOVED 3 506366. 3566262. 0.
101.84 34 GYRO_RATES -198 -164 -136 1.727876 -1.43117 -1.186824
101.84 34 GPS 0 50624961 356621065 0 80355 0 0 135749 12 0
101.84 34 ESTIMATOR 0. 0. 0. 0. 0.
101.98 34 DOWNLINK_STATUS 101 36329 2286 0 512. 33.
102.13 34 NAVIGATION 0 1 0 0 38 0. 6571.9
102.13 34 ATTITUDE 0 0 -75
102.13 34 GPS 0 50624961 356621065 0 80355 0 0 136001 12 0
102.14 34 DESIRED 0. 0. 0. 0. 770. 0.
102.14 34 NAVIGATION 0 1 0 0 38 0. 6571.9
102.23 34 WP_MOVED 0 506408. 3566304. 800.
102.23 34 PPRZ_MODE 0 0 3 0 0 17 0
102.23 34 GPS 0 50624961 356621065 0 80355 0 0 136249 12 0
102.31 34 ESTIMATOR 0. 0. 0. 0. 0.
102.65 34 COMMANDS 1066,-6,-55,-320
102.65 34 NAVIGATION 0 1 0 0 38 0. 6571.9
102.65 34 ATTITUDE 0 0 -75
102.65 34 DL_VALUE 19 3000.
102.65 34 FBW_STATUS 0 0 118
102.65 34 GPS 0 50624961 356621065 0 80355 0 0 136501 12 0
102.65 34 RAD_OF_IR 7 0 0.00211
102.65 34 IR_SENSORS -919 7 1
102.88 34 NAVIGATION 0 1 0 0 38 0. 6571.9
102.88 34 WP_MOVED 1 506292.5 3566296.25 800.
102.88 34 GYRO_RATES -198 -162 -136 1.727876 -1.413717 -1.186824
102.88 34 GPS 0 50624961 356621065 0 80355 0 0 136749 12 0
102.94 34 ESTIMATOR 0. 0. 0. 0. 0.
102.94 34 BAT 1068 118 0 0 144 1 13
102.94 34 NAVIGATION 0 1 0 0 38 0. 6571.9
102.94 34 ATTITUDE 0 0 -75
102.94 34 CALIBRATION 0. 0.023 0.067 0
102.94 34 SERVO 9600 -9600 1068
102.98 34 DOWNLINK_STATUS 102 36758 2313 0 429. 27.
103.15 34 GPS 0 50624961 356621065 0 80355 0 0 137001 12 0
103.15 34 DESIRED 0. 0. 0. 0. 770. 0.
103.15 34 IR_DEBUG 662 652 662 652
103.15 34 NAVIGATION 0 1 0 0 38 0. 6571.9
103.15 34 WP_MOVED 2 506379.59375 3566304.75 800.
103.35 34 GPS 0 50624961 356621065 0 80355 0 0 137249 12 0
103.35 34 ESTIMATOR 0. 0. 0. 0. 0.
103.56 34 COMMANDS 1069,-6,-52,-329
103.56 34 NAVIGATION 0 1 0 0 38 0. 6571.9
103.56 34 ATTITUDE 0 0 -75
103.56 34 DL_VALUE 20 20000.
103.56 34 FBW_STATUS 0 0 118
103.57 34 RAD_OF_IR 6 0 0.00211
103.57 34 GPS 0 50624961 356621065 0 80355 0 0 137501 12 0
103.57 34 IR_SENSORS -921 7 1
103.84 34 WP_MOVED 3 506366. 3566262. 0.
103.84 34 GYRO_RATES -198 -162 -137 1.727876 -1.413717 -1.195551
103.94 34 ESTIMATOR 0. 0. 0. 0. 0.
103.94 34 GPS 0 50624961 356621065 0 80355 0 0 137749 12 0
103.94 34 NAVIGATION 0 1 0 0 38 0. 6571.9
103.94 34 ATTITUDE 0 0 -75
103.98 34 DOWNLINK_STATUS 103 37107 2334 0 349. 21.
