8.21 3 NAVIGATION 0 1 0 0 286 0. 140.5
8.31 3 WP_MOVED 3 497546.40625 3565495.5 770.
8.31 3 CALIB_CONTRAST 977
8.42 3 GPS 0 50629135 356637241 0 85628 0 0 313997751 12 0
8.42 3 DESIRED 0.01 -0. 0. 0. 761. 0.
8.42 3 NAVIGATION 0 1 0 0 286 0. 140.5
8.42 3 ATTITUDE 27 0 -14
8.43 3 ESTIMATOR 0. 0. 0. 0. 0.
8.43 3 GPS 0 50629135 356637241 0 85628 0 0 313997999 12 0
8.53 3 DL_VALUE 41 1.
8.63 3 DOWNLINK_STATUS 7 1381 87 0 172. 10.
8.64 3 NAVIGATION 0 1 0 0 286 0. 140.5
8.84 3 WP_MOVED 4 497575. 3565498. 0.
8.95 3 RAD_OF_IR 163 0 0.00194
9.05 3 IR_SENSORS -859 163 1
9.16 3 GPS 0 50629135 356637241 0 85628 0 0 313998251 12 0
9.18 3 COMMANDS 72,494,-64,-90
9.19 3 NAVIGATION 0 1 0 0 286 0. 140.5
9.19 3 ATTITUDE 27 0 -14
9.19 3 GYRO_RATES -1 35 11 0.008727 0.305433 -0.095993
9.19 3 FBW_STATUS 0 0 112
9.19 3 ESTIMATOR 0. 0. 0. 0. 0.
9.20 3 BAT 74 112 0 0 41 0 0
9.20 3 GPS 0 50629135 356637241 0 85628 0 0 313998499 12 0
9.20 3 SVINFO 6 26 12 7 34 24 316
9.20 3 CALIBRATION 0. 0.02 0.5 0
9.20 3 NAVIGATION 0 1 0 0 286 0. 140.5
9.20 3 WP_MOVED 0 497617. 3565540. 770.
9.20 3 CALIB_CONTRAST 977
9.20 3 SERVO -2542 -6997 73
9.20 3 DESIRED 0.01 -0. 0. 0. 761. 0.
9.20 3 IR_DEBUG 731 499 731 499
9.21 3 GPS 0 50629135 356637241 0 85628 0 0 313998751 12 0
9.21 3 NAVIGATION 0 1 0 0 286 0. 140.5
9.21 3 ATTITUDE 27 0 -14
9.21 3 ESTIMATOR 0. 0. 0. 0. 0.
10.59 3 DL_VALUE 42 0.
10.69 3 GPS 0 50629135 356637241 0 85628 0 0 313998999 12 0
10.69 3 NAVIGATION 0 1 0 0 286 0. 140.5
10.89 3 WP_MOVED 1 497586.6875 3565500. 770.
11.00 3 RAD_OF_IR 160 0 0.00194
11.10 3 IR_SENSORS -858 158 1
11.20 3 COMMANDS 72,493,-66,-88
11.21 3 NAVIGATION 0 1 0 0 286 0. 140.5
11.30 3 ATTITUDE 26 0 -14
11.40 3 GYRO_RATES -1 36 11 0.008727 0.314159 -0.095993
11.51 3 GPS 0 50629135 356637241 0 85628 0 0 313999251 12 0
11.56 3 FBW_STATUS 0 0 112
11.56 3 ESTIMATOR 0. 0. 0. 0. 0.
11.56 3 NAVIGATION 0 1 0 0 286 0. 140.5
11.56 3 GPS 0 50629135 356637241 0 85628 0 0 313999499 12 0
11.62 3 WP_MOVED 2 497622.6875 3565498.5 770.
11.64 3 CALIB_CONTRAST 977
11.64 3 DESIRED 0.01 -0. 0. 0. 761. 0.
11.74 3 DOWNLINK_STATUS 10 2051 130 0 670. 43.
11.85 3 NAVIGATION 0 1 0 0 286 0. 140.5
11.95 3 ATTITUDE 26 0 -13
12.06 3 GPS 0 50629135 356637241 0 85628 0 0 313999751 12 0
12.06 3 ESTIMATOR 0. 0. 0. 0. 0.
12.16 3 DL_VALUE 0 761.
12.16 3 NAVIGATION 0 1 0 0 286 0. 140.5
12.18 3 GPS 0 50629135 356637241 0 85628 0 0 313999999 12 0
12.29 3 WP_MOVED 3 497546.40625 3565495.5 770.
12.38 3 RAD_OF_IR 157 0 0.00194
12.49 3 IR_SENSORS -856 157 1
12.50 3 COMMANDS 72,493,-66,-88
12.50 3 NAVIGATION 0 1 0 0 286 0. 140.5
12.60 3 ATTITUDE 26 0 -14
12.60 3 GYRO_RATES -1 36 11 0.008727 0.314159 -0.095993
12.70 3 GPS 0 50629135 356637241 0 85628 0 0 314000251 12 0
12.70 3 FBW_STATUS 0 0 112
12.71 3 ESTIMATOR 0. 0. 0. 0. 0.
12.90 3 BAT 73 112 0 0 43 0 0
12.91 3 CALIBRATION 0. 0.02 0.5 0
12.91 3 NAVIGATION 0 1 0 0 286 0. 140.5
13.02 3 DOWNLINK_STATUS 11 2369 150 0 318. 20.
13.14 3 WP_MOVED 4 497575. 3565498. 0.
13.14 3 CALIB_CONTRAST 977
13.24 3 SERVO -2761 -6778 73
13.34 3 GPS 0 50629135 356637241 0 85628 0 0 314000499 12 0
13.35 3 DESIRED 0.01 -0. 0. 0. 761. 0.
13.45 3 IR_DEBUG 723 496 723 496
13.45 3 NAVIGATION 0 1 0 0 286 0. 140.5
13.55 3 ATTITUDE 26 0 -13
13.66 3 GPS 0 50629135 356637241 0 85628 0 0 314000751 12 0
13.66 3 ESTIMATOR 0. 0. 0. 0. 0.
13.86 3 DL_VALUE 1 1.
13.86 3 NAVIGATION 0 1 0 0 286 0. 140.5
13.91 3 WP_MOVED 0 497617. 3565540. 770.
13.92 3 RAD_OF_IR 158 0 0.00194
13.94 3 GPS 0 50629135 356637241 0 85628 0 0 314000999 12 0
13.94 3 IR_SENSORS -854 158 1
13.94 3 COMMANDS 73,493,-66,-90
13.94 3 NAVIGATION 0 1 0 0 286 0. 140.5
13.94 3 ATTITUDE 26 0 -13
13.94 3 GYRO_RATES 0 35 11 -0. 0.305433 -0.095993
13.94 3 FBW_STATUS 0 0 112
13.94 3 ESTIMATOR 0. 0. 0. 0. 0.
13.95 3 GPS 0 50629135 356637241 0 85628 0 0 314001251 12 0
13.95 3 ACTUATORS 1522,1529,0,1206,1504
13.99 3 DOWNLINK_STATUS 12 2743 174 0 374. 24.
13.99 3 NAVIGATION 0 1 0 0 286 0. 140.5
13.99 3 WP_MOVED 1 497586.6875 3565500. 770.
13.99 3 CALIB_CONTRAST 977
13.99 3 GPS 0 50629135 356637241 0 85628 0 0 314001499 12 0
13.99 3 SVINFO 2 28 12 7 34 56 299
13.99 3 DESIRED 0.01 -0. 0. 0. 761. 0.
13.99 3 NAVIGATION 0 1 0 0 286 0. 140.5
13.99 3 ATTITUDE 26 0 -13
13.99 3 PPRZ_MODE 0 0 3 0 0 1 0
13.99 3 ESTIMATOR 0. 0. 0. 0. 0.
13.99 3 GPS 0 50629135 356637241 0 85628 0 0 314001751 12 0
13.99 3 DL_VALUE 2 0.
13.99 3 NAVIGATION 0 1 0 0 286 0. 140.5
14.00 3 WP_MOVED 2 497622.6875 3565498.5 770.
14.00 3 RAD_OF_IR 161 0 0.00194
14.00 3 NAVIGATION_REF 497575 3565498 12
14.00 3 IR_SENSORS -855 161 1
14.27 3 GPS 0 50629135 356637241 0 85628 0 0 314001999 12 0
14.27 3 COMMANDS 74,494,-64,-90
14.27 3 NAVIGATION 0 1 0 0 286 0. 140.5
14.27 3 ATTITUDE 26 0 -14
14.27 3 GYRO_RATES -1 35 11 0.008727 0.305433 -0.095993
14.27 3 FBW_STATUS 0 0 112
14.27 3 ESTIMATOR 0. 0. 0. 0. 0.
14.28 3 GPS 0 50629135 356637241 0 85628 0 0 314002251 12 0
14.28 3 CALIBRATION 0. 0.02 0.5 0
14.28 3 NAVIGATION 0 1 0 0 286 0. 140.5
14.40 3 WP_MOVED 3 497546.40625 3565495.5 770.
14.40 3 CALIB_CONTRAST 977
14.51 3 SERVO -2673 -7128 73
14.51 3 DESIRED 0.01 -0. 0. 0. 761. 0.
14.61 3 IR_DEBUG 727 495 727 495
14.72 3 GPS 0 50629135 356637241 0 85628 0 0 314002499 12 0
14.92 3 SVINFO 6 26 12 7 35 24 316
14.92 3 NAVIGATION 0 1 0 0 286 0. 140.5
15.03 3 ATTITUDE 27 0 -14
15.07 3 ESTIMATOR 0. 0. 0. 0. 0.
15.13 3 DL_VALUE 3 0.
15.23 3 GPS 0 50629135 356637241 0 85628 0 0 314002751 12 0
15.23 3 NAVIGATION 0 1 0 0 286 0. 140.5
15.33 3 WP_MOVED 4 497575. 3565498. 0.
15.43 3 RAD_OF_IR 163 0 0.00194
15.54 3 IR_SENSORS -857 163 1
15.66 3 GPS 0 50629135 356637241 0 85628 0 0 314002999 12 0
15.76 3 COMMANDS 72,493,-66,-88
15.76 3 NAVIGATION 0 1 0 0 286 0. 140.5
15.76 3 ATTITUDE 27 0 -14
15.97 3 GYRO_RATES 0 36 11 -0. 0.314159 -0.095993
15.97 3 FBW_STATUS 0 0 112
15.97 3 ESTIMATOR 0. 0. 0. 0. 0.
15.98 3 NAVIGATION 0 1 0 0 286 0. 140.5
16.08 3 GPS 0 50629135 356637241 0 85628 0 0 314003251 12 0
16.18 3 WP_MOVED 0 497617. 3565540. 770.
16.18 3 CALIB_CONTRAST 977
16.20 3 DESIRED 0.01 -0. 0. 0. 761. 0.
16.30 3 DOWNLINK_STATUS 14 3601 229 0 858. 55.
16.31 3 NAVIGATION 0 1 0 0 286 0. 140.5
16.40 3 ATTITUDE 27 0 -13
16.51 3 GPS 0 50629135 356637241 0 85628 0 0 314003499 12 0
16.51 3 ESTIMATOR 0. 0. 0. 0. 0.
16.62 3 DL_VALUE 4 0.
16.62 3 NAVIGATION 0 1 0 0 286 0. 140.5
16.62 3 GPS 0 50629135 356637241 0 85628 0 0 314003751 12 0
16.72 3 WP_MOVED 1 497586.6875 3565500. 770.
16.82 3 RAD_OF_IR 161 0 0.00194
17.03 3 IR_SENSORS -856 162 1
17.15 3 COMMANDS 72,494,-66,-88
17.16 3 NAVIGATION 0 1 0 0 286 0. 140.5
17.25 3 ATTITUDE 27 0 -14
17.35 3 GYRO_RATES 0 36 12 -0. 0.314159 -0.10472
17.45 3 GPS 0 50629135 356637241 0 85628 0 0 314003999 12 0
17.45 3 FBW_STATUS 0 0 112
17.46 3 ESTIMATOR 0. 0. 0. 0. 0.
17.57 3 DOWNLINK_STATUS 16 3872 246 0 271. 17.
17.61 3 CALIBRATION 0. 0.02 0.5 0
17.61 3 NAVIGATION 0 1 0 0 286 0. 140.5
17.68 3 WP_MOVED 2 497622.6875 3565498.5 770.
17.68 3 CALIB_CONTRAST 977
17.78 3 SERVO -2542 -6997 72
17.99 3 GPS 0 50629135 356637241 0 85628 0 0 314004251 12 0
17.99 3 DESIRED 0.01 -0. 0. 0. 761. 0.
17.99 3 NAVIGATION 0 1 0 0 286 0. 140.5
18.00 3 ATTITUDE 27 0 -14
18.00 3 GPS 0 50629135 356637241 0 85628 0 0 314004499 12 0
18.00 3 ESTIMATOR 0. 0. 0. 0. 0.
18.10 3 DL_VALUE 5 0.
18.10 3 NAVIGATION 0 1 0 0 286 0. 140.5
18.22 3 WP_MOVED 3 497546.40625 3565495.5 770.
18.32 3 RAD_OF_IR 163 0 0.00194
18.42 3 GPS 0 50629135 356637241 0 85628 0 0 314004751 12 0
18.53 3 IR_SENSORS -859 163 1
18.63 3 COMMANDS 72,494,-64,-88
18.63 3 NAVIGATION 0 1 0 0 286 0. 140.5
18.64 3 ATTITUDE 27 0 -14
18.74 3 GYRO_RATES -1 36 11 0.008727 0.314159 -0.095993
18.74 3 FBW_STATUS 0 0 112
18.74 3 ESTIMATOR 0. 0. 0. 0. 0.
18.84 3 GPS 0 50629135 356637241 0 85628 0 0 314004999 12 0
18.85 3 NAVIGATION 0 1 0 0 286 0. 140.5
19.08 3 WP_MOVED 4 497575. 3565498. 0.
19.08 3 CALIB_CONTRAST 977
19.09 3 DESIRED 0.01 -0. 0. 0. 761. 0.
19.19 3 GPS 0 50629135 356637241 0 85628 0 0 314005251 12 0
19.19 3 NAVIGATION 0 1 0 0 286 0. 140.5
19.19 3 ATTITUDE 27 0 -14
19.19 3 ESTIMATOR 0. 0. 0. 0. 0.
19.30 3 DOWNLINK_STATUS 17 4394 278 0 522. 32.
19.32 3 GPS 0 50629135 356637241 0 85628 0 0 314005499 12 0
19.42 3 SVINFO 2 28 12 7 34 56 299
19.52 3 DL_VALUE 6 0.
19.53 3 NAVIGATION 0 1 0 0 286 0. 140.5
19.63 3 WP_MOVED 0 497617. 3565540. 770.
19.73 3 RAD_OF_IR 162 0 0.00194
19.83 3 IR_SENSORS -860 163 1
20.03 3 GPS 0 50629135 356637241 0 85628 0 0 314005751 12 0
20.14 3 COMMANDS 72,493,-66,-90
20.14 3 NAVIGATION 0 1 0 0 286 0. 140.5
20.14 3 ATTITUDE 27 0 -14
20.24 3 GYRO_RATES -1 36 12 0.008727 0.314159 -0.10472
20.26 3 FBW_STATUS 0 0 112
20.26 3 ESTIMATOR 0. 0. 0. 0. 0.
20.36 3 BAT 73 112 0 0 49 0 0
20.47 3 GPS 0 50629135 356637241 0 85628 0 0 314005999 12 0
20.47 3 ACTUATORS 1522,1529,0,1206,1504
20.47 3 CALIBRATION 0. 0.02 0.5 0
20.47 3 NAVIGATION 0 1 0 0 286 0. 140.5
20.58 3 DOWNLINK_STATUS 19 4687 297 0 293. 19.
20.70 3 WP_MOVED 1 497586.6875 3565500. 770.
20.71 3 CALIB_CONTRAST 977
20.81 3 SERVO -2367 -7303 74
20.81 3 DESIRED 0.01 -0. 0. 0. 761. 0.
21.02 3 IR_DEBUG 735 497 735 497
21.12 3 GPS 0 50629135 356637241 0 85628 0 0 314006251 12 0
21.12 3 NAVIGATION 0 1 0 0 286 0. 140.5
21.12 3 PPRZ_MODE 0 0 3 0 0 1 0
21.13 3 ESTIMATOR 0. 0. 0. 0. 0.
21.22 3 DL_VALUE 7 0.
21.23 3 GPS 0 50629135 356637241 0 85628 0 0 314006499 12 0
21.33 3 SVINFO 6 26 12 7 35 24 316
21.33 3 NAVIGATION 0 1 0 0 286 0. 140.5
21.43 3 WP_MOVED 2 497622.6875 3565498.5 770.
21.54 3 RAD_OF_IR 167 0 0.00194
21.64 3 IR_SENSORS -861 165 1
21.74 3 GPS 0 50629135 356637241 0 85628 0 0 314006751 12 0
21.84 3 COMMANDS 72,493,-66,-88
21.84 3 NAVIGATION 0 1 0 0 286 0. 140.5
22.05 3 ATTITUDE 27 0 -15
22.06 3 GYRO_RATES 0 36 11 -0. 0.314159 -0.095993
22.06 3 FBW_STATUS 0 0 112
22.06 3 ESTIMATOR 0. 0. 0. 0. 0.
22.06 3 NAVIGATION 0 1 0 0 286 0. 140.5
22.06 3 GPS 0 50629135 356637241 0 85628 0 0 314006999 12 0
22.07 3 WP_MOVED 3 497546.40625 3565495.5 770.
22.07 3 CALIB_CONTRAST 977
22.07 3 DESIRED 0.01 -0. 0. 0. 761. 0.
22.07 3 NAVIGATION 0 1 0 0 286 0. 140.5
22.07 3 ATTITUDE 28 0 -15
22.07 3 GPS 0 50629135 356637241 0 85628 0 0 314007251 12 0
22.07 3 ESTIMATOR 0. 0. 0. 0. 0.
22.07 3 DL_VALUE 8 0.
22.08 3 NAVIGATION 0 1 0 0 286 0. 140.5
22.08 3 DOWNLINK_STATUS 20 5222 331 0 535. 34.
22.08 3 GPS 0 50629135 356637241 0 85628 0 0 314007499 12 0
22.08 3 WP_MOVED 4 497575. 3565498. 0.
22.08 3 RAD_OF_IR 169 0 0.00194
22.08 3 IR_SENSORS -865 170 1
22.09 3 COMMANDS 73,494,-64,-88
22.09 3 NAVIGATION 0 1 0 0 286 0. 140.5
22.09 3 ATTITUDE 28 0 -15
22.09 3 GYRO_RATES 0 36 11 -0. 0.314159 -0.095993
22.09 3 GPS 0 50629135 356637241 0 85628 0 0 314007751 12 0
22.09 3 FBW_STATUS 0 0 112
22.09 3 ESTIMATOR 0. 0. 0. 0. 0.
22.09 3 BAT 72 112 0 0 51 0 0
22.10 3 CALIBRATION 0. 0.02 0.5 0
22.10 3 NAVIGATION 0 1 0 0 286 0. 140.5
22.10 3 WP_MOVED 0 497617. 3565540. 770.
22.10 3 CALIB_CONTRAST 977
22.10 3 SERVO -2192 -7391 72
22.10 3 GPS 0 50629135 356637241 0 85628 0 0 314007999 12 0
22.10 3 DESIRED 0.01 -0. 0. 0. 761. 0.
22.10 3 IR_DEBUG 742 496 742 496
22.11 3 NAVIGATION 0 1 0 0 286 0. 140.5
22.11 3 ATTITUDE 28 0 -15
22.11 3 GPS 0 50629135 356637241 0 85628 0 0 314008251 12 0
22.11 3 ESTIMATOR 0. 0. 0. 0. 0.
22.11 3 DL_VALUE 9 -1.5
22.87 3 NAVIGATION 0 1 0 0 286 0. 140.5
23.09 3 WP_MOVED 1 497586.6875 3565500. 770.
23.18 3 RAD_OF_IR 172 0 0.00194
23.28 3 GPS 0 50629135 356637241 0 85628 0 0 314008499 12 0
23.38 3 IR_SENSORS -866 172 1
23.48 3 COMMANDS 73,493,-66,-90
23.49 3 NAVIGATION 0 1 0 0 286 0. 140.5
23.49 3 ATTITUDE 28 0 -15
23.59 3 GYRO_RATES 0 36 12 -0. 0.314159 -0.10472
23.63 3 FBW_STATUS 0 0 112
23.63 3 ESTIMATOR 0. 0. 0. 0. 0.
23.70 3 GPS 0 50629135 356637241 0 85628 0 0 314008751 12 0
23.70 3 NAVIGATION 0 1 0 0 286 0. 140.5
23.81 3 WP_MOVED 2 497622.6875 3565498.5 770.
23.81 3 CALIB_CONTRAST 977
23.81 3 GPS 0 50629135 356637241 0 85628 0 0 314008999 12 0
23.81 3 DESIRED 0.01 -0. 0. 0. 761. 0.
23.82 3 NAVIGATION 0 1 0 0 286 0. 140.5
23.91 3 ATTITUDE 27 0 -15
24.03 3 ESTIMATOR 0. 0. 0. 0. 0.
24.13 3 DOWNLINK_STATUS 22 5939 376 0 717. 45.
24.23 3 GPS 0 50629135 356637241 0 85628 0 0 314009251 12 0
24.33 3 DL_VALUE 10 1.5
24.33 3 NAVIGATION 0 1 0 0 286 0. 140.5
24.43 3 WP_MOVED 3 497546.40625 3565495.5 770.
24.54 3 RAD_OF_IR 168 0 0.00194
24.64 3 IR_SENSORS -868 168 1
24.78 3 GPS 0 50629135 356637241 0 85628 0 0 314009499 12 0
24.88 3 SVINFO 2 28 12 7 34 56 299
25.09 3 COMMANDS 73,494,-64,-91
25.09 3 NAVIGATION 0 1 0 0 286 0. 140.5
25.19 3 ATTITUDE 28 0 -16
25.29 3 GYRO_RATES 0 36 11 -0. 0.314159 -0.095993
25.29 3 FBW_STATUS 0 0 112
25.40 3 BAT 72 112 0 0 53 0 0
25.47 3 GPS 0 50629135 356637241 0 85628 0 0 314009751 12 0
25.47 3 CALIBRATION 0. 0.02 0.5 0
25.47 3 NAVIGATION 0 1 0 0 286 0. 140.5
25.49 3 DOWNLINK_STATUS 24 6197 393 0 258. 17.
25.49 3 WP_MOVED 4 497575. 3565498. 0.
25.49 3 CALIB_CONTRAST 977
25.49 3 SERVO -2148 -7390 73
25.49 3 DESIRED 0.01 -0. 0. 0. 761. 0.
25.49 3 IR_DEBUG 738 500 738 500
25.50 3 GPS 0 50629135 356637241 0 85628 0 0 314009999 12 0
25.50 3 NAVIGATION 0 1 0 0 286 0. 140.5
25.50 3 ATTITUDE 27 0 -15
25.50 3 ESTIMATOR 0. 0. 0. 0. 0.
25.50 3 DL_VALUE 11 1.5
25.50 3 GPS 0 50629135 356637241 0 85628 0 0 314010251 12 0
25.50 3 NAVIGATION 0 1 0 0 286 0. 140.5
25.50 3 WP_MOVED 0 497617. 3565540. 770.
25.50 3 RAD_OF_IR 164 0 0.00194
25.51 3 NAVIGATION_REF 497575 3565498 12
25.51 3 IR_SENSORS -866 165 1
25.55 3 COMMANDS 72,493,-66,-86
25.59 3 NAVIGATION 0 1 0 0 286 0. 140.5
25.59 3 GPS 0 50629135 356637241 0 85628 0 0 314010499 12 0
25.59 3 SVINFO 6 26 12 7 35 24 316
25.59 3 ATTITUDE 27 0 -15
25.59 3 GYRO_RATES 0 36 12 -0. 0.314159 -0.10472
25.59 3 FBW_STATUS 0 0 112
25.59 3 ACTUATORS 1522,1529,0,1206,1504
25.59 3 NAVIGATION 0 1 0 0 286 0. 140.5
25.59 3 GPS 0 50629135 356637241 0 85628 0 0 314010751 12 0
25.59 3 WP_MOVED 1 497586.6875 3565500. 770.
25.59 3 CALIB_CONTRAST 977
25.59 3 DESIRED 0.01 -0. 0. 0. 761. 0.
25.59 3 NAVIGATION 0 1 0 0 286 0. 140.5
25.59 3 ATTITUDE 27 0 -15
25.59 3 PPRZ_MODE 0 0 3 0 0 1 0
25.59 3 GPS 0 50629135 356637241 0 85628 0 0 314010999 12 0
25.59 3 ESTIMATOR 0. 0. 0. 0. 0.
25.59 3 DL_VALUE 12 1.5
25.59 3 NAVIGATION 0 1 0 0 286 0. 140.5
25.59 3 WP_MOVED 2 497622.6875 3565498.5 770.
25.59 3 RAD_OF_IR 163 0 0.00194
25.59 3 GPS 0 50629135 356637241 0 85628 0 0 314011251 12 0
25.59 3 IR_SENSORS -865 163 1
25.59 3 COMMANDS 73,493,-66,-91
25.59 3 NAVIGATION 0 1 0 0 286 0. 140.5
25.59 3 ATTITUDE 27 0 -15
25.59 3 GYRO_RATES 0 36 12 -0. 0.314159 -0.10472
25.59 3 GPS 0 50629135 356637241 0 85628 0 0 314011499 12 0
25.59 3 FBW_STATUS 0 0 112
25.59 3 ESTIMATOR 0. 0. 0. 0. 0.
25.85 3 CALIBRATION 0. 0.02 0.5 0
25.86 3 NAVIGATION 0 1 0 0 286 0. 140.5
25.86 3 WP_MOVED 3 497546.40625 3565495.5 770.
25.86 3 CALIB_CONTRAST 977
25.86 3 SERVO -2192 -7128 72
25.86 3 GPS 0 50629135 356637241 0 85628 0 0 314011751 12 0
25.86 3 DESIRED 0.01 -0. 0. 0. 761. 0.
25.86 3 NAVIGATION 0 1 0 0 286 0. 140.5
25.86 3 ATTITUDE 27 0 -15
25.87 3 GPS 0 50629135 356637241 0 85628 0 0 314011999 12 0
25.87 3 ESTIMATOR 0. 0. 0. 0. 0.
25.87 3 DL_VALUE 13 1.5
25.87 3 NAVIGATION 0 1 0 0 286 0. 140.5
25.87 3 WP_MOVED 4 497575. 3565498. 0.
25.87 3 RAD_OF_IR 165 0 0.00194
25.88 3 GPS 0 50629135 356637241 0 85628 0 0 314012251 12 0
25.88 3 IR_SENSORS -864 164 1
25.88 3 COMMANDS 72,493,-66,-90
25.88 3 NAVIGATION 0 1 0 0 286 0. 140.5
25.88 3 ATTITUDE 27 0 -15
25.88 3 GYRO_RATES -1 36 12 0.008727 0.314159 -0.10472
25.88 3 FBW_STATUS 0 0 112
26.09 3 DOWNLINK_STATUS 24 7248 462 0 1051. 69.
26.12 3 ESTIMATOR 0. 0. 0. 0. 0.
26.22 3 GPS 0 50629135 356637241 0 85628 0 0 314012499 12 0
26.22 3 NAVIGATION 0 1 0 0 286 0. 140.5
26.33 3 WP_MOVED 0 497617. 3565540. 770.
26.33 3 CALIB_CONTRAST 977
26.33 3 GPS 0 50629135 356637241 0 85628 0 0 314012751 12 0
26.33 3 DESIRED 0.01 -0. 0. 0. 761. 0.
26.33 3 NAVIGATION 0 1 0 0 286 0. 140.5
26.43 3 ATTITUDE 26 0 -14
26.44 3 ESTIMATOR 0. 0. 0. 0. 0.
26.55 3 GPS 0 50629135 356637241 0 85628 0 0 314012999 12 0
26.65 3 DL_VALUE 14 0.
26.65 3 NAVIGATION 0 1 0 0 286 0. 140.5
26.75 3 WP_MOVED 1 497586.6875 3565500. 770.
26.85 3 RAD_OF_IR 159 0 0.00194
26.95 3 IR_SENSORS -863 160 1
27.16 3 GPS 0 50629135 356637241 0 85628 0 0 314013251 12 0
27.27 3 COMMANDS 73,494,-64,-90
27.27 3 NAVIGATION 0 1 0 0 286 0. 140.5
27.37 3 ATTITUDE 26 0 -15
27.37 3 GYRO_RATES 0 36 12 -0. 0.314159 -0.10472
27.38 3 FBW_STATUS 0 0 112
27.38 3 ESTIMATOR 0. 0. 0. 0. 0.
27.48 3 BAT 72 112 0 0 57 0 0
27.59 3 GPS 0 50629135 356637241 0 85628 0 0 314013499 12 0
27.70 3 SVINFO 2 28 12 7 34 56 299
27.70 3 CALIBRATION 0. 0.02 0.5 0
27.70 3 NAVIGATION 0 1 0 0 286 0. 140.5
27.82 3 DOWNLINK_STATUS 26 7715 490 0 467. 28.
27.93 3 WP_MOVED 2 497622.6875 3565498.5 770.
27.93 3 CALIB_CONTRAST 977
28.15 3 SERVO -2411 -6822 72
28.16 3 DESIRED 0.01 -0. 0. 0. 761. 0.
28.27 3 IR_DEBUG 729 501 729 501
28.39 3 GPS 0 50629135 356637241 0 85628 0 0 314013751 12 0
28.39 3 NAVIGATION 0 1 0 0 286 0. 140.5
28.40 3 ESTIMATOR 0. 0. 0. 0. 0.
28.50 3 DL_VALUE 15 1.
28.50 3 GPS 0 50629135 356637241 0 85628 0 0 314013999 12 0
28.50 3 NAVIGATION 0 1 0 0 286 0. 140.5
28.63 3 WP_MOVED 3 497546.40625 3565495.5 770.
28.73 3 RAD_OF_IR 161 0 0.00194
28.84 3 IR_SENSORS -865 163 1
28.94 3 COMMANDS 73,494,-64,-88
28.94 3 NAVIGATION 0 1 0 0 286 0. 140.5
29.15 3 GPS 0 50629135 356637241 0 85628 0 0 314014251 12 0
29.27 3 ATTITUDE 27 0 -15
29.39 3 GYRO_RATES -1 36 12 0.008727 0.314159 -0.10472
29.39 3 FBW_STATUS 0 0 112
29.39 3 ESTIMATOR 0. 0. 0. 0. 0.
29.49 3 DOWNLINK_STATUS 28 8041 511 0 326. 21.
29.50 3 NAVIGATION 0 1 0 0 286 0. 140.5
29.61 3 GPS 0 50629135 356637241 0 85628 0 0 314014499 12 0
29.71 3 SVINFO 6 26 12 7 35 24 316
29.81 3 WP_MOVED 4 497575. 3565498. 0.
29.82 3 CALIB_CONTRAST 977
29.82 3 DESIRED 0.01 -0. 0. 0. 761. 0.
29.82 3 NAVIGATION 0 1 0 0 286 0. 140.5
29.82 3 ATTITUDE 27 0 -15
29.93 3 GPS 0 50629135 356637241 0 85628 0 0 314014751 12 0
29.93 3 ESTIMATOR 0. 0. 0. 0. 0.
30.16 3 DL_VALUE 16 470.
30.18 3 NAVIGATION 0 1 0 0 286 0. 140.5
30.28 3 GPS 0 50629135 356637241 0 85628 0 0 314014999 12 0
30.39 3 WP_MOVED 0 497617. 3565540. 770.
30.49 3 RAD_OF_IR 165 0 0.00194
30.60 3 IR_SENSORS -868 167 1
30.70 3 COMMANDS 73,493,-64,-88
30.70 3 NAVIGATION 0 1 0 0 286 0. 140.5
30.81 3 ATTITUDE 27 0 -16
30.91 3 GYRO_RATES 0 36 12 -0. 0.314159 -0.10472
31.01 3 GPS 0 50629135 356637241 0 85628 0 0 314015251 12 0
31.01 3 FBW_STATUS 0 0 112
31.12 3 ESTIMATOR 0. 0. 0. 0. 0.
31.23 3 DOWNLINK_STATUS 29 8412 534 0 371. 23.
31.24 3 ACTUATORS 1522,1529,0,1206,1504
31.24 3 CALIBRATION 0. 0.02 0.5 0
31.24 3 NAVIGATION 0 1 0 0 286 0. 140.5
31.35 3 WP_MOVED 1 497586.6875 3565500. 770.
31.35 3 CALIB_CONTRAST 977
31.45 3 SERVO -2104 -7216 73
31.56 3 GPS 0 50629135 356637241 0 85628 0 0 314015499 12 0
31.56 3 DESIRED 0.01 -0. 0. 0. 761. 0.
31.67 3 IR_DEBUG 740 500 740 500
31.80 3 DOWNLINK_STATUS 30 8548 543 0 136. 9.
31.80 3 NAVIGATION 0 1 0 0 286 0. 140.5
31.91 3 ATTITUDE 28 0 -16
31.91 3 PPRZ_MODE 0 0 3 0 0 1 0
32.12 3 GPS 0 50629135 356637241 0 85628 0 0 314015751 12 0
32.13 3 ESTIMATOR 0. 0. 0. 0. 0.
32.31 3 DL_VALUE 17 405.
32.32 3 NAVIGATION 0 1 0 0 286 0. 140.5
32.43 3 WP_MOVED 2 497622.6875 3565498.5 770.
32.53 3 RAD_OF_IR 169 0 0.00194
32.64 3 GPS 0 50629135 356637241 0 85628 0 0 314015999 12 0
32.74 3 IR_SENSORS -866 170 1
32.84 3 COMMANDS 73,494,-64,-90
32.84 3 NAVIGATION 0 1 0 0 286 0. 140.5
32.95 3 ATTITUDE 28 0 -15
33.16 3 GYRO_RATES -1 36 12 0.008727 0.314159 -0.10472
33.17 3 FBW_STATUS 0 0 112
33.17 3 ESTIMATOR 0. 0. 0. 0. 0.
33.27 3 GPS 0 50629135 356637241 0 85628 0 0 314016251 12 0
33.27 3 NAVIGATION 0 1 0 0 286 0. 140.5
33.38 3 WP_MOVED 3 497546.40625 3565495.5 770.
33.38 3 CALIB_CONTRAST 977
33.38 3 GPS 0 50629135 356637241 0 85628 0 0 314016499 12 0
33.38 3 DESIRED 0.01 -0. 0. 0. 761. 0.
33.49 3 DOWNLINK_STATUS 32 8918 566 0 370. 23.
33.49 3 NAVIGATION 0 1 0 0 286 0. 140.5
33.50 3 ATTITUDE 28 0 -15
33.50 3 ESTIMATOR 0. 0. 0. 0. 0.
33.66 3 GPS 0 50629135 356637241 0 85628 0 0 314016751 12 0
33.76 3 DL_VALUE 18 473.
33.76 3 NAVIGATION 0 1 0 0 286 0. 140.5
33.86 3 WP_MOVED 4 497575. 3565498. 0.
33.97 3 RAD_OF_IR 170 0 0.00194
33.97 3 IR_SENSORS -866 170 1
34.19 3 GPS 0 50629135 356637241 0 85628 0 0 314016999 12 0
34.29 3 COMMANDS 73,493,-64,-90
34.29 3 NAVIGATION 0 1 0 0 286 0. 140.5
34.29 3 ATTITUDE 28 0 -15
34.40 3 GYRO_RATES 0 36 12 -0. 0.314159 -0.10472
34.40 3 FBW_STATUS 0 0 112
34.40 3 ESTIMATOR 0. 0. 0. 0. 0.
34.51 3 BAT 73 112 0 0 61 1 0
34.51 3 CALIBRATION 0. 0.02 0.5 0
34.62 3 GPS 0 50629135 356637241 0 85628 0 0 314017251 12 0
34.62 3 NAVIGATION 0 1 0 0 286 0. 140.5
34.72 3 WP_MOVED 0 497617. 3565540. 770.
34.73 3 CALIB_CONTRAST 977
34.83 3 SERVO -2104 -7391 73
34.94 3 DOWNLINK_STATUS 33 9263 589 0 345. 23.
34.94 3 DESIRED 0.01 -0. 0. 0. 761. 0.
35.04 3 IR_DEBUG 744 497 744 497
35.30 3 GPS 0 50629135 356637241 0 85628 0 0 314017499 12 0
35.41 3 SVINFO 2 28 12 7 34 56 299
35.41 3 NAVIGATION 0 1 0 0 286 0. 140.5
35.51 3 ATTITUDE 28 0 -16
35.51 3 ESTIMATOR 0. 0. 0. 0. 0.
35.62 3 DL_VALUE 19 0.
35.72 3 GPS 0 50629135 356637241 0 85628 0 0 314017751 12 0
35.73 3 NAVIGATION 0 1 0 0 286 0. 140.5
35.83 3 WP_MOVED 1 497586.6875 3565500. 770.
35.93 3 RAD_OF_IR 175 0 0.00194
36.03 3 IR_SENSORS -869 176 1
36.25 3 GPS 0 50629135 356637241 0 85628 0 0 314017999 12 0
36.35 3 COMMANDS 73,494,-64,-90
36.36 3 NAVIGATION 0 1 0 0 286 0. 140.5
36.46 3 ATTITUDE 29 0 -15
36.46 3 GYRO_RATES 0 36 12 -0. 0.314159 -0.10472
36.46 3 FBW_STATUS 0 0 112
36.46 3 ESTIMATOR 0. 0. 0. 0. 0.
36.57 3 DOWNLINK_STATUS 35 9580 609 0 317. 20.
36.58 3 NAVIGATION 0 1 0 0 286 0. 140.5
36.68 3 GPS 0 50629135 356637241 0 85628 0 0 314018251 12 0
36.83 3 WP_MOVED 2 497622.6875 3565498.5 770.
36.83 3 CALIB_CONTRAST 977
36.84 3 DESIRED 0.01 -0. 0. 0. 761. 0.
36.84 3 NAVIGATION 0 1 0 0 286 0. 140.5
36.94 3 ATTITUDE 29 0 -16
37.04 3 GPS 0 50629135 356637241 0 85628 0 0 314018499 12 0
37.26 3 SVINFO 6 26 12 7 35 24 316
37.30 3 ESTIMATOR 0. 0. 0. 0. 0.
37.36 3 DL_VALUE 20 0.75
37.37 3 NAVIGATION 0 1 0 0 286 0. 140.5
37.47 3 GPS 0 50629135 356637241 0 85628 0 0 314018751 12 0
37.59 3 WP_MOVED 3 497546.40625 3565495.5 770.
37.69 3 RAD_OF_IR 177 0 0.00194
37.69 3 NAVIGATION_REF 497575 3565498 12
37.79 3 IR_SENSORS -867 177 1
37.93 3 COMMANDS 72,494,-66,-88
37.94 3 NAVIGATION 0 1 0 0 286 0. 140.5
38.03 3 ATTITUDE 29 0 -15
38.28 3 GYRO_RATES -1 36 12 0.008727 0.314159 -0.10472
38.38 3 GPS 0 50629135 356637241 0 85628 0 0 314018999 12 0
38.39 3 FBW_STATUS 0 0 112
38.39 3 ESTIMATOR 0. 0. 0. 0. 0.
38.49 3 DOWNLINK_STATUS 37 9962 633 0 382. 24.
38.50 3 CALIBRATION 0. 0.02 0.5 0
38.50 3 NAVIGATION 0 1 0 0 286 0. 140.5
38.64 3 WP_MOVED 4 497575. 3565498. 0.
38.64 3 CALIB_CONTRAST 977
38.74 3 SERVO -2236 -7828 72
38.84 3 GPS 0 50629135 356637241 0 85628 0 0 314019251 12 0
38.84 3 DESIRED 0.01 -0. 0. 0. 761. 0.
39.01 3 IR_DEBUG 745 491 745 491
39.01 3 NAVIGATION 0 1 0 0 286 0. 140.5
39.02 3 ATTITUDE 29 0 -15
39.13 3 DOWNLINK_STATUS 37 10111 643 0 149. 10.
39.34 3 GPS 0 50629135 356637241 0 85628 0 0 314019499 12 0
39.35 3 ESTIMATOR 0. 0. 0. 0. 0.
39.45 3 DL_VALUE 21 20000.
39.45 3 NAVIGATION 0 1 0 0 286 0. 140.5
39.55 3 WP_MOVED 0 497617. 3565540. 770.
39.55 3 RAD_OF_IR 177 0 0.00194
39.70 3 GPS 0 50629135 356637241 0 85628 0 0 314019751 12 0
39.80 3 IR_SENSORS -865 177 1
39.90 3 COMMANDS 72,494,-64,-90
39.90 3 NAVIGATION 0 1 0 0 286 0. 140.5
39.90 3 ATTITUDE 29 0 -15
40.00 3 GYRO_RATES 0 36 12 -0. 0.314159 -0.10472
40.01 3 FBW_STATUS 0 0 112
40.01 3 ESTIMATOR 0. 0. 0. 0. 0.
40.12 3 GPS 0 50629135 356637241 0 85628 0 0 314019999 12 0
40.13 3 ACTUATORS 1522,1529,0,1206,1504
40.13 3 NAVIGATION 0 1 0 0 286 0. 140.5
40.33 3 WP_MOVED 1 497586.6875 3565500. 770.
40.34 3 CALIB_CONTRAST 977
40.44 3 DOWNLINK_STATUS 39 10406 662 0 295. 19.
40.55 3 GPS 0 50629135 356637241 0 85628 0 0 314020251 12 0
40.55 3 DESIRED 0.01 -0. 0. 0. 761. 0.
40.56 3 NAVIGATION 0 1 0 0 286 0. 140.5
40.56 3 ATTITUDE 29 0 -15
40.56 3 PPRZ_MODE 0 0 3 0 0 1 0
40.56 3 ESTIMATOR 0. 0. 0. 0. 0.
40.57 3 GPS 0 50629135 356637241 0 85628 0 0 314020499 12 0
40.67 3 DL_VALUE 22 20000.
40.73 3 NAVIGATION 0 1 0 0 286 0. 140.5
41.01 3 WP_MOVED 2 497622.6875 3565498.5 770.
41.12 3 RAD_OF_IR 174 0 0.00194
41.33 3 IR_SENSORS -869 174 1
41.43 3 GPS 0 50629135 356637241 0 85628 0 0 314020751 12 0
41.53 3 COMMANDS 72,494,-64,-88
41.53 3 NAVIGATION 0 1 0 0 286 0. 140.5
41.64 3 ATTITUDE 29 0 -16
41.64 3 GYRO_RATES 0 36 12 -0. 0.314159 -0.10472
41.65 3 FBW_STATUS 0 0 112
41.65 3 ESTIMATOR 0. 0. 0. 0. 0.
41.75 3 BAT 73 112 0 0 65 1 0
41.86 3 GPS 0 50629135 356637241 0 85628 0 0 314020999 12 0
41.87 3 CALIBRATION 0. 0.02 0.5 0
41.87 3 NAVIGATION 0 1 0 0 286 0. 140.5
42.01 3 DOWNLINK_STATUS 40 10786 685 0 380. 23.
42.12 3 WP_MOVED 3 497546.40625 3565495.5 770.
42.13 3 CALIB_CONTRAST 977
42.23 3 SERVO -2104 -7391 72
42.24 3 DESIRED 0.01 -0. 0. 0. 761. 0.
42.24 3 IR_DEBUG 744 497 744 497
42.24 3 GPS 0 50629135 356637241 0 85628 0 0 314021251 12 0
42.24 3 NAVIGATION 0 1 0 0 286 0. 140.5
42.24 3 ATTITUDE 28 0 -16
42.24 3 ESTIMATOR 0. 0. 0. 0. 0.
42.25 3 DL_VALUE 23 0.75
42.25 3 GPS 0 50629135 356637241 0 85628 0 0 314021499 12 0
42.25 3 SVINFO 2 28 12 7 34 56 299
42.25 3 NAVIGATION 0 1 0 0 286 0. 140.5
42.25 3 WP_MOVED 4 497575. 3565498. 0.
42.25 3 RAD_OF_IR 168 0 0.00194
42.25 3 IR_SENSORS -867 167 1
42.26 3 GPS 0 50629135 356637241 0 85628 0 0 314021751 12 0
42.26 3 COMMANDS 72,493,-66,-88
42.26 3 NAVIGATION 0 1 0 0 286 0. 140.5
42.26 3 ATTITUDE 28 0 -16
42.26 3 GYRO_RATES -1 36 12 0.008727 0.314159 -0.10472
42.26 3 FBW_STATUS 0 0 112
42.26 3 ESTIMATOR 0. 0. 0. 0. 0.
42.67 3 NAVIGATION 0 1 0 0 286 0. 140.5
42.85 3 GPS 0 50629135 356637241 0 85628 0 0 314021999 12 0
43.00 3 WP_MOVED 0 497617. 3565540. 770.
43.00 3 CALIB_CONTRAST 977
43.01 3 DESIRED 0.01 -0. 0. 0. 761. 0.
43.01 3 NAVIGATION 0 1 0 0 286 0. 140.5
43.12 3 ATTITUDE 27 0 -15
43.33 3 GPS 0 50629135 356637241 0 85628 0 0 314022251 12 0
43.37 3 ESTIMATOR 0. 0. 0. 0. 0.
43.51 3 DL_VALUE 24 20000.
43.52 3 NAVIGATION 0 1 0 0 286 0. 140.5
43.65 3 GPS 0 50629135 356637241 0 85628 0 0 314022499 12 0
43.82 3 SVINFO 6 26 12 7 34 24 316
43.93 3 WP_MOVED 1 497586.6875 3565500. 770.
44.04 3 RAD_OF_IR 170 0 0.00194
44.15 3 IR_SENSORS -868 170 1
44.41 3 COMMANDS 73,493,-66,-90
44.41 3 NAVIGATION 0 1 0 0 286 0. 140.5
44.52 3 ATTITUDE 28 0 -16
44.52 3 GYRO_RATES -1 36 12 0.008727 0.314159 -0.10472
44.64 3 GPS 0 50629135 356637241 0 85628 0 0 314022751 12 0
44.64 3 FBW_STATUS 0 0 112
44.76 3 DOWNLINK_STATUS 43 11479 730 0 693. 45.
44.77 3 ESTIMATOR 0. 0. 0. 0. 0.
44.87 3 BAT 73 112 0 0 66 0 0
44.88 3 CALIBRATION 0. 0.02 0.5 0
44.88 3 NAVIGATION 0 1 0 0 286 0. 140.5
44.98 3 WP_MOVED 2 497622.6875 3565498.5 770.
44.99 3 CALIB_CONTRAST 977
45.09 3 SERVO -2104 -7128 73
45.10 3 DESIRED 0.01 -0. 0. 0. 761. 0.
45.22 3 IR_DEBUG 738 502 738 502
45.26 3 NAVIGATION 0 1 0 0 286 0. 140.5
45.45 3 ATTITUDE 27 0 -15
45.64 3 DOWNLINK_STATUS 44 11637 741 0 158. 11.
45.78 3 GPS 0 50629135 356637241 0 85628 0 0 314023251 12 0
45.78 3 ESTIMATOR 0. 0. 0. 0. 0.
45.89 3 DL_VALUE 25 20000.
45.89 3 NAVIGATION 0 1 0 0 286 0. 140.5
46.01 3 WP_MOVED 3 497546.40625 3565495.5 770.
46.11 3 RAD_OF_IR 161 0 0.00194
46.23 3 GPS 0 50629135 356637241 0 85628 0 0 314023499 12 0
46.46 3 IR_SENSORS -864 161 1
46.57 3 COMMANDS 72,494,-64,-88
46.57 3 NAVIGATION 0 1 0 0 286 0. 140.5
46.68 3 ATTITUDE 26 0 -15
46.80 3 GYRO_RATES 0 36 12 -0. 0.314159 -0.10472
46.81 3 FBW_STATUS 0 0 112
46.81 3 ESTIMATOR 0. 0. 0. 0. 0.
46.92 3 GPS 0 50629135 356637241 0 85628 0 0 314023751 12 0
46.92 3 NAVIGATION 0 1 0 0 286 0. 140.5
47.03 3 WP_MOVED 4 497575. 3565498. 0.
47.03 3 CALIB_CONTRAST 977
47.04 3 GPS 0 50629135 356637241 0 85628 0 0 314023999 12 0
47.04 3 DESIRED 0.01 -0. 0. 0. 761. 0.
47.04 3 NAVIGATION 0 1 0 0 286 0. 140.5
47.16 3 ATTITUDE 27 0 -15
47.16 3 ESTIMATOR 0. 0. 0. 0. 0.
47.28 3 DOWNLINK_STATUS 45 12020 764 0 383. 23.
47.50 3 GPS 0 50629135 356637241 0 85628 0 0 314024251 12 0
47.54 3 DL_VALUE 26 0.75
47.54 3 NAVIGATION 0 1 0 0 286 0. 140.5
47.54 3 WP_MOVED 0 497617. 3565540. 770.
47.54 3 RAD_OF_IR 165 0 0.00194
47.54 3 IR_SENSORS -866 166 1
47.88 3 GPS 0 50629135 356637241 0 85628 0 0 314024499 12 0
48.01 3 COMMANDS 73,491,-66,-90
48.02 3 NAVIGATION 0 1 0 0 286 0. 140.5
48.02 3 ATTITUDE 27 0 -15
48.02 3 GYRO_RATES 0 36 12 -0. 0.314159 -0.10472
48.02 3 FBW_STATUS 0 0 112
48.03 3 ESTIMATOR 0. 0. 0. 0. 0.
48.22 3 BAT 72 112 0 0 68 0 0
48.44 3 GPS 0 50629135 356637241 0 85628 0 0 314024751 12 0
48.44 3 ACTUATORS 1522,1529,0,1206,1504
48.45 3 CALIBRATION 0. 0.02 0.5 0
48.45 3 NAVIGATION 0 1 0 0 286 0. 140.5
48.56 3 WP_MOVED 1 497586.6875 3565500. 770.
48.57 3 CALIB_CONTRAST 977
48.69 3 SERVO -2192 -7128 72
48.70 3 DESIRED 0.01 -0. 0. 0. 761. 0.
48.80 3 IR_DEBUG 738 501 738 501
48.91 3 DOWNLINK_STATUS 47 12366 787 0 346. 23.
49.02 3 GPS 0 50629135 356637241 0 85628 0 0 314024999 12 0
49.03 3 NAVIGATION 0 1 0 0 286 0. 140.5
49.03 3 ATTITUDE 27 0 -15
49.13 3 PPRZ_MODE 0 0 3 0 0 17 0
49.14 3 ESTIMATOR 0. 0. 0. 0. 0.
49.26 3 DL_VALUE 27 10000.
49.51 3 GPS 0 50629135 356637241 0 85628 0 0 314025251 12 0
49.51 3 NAVIGATION 0 1 0 0 286 0. 140.5
49.62 3 WP_MOVED 2 497622.6875 3565498.5 770.
49.73 3 RAD_OF_IR 168 0 0.00194
49.84 3 IR_SENSORS -867 168 1
49.96 3 COMMANDS 73,494,-64,-88
49.96 3 NAVIGATION 0 1 0 0 286 0. 140.5
50.09 3 GPS 0 50629135 356637241 0 85628 0 0 314025499 12 0
50.21 3 SVINFO 2 28 12 7 34 56 299
50.31 3 ATTITUDE 28 0 -15
50.55 3 GYRO_RATES -1 36 12 0.008727 0.314159 -0.10472
50.55 3 FBW_STATUS 0 0 112
50.56 3 NAVIGATION 0 1 0 0 286 0. 140.5
50.70 3 GPS 0 50629135 356637241 0 85628 0 0 314025751 12 0
50.81 3 DOWNLINK_STATUS 49 12679 807 0 313. 20.
50.92 3 WP_MOVED 3 497546.40625 3565495.5 770.
50.92 3 CALIB_CONTRAST 977
50.93 3 DESIRED 0.01 -0. 0. 0. 761. 0.
50.93 3 NAVIGATION 0 1 0 0 286 0. 140.5
51.03 3 ATTITUDE 28 0 -16
51.14 3 GPS 0 50629135 356637241 0 85628 0 0 314025999 12 0
51.14 3 ESTIMATOR 0. 0. 0. 0. 0.
51.26 3 DL_VALUE 28 10000.
51.30 3 NAVIGATION 0 1 0 0 286 0. 140.5
51.30 3 GPS 0 50629135 356637241 0 85628 0 0 314026251 12 0
51.51 3 WP_MOVED 4 497575. 3565498. 0.
51.61 3 RAD_OF_IR 171 0 0.00194
51.73 3 IR_SENSORS -871 172 1
51.73 3 COMMANDS 73,494,-64,-88
51.73 3 NAVIGATION 0 1 0 0 286 0. 140.5
51.84 3 ATTITUDE 29 0 -16
51.84 3 GYRO_RATES -1 36 12 0.008727 0.314159 -0.10472
51.95 3 GPS 0 50629135 356637241 0 85628 0 0 314026499 12 0
52.05 3 SVINFO 6 26 12 7 34 24 316
52.06 3 FBW_STATUS 0 0 112
52.16 3 BAT 73 112 0 0 70 0 0
52.17 3 CALIBRATION 0. 0.02 0.5 0
52.17 3 NAVIGATION 0 1 0 0 286 0. 140.5
52.29 3 DOWNLINK_STATUS 50 13030 830 0 351. 23.
52.51 3 WP_MOVED 0 497617. 3565540. 770.
52.52 3 CALIB_CONTRAST 977
52.62 3 SERVO -1886 -7610 72
52.74 3 GPS 0 50629135 356637241 0 85628 0 0 314026751 12 0
52.90 3 DESIRED 0.01 -0. 0. 0. 761. 0.
53.01 3 IR_DEBUG 752 497 752 497
53.01 3 NAVIGATION 0 1 0 0 286 0. 140.5
53.14 3 ATTITUDE 29 0 -17
53.26 3 GPS 0 50629135 356637241 0 85628 0 0 314026999 12 0
53.31 3 ESTIMATOR 0. 0. 0. 0. 0.
53.38 3 DL_VALUE 29 0.3
53.38 3 NAVIGATION 0 1 0 0 286 0. 140.5
53.65 3 WP_MOVED 1 497586.6875 3565500. 770.
53.76 3 RAD_OF_IR 181 0 0.00194
53.80 3 NAVIGATION_REF 497575 3565498 12
53.91 3 GPS 0 50629135 356637241 0 85628 0 0 314027251 12 0
54.07 3 IR_SENSORS -878 181 1
54.22 3 COMMANDS 72,494,-66,-90
54.22 3 NAVIGATION 0 1 0 0 286 0. 140.5
54.33 3 ATTITUDE 30 0 -17
54.57 3 GYRO_RATES 0 36 12 -0. 0.314159 -0.10472
54.57 3 FBW_STATUS 0 0 112
54.58 3 ESTIMATOR 0. 0. 0. 0. 0.
54.72 3 GPS 0 50629135 356637241 0 85628 0 0 314027499 12 0
54.83 3 DOWNLINK_STATUS 53 13402 854 0 372. 24.
54.83 3 NAVIGATION 0 1 0 0 286 0. 140.5
54.99 3 WP_MOVED 2 497622.6875 3565498.5 770.
54.99 3 CALIB_CONTRAST 977
55.10 3 GPS 0 50629135 356637241 0 85628 0 0 314027751 12 0
55.11 3 DESIRED 0.01 -0. 0. 0. 761. 0.
55.11 3 NAVIGATION 0 1 0 0 286 0. 140.5
55.22 3 ATTITUDE 29 0 -17
55.23 3 ESTIMATOR 0. 0. 0. 0. 0.
55.23 3 GPS 0 50629135 356637241 0 85628 0 0 314027999 12 0
55.34 3 DL_VALUE 30 0.36
55.55 3 DOWNLINK_STATUS 54 13574 864 0 172. 10.
55.56 3 NAVIGATION 0 1 0 0 286 0. 140.5
55.67 3 WP_MOVED 3 497546.40625 3565495.5 770.
55.78 3 RAD_OF_IR 179 0 0.00194
55.89 3 IR_SENSORS -873 180 1
56.00 3 GPS 0 50629135 356637241 0 85628 0 0 314028251 12 0
56.23 3 COMMANDS 73,496,-63,-90
56.23 3 NAVIGATION 0 1 0 0 286 0. 140.5
56.34 3 ATTITUDE 30 0 -17
56.34 3 GYRO_RATES 0 36 12 -0. 0.314159 -0.10472
56.35 3 FBW_STATUS 0 0 112
56.35 3 ESTIMATOR 0. 0. 0. 0. 0.
56.56 3 BAT 72 112 0 0 72 0 0
56.67 3 GPS 0 50629135 356637241 0 85628 0 0 314028499 12 0
56.67 3 CALIBRATION 0. 0.02 0.5 0
56.67 3 NAVIGATION 0 1 0 0 286 0. 140.5
56.74 3 WP_MOVED 4 497575. 3565498. 0.
56.78 3 CALIB_CONTRAST 977
56.78 3 SERVO -1798 -7828 73
56.78 3 DESIRED 0.01 -0. 0. 0. 761. 0.
56.78 3 IR_DEBUG 756 495 756 495
56.78 3 GPS 0 50629135 356637241 0 85628 0 0 314028751 12 0
56.78 3 NAVIGATION 0 1 0 0 286 0. 140.5
56.78 3 ATTITUDE 30 0 -17
56.78 3 DOWNLINK_STATUS 55 13926 887 0 352. 23.
56.78 3 ESTIMATOR 0. 0. 0. 0. 0.
56.78 3 DL_VALUE 31 0.01
56.78 3 GPS 0 50629135 356637241 0 85628 0 0 314028999 12 0
56.78 3 NAVIGATION 0 1 0 0 286 0. 140.5
56.78 3 WP_MOVED 0 497617. 3565540. 770.
56.78 3 RAD_OF_IR 180 0 0.00194
56.78 3 IR_SENSORS -873 180 1
56.78 3 COMMANDS 72,496,-63,-88
56.78 3 NAVIGATION 0 1 0 0 286 0. 140.5
56.78 3 ATTITUDE 29 0 -16
56.78 3 GYRO_RATES 0 36 12 -0. 0.314159 -0.10472
56.78 3 GPS 0 50629135 356637241 0 85628 0 0 314029251 12 0
56.78 3 FBW_STATUS 0 0 112
57.05 3 ESTIMATOR 0. 0. 0. 0. 0.
57.05 3 ACTUATORS 1522,1529,0,1206,1504
57.06 3 NAVIGATION 0 1 0 0 286 0. 140.5
57.06 3 GPS 0 50629135 356637241 0 85628 0 0 314029499 12 0
57.16 3 SVINFO 2 28 12 7 34 56 299
57.28 3 WP_MOVED 1 497586.6875 3565500. 770.
57.33 3 CALIB_CONTRAST 977
57.64 3 DESIRED 0.01 -0. 0. 0. 761. 0.
57.64 3 NAVIGATION 0 1 0 0 286 0. 140.5
57.64 3 ATTITUDE 29 0 -16
57.64 3 PPRZ_MODE 0 0 3 0 0 17 0
57.64 3 GPS 0 50629135 356637241 0 85628 0 0 314029751 12 0
57.65 3 ESTIMATOR 0. 0. 0. 0. 0.
57.65 3 DL_VALUE 32 0.02
57.65 3 NAVIGATION 0 1 0 0 286 0. 140.5
57.66 3 GPS 0 50629135 356637241 0 85628 0 0 314029999 12 0
57.66 3 WP_MOVED 2 497622.6875 3565498.5 770.
57.66 3 RAD_OF_IR 181 0 0.00194
57.74 3 IR_SENSORS -869 181 1
57.74 3 COMMANDS 73,491,-66,-88
57.74 3 NAVIGATION 0 1 0 0 286 0. 140.5
57.74 3 ATTITUDE 30 0 -16
57.74 3 GYRO_RATES 0 36 12 -0. 0.314159 -0.10472
57.75 3 GPS 0 50629135 356637241 0 85628 0 0 314030251 12 0
57.75 3 FBW_STATUS 0 0 112
57.76 3 ESTIMATOR 0. 0. 0. 0. 0.
57.76 3 BAT 72 112 0 0 74 0 0
57.76 3 CALIBRATION 0. 0.02 0.5 0
57.76 3 NAVIGATION 0 1 0 0 286 0. 140.5
57.76 3 WP_MOVED 3 497546.40625 3565495.5 770.
57.76 3 CALIB_CONTRAST 977
57.76 3 SERVO -2061 -7741 73
57.83 3 DOWNLINK_STATUS 56 14611 932 0 685. 45.
57.84 3 SVINFO 6 26 12 7 34 24 316
57.84 3 DESIRED 0.01 -0. 0. 0. 761. 0.
57.84 3 IR_DEBUG 750 492 750 492
57.84 3 NAVIGATION 0 1 0 0 286 0. 140.5
57.84 3 ATTITUDE 29 0 -16
57.84 3 GPS 0 50629135 356637241 0 85628 0 0 314030751 12 0
57.84 3 ESTIMATOR 0. 0. 0. 0. 0.
57.85 3 DL_VALUE 33 0.
57.85 3 NAVIGATION 0 1 0 0 286 0. 140.5
57.85 3 WP_MOVED 4 497575. 3565498. 0.
57.85 3 RAD_OF_IR 179 0 0.00194
57.85 3 GPS 0 50629135 356637241 0 85628 0 0 314030999 12 0
57.85 3 IR_SENSORS -868 179 1
57.86 3 COMMANDS 72,493,-66,-88
57.86 3 NAVIGATION 0 1 0 0 286 0. 140.5
57.86 3 ATTITUDE 29 0 -16
57.86 3 GYRO_RATES -1 36 12 0.008727 0.314159 -0.10472
57.86 3 FBW_STATUS 0 0 112
57.86 3 ESTIMATOR 0. 0. 0. 0. 0.
57.86 3 GPS 0 50629135 356637241 0 85628 0 0 314031251 12 0
57.87 3 NAVIGATION 0 1 0 0 286 0. 140.5
57.87 3 WP_MOVED 0 497617. 3565540. 770.
57.87 3 CALIB_CONTRAST 977
57.87 3 GPS 0 50629135 356637241 0 85628 0 0 314031499 12 0
57.87 3 DESIRED 0.01 -0. 0. 0. 761. 0.
57.87 3 NAVIGATION 0 1 0 0 286 0. 140.5
57.87 3 ATTITUDE 29 0 -15
57.87 3 ESTIMATOR 0. 0. 0. 0. 0.
57.88 3 GPS 0 50629135 356637241 0 85628 0 0 314031751 12 0
57.88 3 DL_VALUE 34 0.01
57.88 3 NAVIGATION 0 1 0 0 286 0. 140.5
57.88 3 WP_MOVED 1 497586.6875 3565500. 770.
57.88 3 RAD_OF_IR 177 0 0.00194
57.88 3 IR_SENSORS -864 177 1
57.89 3 GPS 0 50629135 356637241 0 85628 0 0 314031999 12 0
57.89 3 COMMANDS 73,494,-64,-90
57.89 3 NAVIGATION 0 1 0 0 286 0. 140.5
57.89 3 ATTITUDE 29 0 -15
57.89 3 GYRO_RATES 0 36 12 -0. 0.314159 -0.10472
57.89 3 FBW_STATUS 0 0 112
57.90 3 ESTIMATOR 0. 0. 0. 0. 0.
57.90 3 BAT 72 112 0 0 76 0 0
57.90 3 GPS 0 50629135 356637241 0 85628 0 0 314032251 12 0
57.90 3 CALIBRATION 0. 0.02 0.5 0
57.90 3 NAVIGATION 0 1 0 0 286 0. 140.5
57.91 3 WP_MOVED 2 497622.6875 3565498.5 770.
57.91 3 CALIB_CONTRAST 977
57.91 3 SERVO -2367 -7478 72
57.91 3 DESIRED 0.01 -0. 0. 0. 761. 0.
57.91 3 IR_DEBUG 741 491 741 491
57.91 3 GPS 0 50629135 356637241 0 85628 0 0 314032499 12 0
57.91 3 NAVIGATION 0 1 0 0 286 0. 140.5
57.91 3 ATTITUDE 29 0 -15
57.91 3 ESTIMATOR 0. 0. 0. 0. 0.
57.92 3 DL_VALUE 35 1.
57.92 3 GPS 0 50629135 356637241 0 85628 0 0 314032751 12 0
57.92 3 NAVIGATION 0 1 0 0 286 0. 140.5
57.92 3 WP_MOVED 3 497546.40625 3565495.5 770.
57.92 3 RAD_OF_IR 174 0 0.00194
57.92 3 IR_SENSORS -863 173 1
57.93 3 GPS 0 50629135 356637241 0 85628 0 0 314032999 12 0
57.93 3 COMMANDS 73,494,-64,-90
57.93 3 NAVIGATION 0 1 0 0 286 0. 140.5
57.93 3 ATTITUDE 28 0 -15
57.93 3 GYRO_RATES 0 36 12 -0. 0.314159 -0.10472
57.93 3 FBW_STATUS 0 0 112
57.93 3 ESTIMATOR 0. 0. 0. 0. 0.
57.94 3 NAVIGATION 0 1 0 0 286 0. 140.5
57.94 3 GPS 0 50629135 356637241 0 85628 0 0 314033251 12 0
57.95 3 WP_MOVED 4 497575. 3565498. 0.
57.95 3 CALIB_CONTRAST 977
57.95 3 DESIRED 0.01 -0. 0. 0. 761. 0.
57.95 3 NAVIGATION 0 1 0 0 286 0. 140.5
57.95 3 ATTITUDE 28 0 -15
57.95 3 GPS 0 50629135 356637241 0 85628 0 0 314033499 12 0
57.95 3 SVINFO 2 28 12 7 34 56 300
57.95 3 ESTIMATOR 0. 0. 0. 0. 0.
57.95 3 DL_VALUE 36 0.44
57.96 3 NAVIGATION 0 1 0 0 286 0. 140.5
57.96 3 GPS 0 50629135 356637241 0 85628 0 0 314033751 12 0
57.96 3 WP_MOVED 0 497617. 3565540. 770.
57.96 3 RAD_OF_IR 169 0 0.00194
57.97 3 IR_SENSORS -864 170 1
57.97 3 COMMANDS 73,494,-64,-91
57.97 3 NAVIGATION 0 1 0 0 286 0. 140.5
57.97 3 ATTITUDE 28 0 -15
57.97 3 GYRO_RATES 0 36 12 -0. 0.314159 -0.10472
57.97 3 GPS 0 50629135 356637241 0 85628 0 0 314033999 12 0
57.97 3 FBW_STATUS 0 0 112
57.97 3 BAT 72 112 0 0 78 0 0
57.97 3 ACTUATORS 1522,1529,0,1206,1504
57.97 3 CALIBRATION 0. 0.02 0.5 0
57.98 3 NAVIGATION 0 1 0 0 286 0. 140.5
57.98 3 WP_MOVED 1 497586.6875 3565500. 770.
57.98 3 CALIB_CONTRAST 977
57.98 3 SERVO -2280 -7303 72
57.98 3 GPS 0 50629135 356637241 0 85628 0 0 314034251 12 0
57.98 3 DESIRED 0.01 -0. 0. 0. 761. 0.
57.98 3 IR_DEBUG 739 496 739 496
57.99 3 NAVIGATION 0 1 0 0 286 0. 140.5
57.99 3 ATTITUDE 28 0 -15
57.99 3 PPRZ_MODE 0 0 3 0 0 17 0
57.99 3 GPS 0 50629135 356637241 0 85628 0 0 314034499 12 0
57.99 3 SVINFO 6 26 12 7 34 24 316
57.99 3 ESTIMATOR 0. 0. 0. 0. 0.
58.00 3 DL_VALUE 37 0.36
58.00 3 NAVIGATION 0 1 0 0 286 0. 140.5
58.00 3 WP_MOVED 2 497622.6875 3565498.5 770.
58.00 3 RAD_OF_IR 170 0 0.00194
58.00 3 GPS 0 50629135 356637241 0 85628 0 0 314034751 12 0
58.00 3 IR_SENSORS -863 170 1
58.01 3 COMMANDS 72,493,-66,-88
58.01 3 NAVIGATION 0 1 0 0 286 0. 140.5
58.01 3 ATTITUDE 28 0 -15
58.01 3 GYRO_RATES 0 36 12 -0. 0.314159 -0.10472
58.01 3 FBW_STATUS 0 0 112
58.01 3 ESTIMATOR 0. 0. 0. 0. 0.
58.01 3 GPS 0 50629135 356637241 0 85628 0 0 314034999 12 0
58.01 3 NAVIGATION 0 1 0 0 286 0. 140.5
58.02 3 WP_MOVED 3 497546.40625 3565495.5 770.
58.02 3 CALIB_CONTRAST 977
58.02 3 GPS 0 50629135 356637241 0 85628 0 0 314035251 12 0
58.02 3 DESIRED 0.01 -0. 0. 0. 761. 0.
58.02 3 NAVIGATION 0 1 0 0 286 0. 140.5
58.02 3 ATTITUDE 28 0 -15
58.02 3 ESTIMATOR 0. 0. 0. 0. 0.
58.03 3 GPS 0 50629135 356637241 0 85628 0 0 314035499 12 0
58.03 3 DL_VALUE 38 0.1
58.03 3 NAVIGATION 0 1 0 0 286 0. 140.5
58.03 3 WP_MOVED 4 497575. 3565498. 0.
58.03 3 RAD_OF_IR 170 0 0.00194
58.03 3 NAVIGATION_REF 497575 3565498 12
58.03 3 IR_SENSORS -864 170 1
58.03 3 GPS 0 50629135 356637241 0 85628 0 0 314035751 12 0
58.15 3 COMMANDS 72,494,-66,-90
58.15 3 NAVIGATION 0 1 0 0 286 0. 140.5
58.15 3 ATTITUDE 28 0 -15
58.15 3 GYRO_RATES -1 36 13 0.008727 0.314159 -0.113446
58.15 3 FBW_STATUS 0 0 112
58.15 3 ESTIMATOR 0. 0. 0. 0. 0.
58.15 3 BAT 74 112 0 0 80 0 0
58.16 3 GPS 0 50629135 356637241 0 85628 0 0 314035999 12 0
58.16 3 CALIBRATION 0. 0.02 0.5 0
58.16 3 NAVIGATION 0 1 0 0 286 0. 140.5
58.16 3 WP_MOVED 0 497617. 3565540. 770.
58.16 3 CALIB_CONTRAST 977
58.16 3 SERVO -2236 -7478 72
58.16 3 DESIRED 0.01 -0. 0. 0. 761. 0.
58.16 3 IR_DEBUG 741 496 741 496
58.17 3 GPS 0 50629135 356637241 0 85628 0 0 314036251 12 0
58.17 3 NAVIGATION 0 1 0 0 286 0. 140.5
58.17 3 ATTITUDE 28 0 -15
58.17 3 ESTIMATOR 0. 0. 0. 0. 0.
58.17 3 DL_VALUE 39 0.
58.17 3 GPS 0 50629135 356637241 0 85628 0 0 314036499 12 0
58.17 3 NAVIGATION 0 1 0 0 286 0. 140.5
58.18 3 WP_MOVED 1 497586.6875 3565500. 770.
58.18 3 RAD_OF_IR 173 0 0.00194
58.18 3 IR_SENSORS -866 173 1
58.18 3 GPS 0 50629135 356637241 0 85628 0 0 314036751 12 0
58.18 3 COMMANDS 72,494,-64,-90
58.18 3 NAVIGATION 0 1 0 0 286 0. 140.5
58.18 3 ATTITUDE 29 0 -15
58.18 3 GYRO_RATES -1 36 12 0.008727 0.314159 -0.10472
58.18 3 FBW_STATUS 0 0 112
58.19 3 ESTIMATOR 0. 0. 0. 0. 0.
58.19 3 NAVIGATION 0 1 0 0 286 0. 140.5
58.19 3 GPS 0 50629135 356637241 0 85628 0 0 314036999 12 0
58.19 3 WP_MOVED 2 497622.6875 3565498.5 770.
58.19 3 CALIB_CONTRAST 977
58.19 3 DESIRED 0.01 -0. 0. 0. 761. 0.
58.20 3 NAVIGATION 0 1 0 0 286 0. 140.5
58.20 3 ATTITUDE 29 0 -15
58.20 3 GPS 0 50629135 356637241 0 85628 0 0 314037251 12 0
58.21 3 ESTIMATOR 0. 0. 0. 0. 0.
58.25 3 DL_VALUE 40 0.5
58.25 3 NAVIGATION 0 1 0 0 286 0. 140.5
58.25 3 GPS 0 50629135 356637241 0 85628 0 0 314037499 12 0
58.25 3 SVINFO 2 28 12 7 34 56 300
58.25 3 WP_MOVED 3 497546.40625 3565495.5 770.
58.25 3 RAD_OF_IR 177 0 0.00194
58.25 3 IR_SENSORS -867 176 1
58.25 3 COMMANDS 72,496,-64,-90
58.25 3 NAVIGATION 0 1 0 0 286 0. 140.5
58.25 3 ATTITUDE 29 0 -15
58.25 3 GYRO_RATES 0 36 13 -0. 0.314159 -0.113446
58.25 3 GPS 0 50629135 356637241 0 85628 0 0 314037751 12 0
58.25 3 FBW_STATUS 0 0 112
58.25 3 ESTIMATOR 0. 0. 0. 0. 0.
58.25 3 BAT 72 112 0 0 82 0 0
58.25 3 CALIBRATION 0. 0.02 0.5 0
58.25 3 NAVIGATION 0 1 0 0 286 0. 140.5
58.25 3 WP_MOVED 4 497575. 3565498. 0.
58.25 3 CALIB_CONTRAST 977
58.25 3 SERVO -2104 -7697 73
58.25 3 DESIRED 0.01 -0. 0. 0. 761. 0.
58.25 3 IR_DEBUG 744 494 744 494
58.25 3 NAVIGATION 0 1 0 0 286 0. 140.5
58.25 3 ATTITUDE 29 0 -15
58.26 3 GPS 0 50629135 356637241 0 85628 0 0 314038251 12 0
58.26 3 ESTIMATOR 0. 0. 0. 0. 0.
58.26 3 DL_VALUE 41 1.
58.26 3 NAVIGATION 0 1 0 0 286 0. 140.5
58.26 3 WP_MOVED 0 497617. 3565540. 770.
58.26 3 RAD_OF_IR 173 0 0.00194
58.26 3 GPS 0 50629135 356637241 0 85628 0 0 314038499 12 0
58.26 3 SVINFO 6 26 12 7 34 24 316
58.26 3 IR_SENSORS -864 172 1
58.26 3 COMMANDS 73,493,-66,-88
58.26 3 NAVIGATION 0 1 0 0 286 0. 140.5
58.26 3 ATTITUDE 28 0 -15
58.26 3 GYRO_RATES 0 36 13 -0. 0.314159 -0.113446
58.29 3 FBW_STATUS 0 0 112
58.29 3 ESTIMATOR 0. 0. 0. 0. 0.
58.29 3 GPS 0 50629135 356637241 0 85628 0 0 314038751 12 0
58.29 3 ACTUATORS 1522,1529,0,1206,1504
58.29 3 NAVIGATION 0 1 0 0 286 0. 140.5
58.29 3 WP_MOVED 1 497586.6875 3565500. 770.
58.29 3 CALIB_CONTRAST 977
58.38 3 GPS 0 50629135 356637241 0 85628 0 0 314038999 12 0
58.38 3 DESIRED 0.01 -0. 0. 0. 761. 0.
58.38 3 NAVIGATION 0 1 0 0 286 0. 140.5
58.38 3 ATTITUDE 28 0 -15
58.38 3 PPRZ_MODE 0 0 3 0 0 17 0
58.38 3 ESTIMATOR 0. 0. 0. 0. 0.
58.39 3 GPS 0 50629135 356637241 0 85628 0 0 314039251 12 0
58.39 3 DL_VALUE 42 0.
58.39 3 NAVIGATION 0 1 0 0 286 0. 140.5
58.39 3 WP_MOVED 2 497622.6875 3565498.5 770.
58.40 3 RAD_OF_IR 173 0 0.00194
58.40 3 IR_SENSORS -867 172 1
58.41 3 GPS 0 50629135 356637241 0 85628 0 0 314039499 12 0
58.41 3 COMMANDS 72,493,-67,-86
58.41 3 NAVIGATION 0 1 0 0 286 0. 140.5
58.41 3 ATTITUDE 28 0 -16
58.41 3 GYRO_RATES 0 36 13 -0. 0.314159 -0.113446
58.45 3 FBW_STATUS 0 0 112
58.46 3 ESTIMATOR 0. 0. 0. 0. 0.
58.46 3 BAT 72 112 0 0 84 0 0
58.47 3 GPS 0 50629135 356637241 0 85628 0 0 314039751 12 0
58.47 3 CALIBRATION 0. 0.02 0.5 0
58.47 3 NAVIGATION 0 1 0 0 286 0. 140.5
58.47 3 WP_MOVED 3 497546.40625 3565495.5 770.
58.47 3 CALIB_CONTRAST 977
58.47 3 SERVO -2104 -7565 73
58.48 3 DESIRED 0.01 -0. 0. 0. 761. 0.
58.48 3 IR_DEBUG 744 497 744 497
58.48 3 GPS 0 50629135 356637241 0 85628 0 0 314039999 12 0
58.48 3 NAVIGATION 0 1 0 0 286 0. 140.5
58.48 3 ATTITUDE 28 0 -16
58.48 3 ESTIMATOR 0. 0. 0. 0. 0.
58.48 3 DL_VALUE 0 761.
58.49 3 GPS 0 50629135 356637241 0 85628 0 0 314040251 12 0
58.49 3 NAVIGATION 0 1 0 0 286 0. 140.5
58.49 3 WP_MOVED 4 497575. 3565498. 0.
58.49 3 RAD_OF_IR 171 0 0.00194
58.49 3 IR_SENSORS -868 172 1
58.50 3 COMMANDS 72,493,-67,-90
58.50 3 NAVIGATION 0 1 0 0 286 0. 140.5
58.50 3 GPS 0 50629135 356637241 0 85628 0 0 314040499 12 0
58.50 3 ATTITUDE 28 0 -16
58.50 3 GYRO_RATES 0 36 13 -0. 0.314159 -0.113446
58.50 3 FBW_STATUS 0 0 112
58.50 3 ESTIMATOR 0. 0. 0. 0. 0.
58.51 3 NAVIGATION 0 1 0 0 286 0. 140.5
58.51 3 GPS 0 50629135 356637241 0 85628 0 0 314040751 12 0
58.52 3 WP_MOVED 0 497617. 3565540. 770.
58.52 3 CALIB_CONTRAST 977
58.52 3 DESIRED 0.01 -0. 0. 0. 761. 0.
58.52 3 NAVIGATION 0 1 0 0 286 0. 140.5
58.52 3 ATTITUDE 28 0 -16
58.52 3 GPS 0 50629135 356637241 0 85628 0 0 314040999 12 0
58.52 3 ESTIMATOR 0. 0. 0. 0. 0.
58.53 3 DL_VALUE 1 1.
58.53 3 NAVIGATION 0 1 0 0 286 0. 140.5
58.53 3 GPS 0 50629135 356637241 0 85628 0 0 314041251 12 0
58.53 3 WP_MOVED 1 497586.6875 3565500. 770.
58.53 3 RAD_OF_IR 172 0 0.00194
58.54 3 IR_SENSORS -870 172 1
58.54 3 COMMANDS 72,493,-66,-86
58.54 3 NAVIGATION 0 1 0 0 286 0. 140.5
58.54 3 ATTITUDE 28 0 -16
58.54 3 GYRO_RATES 0 36 12 -0. 0.314159 -0.10472
58.54 3 GPS 0 50629135 356637241 0 85628 0 0 314041499 12 0
58.54 3 SVINFO 2 28 12 7 34 56 300
58.54 3 FBW_STATUS 0 0 112
58.55 3 BAT 72 112 0 0 86 0 0
58.55 3 CALIBRATION 0. 0.02 0.5 0
58.67 3 NAVIGATION 0 1 0 0 286 0. 140.5
58.68 3 WP_MOVED 2 497622.6875 3565498.5 770.
58.68 3 CALIB_CONTRAST 977
58.68 3 SERVO -2104 -7478 72
58.68 3 GPS 0 50629135 356637241 0 85628 0 0 314041751 12 0
58.68 3 DESIRED 0.01 -0. 0. 0. 761. 0.
58.68 3 IR_DEBUG 746 496 746 496
58.68 3 NAVIGATION 0 1 0 0 286 0. 140.5
58.68 3 ATTITUDE 29 0 -16
58.69 3 GPS 0 50629135 356637241 0 85628 0 0 314041999 12 0
58.69 3 ESTIMATOR 0. 0. 0. 0. 0.
58.69 3 DL_VALUE 2 0.
58.69 3 NAVIGATION 0 1 0 0 286 0. 140.5
58.69 3 WP_MOVED 3 497546.40625 3565495.5 770.
58.69 3 RAD_OF_IR 174 0 0.00194
58.70 3 GPS 0 50629135 356637241 0 85628 0 0 314042251 12 0
58.70 3 IR_SENSORS -869 174 1
58.70 3 COMMANDS 72,493,-66,-88
58.70 3 NAVIGATION 0 1 0 0 286 0. 140.5
58.70 3 ATTITUDE 29 0 -16
58.70 3 GYRO_RATES -1 36 13 0.008727 0.314159 -0.113446
58.72 3 FBW_STATUS 0 0 112
58.76 3 ESTIMATOR 0. 0. 0. 0. 0.
58.76 3 GPS 0 50629135 356637241 0 85628 0 0 314042499 12 0
58.76 3 SVINFO 6 26 12 7 34 25 316
58.76 3 NAVIGATION 0 1 0 0 286 0. 140.5
58.76 3 WP_MOVED 4 497575. 3565498. 0.
58.76 3 CALIB_CONTRAST 977
58.76 3 GPS 0 50629135 356637241 0 85628 0 0 314042751 12 0
58.76 3 DESIRED 0.01 -0. 0. 0. 761. 0.
58.76 3 NAVIGATION 0 1 0 0 286 0. 140.5
58.76 3 ATTITUDE 28 0 -16
58.76 3 ESTIMATOR 0. 0. 0. 0. 0.
58.76 3 GPS 0 50629135 356637241 0 85628 0 0 314042999 12 0
58.76 3 DL_VALUE 3 0.
58.76 3 NAVIGATION 0 1 0 0 286 0. 140.5
58.76 3 WP_MOVED 0 497617. 3565540. 770.
58.76 3 RAD_OF_IR 172 0 0.00194
58.76 3 IR_SENSORS -868 172 1
58.76 3 GPS 0 50629135 356637241 0 85628 0 0 314043251 12 0
58.76 3 COMMANDS 72,494,-66,-88
58.76 3 NAVIGATION 0 1 0 0 286 0. 140.5
58.76 3 ATTITUDE 28 0 -16
58.76 3 GYRO_RATES -1 36 13 0.008727 0.314159 -0.113446
58.83 3 FBW_STATUS 0 0 112
58.83 3 ESTIMATOR 0. 0. 0. 0. 0.
58.83 3 BAT 72 112 0 0 88 0 0
58.83 3 ACTUATORS 1522,1529,0,1206,1504
58.83 3 GPS 0 50629135 356637241 0 85628 0 0 314043499 12 0
58.83 3 CALIBRATION 0. 0.02 0.5 0
58.83 3 NAVIGATION 0 1 0 0 286 0. 140.5
58.83 3 WP_MOVED 1 497586.6875 3565500. 770.
58.83 3 CALIB_CONTRAST 977
58.83 3 SERVO -2104 -7478 73
58.84 3 DESIRED 0.01 -0. 0. 0. 761. 0.
58.84 3 IR_DEBUG 745 497 745 497
58.84 3 DOWNLINK_STATUS 57 19989 1276 0 5378. 344.
58.84 3 GPS 0 50629135 356637241 0 85628 0 0 314043751 12 0
58.84 3 NAVIGATION 0 1 0 0 286 0. 140.5
58.84 3 ATTITUDE 29 0 -16
58.84 3 PPRZ_MODE 0 0 3 0 0 17 0
58.84 3 ESTIMATOR 0. 0. 0. 0. 0.
58.85 3 DL_VALUE 4 0.
58.85 3 GPS 0 50629135 356637241 0 85628 0 0 314043999 12 0
58.85 3 NAVIGATION 0 1 0 0 286 0. 140.5
58.85 3 WP_MOVED 2 497622.6875 3565498.5 770.
58.85 3 RAD_OF_IR 175 0 0.00194
58.85 3 NAVIGATION_REF 497575 3565498 12
58.85 3 IR_SENSORS -871 175 1
58.86 3 COMMANDS 73,493,-66,-90
58.86 3 NAVIGATION 0 1 0 0 286 0. 140.5
58.86 3 GPS 0 50629135 356637241 0 85628 0 0 314044251 12 0
58.86 3 ATTITUDE 29 0 -16
58.86 3 GYRO_RATES 0 36 13 -0. 0.314159 -0.113446
58.86 3 FBW_STATUS 0 0 112
58.86 3 ESTIMATOR 0. 0. 0. 0. 0.
58.87 3 NAVIGATION 0 1 0 0 286 0. 140.5
58.87 3 GPS 0 50629135 356637241 0 85628 0 0 314044499 12 0
58.87 3 WP_MOVED 3 497546.40625 3565495.5 770.
58.87 3 CALIB_CONTRAST 977
58.87 3 DESIRED 0.01 -0. 0. 0. 761. 0.
58.88 3 NAVIGATION 0 1 0 0 286 0. 140.5
58.88 3 ATTITUDE 29 0 -16
58.88 3 GPS 0 50629135 356637241 0 85628 0 0 314044751 12 0
58.88 3 ESTIMATOR 0. 0. 0. 0. 0.
58.88 3 DL_VALUE 5 0.
58.88 3 NAVIGATION 0 1 0 0 286 0. 140.5
58.88 3 GPS 0 50629135 356637241 0 85628 0 0 314044999 12 0
58.88 3 WP_MOVED 4 497575. 3565498. 0.
58.89 3 RAD_OF_IR 174 0 0.00194
58.89 3 IR_SENSORS -868 173 1
59.15 3 COMMANDS 73,493,-66,-91
59.15 3 NAVIGATION 0 1 0 0 286 0. 140.5
59.15 3 ATTITUDE 28 0 -16
59.15 3 GYRO_RATES -1 36 13 0.008727 0.314159 -0.113446
59.16 3 GPS 0 50629135 356637241 0 85628 0 0 314045251 12 0
59.16 3 FBW_STATUS 0 0 112
59.16 3 ESTIMATOR 0. 0. 0. 0. 0.
59.16 3 BAT 73 112 0 0 90 0 0
59.16 3 CALIBRATION 0. 0.02 0.5 0
59.16 3 NAVIGATION 0 1 0 0 286 0. 140.5
59.17 3 WP_MOVED 0 497617. 3565540. 770.
59.17 3 CALIB_CONTRAST 977
59.17 3 SERVO -2192 -7435 73
59.17 3 GPS 0 50629135 356637241 0 85628 0 0 314045499 12 0
59.17 3 SVINFO 2 28 12 7 35 56 300
59.17 3 DESIRED 0.01 -0. 0. 0. 761. 0.
59.17 3 IR_DEBUG 743 496 743 496
59.17 3 NAVIGATION 0 1 0 0 286 0. 140.5
59.17 3 ATTITUDE 28 0 -15
59.18 3 GPS 0 50629135 356637241 0 85628 0 0 314045751 12 0
59.18 3 ESTIMATOR 0. 0. 0. 0. 0.
59.18 3 DL_VALUE 6 0.
59.18 3 NAVIGATION 0 1 0 0 286 0. 140.5
59.18 3 WP_MOVED 1 497586.6875 3565500. 770.
59.18 3 RAD_OF_IR 174 0 0.00194
59.18 3 GPS 0 50629135 356637241 0 85628 0 0 314045999 12 0
59.18 3 IR_SENSORS -865 174 1
59.19 3 COMMANDS 72,491,-66,-90
59.19 3 NAVIGATION 0 1 0 0 286 0. 140.5
59.19 3 ATTITUDE 29 0 -15
59.19 3 GYRO_RATES 0 36 13 -0. 0.314159 -0.113446
59.19 3 FBW_STATUS 0 0 112
59.19 3 ESTIMATOR 0. 0. 0. 0. 0.
59.19 3 GPS 0 50629135 356637241 0 85628 0 0 314046251 12 0
59.20 3 NAVIGATION 0 1 0 0 286 0. 140.5
59.20 3 WP_MOVED 2 497622.6875 3565498.5 770.
59.20 3 CALIB_CONTRAST 977
59.20 3 GPS 0 50629135 356637241 0 85628 0 0 314046499 12 0
59.21 3 SVINFO 6 26 12 7 34 25 316
59.25 3 DESIRED 0.01 -0. 0. 0. 761. 0.
59.25 3 NAVIGATION 0 1 0 0 286 0. 140.5
59.25 3 ATTITUDE 29 0 -16
59.25 3 ESTIMATOR 0. 0. 0. 0. 0.
59.25 3 GPS 0 50629135 356637241 0 85628 0 0 314046751 12 0
59.25 3 DL_VALUE 7 0.
59.25 3 NAVIGATION 0 1 0 0 286 0. 140.5
59.25 3 GPS 0 50629135 356637241 0 85628 0 0 314049251 12 0
59.25 3 DESIRED 0.01 -0. 0. 0. 761. 0.
59.25 3 IR_DEBUG 739 496 739 496
59.25 3 NAVIGATION 0 1 0 0 286 0. 140.5
59.25 3 ATTITUDE 28 0 -15
59.25 3 GPS 0 50629135 356637241 0 85628 0 0 314049499 12 0
59.25 3 SVINFO 2 28 12 7 34 56 300
59.25 3 ESTIMATOR 0. 0. 0. 0. 0.
59.25 3 DL_VALUE 10 1.5
59.25 3 NAVIGATION 0 1 0 0 286 0. 140.5
59.25 3 WP_MOVED 4 497575. 3565498. 0.
59.25 3 RAD_OF_IR 168 0 0.00194
59.25 3 GPS 0 50629135 356637241 0 85628 0 0 314049751 12 0
59.25 3 IR_SENSORS -863 168 1
59.25 3 COMMANDS 72,493,-66,-88
59.25 3 NAVIGATION 0 1 0 0 286 0. 140.5
59.25 3 ATTITUDE 28 0 -15
59.25 3 GYRO_RATES -1 36 12 0.008727 0.314159 -0.10472
59.25 3 FBW_STATUS 0 0 112
59.25 3 ESTIMATOR 0. 0. 0. 0. 0.
59.25 3 GPS 0 50629135 356637241 0 85628 0 0 314049999 12 0
59.25 3 NAVIGATION 0 1 0 0 286 0. 140.5
59.25 3 WP_MOVED 0 497617. 3565540. 770.
59.25 3 CALIB_CONTRAST 977
59.26 3 GPS 0 50629135 356637241 0 85628 0 0 314050251 12 0
59.26 3 DESIRED 0.01 -0. 0. 0. 761. 0.
59.26 3 NAVIGATION 0 1 0 0 286 0. 140.5
59.26 3 ATTITUDE 27 0 -15
59.26 3 ESTIMATOR 0. 0. 0. 0. 0.
59.27 3 GPS 0 50629135 356637241 0 85628 0 0 314050499 12 0
59.27 3 SVINFO 6 26 12 7 35 25 316
59.27 3 DL_VALUE 11 1.5
59.27 3 NAVIGATION 0 1 0 0 286 0. 140.5
59.27 3 WP_MOVED 1 497586.6875 3565500. 770.
59.27 3 RAD_OF_IR 166 0 0.00194
59.37 3 IR_SENSORS -865 167 1
59.37 3 GPS 0 50629135 356637241 0 85628 0 0 314050751 12 0
59.38 3 COMMANDS 73,493,-66,-90
59.38 3 NAVIGATION 0 1 0 0 286 0. 140.5
59.38 3 ATTITUDE 28 0 -15
59.38 3 GYRO_RATES -1 36 13 0.008727 0.314159 -0.113446
59.38 3 FBW_STATUS 0 0 112
59.38 3 ESTIMATOR 0. 0. 0. 0. 0.
59.38 3 BAT 72 112 0 0 96 0 0
59.39 3 GPS 0 50629135 356637241 0 85628 0 0 314050999 12 0
59.39 3 CALIBRATION 0. 0.02 0.5 0
59.39 3 NAVIGATION 0 1 0 0 286 0. 140.5
59.39 3 WP_MOVED 2 497622.6875 3565498.5 770.
59.39 3 CALIB_CONTRAST 977
59.39 3 SERVO -2280 -7216 72
59.39 3 DESIRED 0.01 -0. 0. 0. 761. 0.
59.39 3 IR_DEBUG 738 497 738 497
59.40 3 GPS 0 50629135 356637241 0 85628 0 0 314051251 12 0
59.40 3 NAVIGATION 0 1 0 0 286 0. 140.5
59.40 3 ATTITUDE 28 0 -15
59.45 3 ESTIMATOR 0. 0. 0. 0. 0.
59.45 3 DL_VALUE 12 1.5
59.47 3 GPS 0 50629135 356637241 0 85628 0 0 314051499 12 0
59.47 3 NAVIGATION 0 1 0 0 286 0. 140.5
59.55 3 WP_MOVED 3 497546.40625 3565495.5 770.
59.55 3 RAD_OF_IR 168 0 0.00194
59.58 3 IR_SENSORS -862 169 1
59.75 3 DOWNLINK_STATUS 58 22244 1418 0 2255. 142.
59.92 3 COMMANDS 72,493,-66,-88
59.92 3 NAVIGATION 0 1 0 0 286 0. 140.5
59.92 3 GPS 0 50629135 356637241 0 85628 0 0 314051751 12 0
59.92 3 ATTITUDE 28 0 -14
59.92 3 GYRO_RATES -1 36 13 0.008727 0.314159 -0.113446
59.92 3 FBW_STATUS 0 0 112
60.00 3 ESTIMATOR 0. 0. 0. 0. 0.
60.00 3 NAVIGATION 0 1 0 0 286 0. 140.5
60.00 3 GPS 0 50629135 356637241 0 85628 0 0 314051999 12 0
60.00 3 WP_MOVED 4 497575. 3565498. 0.
60.00 3 CALIB_CONTRAST 977
60.08 3 DESIRED 0.01 -0. 0. 0. 761. 0.
60.15 3 NAVIGATION 0 1 0 0 286 0. 140.5
60.15 3 ATTITUDE 28 0 -15
60.18 3 GPS 0 50629135 356637241 0 85628 0 0 314052251 12 0
60.37 3 ESTIMATOR 0. 0. 0. 0. 0.
60.41 3 DL_VALUE 13 1.5
60.41 3 NAVIGATION 0 1 0 0 286 0. 140.5
60.52 3 GPS 0 50629135 356637241 0 85628 0 0 314052499 12 0
60.52 3 WP_MOVED 0 497617. 3565540. 770.
60.52 3 RAD_OF_IR 172 0 0.00194
60.52 3 NAVIGATION_REF 497575 3565498 12
60.54 3 IR_SENSORS -863 172 1
60.75 3 DOWNLINK_STATUS 59 22616 1441 0 372. 23.
60.90 3 COMMANDS 72,493,-66,-88
60.91 3 NAVIGATION 0 1 0 0 286 0. 140.5
60.91 3 ATTITUDE 28 0 -15
60.91 3 GYRO_RATES -1 36 13 0.008727 0.314159 -0.113446
60.91 3 GPS 0 50629135 356637241 0 85628 0 0 314052751 12 0
60.91 3 FBW_STATUS 0 0 112
60.99 3 ESTIMATOR 0. 0. 0. 0. 0.
60.99 3 BAT 72 112 0 0 98 0 0
60.99 3 ACTUATORS 1522,1529,0,1206,1504
60.99 3 CALIBRATION 0. 0.02 0.5 0
60.99 3 NAVIGATION 0 1 0 0 286 0. 140.5
60.99 3 WP_MOVED 1 497586.6875 3565500. 770.
60.99 3 CALIB_CONTRAST 977
60.99 3 SERVO -2236 -7522 73
61.06 3 DESIRED 0.01 -0. 0. 0. 761. 0.
61.06 3 IR_DEBUG 744 493 744 493
61.16 3 NAVIGATION 0 1 0 0 286 0. 140.5
61.16 3 ATTITUDE 29 0 -15
61.16 3 PPRZ_MODE 0 0 3 0 0 1 0
61.38 3 ESTIMATOR 0. 0. 0. 0. 0.
61.38 3 GPS 0 50629135 356637241 0 85628 0 0 314053251 12 0
61.46 3 DL_VALUE 14 0.
61.46 3 NAVIGATION 0 1 0 0 286 0. 140.5
61.46 3 WP_MOVED 2 497622.6875 3565498.5 770.
61.46 3 RAD_OF_IR 175 0 0.00194
61.47 3 GPS 0 50629135 356637241 0 85628 0 0 314053499 12 0
61.47 3 SVINFO 2 28 12 7 34 56 300
61.47 3 IR_SENSORS -865 174 1
61.66 3 COMMANDS 73,496,-64,-90
61.66 3 NAVIGATION 0 1 0 0 286 0. 140.5
61.67 3 ATTITUDE 29 0 -15
61.67 3 GYRO_RATES -1 36 13 0.008727 0.314159 -0.113446
61.75 3 DOWNLINK_STATUS 60 23086 1473 0 470. 32.
61.89 3 FBW_STATUS 0 0 112
61.89 3 ESTIMATOR 0. 0. 0. 0. 0.
61.89 3 GPS 0 50629135 356637241 0 85628 0 0 314053751 12 0
61.95 3 NAVIGATION 0 1 0 0 286 0. 140.5
61.95 3 WP_MOVED 3 497546.40625 3565495.5 770.
61.95 3 CALIB_CONTRAST 977
61.97 3 GPS 0 50629135 356637241 0 85628 0 0 314053999 12 0
61.98 3 DESIRED 0.01 -0. 0. 0. 761. 0.
62.05 3 NAVIGATION 0 1 0 0 286 0. 140.5
62.05 3 ATTITUDE 29 0 -16
62.15 3 ESTIMATOR 0. 0. 0. 0. 0.
62.19 3 GPS 0 50629135 356637241 0 85628 0 0 314054251 12 0
62.37 3 DL_VALUE 15 1.
62.41 3 NAVIGATION 0 1 0 0 286 0. 140.5
62.45 3 WP_MOVED 4 497575. 3565498. 0.
62.45 3 RAD_OF_IR 174 0 0.00194
62.45 3 IR_SENSORS -868 173 1
62.47 3 GPS 0 50629135 356637241 0 85628 0 0 314054499 12 0
62.47 3 SVINFO 6 26 12 7 34 25 316
62.56 3 COMMANDS 73,493,-66,-91
62.56 3 NAVIGATION 0 1 0 0 286 0. 140.5
62.56 3 ATTITUDE 29 0 -16
62.56 3 GYRO_RATES 0 36 13 -0. 0.314159 -0.113446
62.56 3 FBW_STATUS 0 0 112
62.75 3 DOWNLINK_STATUS 61 23462 1497 0 376. 24.
62.91 3 ESTIMATOR 0. 0. 0. 0. 0.
62.91 3 BAT 73 112 0 0 100 0 0
62.91 3 GPS 0 50629135 356637241 0 85628 0 0 314054751 12 0
62.91 3 CALIBRATION 0. 0.02 0.5 0
62.91 3 NAVIGATION 0 1 0 0 286 0. 140.5
62.97 3 WP_MOVED 0 497617. 3565540. 770.
62.97 3 CALIB_CONTRAST 977
62.97 3 SERVO -2192 -7522 73
62.97 3 DESIRED 0.01 -0. 0. 0. 761. 0.
62.97 3 IR_DEBUG 743 493 743 493
62.98 3 GPS 0 50629135 356637241 0 85628 0 0 314054999 12 0
62.98 3 NAVIGATION 0 1 0 0 286 0. 140.5
62.98 3 ATTITUDE 29 0 -15
63.07 3 ESTIMATOR 0. 0. 0. 0. 0.
63.14 3 DL_VALUE 16 470.
63.40 3 NAVIGATION 0 1 0 0 286 0. 140.5
63.40 3 GPS 0 50629135 356637241 0 85628 0 0 314055251 12 0
63.40 3 WP_MOVED 1 497586.6875 3565500. 770.
63.40 3 RAD_OF_IR 174 0 0.00194
63.40 3 IR_SENSORS -865 174 1
63.59 3 COMMANDS 72,494,-66,-88
63.59 3 NAVIGATION 0 1 0 0 286 0. 140.5
63.59 3 GPS 0 50629135 356637241 0 85628 0 0 314055499 12 0
63.59 3 ATTITUDE 28 0 -15
63.59 3 GYRO_RATES 0 36 13 -0. 0.314159 -0.113446
63.59 3 FBW_STATUS 0 0 112
63.59 3 ESTIMATOR 0. 0. 0. 0. 0.
63.69 3 NAVIGATION 0 1 0 0 286 0. 140.5
63.69 3 GPS 0 50629135 356637241 0 85628 0 0 314055751 12 0
63.75 3 DOWNLINK_STATUS 62 23937 1526 0 475. 29.
63.87 3 WP_MOVED 2 497622.6875 3565498.5 770.
63.87 3 CALIB_CONTRAST 977
63.97 3 DESIRED 0.01 -0. 0. 0. 761. 0.
63.97 3 NAVIGATION 0 1 0 0 286 0. 140.5
63.97 3 ATTITUDE 28 0 -15
63.97 3 GPS 0 50629135 356637241 0 85628 0 0 314055999 12 0
64.05 3 ESTIMATOR 0. 0. 0. 0. 0.
64.07 3 DL_VALUE 17 405.
64.14 3 NAVIGATION 0 1 0 0 286 0. 140.5
64.39 3 GPS 0 50629135 356637241 0 85628 0 0 314056251 12 0
64.39 3 WP_MOVED 3 497546.40625 3565495.5 770.
64.39 3 RAD_OF_IR 170 0 0.00194
64.50 3 IR_SENSORS -865 170 1
64.50 3 COMMANDS 73,496,-63,-90
64.50 3 NAVIGATION 0 1 0 0 286 0. 140.5
64.50 3 ATTITUDE 28 0 -15
64.50 3 GYRO_RATES 0 36 13 -0. 0.314159 -0.113446
64.50 3 GPS 0 50629135 356637241 0 85628 0 0 314056499 12 0
64.50 3 FBW_STATUS 0 0 112
64.55 3 BAT 73 112 0 0 102 0 0
64.55 3 CALIBRATION 0. 0.02 0.5 0
64.64 3 NAVIGATION 0 1 0 0 286 0. 140.5
64.75 3 DOWNLINK_STATUS 63 24278 1548 0 341. 22.
64.91 3 WP_MOVED 4 497575. 3565498. 0.
64.91 3 CALIB_CONTRAST 977
64.91 3 SERVO -2148 -7522 73
64.91 3 GPS 0 50629135 356637241 0 85628 0 0 314056751 12 0
64.91 3 DESIRED 0.01 -0. 0. 0. 761. 0.
64.91 3 IR_DEBUG 743 497 743 497
64.95 3 NAVIGATION 0 1 0 0 286 0. 140.5
64.95 3 ATTITUDE 28 0 -16
64.97 3 GPS 0 50629135 356637241 0 85628 0 0 314056999 12 0
64.97 3 ESTIMATOR 0. 0. 0. 0. 0.
65.06 3 DL_VALUE 18 473.
65.06 3 NAVIGATION 0 1 0 0 286 0. 140.5
65.15 3 WP_MOVED 0 497617. 3565540. 770.
65.15 3 RAD_OF_IR 175 0 0.00194
65.37 3 GPS 0 50629135 356637241 0 85628 0 0 314057251 12 0
65.49 3 IR_SENSORS -867 175 1
65.49 3 COMMANDS 73,494,-64,-90
65.49 3 NAVIGATION 0 1 0 0 286 0. 140.5
65.49 3 ATTITUDE 29 0 -15
65.49 3 GYRO_RATES -1 36 13 0.008727 0.314159 -0.113446
65.49 3 FBW_STATUS 0 0 112
65.49 3 ESTIMATOR 0. 0. 0. 0. 0.
65.49 3 SVINFO 2 28 12 7 34 57 300
65.49 3 ACTUATORS 1522,1529,0,1206,1504
65.55 3 NAVIGATION 0 1 0 0 286 0. 140.5
65.65 3 WP_MOVED 1 497586.6875 3565500. 770.
65.65 3 CALIB_CONTRAST 977
65.75 3 DOWNLINK_STATUS 64 24672 1575 0 394. 27.
66.00 3 GPS 0 50629135 356637241 0 85628 0 0 314057751 12 0
66.00 3 DESIRED 0.01 -0. 0. 0. 761. 0.
66.00 3 NAVIGATION 0 1 0 0 286 0. 140.5
66.00 3 ATTITUDE 29 0 -15
66.00 3 PPRZ_MODE 0 0 3 0 0 1 0
66.11 3 ESTIMATOR 0. 0. 0. 0. 0.
66.11 3 GPS 0 50629135 356637241 0 85628 0 0 314057999 12 0
66.11 3 DL_VALUE 19 0.
66.11 3 NAVIGATION 0 1 0 0 286 0. 140.5
66.11 3 WP_MOVED 2 497622.6875 3565498.5 770.
66.11 3 RAD_OF_IR 176 0 0.00194
66.14 3 IR_SENSORS -864 177 1
66.19 3 GPS 0 50629135 356637241 0 85628 0 0 314058251 12 0
66.30 3 COMMANDS 72,493,-66,-90
66.33 3 NAVIGATION 0 1 0 0 286 0. 140.5
66.33 3 ATTITUDE 29 0 -15
66.33 3 GYRO_RATES 0 36 13 -0. 0.314159 -0.113446
66.49 3 FBW_STATUS 0 0 112
66.49 3 ESTIMATOR 0. 0. 0. 0. 0.
66.49 3 BAT 73 112 0 0 104 0 0
66.57 3 GPS 0 50629135 356637241 0 85628 0 0 314058499 12 0
66.57 3 SVINFO 6 26 12 7 33 25 316
66.57 3 CALIBRATION 0. 0.02 0.5 0
66.57 3 NAVIGATION 0 1 0 0 286 0. 140.5
66.58 3 WP_MOVED 3 497546.40625 3565495.5 770.
66.58 3 CALIB_CONTRAST 977
66.58 3 SERVO -2236 -7784 73
66.70 3 DESIRED 0.01 -0. 0. 0. 761. 0.
66.70 3 IR_DEBUG 745 492 745 492
66.70 3 GPS 0 50629135 356637241 0 85628 0 0 314058751 12 0
66.76 3 NAVIGATION 0 1 0 0 286 0. 140.5
66.81 3 ATTITUDE 29 0 -15
66.81 3 DOWNLINK_STATUS 65 25178 1607 0 506. 32.
66.97 3 ESTIMATOR 0. 0. 0. 0. 0.
67.07 3 DL_VALUE 20 0.75
67.07 3 GPS 0 50629135 356637241 0 85628 0 0 314058999 12 0
67.07 3 NAVIGATION 0 1 0 0 286 0. 140.5
67.07 3 WP_MOVED 4 497575. 3565498. 0.
67.07 3 RAD_OF_IR 174 0 0.00194
67.08 3 IR_SENSORS -865 173 1
67.29 3 COMMANDS 72,494,-66,-90
67.29 3 NAVIGATION 0 1 0 0 286 0. 140.5
67.29 3 GPS 0 50629135 356637241 0 85628 0 0 314059251 12 0
67.29 3 ATTITUDE 28 0 -15
67.29 3 GYRO_RATES 0 36 13 -0. 0.314159 -0.113446
67.29 3 FBW_STATUS 0 0 112
67.32 3 ESTIMATOR 0. 0. 0. 0. 0.
67.59 3 NAVIGATION 0 1 0 0 286 0. 140.5
67.59 3 GPS 0 50629135 356637241 0 85628 0 0 314059499 12 0
67.60 3 WP_MOVED 0 497617. 3565540. 770.
67.60 3 CALIB_CONTRAST 977
67.65 3 DESIRED 0.01 -0. 0. 0. 761. 0.
67.70 3 NAVIGATION 0 1 0 0 286 0. 140.5
67.70 3 ATTITUDE 28 0 -15
67.70 3 GPS 0 50629135 356637241 0 85628 0 0 314059751 12 0
67.76 3 ESTIMATOR 0. 0. 0. 0. 0.
67.80 3 DOWNLINK_STATUS 66 25561 1630 0 383. 23.
67.84 3 DL_VALUE 21 20000.
67.87 3 NAVIGATION 0 1 0 0 286 0. 140.5
68.11 3 GPS 0 50629135 356637241 0 85628 0 0 314059999 12 0
68.11 3 WP_MOVED 1 497586.6875 3565500. 770.
68.12 3 RAD_OF_IR 174 0 0.00194
68.29 3 IR_SENSORS -868 173 1
68.29 3 COMMANDS 73,494,-63,-90
68.29 3 NAVIGATION 0 1 0 0 286 0. 140.5
68.29 3 ATTITUDE 28 0 -15
68.29 3 GYRO_RATES 0 36 13 -0. 0.314159 -0.113446
68.29 3 GPS 0 50629135 356637241 0 85628 0 0 314060251 12 0
68.29 3 FBW_STATUS 0 0 112
68.30 3 ESTIMATOR 0. 0. 0. 0. 0.
68.30 3 BAT 72 112 0 0 106 0 0
68.36 3 CALIBRATION 0. 0.02 0.5 0
68.36 3 NAVIGATION 0 1 0 0 286 0. 140.5
68.59 3 WP_MOVED 2 497622.6875 3565498.5 770.
68.59 3 CALIB_CONTRAST 977
68.59 3 SERVO -2323 -7609 73
68.59 3 GPS 0 50629135 356637241 0 85628 0 0 314060499 12 0
68.67 3 DESIRED 0.01 -0. 0. 0. 761. 0.
68.67 3 IR_DEBUG 741 494 741 494
68.67 3 NAVIGATION 0 1 0 0 286 0. 140.5
68.67 3 ATTITUDE 28 0 -15
68.76 3 DOWNLINK_STATUS 67 25920 1654 0 359. 24.
68.76 3 GPS 0 50629135 356637241 0 85628 0 0 314060751 12 0
68.76 3 ESTIMATOR 0. 0. 0. 0. 0.
68.76 3 DL_VALUE 22 20000.
68.85 3 NAVIGATION 0 1 0 0 286 0. 140.5
69.10 3 WP_MOVED 3 497546.40625 3565495.5 770.
69.10 3 RAD_OF_IR 170 0 0.00194
69.10 3 NAVIGATION_REF 497575 3565498 12
69.10 3 GPS 0 50629135 356637241 0 85628 0 0 314060999 12 0
69.10 3 IR_SENSORS -865 170 1
69.16 3 COMMANDS 73,493,-64,-88
69.16 3 NAVIGATION 0 1 0 0 286 0. 140.5
69.16 3 ATTITUDE 28 0 -15
69.16 3 GYRO_RATES 0 36 13 -0. 0.314159 -0.113446
69.37 3 FBW_STATUS 0 0 112
69.37 3 ESTIMATOR 0. 0. 0. 0. 0.
69.37 3 GPS 0 50629135 356637241 0 85628 0 0 314061251 12 0
69.37 3 NAVIGATION 0 1 0 0 286 0. 140.5
69.37 3 WP_MOVED 4 497575. 3565498. 0.
69.37 3 CALIB_CONTRAST 977
69.60 3 GPS 0 50629135 356637241 0 85628 0 0 314061499 12 0
69.60 3 SVINFO 2 28 12 7 34 57 300
69.60 3 DESIRED 0.01 -0. 0. 0. 761. 0.
69.66 3 NAVIGATION 0 1 0 0 286 0. 140.5
69.66 3 ATTITUDE 28 0 -15
69.69 3 ESTIMATOR 0. 0. 0. 0. 0.
69.69 3 GPS 0 50629135 356637241 0 85628 0 0 314061751 12 0
69.75 3 DL_VALUE 23 0.75
69.79 3 NAVIGATION 0 1 0 0 286 0. 140.5
69.79 3 DOWNLINK_STATUS 68 26376 1682 0 456. 28.
69.85 3 WP_MOVED 0 497617. 3565540. 770.
69.85 3 RAD_OF_IR 169 0 0.00194
70.09 3 IR_SENSORS -866 169 1
70.20 3 GPS 0 50629135 356637241 0 85628 0 0 314061999 12 0
70.20 3 COMMANDS 72,494,-66,-90
70.20 3 NAVIGATION 0 1 0 0 286 0. 140.5
70.20 3 ATTITUDE 28 0 -15
70.20 3 GYRO_RATES 0 36 13 -0. 0.314159 -0.113446
70.20 3 FBW_STATUS 0 0 112
70.22 3 ESTIMATOR 0. 0. 0. 0. 0.
70.28 3 ACTUATORS 1522,1529,0,1206,1504
70.32 3 GPS 0 50629135 356637241 0 85628 0 0 314062251 12 0
70.32 3 CALIBRATION 0. 0.02 0.5 0
70.32 3 NAVIGATION 0 1 0 0 286 0. 140.5
70.35 3 WP_MOVED 1 497586.6875 3565500. 770.
70.35 3 CALIB_CONTRAST 977
70.35 3 SERVO -2104 -7303 72
70.59 3 DESIRED 0.01 -0. 0. 0. 761. 0.
70.59 3 IR_DEBUG 742 498 742 498
70.70 3 GPS 0 50629135 356637241 0 85628 0 0 314062499 12 0
70.70 3 SVINFO 6 26 12 7 34 25 316
70.70 3 NAVIGATION 0 1 0 0 286 0. 140.5
70.70 3 ATTITUDE 28 0 -16
70.70 3 PPRZ_MODE 0 0 3 0 0 1 0
70.70 3 ESTIMATOR 0. 0. 0. 0. 0.
70.76 3 DOWNLINK_STATUS 69 26750 1707 0 374. 25.
70.80 3 DL_VALUE 24 20000.
70.80 3 GPS 0 50629135 356637241 0 85628 0 0 314062751 12 0
70.80 3 NAVIGATION 0 1 0 0 286 0. 140.5
70.80 3 WP_MOVED 2 497622.6875 3565498.5 770.
70.80 3 RAD_OF_IR 173 0 0.00194
70.84 3 IR_SENSORS -868 173 1
71.22 3 GPS 0 50629135 356637241 0 85628 0 0 314062999 12 0
71.22 3 COMMANDS 72,493,-66,-88
71.22 3 NAVIGATION 0 1 0 0 286 0. 140.5
71.22 3 ATTITUDE 29 0 -16
71.22 3 GYRO_RATES 0 36 13 -0. 0.314159 -0.113446
71.22 3 FBW_STATUS 0 0 112
71.22 3 ESTIMATOR 0. 0. 0. 0. 0.
71.27 3 NAVIGATION 0 1 0 0 286 0. 140.5
71.31 3 GPS 0 50629135 356637241 0 85628 0 0 314063251 12 0
71.31 3 WP_MOVED 3 497546.40625 3565495.5 770.
71.31 3 CALIB_CONTRAST 977
71.35 3 DESIRED 0.01 -0. 0. 0. 761. 0.
71.46 3 NAVIGATION 0 1 0 0 286 0. 140.5
71.46 3 ATTITUDE 29 0 -16
71.46 3 GPS 0 50629135 356637241 0 85628 0 0 314063499 12 0
71.68 3 ESTIMATOR 0. 0. 0. 0. 0.
71.77 3 DOWNLINK_STATUS 70 27111 1729 0 361. 22.
71.80 3 DL_VALUE 25 20000.
71.80 3 NAVIGATION 0 1 0 0 286 0. 140.5
71.80 3 GPS 0 50629135 356637241 0 85628 0 0 314063751 12 0
71.80 3 WP_MOVED 4 497575. 3565498. 0.
71.80 3 RAD_OF_IR 175 0 0.00194
72.01 3 IR_SENSORS -868 175 1
72.01 3 COMMANDS 72,493,-64,-88
72.01 3 NAVIGATION 0 1 0 0 286 0. 140.5
72.01 3 ATTITUDE 29 0 -16
72.01 3 GYRO_RATES 0 36 13 -0. 0.314159 -0.113446
72.01 3 GPS 0 50629135 356637241 0 85628 0 0 314063999 12 0
72.01 3 FBW_STATUS 0 0 112
72.17 3 BAT 72 112 0 0 110 0 0
72.30 3 CALIBRATION 0. 0.02 0.5 0
72.30 3 NAVIGATION 0 1 0 0 286 0. 140.5
72.30 3 WP_MOVED 0 497617. 3565540. 770.
72.30 3 CALIB_CONTRAST 977
72.30 3 SERVO -2148 -7566 73
72.30 3 GPS 0 50629135 356637241 0 85628 0 0 314064251 12 0
72.30 3 DESIRED 0.01 -0. 0. 0. 761. 0.
72.35 3 NAVIGATION 0 1 0 0 286 0. 140.5
72.35 3 ATTITUDE 29 0 -16
72.48 3 GPS 0 50629135 356637241 0 85628 0 0 314064499 12 0
72.48 3 ESTIMATOR 0. 0. 0. 0. 0.
72.68 3 DL_VALUE 26 0.75
72.68 3 NAVIGATION 0 1 0 0 286 0. 140.5
72.70 3 WP_MOVED 1 497586.6875 3565500. 770.
72.70 3 RAD_OF_IR 181 0 0.00194
72.70 3 GPS 0 50629135 356637241 0 85628 0 0 314064751 12 0
72.77 3 IR_SENSORS -870 182 1
72.77 3 DOWNLINK_STATUS 71 27572 1759 0 461. 30.
72.88 3 COMMANDS 73,493,-66,-90
72.88 3 NAVIGATION 0 1 0 0 286 0. 140.5
72.88 3 ATTITUDE 30 0 -16
72.88 3 GYRO_RATES 0 36 13 -0. 0.314159 -0.113446
72.88 3 FBW_STATUS 0 0 112
72.96 3 ESTIMATOR 0. 0. 0. 0. 0.
72.96 3 GPS 0 50629135 356637241 0 85628 0 0 314064999 12 0
73.17 3 NAVIGATION 0 1 0 0 286 0. 140.5
73.32 3 WP_MOVED 2 497622.6875 3565498.5 770.
73.32 3 CALIB_CONTRAST 977
73.32 3 DESIRED 0.01 -0. 0. 0. 761. 0.
73.32 3 GPS 0 50629135 356637241 0 85628 0 0 314065251 12 0
73.32 3 NAVIGATION 0 1 0 0 286 0. 140.5
73.32 3 ATTITUDE 30 0 -16
73.38 3 ESTIMATOR 0. 0. 0. 0. 0.
73.47 3 GPS 0 50629135 356637241 0 85628 0 0 314065499 12 0
73.47 3 SVINFO 2 28 12 7 34 57 300
73.47 3 DL_VALUE 27 10000.
73.69 3 NAVIGATION 0 1 0 0 286 0. 140.5
73.69 3 WP_MOVED 3 497546.40625 3565495.5 770.
73.69 3 RAD_OF_IR 182 0 0.00194
73.69 3 IR_SENSORS -871 182 1
73.70 3 GPS 0 50629135 356637241 0 85628 0 0 314065751 12 0
73.77 3 DOWNLINK_STATUS 72 27943 1782 0 371. 23.
73.80 3 COMMANDS 73,493,-64,-88
73.80 3 NAVIGATION 0 1 0 0 286 0. 140.5
73.80 3 ATTITUDE 30 0 -16
73.80 3 GYRO_RATES 0 36 13 -0. 0.314159 -0.113446
73.87 3 FBW_STATUS 0 0 112
73.87 3 ESTIMATOR 0. 0. 0. 0. 0.
73.87 3 BAT 72 112 0 0 112 0 0
73.98 3 GPS 0 50629135 356637241 0 85628 0 0 314065999 12 0
73.99 3 CALIBRATION 0. 0.02 0.5 0
73.99 3 NAVIGATION 0 1 0 0 286 0. 140.5
74.17 3 WP_MOVED 4 497575. 3565498. 0.
74.17 3 CALIB_CONTRAST 977
74.17 3 SERVO -1929 -7828 72
74.28 3 DESIRED 0.01 -0. 0. 0. 761. 0.
74.28 3 IR_DEBUG 753 494 753 494
74.28 3 GPS 0 50629135 356637241 0 85628 0 0 314066251 12 0
74.28 3 NAVIGATION 0 1 0 0 286 0. 140.5
74.28 3 ATTITUDE 30 0 -16
74.36 3 ESTIMATOR 0. 0. 0. 0. 0.
74.71 3 DL_VALUE 28 10000.
74.71 3 GPS 0 50629135 356637241 0 85628 0 0 314066499 12 0
74.71 3 SVINFO 6 26 12 7 34 25 316
74.71 3 NAVIGATION 0 1 0 0 286 0. 140.5
74.71 3 WP_MOVED 0 497617. 3565540. 770.
74.71 3 RAD_OF_IR 181 0 0.00194
74.77 3 DOWNLINK_STATUS 73 28326 1807 0 383. 25.
74.79 3 IR_SENSORS -872 182 1
74.79 3 GPS 0 50629135 356637241 0 85628 0 0 314066751 12 0
74.79 3 COMMANDS 72,493,-67,-88
74.79 3 NAVIGATION 0 1 0 0 286 0. 140.5
74.79 3 ATTITUDE 30 0 -16
74.79 3 GYRO_RATES 0 36 13 -0. 0.314159 -0.113446
74.79 3 FBW_STATUS 0 0 112
74.79 3 ESTIMATOR 0. 0. 0. 0. 0.
74.85 3 ACTUATORS 1522,1529,0,1206,1504
74.99 3 NAVIGATION 0 1 0 0 286 0. 140.5
75.00 3 GPS 0 50629135 356637241 0 85628 0 0 314066999 12 0
75.00 3 WP_MOVED 1 497586.6875 3565500. 770.
75.00 3 CALIB_CONTRAST 977
75.18 3 DESIRED 0.01 -0. 0. 0. 761. 0.
75.27 3 NAVIGATION 0 1 0 0 286 0. 140.5
75.27 3 ATTITUDE 30 0 -16
75.27 3 PPRZ_MODE 0 0 3 0 0 1 0
75.27 3 GPS 0 50629135 356637241 0 85628 0 0 314067251 12 0
75.28 3 ESTIMATOR 0. 0. 0. 0. 0.
75.34 3 DL_VALUE 29 0.3
75.37 3 NAVIGATION 0 1 0 0 286 0. 140.5
75.48 3 GPS 0 50629135 356637241 0 85628 0 0 314067499 12 0
75.48 3 WP_MOVED 2 497622.6875 3565498.5 770.
75.48 3 RAD_OF_IR 182 0 0.00194
75.67 3 IR_SENSORS -874 183 1
75.78 3 COMMANDS 72,494,-66,-86
75.78 3 NAVIGATION 0 1 0 0 286 0. 140.5
75.78 3 ATTITUDE 30 0 -17
75.78 3 GYRO_RATES 0 36 13 -0. 0.314159 -0.113446
75.78 3 GPS 0 50629135 356637241 0 85628 0 0 314067751 12 0
75.79 3 FBW_STATUS 0 0 112
75.79 3 DOWNLINK_STATUS 74 28806 1838 0 480. 31.
75.79 3 ESTIMATOR 0. 0. 0. 0. 0.
75.79 3 BAT 73 112 0 0 114 0 0
75.86 3 CALIBRATION 0. 0.02 0.5 0
75.86 3 NAVIGATION 0 1 0 0 286 0. 140.5
75.97 3 WP_MOVED 3 497546.40625 3565495.5 770.
75.97 3 CALIB_CONTRAST 977
75.97 3 SERVO -1798 -8003 73
75.98 3 GPS 0 50629135 356637241 0 85628 0 0 314067999 12 0
76.18 3 DESIRED 0.01 -0. 0. 0. 761. 0.
76.18 3 IR_DEBUG 759 491 759 491
76.28 3 NAVIGATION 0 1 0 0 286 0. 140.5
76.28 3 ATTITUDE 31 0 -17
76.28 3 GPS 0 50629135 356637241 0 85628 0 0 314068251 12 0
76.28 3 ESTIMATOR 0. 0. 0. 0. 0.
76.28 3 DL_VALUE 30 0.36
76.35 3 NAVIGATION 0 1 0 0 286 0. 140.5
76.38 3 WP_MOVED 4 497575. 3565498. 0.
76.38 3 RAD_OF_IR 185 0 0.00194
76.46 3 GPS 0 50629135 356637241 0 85628 0 0 314068499 12 0
76.46 3 IR_SENSORS -873 184 1
76.77 3 DOWNLINK_STATUS 75 29125 1858 0 319. 20.
76.79 3 COMMANDS 73,494,-64,-88
76.79 3 NAVIGATION 0 1 0 0 286 0. 140.5
76.79 3 ATTITUDE 30 0 -17
76.79 3 GYRO_RATES 0 36 13 -0. 0.314159 -0.113446
76.87 3 FBW_STATUS 0 0 112
76.87 3 ESTIMATOR 0. 0. 0. 0. 0.
76.87 3 GPS 0 50629135 356637241 0 85628 0 0 314068751 12 0
76.87 3 NAVIGATION 0 1 0 0 286 0. 140.5
76.89 3 WP_MOVED 0 497617. 3565540. 770.
76.89 3 CALIB_CONTRAST 977
76.98 3 GPS 0 50629135 356637241 0 85628 0 0 314068999 12 0
76.98 3 DESIRED 0.01 -0. 0. 0. 761. 0.
77.05 3 NAVIGATION 0 1 0 0 286 0. 140.5
77.05 3 ATTITUDE 30 0 -16
77.27 3 ESTIMATOR 0. 0. 0. 0. 0.
77.30 3 GPS 0 50629135 356637241 0 85628 0 0 314069251 12 0
77.30 3 DL_VALUE 31 0.01
77.30 3 NAVIGATION 0 1 0 0 286 0. 140.5
77.36 3 WP_MOVED 1 497586.6875 3565500. 770.
77.36 3 RAD_OF_IR 184 0 0.00194
77.36 3 NAVIGATION_REF 497575 3565498 12
77.59 3 IR_SENSORS -872 184 1
77.59 3 GPS 0 50629135 356637241 0 85628 0 0 314069499 12 0
77.59 3 SVINFO 2 28 12 7 35 57 300
77.59 3 COMMANDS 72,494,-66,-90
77.59 3 NAVIGATION 0 1 0 0 286 0. 140.5
77.59 3 ATTITUDE 30 0 -16
77.59 3 GYRO_RATES -1 36 13 0.008727 0.314159 -0.113446
77.60 3 FBW_STATUS 0 0 112
77.77 3 DOWNLINK_STATUS 76 29569 1887 0 444. 29.
77.91 3 ESTIMATOR 0. 0. 0. 0. 0.
77.91 3 BAT 72 112 0 0 116 0 0
77.91 3 GPS 0 50629135 356637241 0 85628 0 0 314069751 12 0
77.91 3 CALIBRATION 0. 0.02 0.5 0
77.91 3 NAVIGATION 0 1 0 0 286 0. 140.5
77.97 3 WP_MOVED 2 497622.6875 3565498.5 770.
77.97 3 CALIB_CONTRAST 977
77.97 3 SERVO -1842 -7960 73
77.97 3 DESIRED 0.01 -0. 0. 0. 761. 0.
77.97 3 IR_DEBUG 757 492 757 492
77.98 3 GPS 0 50629135 356637241 0 85628 0 0 314069999 12 0
77.98 3 NAVIGATION 0 1 0 0 286 0. 140.5
77.99 3 ATTITUDE 30 0 -17
78.06 3 ESTIMATOR 0. 0. 0. 0. 0.
78.14 3 DL_VALUE 32 0.02
78.40 3 GPS 0 50629135 356637241 0 85628 0 0 314070251 12 0
78.40 3 NAVIGATION 0 1 0 0 286 0. 140.5
78.40 3 WP_MOVED 3 497546.40625 3565495.5 770.
78.40 3 RAD_OF_IR 181 0 0.00194
78.40 3 IR_SENSORS -870 181 1
78.60 3 COMMANDS 73,493,-64,-90
78.60 3 NAVIGATION 0 1 0 0 286 0. 140.5
78.60 3 GPS 0 50629135 356637241 0 85628 0 0 314070499 12 0
78.60 3 SVINFO 6 26 12 7 35 25 316
78.60 3 ATTITUDE 30 0 -16
78.60 3 GYRO_RATES 0 36 13 -0. 0.314159 -0.113446
78.60 3 FBW_STATUS 0 0 112
78.69 3 NAVIGATION 0 1 0 0 286 0. 140.5
78.69 3 GPS 0 50629135 356637241 0 85628 0 0 314070751 12 0
78.77 3 DOWNLINK_STATUS 77 30032 1916 0 463. 29.
78.88 3 WP_MOVED 4 497575. 3565498. 0.
78.88 3 CALIB_CONTRAST 977
78.98 3 DESIRED 0.01 -0. 0. 0. 761. 0.
78.98 3 NAVIGATION 0 1 0 0 286 0. 140.5
78.98 3 ATTITUDE 29 0 -16
78.98 3 GPS 0 50629135 356637241 0 85628 0 0 314070999 12 0
79.05 3 ESTIMATOR 0. 0. 0. 0. 0.
79.08 3 DL_VALUE 33 0.
79.15 3 NAVIGATION 0 1 0 0 286 0. 140.5
79.39 3 GPS 0 50629135 356637241 0 85628 0 0 314071251 12 0
79.39 3 WP_MOVED 0 497617. 3565540. 770.
79.39 3 RAD_OF_IR 177 0 0.00194
79.50 3 IR_SENSORS -869 177 1
79.50 3 COMMANDS 73,494,-64,-90
79.50 3 NAVIGATION 0 1 0 0 286 0. 140.5
79.50 3 ATTITUDE 29 0 -16
79.51 3 GYRO_RATES -1 36 13 0.008727 0.314159 -0.113446
79.51 3 GPS 0 50629135 356637241 0 85628 0 0 314071499 12 0
79.51 3 FBW_STATUS 0 0 112
79.56 3 BAT 72 112 0 0 118 0 0
79.56 3 ACTUATORS 1522,1529,0,1206,1504
79.56 3 CALIBRATION 0. 0.02 0.5 0
79.65 3 NAVIGATION 0 1 0 0 286 0. 140.5
79.78 3 DOWNLINK_STATUS 78 30386 1939 0 354. 23.
79.91 3 WP_MOVED 1 497586.6875 3565500. 770.
79.91 3 CALIB_CONTRAST 977
79.91 3 SERVO -2017 -7610 72
79.91 3 GPS 0 50629135 356637241 0 85628 0 0 314071751 12 0
79.91 3 DESIRED 0.01 -0. 0. 0. 761. 0.
79.91 3 IR_DEBUG 749 495 749 495
79.95 3 NAVIGATION 0 1 0 0 286 0. 140.5
79.95 3 ATTITUDE 29 0 -16
79.95 3 PPRZ_MODE 0 0 3 0 0 1 0
79.98 3 GPS 0 50629135 356637241 0 85628 0 0 314071999 12 0
79.98 3 ESTIMATOR 0. 0. 0. 0. 0.
80.06 3 DL_VALUE 34 0.01
80.07 3 NAVIGATION 0 1 0 0 286 0. 140.5
80.19 3 WP_MOVED 2 497622.6875 3565498.5 770.
80.19 3 RAD_OF_IR 179 0 0.00194
80.19 3 GPS 0 50629135 356637241 0 85628 0 0 314072251 12 0
80.37 3 IR_SENSORS -873 179 1
80.41 3 COMMANDS 73,493,-64,-90
80.41 3 NAVIGATION 0 1 0 0 286 0. 140.5
80.41 3 ATTITUDE 29 0 -16
80.41 3 GYRO_RATES 0 36 13 -0. 0.314159 -0.113446
80.41 3 FBW_STATUS 0 0 112
80.46 3 ESTIMATOR 0. 0. 0. 0. 0.
80.46 3 GPS 0 50629135 356637241 0 85628 0 0 314072499 12 0
80.55 3 NAVIGATION 0 1 0 0 286 0. 140.5
