8.42 12 ESTIMATOR 709.436523 0.015444 943.650024 1.54438 943.919556 699
8.48 12 DL_VALUE 6 0.
8.51 12 DOWNLINK_STATUS 7 1360 90 0 301. 21.
8.53 12 NAVIGATION 0 0 0 0 286 0. 570986.7
8.60 12 WP_MOVED 2 358071. 4822161. 0.
8.76 12 COMMANDS 58,12,-104,511
8.79 12 NAVIGATION 0 0 0 0 286 0. 570986.7
8.80 12 ATTITUDE 0 0 0
8.84 12 GYRO_RATES 5 -12 16 -0.043633 -0.10472 -0.139626
8.88 12 FBW_STATUS 0 0 125
8.89 12 ESTIMATOR 709.422974 0.000971 942.299988 0.097122 943.289612 698
9.00 12 NAVIGATION 0 0 0 0 286 0. 570986.7
9.05 12 WP_MOVED 0 358113. 4822203. 702.
9.17 12 DESIRED -0. -0. 0. 0. 700.005 -2.
9.23 12 NAVIGATION 0 0 0 0 286 0. 570986.7
9.25 12 ATTITUDE 0 0 0
9.36 12 ESTIMATOR 709.436523 -0.000973 943.650024 -0.097275 943.289551 699
9.41 12 DL_VALUE 7 0.
9.48 12 NAVIGATION 0 0 0 0 286 0. 570986.7
9.50 12 DOWNLINK_STATUS 8 1613 106 0 253. 16.
9.52 12 WP_MOVED 1 358824.90625 4822110. 702.
9.68 12 COMMANDS 89,64,-67,492
9.72 12 NAVIGATION 0 0 0 0 286 0. 570986.7
9.74 12 ATTITUDE 0 0 0
9.78 12 GYRO_RATES 5 -12 16 -0.043633 -0.10472 -0.139626
9.79 12 FBW_STATUS 0 0 125
9.84 12 ESTIMATOR 709.47699 0.003915 947.700012 0.391464 944.279541 702
9.85 12 BAT 102 125 0 0 120 120 0
9.89 12 CALIBRATION -9.424 0.037 0.5 0
9.93 12 NAVIGATION 0 0 0 0 286 0. 570986.7
9.98 12 WP_MOVED 2 358071. 4822161. 0.
10.00 12 SERVO 1318 1071 56
10.11 12 DESIRED -0. -0. 0. 0. 700.019 -2.
10.18 12 NAVIGATION 0 0 0 0 286 0. 570986.7
10.18 12 ATTITUDE 0 0 0
10.30 12 ESTIMATOR 709.436523 -0.035722 943.650024 -3.572159 943.919556 699
10.34 12 DL_VALUE 8 0.
10.41 12 NAVIGATION 0 0 0 0 286 0. 570986.7
10.46 12 WP_MOVED 0 358113. 4822203. 702.
10.51 12 DOWNLINK_STATUS 9 1900 125 0 287. 19.
10.62 12 COMMANDS 103,27,-61,457
10.66 12 NAVIGATION 0 0 0 0 286 0. 570986.7
10.68 12 ATTITUDE 0 0 0
10.71 12 GYRO_RATES 5 -12 16 -0.043633 -0.10472 -0.139626
10.74 12 FBW_STATUS 0 0 125
10.76 12 ESTIMATOR 709.450012 -0.004834 945. -0.48336 943.379578 700
10.87 12 NAVIGATION 0 0 0 0 286 0. 570986.7
10.93 12 WP_MOVED 1 358824.90625 4822110. 702.
11.05 12 DESIRED -0. -0. 0. 0. 700.017 -2.
11.11 12 NAVIGATION 0 0 0 0 286 0. 570986.7
11.12 12 ATTITUDE 0 0 0
11.23 12 ESTIMATOR 709.422974 0.061749 942.299988 6.174889 944.549622 698
11.28 12 DL_VALUE 9 466.
11.34 12 NAVIGATION 0 0 0 0 286 0. 570986.7
11.40 12 WP_MOVED 2 358071. 4822161. 0.
11.52 12 DOWNLINK_STATUS 10 2135 140 0 235. 15.
11.58 12 COMMANDS 75,72,-86,499
11.61 12 NAVIGATION 0 0 0 0 286 0. 570986.7
11.62 12 ATTITUDE 0 0 0
11.65 12 GYRO_RATES 5 -12 16 -0.043633 -0.10472 -0.139626
11.67 12 FBW_STATUS 0 0 125
11.70 12 ESTIMATOR 709.436523 -0.047197 943.650024 -4.719658 944.369568 699
11.72 12 BAT 62 125 0 0 122 122 0
11.78 12 CALIBRATION -9.427 0.037 0.5 0
11.81 12 NAVIGATION 0 0 0 0 286 0. 570986.7
11.87 12 WP_MOVED 0 358113. 4822203. 702.
11.90 12 SERVO 1318 1071 69
11.98 12 DESIRED -0. -0. 0. 0. 700.015 -2.
12.04 12 NAVIGATION 0 0 0 0 286 0. 570986.7
12.06 12 ATTITUDE 0 0 0
12.17 12 ESTIMATOR 709.436523 0.003888 943.650024 0.388794 943.469543 699
12.22 12 DL_VALUE 10 492.
12.29 12 NAVIGATION 0 0 0 0 286 0. 570986.7
12.33 12 WP_MOVED 1 358824.90625 4822110. 702.
12.50 12 COMMANDS 41,75,-81,551
12.54 12 DOWNLINK_STATUS 11 2418 159 0 283. 19.
12.54 12 NAVIGATION 0 0 0 0 286 0. 570986.7
12.55 12 ATTITUDE 0 0 0
12.59 12 GYRO_RATES 5 -12 16 -0.043633 -0.10472 -0.139626
12.60 12 FBW_STATUS 0 0 125
12.64 12 ESTIMATOR 709.450012 0.026972 945. 2.69722 944.27948 700
12.69 12 ACTUATORS 1491,1507,0,1203,1528
12.75 12 NAVIGATION 0 0 0 0 286 0. 570986.7
12.80 12 WP_MOVED 2 358071. 4822161. 0.
12.93 12 DESIRED -0. -0. 0. 0. 700.017 -2.
12.99 12 NAVIGATION 0 0 0 0 286 0. 570986.7
13.00 12 ATTITUDE 0 0 0
13.02 12 PPRZ_MODE 0 3 0 0 0 1 0
13.11 12 ESTIMATOR 709.422974 -0.031941 942.299988 -3.194084 944.639648 698
13.17 12 DL_VALUE 11 461.
13.23 12 NAVIGATION 0 0 0 0 286 0. 570986.7
13.28 12 WP_MOVED 0 358113. 4822203. 702.
13.44 12 COMMANDS 64,34,-88,461
13.50 12 NAVIGATION 0 0 0 0 286 0. 570986.7
13.50 12 ATTITUDE 0 0 0
13.53 12 GYRO_RATES 5 -12 16 -0.043633 -0.10472 -0.139626
13.53 12 DOWNLINK_STATUS 12 2721 179 0 303. 20.
13.55 12 FBW_STATUS 0 0 125
13.58 12 ESTIMATOR 709.436523 0.014471 943.650024 1.447144 943.199585 699
13.60 12 BAT 46 125 0 0 124 124 0
13.64 12 CALIBRATION -9.428 0.037 0.5 0
13.70 12 NAVIGATION 0 0 0 0 286 0. 570986.7
13.74 12 WP_MOVED 1 358824.90625 4822110. 702.
13.76 12 SERVO 1318 1071 57
13.86 12 DESIRED -0. -0. 0. 0. 700.015 -2.
13.92 12 NAVIGATION 0 0 0 0 286 0. 570986.7
13.94 12 ATTITUDE 0 0 0
14.05 12 ESTIMATOR 709.436523 0. 943.650024 0. 943.649414 699
14.10 12 DL_VALUE 12 1.35
14.16 12 NAVIGATION 0 0 0 0 286 0. 570986.7
14.22 12 WP_MOVED 2 358071. 4822161. 0.
14.24 12 NAVIGATION_REF 358071 4822161 31
14.38 12 COMMANDS 79,30,-69,505
14.43 12 NAVIGATION 0 0 0 0 286 0. 570986.7
14.44 12 ATTITUDE 0 0 0
14.46 12 GYRO_RATES 5 -12 16 -0.043633 -0.10472 -0.139626
14.47 12 FBW_STATUS 0 0 125
14.51 12 ESTIMATOR 709.436523 0.005832 943.650024 0.583229 944.189514 699
14.56 12 DOWNLINK_STATUS 13 3033 200 0 312. 21.
14.63 12 NAVIGATION 0 0 0 0 286 0. 570986.7
14.68 12 WP_MOVED 0 358113. 4822203. 702.
14.80 12 DESIRED -0. -0. 0. 0. 700.003 -2.
14.86 12 NAVIGATION 0 0 0 0 286 0. 570986.7
14.90 12 ATTITUDE 0 0 0
14.98 12 ESTIMATOR 709.436523 -0.017335 943.650024 -1.733513 943.379578 699
15.05 12 DL_VALUE 13 0.
15.10 12 NAVIGATION 0 0 0 0 286 0. 570986.7
15.15 12 WP_MOVED 1 358824.90625 4822110. 702.
15.31 12 COMMANDS 49,88,-83,515
15.36 12 NAVIGATION 0 0 0 0 286 0. 570986.7
15.38 12 ATTITUDE 0 0 0
15.42 12 GYRO_RATES 5 -12 16 -0.043633 -0.10472 -0.139626
15.42 12 FBW_STATUS 0 0 125
15.47 12 ESTIMATOR 709.436523 0. 943.650024 0. 943.379517 699
15.47 12 BAT 58 125 0 0 126 126 0
15.52 12 CALIBRATION -9.423 0.037 0.5 0
15.55 12 DOWNLINK_STATUS 14 3297 217 0 264. 17.
15.56 12 NAVIGATION 0 0 0 0 286 0. 570986.7
15.61 12 WP_MOVED 2 358071. 4822161. 0.
15.63 12 SERVO 1318 1071 43
15.73 12 DESIRED -0. -0. 0. 0. 700.019 -2.
15.80 12 NAVIGATION 0 0 0 0 286 0. 570986.7
15.81 12 ATTITUDE 0 0 0
15.92 12 ESTIMATOR 709.436523 0.029837 943.650024 2.983704 944.549622 699
15.97 12 DL_VALUE 14 0.
16.04 12 NAVIGATION 0 0 0 0 286 0. 570986.7
16.09 12 WP_MOVED 0 358113. 4822203. 702.
16.25 12 COMMANDS 62,57,-61,489
16.30 12 NAVIGATION 0 0 0 0 286 0. 570986.7
16.32 12 ATTITUDE 0 0 0
16.34 12 GYRO_RATES 5 -12 16 -0.043633 -0.10472 -0.139626
16.35 12 FBW_STATUS 0 0 125
16.39 12 ESTIMATOR 709.422974 -0.002916 942.299988 -0.291634 943.379578 698
16.50 12 NAVIGATION 0 0 0 0 286 0. 570986.7
16.56 12 DOWNLINK_STATUS 15 3558 234 0 261. 17.
16.56 12 WP_MOVED 1 358824.90625 4822110. 702.
16.67 12 DESIRED -0. -0. 0. 0. 700.006 -2.
16.75 12 NAVIGATION 0 0 0 0 286 0. 570986.7
16.76 12 ATTITUDE 0 0 0
16.85 12 ESTIMATOR 709.436523 0.005779 943.650024 0.577927 943.469543 699
16.90 12 DL_VALUE 15 0.75
16.96 12 NAVIGATION 0 0 0 0 286 0. 570986.7
17.02 12 WP_MOVED 2 358071. 4822161. 0.
17.19 12 COMMANDS 74,86,-102,489
17.24 12 NAVIGATION 0 0 0 0 286 0. 570986.7
17.25 12 ATTITUDE 0 0 0
17.27 12 GYRO_RATES 5 -12 16 -0.043633 -0.10472 -0.139626
17.29 12 FBW_STATUS 0 0 125
17.33 12 ESTIMATOR 709.409485 0.030915 940.950012 3.091545 943.649536 697
17.37 12 BAT 62 125 0 0 127 127 0
17.40 12 ACTUATORS 1491,1501,0,1201,1528
17.43 12 CALIBRATION -9.425 0.037 0.5 0
17.45 12 NAVIGATION 0 0 0 0 286 0. 570986.7
17.48 12 WP_MOVED 0 358113. 4822203. 702.
17.51 12 SERVO 1318 1071 68
17.55 12 DOWNLINK_STATUS 16 3858 254 0 300. 20.
17.61 12 DESIRED -0. -0. 0. 0. 700.005 -2.
17.67 12 NAVIGATION 0 0 0 0 286 0. 570986.7
17.68 12 ATTITUDE 0 0 0
17.70 12 PPRZ_MODE 0 3 0 0 0 1 0
17.80 12 ESTIMATOR 709.436523 -0.028055 943.650024 -2.805519 943.289612 699
17.84 12 DL_VALUE 16 25000.
17.90 12 NAVIGATION 0 0 0 0 286 0. 570986.7
17.95 12 WP_MOVED 1 358824.90625 4822110. 702.
18.13 12 COMMANDS 41,27,-75,534
18.18 12 NAVIGATION 0 0 0 0 286 0. 570986.7
18.18 12 ATTITUDE 0 0 0
18.21 12 GYRO_RATES 5 -12 16 -0.043633 -0.10472 -0.139626
18.23 12 FBW_STATUS 0 0 125
18.26 12 ESTIMATOR 709.436523 0.015416 943.650024 1.541557 943.289551 699
18.38 12 NAVIGATION 0 0 0 0 286 0. 570986.7
18.43 12 WP_MOVED 2 358071. 4822161. 0.
18.55 12 DESIRED -0. -0. 0. 0. 700.014 -2.
18.58 12 DOWNLINK_STATUS 17 4128 271 0 270. 17.
18.62 12 NAVIGATION 0 0 0 0 286 0. 570986.7
18.65 12 ATTITUDE 0 0 0
18.73 12 ESTIMATOR 709.436523 0.041498 943.650024 4.14978 944.279602 699
18.79 12 DL_VALUE 17 25000.
18.84 12 NAVIGATION 0 0 0 0 286 0. 570986.7
