1.67 34 ESTIMATOR 749.210022 1.46 1.46 1.46 749.210022
1.70 34 GPS 3 50632266 356625303 3086 74890 7 149 328160000 12 0
1.70 34 COMMANDS 167,-31,-31,-591
1.70 34 NAVIGATION 0 2 -43 -8 38 0. 2773.3
1.70 34 ATTITUDE 5 0 -5
1.70 34 DL_VALUE 6 1.
1.70 34 FBW_STATUS 0 0 123
1.70 34 RAD_OF_IR 56 -17 0.00156
1.70 34 NAVIGATION_REF 506366 3566262 12
1.70 34 DOWNLINK_STATUS 903 171944 10455 0 452. 30.
2.08 34 GPS 3 50632272 356625286 3032 74856 30 130 328160248 12 0
2.08 34 IR_SENSORS -707 74 1
2.08 34 NAVIGATION 0 2 -43 -9 38 0. 2791.6
2.08 34 WP_MOVED 3 506366. 3566262. 0.
2.08 34 GYRO_RATES -38 -21 -4 0.331613 -0.18326 -0.034907
2.15 34 ESTIMATOR 748.559998 1.3 1.3 1.3 748.559998
2.15 34 GPS 3 50632282 356625266 2995 74823 39 123 328160500 12 0
2.15 34 NAVIGATION 0 2 -43 -9 38 0. 2815.
2.15 34 ATTITUDE 9 0 -2
2.36 34 DESIRED 0. -0. 0. 0. 770. 0.
2.36 34 GPS 3 50632286 356625251 2961 74804 39 90 328160748 12 0
2.36 34 SVINFO 0 31 13 6 33 75 137
2.36 34 NAVIGATION 0 2 -43 -9 38 0. 2830.5
2.36 34 WP_MOVED 0 506408. 3566304. 800.
2.55 34 ESTIMATOR 748.039978 0.9 0.9 0.9 748.039978
2.68 34 COMMANDS 158,-29,-50,-598
2.68 34 NAVIGATION 0 2 -43 -9 38 0. 2830.5
2.68 34 GPS 3 50632296 356625232 2867 74771 39 14 328161000 12 0
2.68 34 SVINFO 1 14 13 6 32 40 42
2.68 34 ATTITUDE 9 0 0
2.68 34 DL_VALUE 7 0.
2.68 34 FBW_STATUS 0 0 123
2.68 34 RAD_OF_IR 83 -266 0.00156
2.70 34 DOWNLINK_STATUS 904 172321 10478 0 377. 23.
2.72 34 IR_SENSORS -679 84 1
2.86 34 NAVIGATION 0 2 -43 -9 38 0. 2853.3
2.86 34 GPS 3 50632311 356625230 2768 74754 23 -17 328161248 12 0
2.86 34 SVINFO 2 32 13 4 29 38 317
2.86 34 WP_MOVED 1 506292.5 3566296.25 800.
2.86 34 GYRO_RATES -37 -21 -4 0.322886 -0.18326 -0.034907
3.06 34 ESTIMATOR 747.539978 -0.17 -0.17 -0.17 747.539978
3.06 34 BAT 173 123 81 0 90 80 1
3.16 34 NAVIGATION 0 2 -42 -9 38 0. 2864.2
3.16 34 ATTITUDE 10 0 0
3.16 34 CALIBRATION 0. 0.023 0.067 0
3.16 34 GPS 3 50632336 356625251 2904 74736 211 52 328161500 12 0
3.16 34 SVINFO 3 11 13 4 28 34 288
3.16 34 SERVO 4937 -9600 169
3.37 34 DESIRED 0. -0. 0. 0. 770. 0.
3.37 34 IR_DEBUG 547 423 547 423
3.37 34 NAVIGATION 0 2 -42 -9 38 0. 2861.2
3.37 34 GPS 3 50632361 356625291 125 74731 236 101 328161748 12 0
3.37 34 SVINFO 4 22 13 4 29 32 106
3.37 34 WP_MOVED 2 506379.59375 3566304.75 800.
3.37 34 ESTIMATOR 747.309998 1.01 1.01 1.01 747.309998
3.57 34 COMMANDS 169,-34,-34,-593
3.57 34 NAVIGATION 0 2 -42 -9 38 0. 2841.9
3.57 34 ATTITUDE 10 0 0
3.57 34 DL_VALUE 8 1.
3.64 34 GPS 3 50632377 356625331 3583 74726 222 134 328162000 12 0
3.64 34 FBW_STATUS 0 0 123
3.64 34 RAD_OF_IR 84 -402 0.00155
3.66 34 IR_SENSORS -681 84 1
3.66 34 NAVIGATION 0 2 -42 -8 38 0. 2817.4
3.70 34 DOWNLINK_STATUS 905 172781 10508 0 460. 30.
3.86 34 WP_MOVED 3 506366. 3566262. 0.
3.86 34 GYRO_RATES -38 -21 -4 0.331613 -0.18326 -0.034907
3.86 34 GPS 3 50632386 356625346 3585 74721 99 135 328162248 12 0
3.86 34 SVINFO 6 20 13 4 24 12 308
3.86 34 ESTIMATOR 747.210022 1.35 1.35 1.35 747.210022
4.05 34 NAVIGATION 0 2 -42 -8 38 0. 2810.2
4.05 34 ATTITUDE 10 0 0
4.07 34 GPS 3 50632398 356625342 3584 74705 18 118 328162500 12 0
4.07 34 SVINFO 7 19 13 4 25 6 231
4.14 34 DESIRED 0. -0. 0. 0. 770. 0.
4.14 34 NAVIGATION 0 2 -42 -8 38 0. 2821.1
4.25 34 WP_MOVED 0 506408. 3566304. 800.
4.25 34 GPS 3 50632409 356625317 3475 74677 78 134 328162748 12 0
4.33 34 ESTIMATOR 746.77002 1.34 1.34 1.34 746.77002
4.56 34 COMMANDS 170,-9,-26,-620
4.56 34 NAVIGATION 0 2 -41 -8 38 0. 2849.5
4.56 34 ATTITUDE 10 0 0
4.56 34 DL_VALUE 9 -61.099998
4.70 34 DOWNLINK_STATUS 906 173046 10522 0 265. 14.
4.74 34 NAVIGATION 0 2 -41 -9 38 0. 2900.6
4.74 34 WP_MOVED 1 506292.5 3566296.25 800.
4.74 34 GYRO_RATES -38 -21 -3 0.331613 -0.18326 -0.02618
4.89 34 GPS 3 50632445 356625223 1938 74580 184 126 328163248 12 0
4.89 34 ESTIMATOR 745.799988 1.26 1.26 1.26 745.799988
4.89 34 BAT 167 123 83 0 92 82 1
4.89 34 NAVIGATION 0 2 -41 -9 38 0. 2954.2
4.89 34 ATTITUDE 10 0 0
4.89 34 CALIBRATION 0. 0.023 0.067 0
5.05 34 SERVO 4937 -9600 167
5.39 34 GPS 3 50632460 356625170 1828 74524 190 87 328163500 12 0
5.39 34 DESIRED 0. -0. 0. 0. 770. 0.
5.39 34 IR_DEBUG 551 418 551 418
5.39 34 NAVIGATION 0 2 -41 -10 38 0. 3010.7
5.39 34 WP_MOVED 2 506379.59375 3566304.75 800.
5.54 34 DOWNLINK_STATUS 4 44 4 0 44. 4.
5.57 34 FBW_STATUS 0 0 123
5.67 34 RAD_OF_IR 93 -86 0.00155
5.67 34 GPS 3 50632471 356625106 1846 74451 113 30 328164000 12 0
5.67 34 ACTUATORS 1499,1500,0,1214,1471
5.67 34 IR_SENSORS -674 92 1
5.67 34 NAVIGATION 0 2 -41 -10 38 0. 3075.1
5.67 34 WP_MOVED 3 506366. 3566262. 0.
5.67 34 GYRO_RATES -38 -21 -3 0.331613 -0.18326 -0.02618
5.70 34 DOWNLINK_STATUS 907 173418 10544 0 372. 22.
5.85 34 ESTIMATOR 744.51001 0.3 0.3 0.3 744.51001
5.85 34 GPS 3 50632478 356625085 2134 74425 158 48 328164248 12 0
5.85 34 NAVIGATION 0 2 -41 -11 38 0. 3098.6
5.85 34 ATTITUDE 10 0 0
6.17 34 DESIRED 0. -0. 0. 0. 770. 0.
6.17 34 GPS 3 50632480 356625060 2142 74413 140 61 328164500 12 0
6.17 34 NAVIGATION 0 2 -41 -11 38 0. 3122.6
6.24 34 WP_MOVED 0 506408. 3566304. 800.
6.24 34 PPRZ_MODE 0 1 2 0 0 17 0
6.24 34 ESTIMATOR 744.130005 0.61 0.61 0.61 744.130005
6.37 34 COMMANDS 166,-10,-15,-594
6.37 34 NAVIGATION 0 2 -41 -11 38 0. 3122.6
6.37 34 GPS 3 50632479 356625046 2293 74419 131 47 328164748 12 0
6.37 34 SVINFO 0 31 13 7 31 75 137
6.37 34 ATTITUDE 10 0 1
6.37 34 DL_VALUE 11 1.
6.37 34 FBW_STATUS 0 0 123
6.37 34 RAD_OF_IR 90 434 0.00155
6.42 34 IR_SENSORS -667 88 1
6.54 34 DOWNLINK_STATUS 5 49 5 0 5. 1.
6.68 34 NAVIGATION 0 2 -41 -11 38 0. 3134.8
6.68 34 GPS 3 50632469 356625026 2291 74440 157 52 328165000 12 0
6.68 34 SVINFO 1 14 13 4 27 40 42
6.68 34 WP_MOVED 1 506292.5 3566296.25 800.
6.68 34 GYRO_RATES -45 -20 0 0.392699 -0.174533 0.
6.71 34 DOWNLINK_STATUS 908 173804 10568 0 386. 24.
6.74 34 ESTIMATOR 744.400024 0.52 0.52 0.52 744.400024
6.74 34 BAT 171 123 85 0 94 84 1
6.85 34 NAVIGATION 0 2 -41 -11 38 0. 3146.7
6.85 34 ATTITUDE 10 0 2
6.85 34 CALIBRATION 0. 0.023 0.067 0
6.86 34 GPS 3 50632450 356625008 2325 74462 153 109 328165248 12 0
6.86 34 SVINFO 2 32 13 4 28 38 317
6.86 34 SERVO 4462 -9600 168
6.97 34 DESIRED 0. -0. 0. 0. 770. 0.
6.97 34 IR_DEBUG 511 441 511 441
6.97 34 NAVIGATION 0 2 -41 -11 38 0. 3151.1
7.16 34 GPS 3 50632437 356624993 2310 74466 124 168 328165500 12 0
7.20 34 SVINFO 3 11 13 4 29 34 288
7.20 34 WP_MOVED 2 506379.59375 3566304.75 800.
7.37 34 ESTIMATOR 744.659973 1.68 1.68 1.68 744.659973
7.37 34 COMMANDS 169,-29,-29,-616
7.37 34 NAVIGATION 0 2 -41 -12 38 0. 3156.6
7.37 34 ATTITUDE 4 0 1
7.37 34 DL_VALUE 12 0.
7.37 34 GPS 3 50632435 356624983 2302 74461 62 165 328165748 12 0
7.37 34 SVINFO 4 22 13 4 30 32 106
7.37 34 FBW_STATUS 0 0 123
7.54 34 DOWNLINK_STATUS 6 49 5 0 0. 0.
7.68 34 WP_MOVED 3 506366. 3566262. 0.
7.68 34 GYRO_RATES -38 -21 -3 0.331613 -0.18326 -0.02618
7.68 34 GPS 3 50632430 356624966 2292 74441 26 138 328166000 12 0
7.68 34 SVINFO 5 30 13 4 24 15 72
7.71 34 DOWNLINK_STATUS 909 174212 10594 0 408. 26.
7.74 34 ESTIMATOR 744.409973 1.38 1.38 1.38 744.409973
7.74 34 NAVIGATION 0 2 -41 -12 38 0. 3177.2
7.74 34 ATTITUDE 4 0 1
7.83 34 GPS 3 50632440 356624974 2254 74414 10 108 328166248 12 0
7.84 34 SVINFO 6 20 13 4 27 12 308
7.86 34 DESIRED 0. -0. 0. 0. 770. 0.
7.93 34 NAVIGATION 0 2 -41 -12 38 0. 3176.1
7.93 34 WP_MOVED 0 506408. 3566304. 800.
8.17 34 GPS 3 50632448 356624979 2237 74392 29 122 328166500 12 0
8.17 34 SVINFO 7 19 13 4 27 6 231
8.17 34 ESTIMATOR 743.919983 1.22 1.22 1.22 743.919983
8.24 34 COMMANDS 169,-29,-28,-616
8.24 34 NAVIGATION 0 2 -41 -12 38 0. 3176.6
8.24 34 ATTITUDE 5 0 5
8.24 34 DL_VALUE 13 517.
8.26 34 FBW_STATUS 0 0 123
8.26 34 RAD_OF_IR 53 -48 0.00155
8.26 34 GPS 3 50632455 356624983 2161 74365 20 72 328166748 12 0
8.34 34 IR_SENSORS -629 53 1
8.34 34 NAVIGATION 0 2 -41 -12 38 0. 3177.4
8.44 34 WP_MOVED 1 506292.5 3566296.25 800.
8.44 34 GYRO_RATES -38 -21 -3 0.331613 -0.18326 -0.02618
8.55 34 DOWNLINK_STATUS 7 49 5 0 0. 0.
8.67 34 GPS 3 50632463 356624980 2116 74343 22 77 328167000 12 0
8.67 34 ESTIMATOR 743.429993 0.77 0.77 0.77 743.429993
8.67 34 BAT 166 123 87 0 96 86 1
8.71 34 DOWNLINK_STATUS 910 174625 10619 0 413. 25.
8.74 34 NAVIGATION 0 2 -41 -12 38 0. 3185.3
8.74 34 ATTITUDE 5 0 6
8.74 34 CALIBRATION 0. 0.023 0.067 0
8.74 34 SERVO 2752 -9600 169
8.85 34 GPS 3 50632468 356624976 2171 74340 7 131 328167248 12 0
8.85 34 DESIRED 0. -0. 0. 0. 770. 0.
8.85 34 IR_DEBUG 492 413 492 413
8.85 34 NAVIGATION 0 2 -41 -12 38 0. 3192.2
8.92 34 WP_MOVED 2 506379.59375 3566304.75 800.
9.15 34 ESTIMATOR 743.400024 1.31 1.31 1.31 743.400024
9.26 34 GPS 3 50632464 356624981 2249 74347 23 123 328167500 12 0
9.26 34 COMMANDS 168,-29,-31,-620
9.26 34 NAVIGATION 0 2 -41 -12 38 0. 3185.
9.26 34 ATTITUDE 6 0 5
9.26 34 DL_VALUE 14 482.
9.27 34 FBW_STATUS 0 0 123
9.27 34 RAD_OF_IR 56 220 0.00155
9.46 34 GPS 3 50632456 356624994 2334 74347 81 103 328167748 12 0
9.46 34 IR_SENSORS -634 55 1
9.46 34 NAVIGATION 0 2 -41 -12 38 0. 3167.8
9.46 34 WP_MOVED 3 506366. 3566262. 0.
9.46 34 GYRO_RATES -38 -21 -3 0.331613 -0.18326 -0.02618
9.54 34 DOWNLINK_STATUS 8 49 5 0 0. 0.
9.71 34 DOWNLINK_STATUS 911 174966 10641 0 341. 22.
9.86 34 DESIRED 0. -0. 0. 0. 770. 0.
9.86 34 NAVIGATION 0 2 -41 -11 38 0. 3152.2
9.86 34 GPS 3 50632431 356625002 2415 74351 48 168 328168248 12 0
9.86 34 WP_MOVED 0 506408. 3566304. 800.
9.93 34 ESTIMATOR 743.51001 1.68 1.68 1.68 743.51001
10.19 34 COMMANDS 170,-29,-23,-618
10.19 34 NAVIGATION 0 2 -41 -11 38 0. 3144.5
10.19 34 GPS 3 50632413 356625004 2440 74366 61 144 328168500 12 0
10.19 34 ATTITUDE 1 0 2
10.19 34 DL_VALUE 15 455.
10.24 34 FBW_STATUS 0 0 123
10.24 34 RAD_OF_IR 24 70 0.00155
10.24 34 NAVIGATION_REF 506366 3566262 12
10.24 34 ACTUATORS 1497,1500,0,1214,1468
10.24 34 IR_SENSORS -661 24 1
10.36 34 NAVIGATION 0 2 -41 -11 38 0. 3131.2
10.36 34 GPS 3 50632400 356625004 2468 74366 49 146 328168748 12 0
10.36 34 SVINFO 0 31 13 7 33 75 137
10.36 34 WP_MOVED 1 506292.5 3566296.25 800.
10.36 34 GYRO_RATES -38 -21 -3 0.331613 -0.18326 -0.02618
10.43 34 ESTIMATOR 743.659973 1.46 1.46 1.46 743.659973
10.44 34 BAT 169 123 89 0 98 88 1
10.55 34 DOWNLINK_STATUS 9 49 5 0 0. 0.
10.69 34 NAVIGATION 0 2 -42 -11 38 0. 3123.
10.69 34 ATTITUDE 2 0 2
10.69 34 CALIBRATION 0. 0.023 0.067 0
10.69 34 GPS 3 50632390 356625011 2513 74364 66 112 328169000 12 0
10.69 34 SVINFO 1 14 13 6 35 40 42
10.71 34 DOWNLINK_STATUS 912 175396 10668 0 430. 27.
10.87 34 SERVO 3987 -9600 168
10.87 34 DESIRED 0. -0. 0. 0. 770. 0.
10.87 34 IR_DEBUG 494 445 494 445
10.87 34 NAVIGATION 0 2 -42 -11 38 0. 3110.2
10.87 34 GPS 3 50632387 356625023 2573 74378 55 146 328169248 12 0
10.87 34 SVINFO 2 32 13 4 29 38 317
10.87 34 WP_MOVED 2 506379.59375 3566304.75 800.
10.96 34 COMMANDS 167,-29,-28,-591
10.96 34 NAVIGATION 0 2 -42 -11 38 0. 3097.3
10.96 34 ATTITUDE 4 0 3
10.96 34 DL_VALUE 16 7500.
11.19 34 GPS 3 50632378 356625027 2595 74405 44 150 328169500 12 0
11.21 34 SVINFO 3 11 13 4 30 34 288
11.21 34 FBW_STATUS 0 0 123
11.21 34 RAD_OF_IR 45 62 0.00155
11.23 34 IR_SENSORS -650 46 1
11.23 34 NAVIGATION 0 2 -42 -11 38 0. 3088.
11.36 34 WP_MOVED 3 506366. 3566262. 0.
11.36 34 GYRO_RATES -38 -21 -3 0.331613 -0.18326 -0.02618
11.36 34 GPS 3 50632366 356625026 2617 74420 56 148 328169748 12 0
11.36 34 SVINFO 4 22 13 4 26 32 106
11.36 34 ESTIMATOR 744.200012 1.48 1.48 1.48 744.200012
11.43 34 NAVIGATION 0 2 -42 -11 38 0. 3081.4
11.43 34 ATTITUDE 5 0 3
11.55 34 DOWNLINK_STATUS 10 49 5 0 0. 0.
11.66 34 GPS 3 50632356 356625035 2658 74425 79 165 328170000 12 0
11.66 34 SVINFO 5 30 13 4 28 15 72
11.71 34 DOWNLINK_STATUS 913 175789 10694 0 393. 26.
11.87 34 DESIRED 0. -0. 0. 0. 770. 0.
11.87 34 NAVIGATION 0 2 -42 -11 38 0. 3066.9
11.87 34 WP_MOVED 0 506408. 3566304. 800.
11.87 34 GPS 3 50632352 356625045 2702 74438 46 179 328170248 12 0
11.87 34 SVINFO 6 20 13 4 28 12 308
11.94 34 COMMANDS 166,-31,-34,-593
11.94 34 NAVIGATION 0 2 -42 -11 38 0. 3055.3
11.94 34 ATTITUDE 4 0 3
11.94 34 DL_VALUE 17 11250.
11.94 34 FBW_STATUS 0 0 123
11.95 34 RAD_OF_IR 43 126 0.00155
12.18 34 GPS 3 50632347 356625053 2737 74453 42 158 328170500 12 0
12.21 34 SVINFO 7 19 13 4 26 6 231
12.24 34 IR_SENSORS -655 43 1
12.24 34 NAVIGATION 0 2 -42 -11 38 0. 3044.9
12.25 34 WP_MOVED 1 506292.5 3566296.25 800.
12.25 34 GYRO_RATES -38 -21 -4 0.331613 -0.18326 -0.034907
12.39 34 GPS 3 50632342 356625053 2767 74473 12 185 328170748 12 0
12.39 34 ESTIMATOR 744.72998 1.85 1.85 1.85 744.72998
12.39 34 BAT 170 123 91 0 100 90 1
12.39 34 NAVIGATION 0 2 -42 -11 38 0. 3041.8
12.39 34 ATTITUDE 4 0 3
12.39 34 CALIBRATION 0. 0.023 0.067 0
12.42 34 SERVO 3797 -9600 168
12.55 34 DOWNLINK_STATUS 11 49 5 0 0. 0.
12.71 34 DOWNLINK_STATUS 914 176154 10718 0 365. 24.
12.78 34 GPS 3 50632342 356625047 2773 74486 9 173 328171000 12 0
12.78 34 DESIRED 0. -0. 0. 0. 770. 0.
12.78 34 IR_DEBUG 498 439 498 439
12.78 34 NAVIGATION 0 2 -42 -11 38 0. 3047.3
12.84 34 WP_MOVED 2 506379.59375 3566304.75 800.
12.85 34 ESTIMATOR 744.859985 1.73 1.73 1.73 744.859985
12.85 34 GPS 3 50632343 356625048 2792 74498 16 160 328171248 12 0
12.86 34 COMMANDS 170,-6,-4,-594
12.86 34 NAVIGATION 0 2 -42 -11 38 0. 3047.
12.86 34 ATTITUDE 3 0 2
12.86 34 DL_VALUE 18 10000.
12.92 34 FBW_STATUS 0 0 123
12.93 34 RAD_OF_IR 39 54 0.00155
13.05 34 GPS 3 50632343 356625057 2826 74507 55 162 328171500 12 0
13.05 34 IR_SENSORS -657 37 1
13.05 34 NAVIGATION 0 2 -42 -11 38 0. 3038.8
13.26 34 WP_MOVED 3 506366. 3566262. 0.
13.26 34 GYRO_RATES -38 -21 -4 0.331613 -0.18326 -0.034907
13.35 34 ESTIMATOR 745.070007 1.62 1.62 1.62 745.070007
13.35 34 GPS 3 50632339 356625057 2842 74529 16 209 328171748 12 0
13.35 34 NAVIGATION 0 2 -42 -11 38 0. 3036.3
13.35 34 ATTITUDE 3 0 3
13.55 34 DESIRED 0. -0. 0. 0. 770. 0.
13.55 34 GPS 3 50632401 356625027 2865 74524 67 191 328172000 12 0
13.55 34 NAVIGATION 0 2 -41 -11 38 0. 3102.4
13.55 34 DOWNLINK_STATUS 12 49 5 0 0. 0.
13.71 34 DOWNLINK_STATUS 915 176592 10743 0 438. 25.
13.75 34 ESTIMATOR 745.23999 1.91 1.91 1.91 745.23999
13.87 34 COMMANDS 169,-32,-28,-620
13.87 34 NAVIGATION 0 2 -41 -11 38 0. 3102.4
13.87 34 ATTITUDE 0 0 0
13.87 34 DL_VALUE 19 3000.
13.87 34 GPS 3 50632426 356625017 2882 74531 72 221 328172248 12 0
13.87 34 FBW_STATUS 0 0 123
13.87 34 RAD_OF_IR 13 48 0.00155
13.92 34 IR_SENSORS -676 13 1
13.97 34 NAVIGATION 0 2 -41 -11 38 0. 3127.5
14.07 34 GPS 3 50632443 356625018 3440 74528 130 124 328172500 12 0
14.10 34 WP_MOVED 1 506292.5 3566296.25 800.
14.10 34 GYRO_RATES -38 -21 -3 0.331613 -0.18326 -0.02618
14.26 34 ESTIMATOR 745.280029 1.24 1.24 1.24 745.280029
14.26 34 BAT 167 123 93 0 102 92 1
14.35 34 NAVIGATION 0 2 -41 -11 38 0. 3137.4
14.36 34 ATTITUDE 0 0 0
14.36 34 CALIBRATION 0. 0.023 0.067 0
14.36 34 GPS 3 50632453 356625013 3434 74520 72 153 328172748 12 0
14.36 34 SVINFO 0 31 13 7 34 75 136
14.36 34 SERVO 4889 -9464 168
14.46 34 DESIRED 0. -0. 0. 0. 770. 0.
14.46 34 IR_DEBUG 493 475 493 475
14.46 34 NAVIGATION 0 2 -41 -11 38 0. 3148.4
14.55 34 GPS 3 50632456 356625002 3423 74519 50 155 328173000 12 0
14.55 34 DOWNLINK_STATUS 13 49 5 0 0. 0.
14.58 34 SVINFO 1 14 13 6 35 40 42
14.58 34 WP_MOVED 2 506379.59375 3566304.75 800.
14.71 34 DOWNLINK_STATUS 916 177016 10770 0 424. 27.
14.75 34 ESTIMATOR 745.190002 1.55 1.55 1.55 745.190002
14.86 34 COMMANDS 166,-6,-37,-566
14.86 34 NAVIGATION 0 2 -41 -11 38 0. 3160.4
14.86 34 ATTITUDE 0 0 0
14.86 34 DL_VALUE 20 20000.
14.87 34 GPS 3 50632457 356624993 3418 74509 79 159 328173248 12 0
14.87 34 SVINFO 2 32 13 4 30 38 317
14.87 34 FBW_STATUS 0 0 123
14.87 34 RAD_OF_IR 12 -14 0.00155
15.05 34 WP_MOVED 3 506366. 3566262. 0.
15.05 34 GYRO_RATES -38 -21 -3 0.331613 -0.18326 -0.02618
15.05 34 GPS 3 50632457 356624986 3404 74507 43 168 328173500 12 0
15.05 34 SVINFO 3 11 13 6 31 34 288
15.26 34 NAVIGATION 0 2 -41 -12 38 0. 3175.9
15.26 34 ATTITUDE 0 0 0
15.27 34 GPS 3 50632462 356624978 3414 74486 75 148 328173748 12 0
15.27 34 SVINFO 4 22 13 4 25 32 106
15.35 34 DESIRED 0. -0. 0. 0. 770. 0.
15.43 34 NAVIGATION 0 2 -41 -12 38 0. 3186.5
15.44 34 WP_MOVED 0 506408. 3566304. 800.
15.44 34 PPRZ_MODE 0 1 2 0 0 1 0
15.55 34 GPS 3 50632470 356624965 3431 74480 24 184 328174000 12 0
15.55 34 DOWNLINK_STATUS 14 49 5 0 0. 0.
15.58 34 SVINFO 5 30 13 4 30 15 72
15.58 34 ESTIMATOR 744.799988 1.84 1.84 1.84 744.799988
15.71 34 DOWNLINK_STATUS 917 177396 10794 0 380. 24.
15.76 34 COMMANDS 166,-10,-33,-615
15.76 34 NAVIGATION 0 2 -41 -12 38 0. 3203.7
15.76 34 ATTITUDE 0 0 0
15.76 34 DL_VALUE 21 17500.
15.84 34 FBW_STATUS 0 0 123
15.84 34 RAD_OF_IR 7 48 0.00155
15.84 34 GPS 3 50632476 356624949 3410 74464 31 144 328174248 12 0
15.84 34 SVINFO 6 20 13 4 28 12 308
15.85 34 IR_SENSORS -680 8 1
15.85 34 NAVIGATION 0 2 -41 -12 38 0. 3222.5
15.93 34 WP_MOVED 1 506292.5 3566296.25 800.
15.93 34 GYRO_RATES -38 -21 -4 0.331613 -0.18326 -0.034907
16.30 34 GPS 3 50632481 356624951 3421 74440 86 110 328174500 12 0
16.30 34 SVINFO 7 19 13 4 28 6 231
16.30 34 ESTIMATOR 744.400024 1.1 1.1 1.1 744.400024
16.30 34 BAT 167 123 95 0 104 94 1
16.30 34 NAVIGATION 0 2 -41 -12 38 0. 3223.9
16.30 34 ATTITUDE 0 0 0
16.30 34 CALIBRATION 0. 0.023 0.067 0
16.36 34 SERVO 5127 -9162 172
16.36 34 GPS 3 50632488 356624954 3447 74429 41 149 328174748 12 0
16.36 34 DESIRED 0. -0. 0. 0. 770. 0.
16.36 34 IR_DEBUG 492 483 492 483
16.36 34 NAVIGATION 0 2 -41 -12 38 0. 3225.6
16.43 34 WP_MOVED 2 506379.59375 3566304.75 800.
16.55 34 DOWNLINK_STATUS 15 49 5 0 0. 0.
16.71 34 DOWNLINK_STATUS 918 177771 10819 0 375. 25.
16.79 34 ESTIMATOR 744.289978 1.49 1.49 1.49 744.289978
16.79 34 GPS 3 50632488 356624945 3451 74421 15 172 328175000 12 0
16.79 34 COMMANDS 168,-12,-37,-576
16.79 34 NAVIGATION 0 2 -41 -12 38 0. 3234.
16.79 34 ATTITUDE 0 0 0
16.79 34 DL_VALUE 22 20000.
16.79 34 FBW_STATUS 0 0 123
16.96 34 RAD_OF_IR 4 11 0.00155
16.97 34 GPS 3 50632483 356624938 3426 74419 25 183 328175248 12 0
16.97 34 IR_SENSORS -682 4 1
16.97 34 NAVIGATION 0 2 -41 -12 38 0. 3237.3
16.97 34 WP_MOVED 3 506366. 3566262. 0.
16.97 34 GYRO_RATES -38 -21 -3 0.331613 -0.18326 -0.02618
17.47 34 DESIRED 0. -0. 0. 0. 770. 0.
17.48 34 GPS 3 50632466 356624927 3458 74389 24 124 328175748 12 0
17.48 34 NAVIGATION 0 2 -41 -12 38 0. 3236.7
17.55 34 DOWNLINK_STATUS 16 49 5 0 0. 0.
17.71 34 DOWNLINK_STATUS 919 178038 10835 0 267. 16.
17.95 34 WP_MOVED 0 506408. 3566304. 800.
17.95 34 RAD_OF_IR 2 0 0.00155
17.95 34 IR_SENSORS -686 2 1
18.07 34 ESTIMATOR 743.619995 1.21 1.21 1.21 743.619995
18.10 34 BAT 167 123 97 0 106 96 1
18.10 34 NAVIGATION 0 2 -41 -12 38 0. 3240.4
18.11 34 ATTITUDE -1 0 0
18.11 34 CALIBRATION 0. 0.023 0.067 0
18.11 34 GPS 3 50632462 356624920 3482 74353 66 128 328176500 12 0
18.11 34 SERVO 5222 -8910 167
18.50 34 DESIRED 0. -0. 0. 0. 770. 0.
18.51 34 IR_DEBUG 491 489 491 489
18.51 34 NAVIGATION 0 2 -41 -12 38 0. 3240.7
18.51 34 GPS 3 50632455 356624915 3470 74350 33 142 328176748 12 0
18.51 34 SVINFO 0 31 13 5 33 75 136
18.51 34 WP_MOVED 2 506379.59375 3566304.75 800.
18.56 34 DOWNLINK_STATUS 17 49 5 0 0. 0.
18.57 34 NAVIGATION_REF 506366 3566262 12
18.62 34 IR_SENSORS -690 5 1
18.71 34 DOWNLINK_STATUS 920 178289 10851 0 251. 16.
18.96 34 ESTIMATOR 743.5 1.42 1.42 1.42 743.5
18.96 34 COMMANDS 169,-9,-31,-573
18.96 34 NAVIGATION 0 2 -41 -12 38 0. 3240.9
18.96 34 ATTITUDE -1 0 -1
18.96 34 DL_VALUE 24 2150.
19.04 34 NAVIGATION 0 2 -41 -12 38 0. 3235.9
19.04 34 ATTITUDE 0 0 -1
19.04 34 GPS 3 50632423 356624907 3333 74367 19 140 328177500 12 0
19.04 34 SVINFO 3 11 13 6 31 34 288
19.15 34 DESIRED 0. -0. 0. 0. 770. 0.
19.15 34 NAVIGATION 0 2 -41 -12 38 0. 3228.
19.48 34 WP_MOVED 0 506408. 3566304. 800.
19.48 34 GPS 3 50632411 356624913 3358 74365 42 115 328177748 12 0
19.48 34 SVINFO 4 22 13 4 26 32 106
19.48 34 ESTIMATOR 743.650024 1.15 1.15 1.15 743.650024
19.55 34 DOWNLINK_STATUS 18 175 13 0 126. 8.
19.58 34 COMMANDS 169,-31,-26,-594
19.58 34 NAVIGATION 0 2 -41 -12 38 0. 3214.8
19.58 34 ATTITUDE 0 0 0
19.58 34 DL_VALUE 25 5300.
19.58 34 FBW_STATUS 0 0 123
19.58 34 RAD_OF_IR 22 71 0.00155
19.58 34 GPS 3 50632402 356624913 3275 74375 12 156 328178000 12 0
19.58 34 SVINFO 5 30 13 4 29 15 72
19.58 34 ACTUATORS 1499,1501,0,1214,1468
19.63 34 NAVIGATION 0 2 -41 -12 38 0. 3209.1
19.71 34 DOWNLINK_STATUS 921 178429 10860 0 140. 9.
19.74 34 WP_MOVED 1 506292.5 3566296.25 800.
19.74 34 GYRO_RATES -38 -21 -3 0.331613 -0.18326 -0.02618
20.10 34 ESTIMATOR 743.75 1.56 1.56 1.56 743.75
20.10 34 BAT 166 123 99 0 108 98 1
20.10 34 GPS 3 50632392 356624905 3176 74398 32 163 328178248 12 0
20.10 34 SVINFO 6 20 13 4 27 12 308
20.10 34 NAVIGATION 0 2 -42 -12 38 0. 3210.3
20.10 34 ATTITUDE 3 0 1
20.10 34 CALIBRATION 0. 0.023 0.067 0
20.19 34 WP_MOVED 2 506379.59375 3566304.75 800.
20.19 34 PPRZ_MODE 0 1 2 0 0 1 0
20.26 34 ESTIMATOR 744.070007 1.2 1.2 1.2 744.070007
20.26 34 GPS 3 50632368 356624896 3129 74418 11 132 328178748 12 0
20.34 34 COMMANDS 166,-32,-33,-588
20.34 34 NAVIGATION 0 2 -42 -13 38 0. 3203.8
20.34 34 ATTITUDE 0 0 -2
20.34 34 DL_VALUE 26 10000.
20.55 34 DOWNLINK_STATUS 19 419 31 0 244. 18.
20.58 34 RAD_OF_IR 11 -270 0.00155
20.58 34 GPS 3 50632347 356624895 3128 74424 27 132 328179000 12 0
20.58 34 IR_SENSORS -707 17 1
20.58 34 NAVIGATION 0 2 -42 -13 38 0. 3191.7
20.65 34 WP_MOVED 3 506366. 3566262. 0.
20.65 34 GYRO_RATES -38 -21 -4 0.331613 -0.18326 -0.034907
20.71 34 DOWNLINK_STATUS 922 178578 10869 0 149. 9.
20.84 34 SERVO 4414 -9600 174
20.84 34 GPS 3 50632379 356624900 3223 74407 48 120 328178500 12 0
20.84 34 SVINFO 7 19 13 4 29 6 231
21.17 34 DESIRED 0. -0. 0. 0. 770. 0.
21.17 34 GPS 3 50632321 356624892 3176 74425 16 156 328179500 12 0
21.17 34 NAVIGATION 0 2 -42 -13 38 0. 3178.5
21.24 34 WP_MOVED 0 506408. 3566304. 800.
21.25 34 ESTIMATOR 744.25 1.56 1.56 1.56 744.25
21.36 34 COMMANDS 168,-18,-29,-616
21.36 34 NAVIGATION 0 2 -42 -13 38 0. 3178.5
21.36 34 GPS 3 50632313 356624890 3163 74420 29 144 328179748 12 0
21.36 34 ATTITUDE 0 0 -4
21.36 34 DL_VALUE 27 4000.
21.36 34 FBW_STATUS 0 0 123
21.36 34 RAD_OF_IR 16 -37 0.00155
21.42 34 IR_SENSORS -707 14 1
21.57 34 DOWNLINK_STATUS 20 517 37 0 98. 6.
21.69 34 NAVIGATION 0 2 -42 -13 38 0. 3175.5
21.69 34 GPS 3 50632298 356624878 3183 74413 12 134 328180000 12 0
21.69 34 WP_MOVED 1 506292.5 3566296.25 800.
21.69 34 GYRO_RATES -38 -21 -4 0.331613 -0.18326 -0.034907
21.71 34 DOWNLINK_STATUS 923 178905 10889 0 327. 20.
21.74 34 ESTIMATOR 744.130005 1.34 1.34 1.34 744.130005
21.74 34 BAT 169 123 101 0 110 100 1
21.78 34 NAVIGATION 0 2 -43 -13 38 0. 3177.7
21.78 34 ATTITUDE 0 0 -2
21.78 34 CALIBRATION 0. 0.023 0.067 0
21.78 34 GPS 3 50632288 356624868 3155 74411 12 118 328180248 12 0
21.82 34 SERVO 5839 -9111 169
21.96 34 DESIRED 0. -0. 0. 0. 770. 0.
21.96 34 IR_DEBUG 500 493 500 493
21.96 34 NAVIGATION 0 2 -43 -13 38 0. 3181.1
22.19 34 GPS 3 50632271 356624854 3117 74415 30 137 328180500 12 0
22.21 34 WP_MOVED 2 506379.59375 3566304.75 800.
22.37 34 ESTIMATOR 744.150024 1.37 1.37 1.37 744.150024
22.37 34 COMMANDS 171,-31,-29,-628
22.37 34 NAVIGATION 0 2 -43 -13 38 0. 3184.1
22.37 34 ATTITUDE -1 0 -1
22.37 34 DL_VALUE 28 0.228
22.37 34 GPS 3 50632252 356624850 3101 74423 50 122 328180748 12 0
22.37 34 SVINFO 0 31 13 6 33 75 136
22.37 34 FBW_STATUS 0 0 123
22.56 34 DOWNLINK_STATUS 21 517 37 0 0. 0.
22.69 34 WP_MOVED 3 506366. 3566262. 0.
22.69 34 GYRO_RATES -38 -21 -3 0.331613 -0.18326 -0.02618
22.69 34 GPS 3 50632239 356624854 3100 74435 35 155 328181000 12 0
22.70 34 SVINFO 1 14 13 7 36 39 42
22.72 34 DOWNLINK_STATUS 924 179293 10913 0 388. 24.
22.74 34 ESTIMATOR 744.349976 1.55 1.55 1.55 744.349976
22.74 34 NAVIGATION 0 2 -43 -13 38 0. 3164.9
22.74 34 ATTITUDE -1 0 -1
22.83 34 GPS 3 50632231 356624857 3115 74441 23 173 328181248 12 0
22.83 34 SVINFO 2 32 13 4 30 38 317
22.85 34 DESIRED 0. -0. 0. 0. 770. 0.
22.93 34 NAVIGATION 0 2 -43 -13 38 0. 3157.3
22.93 34 WP_MOVED 0 506408. 3566304. 800.
23.19 34 GPS 3 50632224 356624860 3136 74437 39 134 328181500 12 0
23.19 34 SVINFO 3 11 13 6 31 34 288
23.19 34 ESTIMATOR 744.369995 1.34 1.34 1.34 744.369995
23.24 34 COMMANDS 168,0,0,-621
23.24 34 NAVIGATION 0 2 -43 -13 38 0. 3150.2
23.24 34 ATTITUDE -1 0 -1
23.24 34 DL_VALUE 29 0.42
23.27 34 FBW_STATUS 0 0 123
23.27 34 RAD_OF_IR -2 59 0.00155
23.27 34 GPS 3 50632214 356624871 3161 74447 69 154 328181748 12 0
23.27 34 SVINFO 4 22 13 4 27 32 106
23.34 34 IR_SENSORS -687 -1 1
23.34 34 NAVIGATION 0 2 -43 -13 38 0. 3133.8
23.44 34 WP_MOVED 1 506292.5 3566296.25 800.
23.44 34 GYRO_RATES -38 -21 -3 0.331613 -0.18326 -0.02618
23.56 34 DOWNLINK_STATUS 22 517 37 0 0. 0.
23.72 34 DOWNLINK_STATUS 925 179653 10936 0 360. 23.
23.72 34 SERVO 5174 -8960 167
23.86 34 GPS 3 50632195 356624895 3211 74481 74 146 328182248 12 0
23.86 34 SVINFO 6 20 13 4 29 12 308
23.86 34 DESIRED 0. -0. 0. 0. 770. 0.
23.86 34 IR_DEBUG 489 486 489 486
23.86 34 NAVIGATION 0 2 -44 -13 38 0. 3099.9
24.06 34 WP_MOVED 2 506379.59375 3566304.75 800.
24.57 34 DOWNLINK_STATUS 23 517 37 0 0. 0.
24.59 34 SVINFO 7 19 13 4 29 6 231
24.59 34 COMMANDS 167,-24,-31,-594
24.59 34 NAVIGATION 0 2 -44 -12 38 0. 3089.4
24.59 34 ATTITUDE -1 0 0
24.59 34 DL_VALUE 30 0.
24.59 34 FBW_STATUS 0 0 123
24.66 34 ESTIMATOR 744.809998 1.46 1.46 1.46 744.809998
24.66 34 NAVIGATION 0 2 -44 -12 38 0. 3060.4
24.74 34 DOWNLINK_STATUS 926 179807 10945 0 154. 9.
24.85 34 DESIRED 0. -0. 0. 0. 770. 0.
24.85 34 NAVIGATION 0 2 -44 -12 38 0. 3060.4
24.85 34 GPS 3 50632167 356624938 3282 74539 55 145 328183248 12 0
25.05 34 PPRZ_MODE 0 1 2 0 0 1 0
25.17 34 ESTIMATOR 745.080017 1.47 1.47 1.47 745.080017
25.17 34 DL_VALUE 31 0.023
25.17 34 RAD_OF_IR 4 28 0.00155
25.22 34 IR_SENSORS -681 6 1
25.26 34 NAVIGATION 0 2 -44 -12 38 0. 3026.9
25.26 34 GPS 3 50632163 356624967 3295 74555 71 138 328183748 12 0
25.34 34 WP_MOVED 1 506292.5 3566296.25 800.
25.34 34 GYRO_RATES -38 -21 -4 0.331613 -0.18326 -0.034907
25.58 34 DOWNLINK_STATUS 24 703 51 0 186. 14.
25.68 34 COMMANDS 163,-7,-31,-608
25.68 34 NAVIGATION 0 2 -44 -12 38 0. 3043.
25.68 34 GPS 3 50632165 356624954 3292 74547 53 146 328183500 12 0
25.74 34 DOWNLINK_STATUS 927 179943 10952 0 136. 7.
25.87 34 SERVO 4937 -9313 171
25.87 34 DESIRED 0. -0. 0. 0. 770. 0.
25.87 34 IR_DEBUG 491 478 491 478
25.87 34 NAVIGATION 0 2 -44 -12 38 0. 2999.3
25.87 34 WP_MOVED 2 506379.59375 3566304.75 800.
25.87 34 GPS 3 50632163 356625000 3291 74569 73 136 328184248 12 0
26.17 34 GPS 3 50632156 356625002 3274 74582 67 162 328184500 12 0
26.17 34 FBW_STATUS 0 0 123
26.17 34 RAD_OF_IR 9 -48 0.00155
26.19 34 IR_SENSORS -679 9 1
26.19 34 NAVIGATION 0 2 -44 -11 38 0. 2977.1
26.36 34 WP_MOVED 3 506366. 3566262. 0.
26.36 34 GYRO_RATES -38 -21 -3 0.331613 -0.18326 -0.02618
26.36 34 GPS 3 50632151 356625002 3272 74593 54 161 328184748 12 0
26.36 34 SVINFO 0 31 13 6 34 75 136
26.36 34 ESTIMATOR 745.929993 1.61 1.61 1.61 745.929993
26.43 34 NAVIGATION 0 2 -44 -11 38 0. 2974.2
26.43 34 ATTITUDE 0 0 0
26.57 34 DOWNLINK_STATUS 25 703 51 0 0. 0.
26.68 34 GPS 3 50632144 356624996 3284 74611 34 152 328185000 12 0
26.68 34 SVINFO 1 14 13 7 36 39 42
26.74 34 DOWNLINK_STATUS 928 180272 10972 0 329. 20.
26.87 34 DESIRED 0. -0. 0. 0. 770. 0.
26.87 34 NAVIGATION 0 2 -44 -12 38 0. 2975.7
26.87 34 WP_MOVED 0 506408. 3566304. 800.
26.87 34 GPS 3 50632141 356625001 3288 74631 44 161 328185248 12 0
26.88 34 SVINFO 2 32 13 4 31 38 317
26.95 34 COMMANDS 169,-18,-36,-569
26.95 34 NAVIGATION 0 2 -44 -11 38 0. 2969.3
26.95 34 ATTITUDE 1 0 -1
26.95 34 DL_VALUE 33 0.01
26.95 34 FBW_STATUS 0 0 123
27.19 34 RAD_OF_IR 18 11 0.00155
27.21 34 NAVIGATION_REF 506366 3566262 12
27.21 34 GPS 3 50632140 356625008 3299 74645 28 141 328185500 12 0
27.21 34 SVINFO 3 11 13 4 30 34 288
27.25 34 IR_SENSORS -688 18 1
27.25 34 NAVIGATION 0 2 -44 -11 38 0. 2962.3
27.25 34 WP_MOVED 1 506292.5 3566296.25 800.
27.25 34 GYRO_RATES -38 -21 -3 0.331613 -0.18326 -0.02618
27.39 34 GPS 3 50632138 356625013 3305 74666 27 169 328185748 12 0
27.40 34 SVINFO 4 22 13 4 27 32 106
27.40 34 ESTIMATOR 746.659973 1.69 1.69 1.69 746.659973
27.40 34 BAT 167 123 107 0 116 106 1
27.40 34 NAVIGATION 0 2 -44 -11 38 0. 2956.5
27.40 34 ATTITUDE 0 0 -1
27.40 34 CALIBRATION 0. 0.023 0.067 0
27.42 34 SERVO 5459 -9600 167
27.58 34 DOWNLINK_STATUS 26 703 51 0 0. 0.
27.74 34 DOWNLINK_STATUS 929 180658 10998 0 386. 26.
27.78 34 GPS 3 50632135 356625014 3287 74678 8 163 328186000 12 0
27.78 34 SVINFO 5 30 13 4 29 15 72
27.78 34 DESIRED 0. -0. 0. 0. 770. 0.
27.78 34 IR_DEBUG 506 479 506 479
27.78 34 NAVIGATION 0 2 -44 -11 38 0. 2953.8
27.87 34 WP_MOVED 2 506379.59375 3566304.75 800.
27.87 34 ESTIMATOR 746.780029 1.63 1.63 1.63 746.780029
27.87 34 GPS 3 50632129 356625022 3279 74688 50 168 328186248 12 0
27.87 34 SVINFO 6 20 13 4 27 12 308
27.87 34 COMMANDS 173,-3,-28,-635
27.87 34 NAVIGATION 0 2 -44 -11 38 0. 2943.
27.87 34 ATTITUDE 1 0 -1
27.93 34 RAD_OF_IR 18 -23 0.00155
28.07 34 GPS 3 50632122 356625042 3289 74700 47 156 328186500 12 0
28.07 34 SVINFO 7 19 13 4 30 6 231
28.07 34 IR_SENSORS -690 18 1
28.07 34 NAVIGATION 0 2 -44 -11 38 0. 2920.6
28.26 34 WP_MOVED 3 506366. 3566262. 0.
28.26 34 GYRO_RATES -38 -21 -4 0.331613 -0.18326 -0.034907
28.35 34 ESTIMATOR 747. 1.56 1.56 1.56 747.
28.35 34 GPS 3 50632116 356625048 3336 74713 16 156 328186748 12 0
28.36 34 NAVIGATION 0 2 -44 -11 38 0. 2911.7
28.36 34 ATTITUDE 0 0 -2
28.56 34 DESIRED 0. -0. 0. 0. 770. 0.
28.56 34 GPS 3 50632114 356625054 3344 74720 39 138 328187000 12 0
28.56 34 NAVIGATION 0 2 -44 -11 38 0. 2905.1
28.56 34 WP_MOVED 0 506408. 3566304. 800.
28.58 34 DOWNLINK_STATUS 27 703 51 0 0. 0.
28.74 34 DOWNLINK_STATUS 930 181129 11025 0 471. 27.
28.75 34 ESTIMATOR 747.200012 1.38 1.38 1.38 747.200012
28.86 34 COMMANDS 169,-9,-29,-618
28.86 34 NAVIGATION 0 2 -44 -11 38 0. 2905.1
28.86 34 GPS 3 50632104 356625052 3446 74742 11 189 328187248 12 0
28.86 34 ATTITUDE 1 0 -2
28.86 34 DL_VALUE 35 0.
28.86 34 FBW_STATUS 0 0 123
28.86 34 RAD_OF_IR 20 293 0.00155
28.93 34 ACTUATORS 1499,1501,0,1214,1468
28.93 34 IR_SENSORS -695 21 1
28.96 34 NAVIGATION 0 2 -44 -11 38 0. 2901.2
29.07 34 GPS 3 50632088 356625047 3401 74758 35 152 328187500 12 0
29.10 34 WP_MOVED 1 506292.5 3566296.25 800.
29.10 34 GYRO_RATES -39 -21 -3 0.340339 -0.18326 -0.02618
29.26 34 ESTIMATOR 747.580017 1.52 1.52 1.52 747.580017
29.26 34 BAT 163 123 109 0 118 108 1
29.35 34 NAVIGATION 0 2 -45 -11 38 0. 2896.7
29.35 34 ATTITUDE 1 0 -2
29.35 34 CALIBRATION 0. 0.023 0.067 0
29.35 34 GPS 3 50632068 356625055 3381 74775 38 154 328187748 12 0
29.54 34 GPS 3 50632054 356625060 3383 74799 33 147 328188000 12 0
29.54 34 WP_MOVED 2 506379.59375 3566304.75 800.
29.54 34 PPRZ_MODE 0 1 2 0 0 1 0
29.58 34 DOWNLINK_STATUS 28 703 51 0 0. 0.
29.74 34 DOWNLINK_STATUS 931 181493 11048 0 364. 23.
29.75 34 ESTIMATOR 747.98999 1.47 1.47 1.47 747.98999
29.86 34 COMMANDS 166,-6,-36,-566
29.86 34 NAVIGATION 0 2 -45 -11 38 0. 2865.6
29.86 34 ATTITUDE 2 0 -1
29.86 34 DL_VALUE 36 0.
29.86 34 GPS 3 50632044 356625061 3346 74812 30 133 328188248 12 0
29.86 34 FBW_STATUS 0 0 123
29.86 34 RAD_OF_IR 29 -106 0.00155
29.86 34 IR_SENSORS -688 32 1
29.93 34 NAVIGATION 0 2 -45 -11 38 0. 2859.1
30.05 34 WP_MOVED 3 506366. 3566262. 0.
30.05 34 GYRO_RATES -39 -20 -3 0.340339 -0.174533 -0.02618
30.05 34 GPS 3 50632039 356625075 3348 74830 53 145 328188500 12 0
30.07 34 ESTIMATOR 748.299988 1.45 1.45 1.45 748.299988
30.26 34 NAVIGATION 0 2 -45 -11 38 0. 2843.6
30.26 34 ATTITUDE 2 0 -1
30.27 34 GPS 3 50632031 356625092 3351 74844 70 143 328188748 12 0
30.27 34 SVINFO 0 31 13 7 35 75 136
30.35 34 DESIRED 0. -0. 0. 0. 770. 0.
30.43 34 NAVIGATION 0 2 -45 -11 38 0. 2823.7
30.43 34 WP_MOVED 0 506408. 3566304. 800.
30.57 34 GPS 3 50632024 356625106 3316 74867 44 163 328189000 12 0
30.57 34 SVINFO 1 14 13 7 36 39 42
30.57 34 ESTIMATOR 748.669983 1.63 1.63 1.63 748.669983
30.60 34 DOWNLINK_STATUS 29 703 51 0 0. 0.
30.74 34 DOWNLINK_STATUS 932 181892 11072 0 399. 24.
30.76 34 COMMANDS 166,-34,-33,-616
30.77 34 NAVIGATION 0 2 -45 -10 38 0. 2807.1
30.77 34 ATTITUDE 2 0 -1
30.77 34 DL_VALUE 37 0.1
30.84 34 FBW_STATUS 0 0 123
30.84 34 RAD_OF_IR 28 -99 0.00155
30.84 34 GPS 3 50632020 356625120 3316 74876 65 112 328189248 12 0
30.84 34 SVINFO 2 32 13 4 27 38 317
30.85 34 IR_SENSORS -686 27 1
30.85 34 NAVIGATION 0 2 -45 -10 38 0. 2792.3
30.93 34 WP_MOVED 1 506292.5 3566296.25 800.
30.93 34 GYRO_RATES -37 -21 -4 0.322886 -0.18326 -0.034907
31.40 34 GPS 3 50632020 356625132 3303 74899 18 141 328189500 12 0
31.40 34 SVINFO 3 11 13 4 30 34 288
31.40 34 ESTIMATOR 748.98999 1.41 1.41 1.41 748.98999
31.40 34 BAT 168 123 111 0 120 110 1
31.40 34 NAVIGATION 0 2 -45 -10 38 0. 2781.5
31.40 34 ATTITUDE 2 0 0
31.40 34 CALIBRATION 0. 0.023 0.067 0
31.47 34 SERVO 5127 -9600 167
31.47 34 GPS 3 50632025 356625147 3306 74908 51 149 328189748 12 0
31.47 34 SVINFO 4 22 13 4 27 32 106
31.47 34 DESIRED 0. -0. 0. 0. 770. 0.
31.47 34 IR_DEBUG 505 468 505 468
31.47 34 NAVIGATION 0 2 -45 -10 38 0. 2770.8
31.47 34 WP_MOVED 2 506379.59375 3566304.75 800.
31.60 34 DOWNLINK_STATUS 30 703 51 0 0. 0.
31.69 34 FBW_STATUS 0 0 123
31.73 34 RAD_OF_IR 25 59 0.00155
31.74 34 DOWNLINK_STATUS 933 182292 11100 0 400. 28.
32.09 34 IR_SENSORS -682 25 1
32.09 34 GPS 3 50632040 356625182 3384 74934 34 129 328190248 12 0
32.09 34 SVINFO 6 20 13 4 28 12 308
32.10 34 NAVIGATION 0 2 -45 -10 38 0. 2748.
32.10 34 WP_MOVED 3 506366. 3566262. 0.
32.10 34 GYRO_RATES -38 -21 -4 0.331613 -0.18326 -0.034907
32.34 34 ESTIMATOR 749.080017 1.49 1.49 1.49 749.080017
32.34 34 NAVIGATION 0 2 -45 -10 38 0. 2741.5
32.34 34 ATTITUDE 3 0 -2
32.36 34 WP_MOVED 0 506408. 3566304. 800.
32.58 34 ESTIMATOR 749.340027 1.29 1.29 1.29 749.340027
32.58 34 GPS 3 50632049 356625195 3420 74932 69 101 328190500 12 0
32.60 34 DOWNLINK_STATUS 31 766 55 0 63. 4.
32.67 34 RAD_OF_IR 49 -67 0.00155
32.73 34 IR_SENSORS -709 46 1
32.74 34 DOWNLINK_STATUS 934 182457 11110 0 165. 10.
32.76 34 NAVIGATION 0 2 -45 -9 38 0. 2684.8
32.76 34 GPS 3 50632036 356625274 38 74992 109 112 328191248 12 0
32.84 34 WP_MOVED 1 506292.5 3566296.25 800.
32.84 34 GYRO_RATES -38 -21 -3 0.331613 -0.18326 -0.02618
33.21 34 ESTIMATOR 749.919983 1.12 1.12 1.12 749.919983
33.21 34 BAT 166 123 113 0 122 112 1
33.21 34 NAVIGATION 0 2 -45 -9 38 0. 2665.
33.21 34 ATTITUDE 3 0 0
33.21 34 CALIBRATION 0. 0.023 0.067 0
33.21 34 GPS 3 50632024 356625282 35 75024 94 176 328191500 12 0
33.37 34 SERVO 4747 -9600 166
33.37 34 DESIRED 0. -0. 0. 0. 770. 0.
33.37 34 IR_DEBUG 504 447 504 447
33.37 34 NAVIGATION 0 2 -45 -9 38 0. 2651.3
33.37 34 GPS 3 50632010 356625276 30 75049 34 220 328191748 12 0
33.37 34 WP_MOVED 2 506379.59375 3566304.75 800.
33.60 34 DOWNLINK_STATUS 32 766 55 0 0. 0.
33.74 34 DOWNLINK_STATUS 935 182745 11126 0 288. 16.
33.77 34 GPS 3 50631997 356625268 10 75073 54 191 328192000 12 0
33.77 34 FBW_STATUS 0 0 123
33.77 34 RAD_OF_IR 45 -56 0.00155
33.86 34 ACTUATORS 1497,1500,0,1214,1468
33.86 34 IR_SENSORS -658 42 1
33.87 34 NAVIGATION 0 2 -46 -9 38 0. 2648.6
33.87 34 WP_MOVED 3 506366. 3566262. 0.
33.87 34 GYRO_RATES -38 -21 -3 0.331613 -0.18326 -0.02618
33.87 34 GPS 3 50631992 356625283 3462 75092 100 169 328192248 12 0
33.87 34 ESTIMATOR 750.919983 1.69 1.69 1.69 750.919983
33.93 34 NAVIGATION 0 2 -46 -9 38 0. 2632.8
33.93 34 ATTITUDE 3 0 1
34.34 34 COMMANDS 168,-34,-33,-593
34.34 34 NAVIGATION 0 2 -45 -9 38 0. 2713.6
34.34 34 GPS 3 50632045 356625257 49 74975 121 116 328191000 12 0
34.46 34 COMMANDS 169,-3,-23,-615
34.46 34 NAVIGATION 0 2 -46 -9 38 0. 2618.9
34.46 34 ATTITUDE 2 0 1
34.46 34 DL_VALUE 41 0.
34.46 34 FBW_STATUS 0 0 123
34.60 34 DOWNLINK_STATUS 33 871 63 0 105. 8.
34.75 34 IR_SENSORS -669 25 1
34.75 34 NAVIGATION 0 2 -46 -9 38 0. 2612.5
34.75 34 WP_MOVED 1 506292.5 3566296.25 800.
34.75 34 GYRO_RATES -38 -21 -3 0.331613 -0.18326 -0.02618
34.75 34 DOWNLINK_STATUS 936 182997 11142 0 252. 16.
34.90 34 ESTIMATOR 750.900024 1.43 1.43 1.43 750.900024
34.90 34 BAT 163 123 115 0 124 114 1
34.90 34 GPS 3 50631983 356625288 3496 75074 30 159 328193248 12 0
34.90 34 SVINFO 2 32 13 4 30 38 317
34.90 34 NAVIGATION 0 2 -46 -9 38 0. 2623.6
34.90 34 ATTITUDE 1 0 0
34.90 34 CALIBRATION 0. 0.023 0.067 0
34.92 34 SERVO 4604 -9600 166
35.61 34 DOWNLINK_STATUS 34 871 63 0 0. 0.
35.74 34 DOWNLINK_STATUS 937 183119 11150 0 122. 8.
36.61 34 DOWNLINK_STATUS 35 871 63 0 0. 0.
36.76 34 DOWNLINK_STATUS 938 183119 11150 0 0. 0.
37.61 34 DOWNLINK_STATUS 36 871 63 0 0. 0.
37.76 34 DOWNLINK_STATUS 939 183119 11150 0 0. 0.
38.02 34 IR_SENSORS -666 21 1
38.02 34 NAVIGATION 0 2 -46 -10 38 0. 2696.5
38.02 34 WP_MOVED 3 506366. 3566262. 0.
38.02 34 GYRO_RATES -38 -21 -3 0.331613 -0.18326 -0.02618
38.02 34 GPS 3 50631970 356625187 3309 75033 38 158 328196000 12 0
38.08 34 DESIRED 0. -0. 0. 0. 770. 0.
38.08 34 NAVIGATION 0 2 -46 -10 38 0. 2708.9
38.10 34 GPS 3 50631963 356625187 3334 75028 73 153 328196500 12 0
38.10 34 ESTIMATOR 750.280029 1.53 1.53 1.53 750.280029
38.15 34 COMMANDS 166,-96,-37,-616
38.15 34 NAVIGATION 0 2 -46 -10 38 0. 2701.2
38.15 34 ATTITUDE 0 0 1
38.15 34 DL_VALUE 3 0.
38.27 34 FBW_STATUS 0 0 123
38.27 34 RAD_OF_IR 17 28 0.00155
38.27 34 GPS 3 50631958 356625178 3307 75027 15 193 328196748 12 0
38.27 34 SVINFO 0 31 13 6 32 75 136
38.46 34 ACTUATORS 1499,1500,0,1213,1469
38.47 34 IR_SENSORS -669 18 1
38.47 34 NAVIGATION 0 2 -46 -10 38 0. 2706.5
38.59 34 WP_MOVED 1 506292.5 3566296.25 800.
38.61 34 DOWNLINK_STATUS 37 871 63 0 0. 0.
38.62 34 GYRO_RATES -38 -21 -3 0.331613 -0.18326 -0.02618
38.62 34 GPS 3 50631948 356625171 3265 75055 9 181 328197000 12 0
38.62 34 SVINFO 1 14 13 7 36 39 42
38.62 34 ESTIMATOR 750.549988 1.81 1.81 1.81 750.549988
38.62 34 BAT 169 123 119 0 128 118 1
38.63 34 SVINFO 1 14 13 7 36 39 42
38.73 34 SERVO 4509 -9600 167
38.75 34 DOWNLINK_STATUS 940 183551 11177 0 432. 27.
38.99 34 GPS 3 50631946 356625166 3345 75088 32 163 328197248 12 0
38.99 34 SVINFO 2 32 13 4 30 38 317
38.99 34 DESIRED 0. -0. 0. 0. 770. 0.
38.99 34 IR_DEBUG 490 467 490 467
38.99 34 NAVIGATION 0 2 -46 -10 38 0. 2710.7
39.19 34 WP_MOVED 2 506379.59375 3566304.75 800.
39.21 34 PPRZ_MODE 0 1 2 0 0 1 0
39.22 34 ESTIMATOR 750.880005 1.63 1.63 1.63 750.880005
39.22 34 GPS 3 50631947 356625171 3364 75114 52 181 328197500 12 0
39.22 34 SVINFO 3 11 13 4 30 34 288
39.22 34 COMMANDS 176,-9,-33,-641
39.22 34 NAVIGATION 0 2 -46 -10 38 0. 2706.7
39.58 34 WP_MOVED 3 506366. 3566262. 0.
39.58 34 GYRO_RATES -38 -21 -3 0.331613 -0.18326 -0.02618
39.58 34 ESTIMATOR 751.390015 1.64 1.64 1.64 751.390015
39.58 34 GPS 3 50631954 356625185 3412 75163 80 181 328198000 12 0
39.58 34 SVINFO 5 30 13 6 33 15 72
39.58 34 NAVIGATION 0 2 -46 -10 38 0. 2698.1
39.61 34 DOWNLINK_STATUS 38 881 64 0 10. 1.
39.76 34 DOWNLINK_STATUS 941 183866 11195 0 315. 18.
39.99 34 DESIRED 0. -0. 0. 0. 770. 0.
39.99 34 GPS 3 50631957 356625183 3447 75199 56 177 328198248 12 0
39.99 34 SVINFO 6 20 12 4 30 12 308
39.99 34 NAVIGATION 0 2 -46 -10 38 0. 2701.5
39.99 34 WP_MOVED 0 506408. 3566304. 800.
40.19 34 ESTIMATOR 751.98999 1.77 1.77 1.77 751.98999
40.23 34 COMMANDS 169,-3,-25,-573
40.23 34 NAVIGATION 0 2 -46 -10 38 0. 2701.5
40.23 34 GPS 3 50631960 356625171 3471 75226 46 194 328198500 12 0
40.23 34 SVINFO 7 19 12 4 28 6 231
40.23 34 ATTITUDE 0 0 0
40.23 34 DL_VALUE 5 120.
40.23 34 FBW_STATUS 0 0 123
40.23 34 RAD_OF_IR 16 67 0.00155
40.46 34 WP_MOVED 1 506292.5 3566296.25 800.
40.47 34 GYRO_RATES -38 -21 -4 0.331613 -0.18326 -0.034907
40.60 34 ESTIMATOR 752.619995 2.14 2.14 2.14 752.619995
40.61 34 DOWNLINK_STATUS 39 881 64 0 0. 0.
40.62 34 BAT 168 123 121 0 130 120 1
40.62 34 NAVIGATION 0 2 -46 -10 38 0. 2717.
40.62 34 ATTITUDE 0 0 0
40.62 34 CALIBRATION 0. 0.023 0.067 0
40.62 34 GPS 3 50631974 356625175 193 75286 128 199 328199000 12 0
40.62 34 SERVO 4652 -9600 169
40.76 34 DOWNLINK_STATUS 942 184227 11218 0 361. 23.
40.99 34 DESIRED 0. -0. 0. 0. 770. 0.
40.99 34 IR_DEBUG 492 467 492 467
40.99 34 NAVIGATION 0 2 -46 -10 38 0. 2717.8
40.99 34 GPS 3 50631985 356625173 361 75302 100 210 328199248 12 0
40.99 34 WP_MOVED 2 506379.59375 3566304.75 800.
41.08 34 ESTIMATOR 753.02002 2.1 2.1 2.1 753.02002
41.11 34 COMMANDS 169,-9,-33,-578
41.11 34 NAVIGATION 0 2 -46 -10 38 0. 2725.6
41.11 34 ATTITUDE 1 0 1
41.11 34 DL_VALUE 6 1.
41.11 34 GPS 3 50631996 356625173 206 75328 114 254 328199500 12 0
41.12 34 FBW_STATUS 0 0 123
41.12 34 RAD_OF_IR 20 -438 0.00155
41.16 34 IR_SENSORS -667 21 1
41.16 34 NAVIGATION 0 2 -46 -10 38 0. 2731.6
41.28 34 WP_MOVED 3 506366. 3566262. 0.
41.28 34 GYRO_RATES -38 -21 -4 0.331613 -0.18326 -0.034907
41.28 34 GPS 3 50632006 356625175 217 75344 83 246 328199748 12 0
41.46 34 ESTIMATOR 753.440002 2.46 2.46 2.46 753.440002
41.57 34 NAVIGATION 0 2 -45 -10 38 0. 2735.4
41.57 34 ATTITUDE 2 0 1
41.57 34 GPS 3 50632019 356625185 343 75355 106 192 328200000 12 0
41.61 34 DOWNLINK_STATUS 40 881 64 0 0. 0.
41.64 34 DESIRED 0. -0. 0. 0. 770. 0.
41.64 34 NAVIGATION 0 2 -45 -10 38 0. 2733.7
41.74 34 WP_MOVED 0 506408. 3566304. 800.
41.75 34 GPS 3 50632037 356625197 522 75368 121 204 328200248 12 0
41.76 34 DOWNLINK_STATUS 943 184636 11242 0 409. 24.
41.96 34 ESTIMATOR 753.679993 2.04 2.04 2.04 753.679993
42.08 34 COMMANDS 169,-7,-26,-569
42.08 34 NAVIGATION 0 2 -45 -10 38 0. 2733.
42.08 34 ATTITUDE 4 0 4
42.08 34 DL_VALUE 7 0.
42.08 34 FBW_STATUS 0 0 123
42.08 34 RAD_OF_IR 49 515 0.00155
42.08 34 GPS 3 50632052 356625206 514 75391 88 223 328200500 12 0
42.08 34 IR_SENSORS -644 48 1
42.25 34 NAVIGATION 0 2 -45 -9 38 0. 2733.5
42.25 34 WP_MOVED 1 506292.5 3566296.25 800.
42.25 34 GYRO_RATES -38 -21 -4 0.331613 -0.18326 -0.034907
42.53 34 GPS 3 50632062 356625218 266 75418 116 216 328200748 12 0
42.53 34 SVINFO 0 31 13 7 33 75 136
42.53 34 ESTIMATOR 754.179993 2.16 2.16 2.16 754.179993
42.53 34 BAT 169 123 123 0 132 122 1
42.53 34 NAVIGATION 0 2 -45 -9 38 0. 2728.5
42.53 34 ATTITUDE 3 0 2
42.53 34 CALIBRATION 0. 0.023 0.067 0
42.61 34 DOWNLINK_STATUS 41 925 66 0 44. 2.
42.68 34 SERVO 4177 -9600 166
42.68 34 GPS 3 50632067 356625229 256 75445 99 259 328201000 12 0
42.68 34 SVINFO 1 14 13 7 35 39 42
42.68 34 DESIRED 0. -0. 0. 0. 770. 0.
42.68 34 IR_DEBUG 496 459 496 459
42.68 34 NAVIGATION 0 2 -45 -9 38 0. 2721.6
42.69 34 WP_MOVED 2 506379.59375 3566304.75 800.
42.77 34 DOWNLINK_STATUS 944 184919 11261 0 283. 19.
42.97 34 COMMANDS 168,-6,-31,-566
42.97 34 NAVIGATION 0 2 -45 -9 38 0. 2718.4
42.97 34 ATTITUDE 2 0 0
42.97 34 DL_VALUE 8 1.
43.08 34 FBW_STATUS 0 0 123
43.12 34 RAD_OF_IR 28 -17 0.00155
43.12 34 ACTUATORS 1498,1500,0,1214,1471
43.12 34 GPS 3 50632073 356625231 250 75483 88 249 328201500 12 0
43.12 34 SVINFO 3 11 13 4 30 34 288
43.12 34 IR_SENSORS -682 24 1
43.12 34 NAVIGATION 0 2 -45 -9 38 0. 2723.3
43.14 34 WP_MOVED 3 506366. 3566262. 0.
43.14 34 GYRO_RATES -38 -21 -3 0.331613 -0.18326 -0.02618
43.49 34 ESTIMATOR 754.830017 2.49 2.49 2.49 754.830017
43.49 34 GPS 3 50632073 356625242 260 75509 103 253 328201748 12 0
43.49 34 SVINFO 4 22 13 4 30 32 107
43.49 34 NAVIGATION 0 2 -45 -9 38 0. 2713.6
43.49 34 ATTITUDE 1 0 0
43.61 34 DOWNLINK_STATUS 42 1039 73 0 114. 7.
43.65 34 ESTIMATOR 754.450012 2.59 2.59 2.59 754.450012
43.68 34 ESTIMATOR 755.330017 2.52 2.52 2.52 755.330017
43.76 34 DOWNLINK_STATUS 945 185196 11280 0 277. 19.
44.00 34 COMMANDS 169,-9,-29,-569
44.00 34 NAVIGATION 0 2 -45 -9 38 0. 2708.6
44.00 34 GPS 3 50632080 356625254 260 75555 77 265 328202248 12 0
44.00 34 SVINFO 6 20 12 4 30 12 308
44.00 34 ATTITUDE 1 0 -1
44.00 34 DL_VALUE 9 -61.099998
44.01 34 FBW_STATUS 0 0 123
44.01 34 RAD_OF_IR 20 -8 0.00155
44.01 34 NAVIGATION_REF 506366 3566262 12
44.09 34 IR_SENSORS -693 19 1
44.12 34 NAVIGATION 0 2 -45 -9 38 0. 2707.1
44.12 34 GPS 3 50632084 356625268 146 75566 135 271 328202500 12 0
44.12 34 SVINFO 7 19 12 4 29 6 231
44.12 34 WP_MOVED 1 506292.5 3566296.25 800.
44.12 34 GYRO_RATES -38 -21 -4 0.331613 -0.18326 -0.034907
44.15 34 ESTIMATOR 755.659973 2.71 2.71 2.71 755.659973
44.15 34 BAT 167 123 125 0 134 124 2
44.28 34 NAVIGATION 0 2 -45 -9 38 0. 2697.1
44.28 34 ATTITUDE 0 0 -2
44.28 34 CALIBRATION 0. 0.023 0.067 0
44.28 34 GPS 3 50632091 356625279 285 75578 105 260 328202748 12 0
44.45 34 SERVO 5697 -9600 171
44.58 34 DESIRED 0. -0. 0. 0. 770. 0.
44.58 34 IR_DEBUG 508 484 508 484
44.58 34 NAVIGATION 0 2 -45 -9 38 0. 2691.6
44.58 34 GPS 3 50632100 356625287 227 75594 100 277 328203000 12 0
44.58 34 WP_MOVED 2 506379.59375 3566304.75 800.
44.61 34 DOWNLINK_STATUS 43 1061 74 0 22. 1.
44.63 34 ESTIMATOR 755.940002 2.77 2.77 2.77 755.940002
44.77 34 DOWNLINK_STATUS 946 185609 11307 0 413. 27.
44.99 34 COMMANDS 168,-9,-33,-566
44.99 34 NAVIGATION 0 2 -45 -9 38 0. 2689.7
44.99 34 ATTITUDE 0 0 -2
44.99 34 DL_VALUE 10 0.
44.99 34 GPS 3 50632102 356625307 50 75606 133 257 328203248 12 0
44.99 34 FBW_STATUS 0 0 123
44.99 34 RAD_OF_IR 17 -509 0.00155
45.09 34 IR_SENSORS -691 16 1
45.11 34 NAVIGATION 0 2 -44 -8 38 0. 2673.6
45.11 34 WP_MOVED 3 506366. 3566262. 0.
45.11 34 GYRO_RATES -38 -21 -4 0.331613 -0.18326 -0.034907
45.12 34 GPS 3 50632104 356625329 145 75618 141 251 328203500 12 0
45.24 34 GPS 3 50632113 356625347 221 75641 123 228 328203748 12 0
45.44 34 DESIRED 0. -0. 0. 0. 770. 0.
45.44 34 NAVIGATION 0 2 -44 -8 38 0. 2645.5
45.45 34 WP_MOVED 0 506408. 3566304. 800.
45.57 34 GPS 3 50632120 356625349 238 75644 127 219 328204000 12 0
45.57 34 ESTIMATOR 756.440002 2.19 2.19 2.19 756.440002
45.61 34 DOWNLINK_STATUS 44 1083 75 0 22. 1.
45.65 34 COMMANDS 163,-6,-37,-569
45.65 34 NAVIGATION 0 2 -44 -8 38 0. 2647.8
45.65 34 ATTITUDE 0 0 -1
45.65 34 DL_VALUE 11 1.
45.78 34 DOWNLINK_STATUS 947 185918 11325 0 309. 18.
45.87 34 FBW_STATUS 0 0 123
45.87 34 RAD_OF_IR 10 48 0.00155
45.87 34 GPS 3 50632125 356625355 205 75646 133 222 328204248 12 0
45.89 34 IR_SENSORS -686 10 1
45.89 34 NAVIGATION 0 2 -44 -8 38 0. 2645.6
45.94 34 WP_MOVED 1 506292.5 3566296.25 800.
45.94 34 GYRO_RATES -38 -21 -4 0.331613 -0.18326 -0.034907
46.06 34 GPS 3 50632127 356625349 214 75654 68 253 328204500 12 0
46.06 34 ESTIMATOR 756.539978 2.53 2.53 2.53 756.539978
46.06 34 BAT 170 123 127 0 136 126 2
46.14 34 NAVIGATION 0 2 -44 -8 38 0. 2651.9
46.14 34 ATTITUDE 0 0 0
46.14 34 CALIBRATION 0. 0.023 0.067 0
46.17 34 SERVO 5174 -9464 168
46.37 34 GPS 3 50632125 356625353 3515 75663 114 246 328204748 12 0
46.37 34 SVINFO 0 31 13 7 34 75 136
46.46 34 DESIRED 0. -0. 0. 0. 770. 0.
46.46 34 IR_DEBUG 497 478 497 478
46.46 34 NAVIGATION 0 2 -44 -8 38 0. 2647.3
46.46 34 WP_MOVED 2 506379.59375 3566304.75 800.
46.61 34 DOWNLINK_STATUS 45 1135 80 0 52. 5.
46.68 34 ESTIMATOR 756.630005 2.46 2.46 2.46 756.630005
46.68 34 GPS 3 50632118 356625361 3557 75660 140 209 328205000 12 0
46.68 34 SVINFO 1 14 13 7 36 39 42
46.69 34 COMMANDS 167,-7,-36,-569
46.69 34 NAVIGATION 0 2 -44 -8 38 0. 2636.5
46.69 34 ATTITUDE 0 0 0
46.69 34 DL_VALUE 12 0.
46.70 34 FBW_STATUS 0 0 123
46.70 34 RAD_OF_IR 14 118 0.00155
46.79 34 DOWNLINK_STATUS 948 186231 11344 0 313. 19.
46.99 34 GPS 3 50632118 356625371 112 75651 115 220 328205248 12 0
46.99 34 SVINFO 2 32 13 4 30 38 317
46.99 34 IR_SENSORS -681 14 1
46.99 34 NAVIGATION 0 2 -44 -8 38 0. 2627.9
46.99 34 WP_MOVED 3 506366. 3566262. 0.
46.99 34 GYRO_RATES -38 -21 -4 0.331613 -0.18326 -0.034907
47.08 34 ESTIMATOR 756.51001 2.2 2.2 2.2 756.51001
47.12 34 GPS 3 50632129 356625373 114 75632 91 192 328205500 12 0
47.12 34 SVINFO 3 11 13 4 31 34 288
47.12 34 NAVIGATION 0 2 -44 -8 38 0. 2632.6
47.12 34 ATTITUDE 0 0 0
47.49 34 DESIRED 0. -0. 0. 0. 770. 0.
47.49 34 GPS 3 50632143 356625380 224 75624 110 185 328205748 12 0
47.49 34 SVINFO 4 22 13 4 29 32 107
47.49 34 NAVIGATION 0 2 -44 -8 38 0. 2634.7
47.49 34 WP_MOVED 0 506408. 3566304. 800.
47.60 34 ESTIMATOR 756.23999 1.85 1.85 1.85 756.23999
47.61 34 DOWNLINK_STATUS 46 1253 89 0 118. 9.
47.63 34 RAD_OF_IR 11 -22 0.00155
47.64 34 GPS 3 50632152 356625374 216 75610 99 209 328206000 12 0
47.64 34 SVINFO 5 30 13 4 31 15 72
47.64 34 COMMANDS 167,-9,-33,-569
47.64 34 NAVIGATION 0 2 -44 -8 38 0. 2645.
47.64 34 ATTITUDE 0 0 0
47.64 34 DL_VALUE 13 517.
47.64 34 FBW_STATUS 0 0 123
47.68 34 ACTUATORS 1499,1501,0,1214,1471
47.68 34 IR_SENSORS -681 11 1
47.78 34 DOWNLINK_STATUS 949 186618 11368 0 387. 24.
47.99 34 NAVIGATION 0 2 -44 -8 38 0. 2645.
47.99 34 GPS 3 50632156 356625368 212 75605 71 209 328206248 12 0
47.99 34 SVINFO 6 20 12 4 29 12 308
47.99 34 WP_MOVED 1 506292.5 3566296.25 800.
47.99 34 GYRO_RATES -38 -21 -3 0.331613 -0.18326 -0.02618
48.09 34 ESTIMATOR 756.049988 2.09 2.09 2.09 756.049988
48.12 34 BAT 169 123 129 0 138 128 2
48.12 34 NAVIGATION 0 2 -44 -8 38 0. 2652.4
48.12 34 ATTITUDE 0 0 0
48.12 34 CALIBRATION 0. 0.023 0.067 0
48.12 34 GPS 3 50632153 356625357 208 75593 85 180 328206500 12 0
48.12 34 SVINFO 7 19 12 4 27 6 231
48.12 34 SERVO 4842 -9514 168
48.60 34 DESIRED 0. -0. 0. 0. 770. 0.
48.60 34 IR_DEBUG 493 473 493 473
48.60 34 NAVIGATION 0 2 -44 -8 38 0. 2660.1
48.60 34 GPS 3 50632154 356625339 210 75576 79 200 328206748 12 0
48.60 34 WP_MOVED 2 506379.59375 3566304.75 800.
48.60 34 PPRZ_MODE 0 1 2 0 0 1 0
48.61 34 DOWNLINK_STATUS 47 1284 92 0 31. 3.
48.69 34 ESTIMATOR 755.76001 2. 2. 2. 755.76001
48.69 34 COMMANDS 167,-9,-34,-569
48.69 34 NAVIGATION 0 2 -44 -8 38 0. 2676.
48.69 34 ATTITUDE 0 0 0
48.69 34 DL_VALUE 14 482.
48.69 34 GPS 3 50632155 356625319 396 75536 101 182 328207000 12 0
48.69 34 FBW_STATUS 0 0 123
48.69 34 RAD_OF_IR 15 526 0.00155
48.77 34 NAVIGATION 0 2 -44 -8 38 0. 2693.8
48.78 34 DOWNLINK_STATUS 950 186935 11387 0 317. 19.
48.83 34 ESTIMATOR 754.97998 1.86 1.86 1.86 754.97998
49.06 34 NAVIGATION 0 2 -44 -9 38 0. 2715.4
49.06 34 ATTITUDE 0 0 0
49.16 34 GPS 3 50632164 356625283 377 75471 98 179 328207500 12 0
49.16 34 DESIRED 0. -0. 0. 0. 770. 0.
49.16 34 NAVIGATION 0 2 -44 -9 38 0. 2730.1
49.24 34 WP_MOVED 0 506408. 3566304. 800.
49.24 34 GPS 3 50632172 356625282 252 75453 132 192 328207748 12 0
49.33 34 ESTIMATOR 754.530029 1.92 1.92 1.92 754.530029
49.59 34 COMMANDS 169,-4,-28,-568
49.59 34 NAVIGATION 0 2 -44 -9 38 0. 2735.6
49.59 34 ATTITUDE 0 0 0
49.59 34 DL_VALUE 15 455.
49.59 34 FBW_STATUS 0 0 123
49.61 34 DOWNLINK_STATUS 48 1410 101 0 126. 9.
49.78 34 RAD_OF_IR 18 -359 0.00155
49.78 34 GPS 3 50632177 356625284 243 75431 117 163 328208000 12 0
49.78 34 IR_SENSORS -674 17 1
49.78 34 NAVIGATION 0 2 -44 -9 38 0. 2736.8
49.78 34 WP_MOVED 1 506292.5 3566296.25 800.
49.78 34 GYRO_RATES -38 -21 -4 0.331613 -0.18326 -0.034907
49.78 34 DOWNLINK_STATUS 951 187265 11407 0 330. 20.
49.89 34 GPS 3 50632189 356625289 250 75427 94 186 328208248 12 0
49.89 34 ESTIMATOR 754.27002 1.86 1.86 1.86 754.27002
49.89 34 BAT 166 123 131 0 140 130 2
49.89 34 NAVIGATION 0 2 -44 -9 38 0. 2739.5
49.89 34 ATTITUDE 1 0 0
49.89 34 CALIBRATION 0. 0.023 0.067 0
50.06 34 SERVO 5079 -9600 169
50.17 34 GPS 3 50632183 356625276 242 75412 85 196 328208500 12 0
50.17 34 DESIRED 0. -0. 0. 0. 770. 0.
50.17 34 IR_DEBUG 504 469 504 469
50.17 34 NAVIGATION 0 2 -44 -9 38 0. 2747.3
50.35 34 COMMANDS 169,-6,-29,-571
50.35 34 NAVIGATION 0 2 -44 -9 38 0. 2752.7
50.35 34 ATTITUDE 2 0 0
50.35 34 DL_VALUE 16 7500.
50.36 34 FBW_STATUS 0 0 123
50.56 34 RAD_OF_IR 28 -5 0.00155
50.62 34 DOWNLINK_STATUS 49 1410 101 0 0. 0.
50.69 34 GPS 3 50632171 356625256 238 75377 63 198 328209000 12 0
50.69 34 SVINFO 1 14 13 7 36 39 42
50.69 34 IR_SENSORS -683 27 1
50.69 34 NAVIGATION 0 2 -44 -9 38 0. 2757.7
50.69 34 WP_MOVED 3 506366. 3566262. 0.
50.69 34 GYRO_RATES -38 -21 -4 0.331613 -0.18326 -0.034907
50.79 34 DOWNLINK_STATUS 952 187517 11424 0 252. 17.
50.87 34 ESTIMATOR 753.77002 1.98 1.98 1.98 753.77002
50.87 34 GPS 3 50632166 356625260 229 75374 89 198 328209248 12 0
50.87 34 SVINFO 2 32 13 4 29 38 317
50.87 34 NAVIGATION 0 2 -44 -9 38 0. 2751.3
50.87 34 ATTITUDE 2 0 -1
51.24 34 ESTIMATOR 753.679993 2.14 2.14 2.14 753.679993
51.37 34 GPS 3 50632148 356625237 208 75361 30 244 328209748 12 0
51.37 34 SVINFO 4 22 13 4 28 32 107
51.37 34 COMMANDS 167,-9,-33,-566
51.37 34 NAVIGATION 0 2 -44 -9 38 0. 2760.9
51.37 34 ATTITUDE 2 0 0
51.37 34 DL_VALUE 17 11250.
51.37 34 FBW_STATUS 0 0 123
51.37 34 RAD_OF_IR 30 -31 0.00155
51.43 34 IR_SENSORS -681 31 1
51.62 34 DOWNLINK_STATUS 50 1634 117 0 224. 16.
51.79 34 DOWNLINK_STATUS 953 187602 11429 0 85. 5.
51.84 34 DESIRED 0. -0. 0. 0. 770. 0.
51.84 34 GPS 3 50632158 356625255 219 75368 82 214 328209500 12 0
51.84 34 WP_MOVED 1 506292.5 3566296.25 800.
51.84 34 GYRO_RATES -38 -21 -4 0.331613 -0.18326 -0.034907
51.88 34 SERVO 5032 -9600 169
51.96 34 DESIRED 0. -0. 0. 0. 770. 0.
51.96 34 IR_DEBUG 507 464 507 464
51.96 34 NAVIGATION 0 2 -44 -9 38 0. 2793.5
52.18 34 GPS 3 50632147 356625187 265 75331 72 233 328210500 12 0
52.18 34 SVINFO 7 19 12 4 27 6 231
52.18 34 WP_MOVED 2 506379.59375 3566304.75 800.
52.27 34 NAVIGATION 0 2 -44 -9 38 0. 2760.9
52.27 34 GPS 3 50632149 356625214 257 75355 33 239 328210000 12 0
52.34 34 FBW_STATUS 0 0 123
52.34 34 RAD_OF_IR 29 -31 0.00155
52.34 34 NAVIGATION_REF 506366 3566262 12
52.36 34 ACTUATORS 1499,1501,0,1213,1471
52.36 34 IR_SENSORS -681 30 1
52.43 34 NAVIGATION 0 2 -44 -10 38 0. 2808.6
52.63 34 DOWNLINK_STATUS 51 1744 125 0 110. 8.
52.69 34 WP_MOVED 3 506366. 3566262. 0.
52.69 34 GYRO_RATES -38 -20 -3 0.331613 -0.174533 -0.02618
52.69 34 GPS 3 50632141 356625173 260 75319 84 218 328211000 12 0
52.75 34 ESTIMATOR 753.190002 2.18 2.18 2.18 753.190002
52.76 34 NAVIGATION 0 2 -44 -10 38 0. 2813.4
52.76 34 ATTITUDE 2 0 0
52.77 34 GPS 3 50632152 356625176 489 75316 108 213 328211248 12 0
52.79 34 DOWNLINK_STATUS 954 187879 11444 0 277. 15.
52.85 34 DESIRED 0. -0. 0. 0. 770. 0.
52.87 34 NAVIGATION 0 2 -44 -10 38 0. 2817.1
52.94 34 WP_MOVED 0 506408. 3566304. 800.
52.94 34 PPRZ_MODE 0 1 2 0 0 1 0
53.18 34 GPS 3 50632162 356625188 319 75320 108 218 328211500 12 0
53.18 34 ESTIMATOR 753.200012 2.18 2.18 2.18 753.200012
53.26 34 COMMANDS 168,-10,-31,-566
53.26 34 NAVIGATION 0 2 -44 -10 38 0. 2812.2
53.26 34 ATTITUDE 1 0 0
53.26 34 DL_VALUE 19 3000.
53.27 34 FBW_STATUS 0 0 123
53.27 34 RAD_OF_IR 24 -481 0.00155
53.28 34 GPS 3 50632170 356625200 272 75309 127 225 328211748 12 0
53.34 34 IR_SENSORS -677 25 1
53.34 34 NAVIGATION 0 2 -44 -10 38 0. 2806.3
53.44 34 WP_MOVED 1 506292.5 3566296.25 800.
53.44 34 GYRO_RATES -38 -21 -3 0.331613 -0.18326 -0.02618
53.63 34 DOWNLINK_STATUS 52 1953 139 0 209. 14.
53.69 34 GPS 3 50632171 356625208 172 75284 134 244 328212000 12 0
53.69 34 ESTIMATOR 752.840027 2.44 2.44 2.44 752.840027
53.69 34 BAT 168 123 135 0 144 134 2
53.75 34 NAVIGATION 0 2 -44 -9 38 0. 2799.8
53.76 34 ATTITUDE 2 0 0
53.76 34 CALIBRATION 0. 0.023 0.067 0
53.76 34 SERVO 4842 -9600 168
53.76 34 GPS 3 50632181 356625211 223 75255 115 238 328212248 12 0
53.79 34 DOWNLINK_STATUS 955 188072 11455 0 193. 11.
53.85 34 DESIRED 0. -0. 0. 0. 770. 0.
53.85 34 IR_DEBUG 504 462 504 462
53.85 34 NAVIGATION 0 2 -44 -9 38 0. 2803.
53.87 34 WP_MOVED 2 506379.59375 3566304.75 800.
54.29 34 ESTIMATOR 752.549988 2.38 2.38 2.38 752.549988
54.29 34 GPS 3 50632183 356625209 207 75218 106 228 328212500 12 0
54.29 34 COMMANDS 168,-9,-33,-573
54.29 34 NAVIGATION 0 2 -44 -9 38 0. 2805.9
54.29 34 ATTITUDE 2 0 0
54.29 34 DL_VALUE 20 20000.
54.37 34 FBW_STATUS 0 0 123
54.37 34 RAD_OF_IR 25 -45 0.00155
54.37 34 GPS 3 50632286 356625109 202 74968 89 199 328212748 12 0
54.37 34 SVINFO 0 31 13 7 34 75 135
54.37 34 IR_SENSORS -672 24 1
54.37 34 NAVIGATION 0 2 -43 -10 38 0. 2956.6
