6.16 44 ESTIMATOR 0. 0. 0. 0. 0.
6.16 44 COMMANDS 173,-165,-15,-1149
6.16 44 NAVIGATION 0 1 0 0 28 0. 4.4
6.16 44 GPS 0 55815347 339508174 0 4627 0 0 234733498 16 0
6.16 44 ATTITUDE -1 0 -12
6.16 44 DL_VALUE 23 0.
6.16 44 FBW_STATUS 0 0 118
6.16 44 RAD_OF_IR -27 0 0.00172
6.16 44 IR_SENSORS -732 -25 1
6.16 44 NAVIGATION 0 1 0 0 28 0. 4.4
6.16 44 GPS 0 55815347 339508174 0 4627 0 0 234733750 16 0
6.16 44 SVINFO 0 22 12 3 18 68 105
6.16 44 WP_MOVED 8 558003.1875 3395761.75 229.
6.16 44 GYRO_RATES -186 -189 -273 1.623156 -1.649336 -2.382375
6.16 44 ESTIMATOR 0. 0. 0. 0. 0.
6.16 44 BAT 169 118 0 0 65 0 0
6.16 44 DOWNLINK_STATUS 5 1666 106 0 451. 28.
6.16 44 NAVIGATION 0 1 0 0 28 0. 4.4
6.16 44 ATTITUDE -2 0 -14
6.16 44 CALIBRATION 0. 0.023 0.05 0
6.16 44 GPS 0 55815347 339508174 0 4627 0 0 234733998 16 0
6.16 44 CALIB_CONTRAST 1106
6.16 44 SERVO 9600 -9600 152
6.16 44 DESIRED 0. -0. 0. 0. 109. 0.
6.16 44 IR_DEBUG 500 555 500 555
6.16 44 NAVIGATION 0 1 0 0 28 0. 4.4
6.16 44 GPS 0 55815347 339508174 0 4627 0 0 234734250 16 0
6.16 44 WP_MOVED 9 558151.375 3395696.75 229.
6.16 44 ESTIMATOR 0. 0. 0. 0. 0.
6.16 44 COMMANDS 175,46,-86,-1123
6.16 44 NAVIGATION 0 1 0 0 28 0. 4.4
6.16 44 ATTITUDE -2 0 -12
6.16 44 DL_VALUE 24 12300.
6.16 44 GPS 0 55815347 339508174 0 4627 0 0 234734498 16 0
6.19 44 FBW_STATUS 0 0 118
6.23 44 RAD_OF_IR -34 0 0.00172
6.33 44 IR_SENSORS -735 -35 1
6.33 44 NAVIGATION 0 1 0 0 28 0. 4.4
6.43 44 WP_MOVED 10 558094.1875 3395598. 229.
6.43 44 GYRO_RATES -166 -175 -252 1.448623 -1.527163 -2.199115
6.43 44 GPS 0 55815347 339508174 0 4627 0 0 234734750 16 0
6.50 44 ESTIMATOR 0. 0. 0. 0. 0.
6.57 44 DOWNLINK_STATUS 6 2060 131 0 394. 25.
6.60 44 NAVIGATION 0 1 0 0 28 0. 4.4
6.60 44 ATTITUDE -1 0 -13
6.82 44 GPS 0 55815347 339508174 0 4627 0 0 234734998 16 0
6.82 44 CALIB_CONTRAST 1106
6.82 44 DESIRED 0. -0. 0. 0. 109. 0.
6.83 44 NAVIGATION 0 1 0 0 28 0. 4.4
6.83 44 WP_MOVED 11 558150.3125 3395567. 119.
6.90 44 GPS 0 55815347 339508174 0 4627 0 0 234735250 16 0
6.93 44 ESTIMATOR 0. 0. 0. 0. 0.
7.05 44 COMMANDS 204,-7,25,-1049
7.05 44 NAVIGATION 0 1 0 0 28 0. 4.4
7.05 44 ATTITUDE 0 0 -11
7.05 44 DL_VALUE 25 10600.
7.17 44 FBW_STATUS 0 0 118
7.17 44 RAD_OF_IR -36 0 0.00172
7.17 44 GPS 0 55815347 339508174 0 4627 0 0 234735498 16 0
7.24 44 IR_SENSORS -723 -42 1
7.24 44 NAVIGATION 0 1 0 0 28 0. 4.4
7.34 44 WP_MOVED 12 557820.5 3395444. 180.
7.34 44 GYRO_RATES -173 -176 -258 1.50971 -1.53589 -2.251475
7.45 44 GPS 0 55815347 339508174 0 4627 0 0 234735750 16 0
7.45 44 ESTIMATOR 0. 0. 0. 0. 0.
7.45 44 BAT 157 118 0 0 67 0 1
7.57 44 NAVIGATION 0 1 0 0 28 0. 4.4
7.57 44 ATTITUDE -1 0 -12
7.57 44 CALIBRATION 0. 0.023 0.05 0
7.57 44 DOWNLINK_STATUS 7 2476 157 0 416. 26.
7.63 44 CALIB_CONTRAST 1106
7.63 44 SERVO 9600 -9600 156
7.65 44 GPS 0 55815347 339508174 0 4627 0 0 234735998 16 0
7.75 44 DESIRED 0. -0. 0. 0. 109. 0.
7.79 44 IR_DEBUG 499 541 499 541
7.79 44 NAVIGATION 0 1 0 0 28 0. 4.4
7.79 44 WP_MOVED 13 558004.8125 3395690. 140.
8.04 44 ESTIMATOR 0. 0. 0. 0. 0.
8.04 44 GPS 0 55815347 339508174 0 4627 0 0 234736250 16 0
8.04 44 SVINFO 10 18 12 7 34 35 123
8.04 44 COMMANDS 226,-17,-74,-1316
8.04 44 NAVIGATION 0 1 0 0 28 0. 4.4
8.04 44 ATTITUDE 0 0 -11
8.04 44 DL_VALUE 26 11950.
8.07 44 FBW_STATUS 0 0 118
8.08 44 RAD_OF_IR -16 0 0.00172
8.19 44 GPS 0 55815347 339508174 0 4627 0 0 234736498 16 0
8.19 44 IR_SENSORS -724 -11 1
8.19 44 NAVIGATION 0 1 0 0 28 0. 4.4
8.28 44 WP_MOVED 14 558084.8125 3395110.25 119.
8.28 44 GYRO_RATES -183 -182 -261 1.596976 -1.58825 -2.277655
8.42 44 ESTIMATOR 0. 0. 0. 0. 0.
8.42 44 GPS 0 55815347 339508174 0 4627 0 0 234736750 16 0
8.43 44 NAVIGATION 0 1 0 0 28 0. 4.4
8.43 44 ATTITUDE 1 0 -11
8.50 44 CALIB_CONTRAST 1106
8.57 44 DOWNLINK_STATUS 8 2869 183 0 393. 26.
8.71 44 DESIRED 0. -0. 0. 0. 109. 0.
8.71 44 GPS 0 55815347 339508174 0 4627 0 0 234736998 16 0
8.71 44 NAVIGATION 0 1 0 0 28 0. 4.4
8.71 44 WP_MOVED 15 557962.375 3395214. 119.
8.93 44 ESTIMATOR 0. 0. 0. 0. 0.
9.03 44 GPS 0 55815347 339508174 0 4627 0 0 234737250 16 0
9.03 44 COMMANDS 157,-20,-102,-1256
9.03 44 NAVIGATION 0 1 0 0 28 0. 4.4
9.03 44 ATTITUDE 3 0 -8
9.03 44 DL_VALUE 27 8800.
9.03 44 FBW_STATUS 0 0 118
9.03 44 RAD_OF_IR 2 0 0.00172
9.35 44 ACTUATORS 1503,1497,0,1214,1434
9.35 44 IR_SENSORS -710 7 1
9.35 44 NAVIGATION 0 1 0 0 28 0. 4.4
9.35 44 GPS 0 55815347 339508174 0 4627 0 0 234737498 16 0
9.45 44 WP_MOVED 16 558256.875 3395029.25 119.
9.45 44 GYRO_RATES -170 -177 -253 1.48353 -1.544616 -2.207841
9.45 44 ESTIMATOR 0. 0. 0. 0. 0.
9.45 44 BAT 196 118 0 0 69 0 1
9.45 44 NAVIGATION 0 1 0 0 28 0. 4.4
9.45 44 ATTITUDE 4 0 -10
9.45 44 CALIBRATION 0. 0.023 0.05 0
9.50 44 CALIB_CONTRAST 1106
9.50 44 SERVO 9600 -9600 44
9.57 44 DOWNLINK_STATUS 9 3253 208 0 384. 25.
9.83 44 DESIRED 0. -0. 0. 0. 109. 0.
9.83 44 IR_DEBUG 513 511 513 511
9.83 44 NAVIGATION 0 1 0 0 28 0. 4.4
9.83 44 GPS 0 55815347 339508174 0 4627 0 0 234737998 16 0
9.83 44 WP_MOVED 17 558256.875 3395638. 119.
9.83 44 PPRZ_MODE 0 0 3 0 0 1 0
9.92 44 ESTIMATOR 0. 0. 0. 0. 0.
9.92 44 COMMANDS 165,-93,-115,-1184
9.92 44 NAVIGATION 0 1 0 0 28 0. 4.4
9.92 44 ATTITUDE 3 0 -11
9.92 44 DL_VALUE 28 0.228
9.92 44 GPS 0 55815347 339508174 0 4627 0 0 234738250 16 0
9.92 44 FBW_STATUS 0 0 118
9.96 44 RAD_OF_IR 1 0 0.00172
10.18 44 IR_SENSORS -718 0 1
10.32 44 NAVIGATION 0 1 0 0 28 0. 4.4
10.32 44 WP_MOVED 18 558256.875 3395538. 119.
10.32 44 GYRO_RATES -178 -189 -267 1.553343 -1.649336 -2.330014
10.32 44 GPS 0 55815347 339508174 0 4627 0 0 234738498 16 0
10.32 44 ESTIMATOR 0. 0. 0. 0. 0.
10.32 44 NAVIGATION 0 1 0 0 28 0. 4.4
10.32 44 ATTITUDE 2 0 -10
10.39 44 GPS 0 55815347 339508174 0 4627 0 0 234738750 16 0
10.39 44 CALIB_CONTRAST 1106
10.57 44 DOWNLINK_STATUS 10 3633 232 0 380. 24.
10.62 44 DESIRED 0. -0. 0. 0. 109. 0.
10.72 44 NAVIGATION 0 1 0 0 28 0. 4.4
10.72 44 WP_MOVED 19 558256.875 3395438. 119.
10.72 44 GPS 0 55815347 339508174 0 4627 0 0 234738998 16 0
10.72 44 ESTIMATOR 0. 0. 0. 0. 0.
10.81 44 COMMANDS 218,-48,13,-1094
10.81 44 NAVIGATION 0 1 0 0 28 0. 4.4
10.81 44 ATTITUDE 2 0 -11
10.81 44 DL_VALUE 29 0.42
10.82 44 FBW_STATUS 0 0 118
11.03 44 RAD_OF_IR -2 0 0.00172
11.03 44 GPS 0 55815347 339508174 0 4627 0 0 234739250 16 0
11.12 44 IR_SENSORS -724 2 1
11.12 44 NAVIGATION 0 1 0 0 28 0. 4.4
11.12 44 WP_MOVED 20 558256.875 3395338. 119.
11.12 44 GYRO_RATES -174 -178 -256 1.518436 -1.553343 -2.234021
11.22 44 GPS 0 55815347 339508174 0 4627 0 0 234739498 16 0
11.22 44 ESTIMATOR 0. 0. 0. 0. 0.
11.22 44 BAT 135 118 0 0 71 0 1
11.43 44 NAVIGATION 0 1 0 0 28 0. 4.4
11.43 44 ATTITUDE 3 0 -11
11.43 44 CALIBRATION 0. 0.023 0.05 0
11.57 44 CALIB_CONTRAST 1106
11.57 44 SERVO 9600 -9600 251
11.57 44 GPS 0 55815347 339508174 0 4627 0 0 234739750 16 0
11.57 44 DESIRED 0. -0. 0. 0. 109. 0.
11.57 44 IR_DEBUG 510 518 510 518
11.57 44 NAVIGATION 0 1 0 0 28 0. 4.4
11.57 44 WP_MOVED 21 558256.875 3395238. 119.
11.58 44 DOWNLINK_STATUS 11 4100 261 0 467. 29.
11.84 44 ESTIMATOR 0. 0. 0. 0. 0.
11.84 44 GPS 0 55815347 339508174 0 4627 0 0 234739998 16 0
11.92 44 COMMANDS 177,-18,-7,-1200
11.92 44 NAVIGATION 0 1 0 0 28 0. 4.4
11.92 44 ATTITUDE 3 0 -10
11.92 44 DL_VALUE 30 0.
11.92 44 FBW_STATUS 0 0 118
11.92 44 RAD_OF_IR -2 0 0.00172
11.92 44 NAVIGATION_REF 558102 3395038 16
11.95 44 GPS 0 55815347 339508174 0 4627 0 0 234740250 16 0
11.95 44 SVINFO 10 18 12 6 34 35 123
11.95 44 IR_SENSORS -714 -1 1
11.95 44 NAVIGATION 0 1 0 0 28 0. 4.4
12.01 44 WP_MOVED 22 558256.875 3395138. 119.
12.02 44 GYRO_RATES -169 -180 -255 1.474803 -1.570796 -2.225295
12.23 44 ESTIMATOR 0. 0. 0. 0. 0.
12.26 44 GPS 0 55815347 339508174 0 4627 0 0 234740498 16 0
12.26 44 NAVIGATION 0 1 0 0 28 0. 4.4
12.26 44 ATTITUDE 2 0 -11
12.29 44 CALIB_CONTRAST 1106
12.45 44 DESIRED 0. -0. 0. 0. 109. 0.
12.45 44 GPS 0 55815347 339508174 0 4627 0 0 234740750 16 0
12.45 44 NAVIGATION 0 1 0 0 28 0. 4.4
12.58 44 DOWNLINK_STATUS 12 4467 284 0 367. 23.
12.62 44 WP_MOVED 23 558137.1875 3395065.75 119.
12.74 44 ESTIMATOR 0. 0. 0. 0. 0.
12.74 44 GPS 0 55815347 339508174 0 4627 0 0 234740998 16 0
12.74 44 COMMANDS 179,38,-6,-1200
12.75 44 NAVIGATION 0 1 0 0 28 0. 4.4
12.75 44 ATTITUDE 1 0 -10
12.75 44 DL_VALUE 31 0.023
12.75 44 FBW_STATUS 0 0 118
12.75 44 RAD_OF_IR -7 0 0.00172
12.81 44 IR_SENSORS -716 -6 1
13.04 44 NAVIGATION 0 1 0 0 28 0. 4.4
13.04 44 GPS 0 55815347 339508174 0 4627 0 0 234741250 16 0
13.12 44 WP_MOVED 24 558102. 3395038. 0.
13.12 44 GYRO_RATES -174 -180 -263 1.518436 -1.570796 -2.295108
13.12 44 ESTIMATOR 0. 0. 0. 0. 0.
13.12 44 BAT 187 118 0 0 73 0 1
13.23 44 NAVIGATION 0 1 0 0 28 0. 4.4
13.23 44 ATTITUDE 2 0 -10
13.23 44 CALIBRATION 0. 0.023 0.05 0
13.23 44 GPS 0 55815347 339508174 0 4627 0 0 234741498 16 0
13.23 44 CALIB_CONTRAST 1106
13.23 44 SERVO 9600 -9600 171
13.48 44 DESIRED 0. -0. 0. 0. 109. 0.
13.48 44 IR_DEBUG 508 516 508 516
13.48 44 NAVIGATION 0 1 0 0 28 0. 4.4
13.56 44 GPS 0 55815347 339508174 0 4627 0 0 234741750 16 0
13.56 44 WP_MOVED 0 558144. 3395080. 119.
13.56 44 ESTIMATOR 0. 0. 0. 0. 0.
13.58 44 DOWNLINK_STATUS 13 4912 312 0 445. 28.
13.68 44 COMMANDS 158,129,-83,-1083
13.68 44 NAVIGATION 0 1 0 0 28 0. 4.4
13.68 44 ATTITUDE 3 0 -11
13.68 44 DL_VALUE 32 0.001
13.68 44 GPS 0 55815347 339508174 0 4627 0 0 234741998 16 0
13.68 44 FBW_STATUS 0 0 118
13.68 44 RAD_OF_IR 4 0 0.00172
13.89 44 ACTUATORS 1504,1497,0,1214,1433
13.89 44 IR_SENSORS -729 5 1
14.00 44 NAVIGATION 0 1 0 0 28 0. 4.4
14.00 44 WP_MOVED 1 558099.875 3395038. 119.
14.00 44 GYRO_RATES -179 -182 -260 1.56207 -1.58825 -2.268928
14.00 44 GPS 0 55815347 339508174 0 4627 0 0 234742250 16 0
14.00 44 ESTIMATOR 0. 0. 0. 0. 0.
14.06 44 NAVIGATION 0 1 0 0 28 0. 4.4
14.06 44 ATTITUDE 3 0 -12
14.29 44 GPS 0 55815347 339508174 0 4627 0 0 234742498 16 0
14.29 44 CALIB_CONTRAST 1106
14.31 44 DESIRED 0. -0. 0. 0. 109. 0.
14.31 44 NAVIGATION 0 1 0 0 28 0. 4.4
14.40 44 WP_MOVED 2 557977.5 3395042. 119.
14.40 44 PPRZ_MODE 0 0 3 0 0 1 0
14.40 44 GPS 0 55815347 339508174 0 4627 0 0 234742750 16 0
14.46 44 ESTIMATOR 0. 0. 0. 0. 0.
14.58 44 DOWNLINK_STATUS 14 5295 336 0 383. 24.
14.70 44 COMMANDS 150,21,-15,-1149
14.70 44 NAVIGATION 0 1 0 0 28 0. 4.4
14.70 44 ATTITUDE 3 0 -11
14.70 44 DL_VALUE 33 0.01
14.78 44 FBW_STATUS 0 0 118
14.78 44 RAD_OF_IR 1 0 0.00172
14.78 44 GPS 0 55815347 339508174 0 4627 0 0 234742998 16 0
14.78 44 IR_SENSORS -719 1 1
14.78 44 NAVIGATION 0 1 0 0 28 0. 4.4
15.14 44 WP_MOVED 3 557795.5 3395102.75 119.
15.14 44 GYRO_RATES -161 -171 -250 1.40499 -1.492257 -2.181662
15.14 44 GPS 0 55815347 339508174 0 4627 0 0 234743250 16 0
15.14 44 ESTIMATOR 0. 0. 0. 0. 0.
15.14 44 BAT 170 118 0 0 75 0 1
15.14 44 NAVIGATION 0 1 0 0 28 0. 4.4
15.32 44 ATTITUDE 4 0 -11
15.35 44 CALIBRATION 0. 0.023 0.05 0
15.35 44 CALIB_CONTRAST 1106
15.35 44 SERVO 9600 -9600 181
15.35 44 GPS 0 55815347 339508174 0 4627 0 0 234743498 16 0
15.35 44 DESIRED 0. -0. 0. 0. 109. 0.
15.35 44 IR_DEBUG 533 511 533 511
15.35 44 WP_MOVED 4 557843.625 3395191.25 119.
15.58 44 DOWNLINK_STATUS 15 5636 359 0 341. 23.
15.61 44 ESTIMATOR 0. 0. 0. 0. 0.
15.61 44 GPS 0 55815347 339508174 0 4627 0 0 234743750 16 0
15.61 44 COMMANDS 171,-51,-94,-1186
15.61 44 NAVIGATION 0 1 0 0 28 0. 4.4
15.61 44 ATTITUDE 5 0 -13
15.61 44 DL_VALUE 34 1.
15.61 44 FBW_STATUS 0 0 118
15.61 44 RAD_OF_IR 16 0 0.00172
15.71 44 GPS 0 55815347 339508174 0 4627 0 0 234743998 16 0
15.71 44 IR_SENSORS -744 13 1
15.71 44 NAVIGATION 0 1 0 0 28 0. 4.4
15.90 44 WP_MOVED 5 557925.3125 3395354. 229.
15.90 44 GYRO_RATES -157 -167 -246 1.370083 -1.45735 -2.146755
16.00 44 ESTIMATOR 0. 0. 0. 0. 0.
16.00 44 GPS 0 55815347 339508174 0 4627 0 0 234744250 16 0
16.00 44 SVINFO 10 18 12 6 33 35 123
16.00 44 NAVIGATION 0 1 0 0 28 0. 4.4
16.00 44 ATTITUDE 4 0 -14
16.00 44 CALIB_CONTRAST 1106
16.32 44 DESIRED 0. -0. 0. 0. 109. 0.
16.32 44 GPS 0 55815347 339508174 0 4627 0 0 234744498 16 0
16.32 44 NAVIGATION 0 1 0 0 28 0. 4.4
16.38 44 WP_MOVED 6 557648.8125 3395447. 229.
16.38 44 ESTIMATOR 0. 0. 0. 0. 0.
16.51 44 GPS 0 55815347 339508174 0 4627 0 0 234744750 16 0
16.51 44 COMMANDS 164,98,-80,-1205
16.51 44 NAVIGATION 0 1 0 0 28 0. 4.4
16.51 44 ATTITUDE 2 0 -12
16.51 44 DL_VALUE 35 0.
16.51 44 FBW_STATUS 0 0 118
16.51 44 RAD_OF_IR -7 0 0.00172
16.58 44 DOWNLINK_STATUS 16 6115 390 0 479. 31.
16.69 44 IR_SENSORS -728 -9 1
16.80 44 NAVIGATION 0 1 0 0 28 0. 4.4
16.80 44 GPS 0 55815347 339508174 0 4627 0 0 234744998 16 0
16.80 44 WP_MOVED 7 557713.875 3395562.25 229.
16.80 44 GYRO_RATES -172 -178 -256 1.500983 -1.553343 -2.234021
16.81 44 ESTIMATOR 0. 0. 0. 0. 0.
16.81 44 BAT 170 118 0 0 77 1 1
16.93 44 NAVIGATION 0 1 0 0 28 0. 4.4
16.93 44 ATTITUDE 1 0 -12
16.93 44 CALIBRATION 0. 0.023 0.05 0
16.93 44 GPS 0 55815347 339508174 0 4627 0 0 234745250 16 0
17.09 44 CALIB_CONTRAST 1106
17.09 44 SERVO 9600 -9600 173
17.22 44 DESIRED 0. -0. 0. 0. 109. 0.
17.22 44 IR_DEBUG 524 532 524 532
17.23 44 NAVIGATION 0 1 0 0 28 0. 4.4
17.23 44 GPS 0 55815347 339508174 0 4627 0 0 234745498 16 0
17.23 44 WP_MOVED 8 558003.1875 3395761.75 229.
17.28 44 ESTIMATOR 0. 0. 0. 0. 0.
17.58 44 DOWNLINK_STATUS 17 6437 409 0 322. 19.
17.65 44 COMMANDS 197,-12,-64,-1422
17.65 44 NAVIGATION 0 1 0 0 28 0. 4.4
17.65 44 ATTITUDE 2 0 -14
17.65 44 DL_VALUE 36 0.
17.65 44 GPS 0 55815347 339508174 0 4627 0 0 234745750 16 0
17.65 44 FBW_STATUS 0 0 118
17.75 44 RAD_OF_IR -4 0 0.00172
17.78 44 IR_SENSORS -725 -6 1
17.78 44 NAVIGATION 0 1 0 0 28 0. 4.4
17.79 44 WP_MOVED 9 558151.375 3395696.75 229.
17.79 44 GYRO_RATES -184 -193 -267 1.605703 -1.684243 -2.330014
17.79 44 GPS 0 55815347 339508174 0 4627 0 0 234745998 16 0
18.02 44 NAVIGATION 0 1 0 0 28 0. 4.4
18.02 44 ATTITUDE 2 0 -11
18.12 44 GPS 0 55815347 339508174 0 4627 0 0 234746250 16 0
18.12 44 CALIB_CONTRAST 1106
18.12 44 DESIRED 0. -0. 0. 0. 109. 0.
18.12 44 NAVIGATION 0 1 0 0 28 0. 4.4
18.23 44 WP_MOVED 10 558094.1875 3395598. 229.
18.23 44 GPS 0 55815347 339508174 0 4627 0 0 234746498 16 0
18.33 44 ESTIMATOR 0. 0. 0. 0. 0.
18.33 44 COMMANDS 175,-70,-108,-1188
18.33 44 NAVIGATION 0 1 0 0 28 0. 4.4
18.33 44 ATTITUDE 2 0 -11
18.33 44 DL_VALUE 37 0.1
18.33 44 FBW_STATUS 0 0 118
18.53 44 RAD_OF_IR -2 0 0.00172
18.53 44 GPS 0 55815347 339508174 0 4627 0 0 234746750 16 0
18.58 44 DOWNLINK_STATUS 18 6862 437 0 425. 28.
18.95 44 NAVIGATION 0 1 0 0 28 0. 4.4
18.95 44 WP_MOVED 11 558150.3125 3395567. 119.
18.95 44 GYRO_RATES -153 -161 -240 1.335177 -1.40499 -2.094395
19.37 44 GPS 0 55815347 339508174 0 4627 0 0 234747498 16 0
19.37 44 COMMANDS 175,-40,-69,-1136
19.37 44 NAVIGATION 0 1 0 0 28 0. 4.4
19.37 44 ATTITUDE 3 0 -21
19.37 44 DL_VALUE 38 0.
19.37 44 FBW_STATUS 0 0 118
19.37 44 RAD_OF_IR 0 0 0.00172
19.58 44 DOWNLINK_STATUS 19 7001 447 0 139. 10.
19.77 44 IR_SENSORS -788 -2 1
19.77 44 NAVIGATION 0 1 0 0 28 0. 4.4
19.77 44 WP_MOVED 13 558004.8125 3395690. 140.
19.77 44 GYRO_RATES -183 -185 -264 1.596976 -1.61443 -2.303835
19.77 44 ESTIMATOR 0. 0. 0. 0. 0.
20.14 44 NAVIGATION 0 1 0 0 28 0. 4.4
20.14 44 ATTITUDE 1 0 -20
20.14 44 CALIB_CONTRAST 1106
20.57 44 GPS 0 55815347 339508174 0 4627 0 0 234748750 16 0
20.61 44 WP_MOVED 15 557962.375 3395214. 119.
20.61 44 GYRO_RATES -188 -195 -269 1.64061 -1.701696 -2.347468
20.61 44 ESTIMATOR 0. 0. 0. 0. 0.
20.61 44 BAT 198 118 0 0 81 1 1
20.61 44 DOWNLINK_STATUS 20 7212 460 0 211. 13.
20.97 44 ATTITUDE -1 0 -17
20.97 44 CALIBRATION 0. 0.023 0.05 0
20.97 44 GPS 0 55815347 339508174 0 4627 0 0 234748998 16 0
20.97 44 CALIB_CONTRAST 1106
20.97 44 SERVO 9600 -9600 171
20.97 44 DESIRED 0. -0. 0. 0. 109. 0.
21.35 44 NAVIGATION 0 1 0 0 28 0. 4.4
21.35 44 GPS 0 55815347 339508174 0 4627 0 0 234749250 16 0
21.35 44 WP_MOVED 16 558256.875 3395029.25 119.
21.47 44 ESTIMATOR 0. 0. 0. 0. 0.
21.47 44 COMMANDS 149,-17,-100,-1218
21.47 44 NAVIGATION 0 1 0 0 28 0. 4.4
21.47 44 ATTITUDE -6 0 -25
21.47 44 DL_VALUE 40 1.
21.47 44 GPS 0 55815347 339508174 0 4627 0 0 234749498 16 0
21.48 44 FBW_STATUS 0 0 118
21.48 44 RAD_OF_IR -82 0 0.00172
21.54 44 NAVIGATION 0 1 0 0 28 0. 4.4
21.55 44 WP_MOVED 17 558256.875 3395638. 119.
21.55 44 GYRO_RATES -249 -261 -339 2.172935 -2.277655 -2.958333
21.55 44 GPS 0 55815347 339508174 0 4627 0 0 234749750 16 0
21.55 44 ESTIMATOR 0. 0. 0. 0. 0.
21.58 44 DOWNLINK_STATUS 21 7570 482 0 358. 22.
21.61 44 NAVIGATION 0 1 0 0 28 0. 4.4
21.61 44 ATTITUDE -14 0 -22
21.64 44 GPS 0 55815347 339508174 0 4627 0 0 234749998 16 0
21.64 44 CALIB_CONTRAST 1106
21.93 44 DESIRED 0. -0. 0. 0. 109. 0.
22.03 44 NAVIGATION 0 1 0 0 28 0. 4.4
22.03 44 WP_MOVED 18 558256.875 3395538. 119.
22.03 44 GPS 0 55815347 339508174 0 4627 0 0 234750250 16 0
22.03 44 ESTIMATOR 0. 0. 0. 0. 0.
22.05 44 COMMANDS 128,-17,24,-1016
22.05 44 NAVIGATION 0 1 0 0 28 0. 4.4
22.05 44 ATTITUDE -24 0 -19
22.05 44 DL_VALUE 41 0.
22.10 44 FBW_STATUS 0 0 118
22.10 44 RAD_OF_IR -181 0 0.00172
22.15 44 GPS 0 55815347 339508174 0 4627 0 0 234750498 16 0
22.43 44 IR_SENSORS -776 -158 1
22.46 44 NAVIGATION 0 1 0 0 28 0. 4.4
22.46 44 WP_MOVED 19 558256.875 3395438. 119.
22.46 44 GYRO_RATES -210 -221 -300 1.832596 -1.928589 -2.617994
22.55 44 GPS 0 55815347 339508174 0 4627 0 0 234750750 16 0
22.55 44 ESTIMATOR 0. 0. 0. 0. 0.
22.55 44 BAT 190 118 0 0 83 1 1
22.58 44 DOWNLINK_STATUS 22 7945 505 0 375. 23.
22.74 44 NAVIGATION 0 1 0 0 28 0. 4.4
22.74 44 ATTITUDE -13 0 -19
22.74 44 CALIBRATION 0. 0.023 0.05 0
22.84 44 CALIB_CONTRAST 1106
22.84 44 SERVO 9600 -9600 159
22.84 44 GPS 0 55815347 339508174 0 4627 0 0 234750998 16 0
22.84 44 DESIRED 0. -0. 0. 0. 109. 0.
22.84 44 IR_DEBUG 433 657 433 657
22.84 44 NAVIGATION 0 1 0 0 28 0. 4.4
22.84 44 WP_MOVED 20 558256.875 3395338. 119.
22.92 44 ESTIMATOR 0. 0. 0. 0. 0.
22.92 44 GPS 0 55815347 339508174 0 4627 0 0 234751250 16 0
23.14 44 COMMANDS 175,-6,-69,-1183
23.14 44 NAVIGATION 0 1 0 0 28 0. 4.4
23.15 44 ATTITUDE -29 0 -15
23.15 44 DL_VALUE 0 109.
23.24 44 FBW_STATUS 0 0 118
23.27 44 RAD_OF_IR -245 0 0.00172
23.27 44 ACTUATORS 1498,1502,0,1218,1442
23.27 44 GPS 0 55815347 339508174 0 4627 0 0 234751498 16 0
23.27 44 IR_SENSORS -748 -247 1
23.27 44 NAVIGATION 0 1 0 0 28 0. 4.4
23.31 44 WP_MOVED 21 558256.875 3395238. 119.
23.31 44 GYRO_RATES -149 -155 -237 1.30027 -1.35263 -2.068215
23.33 44 ESTIMATOR 0. 0. 0. 0. 0.
23.56 44 GPS 0 55815347 339508174 0 4627 0 0 234751750 16 0
23.56 44 NAVIGATION 0 1 0 0 28 0. 4.4
23.56 44 ATTITUDE -23 0 -32
23.56 44 CALIB_CONTRAST 1106
23.58 44 DOWNLINK_STATUS 23 8382 534 0 437. 29.
23.77 44 DESIRED 0. -0. 0. 0. 109. 0.
23.77 44 GPS 0 55815347 339508174 0 4627 0 0 234751998 16 0
23.77 44 NAVIGATION 0 1 0 0 28 0. 4.4
23.77 44 WP_MOVED 22 558256.875 3395138. 119.
23.77 44 PPRZ_MODE 0 0 3 0 0 1 0
23.95 44 ESTIMATOR 0. 0. 0. 0. 0.
24.05 44 GPS 0 55815347 339508174 0 4627 0 0 234752250 16 0
24.05 44 SVINFO 10 18 12 7 34 35 123
24.05 44 COMMANDS 185,-29,-11,-1179
24.05 44 NAVIGATION 0 1 0 0 28 0. 4.4
24.05 44 ATTITUDE -38 0 -13
24.05 44 DL_VALUE 1 1.
24.05 44 FBW_STATUS 0 0 118
24.05 44 RAD_OF_IR -268 0 0.00172
24.11 44 IR_SENSORS -718 -247 1
24.15 44 NAVIGATION 0 1 0 0 28 0. 4.4
24.15 44 GPS 0 55815347 339508174 0 4627 0 0 234752498 16 0
24.35 44 WP_MOVED 23 558137.1875 3395065.75 119.
24.39 44 GYRO_RATES -107 -114 -192 0.933751 -0.994838 -1.675516
24.46 44 ESTIMATOR 0. 0. 0. 0. 0.
24.46 44 BAT 170 118 0 0 84 0 1
24.46 44 NAVIGATION 0 1 0 0 28 0. 4.4
24.46 44 ATTITUDE -24 0 -5
24.46 44 CALIBRATION 0. 0.023 0.05 0
24.46 44 GPS 0 55815347 339508174 0 4627 0 0 234752750 16 0
24.46 44 CALIB_CONTRAST 1106
24.46 44 SERVO 9600 -9600 100
24.58 44 DOWNLINK_STATUS 24 8799 561 0 417. 27.
24.81 44 DESIRED 0. -0. 0. 0. 109. 0.
24.81 44 IR_DEBUG 389 612 389 612
24.81 44 NAVIGATION 0 1 0 0 28 0. 4.4
24.81 44 GPS 0 55815347 339508174 0 4627 0 0 234752998 16 0
24.81 44 WP_MOVED 24 558102. 3395038. 0.
24.87 44 ESTIMATOR 0. 0. 0. 0. 0.
24.87 44 COMMANDS 177,-59,-48,-1184
24.87 44 NAVIGATION 0 1 0 0 28 0. 4.4
24.88 44 ATTITUDE -5 0 -19
24.88 44 DL_VALUE 2 0.
24.89 44 GPS 0 55815347 339508174 0 4627 0 0 234753250 16 0
24.94 44 FBW_STATUS 0 0 118
24.95 44 RAD_OF_IR -42 0 0.00172
25.19 44 IR_SENSORS -821 -39 1
25.19 44 NAVIGATION 0 1 0 0 28 0. 4.4
25.28 44 WP_MOVED 0 558144. 3395080. 119.
25.28 44 GYRO_RATES -114 -120 -198 0.994838 -1.047198 -1.727876
25.28 44 GPS 0 55815347 339508174 0 4627 0 0 234753498 16 0
25.28 44 ESTIMATOR 0. 0. 0. 0. 0.
25.35 44 NAVIGATION 0 1 0 0 28 0. 4.4
25.36 44 ATTITUDE -4 0 -33
25.39 44 GPS 0 55815347 339508174 0 4627 0 0 234753750 16 0
25.39 44 CALIB_CONTRAST 1106
25.58 44 DOWNLINK_STATUS 25 9170 584 0 371. 23.
25.62 44 DESIRED 0. -0. 0. 0. 109. 0.
25.74 44 NAVIGATION 0 1 0 0 28 0. 4.4
25.77 44 WP_MOVED 1 558099.875 3395038. 119.
25.77 44 GPS 0 55815347 339508174 0 4627 0 0 234753998 16 0
25.77 44 ESTIMATOR 0. 0. 0. 0. 0.
25.82 44 COMMANDS 170,-218,-219,-1176
25.82 44 NAVIGATION 0 1 0 0 28 0. 4.4
25.82 44 ATTITUDE -3 0 -41
25.82 44 DL_VALUE 3 0.
25.83 44 FBW_STATUS 0 0 118
26.03 44 RAD_OF_IR -51 0 0.00172
26.03 44 GPS 0 55815347 339508174 0 4627 0 0 234754250 16 0
26.11 44 IR_SENSORS -944 -56 1
26.11 44 NAVIGATION 0 1 0 0 28 0. 4.4
26.11 44 WP_MOVED 2 557977.5 3395042. 119.
26.11 44 GYRO_RATES -107 -115 -192 0.933751 -1.003564 -1.675516
26.23 44 GPS 0 55815347 339508174 0 4627 0 0 234754498 16 0
26.23 44 ESTIMATOR 0. 0. 0. 0. 0.
26.23 44 BAT 200 118 0 0 86 0 1
26.43 44 NAVIGATION 0 1 0 0 28 0. 4.4
26.43 44 ATTITUDE -7 0 -42
26.43 44 CALIBRATION 0. 0.023 0.05 0
26.58 44 DOWNLINK_STATUS 26 9529 606 0 359. 22.
26.64 44 CALIB_CONTRAST 1106
26.64 44 SERVO 9600 -9600 165
26.64 44 GPS 0 55815347 339508174 0 4627 0 0 234754750 16 0
26.64 44 DESIRED 0. -0. 0. 0. 109. 0.
26.64 44 IR_DEBUG 599 723 599 723
26.64 44 NAVIGATION 0 1 0 0 28 0. 4.4
26.64 44 WP_MOVED 3 557795.5 3395102.75 119.
26.83 44 ESTIMATOR 0. 0. 0. 0. 0.
26.87 44 GPS 0 55815347 339508174 0 4627 0 0 234754998 16 0
26.92 44 COMMANDS 166,-59,-80,-1210
26.92 44 NAVIGATION 0 1 0 0 28 0. 4.4
26.92 44 ATTITUDE -9 0 -40
26.92 44 DL_VALUE 4 0.
26.92 44 FBW_STATUS 0 0 118
26.92 44 RAD_OF_IR -84 0 0.00172
26.94 44 GPS 0 55815347 339508174 0 4627 0 0 234755250 16 0
26.94 44 IR_SENSORS -927 -81 1
26.94 44 NAVIGATION 0 1 0 0 28 0. 4.4
27.01 44 WP_MOVED 4 557843.625 3395191.25 119.
27.01 44 GYRO_RATES -107 -114 -192 0.933751 -0.994838 -1.675516
27.22 44 ESTIMATOR 0. 0. 0. 0. 0.
27.25 44 GPS 0 55815347 339508174 0 4627 0 0 234755498 16 0
27.25 44 NAVIGATION 0 1 0 0 28 0. 4.4
27.25 44 ATTITUDE -8 0 -42
27.29 44 CALIB_CONTRAST 1106
27.44 44 DESIRED 0. -0. 0. 0. 109. 0.
27.44 44 GPS 0 55815347 339508174 0 4627 0 0 234755750 16 0
27.44 44 NAVIGATION 0 1 0 0 28 0. 4.4
27.58 44 DOWNLINK_STATUS 27 9983 634 0 454. 28.
27.62 44 WP_MOVED 5 557925.3125 3395354. 229.
27.75 44 ESTIMATOR 0. 0. 0. 0. 0.
27.75 44 GPS 0 55815347 339508174 0 4627 0 0 234755998 16 0
27.75 44 COMMANDS 158,-14,-55,-1163
27.75 44 NAVIGATION 0 1 0 0 28 0. 4.4
27.75 44 ATTITUDE 7 0 -45
27.75 44 DL_VALUE 5 0.
27.75 44 FBW_STATUS 0 0 118
27.75 44 RAD_OF_IR 59 0 0.00172
27.82 44 ACTUATORS 1499,1493,0,1214,1438
27.82 44 IR_SENSORS -963 70 1
28.10 44 NAVIGATION 0 1 0 0 28 0. 4.4
28.10 44 GPS 0 55815347 339508174 0 4627 0 0 234756250 16 0
28.11 44 SVINFO 10 18 12 6 31 35 123
28.11 44 WP_MOVED 6 557648.8125 3395447. 229.
28.11 44 GYRO_RATES -100 -107 -185 0.872665 -0.933751 -1.61443
28.22 44 ESTIMATOR 0. 0. 0. 0. 0.
28.22 44 BAT 177 118 0 0 88 0 1
28.22 44 NAVIGATION 0 1 0 0 28 0. 4.4
28.22 44 ATTITUDE 13 0 -47
28.22 44 CALIBRATION 0. 0.023 0.05 0
28.22 44 GPS 0 55815347 339508174 0 4627 0 0 234756498 16 0
28.25 44 CALIB_CONTRAST 1106
28.25 44 SERVO 9600 -9600 152
28.49 44 DESIRED 0. -0. 0. 0. 109. 0.
28.49 44 IR_DEBUG 719 637 719 637
28.49 44 NAVIGATION 0 1 0 0 28 0. 4.4
28.57 44 GPS 0 55815347 339508174 0 4627 0 0 234756750 16 0
28.57 44 WP_MOVED 7 557713.875 3395562.25 229.
28.57 44 PPRZ_MODE 0 0 3 0 0 1 0
28.57 44 ESTIMATOR 0. 0. 0. 0. 0.
28.58 44 DOWNLINK_STATUS 28 10460 665 0 477. 31.
28.71 44 COMMANDS 172,-14,-55,-1186
28.71 44 NAVIGATION 0 1 0 0 28 0. 4.4
28.71 44 ATTITUDE 7 0 -39
28.71 44 DL_VALUE 6 0.
28.71 44 GPS 0 55815347 339508174 0 4627 0 0 234756998 16 0
28.71 44 FBW_STATUS 0 0 118
28.71 44 RAD_OF_IR 28 0 0.00172
28.71 44 NAVIGATION_REF 558102 3395038 16
28.87 44 IR_SENSORS -903 30 1
29.00 44 NAVIGATION 0 1 0 0 28 0. 4.4
29.00 44 WP_MOVED 8 558003.1875 3395761.75 229.
29.00 44 GYRO_RATES -103 -111 -188 0.898845 -0.968658 -1.64061
29.00 44 GPS 0 55815347 339508174 0 4627 0 0 234757250 16 0
29.00 44 ESTIMATOR 0. 0. 0. 0. 0.
29.06 44 NAVIGATION 0 1 0 0 28 0. 4.4
29.06 44 ATTITUDE 8 0 -36
29.29 44 GPS 0 55815347 339508174 0 4627 0 0 234757498 16 0
29.29 44 CALIB_CONTRAST 1106
29.30 44 DESIRED 0. -0. 0. 0. 109. 0.
29.30 44 NAVIGATION 0 1 0 0 28 0. 4.4
29.39 44 WP_MOVED 9 558151.375 3395696.75 229.
29.39 44 GPS 0 55815347 339508174 0 4627 0 0 234757750 16 0
29.46 44 ESTIMATOR 0. 0. 0. 0. 0.
29.58 44 DOWNLINK_STATUS 29 10832 688 0 372. 23.
29.71 44 COMMANDS 208,86,36,-1271
29.71 44 NAVIGATION 0 1 0 0 28 0. 4.4
29.71 44 ATTITUDE 8 0 -39
29.71 44 DL_VALUE 7 0.
29.77 44 FBW_STATUS 0 0 118
29.77 44 RAD_OF_IR 22 0 0.00172
29.77 44 GPS 0 55815347 339508174 0 4627 0 0 234757998 16 0
29.77 44 IR_SENSORS -861 -2 1
29.78 44 NAVIGATION 0 1 0 0 28 0. 4.4
30.14 44 WP_MOVED 10 558094.1875 3395598. 229.
30.14 44 GYRO_RATES -104 -113 -192 0.907571 -0.986111 -1.675516
30.14 44 GPS 0 55815347 339508174 0 4627 0 0 234758250 16 0
30.14 44 ESTIMATOR 0. 0. 0. 0. 0.
30.14 44 BAT 142 118 0 0 90 0 1
30.14 44 NAVIGATION 0 1 0 0 28 0. 4.4
30.32 44 ATTITUDE 0 0 -19
30.35 44 CALIBRATION 0. 0.023 0.05 0
30.35 44 CALIB_CONTRAST 1106
30.35 44 SERVO 9600 -9600 155
30.35 44 GPS 0 55815347 339508174 0 4627 0 0 234758498 16 0
30.35 44 DESIRED 0. -0. 0. 0. 109. 0.
30.35 44 IR_DEBUG 561 531 561 531
30.35 44 WP_MOVED 11 558150.3125 3395567. 119.
30.53 44 ESTIMATOR 0. 0. 0. 0. 0.
30.53 44 GPS 0 55815347 339508174 0 4627 0 0 234758750 16 0
30.58 44 DOWNLINK_STATUS 30 11222 713 0 390. 25.
30.61 44 COMMANDS 177,153,105,-1206
30.61 44 NAVIGATION 0 1 0 0 28 0. 4.4
30.61 44 ATTITUDE 6 0 -12
30.61 44 DL_VALUE 8 -2.
30.61 44 FBW_STATUS 0 0 118
30.62 44 RAD_OF_IR 23 0 0.00172
30.70 44 GPS 0 55815347 339508174 0 4627 0 0 234758998 16 0
30.71 44 IR_SENSORS -720 20 1
30.71 44 NAVIGATION 0 1 0 0 28 0. 4.4
30.93 44 WP_MOVED 12 557820.5 3395444. 180.
30.93 44 GYRO_RATES -104 -111 -190 0.907571 -0.968658 -1.658063
31.02 44 ESTIMATOR 0. 0. 0. 0. 0.
31.02 44 GPS 0 55815347 339508174 0 4627 0 0 234759250 16 0
31.02 44 NAVIGATION 0 1 0 0 28 0. 4.4
31.02 44 ATTITUDE 1 0 -12
31.03 44 CALIB_CONTRAST 1106
31.26 44 DESIRED 0. -0. 0. 0. 109. 0.
31.26 44 GPS 0 55815347 339508174 0 4627 0 0 234759498 16 0
31.26 44 NAVIGATION 0 1 0 0 28 0. 4.4
31.26 44 WP_MOVED 13 558004.8125 3395690. 140.
31.43 44 ESTIMATOR 0. 0. 0. 0. 0.
31.53 44 GPS 0 55815347 339508174 0 4627 0 0 234759750 16 0
31.53 44 COMMANDS 127,-84,-212,-1186
31.53 44 NAVIGATION 0 1 0 0 28 0. 4.4
31.53 44 ATTITUDE 0 0 -13
31.53 44 DL_VALUE 9 -63.400002
31.53 44 FBW_STATUS 0 0 118
31.53 44 RAD_OF_IR -14 0 0.00172
31.58 44 DOWNLINK_STATUS 31 11642 741 0 420. 28.
31.88 44 IR_SENSORS -736 -14 1
31.88 44 NAVIGATION 0 1 0 0 28 0. 4.4
31.88 44 GPS 0 55815347 339508174 0 4627 0 0 234759998 16 0
31.99 44 WP_MOVED 14 558084.8125 3395110.25 119.
31.99 44 GYRO_RATES -44 -53 -130 0.383972 -0.462512 -1.134464
31.99 44 ESTIMATOR 0. 0. 0. 0. 0.
31.99 44 BAT 162 118 0 0 92 0 1
31.99 44 NAVIGATION 0 1 0 0 28 0. 4.4
31.99 44 ATTITUDE 1 0 -15
31.99 44 CALIBRATION 0. 0.023 0.05 0
32.00 44 SVINFO 10 18 12 4 31 35 123
32.00 44 CALIB_CONTRAST 1106
32.00 44 SERVO 9600 -9600 168
32.33 44 DESIRED 0. -0. 0. 0. 109. 0.
32.33 44 IR_DEBUG 527 540 527 540
32.33 44 NAVIGATION 0 1 0 0 28 0. 4.4
32.43 44 GPS 0 55815347 339508174 0 4627 0 0 234760498 16 0
32.44 44 WP_MOVED 15 557962.375 3395214. 119.
32.44 44 ESTIMATOR 0. 0. 0. 0. 0.
32.44 44 COMMANDS 180,-87,-61,-1213
32.44 44 NAVIGATION 0 1 0 0 28 0. 4.4
32.44 44 ATTITUDE 1 0 -15
32.44 44 DL_VALUE 10 0.
32.44 44 FBW_STATUS 0 0 118
32.44 44 RAD_OF_IR -17 0 0.00172
32.58 44 DOWNLINK_STATUS 32 12006 766 0 364. 25.
32.74 44 ACTUATORS 1505,1498,0,1214,1439
32.75 44 IR_SENSORS -732 -23 1
32.85 44 NAVIGATION 0 1 0 0 28 0. 4.4
32.85 44 WP_MOVED 16 558256.875 3395029.25 119.
32.85 44 GYRO_RATES -306 -313 -392 2.670354 -2.73144 -3.420845
32.85 44 GPS 0 55815347 339508174 0 4627 0 0 234760998 16 0
32.85 44 ESTIMATOR 0. 0. 0. 0. 0.
32.85 44 NAVIGATION 0 1 0 0 28 0. 4.4
32.85 44 ATTITUDE -2 0 -12
33.14 44 GPS 0 55815347 339508174 0 4627 0 0 234761250 16 0
33.14 44 CALIB_CONTRAST 1106
33.24 44 DESIRED 0. -0. 0. 0. 109. 0.
33.28 44 NAVIGATION 0 1 0 0 28 0. 4.4
33.28 44 WP_MOVED 17 558256.875 3395638. 119.
33.28 44 PPRZ_MODE 0 0 3 0 0 1 0
33.28 44 GPS 0 55815347 339508174 0 4627 0 0 234761498 16 0
33.28 44 ESTIMATOR 0. 0. 0. 0. 0.
33.58 44 DOWNLINK_STATUS 33 12303 783 0 297. 17.
33.65 44 COMMANDS 173,-20,-69,-1176
33.65 44 NAVIGATION 0 1 0 0 28 0. 4.4
33.65 44 ATTITUDE -6 0 -8
33.66 44 DL_VALUE 11 1.
33.66 44 FBW_STATUS 0 0 118
33.66 44 RAD_OF_IR -75 0 0.00172
33.66 44 GPS 0 55815347 339508174 0 4627 0 0 234761750 16 0
33.66 44 IR_SENSORS -682 -86 1
33.99 44 WP_MOVED 18 558256.875 3395538. 119.
34.02 44 GYRO_RATES -112 -120 -199 0.977384 -1.047198 -1.736603
34.02 44 GPS 0 55815347 339508174 0 4627 0 0 234761998 16 0
34.03 44 ESTIMATOR 0. 0. 0. 0. 0.
34.03 44 BAT 175 118 0 0 94 0 1
34.07 44 ATTITUDE -15 0 -2
34.07 44 CALIBRATION 0. 0.023 0.05 0
34.07 44 CALIB_CONTRAST 1106
34.07 44 SERVO 9600 -9600 174
34.07 44 GPS 0 55815347 339508174 0 4627 0 0 234762250 16 0
34.07 44 DESIRED 0. -0. 0. 0. 109. 0.
34.07 44 IR_DEBUG 373 559 373 559
34.07 44 WP_MOVED 19 558256.875 3395438. 119.
34.38 44 ESTIMATOR 0. 0. 0. 0. 0.
34.38 44 GPS 0 55815347 339508174 0 4627 0 0 234762498 16 0
34.48 44 COMMANDS 145,-14,-44,-1123
34.48 44 NAVIGATION 0 1 0 0 28 0. 4.4
34.48 44 ATTITUDE -12 0 -3
34.48 44 DL_VALUE 12 0.
34.48 44 FBW_STATUS 0 0 118
34.48 44 RAD_OF_IR -105 0 0.00172
34.48 44 GPS 0 55815347 339508174 0 4627 0 0 234762750 16 0
34.48 44 IR_SENSORS -651 -105 1
34.58 44 DOWNLINK_STATUS 34 12751 814 0 448. 31.
34.79 44 NAVIGATION 0 1 0 0 28 0. 4.4
34.79 44 WP_MOVED 20 558256.875 3395338. 119.
34.79 44 GYRO_RATES -202 -211 -288 1.762783 -1.841322 -2.513274
34.87 44 ESTIMATOR 0. 0. 0. 0. 0.
34.87 44 GPS 0 55815347 339508174 0 4627 0 0 234762998 16 0
34.87 44 NAVIGATION 0 1 0 0 28 0. 4.4
34.87 44 ATTITUDE -5 0 0
34.87 44 CALIB_CONTRAST 1106
35.21 44 DESIRED 0. -0. 0. 0. 109. 0.
35.21 44 GPS 0 55815347 339508174 0 4627 0 0 234763250 16 0
35.21 44 NAVIGATION 0 1 0 0 28 0. 4.4
35.21 44 WP_MOVED 21 558256.875 3395238. 119.
35.29 44 ESTIMATOR 0. 0. 0. 0. 0.
35.29 44 COMMANDS 176,-10,-61,-1253
35.29 44 NAVIGATION 0 1 0 0 28 0. 4.4
35.29 44 GPS 0 55815347 339508174 0 4627 0 0 234763498 16 0
35.29 44 ATTITUDE -8 0 5
35.29 44 DL_VALUE 13 415.
35.29 44 FBW_STATUS 0 0 118
35.29 44 RAD_OF_IR -74 0 0.00172
35.58 44 DOWNLINK_STATUS 35 13077 834 0 326. 20.
35.63 44 IR_SENSORS -604 -73 1
35.63 44 NAVIGATION 0 1 0 0 28 0. 4.4
35.63 44 GPS 0 55815347 339508174 0 4627 0 0 234763750 16 0
35.76 44 WP_MOVED 22 558256.875 3395138. 119.
35.79 44 GYRO_RATES -222 -231 -309 1.937315 -2.015855 -2.696534
35.79 44 ESTIMATOR 0. 0. 0. 0. 0.
35.79 44 BAT 166 118 0 0 96 0 1
35.79 44 NAVIGATION 0 1 0 0 28 0. 4.4
35.79 44 ATTITUDE -7 0 5
35.79 44 CALIBRATION 0. 0.023 0.05 0
35.79 44 CALIB_CONTRAST 1106
35.79 44 SERVO 9600 -9600 170
36.08 44 DESIRED 0. -0. 0. 0. 109. 0.
36.08 44 IR_DEBUG 382 488 382 488
36.08 44 NAVIGATION 0 1 0 0 28 0. 4.4
36.21 44 GPS 0 55815347 339508174 0 4627 0 0 234764250 16 0
36.21 44 SVINFO 10 18 12 4 29 35 123
36.21 44 WP_MOVED 23 558137.1875 3395065.75 119.
36.21 44 ESTIMATOR 0. 0. 0. 0. 0.
36.21 44 COMMANDS 170,6,-66,-1163
36.21 44 NAVIGATION 0 1 0 0 28 0. 4.4
36.21 44 ATTITUDE -7 0 5
36.21 44 GPS 0 55815347 339508174 0 4627 0 0 234764498 16 0
36.21 44 FBW_STATUS 0 0 118
36.21 44 RAD_OF_IR -73 0 0.00172
36.47 44 IR_SENSORS -611 -71 1
36.58 44 DOWNLINK_STATUS 36 13469 860 0 392. 26.
36.59 44 NAVIGATION 0 1 0 0 28 0. 4.4
36.59 44 WP_MOVED 24 558102. 3395038. 0.
36.59 44 GYRO_RATES -209 -216 -296 1.823869 -1.884956 -2.583087
36.59 44 GPS 0 55815347 339508174 0 4627 0 0 234764750 16 0
36.59 44 ESTIMATOR 0. 0. 0. 0. 0.
36.60 44 NAVIGATION 0 1 0 0 28 0. 4.4
36.60 44 ATTITUDE -7 0 4
36.89 44 GPS 0 55815347 339508174 0 4627 0 0 234764998 16 0
36.89 44 CALIB_CONTRAST 1106
36.99 44 DESIRED 0. -0. 0. 0. 109. 0.
36.99 44 NAVIGATION 0 1 0 0 28 0. 4.4
36.99 44 WP_MOVED 0 558144. 3395080. 119.
36.99 44 GPS 0 55815347 339508174 0 4627 0 0 234765250 16 0
36.99 44 ESTIMATOR 0. 0. 0. 0. 0.
37.30 44 COMMANDS 172,-18,-66,-1156
37.30 44 NAVIGATION 0 1 0 0 28 0. 4.4
37.30 44 ATTITUDE -7 0 3
37.30 44 DL_VALUE 15 500.
37.58 44 DOWNLINK_STATUS 37 13780 878 0 311. 18.
37.74 44 CALIB_CONTRAST 1106
37.75 44 SERVO 9600 -9600 191
37.75 44 GPS 0 55815347 339508174 0 4627 0 0 234765998 16 0
37.75 44 DESIRED 0. -0. 0. 0. 109. 0.
37.75 44 IR_DEBUG 409 500 409 500
37.75 44 WP_MOVED 1 558099.875 3395038. 119.
37.80 44 GPS 0 55815347 339508174 0 4627 0 0 234765750 16 0
37.80 44 ESTIMATOR 0. 0. 0. 0. 0.
37.80 44 BAT 179 118 0 0 98 0 1
37.80 44 NAVIGATION 0 1 0 0 28 0. 4.4
37.80 44 ATTITUDE -9 0 6
37.84 44 CALIB_CONTRAST 1106
37.84 44 SERVO 9600 -9600 191
37.84 44 GPS 0 55815347 339508174 0 4627 0 0 234765998 16 0
37.84 44 DESIRED 0. -0. 0. 0. 109. 0.
37.84 44 IR_DEBUG 409 500 409 500
37.84 44 NAVIGATION 0 1 0 0 28 0. 4.4
37.84 44 WP_MOVED 2 557977.5 3395042. 119.
38.23 44 ESTIMATOR 0. 0. 0. 0. 0.
38.23 44 GPS 0 55815347 339508174 0 4627 0 0 234766250 16 0
38.23 44 COMMANDS 120,-93,-233,-1183
38.23 44 NAVIGATION 0 1 0 0 28 0. 4.4
38.23 44 ATTITUDE -7 0 4
38.23 44 DL_VALUE 16 10800.
38.23 44 FBW_STATUS 0 0 118
38.23 44 RAD_OF_IR -80 0 0.00172
38.23 44 GPS 0 55815347 339508174 0 4627 0 0 234766498 16 0
38.23 44 IR_SENSORS -618 -81 1
38.23 44 NAVIGATION 0 1 0 0 28 0. 4.4
38.58 44 DOWNLINK_STATUS 38 14228 907 0 448. 29.
38.75 44 ESTIMATOR 0. 0. 0. 0. 0.
38.75 44 GPS 0 55815347 339508174 0 4627 0 0 234766750 16 0
38.75 44 NAVIGATION 0 1 0 0 28 0. 4.4
38.75 44 ATTITUDE -6 0 -4
38.75 44 CALIB_CONTRAST 1106
38.75 44 DESIRED 0. -0. 0. 0. 109. 0.
38.80 44 NAVIGATION 0 1 0 0 28 0. 4.4
38.80 44 WP_MOVED 4 557843.625 3395191.25 119.
38.86 44 ESTIMATOR 0. 0. 0. 0. 0.
38.99 44 GPS 0 55815347 339508174 0 4627 0 0 234767250 16 0
38.99 44 COMMANDS 176,-35,-77,-1196
38.99 44 NAVIGATION 0 1 0 0 28 0. 4.4
38.99 44 ATTITUDE -5 0 -7
38.99 44 DL_VALUE 17 12800.
38.99 44 FBW_STATUS 0 0 118
38.99 44 RAD_OF_IR -58 0 0.00172
39.09 44 IR_SENSORS -696 -66 1
39.23 44 NAVIGATION 0 1 0 0 28 0. 4.4
39.23 44 GPS 0 55815347 339508174 0 4627 0 0 234767498 16 0
39.23 44 WP_MOVED 5 557925.3125 3395354. 229.
39.23 44 GYRO_RATES 608 601 523 -5.305801 5.244714 4.564036
39.29 44 ESTIMATOR 0. 0. 0. 0. 0.
39.29 44 BAT 162 118 0 0 100 0 1
39.43 44 NAVIGATION 0 1 0 0 28 0. 4.4
39.43 44 ATTITUDE -11 0 -2
39.43 44 CALIBRATION 0. 0.023 0.05 0
39.43 44 GPS 0 55815347 339508174 0 4627 0 0 234767750 16 0
39.49 44 CALIB_CONTRAST 1106
39.49 44 SERVO -9600 9600 134
39.58 44 DOWNLINK_STATUS 39 14678 936 0 450. 29.
39.61 44 DESIRED 0. -0. 0. 0. 109. 0.
39.61 44 IR_DEBUG 401 544 401 544
39.61 44 NAVIGATION 0 1 0 0 28 0. 4.4
39.69 44 GPS 0 55815347 339508174 0 4627 0 0 234767998 16 0
39.69 44 WP_MOVED 6 557648.8125 3395447. 229.
39.77 44 ESTIMATOR 0. 0. 0. 0. 0.
39.98 44 COMMANDS 178,-119,-67,-1225
39.98 44 NAVIGATION 0 1 0 0 28 0. 4.4
39.98 44 ATTITUDE -13 0 0
39.98 44 DL_VALUE 18 14800.
39.98 44 GPS 0 55815347 339508174 0 4627 0 0 234768250 16 0
39.98 44 SVINFO 10 18 12 4 31 35 123
39.98 44 FBW_STATUS 0 0 118
39.98 44 RAD_OF_IR -111 0 0.00172
40.01 44 IR_SENSORS -639 -108 1
40.05 44 NAVIGATION 0 1 0 0 28 0. 4.4
40.23 44 WP_MOVED 7 557713.875 3395562.25 229.
40.24 44 GYRO_RATES -118 -126 -204 1.029744 -1.099557 -1.780236
40.24 44 GPS 0 55815347 339508174 0 4627 0 0 234768498 16 0
40.24 44 ESTIMATOR 0. 0. 0. 0. 0.
40.34 44 NAVIGATION 0 1 0 0 28 0. 4.4
40.34 44 ATTITUDE -8 0 -11
40.42 44 GPS 0 55815347 339508174 0 4627 0 0 234768750 16 0
40.42 44 CALIB_CONTRAST 1106
40.52 44 DESIRED 0. -0. 0. 0. 109. 0.
40.53 44 NAVIGATION 0 1 0 0 28 0. 4.4
40.58 44 DOWNLINK_STATUS 40 15103 962 0 425. 26.
40.64 44 WP_MOVED 8 558003.1875 3395761.75 229.
40.64 44 GPS 0 55815347 339508174 0 4627 0 0 234768998 16 0
40.75 44 ESTIMATOR 0. 0. 0. 0. 0.
40.95 44 COMMANDS 139,-12,-55,-1123
40.95 44 NAVIGATION 0 1 0 0 28 0. 4.4
40.95 44 ATTITUDE -7 0 -14
40.95 44 DL_VALUE 19 4800.
40.95 44 FBW_STATUS 0 0 118
40.95 44 RAD_OF_IR -69 0 0.00172
40.95 44 GPS 0 55815347 339508174 0 4627 0 0 234769250 16 0
40.95 44 IR_SENSORS -723 -74 1
41.01 44 NAVIGATION 0 1 0 0 28 0. 4.4
41.24 44 WP_MOVED 9 558151.375 3395696.75 229.
41.24 44 GYRO_RATES -239 -246 -323 2.085669 -2.146755 -2.818707
41.24 44 GPS 0 55815347 339508174 0 4627 0 0 234769498 16 0
41.24 44 ESTIMATOR 0. 0. 0. 0. 0.
41.24 44 BAT 192 118 0 0 102 0 1
41.29 44 NAVIGATION 0 1 0 0 28 0. 4.4
41.29 44 ATTITUDE -8 0 -7
41.29 44 CALIBRATION 0. 0.023 0.05 0
41.38 44 CALIB_CONTRAST 1106
41.38 44 SERVO 9600 -9600 214
41.40 44 GPS 0 55815347 339508174 0 4627 0 0 234769750 16 0
41.50 44 DESIRED 0. -0. 0. 0. 109. 0.
41.50 44 IR_DEBUG 457 561 457 561
41.50 44 NAVIGATION 0 1 0 0 28 0. 4.4
41.51 44 WP_MOVED 10 558094.1875 3395598. 229.
41.58 44 DOWNLINK_STATUS 41 15526 989 0 423. 27.
41.70 44 ESTIMATOR 0. 0. 0. 0. 0.
41.70 44 GPS 0 55815347 339508174 0 4627 0 0 234769998 16 0
41.76 44 COMMANDS 134,-63,-167,-1181
41.76 44 NAVIGATION 0 1 0 0 28 0. 4.4
41.76 44 ATTITUDE -6 0 -11
41.76 44 DL_VALUE 20 17900.
41.76 44 FBW_STATUS 0 0 118
41.84 44 RAD_OF_IR -65 0 0.00172
41.97 44 GPS 0 55815347 339508174 0 4627 0 0 234770250 16 0
41.97 44 ACTUATORS 1502,1498,0,1213,1440
41.97 44 IR_SENSORS -694 -67 1
41.97 44 NAVIGATION 0 1 0 0 28 0. 4.4
42.08 44 WP_MOVED 11 558150.3125 3395567. 119.
42.08 44 GYRO_RATES 190 183 105 -1.658063 1.596976 0.916298
42.08 44 ESTIMATOR 0. 0. 0. 0. 0.
42.20 44 GPS 0 55815347 339508174 0 4627 0 0 234770498 16 0
42.20 44 NAVIGATION 0 1 0 0 28 0. 4.4
42.20 44 ATTITUDE -7 0 -8
42.26 44 CALIB_CONTRAST 1106
42.52 44 DESIRED 0. -0. 0. 0. 109. 0.
42.52 44 GPS 0 55815347 339508174 0 4627 0 0 234770750 16 0
42.52 44 NAVIGATION 0 1 0 0 28 0. 4.4
42.52 44 WP_MOVED 12 557820.5 3395444. 180.
42.52 44 PPRZ_MODE 0 0 3 0 0 1 0
42.56 44 ESTIMATOR 0. 0. 0. 0. 0.
42.58 44 DOWNLINK_STATUS 42 15931 1014 0 405. 25.
42.73 44 GPS 0 55815347 339508174 0 4627 0 0 234770998 16 0
42.73 44 COMMANDS 169,-45,-85,-1184
42.73 44 NAVIGATION 0 1 0 0 28 0. 4.4
42.73 44 ATTITUDE -6 0 -10
42.73 44 DL_VALUE 21 17250.
42.75 44 FBW_STATUS 0 0 118
42.77 44 RAD_OF_IR -63 0 0.00172
42.93 44 IR_SENSORS -722 -58 1
42.93 44 NAVIGATION 0 1 0 0 28 0. 4.4
42.93 44 GPS 0 55815347 339508174 0 4627 0 0 234771250 16 0
43.00 44 WP_MOVED 13 558004.8125 3395690. 140.
43.00 44 GYRO_RATES 46 39 -40 -0.401426 0.340339 -0.349066
43.10 44 ESTIMATOR 0. 0. 0. 0. 0.
43.10 44 BAT 171 118 0 0 104 0 1
43.23 44 NAVIGATION 0 1 0 0 28 0. 4.4
43.23 44 ATTITUDE -5 0 -11
43.23 44 CALIBRATION 0. 0.023 0.05 0
43.23 44 GPS 0 55815347 339508174 0 4627 0 0 234771498 16 0
43.23 44 CALIB_CONTRAST 1106
43.23 44 SERVO -5194 9600 148
43.38 44 DESIRED 0. -0. 0. 0. 109. 0.
43.38 44 IR_DEBUG 461 558 461 558
43.38 44 NAVIGATION 0 1 0 0 28 0. 4.4
43.45 44 GPS 0 55815347 339508174 0 4627 0 0 234771750 16 0
43.45 44 WP_MOVED 14 558084.8125 3395110.25 119.
43.54 44 ESTIMATOR 0. 0. 0. 0. 0.
43.58 44 DOWNLINK_STATUS 43 16339 1040 0 408. 26.
43.70 44 COMMANDS 139,-21,-99,-1203
43.70 44 NAVIGATION 0 1 0 0 28 0. 4.4
43.71 44 ATTITUDE -7 0 -9
43.71 44 DL_VALUE 22 14000.
43.71 44 GPS 0 55815347 339508174 0 4627 0 0 234771998 16 0
43.71 44 FBW_STATUS 0 0 118
43.71 44 RAD_OF_IR -75 0 0.00172
43.78 44 IR_SENSORS -714 -74 1
43.86 44 NAVIGATION 0 1 0 0 28 0. 4.4
43.99 44 WP_MOVED 15 557962.375 3395214. 119.
43.99 44 GYRO_RATES -103 -109 -188 0.898845 -0.951204 -1.64061
43.99 44 GPS 0 55815347 339508174 0 4627 0 0 234772250 16 0
43.99 44 SVINFO 10 18 12 4 32 35 123
43.99 44 ESTIMATOR 0. 0. 0. 0. 0.
44.06 44 NAVIGATION 0 1 0 0 28 0. 4.4
44.06 44 ATTITUDE -8 0 -8
44.20 44 GPS 0 55815347 339508174 0 4627 0 0 234772498 16 0
44.20 44 CALIB_CONTRAST 1106
44.28 44 DESIRED 0. -0. 0. 0. 109. 0.
44.28 44 NAVIGATION 0 1 0 0 28 0. 4.4
44.39 44 WP_MOVED 16 558256.875 3395029.25 119.
44.39 44 GPS 0 55815347 339508174 0 4627 0 0 234772750 16 0
44.58 44 DOWNLINK_STATUS 44 16688 1062 0 349. 22.
44.60 44 ESTIMATOR 0. 0. 0. 0. 0.
44.60 44 COMMANDS 171,38,-67,-1166
44.60 44 NAVIGATION 0 1 0 0 28 0. 4.4
44.60 44 ATTITUDE -7 0 -10
44.60 44 DL_VALUE 23 0.
44.79 44 FBW_STATUS 0 0 118
44.79 44 RAD_OF_IR -71 0 0.00172
44.79 44 GPS 0 55815347 339508174 0 4627 0 0 234772998 16 0
45.03 44 IR_SENSORS -697 -77 1
45.03 44 NAVIGATION 0 1 0 0 28 0. 4.4
45.03 44 WP_MOVED 17 558256.875 3395638. 119.
45.03 44 GYRO_RATES -151 -158 -237 1.317724 -1.37881 -2.068215
45.03 44 GPS 0 55815347 339508174 0 4627 0 0 234773250 16 0
45.03 44 ESTIMATOR 0. 0. 0. 0. 0.
45.07 44 NAVIGATION 0 1 0 0 28 0. 4.4
45.07 44 ATTITUDE -17 0 5
45.07 44 CALIBRATION 0. 0.023 0.05 0
45.07 44 CALIB_CONTRAST 1106
45.08 44 SERVO 9600 -9600 169
45.30 44 GPS 0 55815347 339508174 0 4627 0 0 234773498 16 0
45.30 44 DESIRED 0. -0. 0. 0. 109. 0.
45.30 44 IR_DEBUG 386 545 386 545
45.30 44 NAVIGATION 0 1 0 0 28 0. 4.4
45.30 44 WP_MOVED 18 558256.875 3395538. 119.
45.43 44 ESTIMATOR 0. 0. 0. 0. 0.
45.43 44 GPS 0 55815347 339508174 0 4627 0 0 234773750 16 0
45.51 44 COMMANDS 169,7,15,-1131
45.51 44 NAVIGATION 0 1 0 0 28 0. 4.4
45.51 44 ATTITUDE -5 0 -12
45.51 44 DL_VALUE 24 12300.
45.58 44 DOWNLINK_STATUS 45 17148 1092 0 460. 30.
45.73 44 FBW_STATUS 0 0 118
45.73 44 RAD_OF_IR -61 0 0.00172
45.73 44 NAVIGATION_REF 558102 3395038 16
45.73 44 GPS 0 55815347 339508174 0 4627 0 0 234773998 16 0
45.73 44 IR_SENSORS -732 -60 1
45.73 44 NAVIGATION 0 1 0 0 28 0. 4.4
45.83 44 WP_MOVED 19 558256.875 3395438. 119.
45.83 44 GYRO_RATES -233 -239 -318 2.033309 -2.085669 -2.775074
45.83 44 ESTIMATOR 0. 0. 0. 0. 0.
45.93 44 GPS 0 55815347 339508174 0 4627 0 0 234774250 16 0
45.93 44 NAVIGATION 0 1 0 0 28 0. 4.4
45.93 44 ATTITUDE -10 0 2
45.99 44 CALIB_CONTRAST 1106
46.26 44 DESIRED 0. -0. 0. 0. 109. 0.
46.26 44 GPS 0 55815347 339508174 0 4627 0 0 234774498 16 0
46.26 44 NAVIGATION 0 1 0 0 28 0. 4.4
46.26 44 WP_MOVED 20 558256.875 3395338. 119.
46.30 44 ESTIMATOR 0. 0. 0. 0. 0.
46.52 44 GPS 0 55815347 339508174 0 4627 0 0 234774750 16 0
46.53 44 COMMANDS 193,-23,-42,-1230
46.53 44 NAVIGATION 0 1 0 0 28 0. 4.4
46.53 44 ATTITUDE -17 0 19
46.53 44 DL_VALUE 25 10600.
46.53 44 FBW_STATUS 0 0 118
46.53 44 RAD_OF_IR -144 0 0.00172
46.58 44 DOWNLINK_STATUS 46 17535 1117 0 387. 25.
46.70 44 ACTUATORS 1499,1501,0,1216,1442
46.70 44 IR_SENSORS -545 -123 1
46.70 44 NAVIGATION 0 1 0 0 28 0. 4.4
46.70 44 GPS 0 55815347 339508174 0 4627 0 0 234774998 16 0
46.75 44 WP_MOVED 21 558256.875 3395238. 119.
46.75 44 GYRO_RATES -227 -234 -312 1.980949 -2.042035 -2.722714
46.85 44 ESTIMATOR 0. 0. 0. 0. 0.
46.85 44 BAT 166 118 0 0 108 0 1
46.98 44 NAVIGATION 0 1 0 0 28 0. 4.4
46.98 44 ATTITUDE -4 0 -1
46.98 44 CALIBRATION 0. 0.023 0.05 0
46.98 44 GPS 0 55815347 339508174 0 4627 0 0 234775250 16 0
46.98 44 CALIB_CONTRAST 1106
46.98 44 SERVO 9600 -9600 169
47.13 44 DESIRED 0. -0. 0. 0. 109. 0.
47.13 44 IR_DEBUG 464 563 464 563
47.13 44 NAVIGATION 0 1 0 0 28 0. 4.4
47.31 44 GPS 0 55815347 339508174 0 4627 0 0 234775498 16 0
47.35 44 WP_MOVED 22 558256.875 3395138. 119.
47.35 44 PPRZ_MODE 0 0 3 0 0 1 0
47.35 44 ESTIMATOR 0. 0. 0. 0. 0.
47.42 44 COMMANDS 159,-49,-102,-1173
47.42 44 NAVIGATION 0 1 0 0 28 0. 4.4
47.42 44 ATTITUDE -2 0 -23
47.42 44 DL_VALUE 26 11950.
47.42 44 GPS 0 55815347 339508174 0 4627 0 0 234775750 16 0
47.42 44 FBW_STATUS 0 0 118
47.42 44 RAD_OF_IR -17 0 0.00172
47.52 44 IR_SENSORS -815 -14 1
47.58 44 DOWNLINK_STATUS 47 17973 1146 0 438. 29.
47.60 44 NAVIGATION 0 1 0 0 28 0. 4.4
47.75 44 WP_MOVED 23 558137.1875 3395065.75 119.
47.75 44 GYRO_RATES -111 -117 -197 0.968658 -1.021018 -1.719149
47.75 44 GPS 0 55815347 339508174 0 4627 0 0 234775998 16 0
47.75 44 ESTIMATOR 0. 0. 0. 0. 0.
47.81 44 NAVIGATION 0 1 0 0 28 0. 4.4
47.81 44 ATTITUDE 0 0 -28
47.94 44 GPS 0 55815347 339508174 0 4627 0 0 234776250 16 0
47.94 44 SVINFO 10 18 12 4 29 35 123
47.94 44 CALIB_CONTRAST 1106
48.03 44 DESIRED 0. -0. 0. 0. 109. 0.
48.03 44 NAVIGATION 0 1 0 0 28 0. 4.4
48.15 44 WP_MOVED 24 558102. 3395038. 0.
48.15 44 GPS 0 55815347 339508174 0 4627 0 0 234776498 16 0
48.21 44 ESTIMATOR 0. 0. 0. 0. 0.
48.35 44 COMMANDS 159,-73,-111,-1184
48.35 44 NAVIGATION 0 1 0 0 28 0. 4.4
48.35 44 ATTITUDE 1 0 -31
48.35 44 DL_VALUE 27 8800.
48.42 44 FBW_STATUS 0 0 118
48.42 44 RAD_OF_IR -7 0 0.00172
48.42 44 GPS 0 55815347 339508174 0 4627 0 0 234776750 16 0
48.43 44 IR_SENSORS -865 -5 1
48.50 44 NAVIGATION 0 1 0 0 28 0. 4.4
48.58 44 DOWNLINK_STATUS 48 18362 1170 0 389. 24.
48.79 44 WP_MOVED 0 558144. 3395080. 119.
48.79 44 GYRO_RATES -198 -203 -282 1.727876 -1.771509 -2.460914
48.79 44 GPS 0 55815347 339508174 0 4627 0 0 234776998 16 0
48.79 44 ESTIMATOR 0. 0. 0. 0. 0.
48.79 44 BAT 183 118 0 0 110 0 1
48.79 44 NAVIGATION 0 1 0 0 28 0. 4.4
48.82 44 ATTITUDE -2 0 -30
48.82 44 CALIBRATION 0. 0.023 0.05 0
48.82 44 CALIB_CONTRAST 1106
48.82 44 SERVO 9600 -9600 157
49.04 44 GPS 0 55815347 339508174 0 4627 0 0 234777250 16 0
49.05 44 DESIRED 0. -0. 0. 0. 109. 0.
49.05 44 IR_DEBUG 548 633 548 633
49.05 44 NAVIGATION 0 1 0 0 28 0. 4.4
49.05 44 WP_MOVED 1 558099.875 3395038. 119.
49.17 44 ESTIMATOR 0. 0. 0. 0. 0.
49.17 44 GPS 0 55815347 339508174 0 4627 0 0 234777498 16 0
49.26 44 COMMANDS 97,-26,-182,-1126
49.30 44 NAVIGATION 0 1 0 0 28 0. 4.4
49.30 44 ATTITUDE -11 0 -23
49.30 44 DL_VALUE 28 0.228
49.32 44 FBW_STATUS 0 0 118
49.32 44 RAD_OF_IR -113 0 0.00172
49.44 44 GPS 0 55815347 339508174 0 4627 0 0 234777750 16 0
49.44 44 IR_SENSORS -795 -119 1
49.44 44 NAVIGATION 0 1 0 0 28 0. 4.4
49.55 44 WP_MOVED 2 557977.5 3395042. 119.
49.55 44 GYRO_RATES -208 -213 -294 1.815142 -1.858776 -2.565634
49.58 44 DOWNLINK_STATUS 49 18805 1198 0 443. 28.
49.65 44 ESTIMATOR 0. 0. 0. 0. 0.
49.65 44 GPS 0 55815347 339508174 0 4627 0 0 234777998 16 0
49.72 44 NAVIGATION 0 1 0 0 28 0. 4.4
49.76 44 ATTITUDE -6 0 -25
49.76 44 CALIB_CONTRAST 1106
49.97 44 DESIRED 0. -0. 0. 0. 109. 0.
49.97 44 GPS 0 55815347 339508174 0 4627 0 0 234778250 16 0
49.97 44 NAVIGATION 0 1 0 0 28 0. 4.4
50.02 44 WP_MOVED 3 557795.5 3395102.75 119.
50.05 44 ESTIMATOR 0. 0. 0. 0. 0.
50.26 44 COMMANDS 131,-21,-77,-1221
50.26 44 NAVIGATION 0 1 0 0 28 0. 4.4
50.26 44 GPS 0 55815347 339508174 0 4627 0 0 234778498 16 0
50.26 44 ATTITUDE 3 0 -38
50.26 44 DL_VALUE 29 0.42
50.26 44 FBW_STATUS 0 0 118
50.26 44 RAD_OF_IR 4 0 0.00172
50.34 44 IR_SENSORS -919 -11 1
50.47 44 NAVIGATION 0 1 0 0 28 0. 4.4
50.47 44 GPS 0 55815347 339508174 0 4627 0 0 234778750 16 0
50.47 44 WP_MOVED 4 557843.625 3395191.25 119.
50.47 44 GYRO_RATES -240 -254 -325 2.094395 -2.216568 -2.83616
50.55 44 ESTIMATOR 0. 0. 0. 0. 0.
50.55 44 BAT 235 118 0 0 112 0 1
50.58 44 DOWNLINK_STATUS 50 19202 1222 0 397. 24.
50.68 44 NAVIGATION 0 1 0 0 28 0. 4.4
50.68 44 ATTITUDE 0 0 -39
50.68 44 CALIBRATION 0. 0.023 0.05 0
50.68 44 GPS 0 55815347 339508174 0 4627 0 0 234778998 16 0
50.74 44 CALIB_CONTRAST 1106
50.78 44 SERVO 9600 -9600 174
50.97 44 DESIRED 0. -0. 0. 0. 109. 0.
50.97 44 IR_DEBUG 637 655 637 655
50.97 44 NAVIGATION 0 1 0 0 28 0. 4.4
51.20 44 GPS 0 55815347 339508174 0 4627 0 0 234779250 16 0
51.20 44 WP_MOVED 5 557925.3125 3395354. 229.
51.20 44 ESTIMATOR 0. 0. 0. 0. 0.
51.20 44 COMMANDS 145,-60,-145,-1186
51.20 44 NAVIGATION 0 1 0 0 28 0. 4.4
51.20 44 ATTITUDE 2 0 -38
51.20 44 DL_VALUE 30 0.
51.23 44 FBW_STATUS 0 0 118
51.23 44 RAD_OF_IR 2 0 0.00172
51.26 44 ACTUATORS 1492,1490,0,1221,1431
51.26 44 IR_SENSORS -896 7 1
51.32 44 NAVIGATION 0 1 0 0 28 0. 4.4
51.44 44 WP_MOVED 6 557648.8125 3395447. 229.
51.44 44 GYRO_RATES 48 42 -36 -0.418879 0.366519 -0.314159
51.44 44 GPS 0 55815347 339508174 0 4627 0 0 234779750 16 0
51.46 44 ESTIMATOR 0. 0. 0. 0. 0.
51.57 44 NAVIGATION 0 1 0 0 28 0. 4.4
51.57 44 ATTITUDE 8 0 -30
51.58 44 DOWNLINK_STATUS 51 19608 1249 0 406. 27.
51.65 44 GPS 0 55815347 339508174 0 4627 0 0 234779998 16 0
51.65 44 CALIB_CONTRAST 1106
51.74 44 DESIRED 0. -0. 0. 0. 109. 0.
51.78 44 NAVIGATION 0 1 0 0 28 0. 4.4
51.84 44 WP_MOVED 7 557713.875 3395562.25 229.
51.84 44 PPRZ_MODE 0 0 3 0 0 1 0
51.97 44 GPS 0 55815347 339508174 0 4627 0 0 234780250 16 0
51.97 44 SVINFO 10 18 12 4 25 35 123
52.06 44 ESTIMATOR 0. 0. 0. 0. 0.
52.06 44 COMMANDS 166,-146,-66,-1153
52.06 44 NAVIGATION 0 1 0 0 28 0. 4.4
52.06 44 ATTITUDE 4 0 -37
52.06 44 DL_VALUE 31 0.023
52.07 44 FBW_STATUS 0 0 118
52.15 44 RAD_OF_IR 29 0 0.00172
52.15 44 GPS 0 55815347 339508174 0 4627 0 0 234780498 16 0
52.25 44 IR_SENSORS -873 36 1
52.28 44 NAVIGATION 0 1 0 0 28 0. 4.4
52.37 44 WP_MOVED 8 558003.1875 3395761.75 229.
52.37 44 GYRO_RATES -150 -158 -233 1.308997 -1.37881 -2.033309
52.46 44 GPS 0 55815347 339508174 0 4627 0 0 234780750 16 0
52.46 44 ESTIMATOR 0. 0. 0. 0. 0.
52.46 44 BAT 164 118 0 0 114 0 1
52.55 44 NAVIGATION 0 1 0 0 28 0. 4.4
52.55 44 ATTITUDE 9 0 -37
52.55 44 CALIBRATION 0. 0.023 0.05 0
52.57 44 CALIB_CONTRAST 1106
52.57 44 SERVO 9600 -9600 169
52.58 44 DOWNLINK_STATUS 52 20029 1277 0 421. 28.
52.66 44 GPS 0 55815347 339508174 0 4627 0 0 234780998 16 0
52.81 44 DESIRED 0. -0. 0. 0. 109. 0.
52.85 44 IR_DEBUG 688 611 688 611
52.85 44 NAVIGATION 0 1 0 0 28 0. 4.4
52.85 44 WP_MOVED 9 558151.375 3395696.75 229.
52.91 44 ESTIMATOR 0. 0. 0. 0. 0.
52.91 44 GPS 0 55815347 339508174 0 4627 0 0 234781250 16 0
53.58 44 DOWNLINK_STATUS 53 20174 1284 0 145. 7.
54.58 44 DOWNLINK_STATUS 54 20174 1284 0 0. 0.
55.58 44 DOWNLINK_STATUS 55 20174 1284 0 0. 0.
56.59 44 DOWNLINK_STATUS 56 20174 1284 0 0. 0.
57.59 44 DOWNLINK_STATUS 57 20174 1284 0 0. 0.
57.89 44 BOOT 1
57.89 44 PPRZ_MODE 2 0 0 0 0 1 0
57.89 44 GPS 0 55815347 339508174 0 4627 0 0 234784766 16 0
57.89 44 FBW_STATUS 0 0 0
57.89 44 RAD_OF_IR 35 0 0.00211
57.89 44 ACTUATORS 1503,1498,0,1214,1440
57.89 44 IR_SENSORS -1039 34 1
57.89 44 NAVIGATION 0 1 0 0 28 0. 4.4
57.89 44 WP_MOVED 1 558099.875 3395038. 119.
57.94 44 PPRZ_MODE 1 0 3 0 0 21 0
57.94 44 CALIB_START 
57.94 44 IR_SENSORS -1068 35 1
57.94 44 NAVIGATION 0 1 0 0 28 0. 4.4
58.03 44 WP_MOVED 5 557925.3125 3395354. 229.
58.03 44 GYRO_RATES 2 -6 -84 -0.017453 -0.05236 -0.733038
58.16 44 GPS 0 55815347 339508174 0 4627 0 0 234786498 16 0
58.16 44 ESTIMATOR 0. 0. 0. 0. 0.
58.16 44 BAT 169 118 0 0 2 0 0
58.26 44 NAVIGATION 0 1 0 0 28 0. 4.4
58.29 44 ATTITUDE 9 0 -98
58.29 44 CALIB_START 
58.29 44 CALIBRATION 0. 0.023 0.05 1
58.33 44 SERVO 9600 -2795 170
58.33 44 CALIB_CONTRAST 1069
58.47 44 GPS 0 55815347 339508174 0 4627 0 0 234786750 16 0
58.47 44 DESIRED 0.12 -0.01 0. 0. 109. 0.
58.47 44 IR_DEBUG 788 741 788 741
58.47 44 NAVIGATION 0 1 0 0 28 0. 4.4
58.52 44 WP_MOVED 6 557648.8125 3395447. 229.
58.59 44 DOWNLINK_STATUS 58 20569 1313 0 395. 29.
58.66 44 ESTIMATOR 0. 0. 0. 0. 0.
58.66 44 GPS 0 55815347 339508174 0 4627 0 0 234786998 16 0
58.75 44 COMMANDS 158,-206,9600,9600
58.78 44 NAVIGATION 0 1 0 0 28 0. 4.4
58.78 44 ATTITUDE 7 0 -68
58.78 44 DL_VALUE 2 0.
58.78 44 FBW_STATUS 0 1 118
58.78 44 RAD_OF_IR 32 0 0.00178
59.08 44 GPS 0 55815347 339508174 0 4627 0 0 234787250 16 0
59.08 44 IR_SENSORS -1064 30 1
59.08 44 NAVIGATION 0 1 0 0 28 0. 4.4
59.08 44 WP_MOVED 7 557713.875 3395562.25 229.
59.08 44 GYRO_RATES 17 6 -71 -0.148353 0.05236 -0.619592
59.12 44 ESTIMATOR 0. 0. 0. 0. 0.
59.15 44 GPS 0 55815347 339508174 0 4627 0 0 234787498 16 0
59.15 44 NAVIGATION 0 1 0 0 28 0. 4.4
59.15 44 ATTITUDE 7 0 -66
59.22 44 CALIB_CONTRAST 1069
59.33 44 DESIRED 0.17 -0. 0. 0. 109. 0.
59.47 44 NAVIGATION 0 1 0 0 28 0. 4.4
59.47 44 GPS 0 55815347 339508174 0 4627 0 0 234787750 16 0
59.47 44 WP_MOVED 8 558003.1875 3395761.75 229.
59.52 44 ESTIMATOR 0. 0. 0. 0. 0.
59.59 44 DOWNLINK_STATUS 59 20952 1336 0 383. 23.
59.67 44 COMMANDS 170,-2669,9600,9600
59.67 44 NAVIGATION 0 1 0 0 28 0. 4.4
59.67 44 GPS 0 55815347 339508174 0 4627 0 0 234787998 16 0
59.67 44 ATTITUDE 8 0 -66
59.67 44 DL_VALUE 3 0.
59.73 44 FBW_STATUS 0 1 118
59.76 44 RAD_OF_IR 39 0 0.00178
59.85 44 IR_SENSORS -1060 38 1
59.85 44 NAVIGATION 0 1 0 0 28 0. 4.4
59.94 44 GPS 0 55815347 339508174 0 4627 0 0 234788250 16 0
59.94 44 WP_MOVED 9 558151.375 3395696.75 229.
59.94 44 GYRO_RATES 14 8 -72 -0.122173 0.069813 -0.628319
60.03 44 ESTIMATOR 0. 0. 0. 0. 0.
60.03 44 BAT 162 118 0 0 4 0 0
60.15 44 NAVIGATION 0 1 0 0 28 0. 4.4
60.15 44 ATTITUDE 9 0 -65
60.15 44 CALIBRATION 0. 0.023 0.05 1
60.15 44 GPS 0 55815347 339508174 0 4627 0 0 234788498 16 0
60.16 44 CALIB_CONTRAST 1069
60.16 44 SERVO 9600 1144 170
60.25 44 PPRZ_MODE 0 0 3 0 0 17 0
60.47 44 DESIRED 0. -0.01 0. 0. 109. 0.
60.47 44 IR_DEBUG 773 711 773 711
60.47 44 NAVIGATION 0 1 0 0 28 0. 4.4
60.47 44 WP_MOVED 10 558094.1875 3395598. 229.
60.47 44 GPS 0 55815347 339508174 0 4627 0 0 234788750 16 0
60.47 44 ESTIMATOR 0. 0. 0. 0. 0.
60.57 44 COMMANDS 171,-14,-66,-1166
60.57 44 NAVIGATION 0 1 0 0 28 0. 4.4
60.57 44 ATTITUDE 9 0 -52
60.57 44 DL_VALUE 4 0.
60.59 44 DOWNLINK_STATUS 60 21413 1367 0 461. 31.
60.67 44 GPS 0 55815347 339508174 0 4627 0 0 234788998 16 0
60.67 44 FBW_STATUS 0 0 118
60.67 44 RAD_OF_IR 39 0 0.00178
60.73 44 ACTUATORS 1504,1498,0,1214,1438
60.78 44 IR_SENSORS -905 42 1
60.78 44 NAVIGATION 0 1 0 0 28 0. 4.4
60.95 44 WP_MOVED 11 558150.3125 3395567. 119.
60.95 44 GYRO_RATES -101 -108 -187 0.881391 -0.942478 -1.631883
60.95 44 GPS 0 55815347 339508174 0 4627 0 0 234789250 16 0
60.96 44 ESTIMATOR 0. 0. 0. 0. 0.
61.06 44 NAVIGATION 0 1 0 0 28 0. 4.4
61.06 44 ATTITUDE 2 0 -29
61.17 44 GPS 0 55815347 339508174 0 4627 0 0 234789498 16 0
61.17 44 CALIB_CONTRAST 1069
61.25 44 DESIRED 0. -0.01 0. 0. 109. 0.
61.28 44 NAVIGATION 0 1 0 0 28 0. 4.4
61.34 44 WP_MOVED 12 557820.5 3395444. 180.
61.34 44 PPRZ_MODE 0 0 3 0 0 1 0
61.47 44 GPS 0 55815347 339508174 0 4627 0 0 234789750 16 0
61.47 44 ESTIMATOR 0. 0. 0. 0. 0.
61.56 44 COMMANDS 170,-20,-66,-1258
61.56 44 NAVIGATION 0 1 0 0 28 0. 4.4
61.56 44 ATTITUDE -6 0 -8
61.56 44 DL_VALUE 5 0.
61.56 44 FBW_STATUS 0 0 118
61.56 44 RAD_OF_IR -48 0 0.00178
61.59 44 DOWNLINK_STATUS 61 21811 1393 0 398. 26.
61.64 44 GPS 0 55815347 339508174 0 4627 0 0 234789998 16 0
61.65 44 IR_SENSORS -704 -46 1
61.73 44 NAVIGATION 0 1 0 0 28 0. 4.4
61.87 44 WP_MOVED 13 558004.8125 3395690. 140.
61.87 44 GYRO_RATES -108 -116 -195 0.942478 -1.012291 -1.701696
61.99 44 GPS 0 55815347 339508174 0 4627 0 0 234790250 16 0
62.00 44 ESTIMATOR 0. 0. 0. 0. 0.
62.00 44 BAT 220 118 0 0 6 0 0
62.00 44 NAVIGATION 0 1 0 0 28 0. 4.4
62.00 44 ATTITUDE -6 0 -9
62.00 44 CALIBRATION 0. 0.023 0.05 0
62.03 44 CALIB_CONTRAST 1069
62.03 44 SERVO 9600 -9600 179
62.29 44 GPS 0 55815347 339508174 0 4627 0 0 234790498 16 0
62.29 44 DESIRED 0. -0.01 0. 0. 109. 0.
62.30 44 IR_DEBUG 496 531 496 531
62.30 44 NAVIGATION 0 1 0 0 28 0. 4.4
62.34 44 WP_MOVED 14 558084.8125 3395110.25 119.
62.59 44 ESTIMATOR 0. 0. 0. 0. 0.
62.59 44 GPS 0 55815347 339508174 0 4627 0 0 234790750 16 0
62.60 44 COMMANDS 148,-49,-80,-1395
62.60 44 NAVIGATION 0 1 0 0 28 0. 4.4
62.60 44 ATTITUDE 1 0 -15
62.60 44 DL_VALUE 6 0.
62.60 44 DOWNLINK_STATUS 62 22204 1417 0 393. 24.
62.71 44 FBW_STATUS 0 0 118
62.71 44 RAD_OF_IR -10 0 0.00178
62.71 44 GPS 0 55815347 339508174 0 4627 0 0 234790998 16 0
62.71 44 IR_SENSORS -718 -14 1
62.71 44 NAVIGATION 0 1 0 0 28 0. 4.4
62.75 44 WP_MOVED 15 557962.375 3395214. 119.
62.75 44 GYRO_RATES -108 -114 -193 0.942478 -0.994838 -1.684243
62.97 44 ESTIMATOR 0. 0. 0. 0. 0.
62.97 44 GPS 0 55815347 339508174 0 4627 0 0 234791250 16 0
62.97 44 NAVIGATION 0 1 0 0 28 0. 4.4
62.97 44 ATTITUDE 0 0 -14
62.97 44 CALIB_CONTRAST 1069
63.18 44 DESIRED 0. -0.01 0. 0. 109. 0.
63.18 44 GPS 0 55815347 339508174 0 4627 0 0 234791498 16 0
63.18 44 NAVIGATION 0 1 0 0 28 0. 4.4
63.23 44 WP_MOVED 16 558256.875 3395029.25 119.
63.48 44 ESTIMATOR 0. 0. 0. 0. 0.
63.48 44 COMMANDS 171,-12,-63,-1166
63.48 44 NAVIGATION 0 1 0 0 28 0. 4.4
63.48 44 ATTITUDE 0 0 -13
63.48 44 DL_VALUE 7 0.
63.48 44 GPS 0 55815347 339508174 0 4627 0 0 234791750 16 0
63.48 44 FBW_STATUS 0 0 118
63.48 44 RAD_OF_IR -24 0 0.00178
63.55 44 IR_SENSORS -708 -25 1
63.57 44 NAVIGATION 0 1 0 0 28 0. 4.4
63.59 44 DOWNLINK_STATUS 63 22606 1443 0 402. 26.
63.68 44 GPS 0 55815347 339508174 0 4627 0 0 234791998 16 0
63.68 44 WP_MOVED 17 558256.875 3395638. 119.
63.68 44 GYRO_RATES -111 -118 -197 0.968658 -1.029744 -1.719149
63.75 44 ESTIMATOR 0. 0. 0. 0. 0.
63.79 44 BAT 200 118 0 0 8 0 0
63.88 44 NAVIGATION 0 1 0 0 28 0. 4.4
63.88 44 ATTITUDE -1 0 -12
63.89 44 CALIBRATION 0. 0.023 0.05 0
63.89 44 GPS 0 55815347 339508174 0 4627 0 0 234792250 16 0
63.95 44 CALIB_CONTRAST 1069
63.95 44 SERVO 9600 -9600 155
64.06 44 DESIRED 0. -0.01 0. 0. 109. 0.
64.06 44 IR_DEBUG 488 526 488 526
64.06 44 NAVIGATION 0 1 0 0 28 0. 4.4
64.14 44 GPS 0 55815347 339508174 0 4627 0 0 234792498 16 0
64.14 44 WP_MOVED 18 558256.875 3395538. 119.
64.23 44 ESTIMATOR 0. 0. 0. 0. 0.
64.37 44 COMMANDS 182,-17,-34,-1146
64.37 44 NAVIGATION 0 1 0 0 28 0. 4.4
64.37 44 ATTITUDE 0 0 -13
64.37 44 DL_VALUE 8 -2.
64.55 44 FBW_STATUS 0 0 118
64.55 44 GPS 0 55815347 339508174 0 4627 0 0 234792750 16 0
64.55 44 RAD_OF_IR -25 0 0.00178
64.55 44 IR_SENSORS -711 -26 1
64.55 44 NAVIGATION 0 1 0 0 28 0. 4.4
64.59 44 DOWNLINK_STATUS 64 23014 1469 0 408. 26.
64.65 44 WP_MOVED 19 558256.875 3395438. 119.
64.65 44 GYRO_RATES -110 -118 -196 0.959931 -1.029744 -1.710423
64.65 44 GPS 0 55815347 339508174 0 4627 0 0 234792998 16 0
64.67 44 ESTIMATOR 0. 0. 0. 0. 0.
64.78 44 NAVIGATION 0 1 0 0 28 0. 4.4
64.82 44 ATTITUDE -2 0 -13
64.87 44 GPS 0 55815347 339508174 0 4627 0 0 234793250 16 0
64.87 44 CALIB_CONTRAST 1069
64.95 44 DESIRED 0. -0.01 0. 0. 109. 0.
64.97 44 NAVIGATION 0 1 0 0 28 0. 4.4
65.05 44 WP_MOVED 20 558256.875 3395338. 119.
65.18 44 GPS 0 55815347 339508174 0 4627 0 0 234793498 16 0
65.28 44 ESTIMATOR 0. 0. 0. 0. 0.
65.31 44 COMMANDS 166,10,-44,-1183
65.32 44 NAVIGATION 0 1 0 0 28 0. 4.4
65.32 44 ATTITUDE -2 0 -11
65.32 44 DL_VALUE 9 -63.400002
65.32 44 FBW_STATUS 0 0 118
65.37 44 RAD_OF_IR -39 0 0.00178
65.38 44 NAVIGATION_REF 558102 3395038 16
65.38 44 GPS 0 55815347 339508174 0 4627 0 0 234793750 16 0
65.46 44 ACTUATORS 1508,1497,0,1213,1439
65.46 44 IR_SENSORS -697 -41 1
65.46 44 NAVIGATION 0 1 0 0 28 0. 4.4
65.58 44 WP_MOVED 21 558256.875 3395238. 119.
65.58 44 GYRO_RATES -107 -113 -193 0.933751 -0.986111 -1.684243
65.59 44 DOWNLINK_STATUS 65 23434 1495 0 420. 26.
65.67 44 GPS 0 55815347 339508174 0 4627 0 0 234793998 16 0
65.67 44 ESTIMATOR 0. 0. 0. 0. 0.
65.67 44 BAT 169 118 0 0 10 0 0
65.77 44 NAVIGATION 0 1 0 0 28 0. 4.4
65.80 44 ATTITUDE -3 0 -11
65.80 44 CALIBRATION 0. 0.023 0.05 0
65.80 44 CALIB_CONTRAST 1069
65.80 44 SERVO 9600 -9600 170
65.86 44 GPS 0 55815347 339508174 0 4627 0 0 234794250 16 0
66.04 44 DESIRED 0. -0.01 0. 0. 109. 0.
66.04 44 IR_DEBUG 469 528 469 528
66.04 44 NAVIGATION 0 1 0 0 28 0. 4.4
66.04 44 WP_MOVED 22 558256.875 3395138. 119.
66.04 44 PPRZ_MODE 0 0 3 0 0 17 0
66.11 44 ESTIMATOR 0. 0. 0. 0. 0.
66.12 44 GPS 0 55815347 339508174 0 4627 0 0 234794498 16 0
66.20 44 COMMANDS 170,-43,-66,-1205
66.20 44 NAVIGATION 0 1 0 0 28 0. 4.4
66.20 44 ATTITUDE -2 0 -11
66.21 44 DL_VALUE 10 0.
66.28 44 FBW_STATUS 0 0 118
66.29 44 RAD_OF_IR -38 0 0.00178
66.43 44 IR_SENSORS -698 -36 1
66.43 44 GPS 0 55815347 339508174 0 4627 0 0 234794750 16 0
66.43 44 NAVIGATION 0 1 0 0 28 0. 4.4
66.50 44 WP_MOVED 23 558137.1875 3395065.75 119.
66.50 44 GYRO_RATES -106 -110 -189 0.925025 -0.959931 -1.649336
66.59 44 DOWNLINK_STATUS 66 23851 1522 0 417. 27.
66.59 44 ESTIMATOR 0. 0. 0. 0. 0.
66.72 44 GPS 0 55815347 339508174 0 4627 0 0 234794998 16 0
66.72 44 NAVIGATION 0 1 0 0 28 0. 4.4
66.72 44 ATTITUDE -2 0 -11
66.72 44 CALIB_CONTRAST 1069
66.85 44 DESIRED 0. -0.01 0. 0. 109. 0.
66.94 44 NAVIGATION 0 1 0 0 28 0. 4.4
66.94 44 GPS 0 55815347 339508174 0 4627 0 0 234795250 16 0
66.94 44 WP_MOVED 24 558102. 3395038. 0.
67.17 44 FBW_STATUS 0 0 118
67.27 44 RAD_OF_IR -35 0 0.00178
67.33 44 IR_SENSORS -707 -35 1
67.34 44 NAVIGATION 0 1 0 0 28 0. 4.4
67.45 44 GPS 0 55815347 339508174 0 4627 0 0 234795750 16 0
67.45 44 WP_MOVED 0 558144. 3395080. 119.
67.45 44 GYRO_RATES -103 -109 -189 0.898845 -0.951204 -1.649336
67.53 44 ESTIMATOR 0. 0. 0. 0. 0.
67.53 44 BAT 165 118 0 0 12 0 0
67.59 44 DOWNLINK_STATUS 67 24155 1540 0 304. 18.
67.68 44 NAVIGATION 0 1 0 0 28 0. 4.4
67.68 44 ATTITUDE -1 0 -13
67.68 44 CALIBRATION 0. 0.023 0.05 0
67.68 44 GPS 0 55815347 339508174 0 4627 0 0 234795998 16 0
67.68 44 CALIB_CONTRAST 1069
67.68 44 SERVO 9600 -9600 171
68.09 44 DESIRED 0. -0.01 0. 0. 109. 0.
68.13 44 IR_DEBUG 489 530 489 530
68.13 44 NAVIGATION 0 1 0 0 28 0. 4.4
68.13 44 GPS 0 55815347 339508174 0 4627 0 0 234796250 16 0
68.13 44 WP_MOVED 1 558099.875 3395038. 119.
68.17 44 ESTIMATOR 0. 0. 0. 0. 0.
68.17 44 COMMANDS 168,-17,-64,-1183
68.17 44 NAVIGATION 0 1 0 0 28 0. 4.4
68.17 44 ATTITUDE -1 0 -14
68.17 44 DL_VALUE 12 0.
68.17 44 GPS 0 55815347 339508174 0 4627 0 0 234796498 16 0
68.17 44 FBW_STATUS 0 0 118
68.17 44 RAD_OF_IR -35 0 0.00178
68.23 44 IR_SENSORS -729 -35 1
68.26 44 NAVIGATION 0 1 0 0 28 0. 4.4
68.35 44 WP_MOVED 2 557977.5 3395042. 119.
68.35 44 GYRO_RATES -209 -215 -294 1.823869 -1.876229 -2.565634
68.46 44 GPS 0 55815347 339508174 0 4627 0 0 234796750 16 0
68.46 44 ESTIMATOR 0. 0. 0. 0. 0.
68.54 44 NAVIGATION 0 1 0 0 28 0. 4.4
68.54 44 ATTITUDE 0 0 -23
68.59 44 DOWNLINK_STATUS 68 24575 1567 0 420. 27.
68.63 44 GPS 0 55815347 339508174 0 4627 0 0 234796998 16 0
68.63 44 CALIB_CONTRAST 1069
68.76 44 DESIRED 0. -0.01 0. 0. 109. 0.
68.84 44 NAVIGATION 0 1 0 0 28 0. 4.4
68.89 44 WP_MOVED 3 557795.5 3395102.75 119.
68.89 44 GPS 0 55815347 339508174 0 4627 0 0 234797250 16 0
68.89 44 ESTIMATOR 0. 0. 0. 0. 0.
69.06 44 COMMANDS 165,-71,-124,-1176
69.06 44 NAVIGATION 0 1 0 0 28 0. 4.4
69.06 44 ATTITUDE 1 0 -26
69.06 44 DL_VALUE 13 415.
69.07 44 FBW_STATUS 0 0 118
69.07 44 RAD_OF_IR -17 0 0.00178
69.16 44 GPS 0 55815347 339508174 0 4627 0 0 234797498 16 0
69.17 44 IR_SENSORS -797 -28 1
69.27 44 NAVIGATION 0 1 0 0 28 0. 4.4
69.29 44 WP_MOVED 4 557843.625 3395191.25 119.
69.29 44 GYRO_RATES -227 -232 -311 1.980949 -2.024582 -2.713987
69.47 44 ESTIMATOR 0. 0. 0. 0. 0.
69.47 44 BAT 166 118 0 0 14 0 0
69.47 44 GPS 0 55815347 339508174 0 4627 0 0 234797750 16 0
69.48 44 NAVIGATION 0 1 0 0 28 0. 4.4
69.48 44 ATTITUDE -3 0 -26
69.48 44 CALIBRATION 0. 0.023 0.05 0
69.55 44 CALIB_CONTRAST 1069
69.55 44 SERVO 9600 -9600 170
69.59 44 DOWNLINK_STATUS 69 24977 1593 0 402. 26.
69.73 44 GPS 0 55815347 339508174 0 4627 0 0 234797998 16 0
69.73 44 DESIRED 0. -0.01 0. 0. 109. 0.
69.73 44 IR_DEBUG 542 605 542 605
69.73 44 NAVIGATION 0 1 0 0 28 0. 4.4
69.77 44 WP_MOVED 5 557925.3125 3395354. 229.
69.87 44 ESTIMATOR 0. 0. 0. 0. 0.
70.01 44 GPS 0 55815347 339508174 0 4627 0 0 234798250 16 0
70.01 44 COMMANDS 167,6,-66,-1186
70.01 44 NAVIGATION 0 1 0 0 28 0. 4.4
70.01 44 ATTITUDE -3 0 -28
70.01 44 DL_VALUE 14 422.
70.01 44 FBW_STATUS 0 0 118
70.01 44 RAD_OF_IR -40 0 0.00178
70.19 44 ACTUATORS 1504,1498,0,1214,1438
70.19 44 GPS 0 55815347 339508174 0 4627 0 0 234798498 16 0
70.19 44 IR_SENSORS -814 -39 1
70.19 44 NAVIGATION 0 1 0 0 28 0. 4.4
70.25 44 WP_MOVED 6 557648.8125 3395447. 229.
70.28 44 GYRO_RATES -212 -219 -296 1.850049 -1.911136 -2.583087
70.34 44 ESTIMATOR 0. 0. 0. 0. 0.
70.46 44 NAVIGATION 0 1 0 0 28 0. 4.4
70.46 44 GPS 0 55815347 339508174 0 4627 0 0 234798750 16 0
70.46 44 ATTITUDE -3 0 -28
70.46 44 CALIB_CONTRAST 1069
70.60 44 DOWNLINK_STATUS 70 25361 1617 0 384. 24.
70.61 44 DESIRED 0. -0.01 0. 0. 109. 0.
70.74 44 NAVIGATION 0 1 0 0 28 0. 4.4
70.75 44 GPS 0 55815347 339508174 0 4627 0 0 234798998 16 0
70.75 44 WP_MOVED 7 557713.875 3395562.25 229.
70.75 44 PPRZ_MODE 0 0 3 0 0 17 0
70.78 44 ESTIMATOR 0. 0. 0. 0. 0.
70.93 44 COMMANDS 169,-21,-66,-1240
70.93 44 NAVIGATION 0 1 0 0 28 0. 4.4
70.93 44 GPS 0 55815347 339508174 0 4627 0 0 234799250 16 0
70.93 44 ATTITUDE -4 0 -28
70.93 44 DL_VALUE 15 500.
70.93 44 FBW_STATUS 0 0 118
71.00 44 RAD_OF_IR -51 0 0.00178
71.07 44 IR_SENSORS -812 -52 1
71.11 44 NAVIGATION 0 1 0 0 28 0. 4.4
71.12 44 GPS 0 55815347 339508174 0 4627 0 0 234799498 16 0
71.19 44 WP_MOVED 8 558003.1875 3395761.75 229.
71.19 44 GYRO_RATES -215 -221 -300 1.876229 -1.928589 -2.617994
71.30 44 ESTIMATOR 0. 0. 0. 0. 0.
71.34 44 BAT 166 118 0 0 16 1 0
71.43 44 NAVIGATION 0 1 0 0 28 0. 4.4
71.43 44 ATTITUDE -4 0 -28
71.43 44 CALIBRATION 0. 0.023 0.05 0
71.43 44 GPS 0 55815347 339508174 0 4627 0 0 234799750 16 0
71.43 44 CALIB_CONTRAST 1069
71.43 44 SERVO 9600 -9600 169
71.59 44 DOWNLINK_STATUS 71 25768 1643 0 407. 26.
71.72 44 DESIRED 0. -0.01 0. 0. 109. 0.
71.75 44 IR_DEBUG 543 621 543 621
71.75 44 NAVIGATION 0 1 0 0 28 0. 4.4
71.75 44 GPS 0 55815347 339508174 0 4627 0 0 234799998 16 0
71.75 44 WP_MOVED 9 558151.375 3395696.75 229.
71.75 44 ESTIMATOR 0. 0. 0. 0. 0.
71.84 44 COMMANDS 171,-23,-61,-1183
71.88 44 NAVIGATION 0 1 0 0 28 0. 4.4
71.88 44 ATTITUDE -4 0 -30
71.88 44 DL_VALUE 16 10800.
71.92 44 GPS 0 55815347 339508174 0 4627 0 0 234800250 16 0
71.93 44 FBW_STATUS 0 0 118
71.93 44 RAD_OF_IR -49 0 0.00178
72.01 44 IR_SENSORS -825 -49 1
72.01 44 NAVIGATION 0 1 0 0 28 0. 4.4
72.14 44 WP_MOVED 10 558094.1875 3395598. 229.
72.14 44 GYRO_RATES -214 -221 -299 1.867502 -1.928589 -2.609267
72.14 44 GPS 0 55815347 339508174 0 4627 0 0 234800498 16 0
72.32 44 ESTIMATOR 0. 0. 0. 0. 0.
72.32 44 NAVIGATION 0 1 0 0 28 0. 4.4
72.32 44 ATTITUDE -4 0 -31
72.33 44 CALIB_CONTRAST 1069
72.41 44 GPS 0 55815347 339508174 0 4627 0 0 234800750 16 0
72.51 44 DESIRED 0. -0.01 0. 0. 109. 0.
72.54 44 NAVIGATION 0 1 0 0 28 0. 4.4
72.54 44 WP_MOVED 11 558150.3125 3395567. 119.
72.59 44 DOWNLINK_STATUS 72 26198 1669 0 430. 26.
72.63 44 GPS 0 55815347 339508174 0 4627 0 0 234800998 16 0
72.65 44 ESTIMATOR 0. 0. 0. 0. 0.
72.78 44 COMMANDS 172,-34,-78,-1188
72.78 44 NAVIGATION 0 1 0 0 28 0. 4.4
72.78 44 ATTITUDE -6 0 -32
72.78 44 DL_VALUE 17 12800.
72.82 44 FBW_STATUS 0 0 118
72.82 44 RAD_OF_IR -61 0 0.00178
72.91 44 GPS 0 55815347 339508174 0 4627 0 0 234801250 16 0
72.91 44 IR_SENSORS -836 -60 1
72.94 44 NAVIGATION 0 1 0 0 28 0. 4.4
73.06 44 WP_MOVED 12 557820.5 3395444. 180.
73.06 44 GYRO_RATES -212 -221 -297 1.850049 -1.928589 -2.591814
73.16 44 GPS 0 55815347 339508174 0 4627 0 0 234801498 16 0
73.16 44 ESTIMATOR 0. 0. 0. 0. 0.
73.16 44 BAT 175 118 0 0 18 1 0
73.30 44 NAVIGATION 0 1 0 0 28 0. 4.4
73.30 44 ATTITUDE -6 0 -32
73.30 44 CALIBRATION 0. 0.023 0.05 0
73.32 44 CALIB_CONTRAST 1069
73.33 44 SERVO 9600 -9600 163
73.49 44 GPS 0 55815347 339508174 0 4627 0 0 234801750 16 0
73.49 44 DESIRED 0. -0.01 0. 0. 109. 0.
73.49 44 IR_DEBUG 554 641 554 641
73.49 44 NAVIGATION 0 1 0 0 28 0. 4.4
73.53 44 WP_MOVED 13 558004.8125 3395690. 140.
73.57 44 ESTIMATOR 0. 0. 0. 0. 0.
73.59 44 DOWNLINK_STATUS 73 26628 1696 0 430. 27.
73.77 44 GPS 0 55815347 339508174 0 4627 0 0 234801998 16 0
73.77 44 COMMANDS 172,-20,-66,-1206
73.77 44 NAVIGATION 0 1 0 0 28 0. 4.4
73.77 44 ATTITUDE -6 0 -32
73.77 44 DL_VALUE 18 14800.
73.79 44 FBW_STATUS 0 0 118
73.79 44 RAD_OF_IR -60 0 0.00178
73.79 44 NAVIGATION_REF 558102 3395038 16
73.93 44 IR_SENSORS -837 -60 1
73.93 44 GPS 0 55815347 339508174 0 4627 0 0 234802250 16 0
73.93 44 NAVIGATION 0 1 0 0 28 0. 4.4
74.00 44 WP_MOVED 14 558084.8125 3395110.25 119.
74.00 44 GYRO_RATES -209 -218 -295 1.823869 -1.902409 -2.574361
74.22 44 ESTIMATOR 0. 0. 0. 0. 0.
74.22 44 GPS 0 55815347 339508174 0 4627 0 0 234802498 16 0
74.22 44 NAVIGATION 0 1 0 0 28 0. 4.4
74.22 44 ATTITUDE -6 0 -32
74.22 44 CALIB_CONTRAST 1069
74.35 44 DESIRED 0. -0.01 0. 0. 109. 0.
74.44 44 NAVIGATION 0 1 0 0 28 0. 4.4
74.44 44 GPS 0 55815347 339508174 0 4627 0 0 234802750 16 0
74.45 44 WP_MOVED 15 557962.375 3395214. 119.
74.53 44 ESTIMATOR 0. 0. 0. 0. 0.
74.59 44 DOWNLINK_STATUS 74 27000 1719 0 372. 23.
74.80 44 COMMANDS 167,-17,-74,-1188
74.80 44 NAVIGATION 0 1 0 0 28 0. 4.4
74.80 44 GPS 0 55815347 339508174 0 4627 0 0 234802998 16 0
74.80 44 ATTITUDE -6 0 -34
74.80 44 DL_VALUE 19 4800.
74.84 44 FBW_STATUS 0 0 118
74.84 44 RAD_OF_IR -54 0 0.00178
74.84 44 ACTUATORS 1504,1498,0,1214,1439
74.84 44 IR_SENSORS -870 -40 1
74.86 44 NAVIGATION 0 1 0 0 28 0. 4.4
74.86 44 GPS 0 55815347 339508174 0 4627 0 0 234803250 16 0
74.93 44 WP_MOVED 16 558256.875 3395029.25 119.
74.93 44 GYRO_RATES -198 -205 -283 1.727876 -1.788962 -2.469641
75.03 44 ESTIMATOR 0. 0. 0. 0. 0.
75.03 44 BAT 173 118 0 0 20 1 0
75.18 44 NAVIGATION 0 1 0 0 28 0. 4.4
75.18 44 ATTITUDE 7 0 -36
75.18 44 CALIBRATION 0. 0.023 0.05 0
75.18 44 GPS 0 55815347 339508174 0 4627 0 0 234803498 16 0
75.18 44 CALIB_CONTRAST 1069
75.18 44 SERVO 9600 -9600 176
75.48 44 DESIRED 0. -0.01 0. 0. 109. 0.
75.48 44 IR_DEBUG 615 577 615 577
75.48 44 NAVIGATION 0 1 0 0 28 0. 4.4
75.48 44 WP_MOVED 17 558256.875 3395638. 119.
75.48 44 PPRZ_MODE 0 0 3 0 0 17 0
75.48 44 GPS 0 55815347 339508174 0 4627 0 0 234803750 16 0
75.59 44 COMMANDS 166,6,-74,-1184
75.59 44 NAVIGATION 0 1 0 0 28 0. 4.4
75.59 44 ATTITUDE 4 0 -29
75.59 44 DL_VALUE 20 17900.
75.59 44 DOWNLINK_STATUS 75 27452 1750 0 452. 31.
75.67 44 GPS 0 55815347 339508174 0 4627 0 0 234803998 16 0
75.67 44 FBW_STATUS 0 0 118
75.67 44 RAD_OF_IR -1 0 0.00178
75.78 44 IR_SENSORS -832 -6 1
75.78 44 NAVIGATION 0 1 0 0 28 0. 4.4
75.89 44 WP_MOVED 18 558256.875 3395538. 119.
75.89 44 GYRO_RATES -175 -187 -265 1.527163 -1.631883 -2.312561
75.89 44 GPS 0 55815347 339508174 0 4627 0 0 234804250 16 0
75.98 44 ESTIMATOR 0. 0. 0. 0. 0.
76.06 44 NAVIGATION 0 1 0 0 28 0. 4.4
76.06 44 ATTITUDE 0 0 -34
76.16 44 GPS 0 55815347 339508174 0 4627 0 0 234804498 16 0
76.16 44 CALIB_CONTRAST 1069
76.26 44 DESIRED 0. -0.01 0. 0. 109. 0.
76.30 44 NAVIGATION 0 1 0 0 28 0. 4.4
76.30 44 WP_MOVED 19 558256.875 3395438. 119.
76.44 44 GPS 0 55815347 339508174 0 4627 0 0 234804750 16 0
76.44 44 ESTIMATOR 0. 0. 0. 0. 0.
76.51 44 COMMANDS 171,-15,-66,-1189
76.51 44 NAVIGATION 0 1 0 0 28 0. 4.4
76.51 44 ATTITUDE 0 0 -31
76.51 44 DL_VALUE 21 17250.
76.53 44 FBW_STATUS 0 0 118
76.59 44 DOWNLINK_STATUS 76 27818 1773 0 366. 23.
76.61 44 RAD_OF_IR -20 0 0.00178
76.62 44 GPS 0 55815347 339508174 0 4627 0 0 234804998 16 0
76.71 44 IR_SENSORS -844 -21 1
76.71 44 NAVIGATION 0 1 0 0 28 0. 4.4
76.84 44 WP_MOVED 20 558256.875 3395338. 119.
76.88 44 GYRO_RATES -123 -130 -212 1.073377 -1.134464 -1.850049
76.92 44 GPS 0 55815347 339508174 0 4627 0 0 234805250 16 0
76.92 44 ESTIMATOR 0. 0. 0. 0. 0.
76.92 44 BAT 177 118 0 0 22 1 0
77.01 44 NAVIGATION 0 1 0 0 28 0. 4.4
77.01 44 ATTITUDE 3 0 -32
77.01 44 CALIBRATION 0. 0.023 0.05 0
77.03 44 CALIB_CONTRAST 1069
77.03 44 SERVO 9600 -9600 172
77.11 44 GPS 0 55815347 339508174 0 4627 0 0 234805498 16 0
77.27 44 DESIRED 0. -0.01 0. 0. 109. 0.
77.27 44 IR_DEBUG 593 588 593 588
77.27 44 NAVIGATION 0 1 0 0 28 0. 4.4
77.27 44 WP_MOVED 21 558256.875 3395238. 119.
77.32 44 ESTIMATOR 0. 0. 0. 0. 0.
77.46 44 GPS 0 55815347 339508174 0 4627 0 0 234805750 16 0
77.46 44 COMMANDS 169,-57,-67,-1173
77.46 44 NAVIGATION 0 1 0 0 28 0. 4.4
77.46 44 ATTITUDE 1 0 -29
77.46 44 DL_VALUE 22 14000.
77.50 44 FBW_STATUS 0 0 118
77.50 44 RAD_OF_IR -4 0 0.00178
77.62 44 DOWNLINK_STATUS 77 28236 1800 0 418. 27.
77.68 44 GPS 0 55815347 339508174 0 4627 0 0 234805998 16 0
77.68 44 IR_SENSORS -812 -3 1
77.68 44 NAVIGATION 0 1 0 0 28 0. 4.4
77.75 44 WP_MOVED 22 558256.875 3395138. 119.
77.75 44 GYRO_RATES -176 -182 -262 1.53589 -1.58825 -2.286381
77.97 44 ESTIMATOR 0. 0. 0. 0. 0.
77.97 44 GPS 0 55815347 339508174 0 4627 0 0 234806250 16 0
77.97 44 NAVIGATION 0 1 0 0 28 0. 4.4
77.97 44 ATTITUDE 1 0 -27
77.97 44 CALIB_CONTRAST 1069
78.18 44 DESIRED 0. -0.01 0. 0. 109. 0.
78.18 44 GPS 0 55815347 339508174 0 4627 0 0 234806498 16 0
78.18 44 NAVIGATION 0 1 0 0 28 0. 4.4
78.23 44 WP_MOVED 23 558137.1875 3395065.75 119.
78.27 44 ESTIMATOR 0. 0. 0. 0. 0.
78.47 44 COMMANDS 176,-18,-66,-1176
78.47 44 NAVIGATION 0 1 0 0 28 0. 4.4
78.47 44 ATTITUDE 2 0 -29
78.47 44 DL_VALUE 23 0.
78.47 44 GPS 0 55815347 339508174 0 4627 0 0 234806750 16 0
78.47 44 FBW_STATUS 0 0 118
78.47 44 RAD_OF_IR -8 0 0.00178
78.55 44 IR_SENSORS -811 -9 1
78.57 44 NAVIGATION 0 1 0 0 28 0. 4.4
78.60 44 DOWNLINK_STATUS 78 28623 1824 0 387. 24.
78.67 44 GPS 0 55815347 339508174 0 4627 0 0 234806998 16 0
78.67 44 WP_MOVED 24 558102. 3395038. 0.
78.67 44 GYRO_RATES -177 -180 -263 1.544616 -1.570796 -2.295108
78.89 44 ESTIMATOR 0. 0. 0. 0. 0.
78.89 44 BAT 170 118 0 0 24 1 0
78.89 44 NAVIGATION 0 1 0 0 28 0. 4.4
78.89 44 ATTITUDE 1 0 -28
78.90 44 CALIBRATION 0. 0.023 0.05 0
78.90 44 GPS 0 55815347 339508174 0 4627 0 0 234807250 16 0
78.95 44 CALIB_CONTRAST 1069
78.95 44 SERVO 9600 -9600 202
79.06 44 DESIRED 0. -0.01 0. 0. 109. 0.
79.07 44 IR_DEBUG 570 584 570 584
79.07 44 NAVIGATION 0 1 0 0 28 0. 4.4
79.14 44 GPS 0 55815347 339508174 0 4627 0 0 234807498 16 0
79.14 44 WP_MOVED 0 558144. 3395080. 119.
79.23 44 ESTIMATOR 0. 0. 0. 0. 0.
79.37 44 COMMANDS 167,3,-53,-1184
79.41 44 NAVIGATION 0 1 0 0 28 0. 4.4
79.41 44 ATTITUDE 1 0 -27
79.41 44 DL_VALUE 24 12300.
79.44 44 GPS 0 55815347 339508174 0 4627 0 0 234807750 16 0
79.44 44 FBW_STATUS 0 0 118
79.44 44 RAD_OF_IR -7 0 0.00178
79.46 44 ACTUATORS 1503,1498,0,1214,1439
79.46 44 IR_SENSORS -802 -9 1
79.53 44 NAVIGATION 0 1 0 0 28 0. 4.4
79.60 44 DOWNLINK_STATUS 79 29044 1851 0 421. 27.
79.65 44 WP_MOVED 1 558099.875 3395038. 119.
79.65 44 GYRO_RATES -173 -180 -256 1.50971 -1.570796 -2.234021
79.65 44 GPS 0 55815347 339508174 0 4627 0 0 234807998 16 0
79.67 44 ESTIMATOR 0. 0. 0. 0. 0.
79.78 44 NAVIGATION 0 1 0 0 28 0. 4.4
79.78 44 ATTITUDE 1 0 -27
79.86 44 GPS 0 55815347 339508174 0 4627 0 0 234808250 16 0
79.86 44 CALIB_CONTRAST 1069
79.95 44 DESIRED 0. -0.01 0. 0. 109. 0.
79.97 44 NAVIGATION 0 1 0 0 28 0. 4.4
80.05 44 WP_MOVED 2 557977.5 3395042. 119.
80.05 44 PPRZ_MODE 0 0 3 0 0 17 0
80.19 44 GPS 0 55815347 339508174 0 4627 0 0 234808498 16 0
80.30 44 ESTIMATOR 0. 0. 0. 0. 0.
80.30 44 COMMANDS 169,-14,-63,-1149
80.30 44 NAVIGATION 0 1 0 0 28 0. 4.4
80.30 44 ATTITUDE 1 0 -26
80.30 44 DL_VALUE 25 10600.
80.30 44 FBW_STATUS 0 0 118
80.38 44 RAD_OF_IR -14 0 0.00178
80.38 44 GPS 0 55815347 339508174 0 4627 0 0 234808750 16 0
80.45 44 IR_SENSORS -798 -15 1
80.46 44 NAVIGATION 0 1 0 0 28 0. 4.4
80.58 44 WP_MOVED 3 557795.5 3395102.75 119.
80.58 44 GYRO_RATES -182 -185 -267 1.58825 -1.61443 -2.330014
80.60 44 DOWNLINK_STATUS 80 29449 1876 0 405. 25.
80.67 44 GPS 0 55815347 339508174 0 4627 0 0 234808998 16 0
80.67 44 ESTIMATOR 0. 0. 0. 0. 0.
80.67 44 BAT 180 118 0 0 25 0 0
80.78 44 NAVIGATION 0 1 0 0 28 0. 4.4
80.78 44 ATTITUDE 1 0 -26
80.78 44 CALIBRATION 0. 0.023 0.05 0
80.78 44 CALIB_CONTRAST 1069
80.78 44 SERVO 9600 -9600 176
81.03 44 GPS 0 55815347 339508174 0 4627 0 0 234809250 16 0
81.03 44 DESIRED 0. -0.01 0. 0. 109. 0.
81.03 44 IR_DEBUG 563 577 563 577
81.03 44 NAVIGATION 0 1 0 0 28 0. 4.4
81.03 44 WP_MOVED 4 557843.625 3395191.25 119.
81.12 44 ESTIMATOR 0. 0. 0. 0. 0.
81.12 44 GPS 0 55815347 339508174 0 4627 0 0 234809498 16 0
81.19 44 COMMANDS 169,-18,-75,-1181
81.19 44 NAVIGATION 0 1 0 0 28 0. 4.4
81.19 44 ATTITUDE 1 0 -26
81.19 44 DL_VALUE 26 11950.
81.28 44 FBW_STATUS 0 0 118
81.28 44 RAD_OF_IR -9 0 0.00178
81.43 44 IR_SENSORS -798 -9 1
81.43 44 GPS 0 55815347 339508174 0 4627 0 0 234809750 16 0
81.43 44 NAVIGATION 0 1 0 0 28 0. 4.4
81.50 44 WP_MOVED 5 557925.3125 3395354. 229.
81.50 44 GYRO_RATES -174 -185 -259 1.518436 -1.61443 -2.260201
81.59 44 ESTIMATOR 0. 0. 0. 0. 0.
81.60 44 DOWNLINK_STATUS 81 29879 1903 0 430. 27.
81.71 44 GPS 0 55815347 339508174 0 4627 0 0 234809998 16 0
81.71 44 NAVIGATION 0 1 0 0 28 0. 4.4
81.71 44 ATTITUDE 1 0 -27
81.71 44 CALIB_CONTRAST 1069
81.93 44 DESIRED 0. -0.01 0. 0. 109. 0.
81.96 44 GPS 0 55815347 339508174 0 4627 0 0 234810250 16 0
81.96 44 NAVIGATION 0 1 0 0 28 0. 4.4
81.97 44 WP_MOVED 6 557648.8125 3395447. 229.
82.01 44 ESTIMATOR 0. 0. 0. 0. 0.
82.24 44 COMMANDS 173,23,-61,-1184
82.24 44 NAVIGATION 0 1 0 0 28 0. 4.4
82.24 44 GPS 0 55815347 339508174 0 4627 0 0 234810498 16 0
82.24 44 ATTITUDE 1 0 -27
82.24 44 DL_VALUE 27 8800.
82.24 44 FBW_STATUS 0 0 118
82.24 44 RAD_OF_IR -10 0 0.00178
82.24 44 NAVIGATION_REF 558102 3395038 16
82.31 44 IR_SENSORS -800 -10 1
82.34 44 NAVIGATION 0 1 0 0 28 0. 4.4
82.44 44 GPS 0 55815347 339508174 0 4627 0 0 234810750 16 0
82.44 44 WP_MOVED 7 557713.875 3395562.25 229.
82.45 44 GYRO_RATES -175 -183 -262 1.527163 -1.596976 -2.286381
82.50 44 ESTIMATOR 0. 0. 0. 0. 0.
82.50 44 BAT 171 118 0 0 27 0 0
82.61 44 DOWNLINK_STATUS 82 30265 1927 0 386. 24.
82.64 44 NAVIGATION 0 1 0 0 28 0. 4.4
82.64 44 ATTITUDE 1 0 -27
82.64 44 CALIBRATION 0. 0.023 0.05 0
82.64 44 GPS 0 55815347 339508174 0 4627 0 0 234810998 16 0
82.71 44 CALIB_CONTRAST 1069
82.71 44 SERVO 9600 -9600 168
82.83 44 DESIRED 0. -0.01 0. 0. 109. 0.
82.86 44 IR_DEBUG 565 577 565 577
82.86 44 NAVIGATION 0 1 0 0 28 0. 4.4
82.89 44 GPS 0 55815347 339508174 0 4627 0 0 234811250 16 0
82.89 44 WP_MOVED 8 558003.1875 3395761.75 229.
82.98 44 ESTIMATOR 0. 0. 0. 0. 0.
83.16 44 COMMANDS 166,-15,-75,-1183
83.16 44 NAVIGATION 0 1 0 0 28 0. 4.4
83.16 44 ATTITUDE 1 0 -26
83.16 44 DL_VALUE 28 0.228
83.16 44 GPS 0 55815347 339508174 0 4627 0 0 234811498 16 0
83.16 44 FBW_STATUS 0 0 118
83.21 44 RAD_OF_IR -10 0 0.00178
83.21 44 IR_SENSORS -798 -10 1
83.31 44 NAVIGATION 0 1 0 0 28 0. 4.4
83.56 44 WP_MOVED 9 558151.375 3395696.75 229.
83.56 44 GYRO_RATES -169 -179 -257 1.474803 -1.56207 -2.242748
83.56 44 GPS 0 55815347 339508174 0 4627 0 0 234811750 16 0
83.56 44 ESTIMATOR 0. 0. 0. 0. 0.
83.61 44 NAVIGATION 0 1 0 0 28 0. 4.4
83.61 44 ATTITUDE 1 0 -26
83.61 44 DOWNLINK_STATUS 83 30685 1954 0 420. 27.
83.63 44 GPS 0 55815347 339508174 0 4627 0 0 234811998 16 0
83.63 44 CALIB_CONTRAST 1069
83.74 44 DESIRED 0. -0.01 0. 0. 109. 0.
83.76 44 NAVIGATION 0 1 0 0 28 0. 4.4
83.82 44 WP_MOVED 10 558094.1875 3395598. 229.
83.94 44 GPS 0 55815347 339508174 0 4627 0 0 234812250 16 0
84.03 44 ESTIMATOR 0. 0. 0. 0. 0.
84.04 44 COMMANDS 172,-20,-61,-1189
84.04 44 NAVIGATION 0 1 0 0 28 0. 4.4
84.04 44 ATTITUDE 1 0 -27
84.04 44 DL_VALUE 29 0.42
84.04 44 FBW_STATUS 0 0 118
84.12 44 RAD_OF_IR -11 0 0.00178
84.12 44 GPS 0 55815347 339508174 0 4627 0 0 234812498 16 0
84.21 44 ACTUATORS 1505,1497,0,1213,1438
84.21 44 IR_SENSORS -799 -11 1
84.22 44 NAVIGATION 0 1 0 0 28 0. 4.4
84.34 44 WP_MOVED 11 558150.3125 3395567. 119.
84.38 44 GYRO_RATES -176 -183 -264 1.53589 -1.596976 -2.303835
84.55 44 ESTIMATOR 0. 0. 0. 0. 0.
84.55 44 BAT 169 118 0 0 29 0 0
84.55 44 GPS 0 55815347 339508174 0 4627 0 0 234812750 16 0
84.55 44 NAVIGATION 0 1 0 0 28 0. 4.4
84.55 44 ATTITUDE 1 0 -26
84.55 44 CALIBRATION 0. 0.023 0.05 0
84.55 44 CALIB_CONTRAST 1069
84.55 44 SERVO 9600 -9600 171
84.61 44 DOWNLINK_STATUS 84 31100 1981 0 415. 27.
84.80 44 GPS 0 55815347 339508174 0 4627 0 0 234812998 16 0
84.80 44 DESIRED 0. -0.01 0. 0. 109. 0.
84.80 44 IR_DEBUG 566 573 566 573
84.80 44 NAVIGATION 0 1 0 0 28 0. 4.4
84.80 44 WP_MOVED 12 557820.5 3395444. 180.
84.80 44 PPRZ_MODE 0 0 3 0 0 17 0
84.87 44 ESTIMATOR 0. 0. 0. 0. 0.
84.87 44 GPS 0 55815347 339508174 0 4627 0 0 234813250 16 0
84.94 44 COMMANDS 174,-15,-67,-1183
84.95 44 NAVIGATION 0 1 0 0 28 0. 4.4
84.95 44 ATTITUDE 3 0 -25
84.95 44 DL_VALUE 30 0.
85.15 44 FBW_STATUS 0 0 118
85.19 44 RAD_OF_IR -7 0 0.00178
85.19 44 GPS 0 55815347 339508174 0 4627 0 0 234813498 16 0
85.19 44 IR_SENSORS -795 -9 1
85.19 44 NAVIGATION 0 1 0 0 28 0. 4.4
85.24 44 WP_MOVED 13 558004.8125 3395690. 140.
85.24 44 GYRO_RATES -178 -188 -263 1.553343 -1.64061 -2.295108
85.33 44 ESTIMATOR 0. 0. 0. 0. 0.
85.45 44 GPS 0 55815347 339508174 0 4627 0 0 234813750 16 0
85.45 44 NAVIGATION 0 1 0 0 28 0. 4.4
85.45 44 ATTITUDE 2 0 -26
85.45 44 CALIB_CONTRAST 1069
85.61 44 DOWNLINK_STATUS 85 31480 2005 0 380. 24.
85.68 44 DESIRED 0. -0.01 0. 0. 109. 0.
85.68 44 GPS 0 55815347 339508174 0 4627 0 0 234813998 16 0
85.68 44 NAVIGATION 0 1 0 0 28 0. 4.4
85.73 44 WP_MOVED 14 558084.8125 3395110.25 119.
85.80 44 ESTIMATOR 0. 0. 0. 0. 0.
85.97 44 COMMANDS 169,-20,-74,-1186
85.97 44 NAVIGATION 0 1 0 0 28 0. 4.4
85.97 44 GPS 0 55815347 339508174 0 4627 0 0 234814250 16 0
85.97 44 ATTITUDE 5 0 -28
85.97 44 DL_VALUE 31 0.023
85.97 44 FBW_STATUS 0 0 118
85.97 44 RAD_OF_IR 18 0 0.00178
86.05 44 IR_SENSORS -807 28 1
86.07 44 NAVIGATION 0 1 0 0 28 0. 4.4
86.17 44 GPS 0 55815347 339508174 0 4627 0 0 234814498 16 0
86.17 44 WP_MOVED 15 557962.375 3395214. 119.
86.17 44 GYRO_RATES -158 -166 -245 1.37881 -1.448623 -2.138028
86.27 44 ESTIMATOR 0. 0. 0. 0. 0.
86.27 44 BAT 169 118 0 0 31 0 0
86.35 44 NAVIGATION 0 1 0 0 28 0. 4.4
86.35 44 ATTITUDE 6 0 -29
86.35 44 CALIBRATION 0. 0.023 0.05 0
86.46 44 GPS 0 55815347 339508174 0 4627 0 0 234814750 16 0
86.46 44 CALIB_CONTRAST 1069
86.46 44 SERVO 9600 -9600 166
86.57 44 DESIRED 0. -0.01 0. 0. 109. 0.
86.57 44 IR_DEBUG 608 571 608 571
86.57 44 NAVIGATION 0 1 0 0 28 0. 4.4
86.61 44 DOWNLINK_STATUS 86 31932 2033 0 452. 28.
86.64 44 GPS 0 55815347 339508174 0 4627 0 0 234814998 16 0
86.64 44 WP_MOVED 16 558256.875 3395029.25 119.
86.73 44 ESTIMATOR 0. 0. 0. 0. 0.
86.93 44 COMMANDS 188,-10,-26,-1184
86.97 44 NAVIGATION 0 1 0 0 28 0. 4.4
86.97 44 ATTITUDE 6 0 -30
86.97 44 DL_VALUE 32 0.001
86.97 44 GPS 0 55815347 339508174 0 4627 0 0 234815250 16 0
86.97 44 FBW_STATUS 0 0 118
86.97 44 RAD_OF_IR 23 0 0.00178
86.97 44 IR_SENSORS -823 22 1
87.00 44 NAVIGATION 0 1 0 0 28 0. 4.4
87.19 44 WP_MOVED 17 558256.875 3395638. 119.
87.19 44 GYRO_RATES -169 -175 -249 1.474803 -1.527163 -2.172935
87.19 44 GPS 0 55815347 339508174 0 4627 0 0 234815498 16 0
87.20 44 ESTIMATOR 0. 0. 0. 0. 0.
87.31 44 NAVIGATION 0 1 0 0 28 0. 4.4
87.31 44 ATTITUDE 6 0 -30
87.38 44 CALIB_CONTRAST 1069
87.38 44 GPS 0 55815347 339508174 0 4627 0 0 234815750 16 0
87.49 44 DESIRED 0. -0.01 0. 0. 109. 0.
87.49 44 NAVIGATION 0 1 0 0 28 0. 4.4
87.61 44 DOWNLINK_STATUS 87 32293 2055 0 361. 22.
87.62 44 WP_MOVED 18 558256.875 3395538. 119.
87.62 44 GPS 0 55815347 339508174 0 4627 0 0 234815998 16 0
87.70 44 ESTIMATOR 0. 0. 0. 0. 0.
87.82 44 COMMANDS 171,-14,-67,-1189
87.82 44 NAVIGATION 0 1 0 0 28 0. 4.4
87.82 44 ATTITUDE 5 0 -28
87.82 44 DL_VALUE 33 0.01
87.82 44 FBW_STATUS 0 0 118
87.82 44 RAD_OF_IR 18 0 0.00178
87.90 44 GPS 0 55815347 339508174 0 4627 0 0 234816250 16 0
87.91 44 IR_SENSORS -810 19 1
87.97 44 NAVIGATION 0 1 0 0 28 0. 4.4
88.11 44 WP_MOVED 19 558256.875 3395438. 119.
88.11 44 GYRO_RATES -170 -178 -256 1.48353 -1.553343 -2.234021
88.32 44 GPS 0 55815347 339508174 0 4627 0 0 234816498 16 0
88.34 44 ESTIMATOR 0. 0. 0. 0. 0.
88.34 44 BAT 170 118 0 0 33 0 0
88.34 44 NAVIGATION 0 1 0 0 28 0. 4.4
88.34 44 ATTITUDE 5 0 -28
88.34 44 CALIBRATION 0. 0.023 0.05 0
88.34 44 CALIB_CONTRAST 1069
88.34 44 SERVO 9600 -9600 192
88.61 44 DOWNLINK_STATUS 88 32620 2077 0 327. 22.
89.61 44 DOWNLINK_STATUS 89 32620 2077 0 0. 0.
89.92 44 ATTITUDE 5 0 -28
89.92 44 DL_VALUE 35 0.
89.92 44 FBW_STATUS 0 0 118
89.92 44 RAD_OF_IR 14 0 0.00178
90.02 44 IR_SENSORS -806 12 1
90.02 44 NAVIGATION 0 1 0 0 28 0. 4.4
90.02 44 GPS 0 55815347 339508174 0 4627 0 0 234818250 16 0
90.02 44 WP_MOVED 23 558137.1875 3395065.75 119.
90.02 44 GYRO_RATES -173 -178 -259 1.50971 -1.553343 -2.260201
90.03 44 ESTIMATOR 0. 0. 0. 0. 0.
90.03 44 BAT 173 118 0 0 35 0 0
90.36 44 NAVIGATION 0 1 0 0 28 0. 4.4
90.36 44 ATTITUDE 4 0 -27
90.36 44 CALIBRATION 0. 0.023 0.05 0
90.36 44 GPS 0 55815347 339508174 0 4627 0 0 234818498 16 0
90.45 44 CALIB_CONTRAST 1069
90.46 44 SERVO 9600 -9600 180
90.46 44 DESIRED 0. -0.01 0. 0. 109. 0.
90.46 44 IR_DEBUG 581 565 581 565
90.46 44 NAVIGATION 0 1 0 0 28 0. 4.4
90.46 44 WP_MOVED 24 558102. 3395038. 0.
90.46 44 GPS 0 55815347 339508174 0 4627 0 0 234818750 16 0
90.46 44 ESTIMATOR 0. 0. 0. 0. 0.
90.61 44 DOWNLINK_STATUS 90 32972 2100 0 352. 23.
90.81 44 COMMANDS 185,-18,-48,-1220
90.81 44 NAVIGATION 0 1 0 0 28 0. 4.4
90.81 44 ATTITUDE 4 0 -27
90.81 44 DL_VALUE 36 0.
90.88 44 GPS 0 55815347 339508174 0 4627 0 0 234818998 16 0
90.88 44 FBW_STATUS 0 0 118
90.88 44 RAD_OF_IR 7 0 0.00178
90.88 44 NAVIGATION_REF 558102 3395038 16
90.88 44 IR_SENSORS -801 7 1
90.88 44 NAVIGATION 0 1 0 0 28 0. 4.4
90.90 44 WP_MOVED 0 558144. 3395080. 119.
90.90 44 GYRO_RATES -172 -179 -256 1.500983 -1.56207 -2.234021
90.90 44 GPS 0 55815347 339508174 0 4627 0 0 234819250 16 0
91.18 44 ESTIMATOR 0. 0. 0. 0. 0.
91.30 44 NAVIGATION 0 1 0 0 28 0. 4.4
91.30 44 ATTITUDE 4 0 -27
91.30 44 GPS 0 55815347 339508174 0 4627 0 0 234819498 16 0
91.31 44 CALIB_CONTRAST 1069
91.31 44 DESIRED 0. -0.01 0. 0. 109. 0.
91.31 44 NAVIGATION 0 1 0 0 28 0. 4.4
91.31 44 WP_MOVED 1 558099.875 3395038. 119.
91.61 44 DOWNLINK_STATUS 91 33295 2121 0 323. 21.
91.65 44 GPS 0 55815347 339508174 0 4627 0 0 234819750 16 0
91.65 44 ESTIMATOR 0. 0. 0. 0. 0.
91.74 44 COMMANDS 164,-14,-80,-1184
91.74 44 NAVIGATION 0 1 0 0 28 0. 4.4
91.74 44 ATTITUDE 3 0 -27
91.74 44 DL_VALUE 37 0.1
91.74 44 FBW_STATUS 0 0 118
91.74 44 RAD_OF_IR 5 0 0.00178
91.74 44 GPS 0 55815347 339508174 0 4627 0 0 234819998 16 0
91.74 44 IR_SENSORS -803 5 1
91.74 44 NAVIGATION 0 1 0 0 28 0. 4.4
92.14 44 WP_MOVED 2 557977.5 3395042. 119.
92.18 44 GYRO_RATES -178 -185 -268 1.553343 -1.61443 -2.338741
92.57 44 GPS 0 55815347 339508174 0 4627 0 0 234820750 16 0
92.58 44 COMMANDS 168,-28,-80,-1183
92.58 44 NAVIGATION 0 1 0 0 28 0. 4.4
92.58 44 ATTITUDE 3 0 -28
92.58 44 DL_VALUE 38 0.
92.58 44 FBW_STATUS 0 0 118
92.58 44 RAD_OF_IR 6 0 0.00178
92.58 44 CALIB_CONTRAST 1069
92.61 44 DOWNLINK_STATUS 92 33581 2142 0 286. 21.
92.97 44 IR_SENSORS -807 7 1
92.97 44 NAVIGATION 0 1 0 0 28 0. 4.4
92.97 44 WP_MOVED 4 557843.625 3395191.25 119.
92.97 44 GYRO_RATES -179 -186 -264 1.56207 -1.623156 -2.303835
92.98 44 ESTIMATOR 0. 0. 0. 0. 0.
93.34 44 NAVIGATION 0 1 0 0 28 0. 4.4
93.34 44 ATTITUDE 4 0 -28
93.61 44 DOWNLINK_STATUS 93 33690 2149 0 109. 7.
93.79 44 GPS 0 55815347 339508174 0 4627 0 0 234821998 16 0
93.80 44 WP_MOVED 6 557648.8125 3395447. 229.
93.80 44 GYRO_RATES -187 -192 -275 1.631883 -1.675516 -2.399828
93.80 44 ESTIMATOR 0. 0. 0. 0. 0.
93.80 44 BAT 182 118 0 0 39 0 0
94.18 44 ATTITUDE 4 0 -28
94.18 44 CALIBRATION 0. 0.023 0.05 0
94.18 44 GPS 0 55815347 339508174 0 4627 0 0 234822250 16 0
94.18 44 CALIB_CONTRAST 1069
94.18 44 SERVO 9600 -9600 172
94.18 44 DESIRED 0. -0.01 0. 0. 109. 0.
94.18 44 IR_DEBUG 584 568 584 568
94.55 44 GPS 0 55815347 339508174 0 4627 0 0 234822498 16 0
94.56 44 WP_MOVED 7 557713.875 3395562.25 229.
94.56 44 PPRZ_MODE 0 0 3 0 0 1 0
94.61 44 DOWNLINK_STATUS 94 33937 2164 0 247. 15.
94.98 44 ATTITUDE 4 0 -27
94.98 44 CALIB_CONTRAST 1069
94.98 44 GPS 0 55815347 339508174 0 4627 0 0 234823250 16 0
94.98 44 FBW_STATUS 0 0 118
94.98 44 RAD_OF_IR 8 0 0.00178
95.38 44 ESTIMATOR 0. 0. 0. 0. 0.
95.38 44 COMMANDS 167,-14,-77,-1186
95.38 44 NAVIGATION 0 1 0 0 28 0. 4.4
95.38 44 ATTITUDE 6 0 -26
95.38 44 DL_VALUE 41 0.
95.38 44 FBW_STATUS 0 0 118
95.38 44 RAD_OF_IR 22 0 0.00178
95.61 44 DOWNLINK_STATUS 95 34072 2176 0 135. 12.
95.73 44 IR_SENSORS -792 22 1
96.19 44 NAVIGATION 0 1 0 0 28 0. 4.4
96.24 44 WP_MOVED 11 558150.3125 3395567. 119.
96.24 44 ESTIMATOR 0. 0. 0. 0. 0.
96.24 44 GPS 0 55815347 339508174 0 4627 0 0 234824498 16 0
96.24 44 COMMANDS 174,-28,-67,-1183
96.58 44 DL_VALUE 0 109.
96.62 44 FBW_STATUS 0 0 118
96.62 44 RAD_OF_IR 53 0 0.00178
96.62 44 IR_SENSORS -808 49 1
96.62 44 GPS 0 55815347 339508174 0 4627 0 0 234824750 16 0
96.62 44 NAVIGATION 0 1 0 0 28 0. 4.4
96.62 44 WP_MOVED 12 557820.5 3395444. 180.
96.62 44 DOWNLINK_STATUS 96 34263 2189 0 191. 13.
96.94 44 ESTIMATOR 0. 0. 0. 0. 0.
97.38 44 FBW_STATUS 0 0 118
97.38 44 RAD_OF_IR 59 0 0.00178
97.38 44 IR_SENSORS -826 59 1
97.38 44 NAVIGATION 0 1 0 0 28 0. 4.4
97.38 44 DESIRED 0. -0.01 0. 0. 109. 0.
97.38 44 GPS 0 55815347 339508174 0 4627 0 0 234825250 16 0
97.61 44 DOWNLINK_STATUS 97 34379 2196 0 116. 7.
97.78 44 BAT 169 118 0 0 43 0 0
97.78 44 NAVIGATION 0 1 0 0 28 0. 4.4
97.78 44 ATTITUDE 12 0 -31
97.78 44 CALIBRATION 0. 0.023 0.05 0
97.78 44 GPS 0 55815347 339508174 0 4627 0 0 234825998 16 0
97.78 44 CALIB_CONTRAST 1069
98.15 44 DESIRED 0. -0.01 0. 0. 109. 0.
98.15 44 IR_DEBUG 635 551 635 551
98.15 44 NAVIGATION 0 1 0 0 28 0. 4.4
98.58 44 ESTIMATOR 0. 0. 0. 0. 0.
98.58 44 NAVIGATION 0 1 0 0 28 0. 4.4
98.58 44 ATTITUDE 18 0 -27
98.58 44 NAVIGATION 0 1 0 0 28 0. 4.4
98.58 44 ATTITUDE 12 0 -31
98.58 44 DL_VALUE 2 0.
98.61 44 DOWNLINK_STATUS 98 34600 2211 0 221. 15.
98.98 44 NAVIGATION 0 1 0 0 28 0. 4.4
98.98 44 WP_MOVED 17 558256.875 3395638. 119.
98.98 44 PPRZ_MODE 0 0 3 0 0 1 0
98.98 44 GPS 0 55815347 339508174 0 4627 0 0 234827250 16 0
98.98 44 ESTIMATOR 0. 0. 0. 0. 0.
99.34 44 NAVIGATION 0 1 0 0 28 0. 4.4
99.34 44 ATTITUDE 18 0 -34
99.34 44 DL_VALUE 3 0.
99.61 44 DOWNLINK_STATUS 99 34724 2219 0 124. 8.
99.78 44 GPS 0 55815347 339508174 0 4627 0 0 234827998 16 0
99.78 44 DESIRED 0. -0.01 0. 0. 109. 0.
99.78 44 IR_DEBUG 672 588 672 588
99.78 44 NAVIGATION 0 1 0 0 28 0. 4.4
99.78 44 WP_MOVED 19 558256.875 3395438. 119.
100.18 44 GPS 0 55815347 339508174 0 4627 0 0 234828250 16 0
100.18 44 COMMANDS 176,-15,-67,-1171
100.18 44 NAVIGATION 0 1 0 0 28 0. 4.4
100.18 44 ATTITUDE 10 0 -38
100.18 44 DL_VALUE 4 0.
100.18 44 FBW_STATUS 0 0 118
100.18 44 RAD_OF_IR 41 0 0.00178
100.55 44 IR_SENSORS -869 40 1
100.55 44 NAVIGATION 0 1 0 0 28 0. 4.4
100.61 44 DOWNLINK_STATUS 100 34932 2233 0 208. 14.
100.99 44 NAVIGATION 0 1 0 0 28 0. 4.4
100.99 44 GPS 0 55815347 339508174 0 4627 0 0 234829250 16 0
100.99 44 ATTITUDE 13 0 -48
100.99 44 DL_VALUE 5 0.
100.99 44 FBW_STATUS 0 0 118
100.99 44 RAD_OF_IR 72 0 0.00178
100.99 44 NAVIGATION 0 1 0 0 28 0. 4.4
100.99 44 ATTITUDE 14 0 -47
100.99 44 CALIB_CONTRAST 1069
101.39 44 WP_MOVED 22 558256.875 3395138. 119.
101.39 44 GYRO_RATES -90 -98 -176 0.785398 -0.855211 -1.53589
101.39 44 ESTIMATOR 0. 0. 0. 0. 0.
101.39 44 BAT 163 118 0 0 47 0 0
101.39 44 NAVIGATION 0 1 0 0 28 0. 4.4
101.61 44 DOWNLINK_STATUS 101 35126 2247 0 194. 14.
101.76 44 CALIBRATION 0. 0.023 0.05 0
101.76 44 GPS 0 55815347 339508174 0 4627 0 0 234829750 16 0
101.76 44 CALIB_CONTRAST 1069
101.76 44 SERVO 9600 -9600 184
102.19 44 WP_MOVED 24 558102. 3395038. 0.
102.22 44 GYRO_RATES -60 -70 -148 0.523599 -0.610865 -1.291544
102.23 44 GPS 0 55815347 339508174 0 4627 0 0 234830499 16 0
102.23 44 WP_MOVED 23 558137.1875 3395065.75 119.
102.59 44 GPS 0 55815347 339508174 0 4627 0 0 234830751 16 0
102.62 44 DESIRED 0. -0.01 0. 0. 109. 0.
102.63 44 NAVIGATION 0 1 0 0 28 0. 4.4
102.63 44 WP_MOVED 0 558144. 3395080. 119.
102.63 44 IR_SENSORS -876 44 1
102.63 44 DOWNLINK_STATUS 102 35351 2260 0 225. 13.
102.99 44 COMMANDS 171,1,-69,-1173
102.99 44 NAVIGATION 0 1 0 0 28 0. 4.4
102.99 44 ATTITUDE 8 0 -33
102.99 44 DL_VALUE 7 0.
102.99 44 FBW_STATUS 0 0 118
102.99 44 RAD_OF_IR 37 0 0.00178
102.99 44 GPS 0 55815347 339508174 0 4627 0 0 234831251 16 0
103.35 44 IR_SENSORS -838 36 1
103.35 44 NAVIGATION 0 1 0 0 28 0. 4.4
103.61 44 DOWNLINK_STATUS 103 35463 2269 0 112. 9.
103.79 44 ESTIMATOR 0. 0. 0. 0. 0.
103.79 44 GPS 0 55815347 339508174 0 4627 0 0 234831999 16 0
103.79 44 COMMANDS 172,-14,-74,-1194
103.79 44 NAVIGATION 0 1 0 0 28 0. 4.4
103.79 44 ATTITUDE 7 0 -33
104.14 44 DL_VALUE 8 -2.
104.14 44 FBW_STATUS 0 0 118
104.14 44 RAD_OF_IR 29 0 0.00178
