65.49 21 ESTIMATOR 709.638977 -0.031968 963.900024 -3.196831 949.859863
65.55 21 DL_VALUE 15 0.75
65.61 21 NAVIGATION 0 0 0 0 286 0. 570986.7
65.66 21 WP_MOVED 2 358071. 4822161. 0.
65.83 21 COMMANDS 0,-9600,9600,-9600,0
65.87 21 NAVIGATION 0 0 0 0 286 0. 570986.7
65.89 21 ATTITUDE 0 0 0
65.92 21 GYRO_RATES -153 -179 -148 1.335177 -1.56207 1.291544
65.96 21 FBW_STATUS 2 1 126
65.97 21 ESTIMATOR 709.612 -0.024947 961.200012 -2.494698 949.049744
66.08 21 NAVIGATION 0 0 0 0 286 0. 570986.7
66.13 21 WP_MOVED 0 358113. 4822203. 702.
66.15 21 DOWNLINK_STATUS 65 1263 83 0 265. 18.
66.25 21 DESIRED 0. 0. 0. 0. 700. -2.
66.31 21 NAVIGATION 0 0 0 0 286 0. 570986.7
66.33 21 ATTITUDE 0 0 0
66.43 21 ESTIMATOR 709.557983 -0.023086 955.799988 -2.308617 949.409851
66.49 21 DL_VALUE 16 25000.
66.55 21 NAVIGATION 0 0 0 0 286 0. 570986.7
66.60 21 WP_MOVED 1 358824.90625 4822110. 702.
66.77 21 COMMANDS 0,-9600,9600,-9600,0
66.81 21 NAVIGATION 0 0 0 0 286 0. 570986.7
66.82 21 ATTITUDE 0 0 0
66.86 21 GYRO_RATES -162 -187 -158 1.413717 -1.631883 1.37881
66.87 21 FBW_STATUS 2 1 126
66.90 21 ESTIMATOR 709.504028 -0.109753 950.400024 -10.975342 949.049805
66.93 21 BAT 0 126 0 0 61 61 0
66.97 21 CALIBRATION -9.49 0.037 0.5 2
67.02 21 NAVIGATION 0 0 0 0 286 0. 570986.7
67.07 21 WP_MOVED 2 358071. 4822161. 0.
67.09 21 SERVO 9600 -9600 0
67.15 21 DOWNLINK_STATUS 66 1533 101 0 270. 18.
67.19 21 DESIRED 0. 0. 0. 0. 700. -2.
67.25 21 NAVIGATION 0 0 0 0 286 0. 570986.7
67.27 21 ATTITUDE 0 0 0
67.37 21 ESTIMATOR 709.395996 0.020468 939.600037 2.046776 948.68988
67.43 21 DL_VALUE 17 25000.
67.49 21 NAVIGATION 0 0 0 0 286 0. 570986.7
67.54 21 WP_MOVED 0 358113. 4822203. 702.
67.71 21 COMMANDS 0,-9600,9600,-9600,0
67.75 21 NAVIGATION 0 0 0 0 286 0. 570986.7
67.76 21 ATTITUDE 0 0 0
67.80 21 GYRO_RATES -172 -197 -167 1.500983 -1.719149 1.45735
67.80 21 FBW_STATUS 2 1 126
67.84 21 ESTIMATOR 709.34198 0.068444 934.200012 6.844406 949.769958
67.95 21 NAVIGATION 0 0 0 0 286 0. 570986.7
68.01 21 WP_MOVED 1 358824.90625 4822110. 702.
68.13 21 DESIRED 0. 0. 0. 0. 700. -2.
68.15 21 DOWNLINK_STATUS 67 1792 117 0 259. 16.
68.19 21 NAVIGATION 0 0 0 0 286 0. 570986.7
68.20 21 ATTITUDE 0 0 0
68.31 21 ESTIMATOR 709.395996 0.013445 939.600037 1.344528 950.039917
68.36 21 DL_VALUE 18 0.75
68.43 21 NAVIGATION 0 0 0 0 286 0. 570986.7
68.47 21 WP_MOVED 2 358071. 4822161. 0.
68.50 21 NAVIGATION_REF 358071 4822161 31
68.65 21 COMMANDS 0,-9600,9600,-9600,0
68.68 21 NAVIGATION 0 0 0 0 286 0. 570986.7
68.71 21 ATTITUDE 0 0 0
68.73 21 GYRO_RATES -165 -189 -159 1.439897 -1.649336 1.387537
68.74 21 FBW_STATUS 2 1 127
68.78 21 ESTIMATOR 709.409485 0.131841 940.950012 13.184128 950.039917
68.81 21 BAT 0 126 0 0 63 63 0
68.85 21 CALIBRATION -9.495 0.037 0.5 2
68.89 21 NAVIGATION 0 0 0 0 286 0. 570986.7
68.95 21 WP_MOVED 0 358113. 4822203. 702.
68.98 21 SERVO 9600 -9600 0
69.07 21 DESIRED 0. 0. 0. 0. 700. -2.
69.13 21 NAVIGATION 0 0 0 0 286 0. 570986.7
69.14 21 ATTITUDE 0 0 0
69.15 21 DOWNLINK_STATUS 68 2099 138 0 307. 21.
69.25 21 ESTIMATOR 709.585022 0.047868 958.5 4.786758 951.119873
69.30 21 DL_VALUE 19 13000.
69.36 21 NAVIGATION 0 0 0 0 286 0. 570986.7
69.41 21 WP_MOVED 1 358824.90625 4822110. 702.
69.59 21 COMMANDS 0,-9600,9600,-9600,0
69.62 21 NAVIGATION 0 0 0 0 286 0. 570986.7
69.64 21 ATTITUDE 0 0 0
69.67 21 GYRO_RATES -152 -178 -147 1.32645 -1.553343 1.282817
69.68 21 FBW_STATUS 2 1 126
69.72 21 ESTIMATOR 709.625488 -0.081972 962.549988 -8.197174 950.039856
69.77 21 ACTUATORS 1500,2000,0,1200,1000,1530
69.83 21 NAVIGATION 0 0 0 0 286 0. 570986.7
69.88 21 WP_MOVED 2 358071. 4822161. 0.
70.01 21 DESIRED 0. 0. 0. 0. 700. -2.
70.07 21 NAVIGATION 0 0 0 0 286 0. 570986.7
70.08 21 ATTITUDE 0 0 0
70.10 21 PPRZ_MODE 2 3 1 0 0 6 0
70.15 21 DOWNLINK_STATUS 69 2356 155 0 257. 17.
70.18 21 ESTIMATOR 709.612 -0.050005 961.200012 -5.000534 947.609863
70.24 21 DL_VALUE 20 13000.
70.30 21 NAVIGATION 0 0 0 0 286 0. 570986.7
70.35 21 WP_MOVED 0 358113. 4822203. 702.
70.54 21 COMMANDS 0,-9600,9600,-9600,0
70.56 21 NAVIGATION 0 0 0 0 286 0. 570986.7
70.58 21 ATTITUDE 0 0 0
70.61 21 GYRO_RATES -158 -185 -154 1.37881 -1.61443 1.343904
70.62 21 FBW_STATUS 2 1 126
70.65 21 ESTIMATOR 709.598511 -0.06048 959.850037 -6.048012 949.409912
70.68 21 BAT 0 127 0 0 65 65 0
70.73 21 CALIBRATION -9.486 0.037 0.5 2
70.77 21 NAVIGATION 0 0 0 0 286 0. 570986.7
70.82 21 WP_MOVED 1 358824.90625 4822110. 702.
70.84 21 SERVO 9600 -9600 0
70.96 21 DESIRED 0. 0. 0. 0. 700. -2.
71.00 21 NAVIGATION 0 0 0 0 286 0. 570986.7
71.02 21 ATTITUDE 0 0 0
71.12 21 ESTIMATOR 709.463501 -0.09998 946.350037 -9.997978 949.409973
71.15 21 DOWNLINK_STATUS 70 2648 174 0 292. 19.
71.18 21 DL_VALUE 21 0.75
71.24 21 NAVIGATION 0 0 0 0 286 0. 570986.7
71.29 21 WP_MOVED 2 358071. 4822161. 0.
71.47 21 COMMANDS 0,-9600,9600,-9600,0
71.50 21 NAVIGATION 0 0 0 0 286 0. 570986.7
71.52 21 ATTITUDE 0 0 0
71.55 21 GYRO_RATES -170 -195 -166 1.48353 -1.701696 1.448623
71.56 21 FBW_STATUS 2 1 126
71.59 21 ESTIMATOR 709.34198 0.041578 934.200012 4.157791 948.78009
71.71 21 NAVIGATION 0 0 0 0 286 0. 570986.7
71.76 21 WP_MOVED 0 358113. 4822203. 702.
71.88 21 DESIRED 0. 0. 0. 0. 700. -2.
71.95 21 NAVIGATION 0 0 0 0 286 0. 570986.7
71.99 21 ATTITUDE 0 0 0
72.06 21 ESTIMATOR 709.382507 0.063504 938.25 6.350365 949.949951
72.11 21 DL_VALUE 22 18000.
72.15 21 DOWNLINK_STATUS 71 2888 190 0 240. 16.
72.17 21 NAVIGATION 0 0 0 0 286 0. 570986.7
72.23 21 WP_MOVED 1 358824.90625 4822110. 702.
72.40 21 COMMANDS 0,-9600,9600,-9600,0
72.43 21 NAVIGATION 0 0 0 0 286 0. 570986.7
72.46 21 ATTITUDE 0 0 0
72.50 21 GYRO_RATES -166 -191 -162 1.448623 -1.666789 1.413717
72.50 21 FBW_STATUS 2 1 127
72.53 21 ESTIMATOR 709.436523 0.028782 943.650024 2.878151 950.759888
72.55 21 BAT 0 127 0 0 66 66 0
72.60 21 CALIBRATION -9.506 0.037 0.5 2
72.64 21 NAVIGATION 0 0 0 0 286 0. 570986.7
72.69 21 WP_MOVED 2 358071. 4822161. 0.
72.71 21 SERVO 9600 -9600 0
72.81 21 DESIRED 0. 0. 0. 0. 700. -2.
72.88 21 NAVIGATION 0 0 0 0 286 0. 570986.7
72.89 21 ATTITUDE 0 0 0
72.99 21 ESTIMATOR 709.47699 0.106731 947.700012 10.673065 950.039856
73.05 21 DL_VALUE 23 18000.
73.11 21 NAVIGATION 0 0 0 0 286 0. 570986.7
73.15 21 DOWNLINK_STATUS 72 3176 209 0 288. 19.
73.16 21 WP_MOVED 0 358113. 4822203. 702.
73.33 21 COMMANDS 0,-9600,9600,-9600,0
73.37 21 NAVIGATION 0 0 0 0 286 0. 570986.7
73.39 21 ATTITUDE 0 0 0
73.42 21 GYRO_RATES -156 -182 -150 1.361357 -1.58825 1.308997
73.45 21 FBW_STATUS 2 1 126
73.49 21 ESTIMATOR 709.598511 -0.029107 959.850037 -2.910728 948.9599
73.58 21 NAVIGATION 0 0 0 0 286 0. 570986.7
73.63 21 WP_MOVED 1 358824.90625 4822110. 702.
73.75 21 DESIRED 0. 0. 0. 0. 700. -2.
73.81 21 NAVIGATION 0 0 0 0 286 0. 570986.7
73.83 21 ATTITUDE 0 0 0
73.93 21 ESTIMATOR 709.585022 -0.002834 958.5 -0.283394 948.509888
74.00 21 DL_VALUE 24 0.3
74.05 21 NAVIGATION 0 0 0 0 286 0. 570986.7
74.10 21 WP_MOVED 2 358071. 4822161. 0.
74.15 21 DOWNLINK_STATUS 73 3424 225 0 248. 16.
74.27 21 COMMANDS 0,-9600,9600,-9600,0
74.31 21 NAVIGATION 0 0 0 0 286 0. 570986.7
74.32 21 ATTITUDE 0 0 0
74.36 21 GYRO_RATES -160 -185 -154 1.396263 -1.61443 1.343904
74.37 21 FBW_STATUS 2 1 127
74.40 21 ESTIMATOR 709.598511 -0.073225 959.850037 -7.322502 947.699829
74.43 21 BAT 0 127 0 0 68 68 0
74.46 21 ACTUATORS 1500,2000,0,1200,1000,1530
74.50 21 CALIBRATION -9.488 0.037 0.5 2
74.52 21 NAVIGATION 0 0 0 0 286 0. 570986.7
74.57 21 WP_MOVED 0 358113. 4822203. 702.
74.59 21 SERVO 9600 -9600 0
74.69 21 DESIRED 0. 0. 0. 0. 700. -2.
74.75 21 NAVIGATION 0 0 0 0 286 0. 570986.7
74.77 21 ATTITUDE 0 0 0
74.78 21 PPRZ_MODE 2 3 1 0 0 6 0
74.87 21 ESTIMATOR 709.585022 -0.051865 958.5 -5.186501 950.039917
74.92 21 DL_VALUE 25 -0.194087
75.01 21 NAVIGATION 0 0 0 0 286 0. 570986.7
75.05 21 WP_MOVED 1 358824.90625 4822110. 702.
75.15 21 DOWNLINK_STATUS 74 3718 245 0 294. 20.
75.21 21 COMMANDS 0,-9600,9600,-9600,0
75.24 21 NAVIGATION 0 0 0 0 286 0. 570986.7
75.26 21 ATTITUDE 0 0 0
75.30 21 GYRO_RATES -167 -193 -163 1.45735 -1.684243 1.422443
75.30 21 FBW_STATUS 2 1 127
75.34 21 ESTIMATOR 709.436523 0.08227 943.650024 8.227005 954.539795
75.46 21 NAVIGATION 0 0 0 0 286 0. 570986.7
75.51 21 WP_MOVED 2 358071. 4822161. 0.
75.63 21 DESIRED 0. 0. 0. 0. 700. -2.
75.69 21 NAVIGATION 0 0 0 0 286 0. 570986.7
75.70 21 ATTITUDE 0 0 0
75.81 21 ESTIMATOR 709.382507 -0.06461 938.25 -6.460991 952.829834
75.86 21 DL_VALUE 26 0.005
75.92 21 NAVIGATION 0 0 0 0 286 0. 570986.7
75.98 21 WP_MOVED 0 358113. 4822203. 702.
76.14 21 COMMANDS 0,-9600,9600,-9600,0
76.15 21 DOWNLINK_STATUS 75 3964 261 0 246. 16.
76.18 21 NAVIGATION 0 0 0 0 286 0. 570986.7
76.20 21 ATTITUDE 0 0 0
76.23 21 GYRO_RATES -169 -195 -163 1.474803 -1.701696 1.422443
76.24 21 FBW_STATUS 2 1 126
76.28 21 ESTIMATOR 709.409485 0.046225 940.950012 4.622459 951.569885
76.30 21 BAT 0 127 0 0 70 70 0
76.35 21 CALIBRATION -9.52 0.037 0.5 2
76.39 21 NAVIGATION 0 0 0 0 286 0. 570986.7
76.46 21 WP_MOVED 1 358824.90625 4822110. 702.
76.49 21 SERVO 9600 -9600 0
76.57 21 DESIRED 0. 0. 0. 0. 700. -2.
76.63 21 NAVIGATION 0 0 0 0 286 0. 570986.7
76.65 21 ATTITUDE 0 0 0
76.74 21 ESTIMATOR 709.436523 0.101978 943.650024 10.197792 951.119873
76.80 21 DL_VALUE 27 0.037
76.86 21 NAVIGATION 0 0 0 0 286 0. 570986.7
76.91 21 WP_MOVED 2 358071. 4822161. 0.
76.95 21 NAVIGATION_REF 358071 4822161 31
77.08 21 COMMANDS 0,-9600,9600,-9600,0
77.12 21 NAVIGATION 0 0 0 0 286 0. 570986.7
77.14 21 ATTITUDE 0 0 0
77.15 21 DOWNLINK_STATUS 76 4271 282 0 307. 21.
77.17 21 GYRO_RATES -160 -185 -154 1.396263 -1.61443 1.343904
77.18 21 FBW_STATUS 2 1 127
77.22 21 ESTIMATOR 709.571472 -0.008046 957.150024 -0.804634 950.849854
77.33 21 NAVIGATION 0 0 0 0 286 0. 570986.7
77.38 21 WP_MOVED 0 358113. 4822203. 702.
77.51 21 DESIRED 0. 0. 0. 0. 700. -2.
77.57 21 NAVIGATION 0 0 0 0 286 0. 570986.7
77.58 21 ATTITUDE 0 0 0
77.68 21 ESTIMATOR 709.652527 -0.031834 965.25 -3.183403 950.219849
77.74 21 DL_VALUE 28 0.
77.80 21 NAVIGATION 0 0 0 0 286 0. 570986.7
77.85 21 WP_MOVED 1 358824.90625 4822110. 702.
78.02 21 COMMANDS 0,-9600,9600,-9600,0
78.06 21 NAVIGATION 0 0 0 0 286 0. 570986.7
78.07 21 ATTITUDE 0 0 0
78.11 21 GYRO_RATES -153 -178 -149 1.335177 -1.553343 1.30027
78.12 21 FBW_STATUS 2 1 127
78.15 21 DOWNLINK_STATUS 77 4529 299 0 258. 17.
78.15 21 ESTIMATOR 709.666016 -0.069281 966.600037 -6.928139 949.859863
78.18 21 BAT 0 126 0 0 72 72 0
78.23 21 CALIBRATION -9.494 0.037 0.5 2
78.27 21 NAVIGATION 0 0 0 0 286 0. 570986.7
78.32 21 WP_MOVED 2 358071. 4822161. 0.
78.34 21 SERVO 9600 -9600 0
78.45 21 DESIRED 0. 0. 0. 0. 700. -2.
78.51 21 NAVIGATION 0 0 0 0 286 0. 570986.7
78.52 21 ATTITUDE 0 0 0
78.62 21 ESTIMATOR 709.557983 -0.094283 955.799988 -9.428253 949.409912
78.68 21 DL_VALUE 29 0.045
78.73 21 NAVIGATION 0 0 0 0 286 0. 570986.7
78.78 21 WP_MOVED 0 358113. 4822203. 702.
78.97 21 COMMANDS 0,-9600,9600,-9600,0
79.00 21 NAVIGATION 0 0 0 0 286 0. 570986.7
79.01 21 ATTITUDE 0 0 0
79.05 21 GYRO_RATES -165 -189 -159 1.439897 -1.649336 1.387537
79.06 21 FBW_STATUS 2 1 127
79.09 21 ESTIMATOR 709.463501 -0.062369 946.350037 -6.236877 948.239929
79.14 21 ACTUATORS 1500,2000,0,1200,1000,1530
79.15 21 DOWNLINK_STATUS 78 4836 319 0 307. 20.
79.20 21 NAVIGATION 0 0 0 0 286 0. 570986.7
79.26 21 WP_MOVED 1 358824.90625 4822110. 702.
79.38 21 DESIRED 0. 0. 0. 0. 700. -2.
79.45 21 NAVIGATION 0 0 0 0 286 0. 570986.7
79.49 21 ATTITUDE 0 0 0
79.49 21 PPRZ_MODE 2 3 1 0 0 6 0
79.56 21 ESTIMATOR 709.34198 0.102303 934.200012 10.230331 949.949951
79.61 21 DL_VALUE 30 1.
79.67 21 NAVIGATION 0 0 0 0 286 0. 570986.7
79.72 21 WP_MOVED 2 358071. 4822161. 0.
79.90 21 COMMANDS 0,-9600,9600,-9600,0
79.93 21 NAVIGATION 0 0 0 0 286 0. 570986.7
79.96 21 ATTITUDE 0 0 0
79.99 21 GYRO_RATES -171 -196 -166 1.492257 -1.710423 1.448623
80.01 21 FBW_STATUS 2 1 127
80.03 21 ESTIMATOR 709.395996 -0.007856 939.600037 -0.785637 951.119873
80.05 21 BAT 0 127 0 0 74 74 0
80.10 21 CALIBRATION -9.521 0.037 0.5 2
80.14 21 NAVIGATION 0 0 0 0 286 0. 570986.7
80.15 21 DOWNLINK_STATUS 79 5125 338 0 289. 19.
80.19 21 WP_MOVED 0 358113. 4822203. 702.
80.21 21 SERVO 9600 -9600 0
80.31 21 DESIRED 0. 0. 0. 0. 700. -2.
80.38 21 NAVIGATION 0 0 0 0 286 0. 570986.7
80.39 21 ATTITUDE 0 0 0
80.50 21 ESTIMATOR 709.422974 0.068336 942.299988 6.833611 949.679932
80.55 21 DL_VALUE 31 0.
80.61 21 NAVIGATION 0 0 0 0 286 0. 570986.7
80.66 21 WP_MOVED 1 358824.90625 4822110. 702.
80.83 21 COMMANDS 0,-9600,9600,-9600,0
80.87 21 NAVIGATION 0 0 0 0 286 0. 570986.7
80.88 21 ATTITUDE 0 0 0
80.92 21 GYRO_RATES -161 -187 -155 1.40499 -1.631883 1.35263
80.93 21 FBW_STATUS 2 1 126
80.97 21 ESTIMATOR 709.504028 0.07587 950.400024 7.586975 950.399902
81.08 21 NAVIGATION 0 0 0 0 286 0. 570986.7
81.13 21 WP_MOVED 2 358071. 4822161. 0.
81.15 21 DOWNLINK_STATUS 80 5381 355 0 256. 17.
81.25 21 DESIRED 0. 0. 0. 0. 700. -2.
81.31 21 NAVIGATION 0 0 0 0 286 0. 570986.7
81.33 21 ATTITUDE 0 0 0
81.43 21 ESTIMATOR 709.571472 0.02009 957.150024 2.008972 950.129822
81.50 21 DL_VALUE 32 0.
81.55 21 NAVIGATION 0 0 0 0 286 0. 570986.7
81.60 21 WP_MOVED 0 358113. 4822203. 702.
81.77 21 COMMANDS 0,-9600,9600,-9600,0
81.80 21 NAVIGATION 0 0 0 0 286 0. 570986.7
81.82 21 ATTITUDE 0 0 0
81.86 21 GYRO_RATES -153 -179 -148 1.335177 -1.56207 1.291544
81.87 21 FBW_STATUS 2 1 127
81.90 21 ESTIMATOR 709.598511 -0.054972 959.850037 -5.497246 948.599792
81.93 21 BAT 0 126 0 0 76 76 0
81.98 21 CALIBRATION -9.484 0.037 0.5 2
82.02 21 NAVIGATION 0 0 0 0 286 0. 570986.7
82.07 21 WP_MOVED 1 358824.90625 4822110. 702.
82.09 21 SERVO 9600 -9600 0
82.15 21 DOWNLINK_STATUS 81 5651 373 0 270. 18.
82.19 21 DESIRED 0. 0. 0. 0. 700. -2.
82.25 21 NAVIGATION 0 0 0 0 286 0. 570986.7
82.27 21 ATTITUDE 0 0 0
82.37 21 ESTIMATOR 709.557983 -0.036502 955.799988 -3.650246 947.879822
82.42 21 DL_VALUE 33 0.037
82.50 21 NAVIGATION 0 0 0 0 286 0. 570986.7
82.54 21 WP_MOVED 2 358071. 4822161. 0.
82.71 21 COMMANDS 0,-9600,9600,-9600,0
82.74 21 NAVIGATION 0 0 0 0 286 0. 570986.7
82.76 21 ATTITUDE 0 0 0
82.80 21 GYRO_RATES -161 -186 -157 1.40499 -1.623156 1.370083
82.80 21 FBW_STATUS 2 1 126
82.84 21 ESTIMATOR 709.517517 -0.05759 951.75 -5.758972 949.499756
82.97 21 NAVIGATION 0 0 0 0 286 0. 570986.7
83.00 21 WP_MOVED 0 358113. 4822203. 702.
83.13 21 DESIRED 0. 0. 0. 0. 700. -2.
83.15 21 DOWNLINK_STATUS 82 5910 389 0 259. 16.
83.19 21 NAVIGATION 0 0 0 0 286 0. 570986.7
83.20 21 ATTITUDE 0 0 0
83.31 21 ESTIMATOR 709.369019 -0.018979 936.900024 -1.897888 948.869873
83.36 21 DL_VALUE 34 0.037
83.42 21 NAVIGATION 0 0 0 0 286 0. 570986.7
83.48 21 WP_MOVED 1 358824.90625 4822110. 702.
83.65 21 COMMANDS 0,-9600,9600,-9600,0
83.68 21 NAVIGATION 0 0 0 0 286 0. 570986.7
83.70 21 ATTITUDE 0 0 0
83.73 21 GYRO_RATES -173 -198 -168 1.50971 -1.727876 1.466077
83.74 21 FBW_STATUS 2 1 126
83.78 21 ESTIMATOR 709.35553 0.015364 935.549988 1.536446 948.239807
83.80 21 BAT 0 126 0 0 78 78 0
83.83 21 ACTUATORS 1500,2000,0,1200,1000,1530
83.86 21 CALIBRATION -9.516 0.037 0.5 2
83.89 21 NAVIGATION 0 0 0 0 286 0. 570986.7
83.95 21 WP_MOVED 2 358071. 4822161. 0.
83.99 21 SERVO 9600 -9600 0
84.07 21 DESIRED 0. 0. 0. 0. 700. -2.
84.13 21 NAVIGATION 0 0 0 0 286 0. 570986.7
84.14 21 ATTITUDE 0 0 0
84.15 21 DOWNLINK_STATUS 83 6221 410 0 311. 21.
84.16 21 PPRZ_MODE 2 3 1 0 0 6 0
84.24 21 ESTIMATOR 709.369019 0.086618 936.900024 8.661766 949.409851
84.30 21 DL_VALUE 35 0.
84.36 21 NAVIGATION 0 0 0 0 286 0. 570986.7
84.41 21 WP_MOVED 0 358113. 4822203. 702.
84.58 21 COMMANDS 0,-9600,9600,-9600,0
84.62 21 NAVIGATION 0 0 0 0 286 0. 570986.7
84.64 21 ATTITUDE 0 0 0
84.67 21 GYRO_RATES -164 -189 -158 1.43117 -1.649336 1.37881
84.68 21 FBW_STATUS 2 1 127
84.72 21 ESTIMATOR 709.436523 0.084591 943.650024 8.459091 949.319763
84.83 21 NAVIGATION 0 0 0 0 286 0. 570986.7
84.88 21 WP_MOVED 1 358824.90625 4822110. 702.
85.00 21 DESIRED 0. 0. 0. 0. 700. -2.
85.06 21 NAVIGATION 0 0 0 0 286 0. 570986.7
85.08 21 ATTITUDE 0 0 0
85.15 21 DOWNLINK_STATUS 84 6463 426 0 242. 16.
85.18 21 ESTIMATOR 709.585022 0.024815 958.5 2.481461 950.129822
85.24 21 DL_VALUE 36 0.
85.30 21 NAVIGATION 0 0 0 0 286 0. 570986.7
85.35 21 WP_MOVED 2 358071. 4822161. 0.
85.37 21 NAVIGATION_REF 358071 4822161 31
85.52 21 COMMANDS 0,-9600,9600,-9600,0
85.55 21 NAVIGATION 0 0 0 0 286 0. 570986.7
85.57 21 ATTITUDE 0 0 0
85.60 21 GYRO_RATES -152 -178 -147 1.32645 -1.553343 1.282817
85.62 21 FBW_STATUS 2 1 127
85.65 21 ESTIMATOR 709.692993 -0.049197 969.299988 -4.919739 950.579895
85.68 21 BAT 0 127 0 0 80 80 0
85.72 21 CALIBRATION -9.47 0.037 0.5 2
85.77 21 NAVIGATION 0 0 0 0 286 0. 570986.7
85.82 21 WP_MOVED 0 358113. 4822203. 702.
85.84 21 SERVO 9600 -9600 0
85.95 21 DESIRED 0. 0. 0. 0. 700. -2.
86.00 21 NAVIGATION 0 0 0 0 286 0. 570986.7
86.02 21 ATTITUDE 0 0 0
86.12 21 ESTIMATOR 709.585022 -0.050949 958.5 -5.094948 949.679871
86.15 21 DOWNLINK_STATUS 85 6766 446 0 303. 20.
86.17 21 DL_VALUE 37 0.
86.23 21 NAVIGATION 0 0 0 0 286 0. 570986.7
86.28 21 WP_MOVED 1 358824.90625 4822110. 702.
86.47 21 COMMANDS 0,-9600,9600,-9600,0
86.50 21 NAVIGATION 0 0 0 0 286 0. 570986.7
86.51 21 ATTITUDE 0 0 0
86.54 21 GYRO_RATES -157 -183 -153 1.370083 -1.596976 1.335177
86.56 21 FBW_STATUS 2 1 127
86.59 21 ESTIMATOR 709.557983 -0.060589 955.799988 -6.058884 949.049805
86.70 21 NAVIGATION 0 0 0 0 286 0. 570986.7
86.75 21 WP_MOVED 2 358071. 4822161. 0.
86.88 21 DESIRED 0. 0. 0. 0. 700. -2.
86.94 21 NAVIGATION 0 0 0 0 286 0. 570986.7
86.98 21 ATTITUDE 0 0 0
87.06 21 ESTIMATOR 709.436523 0.017687 943.650024 1.768684 950.219727
87.11 21 DL_VALUE 38 0.045
87.15 21 DOWNLINK_STATUS 86 7006 462 0 240. 16.
87.17 21 NAVIGATION 0 0 0 0 286 0. 570986.7
87.22 21 WP_MOVED 0 358113. 4822203. 702.
87.39 21 COMMANDS 0,-9600,9600,-9600,0
87.43 21 NAVIGATION 0 0 0 0 286 0. 570986.7
87.45 21 ATTITUDE 0 0 0
87.50 21 GYRO_RATES -170 -195 -166 1.48353 -1.701696 1.448623
87.50 21 FBW_STATUS 2 1 127
87.53 21 ESTIMATOR 709.369019 0.006858 936.900024 0.685768 951.299805
87.55 21 BAT 0 127 0 0 82 82 0
87.60 21 CALIBRATION -9.518 0.037 0.5 2
87.64 21 NAVIGATION 0 0 0 0 286 0. 570986.7
87.69 21 WP_MOVED 1 358824.90625 4822110. 702.
87.71 21 SERVO 9600 -9600 0
87.81 21 DESIRED 0. 0. 0. 0. 700. -2.
87.88 21 NAVIGATION 0 0 0 0 286 0. 570986.7
87.89 21 ATTITUDE 0 0 0
87.99 21 ESTIMATOR 709.369019 0.060641 936.900024 6.06411 951.029785
88.05 21 DL_VALUE 39 0.045
88.11 21 NAVIGATION 0 0 0 0 286 0. 570986.7
88.15 21 DOWNLINK_STATUS 87 7294 481 0 288. 19.
88.16 21 WP_MOVED 2 358071. 4822161. 0.
88.33 21 COMMANDS 0,-9600,9600,-9600,0
88.37 21 NAVIGATION 0 0 0 0 286 0. 570986.7
88.38 21 ATTITUDE 0 0 0
88.42 21 GYRO_RATES -167 -193 -162 1.45735 -1.684243 1.413717
88.43 21 FBW_STATUS 2 1 127
88.48 21 ESTIMATOR 709.436523 0.080811 943.650024 8.081055 951.209778
88.52 21 ACTUATORS 1500,2000,0,1200,1000,1530
88.58 21 NAVIGATION 0 0 0 0 286 0. 570986.7
88.63 21 WP_MOVED 0 358113. 4822203. 702.
88.75 21 DESIRED 0. 0. 0. 0. 700. -2.
88.81 21 NAVIGATION 0 0 0 0 286 0. 570986.7
88.83 21 ATTITUDE 0 0 0
88.85 21 PPRZ_MODE 2 3 1 0 0 6 0
88.93 21 ESTIMATOR 709.463501 0.12123 946.350037 12.122993 951.479797
88.99 21 DL_VALUE 40 0.1
89.04 21 NAVIGATION 0 0 0 0 286 0. 570986.7
89.10 21 WP_MOVED 1 358824.90625 4822110. 702.
89.15 21 DOWNLINK_STATUS 88 7566 499 0 272. 18.
89.27 21 COMMANDS 0,-9600,9600,-9600,0
89.30 21 NAVIGATION 0 0 0 0 286 0. 570986.7
89.32 21 ATTITUDE 0 0 0
89.36 21 GYRO_RATES -152 -177 -147 1.32645 -1.544616 1.282817
89.37 21 FBW_STATUS 2 1 127
89.40 21 ESTIMATOR 709.652527 -0.039773 965.25 -3.977318 950.489685
89.42 21 BAT 0 127 0 0 84 84 0
89.48 21 CALIBRATION -9.495 0.037 0.5 2
89.52 21 NAVIGATION 0 0 0 0 286 0. 570986.7
89.57 21 WP_MOVED 2 358071. 4822161. 0.
89.59 21 SERVO 9600 -9600 0
89.69 21 DESIRED 0. 0. 0. 0. 700. -2.
89.75 21 NAVIGATION 0 0 0 0 286 0. 570986.7
89.77 21 ATTITUDE 0 0 0
89.87 21 ESTIMATOR 709.612 -0.021141 961.200012 -2.114105 950.939758
89.92 21 DL_VALUE 41 0.
89.99 21 NAVIGATION 0 0 0 0 286 0. 570986.7
90.04 21 WP_MOVED 0 358113. 4822203. 702.
90.15 21 DOWNLINK_STATUS 89 7836 517 0 270. 18.
90.21 21 COMMANDS 0,-9600,9600,-9600,0
90.24 21 NAVIGATION 0 0 0 0 286 0. 570986.7
90.26 21 ATTITUDE 0 0 0
90.29 21 GYRO_RATES -156 -181 -152 1.361357 -1.579523 1.32645
90.30 21 FBW_STATUS 2 1 127
90.34 21 ESTIMATOR 709.571472 -0.034505 957.150024 -3.45047 950.939819
90.47 21 NAVIGATION 0 0 0 0 286 0. 570986.7
90.50 21 WP_MOVED 1 358824.90625 4822110. 702.
90.63 21 DESIRED 0. 0. 0. 0. 700. -2.
90.69 21 NAVIGATION 0 0 0 0 286 0. 570986.7
90.70 21 ATTITUDE 0 0 0
90.80 21 ESTIMATOR 709.504028 -0.119232 950.400024 -11.923218 949.949829
90.86 21 DL_VALUE 42 0.5
90.92 21 NAVIGATION 0 0 0 0 286 0. 570986.7
90.98 21 WP_MOVED 2 358071. 4822161. 0.
91.14 21 COMMANDS 0,-9600,9600,-9600,0
91.15 21 DOWNLINK_STATUS 90 8082 533 0 246. 16.
91.18 21 NAVIGATION 0 0 0 0 286 0. 570986.7
91.20 21 ATTITUDE 0 0 0
91.23 21 GYRO_RATES -167 -193 -163 1.45735 -1.684243 1.422443
91.24 21 FBW_STATUS 2 1 127
91.28 21 ESTIMATOR 709.369019 0.050302 936.900024 5.030212 949.949829
91.30 21 BAT 0 127 0 0 86 86 0
91.35 21 CALIBRATION -9.53 0.037 0.5 2
91.39 21 NAVIGATION 0 0 0 0 286 0. 570986.7
91.45 21 WP_MOVED 0 358113. 4822203. 702.
91.49 21 SERVO 9600 -9600 0
91.56 21 DESIRED 0. 0. 0. 0. 700. -2.
91.62 21 NAVIGATION 0 0 0 0 286 0. 570986.7
91.64 21 ATTITUDE 0 0 0
92.15 21 DOWNLINK_STATUS 91 8277 546 0 195. 13.
93.15 21 DOWNLINK_STATUS 92 8277 546 0 0. 0.
94.15 21 DOWNLINK_STATUS 93 8277 546 0 0. 0.
95.15 21 DOWNLINK_STATUS 94 8277 546 0 0. 0.
96.15 21 DOWNLINK_STATUS 95 8277 546 0 0. 0.
97.15 21 DOWNLINK_STATUS 96 8277 546 0 0. 0.
98.16 21 DOWNLINK_STATUS 97 8277 546 0 0. 0.
99.16 21 DOWNLINK_STATUS 98 8277 546 0 0. 0.
100.16 21 DOWNLINK_STATUS 99 8277 546 0 0. 0.
101.16 21 DOWNLINK_STATUS 100 8277 546 0 0. 0.
102.16 21 DOWNLINK_STATUS 101 8277 546 0 0. 0.
103.16 21 DOWNLINK_STATUS 102 8277 546 0 0. 0.
104.16 21 DOWNLINK_STATUS 103 8277 546 0 0. 0.
105.16 21 DOWNLINK_STATUS 104 8277 546 0 0. 0.
106.16 21 DOWNLINK_STATUS 105 8277 546 0 0. 0.
107.16 21 DOWNLINK_STATUS 106 8277 546 0 0. 0.
108.16 21 DOWNLINK_STATUS 107 8277 546 0 0. 0.
109.16 21 DOWNLINK_STATUS 108 8277 546 0 0. 0.
110.16 21 DOWNLINK_STATUS 109 8277 546 0 0. 0.
111.16 21 DOWNLINK_STATUS 110 8277 546 0 0. 0.
112.16 21 DOWNLINK_STATUS 111 8277 546 0 0. 0.
113.16 21 DOWNLINK_STATUS 112 8277 546 0 0. 0.
114.16 21 DOWNLINK_STATUS 113 8277 546 0 0. 0.
115.16 21 DOWNLINK_STATUS 114 8277 546 0 0. 0.
116.16 21 DOWNLINK_STATUS 115 8277 546 0 0. 0.
117.16 21 DOWNLINK_STATUS 116 8277 546 0 0. 0.
118.16 21 DOWNLINK_STATUS 117 8277 546 0 0. 0.
119.16 21 DOWNLINK_STATUS 118 8277 546 0 0. 0.
120.16 21 DOWNLINK_STATUS 119 8277 546 0 0. 0.
121.16 21 DOWNLINK_STATUS 120 8277 546 0 0. 0.
122.16 21 DOWNLINK_STATUS 121 8277 546 0 0. 0.
123.16 21 DOWNLINK_STATUS 122 8277 546 0 0. 0.
124.16 21 DOWNLINK_STATUS 123 8277 546 0 0. 0.
125.16 21 DOWNLINK_STATUS 124 8277 546 0 0. 0.
126.16 21 DOWNLINK_STATUS 125 8277 546 0 0. 0.
127.16 21 DOWNLINK_STATUS 126 8277 546 0 0. 0.
128.16 21 DOWNLINK_STATUS 127 8277 546 0 0. 0.
129.16 21 DOWNLINK_STATUS 128 8277 546 0 0. 0.
130.16 21 DOWNLINK_STATUS 129 8277 546 0 0. 0.
131.16 21 DOWNLINK_STATUS 130 8277 546 0 0. 0.
132.16 21 DOWNLINK_STATUS 131 8277 546 0 0. 0.
133.16 21 DOWNLINK_STATUS 132 8277 546 0 0. 0.
134.16 21 DOWNLINK_STATUS 133 8277 546 0 0. 0.
135.16 21 DOWNLINK_STATUS 134 8277 546 0 0. 0.
136.16 21 DOWNLINK_STATUS 135 8277 546 0 0. 0.
137.16 21 DOWNLINK_STATUS 136 8277 546 0 0. 0.
138.16 21 DOWNLINK_STATUS 137 8277 546 0 0. 0.
139.16 21 DOWNLINK_STATUS 138 8277 546 0 0. 0.
140.17 21 DOWNLINK_STATUS 139 8277 546 0 0. 0.
141.16 21 DOWNLINK_STATUS 140 8277 546 0 0. 0.
142.17 21 DOWNLINK_STATUS 141 8277 546 0 0. 0.
143.17 21 DOWNLINK_STATUS 142 8277 546 0 0. 0.
144.17 21 DOWNLINK_STATUS 143 8277 546 0 0. 0.
145.17 21 DOWNLINK_STATUS 144 8277 546 0 0. 0.
146.17 21 DOWNLINK_STATUS 145 8277 546 0 0. 0.
147.17 21 DOWNLINK_STATUS 146 8277 546 0 0. 0.
148.17 21 DOWNLINK_STATUS 147 8277 546 0 0. 0.
149.17 21 DOWNLINK_STATUS 148 8277 546 0 0. 0.
150.17 21 DOWNLINK_STATUS 149 8277 546 0 0. 0.
151.17 21 DOWNLINK_STATUS 150 8277 546 0 0. 0.
152.17 21 DOWNLINK_STATUS 151 8277 546 0 0. 0.
153.17 21 DOWNLINK_STATUS 152 8277 546 0 0. 0.
154.17 21 DOWNLINK_STATUS 153 8277 546 0 0. 0.
155.17 21 DOWNLINK_STATUS 154 8277 546 0 0. 0.
156.17 21 DOWNLINK_STATUS 155 8277 546 0 0. 0.
157.17 21 DOWNLINK_STATUS 156 8277 546 0 0. 0.
158.17 21 DOWNLINK_STATUS 157 8277 546 0 0. 0.
159.18 21 DOWNLINK_STATUS 158 8277 546 0 0. 0.
160.18 21 DOWNLINK_STATUS 159 8277 546 0 0. 0.
161.19 21 DOWNLINK_STATUS 160 8277 546 0 0. 0.
162.19 21 DOWNLINK_STATUS 161 8277 546 0 0. 0.
163.19 21 DOWNLINK_STATUS 162 8277 546 0 0. 0.
164.20 21 DOWNLINK_STATUS 163 8277 546 0 0. 0.
165.20 21 DOWNLINK_STATUS 164 8277 546 0 0. 0.
166.22 21 DOWNLINK_STATUS 165 8277 546 0 0. 0.
167.21 21 DOWNLINK_STATUS 166 8277 546 0 0. 0.
168.22 21 DOWNLINK_STATUS 167 8277 546 0 0. 0.
169.22 21 DOWNLINK_STATUS 168 8277 546 0 0. 0.
170.22 21 DOWNLINK_STATUS 169 8277 546 0 0. 0.
171.22 21 DOWNLINK_STATUS 170 8277 546 0 0. 0.
172.23 21 DOWNLINK_STATUS 171 8277 546 0 0. 0.
173.23 21 DOWNLINK_STATUS 172 8277 546 0 0. 0.
174.23 21 DOWNLINK_STATUS 173 8277 546 0 0. 0.
175.23 21 DOWNLINK_STATUS 174 8277 546 0 0. 0.
