2.52 3 DESIRED -0. -0.1 0. 0. 700.055 -0.19
2.52 3 NAVIGATION 0 0 0 0 286 0. 570986.7
2.56 3 ATTITUDE 0 0 0
2.56 3 ESTIMATOR 700.823486 0.0675 82.349998 6.749997 71.54998
2.56 3 DL_VALUE 31 0.
2.56 3 NAVIGATION 0 0 0 0 286 0. 570986.7
2.56 3 WP_MOVED 1 358824.90625 4822110. 702.
2.56 3 COMMANDS 172,-29,-1284,2526
2.56 3 NAVIGATION 0 0 0 0 286 0. 570986.7
2.56 3 ATTITUDE 0 0 0
2.56 3 GYRO_RATES -5 4 2 0.043633 0.034907 -0.017453
2.56 3 FBW_STATUS 0 0 124
2.56 3 ESTIMATOR 700.823486 0.11583 82.349998 11.582999 80.549995
2.56 3 BAT 200 124 0 0 31 31 0
2.56 3 CALIBRATION -0.645 0.037 0.5 0
2.56 3 NAVIGATION 0 0 0 0 286 0. 570986.7
2.56 3 WP_MOVED 2 358071. 4822161. 0.
2.56 3 SERVO -1891 -1147 176
2.56 3 DESIRED -0. -0.1 0. 0. 700.053 -0.231
2.56 3 NAVIGATION 0 0 0 0 286 0. 570986.7
2.56 3 ATTITUDE 0 0 0
2.56 3 ESTIMATOR 700.823486 -0. 82.349998 -5e-06 82.349998
2.56 3 DL_VALUE 32 0.
2.56 3 NAVIGATION 0 0 0 0 286 0. 570986.7
2.56 3 WP_MOVED 0 358113. 4822203. 702.
2.57 3 COMMANDS 202,3,-1240,2539
2.57 3 NAVIGATION 0 0 0 0 286 0. 570986.7
2.57 3 ATTITUDE 0 0 0
2.57 3 GYRO_RATES -5 4 2 0.043633 0.034907 -0.017453
2.57 3 FBW_STATUS 0 0 124
2.57 3 ESTIMATOR 700.823486 -0. 82.349998 -5e-06 82.349998
2.57 3 NAVIGATION 0 0 0 0 286 0. 570986.7
2.57 3 WP_MOVED 1 358824.90625 4822110. 702.
2.57 3 DESIRED -0. -0.1 0. 0. 700.054 -0.231
2.57 3 NAVIGATION 0 0 0 0 286 0. 570986.7
2.57 3 ATTITUDE 0 0 0
2.57 3 ESTIMATOR 700.823486 -0. 82.349998 -5e-06 82.349998
2.57 3 DL_VALUE 33 0.037
2.57 3 NAVIGATION 0 0 0 0 286 0. 570986.7
2.57 3 WP_MOVED 2 358071. 4822161. 0.
2.57 3 COMMANDS 181,13,-1240,2562
2.57 3 NAVIGATION 0 0 0 0 286 0. 570986.7
2.57 3 ATTITUDE 0 0 0
2.57 3 GYRO_RATES -5 4 2 0.043633 0.034907 -0.017453
2.57 3 FBW_STATUS 0 0 124
2.57 3 ESTIMATOR 700.823486 -0. 82.349998 -5e-06 82.349998
2.57 3 BAT 166 124 0 0 33 33 0
2.57 3 CALIBRATION -0.7 0.037 0.5 0
2.57 3 NAVIGATION 0 0 0 0 286 0. 570986.7
2.58 3 WP_MOVED 0 358113. 4822203. 702.
2.58 3 SERVO -1891 -1147 184
2.58 3 DESIRED -0. -0.1 0. 0. 700.068 -0.226
2.58 3 NAVIGATION 0 0 0 0 286 0. 570986.7
2.58 3 ATTITUDE 0 0 0
2.58 3 ESTIMATOR 700.823486 -0. 82.349998 -5e-06 82.349998
2.59 3 DL_VALUE 34 0.037
2.59 3 NAVIGATION 0 0 0 0 286 0. 570986.7
2.59 3 WP_MOVED 1 358824.90625 4822110. 702.
2.59 3 COMMANDS 182,7,-1273,2549
2.59 3 NAVIGATION 0 0 0 0 286 0. 570986.7
2.59 3 ATTITUDE 0 0 0
2.59 3 GYRO_RATES -5 4 2 0.043633 0.034907 -0.017453
2.59 3 FBW_STATUS 0 0 124
2.59 3 ESTIMATOR 700.823486 -0. 82.349998 -5e-06 82.349998
2.60 3 ACTUATORS 1436,1559,0,1214,1367
2.60 3 NAVIGATION 0 0 0 0 286 0. 570986.7
2.60 3 WP_MOVED 2 358071. 4822161. 0.
2.60 3 DESIRED -0. -0.1 0. 0. 700.056 -0.23
2.60 3 NAVIGATION 0 0 0 0 286 0. 570986.7
2.61 3 ATTITUDE 0 0 0
2.61 3 PPRZ_MODE 0 3 0 0 0 1 0
2.61 3 ESTIMATOR 700.823486 -0. 82.349998 -5e-06 82.349998
2.61 3 DL_VALUE 35 0.
2.61 3 NAVIGATION 0 0 0 0 286 0. 570986.7
2.61 3 WP_MOVED 0 358113. 4822203. 702.
2.61 3 COMMANDS 179,1,-1237,2574
2.61 3 NAVIGATION 0 0 0 0 286 0. 570986.7
2.62 3 ATTITUDE 0 0 0
2.62 3 GYRO_RATES -5 4 2 0.043633 0.034907 -0.017453
2.62 3 FBW_STATUS 0 0 124
2.62 3 ESTIMATOR 700.823486 -0. 82.349998 -5e-06 82.349998
2.62 3 BAT 183 124 0 0 35 35 0
2.62 3 CALIBRATION -0.752 0.037 0.5 0
2.62 3 NAVIGATION 0 0 0 0 286 0. 570986.7
2.62 3 WP_MOVED 1 358824.90625 4822110. 702.
2.62 3 SERVO -1891 -1147 175
2.63 3 DESIRED -0. -0.1 0. 0. 700.057 -0.23
2.63 3 NAVIGATION 0 0 0 0 286 0. 570986.7
2.63 3 ATTITUDE 0 0 0
2.63 3 ESTIMATOR 700.823486 -0. 82.349998 -5e-06 82.349998
2.63 3 DL_VALUE 36 0.
2.64 3 NAVIGATION 0 0 0 0 286 0. 570986.7
2.64 3 WP_MOVED 2 358071. 4822161. 0.
2.64 3 NAVIGATION_REF 358071 4822161 31
2.64 3 COMMANDS 165,4,-1258,2593
2.64 3 NAVIGATION 0 0 0 0 286 0. 570986.7
2.64 3 ATTITUDE 0 0 0
2.64 3 GYRO_RATES -4 4 2 0.034907 0.034907 -0.017453
2.64 3 FBW_STATUS 0 0 124
2.65 3 ESTIMATOR 700.823486 -0. 82.349998 -5e-06 82.349998
2.65 3 NAVIGATION 0 0 0 0 286 0. 570986.7
2.65 3 WP_MOVED 0 358113. 4822203. 702.
2.65 3 DESIRED -0. -0.1 0. 0. 700.056 -0.232
2.65 3 NAVIGATION 0 0 0 0 286 0. 570986.7
2.65 3 ATTITUDE 0 0 0
2.65 3 ESTIMATOR 700.823486 -0. 82.349998 -5e-06 82.349998
2.66 3 DL_VALUE 37 0.
2.66 3 NAVIGATION 0 0 0 0 286 0. 570986.7
2.66 3 WP_MOVED 1 358824.90625 4822110. 702.
2.66 3 COMMANDS 173,-7,-1281,2564
2.66 3 NAVIGATION 0 0 0 0 286 0. 570986.7
2.66 3 ATTITUDE 0 0 0
2.66 3 GYRO_RATES -5 4 2 0.043633 0.034907 -0.017453
2.66 3 FBW_STATUS 0 0 124
2.67 3 ESTIMATOR 700.823486 -0. 82.349998 -5e-06 82.349998
2.67 3 BAT 221 124 0 0 37 37 0
2.67 3 CALIBRATION -0.766 0.037 0.5 0
2.67 3 NAVIGATION 0 0 0 0 286 0. 570986.7
2.67 3 WP_MOVED 2 358071. 4822161. 0.
2.67 3 SERVO -1891 -1147 183
2.68 3 DESIRED -0. -0.1 0. 0. 700.053 -0.231
2.68 3 NAVIGATION 0 0 0 0 286 0. 570986.7
2.68 3 ATTITUDE 0 0 0
2.68 3 ESTIMATOR 700.823486 -0. 82.349998 -5e-06 82.349998
2.68 3 DL_VALUE 38 0.045
3.84 3 NAVIGATION 0 0 0 0 286 0. 570986.7
3.84 3 WP_MOVED 0 358113. 4822203. 702.
3.85 3 COMMANDS 217,-1,-1215,2560
3.85 3 NAVIGATION 0 0 0 0 286 0. 570986.7
3.85 3 ATTITUDE 0 0 0
3.85 3 GYRO_RATES -5 4 2 0.043633 0.034907 -0.017453
3.85 3 FBW_STATUS 0 0 124
3.85 3 ESTIMATOR 700.823486 -0. 82.349998 -5e-06 82.349998
3.85 3 NAVIGATION 0 0 0 0 286 0. 570986.7
3.86 3 WP_MOVED 1 358824.90625 4822110. 702.
3.86 3 DESIRED -0. -0.1 0. 0. 700.053 -0.231
3.86 3 NAVIGATION 0 0 0 0 286 0. 570986.7
3.86 3 ATTITUDE 0 0 0
3.86 3 ESTIMATOR 700.823486 -0. 82.349998 -5e-06 82.349998
3.86 3 DL_VALUE 39 0.045
3.87 3 NAVIGATION 0 0 0 0 286 0. 570986.7
3.87 3 WP_MOVED 2 358071. 4822161. 0.
3.87 3 DOWNLINK_STATUS 2 3592 239 0 3592. 239.
3.87 3 COMMANDS 177,34,-1215,2567
3.87 3 NAVIGATION 0 0 0 0 286 0. 570986.7
3.87 3 ATTITUDE 0 0 0
3.87 3 GYRO_RATES -5 4 2 0.043633 0.034907 -0.017453
3.88 3 FBW_STATUS 0 0 124
3.88 3 ESTIMATOR 700.823486 -0. 82.349998 -5e-06 82.349998
3.88 3 BAT 181 124 0 0 39 39 0
3.88 3 ACTUATORS 1436,1565,0,1217,1370
3.88 3 CALIBRATION -0.768 0.037 0.5 0
3.88 3 NAVIGATION 0 0 0 0 286 0. 570986.7
3.88 3 WP_MOVED 0 358113. 4822203. 702.
3.88 3 SERVO -1891 -1147 161
3.89 3 DESIRED -0. -0.1 0. 0. 700.063 -0.229
3.89 3 NAVIGATION 0 0 0 0 286 0. 570986.7
3.89 3 ATTITUDE 0 0 0
3.89 3 PPRZ_MODE 0 3 0 0 0 1 0
3.89 3 ESTIMATOR 700.823486 -0. 82.349998 -5e-06 82.349998
3.89 3 DL_VALUE 40 0.1
3.89 3 NAVIGATION 0 0 0 0 286 0. 570986.7
3.90 3 WP_MOVED 1 358824.90625 4822110. 702.
3.90 3 COMMANDS 181,7,-1250,2516
3.90 3 NAVIGATION 0 0 0 0 286 0. 570986.7
3.90 3 ATTITUDE 0 0 0
3.90 3 GYRO_RATES -5 4 2 0.043633 0.034907 -0.017453
3.90 3 FBW_STATUS 0 0 124
3.90 3 ESTIMATOR 700.823486 -0. 82.349998 -5e-06 82.349998
3.90 3 NAVIGATION 0 0 0 0 286 0. 570986.7
3.91 3 WP_MOVED 2 358071. 4822161. 0.
3.91 3 DESIRED -0. -0.1 0. 0. 700.055 -0.23
3.91 3 NAVIGATION 0 0 0 0 286 0. 570986.7
3.91 3 ATTITUDE 0 0 0
3.91 3 ESTIMATOR 700.823486 -0. 82.349998 -5e-06 82.349998
3.91 3 DL_VALUE 41 0.
3.92 3 NAVIGATION 0 0 0 0 286 0. 570986.7
3.92 3 WP_MOVED 0 358113. 4822203. 702.
3.92 3 COMMANDS 193,15,-1212,2570
3.92 3 NAVIGATION 0 0 0 0 286 0. 570986.7
3.92 3 ATTITUDE 0 0 0
3.92 3 GYRO_RATES -5 4 2 0.043633 0.034907 -0.017453
3.92 3 FBW_STATUS 0 0 124
3.93 3 ESTIMATOR 700.823486 -0. 82.349998 -5e-06 82.349998
3.93 3 BAT 177 124 0 0 41 41 0
3.93 3 CALIBRATION -0.767 0.037 0.5 0
3.93 3 NAVIGATION 0 0 0 0 286 0. 570986.7
3.93 3 WP_MOVED 1 358824.90625 4822110. 702.
3.93 3 SERVO -1891 -1147 177
3.93 3 DESIRED -0. -0.1 0. 0. 700.057 -0.23
3.94 3 NAVIGATION 0 0 0 0 286 0. 570986.7
3.94 3 ATTITUDE 0 0 0
3.94 3 ESTIMATOR 700.823486 -0. 82.349998 -5e-06 82.349998
3.94 3 DL_VALUE 42 0.5
3.94 3 NAVIGATION 0 0 0 0 286 0. 570986.7
3.94 3 WP_MOVED 2 358071. 4822161. 0.
3.95 3 COMMANDS 173,-48,-1322,2583
3.95 3 NAVIGATION 0 0 0 0 286 0. 570986.7
3.95 3 ATTITUDE 0 0 0
3.95 3 GYRO_RATES -5 4 2 0.043633 0.034907 -0.017453
3.95 3 FBW_STATUS 0 0 124
3.95 3 ESTIMATOR 700.823486 -0. 82.349998 -5e-06 82.349998
3.95 3 NAVIGATION 0 0 0 0 286 0. 570986.7
3.95 3 WP_MOVED 0 358113. 4822203. 702.
3.96 3 DESIRED -0. -0.1 0. 0. 700.059 -0.231
4.09 3 NAVIGATION 0 0 0 0 286 0. 570986.7
4.10 3 ATTITUDE 0 0 0
4.10 3 ESTIMATOR 700.823486 -0. 82.349998 -5e-06 82.349998
4.10 3 DL_VALUE 43 1.
4.10 3 NAVIGATION 0 0 0 0 286 0. 570986.7
4.10 3 WP_MOVED 1 358824.90625 4822110. 702.
4.11 3 COMMANDS 174,-3,-1253,2557
4.11 3 NAVIGATION 0 0 0 0 286 0. 570986.7
4.11 3 ATTITUDE 0 0 0
4.11 3 GYRO_RATES -5 4 2 0.043633 0.034907 -0.017453
4.11 3 FBW_STATUS 0 0 124
4.11 3 ESTIMATOR 700.823486 -0. 82.349998 -5e-06 82.349998
4.11 3 BAT 210 124 0 0 43 43 0
4.11 3 CALIBRATION -0.766 0.037 0.5 0
4.12 3 NAVIGATION 0 0 0 0 286 0. 570986.7
4.12 3 WP_MOVED 2 358071. 4822161. 0.
4.12 3 SERVO -1891 -929 176
4.13 3 DESIRED -0. -0.1 0. 0. 700.055 -0.231
4.16 3 NAVIGATION 0 0 0 0 286 0. 570986.7
4.16 3 ATTITUDE 0 0 0
4.16 3 ESTIMATOR 700.823486 -0. 82.349998 -5e-06 82.349998
4.16 3 DL_VALUE 44 0.
4.16 3 NAVIGATION 0 0 0 0 286 0. 570986.7
4.16 3 WP_MOVED 0 358113. 4822203. 702.
4.16 3 COMMANDS 216,4,-1176,2599
4.17 3 NAVIGATION 0 0 0 0 286 0. 570986.7
4.17 3 ATTITUDE 0 0 0
4.17 3 GYRO_RATES -5 4 2 0.043633 0.034907 -0.017453
4.17 3 FBW_STATUS 0 0 124
4.18 3 ESTIMATOR 700.823486 -0. 82.349998 -5e-06 82.349998
4.18 3 ACTUATORS 1433,1564,0,1214,1366
4.18 3 NAVIGATION 0 0 0 0 286 0. 570986.7
4.18 3 WP_MOVED 1 358824.90625 4822110. 702.
4.18 3 DESIRED -0. -0.1 0. 0. 700.05 -0.231
4.18 3 NAVIGATION 0 0 0 0 286 0. 570986.7
4.21 3 ATTITUDE 0 0 0
4.21 3 PPRZ_MODE 0 3 0 0 0 1 0
4.21 3 ESTIMATOR 700.823486 -0. 82.349998 -5e-06 82.349998
4.22 3 DL_VALUE 0 700.050293
4.22 3 NAVIGATION 0 0 0 0 286 0. 570986.7
4.22 3 WP_MOVED 2 358071. 4822161. 0.
4.22 3 NAVIGATION_REF 358071 4822161 31
4.22 3 COMMANDS 174,-9,-1264,2565
4.22 3 NAVIGATION 0 0 0 0 286 0. 570986.7
4.22 3 ATTITUDE 0 0 0
4.22 3 GYRO_RATES -5 4 2 0.043633 0.034907 -0.017453
4.22 3 FBW_STATUS 0 0 124
4.23 3 ESTIMATOR 700.823486 -0. 82.349998 -5e-06 82.349998
4.23 3 BAT 162 124 0 0 45 45 0
4.23 3 CALIBRATION -0.769 0.037 0.5 0
4.23 3 NAVIGATION 0 0 0 0 286 0. 570986.7
4.23 3 WP_MOVED 0 358113. 4822203. 702.
4.23 3 SERVO -1891 -929 159
4.24 3 DESIRED -0. -0.1 0. 0. 700.051 -0.232
4.24 3 NAVIGATION 0 0 0 0 286 0. 570986.7
4.24 3 ATTITUDE 0 0 0
4.24 3 ESTIMATOR 700.823486 -0. 82.349998 -5e-06 82.349998
4.24 3 DL_VALUE 1 1.
4.24 3 NAVIGATION 0 0 0 0 286 0. 570986.7
4.24 3 WP_MOVED 1 358824.90625 4822110. 702.
4.25 3 COMMANDS 183,3,-1251,2546
4.25 3 NAVIGATION 0 0 0 0 286 0. 570986.7
4.25 3 ATTITUDE 0 0 0
4.25 3 GYRO_RATES -5 4 2 0.043633 0.034907 -0.017453
4.25 3 FBW_STATUS 0 0 124
4.25 3 ESTIMATOR 700.823486 -0. 82.349998 -5e-06 82.349998
4.25 3 NAVIGATION 0 0 0 0 286 0. 570986.7
4.26 3 WP_MOVED 2 358071. 4822161. 0.
4.26 3 DESIRED -0. -0.1 0. 0. 700.054 -0.231
4.26 3 NAVIGATION 0 0 0 0 286 0. 570986.7
4.27 3 ATTITUDE 0 0 0
4.27 3 ESTIMATOR 700.823486 -0. 82.349998 -5e-06 82.349998
4.27 3 DL_VALUE 2 0.
4.27 3 NAVIGATION 0 0 0 0 286 0. 570986.7
4.28 3 WP_MOVED 0 358113. 4822203. 702.
4.28 3 COMMANDS 177,27,-1250,2548
4.28 3 NAVIGATION 0 0 0 0 286 0. 570986.7
4.28 3 ATTITUDE 0 0 0
4.28 3 GYRO_RATES -4 4 2 0.034907 0.034907 -0.017453
4.28 3 FBW_STATUS 0 0 124
4.28 3 ESTIMATOR 700.823486 -0. 82.349998 -5e-06 82.349998
4.28 3 CALIBRATION -0.77 0.037 0.5 0
4.28 3 NAVIGATION 0 0 0 0 286 0. 570986.7
4.28 3 WP_MOVED 1 358824.90625 4822110. 702.
4.29 3 SERVO -1891 -929 183
4.29 3 DESIRED -0. -0.1 0. 0. 700.067 -0.229
4.29 3 NAVIGATION 0 0 0 0 286 0. 570986.7
4.29 3 ATTITUDE 0 0 0
4.29 3 ESTIMATOR 700.823486 -0. 82.349998 -5e-06 82.349998
4.29 3 DL_VALUE 3 0.
4.29 3 NAVIGATION 0 0 0 0 286 0. 570986.7
4.30 3 WP_MOVED 2 358071. 4822161. 0.
4.30 3 COMMANDS 182,6,-1272,2539
4.30 3 NAVIGATION 0 0 0 0 286 0. 570986.7
4.30 3 ATTITUDE 0 0 0
4.30 3 GYRO_RATES -5 4 2 0.043633 0.034907 -0.017453
4.30 3 FBW_STATUS 0 0 124
4.30 3 ESTIMATOR 700.823486 -0. 82.349998 -5e-06 82.349998
4.31 3 NAVIGATION 0 0 0 0 286 0. 570986.7
4.41 3 WP_MOVED 0 358113. 4822203. 702.
4.41 3 DESIRED -0. -0.1 0. 0. 700.056 -0.23
4.41 3 NAVIGATION 0 0 0 0 286 0. 570986.7
4.41 3 ATTITUDE 0 0 0
4.41 3 ESTIMATOR 700.823486 -0. 82.349998 -5e-06 82.349998
4.42 3 DL_VALUE 4 0.
4.42 3 NAVIGATION 0 0 0 0 286 0. 570986.7
4.42 3 WP_MOVED 1 358824.90625 4822110. 702.
4.42 3 COMMANDS 193,4,-1210,2570
4.42 3 NAVIGATION 0 0 0 0 286 0. 570986.7
4.42 3 ATTITUDE 0 0 0
4.42 3 GYRO_RATES -4 4 2 0.034907 0.034907 -0.017453
4.43 3 FBW_STATUS 0 0 124
4.43 3 ESTIMATOR 700.823486 -0. 82.349998 -5e-06 82.349998
4.43 3 BAT 180 124 0 0 49 49 0
4.43 3 ACTUATORS 1435,1564,0,1215,1369
4.43 3 CALIBRATION -0.768 0.037 0.5 0
4.43 3 NAVIGATION 0 0 0 0 286 0. 570986.7
4.43 3 WP_MOVED 2 358071. 4822161. 0.
4.43 3 SERVO -1891 -929 173
4.44 3 DESIRED -0. -0.1 0. 0. 700.054 -0.23
4.44 3 NAVIGATION 0 0 0 0 286 0. 570986.7
4.44 3 ATTITUDE 0 0 0
4.44 3 PPRZ_MODE 0 3 0 0 0 1 0
4.44 3 ESTIMATOR 700.823486 -0. 82.349998 -5e-06 82.349998
4.44 3 DL_VALUE 5 0.
4.44 3 NAVIGATION 0 0 0 0 286 0. 570986.7
4.44 3 WP_MOVED 0 358113. 4822203. 702.
4.45 3 COMMANDS 178,9,-1243,2575
4.45 3 NAVIGATION 0 0 0 0 286 0. 570986.7
4.45 3 ATTITUDE 0 0 0
4.45 3 GYRO_RATES -4 4 2 0.034907 0.034907 -0.017453
4.45 3 FBW_STATUS 0 0 124
4.45 3 ESTIMATOR 700.823486 -0. 82.349998 -5e-06 82.349998
4.45 3 NAVIGATION 0 0 0 0 286 0. 570986.7
4.46 3 WP_MOVED 1 358824.90625 4822110. 702.
4.46 3 DESIRED -0. -0.1 0. 0. 700.055 -0.23
4.46 3 NAVIGATION 0 0 0 0 286 0. 570986.7
4.46 3 ATTITUDE 0 0 0
4.46 3 ESTIMATOR 700.823486 -0. 82.349998 -5e-06 82.349998
4.46 3 DL_VALUE 6 0.
4.46 3 NAVIGATION 0 0 0 0 286 0. 570986.7
4.47 3 WP_MOVED 2 358071. 4822161. 0.
4.47 3 COMMANDS 144,12,-1325,2539
4.47 3 NAVIGATION 0 0 0 0 286 0. 570986.7
4.47 3 ATTITUDE 0 0 0
4.47 3 GYRO_RATES -4 4 2 0.034907 0.034907 -0.017453
4.47 3 FBW_STATUS 0 0 124
4.48 3 ESTIMATOR 700.823486 -0. 82.349998 -5e-06 82.349998
4.48 3 BAT 177 124 0 0 51 51 0
4.48 3 CALIBRATION -0.768 0.037 0.5 0
4.48 3 NAVIGATION 0 0 0 0 286 0. 570986.7
4.48 3 WP_MOVED 0 358113. 4822203. 702.
4.48 3 SERVO -1891 -929 178
4.48 3 DESIRED -0. -0.1 0. 0. 700.055 -0.23
4.48 3 NAVIGATION 0 0 0 0 286 0. 570986.7
4.48 3 ATTITUDE 0 0 0
4.49 3 ESTIMATOR 700.823486 -0. 82.349998 -5e-06 82.349998
4.49 3 DL_VALUE 7 0.
4.49 3 NAVIGATION 0 0 0 0 286 0. 570986.7
4.49 3 WP_MOVED 1 358824.90625 4822110. 702.
4.49 3 COMMANDS 170,3,-1272,2545
4.49 3 NAVIGATION 0 0 0 0 286 0. 570986.7
4.50 3 ATTITUDE 0 0 0
4.50 3 GYRO_RATES -4 4 2 0.034907 0.034907 -0.017453
4.50 3 FBW_STATUS 0 0 124
4.50 3 ESTIMATOR 700.823486 -0. 82.349998 -5e-06 82.349998
4.50 3 NAVIGATION 0 0 0 0 286 0. 570986.7
4.50 3 WP_MOVED 2 358071. 4822161. 0.
4.50 3 DESIRED -0. -0.1 0. 0. 700.048 -0.235
4.51 3 NAVIGATION 0 0 0 0 286 0. 570986.7
4.51 3 ATTITUDE 0 0 0
4.51 3 ESTIMATOR 700.823486 -0. 82.349998 -5e-06 82.349998
4.51 3 DL_VALUE 8 0.
4.52 3 NAVIGATION 0 0 0 0 286 0. 570986.7
4.56 3 WP_MOVED 0 358113. 4822203. 702.
4.56 3 COMMANDS 181,68,-1256,2541
4.56 3 NAVIGATION 0 0 0 0 286 0. 570986.7
4.56 3 ATTITUDE 0 0 0
4.56 3 GYRO_RATES -4 4 2 0.034907 0.034907 -0.017453
4.56 3 FBW_STATUS 0 0 124
4.56 3 ESTIMATOR 700.823486 -0. 82.349998 -5e-06 82.349998
4.56 3 BAT 155 124 0 0 53 53 0
4.56 3 CALIBRATION -0.771 0.037 0.5 0
4.56 3 NAVIGATION 0 0 0 0 286 0. 570986.7
4.56 3 WP_MOVED 1 358824.90625 4822110. 702.
4.56 3 SERVO -1891 -929 200
4.56 3 DESIRED -0. -0.1 0. 0. 700.055 -0.23
4.56 3 NAVIGATION 0 0 0 0 286 0. 570986.7
4.56 3 ATTITUDE 0 0 0
4.56 3 ESTIMATOR 700.823486 -0. 82.349998 -5e-06 82.349998
4.56 3 DL_VALUE 9 515.
4.56 3 NAVIGATION 0 0 0 0 286 0. 570986.7
4.56 3 WP_MOVED 2 358071. 4822161. 0.
4.56 3 NAVIGATION_REF 358071 4822161 31
4.56 3 COMMANDS 185,64,-1177,2558
4.56 3 NAVIGATION 0 0 0 0 286 0. 570986.7
4.56 3 ATTITUDE 0 0 0
4.56 3 GYRO_RATES -4 3 2 0.034907 0.02618 -0.017453
4.56 3 FBW_STATUS 0 0 124
4.56 3 ESTIMATOR 700.823486 -0. 82.349998 -5e-06 82.349998
4.56 3 ACTUATORS 1437,1567,0,1214,1369
4.56 3 NAVIGATION 0 0 0 0 286 0. 570986.7
4.56 3 WP_MOVED 0 358113. 4822203. 702.
4.56 3 DESIRED -0. -0.1 0. 0. 700.069 -0.231
4.56 3 NAVIGATION 0 0 0 0 286 0. 570986.7
4.56 3 ATTITUDE 0 0 0
4.56 3 PPRZ_MODE 0 3 0 0 0 1 0
4.56 3 ESTIMATOR 700.823486 -0. 82.349998 -5e-06 82.349998
4.56 3 DL_VALUE 10 480.
4.56 3 NAVIGATION 0 0 0 0 286 0. 570986.7
4.56 3 WP_MOVED 1 358824.90625 4822110. 702.
4.56 3 COMMANDS 182,20,-1256,2565
4.56 3 NAVIGATION 0 0 0 0 286 0. 570986.7
4.56 3 ATTITUDE 0 0 0
4.66 3 GYRO_RATES -4 4 2 0.034907 0.034907 -0.017453
4.66 3 FBW_STATUS 0 0 124
4.66 3 ESTIMATOR 700.823486 -0. 82.349998 -5e-06 82.349998
4.66 3 BAT 177 124 0 0 55 55 0
4.66 3 CALIBRATION -0.769 0.037 0.5 0
4.66 3 NAVIGATION 0 0 0 0 286 0. 570986.7
4.67 3 WP_MOVED 2 358071. 4822161. 0.
4.67 3 SERVO -1891 -929 190
4.67 3 DESIRED -0. -0.1 0. 0. 700.055 -0.227
4.67 3 NAVIGATION 0 0 0 0 286 0. 570986.7
4.67 3 ATTITUDE 0 0 0
4.67 3 ESTIMATOR 700.823486 -0. 82.349998 -5e-06 82.349998
4.67 3 DL_VALUE 11 470.
4.68 3 NAVIGATION 0 0 0 0 286 0. 570986.7
4.68 3 WP_MOVED 0 358113. 4822203. 702.
4.68 3 COMMANDS 173,15,-1247,2558
4.68 3 NAVIGATION 0 0 0 0 286 0. 570986.7
4.68 3 ATTITUDE 0 0 0
4.68 3 GYRO_RATES -4 4 2 0.034907 0.034907 -0.017453
4.68 3 FBW_STATUS 0 0 124
4.68 3 ESTIMATOR 700.823486 -0. 82.349998 -5e-06 82.349998
4.69 3 NAVIGATION 0 0 0 0 286 0. 570986.7
4.69 3 WP_MOVED 1 358824.90625 4822110. 702.
4.69 3 DESIRED -0. -0.1 0. 0. 700.054 -0.231
4.69 3 NAVIGATION 0 0 0 0 286 0. 570986.7
4.69 3 ATTITUDE 0 0 0
4.69 3 ESTIMATOR 700.823486 -0. 82.349998 -5e-06 82.349998
4.70 3 DL_VALUE 12 1.35
4.70 3 NAVIGATION 0 0 0 0 286 0. 570986.7
4.70 3 WP_MOVED 2 358071. 4822161. 0.
4.70 3 COMMANDS 171,-29,-1299,2573
4.70 3 NAVIGATION 0 0 0 0 286 0. 570986.7
4.70 3 ATTITUDE 0 0 0
4.70 3 GYRO_RATES -4 4 2 0.034907 0.034907 -0.017453
4.71 3 FBW_STATUS 0 0 124
4.71 3 ESTIMATOR 700.823486 -0. 82.349998 -5e-06 82.349998
4.71 3 BAT 173 124 0 0 57 57 0
4.71 3 CALIBRATION -0.768 0.037 0.5 0
4.71 3 NAVIGATION 0 0 0 0 286 0. 570986.7
4.71 3 WP_MOVED 0 358113. 4822203. 702.
4.71 3 SERVO -1891 -929 164
4.72 3 DESIRED -0. -0.1 0. 0. 700.047 -0.23
4.72 3 NAVIGATION 0 0 0 0 286 0. 570986.7
4.72 3 ATTITUDE 0 0 0
4.72 3 ESTIMATOR 700.823486 -0. 82.349998 -5e-06 82.349998
4.72 3 DL_VALUE 13 0.
4.72 3 NAVIGATION 0 0 0 0 286 0. 570986.7
4.72 3 WP_MOVED 1 358824.90625 4822110. 702.
4.73 3 COMMANDS 176,38,-1243,2590
4.73 3 NAVIGATION 0 0 0 0 286 0. 570986.7
4.73 3 ATTITUDE 0 0 0
4.73 3 GYRO_RATES -4 4 2 0.034907 0.034907 -0.017453
4.73 3 FBW_STATUS 0 0 124
4.74 3 ESTIMATOR 700.823486 -0. 82.349998 -5e-06 82.349998
4.74 3 NAVIGATION 0 0 0 0 286 0. 570986.7
4.74 3 WP_MOVED 2 358071. 4822161. 0.
4.74 3 DESIRED -0. -0.1 0. 0. 700.057 -0.23
4.74 3 NAVIGATION 0 0 0 0 286 0. 570986.7
4.74 3 ATTITUDE 0 0 0
4.74 3 ESTIMATOR 700.823486 -0. 82.349998 -5e-06 82.349998
4.74 3 DL_VALUE 14 0.
4.74 3 NAVIGATION 0 0 0 0 286 0. 570986.7
4.75 3 WP_MOVED 0 358113. 4822203. 702.
4.75 3 COMMANDS 160,3,-1273,2594
4.75 3 NAVIGATION 0 0 0 0 286 0. 570986.7
4.75 3 ATTITUDE 0 0 0
4.75 3 GYRO_RATES -4 4 2 0.034907 0.034907 -0.017453
4.75 3 FBW_STATUS 0 0 124
4.75 3 ESTIMATOR 700.823486 -0. 82.349998 -5e-06 82.349998
4.76 3 BAT 173 124 0 0 59 59 0
4.76 3 ACTUATORS 1434,1571,0,1215,1367
4.76 3 CALIBRATION -0.767 0.037 0.5 0
4.76 3 NAVIGATION 0 0 0 0 286 0. 570986.7
4.76 3 WP_MOVED 1 358824.90625 4822110. 702.
4.76 3 SERVO -1891 -929 173
4.76 3 DESIRED -0. -0.1 0. 0. 700.055 -0.23
4.77 3 NAVIGATION 0 0 0 0 286 0. 570986.7
4.77 3 ATTITUDE 0 0 0
4.77 3 PPRZ_MODE 0 3 0 0 0 1 0
4.77 3 ESTIMATOR 700.823486 -0. 82.349998 -5e-06 82.349998
4.77 3 DL_VALUE 15 0.75
4.77 3 NAVIGATION 0 0 0 0 286 0. 570986.7
4.77 3 WP_MOVED 2 358071. 4822161. 0.
4.78 3 COMMANDS 173,-37,-1270,2515
4.78 3 NAVIGATION 0 0 0 0 286 0. 570986.7
4.78 3 ATTITUDE 0 0 0
4.78 3 GYRO_RATES -4 4 2 0.034907 0.034907 -0.017453
4.78 3 FBW_STATUS 0 0 124
4.78 3 ESTIMATOR 700.823486 -0. 82.349998 -5e-06 82.349998
4.78 3 NAVIGATION 0 0 0 0 286 0. 570986.7
4.78 3 WP_MOVED 0 358113. 4822203. 702.
4.89 3 DESIRED -0. -0.1 0. 0. 700.052 -0.23
4.89 3 NAVIGATION 0 0 0 0 286 0. 570986.7
4.89 3 ATTITUDE 0 0 0
4.90 3 ESTIMATOR 700.823486 -0. 82.349998 -5e-06 82.349998
4.90 3 DL_VALUE 16 25000.
4.90 3 NAVIGATION 0 0 0 0 286 0. 570986.7
4.90 3 WP_MOVED 1 358824.90625 4822110. 702.
4.90 3 COMMANDS 197,-3,-1278,2532
4.90 3 NAVIGATION 0 0 0 0 286 0. 570986.7
4.90 3 ATTITUDE 0 0 0
4.91 3 GYRO_RATES -4 3 1 0.034907 0.02618 -0.008727
4.91 3 FBW_STATUS 0 0 124
4.91 3 ESTIMATOR 700.823486 -0. 82.349998 -5e-06 82.349998
4.91 3 BAT 177 124 0 0 61 61 0
4.91 3 DOWNLINK_STATUS 3 9297 620 0 5705. 381.
4.91 3 CALIBRATION -0.769 0.037 0.5 0
4.91 3 NAVIGATION 0 0 0 0 286 0. 570986.7
4.91 3 WP_MOVED 2 358071. 4822161. 0.
4.92 3 SERVO -1891 -929 178
4.92 3 DESIRED -0. -0.1 0. 0. 700.054 -0.231
4.92 3 NAVIGATION 0 0 0 0 286 0. 570986.7
4.92 3 ATTITUDE 0 0 0
4.92 3 ESTIMATOR 700.823486 -0. 82.349998 -5e-06 82.349998
4.92 3 DL_VALUE 17 25000.
4.93 3 NAVIGATION 0 0 0 0 286 0. 570986.7
4.93 3 WP_MOVED 0 358113. 4822203. 702.
4.93 3 COMMANDS 175,-4,-1289,2570
4.93 3 NAVIGATION 0 0 0 0 286 0. 570986.7
4.93 3 ATTITUDE 0 0 0
4.93 3 GYRO_RATES -4 3 2 0.034907 0.02618 -0.017453
4.93 3 FBW_STATUS 0 0 124
4.93 3 ESTIMATOR 700.823486 -0. 82.349998 -5e-06 82.349998
4.94 3 NAVIGATION 0 0 0 0 286 0. 570986.7
4.94 3 WP_MOVED 1 358824.90625 4822110. 702.
4.94 3 DESIRED -0. -0.1 0. 0. 700.052 -0.231
4.94 3 NAVIGATION 0 0 0 0 286 0. 570986.7
4.94 3 ATTITUDE 0 0 0
4.94 3 ESTIMATOR 700.823486 -0. 82.349998 -5e-06 82.349998
4.95 3 DL_VALUE 18 0.75
4.95 3 NAVIGATION 0 0 0 0 286 0. 570986.7
4.95 3 WP_MOVED 2 358071. 4822161. 0.
4.95 3 NAVIGATION_REF 358071 4822161 31
4.96 3 COMMANDS 180,7,-1248,2567
4.96 3 NAVIGATION 0 0 0 0 286 0. 570986.7
4.96 3 ATTITUDE 0 0 0
4.96 3 GYRO_RATES -4 3 2 0.034907 0.02618 -0.017453
4.96 3 FBW_STATUS 0 0 124
4.96 3 ESTIMATOR 700.823486 -0. 82.349998 -5e-06 82.349998
4.96 3 BAT 180 124 0 0 63 63 0
4.96 3 CALIBRATION -0.768 0.037 0.5 0
4.96 3 NAVIGATION 0 0 0 0 286 0. 570986.7
4.96 3 WP_MOVED 0 358113. 4822203. 702.
4.96 3 SERVO -1891 -929 179
4.97 3 DESIRED -0. -0.1 0. 0. 700.055 -0.227
4.97 3 NAVIGATION 0 0 0 0 286 0. 570986.7
4.97 3 ATTITUDE 0 0 0
4.97 3 ESTIMATOR 700.823486 -0. 82.349998 -5e-06 82.349998
4.97 3 DL_VALUE 19 14000.
4.97 3 NAVIGATION 0 0 0 0 286 0. 570986.7
4.98 3 WP_MOVED 1 358824.90625 4822110. 702.
4.98 3 COMMANDS 176,9,-1240,2567
4.98 3 NAVIGATION 0 0 0 0 286 0. 570986.7
4.98 3 ATTITUDE 0 0 0
4.98 3 GYRO_RATES -4 3 2 0.034907 0.02618 -0.017453
4.98 3 FBW_STATUS 0 0 124
4.99 3 ESTIMATOR 700.823486 -0. 82.349998 -5e-06 82.349998
4.99 3 ACTUATORS 1432,1562,0,1214,1367
4.99 3 NAVIGATION 0 0 0 0 286 0. 570986.7
4.99 3 WP_MOVED 2 358071. 4822161. 0.
4.99 3 DESIRED -0. -0.1 0. 0. 700.06 -0.23
4.99 3 NAVIGATION 0 0 0 0 286 0. 570986.7
4.99 3 ATTITUDE 0 0 0
4.99 3 PPRZ_MODE 0 3 0 0 0 1 0
4.99 3 ESTIMATOR 700.823486 -0. 82.349998 -5e-06 82.349998
5.00 3 DL_VALUE 20 14000.
5.00 3 NAVIGATION 0 0 0 0 286 0. 570986.7
5.00 3 WP_MOVED 0 358113. 4822203. 702.
5.00 3 COMMANDS 196,38,-1218,2538
5.00 3 NAVIGATION 0 0 0 0 286 0. 570986.7
5.00 3 ATTITUDE 0 0 0
5.00 3 GYRO_RATES -4 4 2 0.034907 0.034907 -0.017453
5.01 3 FBW_STATUS 0 0 124
5.01 3 ESTIMATOR 700.823486 -0. 82.349998 -5e-06 82.349998
5.01 3 BAT 169 124 0 0 65 65 1
5.01 3 CALIBRATION -0.767 0.037 0.5 0
5.02 3 NAVIGATION 0 0 0 0 286 0. 570986.7
5.06 3 WP_MOVED 1 358824.90625 4822110. 702.
5.06 3 SERVO -1769 -929 176
5.06 3 DESIRED -0. -0.1 0. 0. 700.058 -0.228
5.06 3 NAVIGATION 0 0 0 0 286 0. 570986.7
5.06 3 ATTITUDE 0 0 0
5.06 3 ESTIMATOR 700.823486 -0. 82.349998 -5e-06 82.349998
5.06 3 DL_VALUE 21 0.75
5.06 3 NAVIGATION 0 0 0 0 286 0. 570986.7
5.06 3 WP_MOVED 2 358071. 4822161. 0.
5.06 3 COMMANDS 179,-4,-1247,2570
5.06 3 NAVIGATION 0 0 0 0 286 0. 570986.7
5.06 3 ATTITUDE 0 0 0
5.06 3 GYRO_RATES -4 3 2 0.034907 0.02618 -0.017453
5.06 3 FBW_STATUS 0 0 124
5.06 3 ESTIMATOR 700.823486 -0. 82.349998 -5e-06 82.349998
5.06 3 NAVIGATION 0 0 0 0 286 0. 570986.7
5.06 3 WP_MOVED 0 358113. 4822203. 702.
5.06 3 DESIRED -0. -0.1 0. 0. 700.057 -0.23
5.06 3 NAVIGATION 0 0 0 0 286 0. 570986.7
5.06 3 ATTITUDE 0 0 0
5.06 3 ESTIMATOR 700.823486 -0. 82.349998 -5e-06 82.349998
5.06 3 DL_VALUE 22 17000.
5.06 3 NAVIGATION 0 0 0 0 286 0. 570986.7
5.06 3 WP_MOVED 1 358824.90625 4822110. 702.
