8.33 34 DESIRED 0. 0. 0. 0. 770. 0.
8.33 34 IR_DEBUG 481 517 481 517
8.38 34 NAVIGATION 0 1 0 0 38 0. 6571.9
8.38 34 WP_MOVED 2 506379.59375 3566304.75 800.
8.38 34 GPS 0 50624961 356621065 0 80355 0 0 446498 12 0
8.38 34 ESTIMATOR 0. 0. 0. 0. 0.
8.38 34 COMMANDS 186,-21,-1198,2536
8.38 34 NAVIGATION 0 1 0 0 38 0. 6571.9
8.38 34 ATTITUDE -1 0 -32
8.38 34 DL_VALUE 14 482.
8.38 34 GPS 0 50624961 356621065 0 80355 0 0 446750 12 0
8.38 34 FBW_STATUS 0 0 122
9.50 34 RAD_OF_IR -2 0 0.00211
9.58 34 IR_SENSORS -684 -2 1
9.66 34 NAVIGATION 0 1 0 0 38 0. 6571.9
9.75 34 WP_MOVED 3 506366. 3566262. 0.
9.82 34 GYRO_RATES -49 -21 0 0.427606 -0.18326 0.
9.93 34 GPS 0 50624961 356621065 0 80355 0 0 446998 12 0
9.93 34 ESTIMATOR 0. 0. 0. 0. 0.
9.94 34 NAVIGATION 0 1 0 0 38 0. 6571.9
10.01 34 ATTITUDE -1 0 -32
10.02 34 GPS 0 50624961 356621065 0 80355 0 0 447250 12 0
10.02 34 DESIRED 0. 0. 0. 0. 770. 0.
10.02 34 NAVIGATION 0 1 0 0 38 0. 6571.9
10.10 34 WP_MOVED 0 506408. 3566304. 800.
10.26 34 GPS 0 50624961 356621065 0 80355 0 0 447498 12 0
10.26 34 ESTIMATOR 0. 0. 0. 0. 0.
10.35 34 COMMANDS 175,49,-1220,2577
10.35 34 NAVIGATION 0 1 0 0 38 0. 6571.9
10.42 34 ATTITUDE 0 0 -32
10.50 34 DL_VALUE 15 455.
10.72 34 DOWNLINK_STATUS 9 2210 134 0 851. 53.
10.72 34 FBW_STATUS 0 0 122
10.80 34 RAD_OF_IR 3 0 0.00211
10.99 34 NAVIGATION_REF 506366 3566262 12
11.07 34 GPS 0 50624961 356621065 0 80355 0 0 447750 12 0
11.16 34 IR_SENSORS -681 4 1
11.16 34 NAVIGATION 0 1 0 0 38 0. 6571.9
11.33 34 WP_MOVED 1 506292.5 3566296.25 800.
11.41 34 GYRO_RATES -48 -18 0 0.418879 -0.15708 0.
11.42 34 ESTIMATOR 0. 0. 0. 0. 0.
11.49 34 BAT 139 122 0 0 470 0 7
11.57 34 GPS 0 50624961 356621065 0 80355 0 0 447998 12 0
11.57 34 NAVIGATION 0 1 0 0 38 0. 6571.9
11.74 34 ATTITUDE 0 0 -31
11.74 34 CALIBRATION 0. 0.023 0.067 0
11.83 34 SERVO 9600 -9600 179
11.93 34 GPS 0 50624961 356621065 0 80355 0 0 448250 12 0
11.97 34 DESIRED 0. 0. 0. 0. 770. 0.
12.01 34 IR_DEBUG 489 482 489 482
12.01 34 NAVIGATION 0 1 0 0 38 0. 6571.9
12.09 34 WP_MOVED 2 506379.59375 3566304.75 800.
12.10 34 ESTIMATOR 0. 0. 0. 0. 0.
12.18 34 GPS 0 50624961 356621065 0 80355 0 0 448498 12 0
12.34 34 DOWNLINK_STATUS 11 2581 156 0 371. 22.
12.42 34 COMMANDS 164,4,-1236,2573
12.42 34 NAVIGATION 0 1 0 0 38 0. 6571.9
12.50 34 ATTITUDE 0 0 -32
12.78 34 DL_VALUE 16 7500.
12.79 34 FBW_STATUS 0 0 122
12.87 34 RAD_OF_IR 16 0 0.00211
12.98 34 IR_SENSORS -683 16 1
13.07 34 GPS 0 50624961 356621065 0 80355 0 0 448750 12 0
13.08 34 NAVIGATION 0 1 0 0 38 0. 6571.9
13.18 34 WP_MOVED 3 506366. 3566262. 0.
13.38 34 GYRO_RATES -48 -20 0 0.418879 -0.174533 0.
13.38 34 ESTIMATOR 0. 0. 0. 0. 0.
13.39 34 NAVIGATION 0 1 0 0 38 0. 6571.9
13.50 34 GPS 0 50624961 356621065 0 80355 0 0 448998 12 0
13.70 34 ATTITUDE 1 0 -31
13.70 34 DESIRED 0. 0. 0. 0. 770. 0.
13.71 34 NAVIGATION 0 1 0 0 38 0. 6571.9
13.73 34 GPS 0 50624961 356621065 0 80355 0 0 449250 12 0
13.73 34 WP_MOVED 0 506408. 3566304. 800.
13.73 34 ESTIMATOR 0. 0. 0. 0. 0.
13.73 34 DOWNLINK_STATUS 12 2911 176 0 330. 20.
13.74 34 COMMANDS 119,-65,-1336,2591
13.74 34 NAVIGATION 0 1 0 0 38 0. 6571.9
13.74 34 ATTITUDE 1 0 -31
13.74 34 DL_VALUE 17 11250.
13.74 34 GPS 0 50624961 356621065 0 80355 0 0 449498 12 0
13.74 34 FBW_STATUS 0 0 122
13.74 34 RAD_OF_IR 15 0 0.00211
13.75 34 ACTUATORS 1440,1566,0,1214,1636
13.75 34 IR_SENSORS -684 15 1
13.75 34 NAVIGATION 0 1 0 0 38 0. 6571.9
13.75 34 GPS 0 50624961 356621065 0 80355 0 0 449750 12 0
13.75 34 WP_MOVED 1 506292.5 3566296.25 800.
13.75 34 GYRO_RATES -48 -18 0 0.418879 -0.15708 0.
13.76 34 ESTIMATOR 0. 0. 0. 0. 0.
13.76 34 BAT 169 122 0 0 472 0 7
13.76 34 NAVIGATION 0 1 0 0 38 0. 6571.9
13.76 34 ATTITUDE 1 0 -32
13.76 34 CALIBRATION 0. 0.023 0.067 0
13.76 34 GPS 0 50624961 356621065 0 80355 0 0 449998 12 0
13.76 34 SERVO 9600 -9600 169
14.12 34 DESIRED 0. 0. 0. 0. 770. 0.
14.20 34 IR_DEBUG 502 480 502 480
14.20 34 NAVIGATION 0 1 0 0 38 0. 6571.9
14.39 34 WP_MOVED 2 506379.59375 3566304.75 800.
14.39 34 PPRZ_MODE 0 0 3 0 0 1 0
14.47 34 GPS 0 50624961 356621065 0 80355 0 0 450250 12 0
14.47 34 ESTIMATOR 0. 0. 0. 0. 0.
14.56 34 COMMANDS 176,-48,-1269,2551
14.56 34 NAVIGATION 0 1 0 0 38 0. 6571.9
14.73 34 ATTITUDE 1 0 -32
14.81 34 DL_VALUE 18 10000.
14.91 34 GPS 0 50624961 356621065 0 80355 0 0 450498 12 0
14.91 34 FBW_STATUS 0 0 122
15.15 34 RAD_OF_IR 14 0 0.00211
15.49 34 IR_SENSORS -685 14 1
15.50 34 NAVIGATION 0 1 0 0 38 0. 6571.9
15.58 34 WP_MOVED 3 506366. 3566262. 0.
15.86 34 GYRO_RATES -48 -21 0 0.418879 -0.18326 0.
15.98 34 GPS 0 50624961 356621065 0 80355 0 0 450750 12 0
16.02 34 ESTIMATOR 0. 0. 0. 0. 0.
16.03 34 NAVIGATION 0 1 0 0 38 0. 6571.9
16.11 34 ATTITUDE 1 0 -32
16.11 34 GPS 0 50624961 356621065 0 80355 0 0 450998 12 0
16.12 34 DESIRED 0. 0. 0. 0. 770. 0.
16.12 34 NAVIGATION 0 1 0 0 38 0. 6571.9
16.20 34 WP_MOVED 0 506408. 3566304. 800.
16.37 34 DOWNLINK_STATUS 15 3645 222 0 734. 46.
16.45 34 GPS 0 50624961 356621065 0 80355 0 0 451250 12 0
16.46 34 ESTIMATOR 0. 0. 0. 0. 0.
16.54 34 COMMANDS 182,-9,-1237,2536
16.54 34 NAVIGATION 0 1 0 0 38 0. 6571.9
16.64 34 ATTITUDE 0 0 -31
16.80 34 DL_VALUE 19 3000.
16.80 34 FBW_STATUS 0 0 122
16.89 34 RAD_OF_IR 13 0 0.00211
16.97 34 GPS 0 50624961 356621065 0 80355 0 0 451498 12 0
17.06 34 IR_SENSORS -681 11 1
17.06 34 NAVIGATION 0 1 0 0 38 0. 6571.9
17.15 34 WP_MOVED 1 506292.5 3566296.25 800.
17.19 34 GYRO_RATES -49 -19 0 0.427606 -0.165806 0.
17.20 34 ESTIMATOR 0. 0. 0. 0. 0.
17.20 34 BAT 161 122 0 0 474 0 7
17.20 34 GPS 0 50624961 356621065 0 80355 0 0 451750 12 0
17.20 34 NAVIGATION 0 1 0 0 38 0. 6571.9
17.20 34 ATTITUDE 0 0 -31
17.20 34 CALIBRATION 0. 0.023 0.067 0
17.20 34 DOWNLINK_STATUS 16 3945 241 0 300. 19.
17.21 34 SERVO 9600 -9600 170
17.21 34 GPS 0 50624961 356621065 0 80355 0 0 451998 12 0
17.21 34 DESIRED 0. 0. 0. 0. 770. 0.
17.21 34 IR_DEBUG 493 478 493 478
17.21 34 NAVIGATION 0 1 0 0 38 0. 6571.9
17.21 34 WP_MOVED 2 506379.59375 3566304.75 800.
17.21 34 ESTIMATOR 0. 0. 0. 0. 0.
17.22 34 GPS 0 50624961 356621065 0 80355 0 0 452250 12 0
17.22 34 COMMANDS 176,10,-1226,2528
17.22 34 NAVIGATION 0 1 0 0 38 0. 6571.9
17.22 34 ATTITUDE 0 0 -31
17.22 34 DL_VALUE 20 20000.
17.22 34 FBW_STATUS 0 0 122
17.22 34 RAD_OF_IR 11 0 0.00211
17.23 34 IR_SENSORS -678 10 1
17.23 34 GPS 0 50624961 356621065 0 80355 0 0 452498 12 0
17.23 34 NAVIGATION 0 1 0 0 38 0. 6571.9
17.23 34 WP_MOVED 3 506366. 3566262. 0.
17.23 34 GYRO_RATES -48 -20 0 0.418879 -0.174533 0.
17.23 34 ESTIMATOR 0. 0. 0. 0. 0.
17.24 34 GPS 0 50624961 356621065 0 80355 0 0 452750 12 0
17.24 34 NAVIGATION 0 1 0 0 38 0. 6571.9
17.24 34 ATTITUDE 0 0 -31
17.24 34 DESIRED 0. 0. 0. 0. 770. 0.
17.24 34 NAVIGATION 0 1 0 0 38 0. 6571.9
17.24 34 GPS 0 50624961 356621065 0 80355 0 0 452998 12 0
17.25 34 WP_MOVED 0 506408. 3566304. 800.
17.25 34 ESTIMATOR 0. 0. 0. 0. 0.
17.25 34 COMMANDS 176,-18,-1231,2532
17.25 34 NAVIGATION 0 1 0 0 38 0. 6571.9
17.25 34 ATTITUDE 0 0 -31
17.26 34 DL_VALUE 21 17500.
17.26 34 GPS 0 50624961 356621065 0 80355 0 0 453250 12 0
17.26 34 FBW_STATUS 0 0 122
17.26 34 RAD_OF_IR 11 0 0.00211
17.26 34 IR_SENSORS -678 11 1
17.26 34 NAVIGATION 0 1 0 0 38 0. 6571.9
17.27 34 GPS 0 50624961 356621065 0 80355 0 0 453498 12 0
17.27 34 WP_MOVED 1 506292.5 3566296.25 800.
17.27 34 GYRO_RATES -48 -20 -1 0.418879 -0.174533 -0.008727
17.27 34 ESTIMATOR 0. 0. 0. 0. 0.
17.51 34 BAT 169 122 0 0 476 0 7
17.51 34 NAVIGATION 0 1 0 0 38 0. 6571.9
17.51 34 ATTITUDE 1 0 -31
17.51 34 CALIBRATION 0. 0.023 0.067 0
17.52 34 GPS 0 50624961 356621065 0 80355 0 0 453750 12 0
17.52 34 SERVO 9600 -9600 164
17.52 34 DESIRED 0. 0. 0. 0. 770. 0.
17.52 34 IR_DEBUG 495 475 495 475
17.52 34 NAVIGATION 0 1 0 0 38 0. 6571.9
17.53 34 WP_MOVED 2 506379.59375 3566304.75 800.
17.53 34 GPS 0 50624961 356621065 0 80355 0 0 453998 12 0
17.53 34 ESTIMATOR 0. 0. 0. 0. 0.
17.53 34 COMMANDS 193,7,-1182,2441
17.53 34 NAVIGATION 0 1 0 0 38 0. 6571.9
17.53 34 ATTITUDE 1 0 -31
17.54 34 DL_VALUE 22 20000.
17.54 34 GPS 0 50624961 356621065 0 80355 0 0 454250 12 0
17.54 34 FBW_STATUS 0 0 122
17.54 34 RAD_OF_IR 14 0 0.00211
17.62 34 ACTUATORS 1442,1564,0,1214,1629
17.70 34 IR_SENSORS -679 13 1
17.78 34 NAVIGATION 0 1 0 0 38 0. 6571.9
17.88 34 WP_MOVED 3 506366. 3566262. 0.
17.96 34 GYRO_RATES -48 -20 0 0.418879 -0.174533 0.
18.04 34 GPS 0 50624961 356621065 0 80355 0 0 454498 12 0
18.05 34 ESTIMATOR 0. 0. 0. 0. 0.
18.05 34 NAVIGATION 0 1 0 0 38 0. 6571.9
18.13 34 ATTITUDE 1 0 -31
18.13 34 GPS 0 50624961 356621065 0 80355 0 0 454750 12 0
18.13 34 DESIRED 0. 0. 0. 0. 770. 0.
18.14 34 NAVIGATION 0 1 0 0 38 0. 6571.9
18.22 34 WP_MOVED 0 506408. 3566304. 800.
18.22 34 PPRZ_MODE 0 0 3 0 0 1 0
18.31 34 GPS 0 50624961 356621065 0 80355 0 0 454998 12 0
18.39 34 ESTIMATOR 0. 0. 0. 0. 0.
18.48 34 COMMANDS 190,-7,-1195,2558
18.48 34 NAVIGATION 0 1 0 0 38 0. 6571.9
18.48 34 ATTITUDE 1 0 -31
18.57 34 DL_VALUE 23 0.
18.65 34 DOWNLINK_STATUS 17 5255 321 0 1310. 80.
18.65 34 FBW_STATUS 0 0 122
18.81 34 RAD_OF_IR 14 0 0.00211
18.89 34 GPS 0 50624961 356621065 0 80355 0 0 455250 12 0
18.97 34 IR_SENSORS -681 14 1
18.97 34 NAVIGATION 0 1 0 0 38 0. 6571.9
19.06 34 WP_MOVED 1 506292.5 3566296.25 800.
19.14 34 GYRO_RATES -48 -21 -1 0.418879 -0.18326 -0.008727
19.14 34 ESTIMATOR 0. 0. 0. 0. 0.
19.22 34 BAT 169 122 0 0 478 0 7
19.30 34 GPS 0 50624961 356621065 0 80355 0 0 455498 12 0
19.31 34 NAVIGATION 0 1 0 0 38 0. 6571.9
19.39 34 ATTITUDE 0 0 -31
19.39 34 CALIBRATION 0. 0.023 0.067 0
19.48 34 SERVO 9600 -9600 152
19.56 34 GPS 0 50624961 356621065 0 80355 0 0 455750 12 0
19.56 34 DESIRED 0. 0. 0. 0. 770. 0.
19.64 34 IR_DEBUG 497 477 497 477
19.64 34 NAVIGATION 0 1 0 0 38 0. 6571.9
19.80 34 WP_MOVED 2 506379.59375 3566304.75 800.
19.81 34 ESTIMATOR 0. 0. 0. 0. 0.
19.89 34 GPS 0 50624961 356621065 0 80355 0 0 455998 12 0
19.98 34 DOWNLINK_STATUS 19 5615 342 0 360. 21.
20.06 34 COMMANDS 166,-82,-1256,2548
20.06 34 NAVIGATION 0 1 0 0 38 0. 6571.9
20.14 34 ATTITUDE 1 0 -31
20.22 34 DL_VALUE 24 2150.
20.22 34 FBW_STATUS 0 0 122
20.23 34 RAD_OF_IR 14 0 0.00211
20.23 34 NAVIGATION_REF 506366 3566262 12
20.38 34 IR_SENSORS -677 15 1
20.47 34 GPS 0 50624961 356621065 0 80355 0 0 456250 12 0
20.52 34 NAVIGATION 0 1 0 0 38 0. 6571.9
20.56 34 WP_MOVED 3 506366. 3566262. 0.
20.64 34 GYRO_RATES -48 -20 0 0.418879 -0.174533 0.
20.64 34 ESTIMATOR 0. 0. 0. 0. 0.
20.80 34 GPS 0 50624961 356621065 0 80355 0 0 456498 12 0
20.81 34 NAVIGATION 0 1 0 0 38 0. 6571.9
20.81 34 ATTITUDE 1 0 -31
20.82 34 DESIRED 0. 0. 0. 0. 770. 0.
20.82 34 NAVIGATION 0 1 0 0 38 0. 6571.9
20.82 34 GPS 0 50624961 356621065 0 80355 0 0 456750 12 0
20.91 34 WP_MOVED 0 506408. 3566304. 800.
20.91 34 ESTIMATOR 0. 0. 0. 0. 0.
20.99 34 DOWNLINK_STATUS 20 5956 363 0 341. 21.
21.19 34 COMMANDS 177,-18,-1248,2574
21.19 34 NAVIGATION 0 1 0 0 38 0. 6571.9
21.26 34 ATTITUDE 0 0 -31
21.43 34 DL_VALUE 25 5300.
21.51 34 GPS 0 50624961 356621065 0 80355 0 0 456998 12 0
21.52 34 FBW_STATUS 0 0 122
21.52 34 RAD_OF_IR 14 0 0.00211
21.60 34 IR_SENSORS -677 14 1
21.60 34 NAVIGATION 0 1 0 0 38 0. 6571.9
21.61 34 GPS 0 50624961 356621065 0 80355 0 0 457250 12 0
21.69 34 WP_MOVED 1 506292.5 3566296.25 800.
21.85 34 GYRO_RATES -48 -19 0 0.418879 -0.165806 0.
21.85 34 ESTIMATOR 0. 0. 0. 0. 0.
21.94 34 BAT 203 122 0 0 480 0 7
21.95 34 NAVIGATION 0 1 0 0 38 0. 6571.9
21.95 34 ATTITUDE 0 0 -31
21.95 34 CALIBRATION 0. 0.023 0.067 0
22.04 34 GPS 0 50624961 356621065 0 80355 0 0 457498 12 0
22.12 34 SERVO 9600 -9600 201
22.12 34 DESIRED 0. 0. 0. 0. 770. 0.
22.20 34 IR_DEBUG 492 475 492 475
22.21 34 NAVIGATION 0 1 0 0 38 0. 6571.9
22.29 34 DOWNLINK_STATUS 21 6296 385 0 340. 22.
22.46 34 WP_MOVED 2 506379.59375 3566304.75 800.
22.54 34 GPS 0 50624961 356621065 0 80355 0 0 457750 12 0
22.55 34 ESTIMATOR 0. 0. 0. 0. 0.
22.63 34 COMMANDS 153,12,-1254,2535
22.64 34 NAVIGATION 0 1 0 0 38 0. 6571.9
22.64 34 ATTITUDE 0 0 -31
22.72 34 DL_VALUE 26 10000.
22.73 34 FBW_STATUS 0 0 122
22.89 34 GPS 0 50624961 356621065 0 80355 0 0 457998 12 0
22.97 34 RAD_OF_IR 12 0 0.00211
23.06 34 IR_SENSORS -679 12 1
23.06 34 NAVIGATION 0 1 0 0 38 0. 6571.9
23.15 34 WP_MOVED 3 506366. 3566262. 0.
23.23 34 GYRO_RATES -48 -21 0 0.418879 -0.18326 0.
23.31 34 GPS 0 50624961 356621065 0 80355 0 0 458250 12 0
23.31 34 ESTIMATOR 0. 0. 0. 0. 0.
23.32 34 NAVIGATION 0 1 0 0 38 0. 6571.9
23.48 34 ATTITUDE 1 0 -31
23.57 34 GPS 0 50624961 356621065 0 80355 0 0 458498 12 0
23.57 34 DESIRED 0. 0. 0. 0. 770. 0.
23.57 34 NAVIGATION 0 1 0 0 38 0. 6571.9
23.66 34 DOWNLINK_STATUS 22 6653 406 0 357. 21.
23.74 34 WP_MOVED 0 506408. 3566304. 800.
23.91 34 GPS 0 50624961 356621065 0 80355 0 0 458750 12 0
23.91 34 ESTIMATOR 0. 0. 0. 0. 0.
24.00 34 COMMANDS 181,-9,-1218,2557
24.04 34 NAVIGATION 0 1 0 0 38 0. 6571.9
24.08 34 ATTITUDE 1 0 -32
24.11 34 DL_VALUE 27 4000.
24.11 34 FBW_STATUS 0 0 122
24.11 34 RAD_OF_IR 15 0 0.00211
24.12 34 GPS 0 50624961 356621065 0 80355 0 0 458998 12 0
24.12 34 ACTUATORS 1435,1563,0,1216,1630
24.12 34 IR_SENSORS -682 16 1
24.12 34 NAVIGATION 0 1 0 0 38 0. 6571.9
24.13 34 WP_MOVED 1 506292.5 3566296.25 800.
24.13 34 GYRO_RATES -48 -20 0 0.418879 -0.174533 0.
24.13 34 ESTIMATOR 0. 0. 0. 0. 0.
24.13 34 BAT 162 122 0 0 482 0 7
24.13 34 GPS 0 50624961 356621065 0 80355 0 0 459250 12 0
24.13 34 NAVIGATION 0 1 0 0 38 0. 6571.9
24.13 34 ATTITUDE 1 0 -32
24.13 34 CALIBRATION 0. 0.023 0.067 0
24.13 34 SERVO 9600 -9600 157
24.14 34 DOWNLINK_STATUS 23 6989 428 0 336. 22.
24.14 34 GPS 0 50624961 356621065 0 80355 0 0 459498 12 0
24.14 34 DESIRED 0. 0. 0. 0. 770. 0.
24.14 34 IR_DEBUG 497 475 497 475
24.14 34 NAVIGATION 0 1 0 0 38 0. 6571.9
24.14 34 WP_MOVED 2 506379.59375 3566304.75 800.
24.15 34 PPRZ_MODE 0 0 3 0 0 1 0
24.15 34 ESTIMATOR 0. 0. 0. 0. 0.
24.15 34 GPS 0 50624961 356621065 0 80355 0 0 459750 12 0
24.56 34 COMMANDS 208,40,-1120,2526
24.56 34 NAVIGATION 0 1 0 0 38 0. 6571.9
24.64 34 ATTITUDE 1 0 -31
24.73 34 DL_VALUE 28 0.228
24.73 34 FBW_STATUS 0 0 122
24.81 34 RAD_OF_IR 14 0 0.00211
24.97 34 IR_SENSORS -676 13 1
25.05 34 GPS 0 50624961 356621065 0 80355 0 0 459998 12 0
25.05 34 NAVIGATION 0 1 0 0 38 0. 6571.9
25.14 34 WP_MOVED 3 506366. 3566262. 0.
25.14 34 GYRO_RATES -48 -20 0 0.418879 -0.174533 0.
25.15 34 ESTIMATOR 0. 0. 0. 0. 0.
25.15 34 GPS 0 50624961 356621065 0 80355 0 0 460250 12 0
25.15 34 NAVIGATION 0 1 0 0 38 0. 6571.9
25.23 34 ATTITUDE 0 0 -31
25.24 34 DESIRED 0. 0. 0. 0. 770. 0.
25.24 34 NAVIGATION 0 1 0 0 38 0. 6571.9
25.32 34 GPS 0 50624961 356621065 0 80355 0 0 460498 12 0
25.48 34 WP_MOVED 0 506408. 3566304. 800.
25.49 34 ESTIMATOR 0. 0. 0. 0. 0.
25.57 34 COMMANDS 221,6,-1133,2574
25.57 34 NAVIGATION 0 1 0 0 38 0. 6571.9
25.58 34 ATTITUDE 0 0 -31
25.66 34 DL_VALUE 29 0.42
25.73 34 GPS 0 50624961 356621065 0 80355 0 0 460750 12 0
25.74 34 FBW_STATUS 0 0 122
25.81 34 RAD_OF_IR 13 0 0.00211
25.98 34 DOWNLINK_STATUS 24 7559 463 0 570. 35.
26.08 34 IR_SENSORS -679 12 1
26.08 34 NAVIGATION 0 1 0 0 38 0. 6571.9
26.17 34 GPS 0 50624961 356621065 0 80355 0 0 460998 12 0
26.25 34 WP_MOVED 1 506292.5 3566296.25 800.
26.33 34 GYRO_RATES -48 -19 0 0.418879 -0.165806 0.
26.34 34 ESTIMATOR 0. 0. 0. 0. 0.
26.50 34 BAT 173 122 0 0 484 0 7
26.51 34 NAVIGATION 0 1 0 0 38 0. 6571.9
26.59 34 ATTITUDE 1 0 -31
26.59 34 CALIBRATION 0. 0.023 0.067 0
26.67 34 GPS 0 50624961 356621065 0 80355 0 0 461250 12 0
26.75 34 SERVO 9600 -9600 170
26.76 34 DESIRED 0. 0. 0. 0. 770. 0.
26.83 34 IR_DEBUG 497 473 497 473
26.84 34 NAVIGATION 0 1 0 0 38 0. 6571.9
27.01 34 WP_MOVED 2 506379.59375 3566304.75 800.
27.09 34 GPS 0 50624961 356621065 0 80355 0 0 461498 12 0
27.09 34 ESTIMATOR 0. 0. 0. 0. 0.
27.17 34 COMMANDS 163,-35,-1253,2545
27.18 34 NAVIGATION 0 1 0 0 38 0. 6571.9
27.18 34 ATTITUDE 1 0 -31
27.26 34 DL_VALUE 30 0.
27.35 34 DOWNLINK_STATUS 26 7921 485 0 362. 22.
27.51 34 GPS 0 50624961 356621065 0 80355 0 0 461750 12 0
27.51 34 FBW_STATUS 0 0 122
27.59 34 RAD_OF_IR 16 0 0.00211
27.67 34 IR_SENSORS -676 15 1
27.68 34 NAVIGATION 0 1 0 0 38 0. 6571.9
27.69 34 WP_MOVED 3 506366. 3566262. 0.
27.69 34 GYRO_RATES -48 -21 0 0.418879 -0.18326 0.
27.69 34 GPS 0 50624961 356621065 0 80355 0 0 461998 12 0
27.69 34 ESTIMATOR 0. 0. 0. 0. 0.
27.70 34 NAVIGATION 0 1 0 0 38 0. 6571.9
27.70 34 ATTITUDE 1 0 -30
27.70 34 GPS 0 50624961 356621065 0 80355 0 0 462250 12 0
27.70 34 DESIRED 0. 0. 0. 0. 770. 0.
27.70 34 NAVIGATION 0 1 0 0 38 0. 6571.9
27.71 34 WP_MOVED 0 506408. 3566304. 800.
27.71 34 GPS 0 50624961 356621065 0 80355 0 0 462498 12 0
27.71 34 ESTIMATOR 0. 0. 0. 0. 0.
27.71 34 COMMANDS 173,-6,-1245,2562
27.71 34 NAVIGATION 0 1 0 0 38 0. 6571.9
27.71 34 ATTITUDE 1 0 -30
27.72 34 DL_VALUE 31 0.023
27.72 34 FBW_STATUS 0 0 122
27.72 34 RAD_OF_IR 14 0 0.00211
27.72 34 DOWNLINK_STATUS 26 8293 508 0 372. 23.
27.72 34 GPS 0 50624961 356621065 0 80355 0 0 462750 12 0
27.72 34 IR_SENSORS -674 13 1
27.73 34 NAVIGATION 0 1 0 0 38 0. 6571.9
27.73 34 WP_MOVED 1 506292.5 3566296.25 800.
27.73 34 GYRO_RATES -49 -17 -1 0.427606 -0.148353 -0.008727
27.73 34 ESTIMATOR 0. 0. 0. 0. 0.
27.73 34 BAT 188 122 0 0 486 0 7
27.73 34 GPS 0 50624961 356621065 0 80355 0 0 462998 12 0
28.09 34 NAVIGATION 0 1 0 0 38 0. 6571.9
28.17 34 ATTITUDE 0 0 -30
28.17 34 CALIBRATION 0. 0.023 0.067 0
28.25 34 SERVO 9600 -9600 180
28.34 34 GPS 0 50624961 356621065 0 80355 0 0 463250 12 0
28.34 34 DESIRED 0. 0. 0. 0. 770. 0.
28.42 34 IR_DEBUG 489 474 489 474
28.50 34 NAVIGATION 0 1 0 0 38 0. 6571.9
28.59 34 WP_MOVED 2 506379.59375 3566304.75 800.
28.59 34 ESTIMATOR 0. 0. 0. 0. 0.
28.67 34 GPS 0 50624961 356621065 0 80355 0 0 463498 12 0
28.75 34 COMMANDS 174,-4,-1231,2562
28.76 34 NAVIGATION 0 1 0 0 38 0. 6571.9
28.84 34 ATTITUDE 0 0 -31
29.00 34 DL_VALUE 32 0.001
29.01 34 FBW_STATUS 0 0 122
29.09 34 RAD_OF_IR 12 0 0.00211
29.17 34 ACTUATORS 1435,1563,0,1214,1633
29.25 34 IR_SENSORS -679 13 1
29.33 34 GPS 0 50624961 356621065 0 80355 0 0 463750 12 0
29.34 34 NAVIGATION 0 1 0 0 38 0. 6571.9
29.51 34 WP_MOVED 3 506366. 3566262. 0.
29.51 34 GYRO_RATES -48 -21 0 0.418879 -0.18326 0.
29.52 34 ESTIMATOR 0. 0. 0. 0. 0.
29.52 34 NAVIGATION 0 1 0 0 38 0. 6571.9
29.60 34 GPS 0 50624961 356621065 0 80355 0 0 463998 12 0
29.68 34 ATTITUDE 1 0 -32
29.77 34 DOWNLINK_STATUS 28 8873 543 0 580. 35.
29.77 34 DESIRED 0. 0. 0. 0. 770. 0.
29.78 34 NAVIGATION 0 1 0 0 38 0. 6571.9
29.86 34 GPS 0 50624961 356621065 0 80355 0 0 464250 12 0
30.03 34 WP_MOVED 0 506408. 3566304. 800.
30.04 34 PPRZ_MODE 0 0 3 0 0 1 0
30.04 34 ESTIMATOR 0. 0. 0. 0. 0.
30.13 34 COMMANDS 177,-14,-1231,2558
30.13 34 NAVIGATION 0 1 0 0 38 0. 6571.9
30.21 34 ATTITUDE 1 0 -31
30.29 34 DL_VALUE 33 0.01
30.37 34 GPS 0 50624961 356621065 0 80355 0 0 464498 12 0
30.37 34 FBW_STATUS 0 0 122
30.54 34 RAD_OF_IR 16 0 0.00211
30.55 34 NAVIGATION_REF 506366 3566262 12
30.63 34 IR_SENSORS -676 16 1
30.63 34 NAVIGATION 0 1 0 0 38 0. 6571.9
30.72 34 GPS 0 50624961 356621065 0 80355 0 0 464750 12 0
30.80 34 WP_MOVED 1 506292.5 3566296.25 800.
30.80 34 GYRO_RATES -48 -21 0 0.418879 -0.18326 0.
30.88 34 DOWNLINK_STATUS 29 9175 562 0 302. 19.
30.89 34 ESTIMATOR 0. 0. 0. 0. 0.
31.07 34 BAT 169 122 0 0 488 0 7
31.07 34 NAVIGATION 0 1 0 0 38 0. 6571.9
31.07 34 ATTITUDE 1 0 -31
31.07 34 CALIBRATION 0. 0.023 0.067 0
31.15 34 GPS 0 50624961 356621065 0 80355 0 0 464999 12 0
31.23 34 SERVO 9600 -9600 159
31.24 34 DESIRED 0. 0. 0. 0. 770. 0.
31.32 34 IR_DEBUG 493 473 493 473
31.33 34 NAVIGATION 0 1 0 0 38 0. 6571.9
31.41 34 WP_MOVED 2 506379.59375 3566304.75 800.
31.58 34 GPS 0 50624961 356621065 0 80355 0 0 465251 12 0
31.59 34 ESTIMATOR 0. 0. 0. 0. 0.
31.67 34 COMMANDS 180,4,-1217,2483
31.67 34 NAVIGATION 0 1 0 0 38 0. 6571.9
31.75 34 ATTITUDE 0 0 -30
31.83 34 DL_VALUE 34 1.
31.84 34 GPS 0 50624961 356621065 0 80355 0 0 465499 12 0
31.84 34 FBW_STATUS 0 0 122
31.84 34 RAD_OF_IR 13 0 0.00211
31.84 34 IR_SENSORS -675 13 1
31.84 34 NAVIGATION 0 1 0 0 38 0. 6571.9
31.85 34 WP_MOVED 3 506366. 3566262. 0.
31.85 34 GYRO_RATES -48 -22 0 0.418879 -0.191986 0.
31.85 34 GPS 0 50624961 356621065 0 80355 0 0 465751 12 0
31.85 34 ESTIMATOR 0. 0. 0. 0. 0.
31.85 34 NAVIGATION 0 1 0 0 38 0. 6571.9
31.85 34 ATTITUDE 1 0 -31
31.86 34 GPS 0 50624961 356621065 0 80355 0 0 465999 12 0
31.86 34 DESIRED 0. 0. 0. 0. 770. 0.
31.86 34 NAVIGATION 0 1 0 0 38 0. 6571.9
31.86 34 DOWNLINK_STATUS 30 9698 593 0 523. 31.
31.86 34 WP_MOVED 0 506408. 3566304. 800.
31.87 34 GPS 0 50624961 356621065 0 80355 0 0 466251 12 0
31.87 34 ESTIMATOR 0. 0. 0. 0. 0.
31.87 34 COMMANDS 206,-7,-1176,2557
31.87 34 NAVIGATION 0 1 0 0 38 0. 6571.9
31.87 34 ATTITUDE -5 0 -34
31.87 34 DL_VALUE 35 0.
31.87 34 FBW_STATUS 0 0 122
31.87 34 RAD_OF_IR -30 0 0.00211
31.88 34 GPS 0 50624961 356621065 0 80355 0 0 466499 12 0
31.88 34 IR_SENSORS -665 -30 1
31.88 34 NAVIGATION 0 1 0 0 38 0. 6571.9
31.88 34 WP_MOVED 1 506292.5 3566296.25 800.
31.88 34 GYRO_RATES -48 -20 0 0.418879 -0.174533 0.
32.18 34 ESTIMATOR 0. 0. 0. 0. 0.
32.26 34 BAT 172 122 0 0 490 0 7
32.33 34 GPS 0 50624961 356621065 0 80355 0 0 466751 12 0
32.34 34 NAVIGATION 0 1 0 0 38 0. 6571.9
32.42 34 ATTITUDE -6 0 -26
32.42 34 CALIBRATION 0. 0.023 0.067 0
32.59 34 SERVO 9600 -9600 151
32.67 34 GPS 0 50624961 356621065 0 80355 0 0 466999 12 0
32.67 34 DESIRED 0. 0. 0. 0. 770. 0.
32.76 34 IR_DEBUG 443 479 443 479
32.76 34 NAVIGATION 0 1 0 0 38 0. 6571.9
32.84 34 WP_MOVED 2 506379.59375 3566304.75 800.
32.93 34 GPS 0 50624961 356621065 0 80355 0 0 467251 12 0
33.10 34 COMMANDS 166,-29,-1247,2536
33.10 34 NAVIGATION 0 1 0 0 38 0. 6571.9
33.19 34 ATTITUDE -3 0 -26
33.27 34 DL_VALUE 36 0.
33.27 34 FBW_STATUS 0 0 122
33.35 34 RAD_OF_IR 2 0 0.00211
33.43 34 IR_SENSORS -660 8 1
33.60 34 GPS 0 50624961 356621065 0 80355 0 0 467499 12 0
33.60 34 NAVIGATION 0 1 0 0 38 0. 6571.9
33.69 34 WP_MOVED 3 506366. 3566262. 0.
33.77 34 GYRO_RATES -48 -27 0 0.418879 -0.235619 0.
33.78 34 ESTIMATOR 0. 0. 0. 0. 0.
33.86 34 GPS 0 50624961 356621065 0 80355 0 0 467751 12 0
33.86 34 NAVIGATION 0 1 0 0 38 0. 6571.9
33.94 34 ATTITUDE 0 0 -28
34.11 34 DOWNLINK_STATUS 33 10366 635 0 668. 42.
34.12 34 DESIRED 0. 0. 0. 0. 770. 0.
34.12 34 NAVIGATION 0 1 0 0 38 0. 6571.9
34.20 34 GPS 0 50624961 356621065 0 80355 0 0 467999 12 0
34.29 34 WP_MOVED 0 506408. 3566304. 800.
34.29 34 ESTIMATOR 0. 0. 0. 0. 0.
34.38 34 COMMANDS 174,-20,-1247,2555
34.38 34 NAVIGATION 0 1 0 0 38 0. 6571.9
34.38 34 ATTITUDE 0 0 -28
34.46 34 DL_VALUE 37 0.1
34.63 34 GPS 0 50624961 356621065 0 80355 0 0 468251 12 0
34.63 34 FBW_STATUS 0 0 122
34.71 34 RAD_OF_IR 11 0 0.00211
34.80 34 ACTUATORS 1436,1563,0,1214,1632
34.88 34 IR_SENSORS -658 10 1
34.88 34 NAVIGATION 0 1 0 0 38 0. 6571.9
34.96 34 GPS 0 50624961 356621065 0 80355 0 0 468499 12 0
35.14 34 WP_MOVED 1 506292.5 3566296.25 800.
35.22 34 GYRO_RATES -48 -23 0 0.418879 -0.200713 0.
35.23 34 ESTIMATOR 0. 0. 0. 0. 0.
35.23 34 BAT 186 122 0 0 492 0 7
35.24 34 NAVIGATION 0 1 0 0 38 0. 6571.9
35.24 34 ATTITUDE 0 0 -27
35.24 34 CALIBRATION 0. 0.023 0.067 0
35.24 34 DOWNLINK_STATUS 34 10738 658 0 372. 23.
35.24 34 GPS 0 50624961 356621065 0 80355 0 0 468751 12 0
35.25 34 SERVO 9600 -9600 193
35.25 34 DESIRED 0. 0. 0. 0. 770. 0.
35.25 34 IR_DEBUG 473 462 473 462
35.25 34 NAVIGATION 0 1 0 0 38 0. 6571.9
35.25 34 WP_MOVED 2 506379.59375 3566304.75 800.
35.25 34 PPRZ_MODE 0 0 3 0 0 1 0
35.25 34 GPS 0 50624961 356621065 0 80355 0 0 468999 12 0
35.25 34 ESTIMATOR 0. 0. 0. 0. 0.
35.26 34 COMMANDS 162,23,-1234,2551
35.26 34 NAVIGATION 0 1 0 0 38 0. 6571.9
35.26 34 ATTITUDE 0 0 -27
35.26 34 DL_VALUE 38 0.
35.26 34 GPS 0 50624961 356621065 0 80355 0 0 469251 12 0
35.26 34 FBW_STATUS 0 0 122
35.26 34 RAD_OF_IR 9 0 0.00211
35.27 34 IR_SENSORS -653 8 1
35.27 34 NAVIGATION 0 1 0 0 38 0. 6571.9
35.27 34 WP_MOVED 3 506366. 3566262. 0.
35.27 34 GYRO_RATES -48 -22 0 0.418879 -0.191986 0.
35.27 34 GPS 0 50624961 356621065 0 80355 0 0 469499 12 0
35.28 34 ESTIMATOR 0. 0. 0. 0. 0.
35.28 34 NAVIGATION 0 1 0 0 38 0. 6571.9
35.28 34 ATTITUDE 0 0 -26
35.28 34 GPS 0 50624961 356621065 0 80355 0 0 469751 12 0
35.28 34 DESIRED 0. 0. 0. 0. 770. 0.
35.29 34 NAVIGATION 0 1 0 0 38 0. 6571.9
35.29 34 WP_MOVED 0 506408. 3566304. 800.
35.29 34 GPS 0 50624961 356621065 0 80355 0 0 469999 12 0
35.29 34 ESTIMATOR 0. 0. 0. 0. 0.
35.29 34 COMMANDS 176,6,-1220,2528
35.29 34 NAVIGATION 0 1 0 0 38 0. 6571.9
35.30 34 ATTITUDE 0 0 -26
35.30 34 DL_VALUE 39 0.067
35.30 34 FBW_STATUS 0 0 122
35.72 34 RAD_OF_IR 8 0 0.00211
35.80 34 GPS 0 50624961 356621065 0 80355 0 0 470251 12 0
35.81 34 IR_SENSORS -653 8 1
35.81 34 NAVIGATION 0 1 0 0 38 0. 6571.9
35.90 34 WP_MOVED 1 506292.5 3566296.25 800.
35.98 34 GYRO_RATES -48 -19 0 0.418879 -0.165806 0.
35.99 34 ESTIMATOR 0. 0. 0. 0. 0.
36.16 34 BAT 165 122 0 0 494 0 7
36.24 34 GPS 0 50624961 356621065 0 80355 0 0 470499 12 0
36.24 34 NAVIGATION 0 1 0 0 38 0. 6571.9
36.32 34 ATTITUDE 0 0 -26
36.33 34 CALIBRATION 0. 0.023 0.067 0
36.41 34 SERVO 9600 -9600 157
36.49 34 GPS 0 50624961 356621065 0 80355 0 0 470751 12 0
36.49 34 DESIRED 0. 0. 0. 0. 770. 0.
36.65 34 IR_DEBUG 473 461 473 461
36.66 34 NAVIGATION 0 1 0 0 38 0. 6571.9
36.74 34 DOWNLINK_STATUS 35 11597 710 0 859. 52.
36.83 34 WP_MOVED 2 506379.59375 3566304.75 800.
36.84 34 ESTIMATOR 0. 0. 0. 0. 0.
36.92 34 GPS 0 50624961 356621065 0 80355 0 0 470999 12 0
37.00 34 COMMANDS 186,44,-1171,2522
37.00 34 NAVIGATION 0 1 0 0 38 0. 6571.9
37.17 34 ATTITUDE 0 0 -27
37.25 34 DL_VALUE 40 1.
37.26 34 RAD_OF_IR 8 0 0.00211
37.34 34 IR_SENSORS -655 8 1
37.42 34 GPS 0 50624961 356621065 0 80355 0 0 471251 12 0
37.43 34 NAVIGATION 0 1 0 0 38 0. 6571.9
37.51 34 WP_MOVED 3 506366. 3566262. 0.
37.68 34 GYRO_RATES -48 -20 0 0.418879 -0.174533 0.
37.72 34 ESTIMATOR 0. 0. 0. 0. 0.
37.77 34 GPS 0 50624961 356621065 0 80355 0 0 471499 12 0
37.77 34 NAVIGATION 0 1 0 0 38 0. 6571.9
37.77 34 ATTITUDE 0 0 -27
37.78 34 DESIRED 0. 0. 0. 0. 770. 0.
37.78 34 NAVIGATION 0 1 0 0 38 0. 6571.9
37.78 34 GPS 0 50624961 356621065 0 80355 0 0 471751 12 0
37.87 34 WP_MOVED 0 506408. 3566304. 800.
37.95 34 DOWNLINK_STATUS 37 11964 731 0 367. 21.
37.95 34 ESTIMATOR 0. 0. 0. 0. 0.
38.04 34 COMMANDS 182,7,-1202,2552
38.04 34 NAVIGATION 0 1 0 0 38 0. 6571.9
38.05 34 ATTITUDE 0 0 -27
38.21 34 DL_VALUE 41 0.
38.29 34 GPS 0 50624961 356621065 0 80355 0 0 471999 12 0
38.30 34 FBW_STATUS 0 0 122
38.38 34 RAD_OF_IR 7 0 0.00211
38.46 34 IR_SENSORS -653 8 1
38.46 34 NAVIGATION 0 1 0 0 38 0. 6571.9
38.55 34 GPS 0 50624961 356621065 0 80355 0 0 472251 12 0
38.71 34 WP_MOVED 1 506292.5 3566296.25 800.
38.79 34 GYRO_RATES -49 -21 0 0.427606 -0.18326 0.
38.80 34 ESTIMATOR 0. 0. 0. 0. 0.
38.88 34 BAT 175 122 0 0 496 1 7
38.88 34 NAVIGATION 0 1 0 0 38 0. 6571.9
38.96 34 ATTITUDE 0 0 -26
38.96 34 CALIBRATION 0. 0.023 0.067 0
39.04 34 GPS 0 50624961 356621065 0 80355 0 0 472499 12 0
39.13 34 SERVO 9600 -9600 168
39.22 34 DOWNLINK_STATUS 38 12272 751 0 308. 20.
39.22 34 DESIRED 0. 0. 0. 0. 770. 0.
39.22 34 IR_DEBUG 473 461 473 461
39.23 34 NAVIGATION 0 1 0 0 38 0. 6571.9
39.31 34 WP_MOVED 2 506379.59375 3566304.75 800.
39.40 34 GPS 0 50624961 356621065 0 80355 0 0 472751 12 0
39.40 34 ESTIMATOR 0. 0. 0. 0. 0.
39.48 34 COMMANDS 158,-93,-1240,2564
39.49 34 NAVIGATION 0 1 0 0 38 0. 6571.9
39.49 34 ATTITUDE 0 0 -26
39.58 34 DL_VALUE 0 770.
39.58 34 FBW_STATUS 0 0 122
39.70 34 GPS 0 50624961 356621065 0 80355 0 0 472999 12 0
39.70 34 RAD_OF_IR 9 0 0.00211
39.70 34 NAVIGATION_REF 506366 3566262 12
39.71 34 ACTUATORS 1439,1562,0,1216,1633
39.71 34 IR_SENSORS -651 10 1
39.71 34 NAVIGATION 0 1 0 0 38 0. 6571.9
39.71 34 WP_MOVED 3 506366. 3566262. 0.
39.71 34 GYRO_RATES -48 -20 0 0.418879 -0.174533 0.
39.71 34 GPS 0 50624961 356621065 0 80355 0 0 473251 12 0
39.72 34 ESTIMATOR 0. 0. 0. 0. 0.
39.72 34 DOWNLINK_STATUS 38 12610 772 0 338. 21.
39.72 34 NAVIGATION 0 1 0 0 38 0. 6571.9
39.72 34 ATTITUDE 0 0 -26
40.03 34 GPS 0 50624961 356621065 0 80355 0 0 473499 12 0
40.04 34 DESIRED 0. 0. 0. 0. 770. 0.
40.04 34 NAVIGATION 0 1 0 0 38 0. 6571.9
40.21 34 WP_MOVED 0 506408. 3566304. 800.
40.25 34 PPRZ_MODE 0 0 3 0 0 1 0
40.31 34 GPS 0 50624961 356621065 0 80355 0 0 473751 12 0
40.31 34 ESTIMATOR 0. 0. 0. 0. 0.
40.39 34 COMMANDS 166,-20,-1286,2515
40.40 34 NAVIGATION 0 1 0 0 38 0. 6571.9
40.40 34 ATTITUDE 0 0 -26
40.48 34 DL_VALUE 1 1.
40.48 34 FBW_STATUS 0 0 122
40.57 34 RAD_OF_IR 7 0 0.00211
40.65 34 GPS 0 50624961 356621065 0 80355 0 0 473999 12 0
40.81 34 IR_SENSORS -653 7 1
40.82 34 NAVIGATION 0 1 0 0 38 0. 6571.9
40.90 34 WP_MOVED 1 506292.5 3566296.25 800.
40.99 34 GYRO_RATES -49 -15 -1 0.427606 -0.1309 -0.008727
40.99 34 ESTIMATOR 0. 0. 0. 0. 0.
41.08 34 BAT 189 122 0 0 498 1 7
41.26 34 GPS 0 50624961 356621065 0 80355 0 0 474251 12 0
41.26 34 NAVIGATION 0 1 0 0 38 0. 6571.9
41.26 34 ATTITUDE 0 0 -26
41.26 34 CALIBRATION 0. 0.023 0.067 0
41.35 34 SERVO 9600 -9600 182
41.43 34 GPS 0 50624961 356621065 0 80355 0 0 474499 12 0
41.43 34 DESIRED 0. 0. 0. 0. 770. 0.
41.52 34 IR_DEBUG 473 463 473 463
41.52 34 NAVIGATION 0 1 0 0 38 0. 6571.9
41.61 34 WP_MOVED 2 506379.59375 3566304.75 800.
41.69 34 DOWNLINK_STATUS 40 13135 804 0 525. 32.
41.70 34 ESTIMATOR 0. 0. 0. 0. 0.
41.86 34 GPS 0 50624961 356621065 0 80355 0 0 474751 12 0
41.94 34 COMMANDS 159,-15,-1269,2528
41.95 34 NAVIGATION 0 1 0 0 38 0. 6571.9
42.03 34 ATTITUDE 0 0 -27
42.12 34 DL_VALUE 2 0.
42.16 34 FBW_STATUS 0 0 122
42.29 34 RAD_OF_IR 10 0 0.00211
42.39 34 IR_SENSORS -660 11 1
42.48 34 GPS 0 50624961 356621065 0 80355 0 0 474999 12 0
42.49 34 NAVIGATION 0 1 0 0 38 0. 6571.9
42.60 34 WP_MOVED 3 506366. 3566262. 0.
42.69 34 GYRO_RATES -48 -19 0 0.418879 -0.165806 0.
42.69 34 ESTIMATOR 0. 0. 0. 0. 0.
42.78 34 GPS 0 50624961 356621065 0 80355 0 0 475251 12 0
42.78 34 NAVIGATION 0 1 0 0 38 0. 6571.9
42.86 34 ATTITUDE 0 0 -27
42.87 34 DESIRED 0. 0. 0. 0. 770. 0.
42.87 34 NAVIGATION 0 1 0 0 38 0. 6571.9
42.87 34 GPS 0 50624961 356621065 0 80355 0 0 475499 12 0
42.96 34 DOWNLINK_STATUS 42 13477 824 0 342. 20.
43.06 34 WP_MOVED 0 506408. 3566304. 800.
43.07 34 ESTIMATOR 0. 0. 0. 0. 0.
43.15 34 COMMANDS 176,-10,-1228,2529
43.35 34 NAVIGATION 0 1 0 0 38 0. 6571.9
43.35 34 ATTITUDE 0 0 -27
43.45 34 DL_VALUE 3 0.
43.55 34 GPS 0 50624961 356621065 0 80355 0 0 475751 12 0
43.55 34 FBW_STATUS 0 0 122
43.64 34 RAD_OF_IR 6 0 0.00211
43.72 34 IR_SENSORS -658 6 1
43.72 34 NAVIGATION 0 1 0 0 38 0. 6571.9
43.92 34 GPS 0 50624961 356621065 0 80355 0 0 475999 12 0
44.00 34 WP_MOVED 1 506292.5 3566296.25 800.
44.11 34 GYRO_RATES -48 -20 0 0.418879 -0.174533 0.
44.11 34 ESTIMATOR 0. 0. 0. 0. 0.
44.19 34 BAT 164 122 0 0 500 1 7
44.28 34 NAVIGATION 0 1 0 0 38 0. 6571.9
44.36 34 ATTITUDE 0 0 -28
44.37 34 CALIBRATION 0. 0.023 0.067 0
44.45 34 GPS 0 50624961 356621065 0 80355 0 0 476251 12 0
44.53 34 SERVO 9600 -9600 163
44.65 34 DOWNLINK_STATUS 43 13800 845 0 323. 21.
44.66 34 DESIRED 0. 0. 0. 0. 770. 0.
44.74 34 IR_DEBUG 477 465 477 465
44.74 34 NAVIGATION 0 1 0 0 38 0. 6571.9
44.91 34 WP_MOVED 2 506379.59375 3566304.75 800.
44.99 34 GPS 0 50624961 356621065 0 80355 0 0 476499 12 0
44.99 34 ESTIMATOR 0. 0. 0. 0. 0.
45.08 34 COMMANDS 173,-7,-1242,2544
45.08 34 NAVIGATION 0 1 0 0 38 0. 6571.9
45.08 34 ATTITUDE 0 0 -28
45.17 34 DL_VALUE 4 0.
45.33 34 GPS 0 50624961 356621065 0 80355 0 0 476751 12 0
45.33 34 FBW_STATUS 0 0 122
45.42 34 RAD_OF_IR 8 0 0.00211
45.50 34 IR_SENSORS -660 7 1
45.50 34 NAVIGATION 0 1 0 0 38 0. 6571.9
45.59 34 WP_MOVED 3 506366. 3566262. 0.
45.59 34 GYRO_RATES -48 -20 0 0.418879 -0.174533 0.
45.68 34 GPS 0 50624961 356621065 0 80355 0 0 476999 12 0
45.72 34 ESTIMATOR 0. 0. 0. 0. 0.
45.72 34 NAVIGATION 0 1 0 0 38 0. 6571.9
45.72 34 ATTITUDE 0 0 -28
45.77 34 DOWNLINK_STATUS 44 14140 866 0 340. 21.
45.77 34 GPS 0 50624961 356621065 0 80355 0 0 477251 12 0
45.78 34 DESIRED 0. 0. 0. 0. 770. 0.
45.78 34 NAVIGATION 0 1 0 0 38 0. 6571.9
45.94 34 WP_MOVED 0 506408. 3566304. 800.
46.02 34 GPS 0 50624961 356621065 0 80355 0 0 477499 12 0
46.03 34 ESTIMATOR 0. 0. 0. 0. 0.
46.12 34 COMMANDS 151,-4,-1272,2588
46.12 34 NAVIGATION 0 1 0 0 38 0. 6571.9
46.12 34 ATTITUDE 0 0 -28
46.21 34 DL_VALUE 5 0.
46.29 34 FBW_STATUS 0 0 122
46.37 34 RAD_OF_IR 7 0 0.00211
46.45 34 GPS 0 50624961 356621065 0 80355 0 0 477751 12 0
46.54 34 ACTUATORS 1439,1563,0,1214,1635
46.54 34 IR_SENSORS -658 7 1
46.54 34 NAVIGATION 0 1 0 0 38 0. 6571.9
46.55 34 WP_MOVED 1 506292.5 3566296.25 800.
46.55 34 GYRO_RATES -48 -20 0 0.418879 -0.174533 0.
46.55 34 ESTIMATOR 0. 0. 0. 0. 0.
46.55 34 BAT 176 122 0 0 502 1 7
46.55 34 GPS 0 50624961 356621065 0 80355 0 0 477999 12 0
46.55 34 DOWNLINK_STATUS 45 14498 887 0 358. 21.
46.56 34 NAVIGATION 0 1 0 0 38 0. 6571.9
46.56 34 ATTITUDE 0 0 -27
46.56 34 CALIBRATION 0. 0.023 0.067 0
46.56 34 SERVO 9600 -9600 166
46.57 34 GPS 0 50624961 356621065 0 80355 0 0 478251 12 0
46.57 34 DESIRED 0. 0. 0. 0. 770. 0.
46.57 34 IR_DEBUG 475 463 475 463
46.57 34 NAVIGATION 0 1 0 0 38 0. 6571.9
46.57 34 WP_MOVED 2 506379.59375 3566304.75 800.
46.57 34 PPRZ_MODE 0 0 3 0 0 1 0
46.58 34 ESTIMATOR 0. 0. 0. 0. 0.
46.58 34 GPS 0 50624961 356621065 0 80355 0 0 478499 12 0
47.09 34 COMMANDS 162,-65,-1264,2535
47.11 34 NAVIGATION 0 1 0 0 38 0. 6571.9
47.19 34 ATTITUDE 0 0 -28
47.37 34 DL_VALUE 6 0.
47.42 34 FBW_STATUS 0 0 122
47.51 34 RAD_OF_IR 9 0 0.00211
47.62 34 IR_SENSORS -660 9 1
47.70 34 GPS 0 50624961 356621065 0 80355 0 0 478751 12 0
47.71 34 NAVIGATION 0 1 0 0 38 0. 6571.9
47.80 34 WP_MOVED 3 506366. 3566262. 0.
47.97 34 GYRO_RATES -48 -18 0 0.418879 -0.15708 0.
47.97 34 ESTIMATOR 0. 0. 0. 0. 0.
47.98 34 NAVIGATION 0 1 0 0 38 0. 6571.9
48.06 34 GPS 0 50624961 356621065 0 80355 0 0 478999 12 0
48.06 34 ATTITUDE 0 0 -28
48.06 34 DESIRED 0. 0. 0. 0. 770. 0.
48.07 34 NAVIGATION 0 1 0 0 38 0. 6571.9
48.07 34 GPS 0 50624961 356621065 0 80355 0 0 479251 12 0
48.18 34 WP_MOVED 0 506408. 3566304. 800.
48.36 34 DOWNLINK_STATUS 47 15009 918 0 511. 31.
48.36 34 ESTIMATOR 0. 0. 0. 0. 0.
48.45 34 COMMANDS 198,-21,-1234,2504
48.46 34 NAVIGATION 0 1 0 0 38 0. 6571.9
48.54 34 ATTITUDE 0 0 -27
48.63 34 DL_VALUE 7 0.
48.71 34 GPS 0 50624961 356621065 0 80355 0 0 479499 12 0
48.71 34 FBW_STATUS 0 0 122
48.80 34 RAD_OF_IR 10 0 0.00211
48.96 34 IR_SENSORS -659 11 1
48.97 34 NAVIGATION 0 1 0 0 38 0. 6571.9
49.16 34 GPS 0 50624961 356621065 0 80355 0 0 479751 12 0
49.36 34 WP_MOVED 1 506292.5 3566296.25 800.
49.46 34 GYRO_RATES -49 -17 -1 0.427606 -0.148353 -0.008727
49.46 34 ESTIMATOR 0. 0. 0. 0. 0.
49.55 34 BAT 161 122 0 0 504 1 7
49.56 34 NAVIGATION 0 1 0 0 38 0. 6571.9
49.56 34 ATTITUDE 0 0 -27
49.56 34 CALIBRATION 0. 0.023 0.067 0
49.81 34 GPS 0 50624961 356621065 0 80355 0 0 479999 12 0
50.00 34 DOWNLINK_STATUS 48 15309 937 0 300. 19.
50.09 34 SERVO 9600 -9600 172
50.09 34 DESIRED 0. 0. 0. 0. 770. 0.
50.19 34 IR_DEBUG 477 463 477 463
50.23 34 NAVIGATION 0 1 0 0 38 0. 6571.9
50.24 34 WP_MOVED 2 506379.59375 3566304.75 800.
50.24 34 GPS 0 50624961 356621065 0 80355 0 0 480251 12 0
50.24 34 ESTIMATOR 0. 0. 0. 0. 0.
50.25 34 COMMANDS 163,10,-1243,2554
50.25 34 NAVIGATION 0 1 0 0 38 0. 6571.9
50.25 34 ATTITUDE 0 0 -27
50.25 34 DL_VALUE 8 1.
50.25 34 DOWNLINK_STATUS 49 15479 948 0 170. 11.
50.25 34 GPS 0 50624961 356621065 0 80355 0 0 480499 12 0
50.25 34 FBW_STATUS 0 0 122
50.26 34 RAD_OF_IR 10 0 0.00211
50.26 34 IR_SENSORS -656 9 1
50.26 34 NAVIGATION 0 1 0 0 38 0. 6571.9
50.26 34 WP_MOVED 3 506366. 3566262. 0.
50.26 34 GYRO_RATES -49 -19 0 0.427606 -0.165806 0.
50.26 34 GPS 0 50624961 356621065 0 80355 0 0 480751 12 0
50.51 34 ESTIMATOR 0. 0. 0. 0. 0.
50.51 34 NAVIGATION 0 1 0 0 38 0. 6571.9
50.51 34 ATTITUDE 0 0 -27
50.52 34 GPS 0 50624961 356621065 0 80355 0 0 480999 12 0
50.52 34 DESIRED 0. 0. 0. 0. 770. 0.
50.52 34 NAVIGATION 0 1 0 0 38 0. 6571.9
50.61 34 WP_MOVED 0 506408. 3566304. 800.
50.73 34 GPS 0 50624961 356621065 0 80355 0 0 481251 12 0
50.78 34 ESTIMATOR 0. 0. 0. 0. 0.
50.82 34 COMMANDS 168,30,-1229,2580
50.83 34 NAVIGATION 0 1 0 0 38 0. 6571.9
50.83 34 ATTITUDE 0 0 -27
51.04 34 DL_VALUE 9 -61.099998
51.04 34 FBW_STATUS 0 0 122
51.12 34 RAD_OF_IR 9 0 0.00211
51.13 34 NAVIGATION_REF 506366 3566262 12
51.23 34 GPS 0 50624961 356621065 0 80355 0 0 481499 12 0
51.40 34 IR_SENSORS -655 10 1
51.40 34 NAVIGATION 0 1 0 0 38 0. 6571.9
51.48 34 WP_MOVED 1 506292.5 3566296.25 800.
51.57 34 GYRO_RATES -48 -19 0 0.418879 -0.165806 0.
51.66 34 DOWNLINK_STATUS 50 15950 977 0 471. 29.
51.67 34 ESTIMATOR 0. 0. 0. 0. 0.
51.76 34 BAT 157 122 0 0 505 0 7
51.84 34 GPS 0 50624961 356621065 0 80355 0 0 481751 12 0
51.84 34 NAVIGATION 0 1 0 0 38 0. 6571.9
51.84 34 ATTITUDE 0 0 -27
51.85 34 CALIBRATION 0. 0.023 0.067 0
52.04 34 SERVO 9600 -9600 176
52.15 34 GPS 0 50624961 356621065 0 80355 0 0 481999 12 0
52.16 34 DESIRED 0. 0. 0. 0. 770. 0.
52.16 34 IR_DEBUG 477 463 477 463
52.16 34 NAVIGATION 0 1 0 0 38 0. 6571.9
52.26 34 WP_MOVED 2 506379.59375 3566304.75 800.
52.27 34 ESTIMATOR 0. 0. 0. 0. 0.
52.27 34 GPS 0 50624961 356621065 0 80355 0 0 482251 12 0
52.46 34 COMMANDS 159,49,-1247,2587
52.47 34 NAVIGATION 0 1 0 0 38 0. 6571.9
52.57 34 ATTITUDE 0 0 -28
52.69 34 DL_VALUE 10 0.
52.70 34 FBW_STATUS 0 0 122
52.79 34 RAD_OF_IR 14 0 0.00211
52.88 34 ACTUATORS 1440,1564,0,1215,1631
53.07 34 IR_SENSORS -668 16 1
53.15 34 GPS 0 50624961 356621065 0 80355 0 0 482499 12 0
53.16 34 NAVIGATION 0 1 0 0 38 0. 6571.9
53.51 34 DOWNLINK_STATUS 52 16332 1001 0 382. 24.
53.61 34 WP_MOVED 3 506366. 3566262. 0.
53.72 34 GYRO_RATES -48 -21 0 0.418879 -0.18326 0.
53.76 34 ESTIMATOR 0. 0. 0. 0. 0.
53.82 34 GPS 0 50624961 356621065 0 80355 0 0 482751 12 0
53.83 34 NAVIGATION 0 1 0 0 38 0. 6571.9
53.83 34 ATTITUDE 0 0 -28
53.84 34 DESIRED 0. 0. 0. 0. 770. 0.
53.84 34 NAVIGATION 0 1 0 0 38 0. 6571.9
53.84 34 GPS 0 50624961 356621065 0 80355 0 0 482999 12 0
54.02 34 WP_MOVED 0 506408. 3566304. 800.
54.02 34 PPRZ_MODE 0 0 3 0 0 1 0
54.11 34 DOWNLINK_STATUS 53 16537 1012 0 205. 11.
54.12 34 ESTIMATOR 0. 0. 0. 0. 0.
54.21 34 COMMANDS 142,-42,-1310,2581
54.21 34 NAVIGATION 0 1 0 0 38 0. 6571.9
54.21 34 ATTITUDE 0 0 -28
54.33 34 DL_VALUE 11 1.
54.52 34 GPS 0 50624961 356621065 0 80355 0 0 483251 12 0
54.53 34 FBW_STATUS 0 0 122
54.62 34 RAD_OF_IR 7 0 0.00211
54.73 34 IR_SENSORS -658 6 1
54.77 34 NAVIGATION 0 1 0 0 38 0. 6571.9
54.82 34 GPS 0 50624961 356621065 0 80355 0 0 483499 12 0
54.92 34 WP_MOVED 1 506292.5 3566296.25 800.
55.08 34 GYRO_RATES -48 -19 0 0.418879 -0.165806 0.
55.09 34 ESTIMATOR 0. 0. 0. 0. 0.
55.37 34 BAT 174 122 0 0 507 0 7
55.37 34 NAVIGATION 0 1 0 0 38 0. 6571.9
55.37 34 ATTITUDE 0 0 -27
55.37 34 CALIBRATION 0. 0.023 0.067 0
55.37 34 GPS 0 50624961 356621065 0 80355 0 0 483751 12 0
55.37 34 SERVO 9600 -9600 172
55.37 34 DOWNLINK_STATUS 54 16845 1032 0 308. 20.
56.38 34 DESIRED 0. 0. 0. 0. 770. 0.
56.56 34 IR_DEBUG 474 467 474 467
56.56 34 NAVIGATION 0 1 0 0 38 0. 6571.9
56.77 34 WP_MOVED 2 506379.59375 3566304.75 800.
56.86 34 GPS 0 50624961 356621065 0 80355 0 0 483999 12 0
56.86 34 ESTIMATOR 0. 0. 0. 0. 0.
56.95 34 COMMANDS 183,-51,-1277,2513
56.95 34 NAVIGATION 0 1 0 0 38 0. 6571.9
56.96 34 ATTITUDE 0 0 -27
57.15 34 DL_VALUE 12 0.
57.24 34 GPS 0 50624961 356621065 0 80355 0 0 484251 12 0
57.28 34 FBW_STATUS 0 0 122
57.34 34 RAD_OF_IR 5 0 0.00211
57.44 34 IR_SENSORS -659 5 1
57.44 34 NAVIGATION 0 1 0 0 38 0. 6571.9
57.63 34 WP_MOVED 3 506366. 3566262. 0.
57.73 34 GYRO_RATES -49 -19 0 0.427606 -0.165806 0.
57.83 34 GPS 0 50624961 356621065 0 80355 0 0 484499 12 0
58.02 34 DOWNLINK_STATUS 56 17137 1050 0 292. 18.
58.02 34 ESTIMATOR 0. 0. 0. 0. 0.
58.03 34 NAVIGATION 0 1 0 0 38 0. 6571.9
58.12 34 ATTITUDE 0 0 -28
58.22 34 GPS 0 50624961 356621065 0 80355 0 0 484751 12 0
58.22 34 DESIRED 0. 0. 0. 0. 770. 0.
58.23 34 NAVIGATION 0 1 0 0 38 0. 6571.9
58.32 34 WP_MOVED 0 506408. 3566304. 800.
58.33 34 GPS 0 50624961 356621065 0 80355 0 0 484999 12 0
58.33 34 ESTIMATOR 0. 0. 0. 0. 0.
58.43 34 DOWNLINK_STATUS 57 17320 1059 0 183. 9.
58.52 34 COMMANDS 190,-14,-1182,2526
58.62 34 NAVIGATION 0 1 0 0 38 0. 6571.9
58.76 34 ATTITUDE 0 0 -27
58.84 34 DL_VALUE 13 517.
58.85 34 FBW_STATUS 0 0 122
58.96 34 RAD_OF_IR 4 0 0.00211
59.14 34 GPS 0 50624961 356621065 0 80355 0 0 485251 12 0
59.14 34 IR_SENSORS -659 5 1
59.15 34 NAVIGATION 0 1 0 0 38 0. 6571.9
59.29 34 WP_MOVED 1 506292.5 3566296.25 800.
59.39 34 GYRO_RATES -48 -9 -1 0.418879 -0.07854 -0.008727
59.39 34 ESTIMATOR 0. 0. 0. 0. 0.
59.49 34 BAT 152 122 0 0 509 0 7
59.64 34 GPS 0 50624961 356621065 0 80355 0 0 485499 12 0
59.64 34 NAVIGATION 0 1 0 0 38 0. 6571.9
59.66 34 ATTITUDE -1 0 -27
59.66 34 CALIBRATION 0. 0.023 0.067 0
59.66 34 SERVO 9600 -9600 175
59.66 34 GPS 0 50624961 356621065 0 80355 0 0 485751 12 0
59.66 34 DESIRED 0. 0. 0. 0. 770. 0.
59.66 34 IR_DEBUG 472 474 472 474
59.66 34 NAVIGATION 0 1 0 0 38 0. 6571.9
59.67 34 DOWNLINK_STATUS 58 17660 1081 0 340. 22.
59.67 34 WP_MOVED 2 506379.59375 3566304.75 800.
59.67 34 ESTIMATOR 0. 0. 0. 0. 0.
59.67 34 GPS 0 50624961 356621065 0 80355 0 0 485999 12 0
59.67 34 COMMANDS 167,-24,-1248,2531
59.68 34 NAVIGATION 0 1 0 0 38 0. 6571.9
59.68 34 ATTITUDE 3 0 -27
59.68 34 DL_VALUE 14 482.
59.68 34 FBW_STATUS 0 0 122
59.68 34 RAD_OF_IR 27 0 0.00211
59.68 34 IR_SENSORS -656 26 1
59.68 34 GPS 0 50624961 356621065 0 80355 0 0 486251 12 0
59.69 34 NAVIGATION 0 1 0 0 38 0. 6571.9
59.69 34 WP_MOVED 3 506366. 3566262. 0.
59.69 34 GYRO_RATES -48 -20 0 0.418879 -0.174533 0.
59.69 34 ESTIMATOR 0. 0. 0. 0. 0.
59.69 34 GPS 0 50624961 356621065 0 80355 0 0 486499 12 0
59.69 34 NAVIGATION 0 1 0 0 38 0. 6571.9
59.69 34 ATTITUDE 2 0 -27
59.70 34 DESIRED 0. 0. 0. 0. 770. 0.
59.70 34 NAVIGATION 0 1 0 0 38 0. 6571.9
59.70 34 GPS 0 50624961 356621065 0 80355 0 0 486751 12 0
59.70 34 WP_MOVED 0 506408. 3566304. 800.
59.70 34 ESTIMATOR 0. 0. 0. 0. 0.
59.71 34 COMMANDS 186,-24,-1231,2548
59.72 34 NAVIGATION 0 1 0 0 38 0. 6571.9
59.75 34 ATTITUDE 3 0 -26
59.75 34 DL_VALUE 15 455.
59.75 34 GPS 0 50624961 356621065 0 80355 0 0 486999 12 0
60.23 34 FBW_STATUS 0 0 122
60.33 34 RAD_OF_IR 25 0 0.00211
60.42 34 ACTUATORS 1440,1562,0,1215,1631
60.51 34 IR_SENSORS -652 23 1
60.51 34 NAVIGATION 0 1 0 0 38 0. 6571.9
60.69 34 GPS 0 50624961 356621065 0 80355 0 0 487251 12 0
60.79 34 WP_MOVED 1 506292.5 3566296.25 800.
60.88 34 GYRO_RATES -48 -25 0 0.418879 -0.218166 0.
