6.63 34 GPS 0 55814345 339497896 0 5092 0 0 250030498 16 0
6.68 34 ESTIMATOR 0. 0. 0. 0. 0.
6.82 34 COMMANDS 172,-14,-72,-807,-9600
6.82 34 NAVIGATION 0 1 0 0 36 0. 90098.8
6.82 34 ATTITUDE -2 0 -25
6.82 34 DL_VALUE 23 0.
6.87 34 DOWNLINK_STATUS 7 508 33 0 191. 13.
6.91 34 FBW_STATUS 0 0 125
6.91 34 RAD_OF_IR -18 0 0.00181
6.91 34 GPS 0 55814345 339497896 0 5092 0 0 250030750 16 0
6.99 34 WP_MOVED 7 557683. 3394386. 89.
6.99 34 GYRO_RATES -1 2 2 0.008727 0.017453 0.017453
7.11 34 DOWNLINK_STATUS 262 67346 4274 0 242. 15.
7.32 34 NAVIGATION 0 1 0 0 36 0. 90098.8
7.32 34 ATTITUDE -2 0 -25
7.32 34 CALIBRATION 0. 0.023 0.064 0
7.44 34 CALIB_CONTRAST 1052
7.44 34 SERVO 8808 919 172
7.44 34 GPS 0 55814345 339497896 0 5092 0 0 250031250 16 0
7.44 34 DESIRED -0. -0.01 0. 0. 89. 0.
7.44 34 IR_DEBUG 498 523 498 523
7.44 34 NAVIGATION 0 1 0 0 36 0. 90098.8
7.48 34 WP_MOVED 8 557627.1875 3394878.25 89.
7.58 34 ESTIMATOR 0. 0. 0. 0. 0.
7.84 34 GPS 0 55814345 339497896 0 5092 0 0 250031498 16 0
7.84 34 SVINFO 3 32 12 6 33 37 208
7.84 34 COMMANDS 172,-12,-70,-805,-9600
7.84 34 NAVIGATION 0 1 0 0 36 0. 90098.8
7.84 34 ATTITUDE -2 0 -25
7.84 34 DL_VALUE 24 11850.
7.84 34 FBW_STATUS 0 0 125
7.87 34 DOWNLINK_STATUS 8 585 38 0 77. 5.
8.02 34 RAD_OF_IR -16 0 0.00181
8.02 34 IR_SENSORS -716 -16 1
8.02 34 GPS 0 55814345 339497896 0 5092 0 0 250031750 16 0
8.02 34 NAVIGATION 0 1 0 0 36 0. 90098.8
8.03 34 WP_MOVED 9 558256.875 3395029.25 108.599998
8.03 34 GYRO_RATES -2 3 1 0.017453 0.02618 0.008727
8.03 34 ESTIMATOR 0. 0. 0. 0. 0.
8.11 34 DOWNLINK_STATUS 263 67605 4292 0 259. 18.
8.13 34 GPS 0 55814345 339497896 0 5092 0 0 250031998 16 0
8.13 34 NAVIGATION 0 1 0 0 36 0. 90098.8
8.13 34 ATTITUDE -3 0 -24
8.30 34 CALIB_CONTRAST 1052
8.64 34 ESTIMATOR 0. 0. 0. 0. 0.
8.68 34 COMMANDS 173,-12,-70,-807,-9600
8.68 34 NAVIGATION 0 1 0 0 36 0. 90098.8
8.68 34 ATTITUDE -4 0 -23
8.68 34 DL_VALUE 25 10000.
8.68 34 GPS 0 55814345 339497896 0 5092 0 0 250032498 16 0
8.81 34 DESIRED -0. -0.01 0. 0. 89. 0.
8.81 34 NAVIGATION 0 1 0 0 36 0. 90098.8
8.81 34 GPS 0 55814345 339497896 0 5092 0 0 250032250 16 0
8.87 34 DOWNLINK_STATUS 9 800 51 0 215. 13.
8.92 34 RAD_OF_IR -28 0 0.00181
8.92 34 IR_SENSORS -702 -27 1
8.92 34 NAVIGATION 0 1 0 0 36 0. 90098.8
8.92 34 GPS 0 55814345 339497896 0 5092 0 0 250032750 16 0
8.92 34 WP_MOVED 11 557756.875 3394705.5 139.
8.92 34 GYRO_RATES -3 1 3 0.02618 0.008727 0.02618
9.00 34 ESTIMATOR 0. 0. 0. 0. 0.
9.00 34 BAT 173 125 0 0 67 0 1
9.11 34 NAVIGATION 0 1 0 0 36 0. 90098.8
9.11 34 ATTITUDE -4 0 -23
9.11 34 CALIBRATION 0. 0.023 0.064 0
9.11 34 GPS 0 55814345 339497896 0 5092 0 0 250032998 16 0
9.11 34 DOWNLINK_STATUS 264 67801 4303 0 196. 11.
9.12 34 CALIB_CONTRAST 1052
9.12 34 SERVO 7866 1364 173
9.30 34 DESIRED -0. -0.01 0. 0. 89. 0.
9.31 34 IR_DEBUG 483 522 483 522
9.31 34 NAVIGATION 0 1 0 0 36 0. 90098.8
9.31 34 WP_MOVED 12 558054.8125 3394705. 139.
9.42 34 GPS 0 55814345 339497896 0 5092 0 0 250033250 16 0
9.42 34 ESTIMATOR 0. 0. 0. 0. 0.
9.53 34 COMMANDS 172,-12,-70,-807,-9600
9.53 34 NAVIGATION 0 1 0 0 36 0. 90098.8
9.53 34 ATTITUDE -4 0 -23
9.53 34 DL_VALUE 26 10000.
9.73 34 FBW_STATUS 0 0 125
9.77 34 GPS 0 55814345 339497896 0 5092 0 0 250033498 16 0
9.77 34 RAD_OF_IR -28 0 0.00181
9.80 34 IR_SENSORS -702 -28 1
9.87 34 DOWNLINK_STATUS 10 934 59 0 134. 8.
9.91 34 GPS 0 55814345 339497896 0 5092 0 0 250033750 16 0
9.91 34 ESTIMATOR 0. 0. 0. 0. 0.
9.99 34 NAVIGATION 0 1 0 0 36 0. 90098.8
9.99 34 ATTITUDE -4 0 -23
10.11 34 DOWNLINK_STATUS 265 68027 4319 0 226. 16.
10.21 34 CALIB_CONTRAST 1052
10.21 34 GPS 0 55814345 339497896 0 5092 0 0 250033998 16 0
10.23 34 DESIRED -0. -0.01 0. 0. 89. 0.
10.23 34 NAVIGATION 0 1 0 0 36 0. 90098.8
10.28 34 WP_MOVED 14 558015.1875 3394985.75 119.
10.40 34 ESTIMATOR 0. 0. 0. 0. 0.
10.40 34 GPS 0 55814345 339497896 0 5092 0 0 250034250 16 0
10.50 34 COMMANDS 173,-14,-70,-807,-9600
10.50 34 NAVIGATION 0 1 0 0 36 0. 90098.8
10.50 34 ATTITUDE -4 0 -23
10.50 34 DL_VALUE 27 5500.
10.50 34 FBW_STATUS 0 0 125
10.51 34 RAD_OF_IR -26 0 0.00181
10.82 34 GPS 0 55814345 339497896 0 5092 0 0 250034498 16 0
10.86 34 ACTUATORS 1496,1502,0,1214,1458,2000
10.86 34 IR_SENSORS -701 -25 1
10.87 34 DOWNLINK_STATUS 11 1009 63 0 75. 4.
10.93 34 NAVIGATION 0 1 0 0 36 0. 90098.8
10.93 34 WP_MOVED 15 557846.1875 3394764. 89.
10.93 34 GYRO_RATES -2 -1 3 0.017453 -0.008727 0.02618
10.93 34 ESTIMATOR 0. 0. 0. 0. 0.
10.93 34 BAT 172 125 0 0 69 0 1
10.93 34 GPS 0 55814345 339497896 0 5092 0 0 250034750 16 0
10.99 34 CALIB_CONTRAST 1052
10.99 34 SERVO 7866 1133 172
11.11 34 DOWNLINK_STATUS 266 68277 4335 0 250. 16.
11.35 34 GPS 0 55814345 339497896 0 5092 0 0 250034998 16 0
11.36 34 SVINFO 1 23 12 4 31 53 324
11.36 34 DESIRED -0. -0.01 0. 0. 89. 0.
11.36 34 IR_DEBUG 484 518 484 518
11.36 34 NAVIGATION 0 1 0 0 36 0. 90098.8
11.36 34 WP_MOVED 16 557838.875 3394864.25 89.
11.44 34 ESTIMATOR 0. 0. 0. 0. 0.
11.44 34 GPS 0 55814345 339497896 0 5092 0 0 250035250 16 0
11.45 34 COMMANDS 173,-12,-69,-807,-9600
11.45 34 NAVIGATION 0 1 0 0 36 0. 90098.8
11.45 34 ATTITUDE -3 0 -23
11.45 34 DL_VALUE 28 0.228
11.48 34 FBW_STATUS 0 0 125
11.48 34 RAD_OF_IR -18 0 0.00181
11.83 34 IR_SENSORS -703 -17 1
11.83 34 GPS 0 55814345 339497896 0 5092 0 0 250035498 16 0
11.83 34 SVINFO 3 32 12 7 33 37 208
11.83 34 NAVIGATION 0 1 0 0 36 0. 90098.8
11.87 34 DOWNLINK_STATUS 12 1137 71 0 128. 8.
11.92 34 WP_MOVED 17 558102. 3395038. 0.
11.93 34 GYRO_RATES -3 4 1 0.02618 0.034907 0.008727
11.93 34 ESTIMATOR 0. 0. 0. 0. 0.
11.93 34 NAVIGATION 0 1 0 0 36 0. 90098.8
11.93 34 GPS 0 55814345 339497896 0 5092 0 0 250035750 16 0
11.93 34 ATTITUDE -3 0 -23
12.12 34 DOWNLINK_STATUS 267 68556 4353 0 279. 18.
12.30 34 CALIB_CONTRAST 1052
12.30 34 DESIRED -0. -0.01 0. 0. 89. 0.
12.30 34 NAVIGATION 0 1 0 0 36 0. 90098.8
12.43 34 COMMANDS 172,-12,-70,-807,-9600
12.43 34 NAVIGATION 0 1 0 0 36 0. 90098.8
12.43 34 ATTITUDE -3 0 -23
12.43 34 DL_VALUE 29 0.462
12.43 34 GPS 0 55814345 339497896 0 5092 0 0 250036250 16 0
12.43 34 FBW_STATUS 0 0 125
12.43 34 RAD_OF_IR -23 0 0.00181
12.48 34 IR_SENSORS -705 -23 1
12.58 34 NAVIGATION 0 1 0 0 36 0. 90098.8
12.85 34 GPS 0 55814345 339497896 0 5092 0 0 250036498 16 0
12.85 34 WP_MOVED 1 558069.5 3394739.5 119.
12.85 34 GYRO_RATES -4 1 3 0.034907 0.008727 0.02618
12.85 34 ESTIMATOR 0. 0. 0. 0. 0.
12.85 34 BAT 172 125 0 0 71 0 1
12.87 34 DOWNLINK_STATUS 13 1247 77 0 110. 6.
13.02 34 DESIRED -0. -0.01 0. 0. 89. 0.
13.02 34 IR_DEBUG 484 523 484 523
13.02 34 NAVIGATION 0 1 0 0 36 0. 90098.8
13.10 34 WP_MOVED 2 558102. 3395038. 89.
13.10 34 GPS 0 55814345 339497896 0 5092 0 0 250036998 16 0
13.11 34 DOWNLINK_STATUS 268 68858 4372 0 302. 19.
13.31 34 ESTIMATOR 0. 0. 0. 0. 0.
13.42 34 COMMANDS 173,-14,-70,-808,-9600
13.42 34 NAVIGATION 0 1 0 0 36 0. 90098.8
13.42 34 ATTITUDE -4 0 -23
13.42 34 DL_VALUE 30 0.
13.42 34 FBW_STATUS 0 0 125
13.43 34 RAD_OF_IR -29 0 0.00181
13.43 34 NAVIGATION_REF 558102 3395038 16
13.43 34 GPS 0 55814345 339497896 0 5092 0 0 250037250 16 0
13.43 34 IR_SENSORS -706 -30 1
13.48 34 NAVIGATION 0 1 0 0 36 0. 90098.8
13.61 34 WP_MOVED 3 558090.6875 3394976. 100.
13.61 34 GYRO_RATES 2 -2 0 -0.017453 -0.017453 0.
13.61 34 GPS 0 55814345 339497896 0 5092 0 0 250037498 16 0
13.81 34 ESTIMATOR 0. 0. 0. 0. 0.
13.87 34 DOWNLINK_STATUS 14 1301 80 0 54. 3.
13.94 34 NAVIGATION 0 1 0 0 36 0. 90098.8
13.94 34 ATTITUDE -4 0 -23
13.94 34 CALIB_CONTRAST 1052
13.94 34 GPS 0 55814345 339497896 0 5092 0 0 250037750 16 0
13.94 34 DESIRED -0. -0.01 0. 0. 89. 0.
14.00 34 NAVIGATION 0 1 0 0 36 0. 90098.8
14.00 34 WP_MOVED 4 557998.375 3395062.25 100.
14.12 34 DOWNLINK_STATUS 269 69089 4387 0 231. 15.
14.31 34 ESTIMATOR 0. 0. 0. 0. 0.
14.43 34 FBW_STATUS 0 0 125
14.43 34 RAD_OF_IR -20 0 0.00181
14.43 34 GPS 0 55814345 339497896 0 5092 0 0 250038250 16 0
14.43 34 IR_SENSORS -716 -18 1
14.43 34 NAVIGATION 0 1 0 0 36 0. 90098.8
14.49 34 WP_MOVED 5 558077.8125 3395188.5 108.599998
14.49 34 GYRO_RATES -1 5 1 0.008727 0.043633 0.008727
14.63 34 ESTIMATOR 0. 0. 0. 0. 0.
14.63 34 BAT 172 125 0 0 73 0 1
14.63 34 GPS 0 55814345 339497896 0 5092 0 0 250038498 16 0
14.82 34 NAVIGATION 0 1 0 0 36 0. 90098.8
14.82 34 ATTITUDE 0 0 -22
14.82 34 CALIBRATION 0. 0.023 0.064 0
14.87 34 DOWNLINK_STATUS 15 1417 87 0 116. 7.
14.94 34 CALIB_CONTRAST 1052
14.94 34 SERVO 7360 -367 173
14.94 34 GPS 0 55814345 339497896 0 5092 0 0 250038750 16 0
14.94 34 DESIRED -0. -0.01 0. 0. 89. 0.
14.94 34 IR_DEBUG 501 495 501 495
14.94 34 NAVIGATION 0 1 0 0 36 0. 90098.8
14.98 34 WP_MOVED 6 558136.125 3394234.5 119.
15.08 34 ESTIMATOR 0. 0. 0. 0. 0.
15.12 34 DOWNLINK_STATUS 270 69340 4402 0 251. 15.
15.34 34 GPS 0 55814345 339497896 0 5092 0 0 250038998 16 0
15.35 34 SVINFO 1 23 12 4 31 53 324
15.35 34 COMMANDS 173,-12,-69,-807,-9600
15.35 34 NAVIGATION 0 1 0 0 36 0. 90098.8
15.35 34 ATTITUDE 0 0 -22
15.35 34 DL_VALUE 32 0.001
15.35 34 FBW_STATUS 0 0 125
15.53 34 RAD_OF_IR 0 0 0.00181
15.53 34 ACTUATORS 1496,1502,0,1214,1458,2000
15.53 34 IR_SENSORS -704 -4 1
15.53 34 NAVIGATION 0 1 0 0 36 0. 90098.8
15.53 34 GPS 0 55814345 339497896 0 5092 0 0 250039250 16 0
15.53 34 WP_MOVED 7 557683. 3394386. 89.
15.53 34 GYRO_RATES 3 2 2 -0.02618 0.017453 0.017453
15.87 34 DOWNLINK_STATUS 16 1525 94 0 108. 7.
15.92 34 CALIB_CONTRAST 1052
15.92 34 DESIRED -0. -0.01 0. 0. 89. 0.
15.92 34 NAVIGATION 0 1 0 0 36 0. 90098.8
15.92 34 GPS 0 55814345 339497896 0 5092 0 0 250039750 16 0
15.93 34 WP_MOVED 8 557627.1875 3394878.25 89.
15.93 34 PPRZ_MODE 0 0 3 0 0 1 0
15.98 34 ESTIMATOR 0. 0. 0. 0. 0.
16.12 34 DOWNLINK_STATUS 271 69541 4416 0 201. 14.
16.16 34 COMMANDS 172,-12,-70,-807,-9600
16.16 34 NAVIGATION 0 1 0 0 36 0. 90098.8
16.16 34 ATTITUDE -2 0 -25
16.16 34 DL_VALUE 33 0.01
16.16 34 GPS 0 55814345 339497896 0 5092 0 0 250039998 16 0
16.30 34 FBW_STATUS 0 0 125
16.33 34 RAD_OF_IR -14 0 0.00181
16.33 34 IR_SENSORS -716 -15 1
16.33 34 NAVIGATION 0 1 0 0 36 0. 90098.8
16.41 34 WP_MOVED 9 558256.875 3395029.25 108.599998
16.41 34 GYRO_RATES -1 2 2 0.008727 0.017453 0.017453
16.41 34 GPS 0 55814345 339497896 0 5092 0 0 250040250 16 0
16.49 34 ESTIMATOR 0. 0. 0. 0. 0.
16.49 34 BAT 173 125 0 0 75 0 1
16.62 34 NAVIGATION 0 1 0 0 36 0. 90098.8
16.62 34 ATTITUDE -2 0 -25
16.62 34 CALIBRATION 0. 0.023 0.064 0
16.62 34 GPS 0 55814345 339497896 0 5092 0 0 250040498 16 0
16.62 34 CALIB_CONTRAST 1052
16.62 34 SERVO 8449 671 172
16.87 34 DOWNLINK_STATUS 17 1646 101 0 121. 7.
17.12 34 DOWNLINK_STATUS 272 69833 4436 0 292. 20.
17.87 34 DOWNLINK_STATUS 18 1646 101 0 0. 0.
18.12 34 DOWNLINK_STATUS 273 69833 4436 0 0. 0.
18.87 34 DOWNLINK_STATUS 19 1646 101 0 0. 0.
19.12 34 DOWNLINK_STATUS 274 69833 4436 0 0. 0.
19.16 34 COMMANDS 173,-12,-69,-807,-9600
19.16 34 NAVIGATION 0 1 0 0 36 0. 90098.8
19.16 34 ATTITUDE -1 0 -24
19.16 34 DL_VALUE 36 0.
19.16 34 FBW_STATUS 0 0 125
19.16 34 RAD_OF_IR -1 0 0.00181
19.16 34 IR_SENSORS -699 3 1
19.24 34 SVINFO 1 23 12 4 30 53 324
19.24 34 NAVIGATION 0 1 0 0 36 0. 90098.8
19.24 34 WP_MOVED 15 557846.1875 3394764. 89.
19.24 34 GYRO_RATES -1 4 1 0.008727 0.034907 0.008727
19.30 34 ESTIMATOR 0. 0. 0. 0. 0.
19.40 34 NAVIGATION 0 1 0 0 36 0. 90098.8
19.40 34 ATTITUDE 0 0 -27
19.40 34 GPS 0 55814345 339497896 0 5092 0 0 250043250 16 0
19.41 34 CALIB_CONTRAST 1052
19.71 34 DESIRED -0. -0.01 0. 0. 89. 0.
19.83 34 NAVIGATION 0 1 0 0 36 0. 90098.8
19.83 34 GPS 0 55814345 339497896 0 5092 0 0 250043498 16 0
19.83 34 SVINFO 3 32 12 4 31 37 208
19.83 34 WP_MOVED 16 557838.875 3394864.25 89.
19.84 34 ESTIMATOR 0. 0. 0. 0. 0.
19.87 34 DOWNLINK_STATUS 20 1646 101 0 0. 0.
19.93 34 COMMANDS 172,-12,-72,-807,-9600
19.93 34 NAVIGATION 0 1 0 0 36 0. 90098.8
19.93 34 ATTITUDE -1 0 -27
19.93 34 DL_VALUE 37 0.1
19.93 34 GPS 0 55814345 339497896 0 5092 0 0 250043750 16 0
19.93 34 FBW_STATUS 0 0 125
19.93 34 RAD_OF_IR -10 0 0.00181
19.99 34 ACTUATORS 1496,1503,0,1214,1458,2000
19.99 34 IR_SENSORS -727 -10 1
20.14 34 DOWNLINK_STATUS 275 70162 4458 0 329. 22.
20.22 34 NAVIGATION 0 1 0 0 36 0. 90098.8
20.32 34 GPS 0 55814345 339497896 0 5092 0 0 250043998 16 0
20.32 34 WP_MOVED 17 558102. 3395038. 0.
20.32 34 GYRO_RATES -2 2 1 0.017453 0.017453 0.008727
20.32 34 ESTIMATOR 0. 0. 0. 0. 0.
20.32 34 BAT 173 125 0 0 79 1 1
20.33 34 NAVIGATION 0 1 0 0 36 0. 90098.8
20.33 34 ATTITUDE -2 0 -26
20.33 34 CALIBRATION 0. 0.023 0.064 0
20.39 34 GPS 0 55814345 339497896 0 5092 0 0 250044250 16 0
20.39 34 CALIB_CONTRAST 1052
20.39 34 SERVO 8433 308 172
20.52 34 DESIRED -0. -0.01 0. 0. 89. 0.
20.52 34 IR_DEBUG 504 526 504 526
20.52 34 NAVIGATION 0 1 0 0 36 0. 90098.8
20.73 34 WP_MOVED 0 558144. 3395080. 119.
20.76 34 PPRZ_MODE 0 0 3 0 0 1 0
20.76 34 GPS 0 55814345 339497896 0 5092 0 0 250044498 16 0
20.81 34 ESTIMATOR 0. 0. 0. 0. 0.
20.81 34 COMMANDS 173,-12,-70,-807,-9600
20.81 34 NAVIGATION 0 1 0 0 36 0. 90098.8
20.81 34 ATTITUDE -2 0 -25
20.81 34 DL_VALUE 38 0.
20.87 34 DOWNLINK_STATUS 21 1757 110 0 111. 9.
20.90 34 FBW_STATUS 0 0 125
20.90 34 GPS 0 55814345 339497896 0 5092 0 0 250044750 16 0
20.90 34 RAD_OF_IR -15 0 0.00181
20.91 34 IR_SENSORS -717 -16 1
20.98 34 NAVIGATION 0 1 0 0 36 0. 90098.8
21.13 34 DOWNLINK_STATUS 276 70531 4481 0 369. 23.
21.25 34 WP_MOVED 1 558069.5 3394739.5 119.
21.25 34 GYRO_RATES -1 1 2 0.008727 0.008727 0.017453
21.25 34 GPS 0 55814345 339497896 0 5092 0 0 250044998 16 0
21.30 34 ESTIMATOR 0. 0. 0. 0. 0.
21.30 34 NAVIGATION 0 1 0 0 36 0. 90098.8
21.30 34 ATTITUDE -2 0 -25
21.30 34 CALIB_CONTRAST 1052
21.44 34 GPS 0 55814345 339497896 0 5092 0 0 250045250 16 0
21.44 34 DESIRED -0. -0.01 0. 0. 89. 0.
21.48 34 NAVIGATION 0 1 0 0 36 0. 90098.8
21.49 34 WP_MOVED 2 558102. 3395038. 89.
21.73 34 GPS 0 55814345 339497896 0 5092 0 0 250045498 16 0
21.73 34 ESTIMATOR 0. 0. 0. 0. 0.
21.80 34 COMMANDS 173,-14,-70,-808,-9600
21.80 34 NAVIGATION 0 1 0 0 36 0. 90098.8
21.80 34 ATTITUDE -3 0 -25
21.80 34 DL_VALUE 39 0.064
21.87 34 DOWNLINK_STATUS 22 1825 115 0 68. 5.
21.92 34 GPS 0 55814345 339497896 0 5092 0 0 250045750 16 0
21.92 34 IR_SENSORS -717 -21 1
21.92 34 NAVIGATION 0 1 0 0 36 0. 90098.8
21.99 34 WP_MOVED 3 558090.6875 3394976. 100.
21.99 34 GYRO_RATES -2 1 2 0.017453 0.008727 0.017453
22.13 34 DOWNLINK_STATUS 277 70826 4498 0 295. 17.
22.22 34 NAVIGATION_REF 558102 3395038 16
22.30 34 NAVIGATION 0 1 0 0 36 0. 90098.8
22.30 34 ATTITUDE -3 0 -25
22.30 34 CALIBRATION 0. 0.023 0.064 0
22.30 34 CALIB_CONTRAST 1052
22.30 34 SERVO 8683 712 173
22.52 34 DESIRED -0. -0.01 0. 0. 89. 0.
22.52 34 IR_DEBUG 498 529 498 529
22.52 34 GPS 0 55814345 339497896 0 5092 0 0 250046250 16 0
22.52 34 NAVIGATION 0 1 0 0 36 0. 90098.8
22.52 34 WP_MOVED 4 557998.375 3395062.25 100.
22.84 34 GPS 0 55814345 339497896 0 5092 0 0 250046498 16 0
22.87 34 COMMANDS 173,-14,-70,-807,-9600
22.87 34 NAVIGATION 0 1 0 0 36 0. 90098.8
22.87 34 ATTITUDE -3 0 -26
22.87 34 DL_VALUE 40 1.
22.87 34 FBW_STATUS 0 0 125
22.87 34 RAD_OF_IR -22 0 0.00181
22.87 34 IR_SENSORS -718 -21 1
22.87 34 DOWNLINK_STATUS 23 1913 120 0 88. 5.
23.02 34 ESTIMATOR 0. 0. 0. 0. 0.
23.14 34 DOWNLINK_STATUS 278 71082 4517 0 256. 19.
23.35 34 NAVIGATION 0 1 0 0 36 0. 90098.8
23.35 34 GPS 0 55814345 339497896 0 5092 0 0 250046998 16 0
23.35 34 SVINFO 1 23 12 4 30 53 324
23.35 34 ATTITUDE -3 0 -25
23.42 34 CALIB_CONTRAST 1052
23.42 34 DESIRED -0. -0.01 0. 0. 89. 0.
23.42 34 NAVIGATION 0 1 0 0 36 0. 90098.8
23.42 34 GPS 0 55814345 339497896 0 5092 0 0 250047250 16 0
23.42 34 WP_MOVED 6 558136.125 3394234.5 119.
23.49 34 ESTIMATOR 0. 0. 0. 0. 0.
23.85 34 COMMANDS 173,-12,-69,-808,-9600
23.85 34 NAVIGATION 0 1 0 0 36 0. 90098.8
23.85 34 ATTITUDE -3 0 -25
23.85 34 DL_VALUE 41 0.
23.85 34 GPS 0 55814345 339497896 0 5092 0 0 250047498 16 0
23.85 34 SVINFO 3 32 12 6 32 37 208
23.85 34 FBW_STATUS 0 0 125
23.87 34 DOWNLINK_STATUS 24 1935 121 0 22. 1.
23.92 34 RAD_OF_IR -20 0 0.00181
23.92 34 IR_SENSORS -718 -19 1
23.92 34 NAVIGATION 0 1 0 0 36 0. 90098.8
23.92 34 GPS 0 55814345 339497896 0 5092 0 0 250047750 16 0
23.92 34 WP_MOVED 7 557683. 3394386. 89.
23.93 34 GYRO_RATES -1 2 2 0.008727 0.017453 0.017453
23.99 34 ESTIMATOR 0. 0. 0. 0. 0.
23.99 34 BAT 173 125 0 0 83 1 1
24.11 34 NAVIGATION 0 1 0 0 36 0. 90098.8
24.11 34 ATTITUDE -2 0 -25
24.11 34 CALIBRATION 0. 0.023 0.064 0
24.11 34 GPS 0 55814345 339497896 0 5092 0 0 250047998 16 0
24.11 34 CALIB_CONTRAST 1052
24.11 34 SERVO 8683 654 173
24.14 34 DOWNLINK_STATUS 279 71425 4540 0 343. 23.
24.43 34 DESIRED -0. -0.01 0. 0. 89. 0.
24.43 34 IR_DEBUG 499 526 499 526
24.43 34 NAVIGATION 0 1 0 0 36 0. 90098.8
24.43 34 WP_MOVED 8 557627.1875 3394878.25 89.
24.50 34 GPS 0 55814345 339497896 0 5092 0 0 250048250 16 0
24.50 34 ESTIMATOR 0. 0. 0. 0. 0.
24.53 34 COMMANDS 172,-12,-70,-807,-9600
24.53 34 NAVIGATION 0 1 0 0 36 0. 90098.8
24.53 34 ATTITUDE -2 0 -25
24.53 34 DL_VALUE 0 89.
24.62 34 FBW_STATUS 0 0 125
24.65 34 GPS 0 55814345 339497896 0 5092 0 0 250048498 16 0
24.65 34 RAD_OF_IR -18 0 0.00181
24.69 34 ACTUATORS 1496,1502,0,1214,1458,2000
24.69 34 IR_SENSORS -718 -18 1
24.73 34 NAVIGATION 0 1 0 0 36 0. 90098.8
24.87 34 DOWNLINK_STATUS 25 2069 129 0 134. 8.
24.92 34 WP_MOVED 9 558256.875 3395029.25 108.599998
24.92 34 GYRO_RATES -1 2 2 0.008727 0.017453 0.017453
25.00 34 GPS 0 55814345 339497896 0 5092 0 0 250048750 16 0
25.00 34 ESTIMATOR 0. 0. 0. 0. 0.
25.01 34 NAVIGATION 0 1 0 0 36 0. 90098.8
25.01 34 ATTITUDE -2 0 -26
25.09 34 CALIB_CONTRAST 1052
25.09 34 GPS 0 55814345 339497896 0 5092 0 0 250048998 16 0
25.14 34 DOWNLINK_STATUS 280 71703 4558 0 278. 18.
25.20 34 DESIRED -0. -0.01 0. 0. 89. 0.
25.21 34 NAVIGATION 0 1 0 0 36 0. 90098.8
25.41 34 WP_MOVED 10 557762.8125 3394859.5 139.
25.41 34 PPRZ_MODE 0 0 3 0 0 1 0
25.52 34 ESTIMATOR 0. 0. 0. 0. 0.
25.52 34 GPS 0 55814345 339497896 0 5092 0 0 250049250 16 0
25.52 34 COMMANDS 172,-12,-70,-807,-9600
25.52 34 NAVIGATION 0 1 0 0 36 0. 90098.8
25.53 34 ATTITUDE -2 0 -25
25.53 34 DL_VALUE 1 1.
25.60 34 IR_SENSORS -718 -18 1
25.68 34 NAVIGATION 0 1 0 0 36 0. 90098.8
25.87 34 DOWNLINK_STATUS 26 2179 135 0 110. 6.
25.92 34 WP_MOVED 11 557756.875 3394705.5 139.
25.92 34 GYRO_RATES -1 2 1 0.008727 0.017453 0.008727
