10.54 34 ESTIMATOR 0. 0. 0. 0. 0.
10.54 34 COMMANDS 172,-20,-64,-2943
10.54 34 NAVIGATION 0 1 0 0 42 0. 140.5
10.54 34 ATTITUDE 0 0 -40
10.54 34 DL_VALUE 33 0.01
10.54 34 GPS 0 49759443 356543888 0 74137 0 0 424599498 12 0
10.54 34 FBW_STATUS 0 0 122
10.54 34 RAD_OF_IR 7 0 0.00154
10.54 34 DOWNLINK_STATUS 5 1604 107 0 447. 30.
10.54 34 IR_SENSORS -952 7 1
10.54 34 NAVIGATION 0 1 0 0 42 0. 140.5
10.54 34 WP_MOVED 3 497546.40625 3565495.5 810.
10.54 34 GYRO_RATES -288 -269 -259 2.513274 -2.347468 -2.260201
10.54 34 GPS 0 49759443 356543888 0 74137 0 0 424599750 12 0
10.54 34 ESTIMATOR 0. 0. 0. 0. 0.
10.54 34 BAT 170 122 0 0 75 0 1
10.54 34 NAVIGATION 0 1 0 0 42 0. 140.5
10.54 34 ATTITUDE 0 0 -40
10.55 34 CALIBRATION 0. 0.023 0.074 0
10.55 34 CALIB_CONTRAST 1236
10.55 34 SERVO 9600 -9600 171
10.55 34 GPS 0 49759443 356543888 0 74137 0 0 424599998 12 0
10.55 34 SVINFO 0 6 12 3 33 -9 0
10.55 34 DESIRED -0. -0.01 0. 0. 778. 0.
10.55 34 IR_DEBUG 684 674 684 674
10.55 34 NAVIGATION 0 1 0 0 42 0. 140.5
10.55 34 GPS 0 49759443 356543888 0 74137 0 0 424600250 12 0
10.55 34 ESTIMATOR 0. 0. 0. 0. 0.
10.55 34 COMMANDS 169,-18,-64,-2939
10.55 34 NAVIGATION 0 1 0 0 42 0. 140.5
10.55 34 ATTITUDE 0 0 -39
10.55 34 DL_VALUE 34 1.
10.55 34 FBW_STATUS 0 0 122
10.55 34 RAD_OF_IR 7 0 0.00154
10.55 34 GPS 0 49759443 356543888 0 74137 0 0 424600498 12 0
10.55 34 SVINFO 2 13 12 3 31 -9 0
10.55 34 IR_SENSORS -949 7 1
10.55 34 NAVIGATION 0 1 0 0 42 0. 140.5
10.55 34 DOWNLINK_STATUS 6 2043 136 0 439. 29.
10.55 34 WP_MOVED 5 497625. 3565488. 810.
10.55 34 GYRO_RATES -289 -269 -259 2.522001 -2.347468 -2.260201
10.55 34 ESTIMATOR 0. 0. 0. 0. 0.
10.55 34 GPS 0 49759443 356543888 0 74137 0 0 424600750 12 0
10.55 34 SVINFO 3 21 4 3 33 -9 0
10.55 34 NAVIGATION 0 1 0 0 42 0. 140.5
10.55 34 ATTITUDE 0 0 -40
10.55 34 CALIB_CONTRAST 1236
10.55 34 GPS 0 49759443 356543888 0 74137 0 0 424600998 12 0
10.55 34 SVINFO 4 16 12 2 33 -9 0
10.55 34 DESIRED -0. -0.01 0. 0. 778. 0.
10.55 34 NAVIGATION 0 1 0 0 42 0. 140.5
10.55 34 WP_MOVED 6 497565. 3565513. 810.
10.55 34 ESTIMATOR 0. 0. 0. 0. 0.
10.55 34 GPS 0 49759443 356543888 0 74137 0 0 424601250 12 0
10.55 34 COMMANDS 170,-20,-64,-2939
10.55 34 NAVIGATION 0 1 0 0 42 0. 140.5
10.55 34 ATTITUDE 0 0 -40
10.55 34 DL_VALUE 35 0.
10.55 34 FBW_STATUS 0 0 122
10.56 34 RAD_OF_IR 7 0 0.00154
10.56 34 GPS 0 49759443 356543888 0 74137 0 0 424601498 12 0
10.56 34 SVINFO 6 22 4 3 32 -9 0
10.56 34 IR_SENSORS -954 7 1
10.56 34 NAVIGATION 0 1 0 0 42 0. 140.5
10.56 34 DOWNLINK_STATUS 7 2434 161 0 391. 25.
10.56 34 WP_MOVED 7 497540. 3565503. 810.
10.56 34 GYRO_RATES -289 -270 -260 2.522001 -2.356194 -2.268928
10.56 34 ESTIMATOR 0. 0. 0. 0. 0.
10.56 34 BAT 170 122 0 0 77 1 1
10.56 34 GPS 0 49759443 356543888 0 74137 0 0 424601750 12 0
10.56 34 SVINFO 7 19 4 3 33 -9 0
10.56 34 NAVIGATION 0 1 0 0 42 0. 140.5
10.56 34 ATTITUDE 0 0 -40
10.56 34 CALIBRATION 0. 0.023 0.074 0
10.56 34 CALIB_CONTRAST 1236
10.56 34 SERVO 9600 -9600 170
10.56 34 DESIRED -0. -0.01 0. 0. 778. 0.
10.56 34 IR_DEBUG 683 673 683 673
10.56 34 GPS 0 49759443 356543888 0 74137 0 0 424601998 12 0
10.56 34 SVINFO 8 26 4 2 33 -9 0
10.56 34 NAVIGATION 0 1 0 0 42 0. 140.5
10.56 34 WP_MOVED 8 497625. 3565493. 810.
10.56 34 ESTIMATOR 0. 0. 0. 0. 0.
10.85 34 COMMANDS 171,-20,-63,-2941
10.88 34 NAVIGATION 0 1 0 0 42 0. 140.5
10.88 34 ATTITUDE 0 0 -40
10.88 34 DL_VALUE 36 0.
10.89 34 GPS 0 49759443 356543888 0 74137 0 0 424602250 12 0
10.89 34 SVINFO 9 18 4 2 34 -9 0
10.89 34 FBW_STATUS 0 0 122
10.93 34 RAD_OF_IR 7 0 0.00154
10.93 34 IR_SENSORS -954 7 1
10.93 34 NAVIGATION 0 1 0 0 42 0. 140.5
10.93 34 GPS 0 49759443 356543888 0 74137 0 0 424602498 12 0
10.94 34 SVINFO 10 28 4 2 35 -9 0
10.94 34 WP_MOVED 9 497575. 3565498. 0.
10.94 34 GYRO_RATES -289 -270 -259 2.522001 -2.356194 -2.260201
10.94 34 DOWNLINK_STATUS 8 2917 193 0 483. 32.
11.10 34 ESTIMATOR 0. 0. 0. 0. 0.
11.10 34 NAVIGATION 0 1 0 0 42 0. 140.5
11.10 34 ATTITUDE 1 0 -40
11.11 34 GPS 0 49759443 356543888 0 74137 0 0 424602750 12 0
11.11 34 SVINFO 11 20 12 2 34 -9 0
11.21 34 CALIB_CONTRAST 1236
11.29 34 DESIRED -0. -0.01 0. 0. 778. 0.
11.41 34 NAVIGATION 0 1 0 0 42 0. 140.5
11.41 34 WP_MOVED 0 497617. 3565540. 810.
11.41 34 GPS 0 49759443 356543888 0 74137 0 0 424602998 12 0
11.74 34 ESTIMATOR 0. 0. 0. 0. 0.
11.74 34 COMMANDS 170,-18,-63,-2941
11.74 34 NAVIGATION 0 1 0 0 42 0. 140.5
11.74 34 ATTITUDE 0 0 -39
11.74 34 DL_VALUE 37 0.1
11.82 34 GPS 0 49759443 356543888 0 74137 0 0 424603250 12 0
11.82 34 FBW_STATUS 0 0 122
11.82 34 RAD_OF_IR 7 0 0.00154
11.82 34 ACTUATORS 1497,1502,0,1214,1347
11.82 34 IR_SENSORS -952 7 1
11.82 34 NAVIGATION 0 1 0 0 42 0. 140.5
11.94 34 WP_MOVED 1 497586.6875 3565500. 810.
11.94 34 GYRO_RATES -289 -270 -260 2.522001 -2.356194 -2.268928
11.94 34 GPS 0 49759443 356543888 0 74137 0 0 424603498 12 0
11.94 34 ESTIMATOR 0. 0. 0. 0. 0.
11.94 34 BAT 170 122 0 0 79 1 1
11.94 34 DOWNLINK_STATUS 9 3337 219 0 420. 26.
12.00 34 NAVIGATION 0 1 0 0 42 0. 140.5
12.00 34 ATTITUDE 0 0 -39
12.00 34 CALIBRATION 0. 0.023 0.074 0
12.23 34 CALIB_CONTRAST 1236
12.23 34 SERVO 9600 -9600 170
12.23 34 GPS 0 49759443 356543888 0 74137 0 0 424603750 12 0
12.31 34 DESIRED -0. -0.01 0. 0. 778. 0.
12.31 34 IR_DEBUG 686 674 686 674
12.31 34 NAVIGATION 0 1 0 0 42 0. 140.5
12.42 34 WP_MOVED 2 497622.6875 3565498.5 810.
12.42 34 PPRZ_MODE 0 0 3 0 0 1 0
12.42 34 GPS 0 49759443 356543888 0 74137 0 0 424603998 12 0
12.42 34 SVINFO 0 6 12 3 31 -9 0
12.42 34 ESTIMATOR 0. 0. 0. 0. 0.
12.50 34 COMMANDS 170,-21,-64,-2941
12.50 34 NAVIGATION 0 1 0 0 42 0. 140.5
12.50 34 ATTITUDE 0 0 -40
12.50 34 DL_VALUE 38 0.
12.50 34 FBW_STATUS 0 0 122
12.71 34 RAD_OF_IR 7 0 0.00154
12.86 34 GPS 0 49759443 356543888 0 74137 0 0 424604250 12 0
12.86 34 SVINFO 1 14 4 3 31 -9 0
12.86 34 IR_SENSORS -951 7 1
12.86 34 NAVIGATION 0 1 0 0 42 0. 140.5
12.86 34 WP_MOVED 3 497546.40625 3565495.5 810.
12.86 34 GYRO_RATES -289 -270 -260 2.522001 -2.356194 -2.268928
12.93 34 SVINFO 2 13 12 3 32 -9 0
12.93 34 ESTIMATOR 0. 0. 0. 0. 0.
12.93 34 NAVIGATION 0 1 0 0 42 0. 140.5
12.93 34 ATTITUDE 0 0 -40
12.94 34 DOWNLINK_STATUS 10 3769 249 0 432. 30.
12.99 34 CALIB_CONTRAST 1236
13.35 34 GPS 0 49759443 356543888 0 74137 0 0 424604750 12 0
13.35 34 SVINFO 3 21 4 2 34 -9 0
13.35 34 DESIRED -0. -0.01 0. 0. 778. 0.
13.35 34 NAVIGATION 0 1 0 0 42 0. 140.5
13.35 34 WP_MOVED 4 497605. 3565508. 810.
13.41 34 ESTIMATOR 0. 0. 0. 0. 0.
13.41 34 GPS 0 49759443 356543888 0 74137 0 0 424604998 12 0
13.41 34 SVINFO 4 16 12 2 34 -9 0
13.42 34 COMMANDS 169,-20,-64,-2939
13.42 34 NAVIGATION 0 1 0 0 42 0. 140.5
13.42 34 ATTITUDE 0 0 -40
13.42 34 DL_VALUE 39 0.074
13.49 34 FBW_STATUS 0 0 123
13.49 34 RAD_OF_IR 7 0 0.00154
13.49 34 NAVIGATION_REF 497575 3565498 12
13.65 34 IR_SENSORS -952 7 1
13.65 34 GPS 0 49759443 356543888 0 74137 0 0 424605250 12 0
13.65 34 SVINFO 5 24 4 2 32 -9 0
13.65 34 NAVIGATION 0 1 0 0 42 0. 140.5
13.82 34 WP_MOVED 5 497625. 3565488. 810.
13.82 34 GYRO_RATES -288 -269 -259 2.513274 -2.347468 -2.260201
13.93 34 ESTIMATOR 0. 0. 0. 0. 0.
13.93 34 BAT 169 122 0 0 81 1 1
13.94 34 GPS 0 49759443 356543888 0 74137 0 0 424605498 12 0
13.94 34 SVINFO 6 22 4 3 33 -9 0
13.94 34 NAVIGATION 0 1 0 0 42 0. 140.5
13.94 34 ATTITUDE 0 0 -40
13.94 34 CALIBRATION 0. 0.023 0.074 0
13.94 34 DOWNLINK_STATUS 11 4210 278 0 441. 29.
13.99 34 CALIB_CONTRAST 1236
13.99 34 SERVO 9600 -9600 169
14.35 34 DESIRED -0. -0.01 0. 0. 778. 0.
14.35 34 IR_DEBUG 684 674 684 674
14.35 34 NAVIGATION 0 1 0 0 42 0. 140.5
14.35 34 GPS 0 49759443 356543888 0 74137 0 0 424605750 12 0
14.36 34 SVINFO 7 19 4 3 32 -9 0
14.36 34 WP_MOVED 6 497565. 3565513. 810.
14.44 34 ESTIMATOR 0. 0. 0. 0. 0.
14.44 34 COMMANDS 170,-20,-64,-2941
14.44 34 NAVIGATION 0 1 0 0 42 0. 140.5
14.44 34 GPS 0 49759443 356543888 0 74137 0 0 424605998 12 0
14.44 34 SVINFO 8 26 4 2 33 -9 0
14.44 34 ATTITUDE 0 0 -40
14.44 34 DL_VALUE 40 1.
14.44 34 FBW_STATUS 0 0 122
14.44 34 RAD_OF_IR 7 0 0.00154
14.50 34 IR_SENSORS -950 7 1
14.86 34 NAVIGATION 0 1 0 0 42 0. 140.5
14.86 34 GPS 0 49759443 356543888 0 74137 0 0 424606250 12 0
14.86 34 SVINFO 9 18 4 2 33 -9 0
14.86 34 WP_MOVED 7 497540. 3565503. 810.
14.86 34 GYRO_RATES -288 -269 -259 2.513274 -2.347468 -2.260201
14.86 34 ESTIMATOR 0. 0. 0. 0. 0.
14.94 34 DOWNLINK_STATUS 12 4566 302 0 356. 24.
15.26 34 NAVIGATION 0 1 0 0 42 0. 140.5
15.26 34 ATTITUDE 0 0 -40
15.26 34 GPS 0 49759443 356543888 0 74137 0 0 424606498 12 0
15.26 34 SVINFO 10 28 4 2 35 -9 0
15.26 34 CALIB_CONTRAST 1236
15.26 34 DESIRED -0. -0.01 0. 0. 778. 0.
15.26 34 NAVIGATION 0 1 0 0 42 0. 140.5
15.34 34 WP_MOVED 8 497625. 3565493. 810.
15.34 34 GPS 0 49759443 356543888 0 74137 0 0 424606750 12 0
15.34 34 SVINFO 11 20 12 2 33 -9 0
15.34 34 ESTIMATOR 0. 0. 0. 0. 0.
15.34 34 COMMANDS 170,-20,-63,-2939
15.34 34 NAVIGATION 0 1 0 0 42 0. 140.5
15.34 34 ATTITUDE 0 0 -40
15.40 34 GPS 0 49759443 356543888 0 74137 0 0 424606998 12 0
15.40 34 FBW_STATUS 0 0 122
15.40 34 RAD_OF_IR 7 0 0.00154
15.48 34 IR_SENSORS -950 7 1
15.50 34 NAVIGATION 0 1 0 0 42 0. 140.5
15.73 34 WP_MOVED 9 497575. 3565498. 0.
15.73 34 GYRO_RATES -288 -269 -259 2.513274 -2.347468 -2.260201
15.73 34 GPS 0 49759443 356543888 0 74137 0 0 424607250 12 0
15.82 34 ESTIMATOR 0. 0. 0. 0. 0.
15.82 34 BAT 171 122 0 0 83 1 1
15.82 34 NAVIGATION 0 1 0 0 42 0. 140.5
15.82 34 ATTITUDE 0 0 -40
15.82 34 CALIBRATION 0. 0.023 0.074 0
15.90 34 GPS 0 49759443 356543888 0 74137 0 0 424607498 12 0
15.90 34 CALIB_CONTRAST 1236
15.90 34 SERVO 9600 -9600 170
15.94 34 DOWNLINK_STATUS 13 5034 332 0 468. 30.
16.03 34 DESIRED -0. -0.01 0. 0. 778. 0.
16.03 34 IR_DEBUG 685 675 685 675
16.03 34 NAVIGATION 0 1 0 0 42 0. 140.5
16.03 34 WP_MOVED 0 497617. 3565540. 810.
16.22 34 GPS 0 49759443 356543888 0 74137 0 0 424607750 12 0
16.26 34 ESTIMATOR 0. 0. 0. 0. 0.
16.30 34 COMMANDS 170,-21,-64,-2941
16.30 34 NAVIGATION 0 1 0 0 42 0. 140.5
16.30 34 ATTITUDE 0 0 -40
16.30 34 DL_VALUE 0 778.
16.40 34 FBW_STATUS 0 0 122
16.40 34 RAD_OF_IR 7 0 0.00154
16.40 34 GPS 0 49759443 356543888 0 74137 0 0 424607998 12 0
16.42 34 ACTUATORS 1496,1501,0,1214,1347
16.42 34 IR_SENSORS -951 7 1
16.42 34 NAVIGATION 0 1 0 0 42 0. 140.5
16.50 34 WP_MOVED 1 497586.6875 3565500. 810.
16.50 34 GYRO_RATES -288 -268 -259 2.513274 -2.338741 -2.260201
16.73 34 ESTIMATOR 0. 0. 0. 0. 0.
16.73 34 GPS 0 49759443 356543888 0 74137 0 0 424608250 12 0
16.74 34 NAVIGATION 0 1 0 0 42 0. 140.5
16.74 34 ATTITUDE 0 0 -40
16.92 34 CALIB_CONTRAST 1236
16.92 34 GPS 0 49759443 356543888 0 74137 0 0 424608498 12 0
16.92 34 SVINFO 2 13 12 2 33 -9 0
16.92 34 DESIRED -0. -0.01 0. 0. 778. 0.
16.92 34 NAVIGATION 0 1 0 0 42 0. 140.5
16.94 34 DOWNLINK_STATUS 14 5472 359 0 438. 27.
16.99 34 WP_MOVED 2 497622.6875 3565498.5 810.
16.99 34 PPRZ_MODE 0 0 3 0 0 1 0
17.36 34 ESTIMATOR 0. 0. 0. 0. 0.
17.36 34 GPS 0 49759443 356543888 0 74137 0 0 424608750 12 0
17.36 34 SVINFO 3 21 4 3 34 -9 0
17.36 34 COMMANDS 170,-21,-63,-2939
17.36 34 NAVIGATION 0 1 0 0 42 0. 140.5
17.36 34 ATTITUDE 0 0 -40
17.36 34 DL_VALUE 1 1.
17.36 34 FBW_STATUS 0 0 122
17.86 34 SERVO 9600 -9600 171
17.86 34 DESIRED -0. -0.01 0. 0. 778. 0.
17.86 34 IR_DEBUG 685 675 685 675
17.86 34 WP_MOVED 3 497546.40625 3565495.5 810.
17.86 34 GYRO_RATES -289 -270 -259 2.522001 -2.356194 -2.260201
17.93 34 BAT 170 123 0 0 84 0 1
17.93 34 NAVIGATION 0 1 0 0 42 0. 140.5
17.94 34 GPS 0 49759443 356543888 0 74137 0 0 424609250 12 0
17.94 34 SVINFO 5 24 4 3 33 -9 0
17.94 34 ATTITUDE 0 0 -40
17.94 34 CALIBRATION 0. 0.023 0.074 0
17.94 34 CALIB_CONTRAST 1236
17.94 34 DOWNLINK_STATUS 15 5779 381 0 307. 22.
17.97 34 SERVO 9600 -9600 171
17.97 34 DESIRED -0. -0.01 0. 0. 778. 0.
17.97 34 IR_DEBUG 685 675 685 675
17.97 34 NAVIGATION 0 1 0 0 42 0. 140.5
17.97 34 GPS 0 49759443 356543888 0 74137 0 0 424609498 12 0
17.97 34 SVINFO 6 22 4 3 32 -9 0
17.97 34 WP_MOVED 4 497605. 3565508. 810.
17.99 34 ESTIMATOR 0. 0. 0. 0. 0.
18.35 34 COMMANDS 170,-18,-63,-2941
18.35 34 NAVIGATION 0 1 0 0 42 0. 140.5
18.35 34 ATTITUDE 0 0 -40
18.35 34 DL_VALUE 2 0.
18.35 34 GPS 0 49759443 356543888 0 74137 0 0 424609750 12 0
18.35 34 SVINFO 7 19 4 3 30 -9 0
18.35 34 FBW_STATUS 0 0 122
18.43 34 RAD_OF_IR 7 0 0.00154
18.43 34 IR_SENSORS -952 7 1
18.43 34 NAVIGATION 0 1 0 0 42 0. 140.5
18.44 34 GPS 0 49759443 356543888 0 74137 0 0 424609998 12 0
18.44 34 SVINFO 8 26 4 3 31 -9 0
18.44 34 WP_MOVED 5 497625. 3565488. 810.
18.44 34 GYRO_RATES -289 -270 -259 2.522001 -2.356194 -2.260201
18.60 34 ESTIMATOR 0. 0. 0. 0. 0.
18.60 34 NAVIGATION 0 1 0 0 42 0. 140.5
18.60 34 ATTITUDE 0 0 -40
18.62 34 GPS 0 49759443 356543888 0 74137 0 0 424610250 12 0
18.62 34 SVINFO 9 18 4 3 33 -9 0
18.62 34 CALIB_CONTRAST 1236
18.79 34 DESIRED -0. -0.01 0. 0. 778. 0.
18.92 34 NAVIGATION 0 1 0 0 42 0. 140.5
18.92 34 GPS 0 49759443 356543888 0 74137 0 0 424610498 12 0
18.92 34 SVINFO 10 28 4 3 33 -9 0
18.92 34 WP_MOVED 6 497565. 3565513. 810.
18.92 34 ESTIMATOR 0. 0. 0. 0. 0.
18.94 34 DOWNLINK_STATUS 16 6316 415 0 537. 34.
19.04 34 COMMANDS 171,-20,-61,-2943
19.04 34 NAVIGATION 0 1 0 0 42 0. 140.5
19.04 34 ATTITUDE 0 0 -40
19.04 34 DL_VALUE 3 0.
19.23 34 GPS 0 49759443 356543888 0 74137 0 0 424610750 12 0
19.27 34 SVINFO 11 20 12 3 31 -9 0
19.27 34 FBW_STATUS 0 0 122
19.27 34 RAD_OF_IR 7 0 0.00154
19.42 34 IR_SENSORS -952 7 1
19.42 34 NAVIGATION 0 1 0 0 42 0. 140.5
19.53 34 WP_MOVED 7 497540. 3565503. 810.
19.53 34 GYRO_RATES -289 -270 -259 2.522001 -2.356194 -2.260201
19.53 34 GPS 0 49759443 356543888 0 74137 0 0 424610998 12 0
19.53 34 SVINFO 12 11 4 3 29 -9 0
19.53 34 ESTIMATOR 0. 0. 0. 0. 0.
19.53 34 BAT 169 122 0 0 86 0 1
19.54 34 NAVIGATION 0 1 0 0 42 0. 140.5
19.54 34 ATTITUDE 0 0 -40
19.54 34 CALIBRATION 0. 0.023 0.074 0
19.73 34 CALIB_CONTRAST 1236
19.76 34 SERVO 9600 -9600 171
19.77 34 GPS 0 49759443 356543888 0 74137 0 0 424611250 12 0
19.77 34 SVINFO 13 9 4 3 31 -9 0
19.81 34 DESIRED -0. -0.01 0. 0. 778. 0.
19.81 34 IR_DEBUG 685 675 685 675
19.81 34 NAVIGATION 0 1 0 0 42 0. 140.5
19.84 34 WP_MOVED 8 497625. 3565493. 810.
19.84 34 GPS 0 49759443 356543888 0 74137 0 0 424611498 12 0
19.89 34 ESTIMATOR 0. 0. 0. 0. 0.
19.94 34 DOWNLINK_STATUS 17 6754 444 0 438. 29.
20.00 34 COMMANDS 170,-23,-63,-2941
20.00 34 NAVIGATION 0 1 0 0 42 0. 140.5
20.00 34 ATTITUDE 0 0 -39
20.00 34 DL_VALUE 4 0.
20.00 34 FBW_STATUS 0 0 122
20.03 34 RAD_OF_IR 7 0 0.00154
20.22 34 GPS 0 49759443 356543888 0 74137 0 0 424611750 12 0
20.31 34 IR_SENSORS -951 7 1
20.31 34 NAVIGATION 0 1 0 0 42 0. 140.5
20.31 34 WP_MOVED 9 497575. 3565498. 0.
20.31 34 GYRO_RATES -289 -270 -259 2.522001 -2.356194 -2.260201
20.44 34 GPS 0 49759443 356543888 0 74137 0 0 424611998 12 0
20.44 34 SVINFO 0 6 12 3 31 -9 0
20.44 34 ESTIMATOR 0. 0. 0. 0. 0.
20.44 34 NAVIGATION 0 1 0 0 42 0. 140.5
20.44 34 ATTITUDE 0 0 -40
20.49 34 CALIB_CONTRAST 1236
20.85 34 GPS 0 49759443 356543888 0 74137 0 0 424612250 12 0
20.85 34 SVINFO 1 14 4 3 30 -9 0
20.85 34 DESIRED -0. -0.01 0. 0. 778. 0.
20.85 34 NAVIGATION 0 1 0 0 42 0. 140.5
20.85 34 WP_MOVED 0 497617. 3565540. 810.
20.91 34 ESTIMATOR 0. 0. 0. 0. 0.
20.91 34 GPS 0 49759443 356543888 0 74137 0 0 424612498 12 0
20.91 34 SVINFO 2 13 12 3 31 -9 0
20.92 34 COMMANDS 169,-21,-63,-2939
20.92 34 NAVIGATION 0 1 0 0 42 0. 140.5
20.93 34 ATTITUDE 0 0 -40
20.93 34 DL_VALUE 5 0.
20.96 34 DOWNLINK_STATUS 18 7189 473 0 435. 29.
20.99 34 FBW_STATUS 0 0 122
20.99 34 RAD_OF_IR 7 0 0.00154
21.34 34 ACTUATORS 1496,1502,0,1214,1347
21.34 34 IR_SENSORS -951 7 1
21.34 34 GPS 0 49759443 356543888 0 74137 0 0 424612750 12 0
21.34 34 SVINFO 3 21 4 2 34 -9 0
21.35 34 NAVIGATION 0 1 0 0 42 0. 140.5
21.44 34 WP_MOVED 1 497586.6875 3565500. 810.
21.44 34 GYRO_RATES -288 -269 -259 2.513274 -2.347468 -2.260201
21.44 34 ESTIMATOR 0. 0. 0. 0. 0.
21.44 34 BAT 169 122 0 0 88 0 1
21.44 34 GPS 0 49759443 356543888 0 74137 0 0 424612998 12 0
21.44 34 SVINFO 4 16 12 3 32 -9 0
21.44 34 ATTITUDE 0 0 -40
21.44 34 CALIBRATION 0. 0.023 0.074 0
21.49 34 CALIB_CONTRAST 1236
21.49 34 SERVO 9600 -9600 170
21.86 34 DESIRED -0. -0.01 0. 0. 778. 0.
21.86 34 IR_DEBUG 685 675 685 675
21.86 34 NAVIGATION 0 1 0 0 42 0. 140.5
21.86 34 GPS 0 49759443 356543888 0 74137 0 0 424613250 12 0
21.86 34 SVINFO 5 24 4 3 31 -9 0
21.86 34 WP_MOVED 2 497622.6875 3565498.5 810.
21.94 34 ESTIMATOR 0. 0. 0. 0. 0.
21.94 34 COMMANDS 169,-18,-61,-2938
21.94 34 NAVIGATION 0 1 0 0 42 0. 140.5
21.94 34 GPS 0 49759443 356543888 0 74137 0 0 424613498 12 0
21.94 34 SVINFO 6 22 4 2 33 -9 0
21.95 34 ATTITUDE 0 0 -40
21.99 34 DL_VALUE 6 0.
21.99 34 FBW_STATUS 0 0 123
21.99 34 RAD_OF_IR 7 0 0.00154
21.99 34 NAVIGATION_REF 497575 3565498 12
21.99 34 DOWNLINK_STATUS 19 7658 506 0 469. 33.
21.99 34 IR_SENSORS -951 7 1
22.10 34 NAVIGATION 0 1 0 0 42 0. 140.5
22.35 34 GPS 0 49759443 356543888 0 74137 0 0 424613750 12 0
22.35 34 SVINFO 7 19 4 3 31 -9 0
22.35 34 WP_MOVED 3 497546.40625 3565495.5 810.
22.35 34 GYRO_RATES -288 -269 -259 2.513274 -2.347468 -2.260201
22.35 34 ESTIMATOR 0. 0. 0. 0. 0.
22.41 34 NAVIGATION 0 1 0 0 42 0. 140.5
22.41 34 ATTITUDE 0 0 -40
22.41 34 GPS 0 49759443 356543888 0 74137 0 0 424613998 12 0
22.41 34 SVINFO 8 26 4 2 32 -9 0
22.41 34 CALIB_CONTRAST 1236
22.52 34 DESIRED -0. -0.01 0. 0. 778. 0.
22.52 34 NAVIGATION 0 1 0 0 42 0. 140.5
22.65 34 WP_MOVED 4 497605. 3565508. 810.
22.65 34 GPS 0 49759443 356543888 0 74137 0 0 424614250 12 0
22.65 34 SVINFO 9 18 4 2 33 -9 0
22.82 34 ESTIMATOR 0. 0. 0. 0. 0.
22.93 34 COMMANDS 169,-21,-64,-2939
22.93 34 NAVIGATION 0 1 0 0 42 0. 140.5
22.93 34 ATTITUDE 0 0 -40
22.93 34 DL_VALUE 7 0.
22.93 34 GPS 0 49759443 356543888 0 74137 0 0 424614498 12 0
22.93 34 SVINFO 10 28 4 2 34 -9 0
22.93 34 FBW_STATUS 0 0 122
22.93 34 RAD_OF_IR 7 0 0.00154
22.96 34 DOWNLINK_STATUS 20 8059 532 0 401. 26.
22.99 34 IR_SENSORS -950 7 1
23.01 34 NAVIGATION 0 1 0 0 42 0. 140.5
23.36 34 WP_MOVED 5 497625. 3565488. 810.
23.36 34 GYRO_RATES -289 -269 -259 2.522001 -2.347468 -2.260201
23.36 34 GPS 0 49759443 356543888 0 74137 0 0 424614750 12 0
23.36 34 SVINFO 11 20 12 2 32 -9 0
23.36 34 ESTIMATOR 0. 0. 0. 0. 0.
23.36 34 BAT 171 122 0 0 90 0 1
23.42 34 ATTITUDE 0 0 -40
23.42 34 CALIBRATION 0. 0.023 0.074 0
23.42 34 CALIB_CONTRAST 1236
23.42 34 SERVO 9600 -9600 169
23.42 34 GPS 0 49759443 356543888 0 74137 0 0 424614998 12 0
23.53 34 DESIRED -0. -0.01 0. 0. 778. 0.
23.53 34 IR_DEBUG 685 675 685 675
23.53 34 NAVIGATION 0 1 0 0 42 0. 140.5
23.53 34 WP_MOVED 6 497565. 3565513. 810.
23.65 34 GPS 0 49759443 356543888 0 74137 0 0 424615250 12 0
23.65 34 ESTIMATOR 0. 0. 0. 0. 0.
23.83 34 COMMANDS 170,-21,-63,-2941
23.83 34 NAVIGATION 0 1 0 0 42 0. 140.5
23.83 34 ATTITUDE 0 0 -40
23.83 34 DL_VALUE 8 0.
23.91 34 FBW_STATUS 0 0 122
23.91 34 RAD_OF_IR 7 0 0.00154
23.91 34 GPS 0 49759443 356543888 0 74137 0 0 424615498 12 0
23.92 34 IR_SENSORS -952 7 1
23.93 34 NAVIGATION 0 1 0 0 42 0. 140.5
23.96 34 DOWNLINK_STATUS 21 8485 560 0 426. 28.
24.00 34 WP_MOVED 7 497540. 3565503. 810.
24.00 34 GYRO_RATES -288 -268 -259 2.513274 -2.338741 -2.260201
24.13 34 ESTIMATOR 0. 0. 0. 0. 0.
24.13 34 GPS 0 49759443 356543888 0 74137 0 0 424615750 12 0
24.23 34 NAVIGATION 0 1 0 0 42 0. 140.5
24.23 34 ATTITUDE 0 0 -40
24.28 34 CALIB_CONTRAST 1236
24.42 34 GPS 0 49759443 356543888 0 74137 0 0 424615998 12 0
24.42 34 DESIRED -0. -0.01 0. 0. 778. 0.
24.42 34 NAVIGATION 0 1 0 0 42 0. 140.5
24.49 34 WP_MOVED 8 497625. 3565493. 810.
24.73 34 ESTIMATOR 0. 0. 0. 0. 0.
24.73 34 GPS 0 49759443 356543888 0 74137 0 0 424616250 12 0
24.81 34 COMMANDS 169,-21,-64,-2941
24.81 34 NAVIGATION 0 1 0 0 42 0. 140.5
24.81 34 ATTITUDE 0 0 -40
24.81 34 DL_VALUE 9 -57.
24.81 34 FBW_STATUS 0 0 122
24.81 34 RAD_OF_IR 7 0 0.00154
24.91 34 GPS 0 49759443 356543888 0 74137 0 0 424616498 12 0
24.91 34 IR_SENSORS -951 7 1
24.91 34 NAVIGATION 0 1 0 0 42 0. 140.5
24.96 34 DOWNLINK_STATUS 22 8846 582 0 361. 22.
25.24 34 WP_MOVED 9 497575. 3565498. 0.
25.24 34 GYRO_RATES -289 -270 -260 2.522001 -2.356194 -2.268928
25.24 34 ESTIMATOR 0. 0. 0. 0. 0.
25.24 34 BAT 169 123 0 0 92 0 1
25.33 34 GPS 0 49759443 356543888 0 74137 0 0 424616750 12 0
25.33 34 SVINFO 3 21 4 2 33 -9 0
25.33 34 NAVIGATION 0 1 0 0 42 0. 140.5
25.33 34 ATTITUDE 0 0 -40
25.33 34 CALIBRATION 0. 0.023 0.074 0
25.33 34 CALIB_CONTRAST 1236
25.33 34 SERVO 9600 -9600 170
25.43 34 DESIRED -0. -0.01 0. 0. 778. 0.
25.43 34 IR_DEBUG 685 674 685 674
25.43 34 NAVIGATION 0 1 0 0 42 0. 140.5
25.43 34 GPS 0 49759443 356543888 0 74137 0 0 424616998 12 0
25.43 34 SVINFO 4 16 12 3 32 -9 0
25.43 34 WP_MOVED 0 497617. 3565540. 810.
25.49 34 ESTIMATOR 0. 0. 0. 0. 0.
25.85 34 COMMANDS 169,-21,-64,-2941
25.85 34 NAVIGATION 0 1 0 0 42 0. 140.5
25.85 34 ATTITUDE 0 0 -40
25.85 34 DL_VALUE 10 0.
25.85 34 GPS 0 49759443 356543888 0 74137 0 0 424617250 12 0
25.85 34 SVINFO 5 24 4 2 31 -9 0
25.85 34 FBW_STATUS 0 0 122
25.94 34 RAD_OF_IR 7 0 0.00154
25.94 34 ACTUATORS 1496,1502,0,1214,1347
25.94 34 IR_SENSORS -952 8 1
25.94 34 NAVIGATION 0 1 0 0 42 0. 140.5
25.94 34 GPS 0 49759443 356543888 0 74137 0 0 424617498 12 0
25.94 34 SVINFO 6 22 4 3 31 -9 0
25.94 34 WP_MOVED 1 497586.6875 3565500. 810.
25.96 34 DOWNLINK_STATUS 23 9322 614 0 476. 32.
25.99 34 ESTIMATOR 0. 0. 0. 0. 0.
26.11 34 NAVIGATION 0 1 0 0 42 0. 140.5
26.11 34 ATTITUDE 0 0 -40
26.13 34 GPS 0 49759443 356543888 0 74137 0 0 424617750 12 0
26.13 34 CALIB_CONTRAST 1236
26.42 34 DESIRED -0. -0.01 0. 0. 778. 0.
26.53 34 NAVIGATION 0 1 0 0 42 0. 140.5
26.53 34 WP_MOVED 2 497622.6875 3565498.5 810.
26.53 34 PPRZ_MODE 0 0 3 0 0 1 0
26.53 34 GPS 0 49759443 356543888 0 74137 0 0 424617998 12 0
26.53 34 SVINFO 8 26 4 2 31 -9 0
26.53 34 ESTIMATOR 0. 0. 0. 0. 0.
26.54 34 COMMANDS 170,-21,-63,-2941
26.54 34 NAVIGATION 0 1 0 0 42 0. 140.5
26.54 34 ATTITUDE 0 0 -40
26.54 34 DL_VALUE 11 1.
26.71 34 FBW_STATUS 0 0 122
26.75 34 RAD_OF_IR 7 0 0.00154
26.75 34 GPS 0 49759443 356543888 0 74137 0 0 424618250 12 0
26.75 34 SVINFO 9 18 4 3 32 -9 0
26.75 34 IR_SENSORS -952 7 1
26.75 34 NAVIGATION 0 1 0 0 42 0. 140.5
26.92 34 WP_MOVED 3 497546.40625 3565495.5 810.
26.92 34 GYRO_RATES -288 -269 -259 2.513274 -2.347468 -2.260201
26.96 34 DOWNLINK_STATUS 24 9685 638 0 363. 24.
27.02 34 GPS 0 49759443 356543888 0 74137 0 0 424618498 12 0
27.02 34 SVINFO 10 28 4 3 32 -9 0
27.02 34 ESTIMATOR 0. 0. 0. 0. 0.
27.02 34 BAT 168 122 0 0 94 0 1
27.03 34 NAVIGATION 0 1 0 0 42 0. 140.5
27.03 34 ATTITUDE 0 0 -40
27.03 34 CALIBRATION 0. 0.023 0.074 0
27.16 34 CALIB_CONTRAST 1236
27.16 34 SERVO 9600 -9600 171
27.16 34 GPS 0 49759443 356543888 0 74137 0 0 424618750 12 0
27.16 34 SVINFO 11 20 12 3 31 -9 0
27.22 34 DESIRED -0. -0.01 0. 0. 778. 0.
27.22 34 IR_DEBUG 685 674 685 674
27.22 34 NAVIGATION 0 1 0 0 42 0. 140.5
27.41 34 WP_MOVED 4 497605. 3565508. 810.
27.53 34 GPS 0 49759443 356543888 0 74137 0 0 424618998 12 0
27.53 34 ESTIMATOR 0. 0. 0. 0. 0.
27.53 34 COMMANDS 169,-20,-63,-2939
27.53 34 NAVIGATION 0 1 0 0 42 0. 140.5
27.53 34 ATTITUDE 0 0 -40
27.53 34 DL_VALUE 12 0.
27.71 34 FBW_STATUS 0 0 122
27.71 34 RAD_OF_IR 7 0 0.00154
27.71 34 GPS 0 49759443 356543888 0 74137 0 0 424619250 12 0
27.71 34 SVINFO 13 9 4 3 30 -9 0
27.71 34 IR_SENSORS -952 7 1
27.93 34 NAVIGATION 0 1 0 0 42 0. 140.5
27.93 34 WP_MOVED 5 497625. 3565488. 810.
27.93 34 GYRO_RATES -289 -270 -260 2.522001 -2.356194 -2.268928
27.96 34 DOWNLINK_STATUS 25 10123 667 0 438. 29.
28.02 34 ESTIMATOR 0. 0. 0. 0. 0.
28.02 34 GPS 0 49759443 356543888 0 74137 0 0 424619498 12 0
28.02 34 NAVIGATION 0 1 0 0 42 0. 140.5
28.02 34 ATTITUDE 0 0 -40
28.02 34 CALIB_CONTRAST 1236
28.22 34 GPS 0 49759443 356543888 0 74137 0 0 424619750 12 0
28.22 34 DESIRED -0. -0.01 0. 0. 778. 0.
28.22 34 NAVIGATION 0 1 0 0 42 0. 140.5
28.22 34 WP_MOVED 6 497565. 3565513. 810.
28.43 34 ESTIMATOR 0. 0. 0. 0. 0.
28.43 34 GPS 0 49759443 356543888 0 74137 0 0 424619998 12 0
28.74 34 COMMANDS 169,-20,-64,-2939
28.74 34 NAVIGATION 0 1 0 0 42 0. 140.5
28.74 34 ATTITUDE 0 0 -40
28.74 34 DL_VALUE 13 481.
28.74 34 FBW_STATUS 0 0 122
28.74 34 RAD_OF_IR 7 0 0.00154
28.95 34 IR_SENSORS -951 7 1
28.95 34 GPS 0 49759443 356543888 0 74137 0 0 424620250 12 0
28.95 34 NAVIGATION 0 1 0 0 42 0. 140.5
28.95 34 WP_MOVED 7 497540. 3565503. 810.
28.95 34 GYRO_RATES -288 -269 -259 2.513274 -2.347468 -2.260201
28.96 34 DOWNLINK_STATUS 26 10484 689 0 361. 22.
29.14 34 ESTIMATOR 0. 0. 0. 0. 0.
29.14 34 BAT 171 122 0 0 96 0 1
29.14 34 GPS 0 49759443 356543888 0 74137 0 0 424620498 12 0
29.14 34 NAVIGATION 0 1 0 0 42 0. 140.5
29.14 34 ATTITUDE 0 0 -40
29.14 34 CALIBRATION 0. 0.023 0.074 0
29.14 34 CALIB_CONTRAST 1236
29.24 34 DESIRED -0. -0.01 0. 0. 778. 0.
29.24 34 IR_DEBUG 685 675 685 675
29.24 34 NAVIGATION 0 1 0 0 42 0. 140.5
29.24 34 GPS 0 49759443 356543888 0 74137 0 0 424620750 12 0
29.24 34 SVINFO 3 21 4 3 31 -9 0
29.24 34 WP_MOVED 8 497625. 3565493. 810.
29.42 34 ESTIMATOR 0. 0. 0. 0. 0.
29.53 34 COMMANDS 170,-21,-61,-2944
29.53 34 NAVIGATION 0 1 0 0 42 0. 140.5
29.53 34 ATTITUDE 0 0 -40
29.53 34 DL_VALUE 14 462.
29.53 34 GPS 0 49759443 356543888 0 74137 0 0 424620998 12 0
29.53 34 SVINFO 4 16 12 3 30 -9 0
29.53 34 FBW_STATUS 0 0 122
29.53 34 RAD_OF_IR 7 0 0.00154
29.53 34 IR_SENSORS -950 7 1
29.66 34 NAVIGATION 0 1 0 0 42 0. 140.5
29.73 34 WP_MOVED 9 497575. 3565498. 0.
29.73 34 GYRO_RATES -288 -269 -259 2.513274 -2.347468 -2.260201
29.73 34 GPS 0 49759443 356543888 0 74137 0 0 424621250 12 0
29.73 34 SVINFO 5 24 4 3 29 -9 0
29.73 34 ESTIMATOR 0. 0. 0. 0. 0.
29.92 34 NAVIGATION 0 1 0 0 42 0. 140.5
29.92 34 ATTITUDE 0 0 -40
29.94 34 GPS 0 49759443 356543888 0 74137 0 0 424621498 12 0
29.94 34 SVINFO 6 22 4 3 30 -9 0
29.94 34 CALIB_CONTRAST 1236
29.96 34 DOWNLINK_STATUS 27 11003 723 0 519. 34.
30.03 34 DESIRED -0. -0.01 0. 0. 778. 0.
30.03 34 NAVIGATION 0 1 0 0 42 0. 140.5
30.12 34 WP_MOVED 0 497617. 3565540. 810.
30.12 34 GPS 0 49759443 356543888 0 74137 0 0 424621750 12 0
30.44 34 ESTIMATOR 0. 0. 0. 0. 0.
30.44 34 COMMANDS 170,-21,-63,-2944
30.44 34 NAVIGATION 0 1 0 0 42 0. 140.5
30.44 34 ATTITUDE 0 0 -40
30.44 34 DL_VALUE 15 452.
30.53 34 FBW_STATUS 0 0 122
30.53 34 GPS 0 49759443 356543888 0 74137 0 0 424621998 12 0
30.53 34 SVINFO 8 26 4 3 30 -9 0
30.53 34 RAD_OF_IR 7 0 0.00154
30.53 34 NAVIGATION_REF 497575 3565498 12
30.53 34 ACTUATORS 1496,1502,0,1214,1347
30.53 34 IR_SENSORS -950 7 1
30.53 34 NAVIGATION 0 1 0 0 42 0. 140.5
30.74 34 WP_MOVED 1 497586.6875 3565500. 810.
30.74 34 GYRO_RATES -288 -269 -259 2.513274 -2.347468 -2.260201
30.74 34 GPS 0 49759443 356543888 0 74137 0 0 424622250 12 0
30.74 34 SVINFO 9 18 4 3 32 -9 0
30.74 34 ESTIMATOR 0. 0. 0. 0. 0.
30.74 34 BAT 169 122 0 0 98 0 1
30.92 34 ATTITUDE 0 0 -40
30.92 34 CALIBRATION 0. 0.023 0.074 0
30.97 34 DOWNLINK_STATUS 28 11388 748 0 385. 25.
31.04 34 GPS 0 49759443 356543888 0 74137 0 0 424622498 12 0
31.04 34 SVINFO 10 28 4 3 31 -9 0
31.04 34 CALIB_CONTRAST 1236
31.04 34 SERVO 9600 -9600 170
31.04 34 DESIRED -0. -0.01 0. 0. 778. 0.
31.04 34 IR_DEBUG 685 674 685 674
31.04 34 NAVIGATION 0 1 0 0 42 0. 140.5
31.04 34 PPRZ_MODE 0 0 3 0 0 1 0
31.25 34 ESTIMATOR 0. 0. 0. 0. 0.
31.26 34 GPS 0 49759443 356543888 0 74137 0 0 424622750 12 0
31.26 34 SVINFO 11 20 12 3 31 -9 0
31.26 34 COMMANDS 169,-26,-64,-2943
31.26 34 NAVIGATION 0 1 0 0 42 0. 140.5
31.26 34 ATTITUDE 0 0 -40
31.26 34 DL_VALUE 16 17400.
31.41 34 FBW_STATUS 0 0 122
31.41 34 RAD_OF_IR 7 0 0.00154
31.64 34 GPS 0 49759443 356543888 0 74137 0 0 424622998 12 0
31.64 34 IR_SENSORS -951 7 1
31.64 34 NAVIGATION 0 1 0 0 42 0. 140.5
31.64 34 WP_MOVED 3 497546.40625 3565495.5 810.
31.64 34 GYRO_RATES -288 -269 -259 2.513274 -2.347468 -2.260201
31.66 34 ESTIMATOR 0. 0. 0. 0. 0.
31.66 34 GPS 0 49759443 356543888 0 74137 0 0 424623250 12 0
31.70 34 NAVIGATION 0 1 0 0 42 0. 140.5
31.70 34 ATTITUDE 0 0 -40
31.91 34 CALIB_CONTRAST 1236
31.96 34 DOWNLINK_STATUS 29 11785 775 0 397. 27.
32.02 34 GPS 0 49759443 356543888 0 74137 0 0 424623498 12 0
32.02 34 DESIRED -0. -0.01 0. 0. 778. 0.
32.02 34 NAVIGATION 0 1 0 0 42 0. 140.5
32.02 34 WP_MOVED 4 497605. 3565508. 810.
32.24 34 ESTIMATOR 0. 0. 0. 0. 0.
32.24 34 GPS 0 49759443 356543888 0 74137 0 0 424623750 12 0
32.24 34 COMMANDS 169,-20,-63,-2941
32.24 34 NAVIGATION 0 1 0 0 42 0. 140.5
32.24 34 ATTITUDE 0 0 -40
32.24 34 DL_VALUE 17 16500.
32.24 34 FBW_STATUS 0 0 122
32.24 34 RAD_OF_IR 7 0 0.00154
32.41 34 IR_SENSORS -951 7 1
32.52 34 GPS 0 49759443 356543888 0 74137 0 0 424623998 12 0
32.52 34 NAVIGATION 0 1 0 0 42 0. 140.5
32.52 34 WP_MOVED 5 497625. 3565488. 810.
32.52 34 GYRO_RATES -289 -269 -259 2.522001 -2.347468 -2.260201
32.53 34 ESTIMATOR 0. 0. 0. 0. 0.
32.53 34 BAT 171 122 0 0 100 0 1
32.72 34 NAVIGATION 0 1 0 0 42 0. 140.5
32.72 34 ATTITUDE 0 0 -40
32.72 34 CALIBRATION 0. 0.023 0.074 0
32.72 34 GPS 0 49759443 356543888 0 74137 0 0 424624250 12 0
32.72 34 CALIB_CONTRAST 1236
32.72 34 SERVO 9600 -9600 169
32.96 34 DOWNLINK_STATUS 30 12183 800 0 398. 25.
33.05 34 DESIRED -0. -0.01 0. 0. 778. 0.
33.05 34 IR_DEBUG 684 674 684 674
33.05 34 NAVIGATION 0 1 0 0 42 0. 140.5
33.05 34 GPS 0 49759443 356543888 0 74137 0 0 424624498 12 0
33.05 34 WP_MOVED 6 497565. 3565513. 810.
33.16 34 ESTIMATOR 0. 0. 0. 0. 0.
33.20 34 COMMANDS 170,-23,-63,-2941
33.20 34 NAVIGATION 0 1 0 0 42 0. 140.5
33.20 34 ATTITUDE 0 0 -40
33.20 34 DL_VALUE 18 9300.
33.20 34 GPS 0 49759443 356543888 0 74137 0 0 424624750 12 0
33.20 34 FBW_STATUS 0 0 122
33.20 34 RAD_OF_IR 7 0 0.00154
33.29 34 IR_SENSORS -951 7 1
33.29 34 NAVIGATION 0 1 0 0 42 0. 140.5
33.54 34 GPS 0 49759443 356543888 0 74137 0 0 424624998 12 0
33.54 34 WP_MOVED 7 497540. 3565503. 810.
33.54 34 GYRO_RATES -288 -269 -259 2.513274 -2.347468 -2.260201
33.63 34 ESTIMATOR 0. 0. 0. 0. 0.
33.63 34 NAVIGATION 0 1 0 0 42 0. 140.5
33.63 34 ATTITUDE 0 0 -40
33.63 34 GPS 0 49759443 356543888 0 74137 0 0 424625250 12 0
33.96 34 DOWNLINK_STATUS 31 12550 822 0 367. 22.
34.05 34 CALIB_CONTRAST 1236
34.05 34 DESIRED -0. -0.01 0. 0. 778. 0.
34.05 34 NAVIGATION 0 1 0 0 42 0. 140.5
34.05 34 WP_MOVED 8 497625. 3565493. 810.
34.05 34 GPS 0 49759443 356543888 0 74137 0 0 424625498 12 0
34.13 34 ESTIMATOR 0. 0. 0. 0. 0.
34.13 34 COMMANDS 169,-20,-63,-2939
34.13 34 NAVIGATION 0 1 0 0 42 0. 140.5
34.13 34 ATTITUDE 0 0 -40
34.13 34 DL_VALUE 19 3200.
34.13 34 GPS 0 49759443 356543888 0 74137 0 0 424625750 12 0
34.13 34 FBW_STATUS 0 0 122
34.13 34 RAD_OF_IR 7 0 0.00154
34.18 34 IR_SENSORS -952 7 1
34.22 34 NAVIGATION 0 1 0 0 42 0. 140.5
34.54 34 WP_MOVED 9 497575. 3565498. 0.
34.54 34 GYRO_RATES -289 -270 -259 2.522001 -2.356194 -2.260201
34.54 34 GPS 0 49759443 356543888 0 74137 0 0 424625998 12 0
34.63 34 ESTIMATOR 0. 0. 0. 0. 0.
34.63 34 BAT 170 122 0 0 102 0 1
34.63 34 NAVIGATION 0 1 0 0 42 0. 140.5
34.63 34 ATTITUDE 0 0 -40
34.63 34 CALIBRATION 0. 0.023 0.074 0
34.65 34 CALIB_CONTRAST 1236
34.65 34 SERVO 9600 -9600 170
34.65 34 GPS 0 49759443 356543888 0 74137 0 0 424626250 12 0
34.65 34 SVINFO 9 18 4 3 32 -9 0
34.72 34 DESIRED -0. -0.01 0. 0. 778. 0.
34.72 34 IR_DEBUG 684 674 684 674
34.72 34 NAVIGATION 0 1 0 0 42 0. 140.5
34.79 34 WP_MOVED 0 497617. 3565540. 810.
34.96 34 DOWNLINK_STATUS 32 13031 853 0 481. 31.
35.03 34 GPS 0 49759443 356543888 0 74137 0 0 424626498 12 0
35.03 34 SVINFO 10 28 4 3 32 -9 0
35.03 34 ESTIMATOR 0. 0. 0. 0. 0.
35.12 34 COMMANDS 169,-21,-63,-2941
35.12 34 NAVIGATION 0 1 0 0 42 0. 140.5
35.12 34 ATTITUDE 0 0 -40
35.12 34 DL_VALUE 20 22500.
35.12 34 FBW_STATUS 0 0 122
35.12 34 RAD_OF_IR 7 0 0.00154
35.15 34 GPS 0 49759443 356543888 0 74137 0 0 424626750 12 0
35.15 34 ACTUATORS 1496,1501,0,1214,1347
35.15 34 IR_SENSORS -950 7 1
35.19 34 NAVIGATION 0 1 0 0 42 0. 140.5
35.30 34 WP_MOVED 1 497586.6875 3565500. 810.
35.30 34 GYRO_RATES -289 -270 -259 2.522001 -2.356194 -2.260201
35.54 34 ESTIMATOR 0. 0. 0. 0. 0.
35.54 34 GPS 0 49759443 356543888 0 74137 0 0 424626998 12 0
35.54 34 NAVIGATION 0 1 0 0 42 0. 140.5
35.54 34 ATTITUDE 0 0 -40
35.58 34 CALIB_CONTRAST 1236
35.85 34 GPS 0 49759443 356543888 0 74137 0 0 424627250 12 0
35.89 34 DESIRED -0. -0.01 0. 0. 778. 0.
35.89 34 NAVIGATION 0 1 0 0 42 0. 140.5
35.89 34 WP_MOVED 2 497622.6875 3565498.5 810.
35.89 34 PPRZ_MODE 0 0 3 0 0 1 0
35.96 34 DOWNLINK_STATUS 33 13424 878 0 393. 25.
36.03 34 ESTIMATOR 0. 0. 0. 0. 0.
36.03 34 GPS 0 49759443 356543888 0 74137 0 0 424627498 12 0
36.13 34 COMMANDS 169,-20,-63,-2939
36.13 34 NAVIGATION 0 1 0 0 42 0. 140.5
36.13 34 ATTITUDE 0 0 -40
36.13 34 DL_VALUE 21 18400.
36.13 34 FBW_STATUS 0 0 122
36.13 34 RAD_OF_IR 7 0 0.00154
36.21 34 IR_SENSORS -950 7 1
36.21 34 NAVIGATION 0 1 0 0 42 0. 140.5
36.21 34 GPS 0 49759443 356543888 0 74137 0 0 424627750 12 0
36.21 34 WP_MOVED 3 497546.40625 3565495.5 810.
36.21 34 GYRO_RATES -288 -269 -259 2.513274 -2.347468 -2.260201
36.30 34 ESTIMATOR 0. 0. 0. 0. 0.
36.30 34 BAT 169 123 0 0 104 0 1
36.54 34 GPS 0 49759443 356543888 0 74137 0 0 424627998 12 0
36.54 34 NAVIGATION 0 1 0 0 42 0. 140.5
36.54 34 ATTITUDE 0 0 -40
36.54 34 CALIBRATION 0. 0.023 0.074 0
36.74 34 CALIB_CONTRAST 1236
36.74 34 SERVO 9600 -9600 170
36.74 34 DESIRED -0. -0.01 0. 0. 778. 0.
36.74 34 IR_DEBUG 684 674 684 674
36.74 34 NAVIGATION 0 1 0 0 42 0. 140.5
36.74 34 GPS 0 49759443 356543888 0 74137 0 0 424628250 12 0
36.74 34 SVINFO 1 4 12 3 31 -9 0
36.79 34 ESTIMATOR 0. 0. 0. 0. 0.
36.96 34 DOWNLINK_STATUS 34 13849 905 0 425. 27.
37.04 34 COMMANDS 169,-23,-63,-2939
37.04 34 NAVIGATION 0 1 0 0 42 0. 140.5
37.04 34 ATTITUDE 0 0 -40
37.04 34 DL_VALUE 22 18700.
37.04 34 GPS 0 49759443 356543888 0 74137 0 0 424628498 12 0
37.04 34 FBW_STATUS 0 0 123
37.12 34 RAD_OF_IR 7 0 0.00154
37.12 34 IR_SENSORS -951 7 1
37.12 34 NAVIGATION 0 1 0 0 42 0. 140.5
37.35 34 WP_MOVED 5 497625. 3565488. 810.
37.35 34 GYRO_RATES -288 -269 -259 2.513274 -2.347468 -2.260201
37.35 34 GPS 0 49759443 356543888 0 74137 0 0 424628750 12 0
37.35 34 SVINFO 3 21 4 3 31 -9 0
37.35 34 ESTIMATOR 0. 0. 0. 0. 0.
37.53 34 NAVIGATION 0 1 0 0 42 0. 140.5
37.53 34 ATTITUDE 0 0 -40
37.53 34 GPS 0 49759443 356543888 0 74137 0 0 424628998 12 0
37.61 34 CALIB_CONTRAST 1236
37.63 34 DESIRED -0. -0.01 0. 0. 778. 0.
37.63 34 NAVIGATION 0 1 0 0 42 0. 140.5
37.63 34 WP_MOVED 6 497565. 3565513. 810.
37.63 34 GPS 0 49759443 356543888 0 74137 0 0 424629250 12 0
37.69 34 ESTIMATOR 0. 0. 0. 0. 0.
37.80 34 COMMANDS 170,-18,-59,-2941
37.80 34 NAVIGATION 0 1 0 0 42 0. 140.5
37.80 34 ATTITUDE 0 0 -40
37.80 34 DL_VALUE 23 0.
37.96 34 DOWNLINK_STATUS 35 14264 932 0 415. 27.
38.03 34 FBW_STATUS 0 0 122
38.03 34 GPS 0 49759443 356543888 0 74137 0 0 424629498 12 0
38.03 34 RAD_OF_IR 7 0 0.00154
38.12 34 IR_SENSORS -950 7 1
38.12 34 NAVIGATION 0 1 0 0 42 0. 140.5
38.12 34 WP_MOVED 7 497540. 3565503. 810.
38.12 34 GYRO_RATES -288 -269 -259 2.513274 -2.347468 -2.260201
38.35 34 GPS 0 49759443 356543888 0 74137 0 0 424629750 12 0
38.35 34 ESTIMATOR 0. 0. 0. 0. 0.
38.35 34 BAT 170 122 0 0 106 0 1
38.35 34 NAVIGATION 0 1 0 0 42 0. 140.5
38.35 34 ATTITUDE 0 0 -40
38.35 34 CALIBRATION 0. 0.023 0.074 0
38.35 34 CALIB_CONTRAST 1236
38.35 34 SERVO 9600 -9600 169
38.52 34 GPS 0 49759443 356543888 0 74137 0 0 424629998 12 0
38.62 34 DESIRED -0. -0.01 0. 0. 778. 0.
38.62 34 IR_DEBUG 685 674 685 674
38.62 34 NAVIGATION 0 1 0 0 42 0. 140.5
38.62 34 WP_MOVED 8 497625. 3565493. 810.
38.71 34 GPS 0 49759443 356543888 0 74137 0 0 424630250 12 0
38.71 34 SVINFO 9 18 4 3 32 -9 0
38.71 34 ESTIMATOR 0. 0. 0. 0. 0.
38.72 34 COMMANDS 170,-15,-53,-2941
38.72 34 NAVIGATION 0 1 0 0 42 0. 140.5
38.72 34 ATTITUDE 0 0 -40
38.72 34 DL_VALUE 24 11850.
38.80 34 FBW_STATUS 0 0 122
38.80 34 RAD_OF_IR 7 0 0.00154
38.80 34 NAVIGATION_REF 497575 3565498 12
38.96 34 DOWNLINK_STATUS 36 14708 962 0 444. 30.
39.03 34 GPS 0 49759443 356543888 0 74137 0 0 424630498 12 0
39.03 34 SVINFO 10 28 4 3 31 -9 0
39.03 34 IR_SENSORS -951 7 1
39.11 34 NAVIGATION 0 1 0 0 42 0. 140.5
39.11 34 WP_MOVED 9 497575. 3565498. 0.
39.11 34 GYRO_RATES -288 -268 -259 2.513274 -2.338741 -2.260201
39.13 34 ESTIMATOR 0. 0. 0. 0. 0.
39.13 34 GPS 0 49759443 356543888 0 74137 0 0 424630750 12 0
39.19 34 NAVIGATION 0 1 0 0 42 0. 140.5
39.19 34 ATTITUDE 0 0 -40
39.32 34 CALIB_CONTRAST 1236
39.54 34 DESIRED -0. -0.01 0. 0. 778. 0.
39.54 34 GPS 0 49759443 356543888 0 74137 0 0 424630998 12 0
39.54 34 NAVIGATION 0 1 0 0 42 0. 140.5
39.60 34 WP_MOVED 0 497617. 3565540. 810.
39.60 34 ESTIMATOR 0. 0. 0. 0. 0.
39.72 34 GPS 0 49759443 356543888 0 74137 0 0 424631250 12 0
39.72 34 COMMANDS 169,-20,-63,-2941
39.72 34 NAVIGATION 0 1 0 0 42 0. 140.5
39.72 34 ATTITUDE 0 0 -40
39.72 34 DL_VALUE 25 12000.
39.72 34 FBW_STATUS 0 0 122
39.74 34 RAD_OF_IR 7 0 0.00154
39.81 34 ACTUATORS 1496,1501,0,1214,1347
39.81 34 IR_SENSORS -949 7 1
39.96 34 DOWNLINK_STATUS 37 15100 987 0 392. 25.
40.03 34 GPS 0 49759443 356543888 0 74137 0 0 424631498 12 0
40.03 34 NAVIGATION 0 1 0 0 42 0. 140.5
40.13 34 WP_MOVED 1 497586.6875 3565500. 810.
40.13 34 GYRO_RATES -288 -269 -259 2.513274 -2.347468 -2.260201
40.13 34 ESTIMATOR 0. 0. 0. 0. 0.
40.13 34 BAT 169 122 0 0 108 0 1
40.22 34 NAVIGATION 0 1 0 0 42 0. 140.5
40.22 34 ATTITUDE 0 0 -40
40.22 34 CALIBRATION 0. 0.023 0.074 0
40.22 34 GPS 0 49759443 356543888 0 74137 0 0 424631750 12 0
40.22 34 CALIB_CONTRAST 1236
40.22 34 SERVO 9600 -9600 169
40.56 34 DESIRED -0. -0.01 0. 0. 778. 0.
40.56 34 IR_DEBUG 685 674 685 674
40.56 34 NAVIGATION 0 1 0 0 42 0. 140.5
40.56 34 GPS 0 49759443 356543888 0 74137 0 0 424631998 12 0
40.56 34 WP_MOVED 2 497622.6875 3565498.5 810.
40.56 34 PPRZ_MODE 0 0 3 0 0 1 0
40.73 34 ESTIMATOR 0. 0. 0. 0. 0.
40.77 34 COMMANDS 172,-21,-63,-2946
40.77 34 NAVIGATION 0 1 0 0 42 0. 140.5
40.77 34 ATTITUDE 0 0 -40
40.77 34 DL_VALUE 26 10000.
40.77 34 GPS 0 49759443 356543888 0 74137 0 0 424632250 12 0
40.77 34 SVINFO 1 4 12 3 31 -9 0
40.77 34 FBW_STATUS 0 0 123
40.77 34 RAD_OF_IR 7 0 0.00154
40.79 34 IR_SENSORS -951 7 1
40.79 34 NAVIGATION 0 1 0 0 42 0. 140.5
40.96 34 DOWNLINK_STATUS 38 15545 1016 0 445. 29.
41.96 34 DOWNLINK_STATUS 39 15545 1016 0 0. 0.
42.96 34 DOWNLINK_STATUS 40 15545 1016 0 0. 0.
43.19 34 RAD_OF_IR 7 0 0.00154
43.19 34 GPS 0 49759443 356543888 0 74137 0 0 424634250 12 0
43.20 34 IR_SENSORS -950 7 1
43.20 34 NAVIGATION 0 1 0 0 42 0. 140.5
43.20 34 WP_MOVED 7 497540. 3565503. 810.
43.20 34 GYRO_RATES -289 -270 -259 2.522001 -2.356194 -2.260201
43.24 34 GPS 0 49759443 356543888 0 74137 0 0 424634498 12 0
43.24 34 NAVIGATION 0 1 0 0 42 0. 140.5
43.24 34 ATTITUDE 0 0 -40
43.24 34 CALIB_CONTRAST 1236
43.24 34 GPS 0 49759443 356543888 0 74137 0 0 424634750 12 0
43.25 34 NAVIGATION 0 1 0 0 42 0. 140.5
43.25 34 WP_MOVED 8 497625. 3565493. 810.
43.29 34 ESTIMATOR 0. 0. 0. 0. 0.
43.39 34 GPS 0 49759443 356543888 0 74137 0 0 424634998 12 0
43.41 34 COMMANDS 170,-23,-63,-2943
43.42 34 NAVIGATION 0 1 0 0 42 0. 140.5
43.42 34 ATTITUDE 0 0 -40
43.42 34 DL_VALUE 29 0.462
43.63 34 FBW_STATUS 0 0 122
43.63 34 RAD_OF_IR 7 0 0.00154
43.66 34 IR_SENSORS -951 7 1
43.66 34 GPS 0 49759443 356543888 0 74137 0 0 424635250 12 0
43.66 34 NAVIGATION 0 1 0 0 42 0. 140.5
43.70 34 WP_MOVED 9 497575. 3565498. 0.
43.70 34 GYRO_RATES -288 -269 -259 2.513274 -2.347468 -2.260201
43.80 34 ESTIMATOR 0. 0. 0. 0. 0.
43.80 34 BAT 169 122 0 0 112 0 1
43.96 34 DOWNLINK_STATUS 41 15992 1044 0 447. 28.
44.15 34 GPS 0 49759443 356543888 0 74137 0 0 424635498 12 0
44.16 34 NAVIGATION 0 1 0 0 42 0. 140.5
44.16 34 ATTITUDE 0 0 -40
44.16 34 CALIBRATION 0. 0.023 0.074 0
44.16 34 CALIB_CONTRAST 1236
44.16 34 SERVO 9600 -9600 169
44.16 34 DESIRED -0. -0.01 0. 0. 778. 0.
44.22 34 NAVIGATION 0 1 0 0 42 0. 140.5
44.22 34 GPS 0 49759443 356543888 0 74137 0 0 424635750 12 0
44.23 34 WP_MOVED 0 497617. 3565540. 810.
44.24 34 ESTIMATOR 0. 0. 0. 0. 0.
44.55 34 COMMANDS 170,-21,-61,-2941
44.55 34 NAVIGATION 0 1 0 0 42 0. 140.5
44.55 34 ATTITUDE 0 0 -39
44.55 34 DL_VALUE 30 0.
44.55 34 GPS 0 49759443 356543888 0 74137 0 0 424635998 12 0
44.55 34 FBW_STATUS 0 0 122
44.55 34 RAD_OF_IR 7 0 0.00154
44.60 34 ACTUATORS 1496,1502,0,1214,1348
44.64 34 IR_SENSORS -949 7 1
44.64 34 NAVIGATION 0 1 0 0 42 0. 140.5
44.71 34 GPS 0 49759443 356543888 0 74137 0 0 424636250 12 0
44.71 34 WP_MOVED 1 497586.6875 3565500. 810.
44.71 34 GYRO_RATES -288 -269 -259 2.513274 -2.347468 -2.260201
44.82 34 ESTIMATOR 0. 0. 0. 0. 0.
44.97 34 DOWNLINK_STATUS 42 16389 1069 0 397. 25.
45.03 34 NAVIGATION 0 1 0 0 42 0. 140.5
45.03 34 ATTITUDE 0 0 -39
45.03 34 GPS 0 49759443 356543888 0 74137 0 0 424636498 12 0
45.11 34 CALIB_CONTRAST 1236
45.12 34 DESIRED -0. -0.01 0. 0. 778. 0.
45.12 34 NAVIGATION 0 1 0 0 42 0. 140.5
45.12 34 WP_MOVED 2 497622.6875 3565498.5 810.
45.12 34 PPRZ_MODE 0 0 3 0 0 1 0
45.12 34 GPS 0 49759443 356543888 0 74137 0 0 424636750 12 0
45.19 34 ESTIMATOR 0. 0. 0. 0. 0.
45.55 34 COMMANDS 171,-21,-59,-2943
45.55 34 NAVIGATION 0 1 0 0 42 0. 140.5
45.55 34 ATTITUDE 0 0 -39
45.55 34 DL_VALUE 31 0.023
45.55 34 GPS 0 49759443 356543888 0 74137 0 0 424636998 12 0
45.55 34 FBW_STATUS 0 0 122
45.55 34 RAD_OF_IR 7 0 0.00154
45.74 34 IR_SENSORS -950 7 1
45.77 34 NAVIGATION 0 1 0 0 42 0. 140.5
45.77 34 WP_MOVED 3 497546.40625 3565495.5 810.
45.77 34 GYRO_RATES -288 -269 -259 2.513274 -2.347468 -2.260201
45.78 34 GPS 0 49759443 356543888 0 74137 0 0 424637250 12 0
45.78 34 ESTIMATOR 0. 0. 0. 0. 0.
45.81 34 NAVIGATION 0 1 0 0 42 0. 140.5
45.81 34 ATTITUDE 0 0 -40
45.81 34 CALIBRATION 0. 0.023 0.074 0
45.98 34 DOWNLINK_STATUS 43 16800 1095 0 411. 26.
46.16 34 GPS 0 49759443 356543888 0 74137 0 0 424637498 12 0
46.16 34 CALIB_CONTRAST 1236
46.16 34 SERVO 9600 -9600 169
46.16 34 DESIRED -0. -0.01 0. 0. 778. 0.
46.16 34 IR_DEBUG 684 674 684 674
46.16 34 NAVIGATION 0 1 0 0 42 0. 140.5
46.16 34 WP_MOVED 4 497605. 3565508. 810.
46.21 34 GPS 0 49759443 356543888 0 74137 0 0 424637750 12 0
46.21 34 SVINFO 7 10 4 3 31 -9 0
46.21 34 ESTIMATOR 0. 0. 0. 0. 0.
46.25 34 COMMANDS 169,-20,-59,-2941
46.25 34 NAVIGATION 0 1 0 0 42 0. 140.5
46.25 34 ATTITUDE 0 0 -40
46.25 34 DL_VALUE 32 0.001
46.29 34 FBW_STATUS 0 0 122
46.29 34 RAD_OF_IR 7 0 0.00154
46.33 34 GPS 0 49759443 356543888 0 74137 0 0 424637998 12 0
46.42 34 IR_SENSORS -950 7 1
46.42 34 NAVIGATION 0 1 0 0 42 0. 140.5
46.63 34 WP_MOVED 5 497625. 3565488. 810.
46.63 34 GYRO_RATES -288 -268 -259 2.513274 -2.338741 -2.260201
46.72 34 ESTIMATOR 0. 0. 0. 0. 0.
46.72 34 GPS 0 49759443 356543888 0 74137 0 0 424638250 12 0
46.72 34 SVINFO 9 18 4 3 31 -9 0
46.72 34 NAVIGATION 0 1 0 0 42 0. 140.5
46.72 34 ATTITUDE 0 0 -40
46.78 34 CALIB_CONTRAST 1236
46.93 34 GPS 0 49759443 356543888 0 74137 0 0 424638498 12 0
46.93 34 SVINFO 10 28 4 3 31 -9 0
46.93 34 DESIRED -0. -0.01 0. 0. 778. 0.
46.93 34 NAVIGATION 0 1 0 0 42 0. 140.5
46.97 34 DOWNLINK_STATUS 44 17284 1126 0 484. 31.
47.12 34 WP_MOVED 6 497565. 3565513. 810.
47.24 34 ESTIMATOR 0. 0. 0. 0. 0.
47.24 34 GPS 0 49759443 356543888 0 74137 0 0 424638750 12 0
47.24 34 COMMANDS 170,-21,-61,-2943
47.24 34 NAVIGATION 0 1 0 0 42 0. 140.5
47.24 34 ATTITUDE 0 0 -40
47.24 34 DL_VALUE 33 0.01
47.24 34 FBW_STATUS 0 0 122
47.24 34 RAD_OF_IR 7 0 0.00154
47.24 34 NAVIGATION_REF 497575 3565498 12
47.67 34 IR_SENSORS -951 7 1
47.67 34 GPS 0 49759443 356543888 0 74137 0 0 424638998 12 0
47.67 34 NAVIGATION 0 1 0 0 42 0. 140.5
47.67 34 WP_MOVED 7 497540. 3565503. 810.
47.67 34 GYRO_RATES -289 -270 -259 2.522001 -2.356194 -2.260201
47.73 34 ESTIMATOR 0. 0. 0. 0. 0.
47.73 34 BAT 169 122 0 0 116 0 1
47.73 34 GPS 0 49759443 356543888 0 74137 0 0 424639250 12 0
47.73 34 NAVIGATION 0 1 0 0 42 0. 140.5
47.73 34 ATTITUDE 0 0 -40
47.74 34 CALIBRATION 0. 0.023 0.074 0
47.74 34 CALIB_CONTRAST 1236
47.74 34 SERVO 9600 -9600 169
47.97 34 DOWNLINK_STATUS 45 17622 1149 0 338. 23.
48.06 34 DESIRED -0. -0.01 0. 0. 778. 0.
48.06 34 IR_DEBUG 684 674 684 674
48.06 34 NAVIGATION 0 1 0 0 42 0. 140.5
48.06 34 GPS 0 49759443 356543888 0 74137 0 0 424639498 12 0
48.06 34 WP_MOVED 8 497625. 3565493. 810.
48.15 34 ESTIMATOR 0. 0. 0. 0. 0.
48.19 34 COMMANDS 170,-24,-63,-2943
48.19 34 NAVIGATION 0 1 0 0 42 0. 140.5
48.19 34 ATTITUDE 0 0 -40
48.19 34 DL_VALUE 34 1.
48.19 34 GPS 0 49759443 356543888 0 74137 0 0 424639750 12 0
48.19 34 FBW_STATUS 0 0 122
48.20 34 RAD_OF_IR 7 0 0.00154
48.29 34 IR_SENSORS -949 7 1
48.29 34 NAVIGATION 0 1 0 0 42 0. 140.5
48.54 34 GPS 0 49759443 356543888 0 74137 0 0 424639998 12 0
48.54 34 SVINFO 0 25 12 2 37 -9 0
48.54 34 WP_MOVED 9 497575. 3565498. 0.
48.54 34 GYRO_RATES -289 -269 -259 2.522001 -2.347468 -2.260201
48.62 34 ESTIMATOR 0. 0. 0. 0. 0.
48.62 34 NAVIGATION 0 1 0 0 42 0. 140.5
48.62 34 ATTITUDE 0 0 -40
48.81 34 GPS 0 49759443 356543888 0 74137 0 0 424640250 12 0
48.81 34 CALIB_CONTRAST 1236
48.81 34 DESIRED -0. -0.01 0. 0. 778. 0.
48.97 34 DOWNLINK_STATUS 46 18029 1174 0 407. 25.
49.05 34 NAVIGATION 0 1 0 0 42 0. 140.5
49.05 34 WP_MOVED 0 497617. 3565540. 810.
49.05 34 GPS 0 49759443 356543888 0 74137 0 0 424640498 12 0
49.05 34 ESTIMATOR 0. 0. 0. 0. 0.
49.11 34 COMMANDS 169,-23,-63,-2939
49.11 34 NAVIGATION 0 1 0 0 42 0. 140.5
49.11 34 ATTITUDE 0 0 -39
49.11 34 DL_VALUE 35 0.
49.32 34 GPS 0 49759443 356543888 0 74137 0 0 424640750 12 0
49.32 34 FBW_STATUS 0 0 122
49.32 34 RAD_OF_IR 7 0 0.00154
49.32 34 ACTUATORS 1496,1502,0,1214,1347
49.32 34 IR_SENSORS -951 7 1
49.32 34 NAVIGATION 0 1 0 0 42 0. 140.5
49.54 34 WP_MOVED 1 497586.6875 3565500. 810.
49.54 34 GYRO_RATES -289 -270 -259 2.522001 -2.356194 -2.260201
49.54 34 GPS 0 49759443 356543888 0 74137 0 0 424640998 12 0
49.62 34 ESTIMATOR 0. 0. 0. 0. 0.
49.62 34 BAT 169 122 0 0 118 0 1
49.62 34 NAVIGATION 0 1 0 0 42 0. 140.5
49.62 34 ATTITUDE 0 0 -40
49.62 34 CALIBRATION 0. 0.023 0.074 0
49.63 34 CALIB_CONTRAST 1236
49.63 34 SERVO 9600 -9600 168
49.63 34 GPS 0 49759443 356543888 0 74137 0 0 424641250 12 0
49.72 34 DESIRED -0. -0.01 0. 0. 778. 0.
49.72 34 IR_DEBUG 684 674 684 674
49.72 34 NAVIGATION 0 1 0 0 42 0. 140.5
49.79 34 WP_MOVED 2 497622.6875 3565498.5 810.
49.79 34 PPRZ_MODE 0 0 3 0 0 1 0
49.83 34 GPS 0 49759443 356543888 0 74137 0 0 424641498 12 0
49.97 34 DOWNLINK_STATUS 47 18519 1205 0 490. 31.
50.02 34 ESTIMATOR 0. 0. 0. 0. 0.
50.24 34 COMMANDS 169,-21,-63,-2943
50.24 34 NAVIGATION 0 1 0 0 42 0. 140.5
50.24 34 ATTITUDE 0 0 -40
50.24 34 DL_VALUE 36 0.
50.24 34 FBW_STATUS 0 0 122
50.24 34 RAD_OF_IR 7 0 0.00154
50.33 34 GPS 0 49759443 356543888 0 74137 0 0 424641750 12 0
50.33 34 IR_SENSORS -951 7 1
50.33 34 NAVIGATION 0 1 0 0 42 0. 140.5
50.33 34 WP_MOVED 3 497546.40625 3565495.5 810.
50.33 34 GYRO_RATES -289 -270 -259 2.522001 -2.356194 -2.260201
50.52 34 GPS 0 49759443 356543888 0 74137 0 0 424641998 12 0
50.52 34 ESTIMATOR 0. 0. 0. 0. 0.
50.52 34 NAVIGATION 0 1 0 0 42 0. 140.5
50.52 34 ATTITUDE 0 0 -39
50.52 34 CALIB_CONTRAST 1236
50.72 34 GPS 0 49759443 356543888 0 74137 0 0 424642250 12 0
50.72 34 DESIRED -0. -0.01 0. 0. 778. 0.
50.72 34 NAVIGATION 0 1 0 0 42 0. 140.5
50.72 34 WP_MOVED 4 497605. 3565508. 810.
50.93 34 ESTIMATOR 0. 0. 0. 0. 0.
50.93 34 GPS 0 49759443 356543888 0 74137 0 0 424642498 12 0
50.97 34 DOWNLINK_STATUS 48 18902 1228 0 383. 23.
51.00 34 COMMANDS 173,-23,-55,-2941
51.00 34 NAVIGATION 0 1 0 0 42 0. 140.5
51.00 34 ATTITUDE 0 0 -40
51.00 34 DL_VALUE 37 0.1
51.01 34 FBW_STATUS 0 0 122
51.01 34 RAD_OF_IR 7 0 0.00154
51.13 34 IR_SENSORS -949 7 1
51.13 34 GPS 0 49759443 356543888 0 74137 0 0 424642750 12 0
51.13 34 NAVIGATION 0 1 0 0 42 0. 140.5
51.32 34 WP_MOVED 5 497625. 3565488. 810.
51.32 34 GYRO_RATES -288 -269 -259 2.513274 -2.347468 -2.260201
51.43 34 ESTIMATOR 0. 0. 0. 0. 0.
51.43 34 BAT 169 122 0 0 120 0 1
51.43 34 GPS 0 49759443 356543888 0 74137 0 0 424642998 12 0
51.43 34 NAVIGATION 0 1 0 0 42 0. 140.5
51.43 34 ATTITUDE 0 0 -39
51.43 34 CALIBRATION 0. 0.023 0.074 0
51.49 34 CALIB_CONTRAST 1236
51.49 34 SERVO 9600 -9600 169
51.85 34 DESIRED -0. -0.01 0. 0. 778. 0.
51.85 34 IR_DEBUG 684 673 684 673
51.85 34 NAVIGATION 0 1 0 0 42 0. 140.5
51.85 34 GPS 0 49759443 356543888 0 74137 0 0 424643250 12 0
51.85 34 WP_MOVED 6 497565. 3565513. 810.
51.95 34 ESTIMATOR 0. 0. 0. 0. 0.
51.95 34 COMMANDS 171,-23,-59,-2943
51.95 34 NAVIGATION 0 1 0 0 42 0. 140.5
51.95 34 GPS 0 49759443 356543888 0 74137 0 0 424643498 12 0
51.95 34 ATTITUDE 0 0 -39
51.95 34 DL_VALUE 38 0.
51.95 34 FBW_STATUS 0 0 122
51.95 34 RAD_OF_IR 7 0 0.00154
51.97 34 DOWNLINK_STATUS 49 19369 1260 0 467. 32.
51.99 34 IR_SENSORS -949 7 1
52.11 34 NAVIGATION 0 1 0 0 42 0. 140.5
52.16 34 GPS 0 49759443 356543888 0 74137 0 0 424643750 12 0
52.16 34 WP_MOVED 7 497540. 3565503. 810.
52.16 34 GYRO_RATES -288 -269 -259 2.513274 -2.347468 -2.260201
52.32 34 ESTIMATOR 0. 0. 0. 0. 0.
52.41 34 NAVIGATION 0 1 0 0 42 0. 140.5
52.41 34 ATTITUDE 0 0 -40
52.41 34 GPS 0 49759443 356543888 0 74137 0 0 424643998 12 0
52.41 34 SVINFO 0 25 12 2 41 -9 0
52.41 34 CALIB_CONTRAST 1236
52.51 34 DESIRED -0. -0.01 0. 0. 778. 0.
52.52 34 NAVIGATION 0 1 0 0 42 0. 140.5
52.61 34 WP_MOVED 8 497625. 3565493. 810.
52.61 34 GPS 0 49759443 356543888 0 74137 0 0 424644250 12 0
52.82 34 ESTIMATOR 0. 0. 0. 0. 0.
52.93 34 COMMANDS 170,-21,-59,-2941
52.93 34 NAVIGATION 0 1 0 0 42 0. 140.5
52.93 34 ATTITUDE 0 0 -39
52.93 34 DL_VALUE 39 0.074
52.93 34 GPS 0 49759443 356543888 0 74137 0 0 424644498 12 0
52.93 34 FBW_STATUS 0 0 122
52.93 34 RAD_OF_IR 7 0 0.00154
52.97 34 DOWNLINK_STATUS 50 19740 1283 0 371. 23.
53.14 34 IR_SENSORS -949 7 1
53.14 34 NAVIGATION 0 1 0 0 42 0. 140.5
53.14 34 WP_MOVED 9 497575. 3565498. 0.
53.14 34 GYRO_RATES -288 -269 -259 2.513274 -2.347468 -2.260201
53.14 34 GPS 0 49759443 356543888 0 74137 0 0 424644750 12 0
53.45 34 ESTIMATOR 0. 0. 0. 0. 0.
53.45 34 BAT 172 122 0 0 122 0 1
53.45 34 NAVIGATION 0 1 0 0 42 0. 140.5
53.45 34 ATTITUDE 0 0 -40
53.45 34 CALIBRATION 0. 0.023 0.074 0
53.54 34 GPS 0 49759443 356543888 0 74137 0 0 424644998 12 0
53.55 34 CALIB_CONTRAST 1236
53.55 34 SERVO 9600 -9600 169
53.55 34 DESIRED -0. -0.01 0. 0. 778. 0.
53.55 34 IR_DEBUG 684 674 684 674
53.55 34 NAVIGATION 0 1 0 0 42 0. 140.5
53.55 34 WP_MOVED 0 497617. 3565540. 810.
53.64 34 GPS 0 49759443 356543888 0 74137 0 0 424645250 12 0
53.64 34 ESTIMATOR 0. 0. 0. 0. 0.
53.72 34 COMMANDS 170,-24,-63,-2941
53.72 34 NAVIGATION 0 1 0 0 42 0. 140.5
53.72 34 ATTITUDE 0 0 -40
53.72 34 DL_VALUE 40 1.
53.93 34 FBW_STATUS 0 0 122
53.93 34 RAD_OF_IR 7 0 0.00154
53.93 34 GPS 0 49759443 356543888 0 74137 0 0 424645498 12 0
53.97 34 DOWNLINK_STATUS 51 20148 1309 0 408. 26.
54.12 34 ACTUATORS 1496,1502,0,1214,1347
54.12 34 IR_SENSORS -950 7 1
54.12 34 NAVIGATION 0 1 0 0 42 0. 140.5
54.12 34 WP_MOVED 1 497586.6875 3565500. 810.
54.12 34 GYRO_RATES -288 -268 -259 2.513274 -2.338741 -2.260201
54.13 34 ESTIMATOR 0. 0. 0. 0. 0.
54.13 34 GPS 0 49759443 356543888 0 74137 0 0 424645750 12 0
54.20 34 NAVIGATION 0 1 0 0 42 0. 140.5
54.20 34 ATTITUDE 0 0 -39
54.42 34 CALIB_CONTRAST 1236
54.53 34 GPS 0 49759443 356543888 0 74137 0 0 424645998 12 0
54.53 34 DESIRED -0. -0.01 0. 0. 778. 0.
54.53 34 NAVIGATION 0 1 0 0 42 0. 140.5
54.53 34 WP_MOVED 2 497622.6875 3565498.5 810.
54.53 34 PPRZ_MODE 0 0 3 0 0 1 0
54.60 34 ESTIMATOR 0. 0. 0. 0. 0.
54.72 34 GPS 0 49759443 356543888 0 74137 0 0 424646250 12 0
54.72 34 COMMANDS 169,-20,-63,-2944
54.72 34 NAVIGATION 0 1 0 0 42 0. 140.5
54.72 34 ATTITUDE 0 0 -40
54.72 34 DL_VALUE 41 0.
54.72 34 FBW_STATUS 0 0 122
54.73 34 RAD_OF_IR 7 0 0.00154
54.92 34 GPS 0 49759443 356543888 0 74137 0 0 424646498 12 0
54.92 34 IR_SENSORS -950 7 1
54.97 34 DOWNLINK_STATUS 52 20539 1334 0 391. 25.
55.02 34 NAVIGATION 0 1 0 0 42 0. 140.5
55.02 34 WP_MOVED 3 497546.40625 3565495.5 810.
55.02 34 GYRO_RATES -288 -269 -259 2.513274 -2.347468 -2.260201
55.05 34 ESTIMATOR 0. 0. 0. 0. 0.
55.05 34 BAT 169 122 0 0 124 0 1
55.23 34 GPS 0 49759443 356543888 0 74137 0 0 424646750 12 0
55.23 34 NAVIGATION 0 1 0 0 42 0. 140.5
55.23 34 ATTITUDE 0 0 -40
55.23 34 CALIBRATION 0. 0.023 0.074 0
55.23 34 CALIB_CONTRAST 1236
55.23 34 SERVO 9600 -9600 169
55.55 34 DESIRED -0. -0.01 0. 0. 778. 0.
55.55 34 IR_DEBUG 684 674 684 674
55.55 34 GPS 0 49759443 356543888 0 74137 0 0 424646998 12 0
55.55 34 NAVIGATION 0 1 0 0 42 0. 140.5
55.55 34 WP_MOVED 4 497605. 3565508. 810.
55.96 34 ESTIMATOR 0. 0. 0. 0. 0.
56.00 34 COMMANDS 169,-20,-59,-2941
56.00 34 NAVIGATION 0 1 0 0 42 0. 140.5
56.00 34 ATTITUDE 0 0 -39
56.00 34 DL_VALUE 0 778.
56.00 34 GPS 0 49759443 356543888 0 74137 0 0 424647250 12 0
56.00 34 FBW_STATUS 0 0 122
56.00 34 RAD_OF_IR 7 0 0.00154
56.00 34 DOWNLINK_STATUS 53 20912 1358 0 373. 24.
56.04 34 IR_SENSORS -951 7 1
56.04 34 NAVIGATION 0 1 0 0 42 0. 140.5
56.04 34 GPS 0 49759443 356543888 0 74137 0 0 424647498 12 0
56.04 34 WP_MOVED 5 497625. 3565488. 810.
56.04 34 GYRO_RATES -289 -269 -259 2.522001 -2.347468 -2.260201
56.12 34 NAVIGATION 0 1 0 0 42 0. 140.5
56.12 34 ATTITUDE 0 0 -40
56.12 34 GPS 0 49759443 356543888 0 74137 0 0 424647750 12 0
56.12 34 CALIB_CONTRAST 1236
56.42 34 DESIRED -0. -0.01 0. 0. 778. 0.
56.53 34 NAVIGATION 0 1 0 0 42 0. 140.5
56.53 34 GPS 0 49759443 356543888 0 74137 0 0 424647999 12 0
56.53 34 SVINFO 0 25 12 3 38 -9 0
56.53 34 WP_MOVED 6 497565. 3565513. 810.
56.53 34 ESTIMATOR 0. 0. 0. 0. 0.
56.54 34 COMMANDS 169,-24,-66,-2941
56.54 34 NAVIGATION 0 1 0 0 42 0. 140.5
56.54 34 ATTITUDE 0 0 -40
56.54 34 DL_VALUE 1 1.
56.62 34 GPS 0 49759443 356543888 0 74137 0 0 424648251 12 0
56.62 34 FBW_STATUS 0 0 122
56.62 34 RAD_OF_IR 7 0 0.00154
56.73 34 IR_SENSORS -951 7 1
56.73 34 NAVIGATION 0 1 0 0 42 0. 140.5
56.97 34 DOWNLINK_STATUS 54 21287 1382 0 375. 24.
57.04 34 WP_MOVED 7 497540. 3565503. 810.
57.04 34 GYRO_RATES -288 -270 -259 2.513274 -2.356194 -2.260201
57.04 34 GPS 0 49759443 356543888 0 74137 0 0 424648499 12 0
57.14 34 ESTIMATOR 0. 0. 0. 0. 0.
57.14 34 BAT 169 122 0 0 126 0 1
57.14 34 NAVIGATION 0 1 0 0 42 0. 140.5
57.14 34 ATTITUDE 0 0 -40
57.14 34 CALIBRATION 0. 0.023 0.074 0
57.14 34 CALIB_CONTRAST 1236
57.14 34 SERVO 9600 -9600 167
57.14 34 GPS 0 49759443 356543888 0 74137 0 0 424648751 12 0
57.22 34 DESIRED -0. -0.01 0. 0. 778. 0.
57.22 34 IR_DEBUG 684 673 684 673
57.22 34 NAVIGATION 0 1 0 0 42 0. 140.5
57.33 34 WP_MOVED 8 497625. 3565493. 810.
57.33 34 GPS 0 49759443 356543888 0 74137 0 0 424648999 12 0
57.52 34 ESTIMATOR 0. 0. 0. 0. 0.
57.62 34 COMMANDS 173,-26,-58,-2941
57.62 34 NAVIGATION 0 1 0 0 42 0. 140.5
57.62 34 ATTITUDE 0 0 -39
57.62 34 DL_VALUE 2 0.
57.62 34 FBW_STATUS 0 0 122
57.62 34 RAD_OF_IR 7 0 0.00154
57.63 34 GPS 0 49759443 356543888 0 74137 0 0 424649251 12 0
57.63 34 IR_SENSORS -950 7 1
57.70 34 NAVIGATION 0 1 0 0 42 0. 140.5
57.97 34 DOWNLINK_STATUS 55 21695 1408 0 408. 26.
58.05 34 WP_MOVED 9 497575. 3565498. 0.
58.05 34 GYRO_RATES -289 -269 -259 2.522001 -2.347468 -2.260201
58.05 34 GPS 0 49759443 356543888 0 74137 0 0 424649499 12 0
58.05 34 ESTIMATOR 0. 0. 0. 0. 0.
58.12 34 NAVIGATION 0 1 0 0 42 0. 140.5
58.12 34 ATTITUDE 0 0 -40
58.12 34 CALIB_CONTRAST 1236
58.22 34 GPS 0 49759443 356543888 0 74137 0 0 424649751 12 0
58.26 34 DESIRED -0. -0.01 0. 0. 778. 0.
58.26 34 NAVIGATION 0 1 0 0 42 0. 140.5
58.26 34 WP_MOVED 0 497617. 3565540. 810.
58.34 34 ESTIMATOR 0. 0. 0. 0. 0.
58.34 34 GPS 0 49759443 356543888 0 74137 0 0 424649999 12 0
58.53 34 COMMANDS 172,-23,-58,-2941
58.53 34 NAVIGATION 0 1 0 0 42 0. 140.5
58.53 34 ATTITUDE 0 0 -40
58.53 34 DL_VALUE 3 0.
58.64 34 FBW_STATUS 0 0 122
58.64 34 RAD_OF_IR 7 0 0.00154
58.64 34 ACTUATORS 1496,1502,0,1214,1347
58.64 34 IR_SENSORS -949 7 1
58.64 34 GPS 0 49759443 356543888 0 74137 0 0 424650251 12 0
58.64 34 NAVIGATION 0 1 0 0 42 0. 140.5
58.70 34 WP_MOVED 1 497586.6875 3565500. 810.
58.70 34 GYRO_RATES -288 -269 -259 2.513274 -2.347468 -2.260201
58.97 34 DOWNLINK_STATUS 56 22104 1433 0 409. 25.
59.06 34 ESTIMATOR 0. 0. 0. 0. 0.
59.06 34 BAT 169 122 0 0 128 0 1
59.06 34 GPS 0 49759443 356543888 0 74137 0 0 424650499 12 0
59.06 34 NAVIGATION 0 1 0 0 42 0. 140.5
59.06 34 ATTITUDE 0 0 -40
59.06 34 CALIBRATION 0. 0.023 0.074 0
59.24 34 CALIB_CONTRAST 1236
59.24 34 SERVO 9600 -9600 169
59.24 34 DESIRED -0. -0.01 0. 0. 778. 0.
59.24 34 IR_DEBUG 684 673 684 673
59.24 34 NAVIGATION 0 1 0 0 42 0. 140.5
59.24 34 GPS 0 49759443 356543888 0 74137 0 0 424650751 12 0
59.24 34 WP_MOVED 2 497622.6875 3565498.5 810.
59.26 34 ESTIMATOR 0. 0. 0. 0. 0.
59.55 34 COMMANDS 171,-23,-61,-2943
59.55 34 NAVIGATION 0 1 0 0 42 0. 140.5
59.55 34 GPS 0 49759443 356543888 0 74137 0 0 424650999 12 0
59.55 34 ATTITUDE 0 0 -39
59.55 34 DL_VALUE 4 0.
59.55 34 FBW_STATUS 0 0 122
59.55 34 RAD_OF_IR 7 0 0.00154
59.59 34 IR_SENSORS -949 7 1
59.59 34 NAVIGATION 0 1 0 0 42 0. 140.5
59.82 34 GPS 0 49759443 356543888 0 74137 0 0 424651251 12 0
59.86 34 WP_MOVED 3 497546.40625 3565495.5 810.
59.86 34 GYRO_RATES -288 -269 -259 2.513274 -2.347468 -2.260201
59.86 34 ESTIMATOR 0. 0. 0. 0. 0.
59.86 34 NAVIGATION 0 1 0 0 42 0. 140.5
59.86 34 ATTITUDE 0 0 -39
59.86 34 GPS 0 49759443 356543888 0 74137 0 0 424651499 12 0
59.97 34 DOWNLINK_STATUS 57 22587 1463 0 483. 30.
60.01 34 CALIB_CONTRAST 1236
60.04 34 DESIRED -0. -0.01 0. 0. 778. 0.
60.04 34 NAVIGATION 0 1 0 0 42 0. 140.5
60.09 34 WP_MOVED 4 497605. 3565508. 810.
60.20 34 GPS 0 49759443 356543888 0 74137 0 0 424651751 12 0
60.24 34 ESTIMATOR 0. 0. 0. 0. 0.
60.30 34 COMMANDS 169,-23,-63,-2943
60.30 34 NAVIGATION 0 1 0 0 42 0. 140.5
60.30 34 ATTITUDE 0 0 -39
60.30 34 DL_VALUE 5 0.
60.31 34 FBW_STATUS 0 0 122
60.51 34 RAD_OF_IR 7 0 0.00154
60.65 34 GPS 0 49759443 356543888 0 74137 0 0 424651999 12 0
60.65 34 SVINFO 0 25 12 7 38 -9 0
60.65 34 IR_SENSORS -949 7 1
60.65 34 NAVIGATION 0 1 0 0 42 0. 140.5
60.65 34 WP_MOVED 5 497625. 3565488. 810.
60.65 34 GYRO_RATES -288 -269 -259 2.513274 -2.347468 -2.260201
60.83 34 ESTIMATOR 0. 0. 0. 0. 0.
60.83 34 BAT 171 122 0 0 130 0 1
60.83 34 GPS 0 49759443 356543888 0 74137 0 0 424652251 12 0
60.83 34 NAVIGATION 0 1 0 0 42 0. 140.5
60.83 34 ATTITUDE 0 0 -39
60.83 34 CALIBRATION 0. 0.023 0.074 0
60.84 34 CALIB_CONTRAST 1236
60.84 34 SERVO 9600 -9600 169
60.98 34 DOWNLINK_STATUS 58 22972 1489 0 385. 26.
61.66 34 ESTIMATOR 0. 0. 0. 0. 0.
61.66 34 GPS 0 49759443 356543888 0 74137 0 0 424652751 12 0
61.66 34 COMMANDS 169,-24,-63,-2939
61.66 34 NAVIGATION 0 1 0 0 42 0. 140.5
61.66 34 ATTITUDE 0 0 -39
61.66 34 DL_VALUE 6 0.
61.66 34 FBW_STATUS 0 0 122
61.66 34 RAD_OF_IR 7 0 0.00154
61.87 34 GPS 0 49759443 356543888 0 74137 0 0 424652999 12 0
61.87 34 IR_SENSORS -949 7 1
61.88 34 NAVIGATION 0 1 0 0 42 0. 140.5
61.88 34 WP_MOVED 7 497540. 3565503. 810.
61.88 34 GYRO_RATES -288 -269 -259 2.513274 -2.347468 -2.260201
61.88 34 ESTIMATOR 0. 0. 0. 0. 0.
61.98 34 DOWNLINK_STATUS 59 23190 1503 0 218. 14.
62.06 34 NAVIGATION 0 1 0 0 42 0. 140.5
62.06 34 ATTITUDE 0 0 -40
62.06 34 CALIB_CONTRAST 1236
62.06 34 DESIRED -0. -0.01 0. 0. 778. 0.
62.06 34 GPS 0 49759443 356543888 0 74137 0 0 424653499 12 0
62.11 34 WP_MOVED 8 497625. 3565493. 810.
62.15 34 ESTIMATOR 0. 0. 0. 0. 0.
62.22 34 COMMANDS 169,-23,-64,-2943
62.22 34 NAVIGATION 0 1 0 0 42 0. 140.5
62.22 34 ATTITUDE 0 0 -40
62.22 34 DL_VALUE 7 0.
62.22 34 GPS 0 49759443 356543888 0 74137 0 0 424653751 12 0
62.23 34 FBW_STATUS 0 0 122
62.23 34 RAD_OF_IR 7 0 0.00154
62.30 34 IR_SENSORS -950 7 1
62.65 34 NAVIGATION 0 1 0 0 42 0. 140.5
62.65 34 GPS 0 49759443 356543888 0 74137 0 0 424653999 12 0
62.65 34 WP_MOVED 9 497575. 3565498. 0.
62.65 34 GYRO_RATES -288 -269 -259 2.513274 -2.347468 -2.260201
62.74 34 ESTIMATOR 0. 0. 0. 0. 0.
62.74 34 BAT 169 122 0 0 132 0 2
62.74 34 NAVIGATION 0 1 0 0 42 0. 140.5
62.74 34 ATTITUDE 0 0 -40
62.74 34 CALIBRATION 0. 0.023 0.074 0
62.74 34 GPS 0 49759443 356543888 0 74137 0 0 424654251 12 0
62.74 34 CALIB_CONTRAST 1236
62.84 34 DESIRED -0. -0.01 0. 0. 778. 0.
62.84 34 IR_DEBUG 684 673 684 673
62.85 34 NAVIGATION 0 1 0 0 42 0. 140.5
62.92 34 GPS 0 49759443 356543888 0 74137 0 0 424654499 12 0
62.92 34 WP_MOVED 0 497617. 3565540. 810.
62.98 34 DOWNLINK_STATUS 60 23688 1534 0 498. 31.
63.12 34 ESTIMATOR 0. 0. 0. 0. 0.
63.23 34 COMMANDS 170,-20,-63,-2941
63.23 34 NAVIGATION 0 1 0 0 42 0. 140.5
63.23 34 ATTITUDE 0 0 -39
63.23 34 DL_VALUE 8 0.
63.23 34 GPS 0 49759443 356543888 0 74137 0 0 424654751 12 0
63.23 34 FBW_STATUS 0 0 122
63.23 34 RAD_OF_IR 7 0 0.00154
63.30 34 ACTUATORS 1496,1502,0,1214,1347
63.30 34 IR_SENSORS -949 7 1
63.30 34 NAVIGATION 0 1 0 0 42 0. 140.5
63.42 34 WP_MOVED 1 497586.6875 3565500. 810.
63.42 34 GYRO_RATES -289 -270 -259 2.522001 -2.356194 -2.260201
63.42 34 GPS 0 49759443 356543888 0 74137 0 0 424654999 12 0
63.62 34 ESTIMATOR 0. 0. 0. 0. 0.
63.71 34 NAVIGATION 0 1 0 0 42 0. 140.5
63.71 34 ATTITUDE 0 0 -40
63.71 34 CALIB_CONTRAST 1236
63.71 34 GPS 0 49759443 356543888 0 74137 0 0 424655251 12 0
63.73 34 DESIRED -0. -0.01 0. 0. 778. 0.
63.79 34 NAVIGATION 0 1 0 0 42 0. 140.5
63.83 34 WP_MOVED 2 497622.6875 3565498.5 810.
63.83 34 PPRZ_MODE 0 0 3 0 0 17 0
63.94 34 GPS 0 49759443 356543888 0 74137 0 0 424655499 12 0
63.94 34 ESTIMATOR 0. 0. 0. 0. 0.
63.98 34 DOWNLINK_STATUS 61 24093 1559 0 405. 25.
64.14 34 COMMANDS 169,-23,-64,-2941
64.14 34 NAVIGATION 0 1 0 0 42 0. 140.5
64.14 34 ATTITUDE 0 0 -39
64.14 34 DL_VALUE 9 -57.
64.21 34 FBW_STATUS 0 0 122
64.21 34 RAD_OF_IR 7 0 0.00154
64.21 34 NAVIGATION_REF 497575 3565498 12
64.21 34 GPS 0 49759443 356543888 0 74137 0 0 424655751 12 0
64.22 34 IR_SENSORS -950 8 1
64.22 34 NAVIGATION 0 1 0 0 42 0. 140.5
64.31 34 WP_MOVED 3 497546.40625 3565495.5 810.
64.31 34 GYRO_RATES -288 -269 -259 2.513274 -2.347468 -2.260201
64.68 34 ESTIMATOR 0. 0. 0. 0. 0.
64.68 34 BAT 170 122 0 0 134 0 2
64.68 34 GPS 0 49759443 356543888 0 74137 0 0 424655999 12 0
64.68 34 SVINFO 0 25 12 7 37 -9 0
64.69 34 NAVIGATION 0 1 0 0 42 0. 140.5
64.69 34 ATTITUDE 1 0 -40
64.69 34 CALIBRATION 0. 0.023 0.074 0
64.75 34 CALIB_CONTRAST 1236
64.75 34 SERVO 9600 -9600 168
64.75 34 GPS 0 49759443 356543888 0 74137 0 0 424656251 12 0
64.75 34 DESIRED -0. -0.01 0. 0. 778. 0.
64.75 34 IR_DEBUG 683 673 683 673
64.75 34 NAVIGATION 0 1 0 0 42 0. 140.5
64.79 34 WP_MOVED 4 497605. 3565508. 810.
64.90 34 ESTIMATOR 0. 0. 0. 0. 0.
64.90 34 GPS 0 49759443 356543888 0 74137 0 0 424656499 12 0
64.98 34 DOWNLINK_STATUS 62 24522 1587 0 429. 28.
65.14 34 COMMANDS 170,-24,-63,-2943
65.14 34 NAVIGATION 0 1 0 0 42 0. 140.5
65.14 34 ATTITUDE 0 0 -40
65.14 34 DL_VALUE 10 0.
65.22 34 FBW_STATUS 0 0 122
65.22 34 RAD_OF_IR 7 0 0.00154
65.22 34 IR_SENSORS -949 7 1
65.22 34 GPS 0 49759443 356543888 0 74137 0 0 424656751 12 0
65.22 34 NAVIGATION 0 1 0 0 42 0. 140.5
65.30 34 WP_MOVED 5 497625. 3565488. 810.
65.30 34 GYRO_RATES -288 -270 -259 2.513274 -2.356194 -2.260201
65.32 34 ESTIMATOR 0. 0. 0. 0. 0.
65.64 34 GPS 0 49759443 356543888 0 74137 0 0 424656999 12 0
65.64 34 NAVIGATION 0 1 0 0 42 0. 140.5
65.64 34 ATTITUDE 0 0 -39
65.70 34 CALIB_CONTRAST 1236
65.70 34 DESIRED -0. -0.01 0. 0. 778. 0.
65.71 34 NAVIGATION 0 1 0 0 42 0. 140.5
65.73 34 GPS 0 49759443 356543888 0 74137 0 0 424657251 12 0
65.73 34 SVINFO 5 23 12 3 30 -9 0
65.73 34 WP_MOVED 6 497565. 3565513. 810.
65.79 34 ESTIMATOR 0. 0. 0. 0. 0.
65.98 34 DOWNLINK_STATUS 63 24866 1609 0 344. 22.
66.20 34 COMMANDS 170,-21,-58,-2939
66.20 34 NAVIGATION 0 1 0 0 42 0. 140.5
66.20 34 ATTITUDE 0 0 -39
66.20 34 DL_VALUE 11 1.
66.20 34 GPS 0 49759443 356543888 0 74137 0 0 424657499 12 0
66.20 34 SVINFO 6 30 4 3 28 -9 0
66.20 34 FBW_STATUS 0 0 122
66.20 34 RAD_OF_IR 7 0 0.00154
66.24 34 IR_SENSORS -949 7 1
66.24 34 NAVIGATION 0 1 0 0 42 0. 140.5
66.24 34 GPS 0 49759443 356543888 0 74137 0 0 424657751 12 0
66.24 34 WP_MOVED 7 497540. 3565503. 810.
66.24 34 GYRO_RATES -287 -269 -258 2.504547 -2.347468 -2.251475
66.30 34 ESTIMATOR 0. 0. 0. 0. 0.
66.30 34 BAT 169 122 0 0 136 1 2
66.42 34 NAVIGATION 0 1 0 0 42 0. 140.5
66.42 34 ATTITUDE 0 0 -39
66.42 34 CALIBRATION 0. 0.023 0.074 0
66.42 34 GPS 0 49759443 356543888 0 74137 0 0 424657999 12 0
66.61 34 CALIB_CONTRAST 1236
66.62 34 SERVO 9600 -9600 169
66.72 34 DESIRED -0. -0.01 0. 0. 778. 0.
66.72 34 IR_DEBUG 684 673 684 673
66.72 34 NAVIGATION 0 1 0 0 42 0. 140.5
66.72 34 WP_MOVED 8 497625. 3565493. 810.
66.74 34 GPS 0 49759443 356543888 0 74137 0 0 424658251 12 0
66.75 34 ESTIMATOR 0. 0. 0. 0. 0.
66.90 34 COMMANDS 172,-24,-59,-2943
66.90 34 NAVIGATION 0 1 0 0 42 0. 140.5
66.90 34 ATTITUDE 0 0 -39
66.90 34 DL_VALUE 12 0.
66.94 34 FBW_STATUS 0 0 122
66.94 34 GPS 0 49759443 356543888 0 74137 0 0 424658499 12 0
66.94 34 RAD_OF_IR 7 0 0.00154
66.98 34 DOWNLINK_STATUS 64 25370 1643 0 504. 34.
67.12 34 IR_SENSORS -949 7 1
67.15 34 NAVIGATION 0 1 0 0 42 0. 140.5
67.15 34 WP_MOVED 9 497575. 3565498. 0.
67.15 34 GYRO_RATES -288 -269 -259 2.513274 -2.347468 -2.260201
67.23 34 GPS 0 49759443 356543888 0 74137 0 0 424658751 12 0
67.23 34 SVINFO 11 31 12 3 28 -9 0
67.23 34 ESTIMATOR 0. 0. 0. 0. 0.
67.29 34 NAVIGATION 0 1 0 0 42 0. 140.5
67.29 34 ATTITUDE 0 0 -39
67.44 34 CALIB_CONTRAST 1236
67.44 34 GPS 0 49759443 356543888 0 74137 0 0 424658999 12 0
67.44 34 SVINFO 12 3 12 3 29 -9 0
67.64 34 DESIRED -0. -0.01 0. 0. 778. 0.
67.64 34 NAVIGATION 0 1 0 0 42 0. 140.5
67.64 34 WP_MOVED 0 497617. 3565540. 810.
67.72 34 ESTIMATOR 0. 0. 0. 0. 0.
67.73 34 GPS 0 49759443 356543888 0 74137 0 0 424659251 12 0
67.80 34 COMMANDS 167,-21,-63,-2938
67.80 34 NAVIGATION 0 1 0 0 42 0. 140.5
67.80 34 ATTITUDE 0 0 -40
67.80 34 DL_VALUE 13 481.
67.81 34 FBW_STATUS 0 0 122
67.89 34 RAD_OF_IR 7 0 0.00154
67.98 34 DOWNLINK_STATUS 65 25724 1666 0 354. 23.
68.13 34 GPS 0 49759443 356543888 0 74137 0 0 424659499 12 0
68.13 34 ACTUATORS 1496,1501,0,1214,1347
68.13 34 IR_SENSORS -949 7 1
68.36 34 NAVIGATION 0 1 0 0 42 0. 140.5
68.36 34 WP_MOVED 1 497586.6875 3565500. 810.
68.36 34 GYRO_RATES -288 -269 -259 2.513274 -2.347468 -2.260201
68.36 34 ESTIMATOR 0. 0. 0. 0. 0.
68.36 34 BAT 169 122 0 0 138 1 2
68.36 34 GPS 0 49759443 356543888 0 74137 0 0 424659751 12 0
68.67 34 NAVIGATION 0 1 0 0 42 0. 140.5
68.67 34 ATTITUDE 0 0 -39
68.67 34 CALIBRATION 0. 0.023 0.074 0
68.67 34 CALIB_CONTRAST 1236
68.67 34 SERVO 9600 -9600 169
68.67 34 GPS 0 49759443 356543888 0 74137 0 0 424659999 12 0
68.67 34 SVINFO 0 25 12 7 37 -9 0
68.72 34 IR_DEBUG 684 673 684 673
68.72 34 NAVIGATION 0 1 0 0 42 0. 140.5
68.72 34 WP_MOVED 2 497622.6875 3565498.5 810.
68.72 34 PPRZ_MODE 0 0 3 0 0 17 0
68.72 34 ESTIMATOR 0. 0. 0. 0. 0.
68.83 34 GPS 0 49759443 356543888 0 74137 0 0 424660251 12 0
68.83 34 SVINFO 1 4 12 3 31 -9 0
68.83 34 COMMANDS 169,-23,-61,-2943
68.83 34 NAVIGATION 0 1 0 0 42 0. 140.5
68.83 34 ATTITUDE 0 0 -40
68.83 34 DL_VALUE 14 462.
68.83 34 FBW_STATUS 0 0 123
68.83 34 RAD_OF_IR 7 0 0.00154
68.98 34 DOWNLINK_STATUS 66 26148 1695 0 424. 29.
69.16 34 IR_SENSORS -952 7 1
69.16 34 GPS 0 49759443 356543888 0 74137 0 0 424660499 12 0
69.16 34 SVINFO 2 8 4 3 32 -9 0
69.18 34 NAVIGATION 0 1 0 0 42 0. 140.5
69.18 34 WP_MOVED 3 497546.40625 3565495.5 810.
69.18 34 GYRO_RATES -288 -268 -259 2.513274 -2.338741 -2.260201
69.23 34 ESTIMATOR 0. 0. 0. 0. 0.
69.23 34 NAVIGATION 0 1 0 0 42 0. 140.5
69.23 34 GPS 0 49759443 356543888 0 74137 0 0 424660751 12 0
69.23 34 SVINFO 3 17 4 3 25 -9 0
69.23 34 ATTITUDE 0 0 -40
69.28 34 CALIB_CONTRAST 1236
69.65 34 DESIRED -0. -0.01 0. 0. 778. 0.
69.65 34 NAVIGATION 0 1 0 0 42 0. 140.5
69.65 34 GPS 0 49759443 356543888 0 74137 0 0 424660999 12 0
69.65 34 SVINFO 4 27 4 3 22 -9 0
69.65 34 WP_MOVED 4 497605. 3565508. 810.
69.74 34 ESTIMATOR 0. 0. 0. 0. 0.
69.74 34 COMMANDS 169,-21,-63,-2943
69.74 34 NAVIGATION 0 1 0 0 42 0. 140.5
69.74 34 ATTITUDE 0 0 -40
69.74 34 DL_VALUE 15 452.
69.74 34 GPS 0 49759443 356543888 0 74137 0 0 424661251 12 0
69.74 34 SVINFO 5 23 12 3 42 -9 0
69.74 34 FBW_STATUS 0 0 123
69.74 34 RAD_OF_IR 7 0 0.00154
69.80 34 IR_SENSORS -952 7 1
69.98 34 DOWNLINK_STATUS 67 26557 1722 0 409. 27.
70.26 34 NAVIGATION 0 1 0 0 42 0. 140.5
70.26 34 GPS 0 49759443 356543888 0 74137 0 0 424661499 12 0
70.26 34 WP_MOVED 5 497625. 3565488. 810.
70.26 34 GYRO_RATES -289 -269 -259 2.522001 -2.347468 -2.260201
70.26 34 ESTIMATOR 0. 0. 0. 0. 0.
70.26 34 BAT 169 123 0 0 140 1 2
70.32 34 NAVIGATION 0 1 0 0 42 0. 140.5
70.32 34 ATTITUDE 0 0 -40
70.32 34 CALIBRATION 0. 0.023 0.074 0
70.32 34 GPS 0 49759443 356543888 0 74137 0 0 424661751 12 0
70.32 34 CALIB_CONTRAST 1236
70.32 34 SERVO 9600 -9600 170
70.34 34 DESIRED -0. -0.01 0. 0. 778. 0.
70.35 34 IR_DEBUG 686 675 686 675
70.35 34 NAVIGATION 0 1 0 0 42 0. 140.5
70.42 34 WP_MOVED 6 497565. 3565513. 810.
70.42 34 GPS 0 49759443 356543888 0 74137 0 0 424661999 12 0
70.49 34 ESTIMATOR 0. 0. 0. 0. 0.
70.73 34 COMMANDS 169,-28,-67,-2941
70.73 34 NAVIGATION 0 1 0 0 42 0. 140.5
70.73 34 ATTITUDE 0 0 -40
70.73 34 DL_VALUE 16 17400.
70.80 34 FBW_STATUS 0 0 123
70.80 34 GPS 0 49759443 356543888 0 74137 0 0 424662251 12 0
70.80 34 RAD_OF_IR 7 0 0.00154
70.81 34 IR_SENSORS -952 7 1
70.81 34 NAVIGATION 0 1 0 0 42 0. 140.5
70.93 34 WP_MOVED 7 497540. 3565503. 810.
70.93 34 GYRO_RATES -288 -269 -259 2.513274 -2.347468 -2.260201
70.93 34 GPS 0 49759443 356543888 0 74137 0 0 424662499 12 0
70.98 34 DOWNLINK_STATUS 68 27045 1752 0 488. 30.
70.99 34 ESTIMATOR 0. 0. 0. 0. 0.
71.03 34 NAVIGATION 0 1 0 0 42 0. 140.5
71.03 34 ATTITUDE 0 0 -40
71.21 34 CALIB_CONTRAST 1236
71.31 34 GPS 0 49759443 356543888 0 74137 0 0 424662751 12 0
71.31 34 DESIRED -0. -0.01 0. 0. 778. 0.
71.32 34 NAVIGATION 0 1 0 0 42 0. 140.5
71.32 34 WP_MOVED 8 497625. 3565493. 810.
71.43 34 GPS 0 49759443 356543888 0 74137 0 0 424662999 12 0
71.43 34 ESTIMATOR 0. 0. 0. 0. 0.
71.54 34 COMMANDS 169,-24,-64,-2941
71.54 34 NAVIGATION 0 1 0 0 42 0. 140.5
71.54 34 ATTITUDE 0 0 -40
71.54 34 DL_VALUE 17 16500.
71.71 34 FBW_STATUS 0 0 123
71.71 34 RAD_OF_IR 7 0 0.00154
71.74 34 GPS 0 49759443 356543888 0 74137 0 0 424663251 12 0
71.75 34 IR_SENSORS -952 7 1
71.75 34 NAVIGATION 0 1 0 0 42 0. 140.5
71.81 34 WP_MOVED 9 497575. 3565498. 0.
71.81 34 GYRO_RATES -289 -269 -259 2.522001 -2.347468 -2.260201
71.98 34 DOWNLINK_STATUS 69 27379 1773 0 334. 21.
72.01 34 ESTIMATOR 0. 0. 0. 0. 0.
72.01 34 BAT 169 123 0 0 142 1 2
72.01 34 GPS 0 49759443 356543888 0 74137 0 0 424663499 12 0
72.02 34 NAVIGATION 0 1 0 0 42 0. 140.5
72.02 34 ATTITUDE 0 0 -40
72.02 34 CALIBRATION 0. 0.023 0.074 0
72.21 34 CALIB_CONTRAST 1236
72.21 34 SERVO 9600 -9600 169
72.32 34 GPS 0 49759443 356543888 0 74137 0 0 424663751 12 0
72.32 34 DESIRED -0. -0.01 0. 0. 778. 0.
72.32 34 IR_DEBUG 686 675 686 675
72.32 34 NAVIGATION 0 1 0 0 42 0. 140.5
72.32 34 WP_MOVED 0 497617. 3565540. 810.
72.53 34 ESTIMATOR 0. 0. 0. 0. 0.
72.53 34 GPS 0 49759443 356543888 0 74137 0 0 424663999 12 0
72.54 34 SVINFO 0 25 12 7 39 -9 0
72.54 34 COMMANDS 172,-24,-59,-2943
72.54 34 NAVIGATION 0 1 0 0 42 0. 140.5
72.54 34 ATTITUDE 0 0 -40
72.54 34 DL_VALUE 18 9300.
72.54 34 FBW_STATUS 0 0 123
72.72 34 RAD_OF_IR 7 0 0.00154
72.72 34 NAVIGATION_REF 497575 3565498 12
72.84 34 ACTUATORS 1496,1501,0,1214,1347
72.84 34 IR_SENSORS -953 7 1
72.84 34 GPS 0 49759443 356543888 0 74137 0 0 424664251 12 0
72.84 34 NAVIGATION 0 1 0 0 42 0. 140.5
72.84 34 WP_MOVED 1 497586.6875 3565500. 810.
72.84 34 GYRO_RATES -288 -269 -259 2.513274 -2.347468 -2.260201
72.84 34 ESTIMATOR 0. 0. 0. 0. 0.
72.98 34 DOWNLINK_STATUS 70 27843 1803 0 464. 30.
73.01 34 GPS 0 49759443 356543888 0 74137 0 0 424664499 12 0
73.01 34 NAVIGATION 0 1 0 0 42 0. 140.5
73.01 34 ATTITUDE 0 0 -40
73.01 34 CALIB_CONTRAST 1236
73.22 34 DESIRED -0. -0.01 0. 0. 778. 0.
73.32 34 NAVIGATION 0 1 0 0 42 0. 140.5
73.32 34 GPS 0 49759443 356543888 0 74137 0 0 424664751 12 0
73.32 34 WP_MOVED 2 497622.6875 3565498.5 810.
73.32 34 PPRZ_MODE 0 0 3 0 0 17 0
73.32 34 ESTIMATOR 0. 0. 0. 0. 0.
73.52 34 COMMANDS 170,-24,-59,-2941
73.52 34 NAVIGATION 0 1 0 0 42 0. 140.5
73.52 34 ATTITUDE 0 0 -40
73.52 34 DL_VALUE 19 3200.
73.52 34 GPS 0 49759443 356543888 0 74137 0 0 424664999 12 0
73.52 34 FBW_STATUS 0 0 123
73.52 34 RAD_OF_IR 8 0 0.00154
73.72 34 IR_SENSORS -952 7 1
73.72 34 NAVIGATION 0 1 0 0 42 0. 140.5
73.82 34 GPS 0 49759443 356543888 0 74137 0 0 424665251 12 0
73.82 34 SVINFO 5 23 12 6 43 -9 0
73.82 34 WP_MOVED 3 497546.40625 3565495.5 810.
73.82 34 GYRO_RATES -288 -269 -259 2.513274 -2.347468 -2.260201
73.83 34 ESTIMATOR 0. 0. 0. 0. 0.
73.83 34 BAT 169 123 0 0 144 1 2
73.92 34 NAVIGATION 0 1 0 0 42 0. 140.5
73.92 34 ATTITUDE 0 0 -40
73.92 34 CALIBRATION 0. 0.023 0.074 0
73.92 34 GPS 0 49759443 356543888 0 74137 0 0 424665499 12 0
73.98 34 DOWNLINK_STATUS 71 28305 1832 0 462. 29.
73.99 34 CALIB_CONTRAST 1236
73.99 34 SERVO 9600 -9600 169
74.23 34 DESIRED -0. -0.01 0. 0. 778. 0.
74.23 34 IR_DEBUG 686 676 686 676
74.23 34 NAVIGATION 0 1 0 0 42 0. 140.5
74.31 34 WP_MOVED 4 497605. 3565508. 810.
74.31 34 GPS 0 49759443 356543888 0 74137 0 0 424665751 12 0
74.31 34 ESTIMATOR 0. 0. 0. 0. 0.
74.40 34 COMMANDS 169,-23,-61,-2941
74.40 34 NAVIGATION 0 1 0 0 42 0. 140.5
74.41 34 ATTITUDE 0 0 -40
74.41 34 DL_VALUE 20 22500.
74.44 34 FBW_STATUS 0 0 123
74.44 34 GPS 0 49759443 356543888 0 74137 0 0 424665999 12 0
74.44 34 RAD_OF_IR 7 0 0.00154
74.49 34 IR_SENSORS -952 7 1
74.71 34 NAVIGATION 0 1 0 0 42 0. 140.5
74.83 34 WP_MOVED 5 497625. 3565488. 810.
74.83 34 GYRO_RATES -288 -269 -259 2.513274 -2.347468 -2.260201
74.83 34 GPS 0 49759443 356543888 0 74137 0 0 424666251 12 0
74.83 34 SVINFO 9 32 12 6 43 -9 0
74.83 34 ESTIMATOR 0. 0. 0. 0. 0.
74.83 34 NAVIGATION 0 1 0 0 42 0. 140.5
74.83 34 ATTITUDE 0 0 -40
74.92 34 CALIB_CONTRAST 1236
74.92 34 GPS 0 49759443 356543888 0 74137 0 0 424666499 12 0
74.98 34 DOWNLINK_STATUS 72 28698 1858 0 393. 26.
75.02 34 DESIRED -0. -0.01 0. 0. 778. 0.
75.02 34 NAVIGATION 0 1 0 0 42 0. 140.5
75.22 34 WP_MOVED 6 497565. 3565513. 810.
75.33 34 GPS 0 49759443 356543888 0 74137 0 0 424666751 12 0
75.33 34 ESTIMATOR 0. 0. 0. 0. 0.
75.33 34 COMMANDS 169,-21,-61,-2941
75.33 34 NAVIGATION 0 1 0 0 42 0. 140.5
75.33 34 ATTITUDE 0 0 -40
75.33 34 DL_VALUE 21 18400.
75.33 34 FBW_STATUS 0 0 123
75.39 34 RAD_OF_IR 7 0 0.00154
75.41 34 GPS 0 49759443 356543888 0 74137 0 0 424666999 12 0
75.43 34 IR_SENSORS -952 7 1
75.49 34 NAVIGATION 0 1 0 0 42 0. 140.5
75.74 34 WP_MOVED 7 497540. 3565503. 810.
75.74 34 GYRO_RATES -288 -268 -259 2.513274 -2.338741 -2.260201
75.84 34 ESTIMATOR 0. 0. 0. 0. 0.
75.84 34 BAT 170 123 0 0 145 0 2
75.84 34 GPS 0 49759443 356543888 0 74137 0 0 424667251 12 0
75.84 34 NAVIGATION 0 1 0 0 42 0. 140.5
75.84 34 ATTITUDE 0 0 -40
75.84 34 CALIBRATION 0. 0.023 0.074 0
75.84 34 CALIB_CONTRAST 1236
75.84 34 SERVO 9600 -9600 170
75.99 34 DOWNLINK_STATUS 73 29069 1882 0 371. 24.
76.04 34 GPS 0 49759443 356543888 0 74137 0 0 424667499 12 0
76.04 34 DESIRED -0. -0.01 0. 0. 778. 0.
76.04 34 IR_DEBUG 686 675 686 675
76.04 34 NAVIGATION 0 1 0 0 42 0. 140.5
76.04 34 WP_MOVED 8 497625. 3565493. 810.
76.22 34 ESTIMATOR 0. 0. 0. 0. 0.
76.33 34 GPS 0 49759443 356543888 0 74137 0 0 424667751 12 0
76.33 34 ATTITUDE 0 0 -40
76.33 34 DL_VALUE 22 18700.
76.53 34 IR_SENSORS -953 7 1
76.53 34 GPS 0 49759443 356543888 0 74137 0 0 424667999 12 0
76.53 34 SVINFO 0 25 12 7 41 -9 0
76.53 34 NAVIGATION 0 1 0 0 42 0. 140.5
76.53 34 WP_MOVED 9 497575. 3565498. 0.
76.53 34 GYRO_RATES -288 -269 -259 2.513274 -2.347468 -2.260201
76.72 34 ESTIMATOR 0. 0. 0. 0. 0.
76.75 34 NAVIGATION 0 1 0 0 42 0. 140.5
76.75 34 ATTITUDE 0 0 -40
76.75 34 GPS 0 49759443 356543888 0 74137 0 0 424668251 12 0
76.79 34 CALIB_CONTRAST 1236
76.93 34 DESIRED -0. -0.01 0. 0. 778. 0.
76.94 34 NAVIGATION 0 1 0 0 42 0. 140.5
76.94 34 GPS 0 49759443 356543888 0 74137 0 0 424668499 12 0
76.99 34 DOWNLINK_STATUS 74 29477 1905 0 408. 23.
76.99 34 WP_MOVED 0 497617. 3565540. 810.
77.22 34 ESTIMATOR 0. 0. 0. 0. 0.
77.33 34 COMMANDS 170,-23,-61,-2943
77.33 34 NAVIGATION 0 1 0 0 42 0. 140.5
77.33 34 ATTITUDE 0 0 -40
77.33 34 DL_VALUE 23 0.
77.33 34 GPS 0 49759443 356543888 0 74137 0 0 424668751 12 0
77.33 34 FBW_STATUS 0 0 123
77.33 34 RAD_OF_IR 7 0 0.00154
77.33 34 ACTUATORS 1496,1502,0,1214,1347
77.33 34 IR_SENSORS -953 7 1
77.77 34 NAVIGATION 0 1 0 0 42 0. 140.5
77.77 34 GPS 0 49759443 356543888 0 74137 0 0 424668999 12 0
77.77 34 WP_MOVED 1 497586.6875 3565500. 810.
77.77 34 GYRO_RATES -289 -269 -259 2.522001 -2.347468 -2.260201
77.77 34 ESTIMATOR 0. 0. 0. 0. 0.
77.77 34 BAT 170 123 0 0 147 0 2
77.84 34 NAVIGATION 0 1 0 0 42 0. 140.5
77.84 34 ATTITUDE 0 0 -40
77.84 34 CALIBRATION 0. 0.023 0.074 0
77.84 34 GPS 0 49759443 356543888 0 74137 0 0 424669251 12 0
77.84 34 SVINFO 5 23 12 7 44 -9 0
77.84 34 CALIB_CONTRAST 1236
77.84 34 SERVO 9600 -9600 171
77.85 34 DESIRED -0. -0.01 0. 0. 778. 0.
77.85 34 IR_DEBUG 686 675 686 675
77.85 34 NAVIGATION 0 1 0 0 42 0. 140.5
77.93 34 WP_MOVED 2 497622.6875 3565498.5 810.
77.93 34 PPRZ_MODE 0 0 3 0 0 17 0
77.93 34 GPS 0 49759443 356543888 0 74137 0 0 424669499 12 0
77.99 34 DOWNLINK_STATUS 75 29932 1935 0 455. 30.
77.99 34 ESTIMATOR 0. 0. 0. 0. 0.
78.23 34 COMMANDS 169,-21,-61,-2941
78.23 34 NAVIGATION 0 1 0 0 42 0. 140.5
78.23 34 ATTITUDE 0 0 -40
78.23 34 DL_VALUE 24 11850.
78.31 34 FBW_STATUS 0 0 123
78.32 34 GPS 0 49759443 356543888 0 74137 0 0 424669751 12 0
78.32 34 RAD_OF_IR 7 0 0.00154
78.32 34 IR_SENSORS -954 7 1
78.32 34 NAVIGATION 0 1 0 0 42 0. 140.5
78.43 34 WP_MOVED 3 497546.40625 3565495.5 810.
78.43 34 GYRO_RATES -289 -269 -259 2.522001 -2.347468 -2.260201
78.43 34 GPS 0 49759443 356543888 0 74137 0 0 424669999 12 0
78.49 34 ESTIMATOR 0. 0. 0. 0. 0.
78.53 34 NAVIGATION 0 1 0 0 42 0. 140.5
78.53 34 ATTITUDE 0 0 -40
78.71 34 CALIB_CONTRAST 1236
78.82 34 GPS 0 49759443 356543888 0 74137 0 0 424670251 12 0
78.82 34 SVINFO 9 32 12 6 41 -9 0
78.82 34 DESIRED -0. -0.01 0. 0. 778. 0.
78.84 34 NAVIGATION 0 1 0 0 42 0. 140.5
78.84 34 WP_MOVED 4 497605. 3565508. 810.
78.99 34 DOWNLINK_STATUS 76 30276 1957 0 344. 22.
79.00 34 GPS 0 49759443 356543888 0 74137 0 0 424670499 12 0
79.01 34 ESTIMATOR 0. 0. 0. 0. 0.
79.03 34 COMMANDS 170,-23,-61,-2943
79.03 34 NAVIGATION 0 1 0 0 42 0. 140.5
79.03 34 ATTITUDE 0 0 -40
79.03 34 DL_VALUE 25 12000.
79.21 34 FBW_STATUS 0 0 123
79.21 34 RAD_OF_IR 7 0 0.00154
79.25 34 GPS 0 49759443 356543888 0 74137 0 0 424670751 12 0
79.25 34 IR_SENSORS -953 7 1
79.25 34 NAVIGATION 0 1 0 0 42 0. 140.5
79.31 34 WP_MOVED 5 497625. 3565488. 810.
79.31 34 GYRO_RATES -288 -269 -259 2.513274 -2.347468 -2.260201
79.51 34 ESTIMATOR 0. 0. 0. 0. 0.
79.51 34 BAT 170 123 0 0 149 0 2
79.51 34 GPS 0 49759443 356543888 0 74137 0 0 424670999 12 0
79.52 34 NAVIGATION 0 1 0 0 42 0. 140.5
79.52 34 ATTITUDE 0 0 -40
79.52 34 CALIBRATION 0. 0.023 0.074 0
