22.47 8 ENOSE_STATUS 0 0 0 0. 0. 0. 237
22.50 8 GPS 0 0 0 0 0 0 0 0 0 0
22.56 8 ENOSE_STATUS 65535 24394 65535 -0.811617 -0.964353 -0.966091 237
22.56 8 FBW_STATUS 2 1 121
22.59 8 ESTIMATOR 0. 0. 0. 0. 0.
22.67 8 NAVIGATION 0 1 0 0 286 0. 140.5
22.68 8 WP_MOVED 0 497617. 3565540. 770.
22.70 8 SERVO 9600 -9600 0
22.73 8 ENOSE_STATUS 65535 24394 65535 -0.811617 -0.964353 -0.966091 237
22.79 8 GPS 0 0 0 0 0 0 0 1748 0 0
22.79 8 DOWNLINK_STATUS 21 198 12 0 198. 12.
22.82 8 DESIRED 0. 0. 0. 0. 761. 0.
22.84 8 IR_DEBUG 679 669 679 669
22.87 8 NAVIGATION 0 1 0 0 286 0. 140.5
22.90 8 ATTITUDE 1 0 -42
22.94 8 ENOSE_STATUS 65535 24394 65535 -0.811617 -0.964353 -0.966091 237
22.98 8 ESTIMATOR 0. 0. 0. 0. 0.
23.05 8 GPS 0 0 0 0 0 0 0 2000 0 0
23.06 8 DL_VALUE 2 0.
23.10 8 NAVIGATION 0 1 0 0 286 0. 140.5
23.14 8 WP_MOVED 1 497586.6875 3565500. 770.
23.17 8 RAD_OF_IR 6 0 0.00211
23.20 8 ENOSE_STATUS 65535 24394 65535 -0.811617 -0.964353 -0.966091 237
23.23 8 IR_SENSORS -941 6 1
23.30 8 GPS 0 0 0 0 0 0 0 2248 0 0
23.31 8 COMMANDS 0,-9600,9600,-9600
23.35 8 NAVIGATION 0 1 0 0 286 0. 140.5
23.37 8 ATTITUDE 1 0 -41
23.40 8 GYRO_RATES -176 -110 -179 1.53589 -0.959931 1.56207
23.44 8 ENOSE_STATUS 65535 24360 65535 -0.811617 -0.964303 -0.966091 237
23.45 8 FBW_STATUS 2 1 121
23.48 8 ESTIMATOR 0. 0. 0. 0. 0.
23.54 8 GPS 0 0 0 0 0 0 0 2500 0 0
23.56 8 NAVIGATION 0 1 0 0 286 0. 140.5
23.62 8 WP_MOVED 2 497622.6875 3565498.5 770.
23.66 8 ENOSE_STATUS 65535 24360 65535 -0.811617 -0.964303 -0.966091 237
23.73 8 DESIRED 0. 0. 0. 0. 761. 0.
23.79 8 GPS 0 0 0 0 0 0 0 2748 0 0
23.79 8 DOWNLINK_STATUS 22 675 39 0 477. 27.
23.81 8 NAVIGATION 0 1 0 0 286 0. 140.5
23.83 8 ATTITUDE 1 0 -41
23.86 8 ENOSE_STATUS 65535 24360 65535 -0.811617 -0.964303 -0.966091 237
23.92 8 ESTIMATOR 0. 0. 0. 0. 0.
23.97 8 DL_VALUE 3 0.
24.04 8 GPS 0 0 0 0 0 0 0 3000 0 0
24.07 8 NAVIGATION 0 1 0 0 286 0. 140.5
24.09 8 WP_MOVED 3 497546.40625 3565495.5 770.
24.12 8 RAD_OF_IR 7 0 0.00211
24.14 8 ENOSE_STATUS 65535 3420 65535 -0.811617 -0.745741 -0.966091 237
24.16 8 IR_SENSORS -941 6 1
24.25 8 COMMANDS 0,-9600,9600,-9600
24.28 8 NAVIGATION 0 1 0 0 286 0. 140.5
24.33 8 GPS 0 0 0 0 0 0 0 3248 0 0
24.35 8 ATTITUDE 1 0 -41
24.38 8 GYRO_RATES -176 -110 -179 1.53589 -0.959931 1.56207
24.41 8 ENOSE_STATUS 65535 3420 65535 -0.811617 -0.745741 -0.966091 237
24.43 8 FBW_STATUS 2 1 121
24.46 8 ESTIMATOR 0. 0. 0. 0. 0.
24.50 8 BAT 0 121 0 0 4 1 0
24.51 8 CALIBRATION 0. 0.02 0.5 0
24.53 8 NAVIGATION 0 1 0 0 286 0. 140.5
24.57 8 GPS 0 0 0 0 0 0 0 3500 0 0
24.60 8 WP_MOVED 4 497575. 3565498. 0.
24.61 8 SERVO 9600 -9600 0
24.65 8 ENOSE_STATUS 65535 3420 65535 -0.811617 -0.745741 -0.966091 237
24.68 8 DESIRED 0. 0. 0. 0. 761. 0.
24.70 8 IR_DEBUG 678 669 678 669
24.73 8 NAVIGATION 0 1 0 0 286 0. 140.5
24.75 8 ATTITUDE 1 0 -41
24.80 8 DOWNLINK_STATUS 23 1162 69 0 487. 30.
24.80 8 GPS 0 0 0 0 0 0 0 3748 0 0
24.83 8 ENOSE_STATUS 65535 1173 65535 -0.811617 -0.258683 -0.966091 237
24.85 8 ESTIMATOR 0. 0. 0. 0. 0.
24.92 8 DL_VALUE 4 2.
24.97 8 NAVIGATION 0 1 0 0 286 0. 140.5
25.04 8 GPS 0 0 0 0 0 0 0 4000 0 0
25.07 8 WP_MOVED 0 497617. 3565540. 770.
25.09 8 RAD_OF_IR 6 0 0.00211
25.12 8 ENOSE_STATUS 65535 1173 65535 -0.811617 -0.258683 -0.966091 237
25.14 8 IR_SENSORS -942 7 1
25.19 8 COMMANDS 0,-9600,9600,-9600
25.23 8 NAVIGATION 0 1 0 0 286 0. 140.5
25.24 8 ATTITUDE 1 0 -41
25.27 8 GYRO_RATES -176 -110 -179 1.53589 -0.959931 1.56207
25.30 8 ENOSE_STATUS 65535 1173 65535 -0.811617 -0.258683 -0.966091 237
25.35 8 GPS 0 0 0 0 0 0 0 4248 0 0
25.36 8 FBW_STATUS 2 1 121
25.40 8 ESTIMATOR 0. 0. 0. 0. 0.
25.41 8 ACTUATORS 1500,1000,0,1200,1000
25.45 8 NAVIGATION 0 1 0 0 286 0. 140.5
25.49 8 WP_MOVED 1 497586.6875 3565500. 770.
25.53 8 ENOSE_STATUS 65535 537 65535 -0.811617 0.619302 -0.966091 237
25.57 8 GPS 0 0 0 0 0 0 0 4500 0 0
25.61 8 DESIRED 0. 0. 0. 0. 761. 0.
25.68 8 NAVIGATION 0 1 0 0 286 0. 140.5
25.69 8 ATTITUDE 1 0 -41
25.72 8 PPRZ_MODE 2 0 3 0 0 6 0
25.74 8 ENOSE_STATUS 65535 537 65535 -0.811617 0.619302 -0.966091 237
25.78 8 GPS 0 0 0 0 0 0 0 4748 0 0
25.79 8 DOWNLINK_STATUS 24 1673 98 0 511. 29.
25.81 8 ESTIMATOR 0. 0. 0. 0. 0.
25.84 8 DL_VALUE 5 0.
25.90 8 NAVIGATION 0 1 0 0 286 0. 140.5
25.97 8 WP_MOVED 2 497622.6875 3565498.5 770.
25.98 8 RAD_OF_IR 6 0 0.00211
26.01 8 ENOSE_STATUS 65535 537 65535 -0.811617 0.619302 -0.966091 237
26.08 8 GPS 0 0 0 0 0 0 0 5000 0 0
26.08 8 IR_SENSORS -942 7 1
26.12 8 COMMANDS 0,-9600,9600,-9600
26.16 8 NAVIGATION 0 1 0 0 286 0. 140.5
26.18 8 ATTITUDE 1 0 -41
26.21 8 GYRO_RATES -176 -111 -179 1.53589 -0.968658 1.56207
26.24 8 ENOSE_STATUS 65535 537 65535 -0.811617 0.619302 -0.966091 237
26.25 8 FBW_STATUS 2 1 121
26.29 8 ESTIMATOR 0. 0. 0. 0. 0.
26.31 8 BAT 0 121 0 0 6 1 0
26.36 8 GPS 0 0 0 0 0 0 0 5248 0 0
26.38 8 CALIBRATION 0. 0.02 0.5 0
26.41 8 NAVIGATION 0 1 0 0 286 0. 140.5
26.43 8 WP_MOVED 3 497546.40625 3565495.5 770.
26.45 8 SERVO 9600 -9600 0
26.49 8 ENOSE_STATUS 65535 537 65535 -0.811617 0.619302 -0.966091 237
26.55 8 GPS 0 0 0 0 0 0 0 5500 0 0
26.57 8 DESIRED 0. 0. 0. 0. 761. 0.
26.60 8 IR_DEBUG 676 666 676 666
26.61 8 NAVIGATION 0 1 0 0 286 0. 140.5
26.63 8 ATTITUDE 1 0 -41
26.67 8 ENOSE_STATUS 65535 537 65535 -0.811617 0.619302 -0.966091 237
26.73 8 ESTIMATOR 0. 0. 0. 0. 0.
26.78 8 GPS 0 0 0 0 0 0 0 5748 0 0
26.79 8 DOWNLINK_STATUS 25 2183 128 0 510. 30.
26.81 8 DL_VALUE 6 0.
26.84 8 NAVIGATION 0 1 0 0 286 0. 140.5
26.89 8 WP_MOVED 4 497575. 3565498. 0.
26.91 8 RAD_OF_IR 6 0 0.00211
26.95 8 ENOSE_STATUS 65535 350 29004 -0.811617 1.484472 -0.923382 237
26.97 8 IR_SENSORS -942 6 1
27.04 8 GPS 0 0 0 0 0 0 0 6000 0 0
27.06 8 COMMANDS 0,-9600,9600,-9600
27.11 8 NAVIGATION 0 1 0 0 286 0. 140.5
27.12 8 ATTITUDE 0 0 -42
27.15 8 GYRO_RATES -182 -117 -185 1.58825 -1.021018 1.61443
27.17 8 ENOSE_STATUS 65535 350 29004 -0.811617 1.484472 -0.923382 237
27.19 8 FBW_STATUS 2 1 121
27.24 8 ESTIMATOR 0. 0. 0. 0. 0.
27.28 8 GPS 0 0 0 0 0 0 0 6248 0 0
27.31 8 NAVIGATION 0 1 0 0 286 0. 140.5
27.36 8 WP_MOVED 0 497617. 3565540. 770.
27.40 8 ENOSE_STATUS 65535 350 29004 -0.811617 1.484472 -0.923382 237
27.48 8 DESIRED 0. 0. 0. 0. 761. 0.
27.53 8 GPS 0 0 0 0 0 0 0 6500 0 0
27.56 8 NAVIGATION 0 1 0 0 286 0. 140.5
27.58 8 ATTITUDE 1 0 -41
27.61 8 ENOSE_STATUS 65535 122 5006 -0.811617 6.127584 -0.556088 237
27.66 8 ESTIMATOR 0. 0. 0. 0. 0.
27.73 8 DL_VALUE 7 0.
27.78 8 GPS 0 0 0 0 0 0 0 6748 0 0
27.79 8 DOWNLINK_STATUS 26 2631 154 0 448. 26.
27.81 8 NAVIGATION 0 1 0 0 286 0. 140.5
27.83 8 WP_MOVED 1 497586.6875 3565500. 770.
27.85 8 RAD_OF_IR 6 0 0.00211
27.89 8 ENOSE_STATUS 65535 122 5006 -0.811617 6.127584 -0.556088 237
27.91 8 IR_SENSORS -941 6 1
28.01 8 COMMANDS 0,-9600,9600,-9600
28.03 8 NAVIGATION 0 1 0 0 286 0. 140.5
28.08 8 GPS 0 0 0 0 0 0 0 7000 0 0
28.11 8 ATTITUDE 1 0 -41
28.13 8 GYRO_RATES -182 -117 -185 1.58825 -1.021018 1.61443
28.15 8 ENOSE_STATUS 65535 122 5006 -0.811617 6.127584 -0.556088 237
28.17 8 FBW_STATUS 2 1 121
28.21 8 ESTIMATOR 0. 0. 0. 0. 0.
28.23 8 BAT 0 121 0 0 7 0 0
28.26 8 CALIBRATION 0. 0.02 0.5 0
28.29 8 NAVIGATION 0 1 0 0 286 0. 140.5
28.32 8 GPS 0 0 0 0 0 0 0 7248 0 0
28.35 8 WP_MOVED 2 497622.6875 3565498.5 770.
28.37 8 SERVO 9600 -9600 0
28.40 8 ENOSE_STATUS 28137 89 1906 -0.56123 8.770395 0.165909 237
28.43 8 DESIRED 0. 0. 0. 0. 761. 0.
28.45 8 IR_DEBUG 677 668 677 668
28.48 8 NAVIGATION 0 1 0 0 286 0. 140.5
28.52 8 ATTITUDE 1 0 -41
28.55 8 GPS 0 0 0 0 0 0 0 7500 0 0
28.58 8 ENOSE_STATUS 28137 89 1906 -0.56123 8.770395 0.165909 237
28.61 8 ESTIMATOR 0. 0. 0. 0. 0.
28.66 8 DL_VALUE 8 0.
28.72 8 NAVIGATION 0 1 0 0 286 0. 140.5
28.78 8 GPS 0 0 0 0 0 0 0 7748 0 0
28.80 8 DOWNLINK_STATUS 27 3137 184 0 506. 30.
28.81 8 WP_MOVED 3 497546.40625 3565495.5 770.
28.83 8 RAD_OF_IR 6 0 0.00211
28.86 8 ENOSE_STATUS 28137 89 1906 -0.56123 8.770395 0.165909 237
28.88 8 IR_SENSORS -941 6 1
28.93 8 COMMANDS 0,-9600,9600,-9600
28.97 8 NAVIGATION 0 1 0 0 286 0. 140.5
29.02 8 ATTITUDE 1 0 -41
29.02 8 GYRO_RATES -182 -117 -185 1.58825 -1.021018 1.61443
29.05 8 ENOSE_STATUS 8472 70 900 0.457233 11.42236 1.469136 237
29.11 8 GPS 0 0 0 0 0 0 0 8000 0 0
29.14 8 FBW_STATUS 2 1 121
29.15 8 ESTIMATOR 0. 0. 0. 0. 0.
29.20 8 NAVIGATION 0 1 0 0 286 0. 140.5
29.24 8 WP_MOVED 4 497575. 3565498. 0.
29.29 8 ENOSE_STATUS 8472 70 900 0.457233 11.42236 1.469136 237
29.33 8 GPS 0 0 0 0 0 0 0 8248 0 0
29.36 8 DESIRED 0. 0. 0. 0. 761. 0.
29.42 8 NAVIGATION 0 1 0 0 286 0. 140.5
29.43 8 ATTITUDE 1 0 -41
29.49 8 ENOSE_STATUS 8472 70 900 0.457233 11.42236 1.469136 237
29.54 8 GPS 0 0 0 0 0 0 0 8500 0 0
29.59 8 ESTIMATOR 0. 0. 0. 0. 0.
29.60 8 DL_VALUE 9 0.
29.66 8 NAVIGATION 0 1 0 0 286 0. 140.5
29.71 8 WP_MOVED 0 497617. 3565540. 770.
29.73 8 RAD_OF_IR 6 0 0.00211
29.75 8 NAVIGATION_REF 497575 3565498 12
29.79 8 ENOSE_STATUS 3581 62 593 2.447551 13.025245 2.747424 237
29.80 8 DOWNLINK_STATUS 28 3608 212 0 471. 28.
29.83 8 GPS 0 0 0 0 0 0 0 8748 0 0
29.86 8 IR_SENSORS -941 6 1
29.88 8 COMMANDS 0,-9600,9600,-9600
29.91 8 NAVIGATION 0 1 0 0 286 0. 140.5
29.93 8 ATTITUDE 0 0 -41
29.97 8 GYRO_RATES -160 -94 -163 1.396263 -0.820305 1.422443
29.99 8 ENOSE_STATUS 3581 62 593 2.447551 13.025245 2.747424 237
30.03 8 FBW_STATUS 2 1 121
30.04 8 ESTIMATOR 0. 0. 0. 0. 0.
30.06 8 BAT 0 121 0 0 9 0 0
30.11 8 GPS 0 0 0 0 0 0 0 9000 0 0
30.14 8 ACTUATORS 1500,1000,0,1200,1000
30.15 8 CALIBRATION 0. 0.02 0.5 0
30.18 8 NAVIGATION 0 1 0 0 286 0. 140.5
30.21 8 WP_MOVED 1 497586.6875 3565500. 770.
30.23 8 SERVO 9600 -9600 0
30.25 8 ENOSE_STATUS 3581 62 593 2.447551 13.025245 2.747424 237
30.29 8 GPS 0 0 0 0 0 0 0 9248 0 0
30.33 8 DESIRED 0. 0. 0. 0. 761. 0.
30.35 8 IR_DEBUG 677 668 677 668
30.38 8 NAVIGATION 0 1 0 0 286 0. 140.5
30.40 8 ATTITUDE 1 0 -41
30.42 8 PPRZ_MODE 2 0 3 0 0 6 0
30.46 8 ENOSE_STATUS 1801 62 511 5.854902 13.025245 3.348772 237
30.49 8 ESTIMATOR 0. 0. 0. 0. 0.
30.54 8 GPS 0 0 0 0 0 0 0 9500 0 0
30.56 8 DL_VALUE 10 -85.943672
30.61 8 NAVIGATION 0 1 0 0 286 0. 140.5
30.64 8 WP_MOVED 2 497622.6875 3565498.5 770.
30.67 8 RAD_OF_IR 6 0 0.00211
30.70 8 ENOSE_STATUS 1801 62 511 5.854902 13.025245 3.348772 237
30.73 8 IR_SENSORS -941 6 1
30.78 8 GPS 0 0 0 0 0 0 0 9748 0 0
30.80 8 DOWNLINK_STATUS 29 4153 245 0 545. 33.
30.81 8 COMMANDS 0,-9600,9600,-9600
30.86 8 NAVIGATION 0 1 0 0 286 0. 140.5
30.87 8 ATTITUDE 0 0 -41
30.90 8 GYRO_RATES -152 -86 -155 1.32645 -0.750492 1.35263
30.92 8 ENOSE_STATUS 1801 62 511 5.854902 13.025245 3.348772 237
30.94 8 FBW_STATUS 2 1 121
30.97 8 ESTIMATOR 0. 0. 0. 0. 0.
31.06 8 GPS 0 0 0 0 0 0 0 10000 0 0
31.09 8 NAVIGATION 0 1 0 0 286 0. 140.5
31.11 8 WP_MOVED 3 497546.40625 3565495.5 770.
31.16 8 ENOSE_STATUS 1139 70 504 9.839051 11.42236 3.409172 237
31.23 8 DESIRED 0. 0. 0. 0. 761. 0.
31.28 8 GPS 0 0 0 0 0 0 0 10248 0 0
31.31 8 NAVIGATION 0 1 0 0 286 0. 140.5
31.33 8 ATTITUDE 1 0 -42
31.36 8 ENOSE_STATUS 1139 70 504 9.839051 11.42236 3.409172 237
31.41 8 ESTIMATOR 0. 0. 0. 0. 0.
31.47 8 DL_VALUE 11 1.5
31.53 8 GPS 0 0 0 0 0 0 0 10500 0 0
31.58 8 NAVIGATION 0 1 0 0 286 0. 140.5
31.58 8 WP_MOVED 4 497575. 3565498. 0.
31.61 8 RAD_OF_IR 7 0 0.00211
31.65 8 ENOSE_STATUS 1139 70 504 9.839051 11.42236 3.409172 237
31.66 8 IR_SENSORS -942 6 1
31.75 8 COMMANDS 0,-9600,9600,-9600
31.78 8 NAVIGATION 0 1 0 0 286 0. 140.5
31.80 8 DOWNLINK_STATUS 30 4596 271 0 443. 26.
31.84 8 GPS 0 0 0 0 0 0 0 10748 0 0
31.86 8 ATTITUDE 1 0 -42
31.88 8 GYRO_RATES -152 -86 -155 1.32645 -0.750492 1.35263
31.92 8 ENOSE_STATUS 934 21 620 12.218071 40.407867 2.584229 237
31.93 8 FBW_STATUS 2 1 121
31.95 8 ESTIMATOR 0. 0. 0. 0. 0.
31.98 8 BAT 0 121 0 0 11 0 0
32.02 8 CALIBRATION 0. 0.02 0.5 0
32.05 8 NAVIGATION 0 1 0 0 286 0. 140.5
32.07 8 GPS 0 0 0 0 0 0 0 11000 0 0
32.11 8 WP_MOVED 0 497617. 3565540. 770.
32.12 8 SERVO 9600 -9600 0
32.15 8 ENOSE_STATUS 934 21 620 12.218071 40.407867 2.584229 237
32.19 8 DESIRED 0. 0. 0. 0. 761. 0.
32.20 8 IR_DEBUG 677 668 677 668
32.23 8 NAVIGATION 0 1 0 0 286 0. 140.5
32.25 8 ATTITUDE 1 0 -41
32.29 8 GPS 0 0 0 0 0 0 0 11248 0 0
32.34 8 ENOSE_STATUS 934 21 620 12.218071 40.407867 2.584229 237
32.36 8 ESTIMATOR 0. 0. 0. 0. 0.
32.41 8 DL_VALUE 12 1.5
32.46 8 NAVIGATION 0 1 0 0 286 0. 140.5
32.53 8 GPS 0 0 0 0 0 0 0 11500 0 0
32.58 8 WP_MOVED 1 497586.6875 3565500. 770.
32.58 8 RAD_OF_IR 6 0 0.00211
32.61 8 ENOSE_STATUS 934 21 620 12.218071 40.407867 2.584229 237
32.63 8 IR_SENSORS -942 6 1
32.68 8 COMMANDS 0,-9600,9600,-9600
32.72 8 NAVIGATION 0 1 0 0 286 0. 140.5
32.74 8 ATTITUDE 1 0 -42
32.77 8 GYRO_RATES -152 -85 -155 1.32645 -0.741765 1.35263
32.81 8 ENOSE_STATUS 934 21 620 12.218071 40.407867 2.584229 237
32.81 8 DOWNLINK_STATUS 31 5133 303 0 537. 32.
32.85 8 GPS 0 0 0 0 0 0 0 11748 0 0
32.86 8 FBW_STATUS 2 1 121
32.90 8 ESTIMATOR 0. 0. 0. 0. 0.
32.93 8 NAVIGATION 0 1 0 0 286 0. 140.5
32.99 8 WP_MOVED 2 497622.6875 3565498.5 770.
33.04 8 ENOSE_STATUS 934 21 620 12.218071 40.407867 2.584229 237
33.07 8 GPS 0 0 0 0 0 0 0 12000 0 0
33.12 8 DESIRED 0. 0. 0. 0. 761. 0.
33.17 8 NAVIGATION 0 1 0 0 286 0. 140.5
33.20 8 ATTITUDE 1 0 -41
33.24 8 ENOSE_STATUS 1577 36 1050 6.828586 23.154589 1.116402 237
33.28 8 GPS 0 0 0 0 0 0 0 12248 0 0
33.33 8 ESTIMATOR 0. 0. 0. 0. 0.
33.34 8 DL_VALUE 13 1.5
33.42 8 NAVIGATION 0 1 0 0 286 0. 140.5
33.45 8 WP_MOVED 3 497546.40625 3565495.5 770.
33.49 8 RAD_OF_IR 6 0 0.00211
33.51 8 ENOSE_STATUS 1577 36 1050 6.828586 23.154589 1.116402 237
33.56 8 GPS 0 0 0 0 0 0 0 12500 0 0
33.58 8 IR_SENSORS -943 7 1
33.63 8 COMMANDS 0,-9600,9600,-9600
33.66 8 NAVIGATION 0 1 0 0 286 0. 140.5
33.68 8 ATTITUDE 1 0 -41
33.72 8 GYRO_RATES -152 -86 -155 1.32645 -0.750492 1.35263
33.74 8 ENOSE_STATUS 1577 36 1050 6.828586 23.154589 1.116402 237
33.75 8 FBW_STATUS 2 1 121
33.79 8 ESTIMATOR 0. 0. 0. 0. 0.
33.82 8 BAT 0 121 0 0 13 0 0
33.82 8 DOWNLINK_STATUS 32 5615 331 0 482. 28.
33.85 8 GPS 0 0 0 0 0 0 0 12748 0 0
33.88 8 CALIBRATION 0. 0.02 0.5 0
33.91 8 NAVIGATION 0 1 0 0 286 0. 140.5
33.94 8 WP_MOVED 4 497575. 3565498. 0.
33.95 8 SERVO 9600 -9600 0
33.98 8 ENOSE_STATUS 2545 36 1652 3.850955 23.154589 0.345171 237
34.06 8 GPS 0 0 0 0 0 0 0 13000 0 0
34.09 8 DESIRED 0. 0. 0. 0. 761. 0.
34.10 8 IR_DEBUG 678 669 678 669
34.13 8 NAVIGATION 0 1 0 0 286 0. 140.5
34.14 8 ATTITUDE 1 0 -41
34.18 8 ENOSE_STATUS 2545 36 1652 3.850955 23.154589 0.345171 237
34.22 8 ESTIMATOR 0. 0. 0. 0. 0.
34.28 8 GPS 0 0 0 0 0 0 0 13248 0 0
34.31 8 DL_VALUE 14 1.5
34.34 8 NAVIGATION 0 1 0 0 286 0. 140.5
34.39 8 WP_MOVED 0 497617. 3565540. 770.
34.41 8 RAD_OF_IR 6 0 0.00211
34.45 8 ENOSE_STATUS 2545 36 1652 3.850955 23.154589 0.345171 237
34.47 8 IR_SENSORS -943 7 1
34.53 8 GPS 0 0 0 0 0 0 0 13500 0 0
34.58 8 COMMANDS 0,-9600,9600,-9600
34.59 8 NAVIGATION 0 1 0 0 286 0. 140.5
34.61 8 ATTITUDE 1 0 -41
34.66 8 GYRO_RATES -152 -86 -155 1.32645 -0.750492 1.35263
34.67 8 ENOSE_STATUS 3996 55 2598 2.089509 14.810275 -0.144641 237
34.69 8 FBW_STATUS 2 1 121
34.73 8 ESTIMATOR 0. 0. 0. 0. 0.
34.75 8 ACTUATORS 1500,1000,0,1200,1000
34.80 8 GPS 0 0 0 0 0 0 0 13748 0 0
34.81 8 DOWNLINK_STATUS 33 6129 361 0 514. 30.
34.83 8 NAVIGATION 0 1 0 0 286 0. 140.5
34.86 8 WP_MOVED 1 497586.6875 3565500. 770.
34.90 8 ENOSE_STATUS 3996 55 2598 2.089509 14.810275 -0.144641 237
34.98 8 DESIRED 0. 0. 0. 0. 761. 0.
35.04 8 GPS 0 0 0 0 0 0 0 14000 0 0
35.08 8 NAVIGATION 0 1 0 0 286 0. 140.5
35.09 8 ATTITUDE 1 0 -41
35.11 8 PPRZ_MODE 2 0 3 0 0 6 0
35.14 8 ENOSE_STATUS 3996 55 2598 2.089509 14.810275 -0.144641 237
35.17 8 ESTIMATOR 0. 0. 0. 0. 0.
35.22 8 DL_VALUE 15 0.
35.28 8 GPS 0 0 0 0 0 0 0 14248 0 0
35.31 8 NAVIGATION 0 1 0 0 286 0. 140.5
35.33 8 WP_MOVED 2 497622.6875 3565498.5 770.
35.35 8 RAD_OF_IR 7 0 0.00211
35.40 8 ENOSE_STATUS 6079 66 4034 1.030873 12.175231 -0.449127 237
35.42 8 IR_SENSORS -942 6 1
35.49 8 COMMANDS 0,-9600,9600,-9600
35.53 8 NAVIGATION 0 1 0 0 286 0. 140.5
35.58 8 GPS 0 0 0 0 0 0 0 14500 0 0
35.59 8 ATTITUDE 1 0 -41
35.63 8 GYRO_RATES -152 -86 -155 1.32645 -0.750492 1.35263
35.65 8 ENOSE_STATUS 6079 66 4034 1.030873 12.175231 -0.449127 237
35.67 8 FBW_STATUS 2 1 121
35.70 8 ESTIMATOR 0. 0. 0. 0. 0.
35.73 8 BAT 0 121 0 0 15 0 0
35.75 8 CALIBRATION 0. 0.02 0.5 0
35.78 8 NAVIGATION 0 1 0 0 286 0. 140.5
35.81 8 DOWNLINK_STATUS 34 6599 389 0 470. 28.
35.82 8 GPS 0 0 0 0 0 0 0 14748 0 0
35.85 8 WP_MOVED 3 497546.40625 3565495.5 770.
35.86 8 SERVO 9600 -9600 0
35.90 8 ENOSE_STATUS 6079 66 4034 1.030873 12.175231 -0.449127 237
35.93 8 DESIRED 0. 0. 0. 0. 761. 0.
35.95 8 IR_DEBUG 678 669 678 669
35.98 8 NAVIGATION 0 1 0 0 286 0. 140.5
36.01 8 ATTITUDE 1 0 -42
36.05 8 GPS 0 0 0 0 0 0 0 15000 0 0
36.09 8 ENOSE_STATUS 8135 89 6000 0.5176 8.770395 -0.62963 237
36.11 8 ESTIMATOR 0. 0. 0. 0. 0.
36.16 8 DL_VALUE 16 1.
36.22 8 NAVIGATION 0 1 0 0 286 0. 140.5
36.29 8 GPS 0 0 0 0 0 0 0 15248 0 0
36.31 8 WP_MOVED 4 497575. 3565498. 0.
36.32 8 RAD_OF_IR 7 0 0.00211
36.36 8 ENOSE_STATUS 8135 89 6000 0.5176 8.770395 -0.62963 237
36.39 8 IR_SENSORS -942 6 1
36.43 8 COMMANDS 0,-9600,9600,-9600
36.47 8 NAVIGATION 0 1 0 0 286 0. 140.5
36.49 8 ATTITUDE 0 0 -42
36.53 8 GYRO_RATES -152 -87 -155 1.32645 -0.759218 1.35263
36.57 8 ENOSE_STATUS 8135 89 6000 0.5176 8.770395 -0.62963 237
36.60 8 GPS 0 0 0 0 0 0 0 15500 0 0
36.61 8 FBW_STATUS 2 1 121
36.64 8 ESTIMATOR 0. 0. 0. 0. 0.
36.69 8 NAVIGATION 0 1 0 0 286 0. 140.5
36.74 8 WP_MOVED 0 497617. 3565540. 770.
36.78 8 ENOSE_STATUS 9698 115 8760 0.273013 6.561436 -0.746322 237
36.81 8 DOWNLINK_STATUS 35 7094 418 0 495. 29.
36.83 8 GPS 0 0 0 0 0 0 0 15748 0 0
36.86 8 DESIRED 0. 0. 0. 0. 761. 0.
36.92 8 NAVIGATION 0 1 0 0 286 0. 140.5
36.93 8 ATTITUDE 1 0 -42
36.99 8 ENOSE_STATUS 9698 115 8760 0.273013 6.561436 -0.746322 237
37.05 8 GPS 0 0 0 0 0 0 0 16000 0 0
37.09 8 ESTIMATOR 0. 0. 0. 0. 0.
37.11 8 DL_VALUE 17 470.
37.16 8 NAVIGATION 0 1 0 0 286 0. 140.5
37.20 8 WP_MOVED 1 497586.6875 3565500. 770.
37.23 8 RAD_OF_IR 6 0 0.00211
37.27 8 ENOSE_STATUS 9698 115 8760 0.273013 6.561436 -0.746322 237
37.31 8 GPS 0 0 0 0 0 0 0 16248 0 0
37.34 8 IR_SENSORS -942 6 1
37.37 8 COMMANDS 0,-9600,9600,-9600
37.41 8 NAVIGATION 0 1 0 0 286 0. 140.5
37.43 8 ATTITUDE 1 0 -42
37.48 8 GYRO_RATES -152 -86 -155 1.32645 -0.750492 1.35263
37.49 8 ENOSE_STATUS 12843 152 12679 -0.038723 4.720824 -0.824732 237
37.50 8 FBW_STATUS 2 1 121
37.54 8 ESTIMATOR 0. 0. 0. 0. 0.
37.58 8 BAT 0 121 0 0 17 0 0
37.61 8 GPS 0 0 0 0 0 0 0 16500 0 0
37.64 8 CALIBRATION 0. 0.02 0.5 0
37.66 8 NAVIGATION 0 1 0 0 286 0. 140.5
37.68 8 WP_MOVED 2 497622.6875 3565498.5 770.
37.69 8 SERVO 9600 -9600 0
37.74 8 ENOSE_STATUS 12843 152 12679 -0.038723 4.720824 -0.824732 237
37.78 8 GPS 0 0 0 0 0 0 0 16748 0 0
37.82 8 DESIRED 0. 0. 0. 0. 761. 0.
37.82 8 DOWNLINK_STATUS 36 7625 448 0 531. 30.
37.84 8 IR_DEBUG 679 669 679 669
37.88 8 NAVIGATION 0 1 0 0 286 0. 140.5
37.89 8 ATTITUDE 1 0 -42
37.92 8 ENOSE_STATUS 12843 152 12679 -0.038723 4.720824 -0.824732 237
37.97 8 ESTIMATOR 0. 0. 0. 0. 0.
38.04 8 GPS 0 0 0 0 0 0 0 17000 0 0
38.08 8 DL_VALUE 18 405.
38.09 8 NAVIGATION 0 1 0 0 286 0. 140.5
38.14 8 WP_MOVED 3 497546.40625 3565495.5 770.
38.18 8 RAD_OF_IR 6 0 0.00211
38.19 8 NAVIGATION_REF 497575 3565498 12
38.23 8 ENOSE_STATUS 17285 190 17973 -0.285758 3.576659 -0.876358 237
38.24 8 IR_SENSORS -942 6 1
38.29 8 GPS 0 0 0 0 0 0 0 17248 0 0
38.33 8 COMMANDS 0,-9600,9600,-9600
38.35 8 NAVIGATION 0 1 0 0 286 0. 140.5
38.37 8 ATTITUDE 1 0 -42
38.40 8 GYRO_RATES -152 -86 -155 1.32645 -0.750492 1.35263
38.43 8 ENOSE_STATUS 17285 190 17973 -0.285758 3.576659 -0.876358 237
38.44 8 FBW_STATUS 2 1 121
38.48 8 ESTIMATOR 0. 0. 0. 0. 0.
38.56 8 GPS 0 0 0 0 0 0 0 17500 0 0
38.60 8 NAVIGATION 0 1 0 0 286 0. 140.5
38.61 8 WP_MOVED 4 497575. 3565498. 0.
38.65 8 ENOSE_STATUS 17285 190 17973 -0.285758 3.576659 -0.876358 237
38.73 8 DESIRED 0. 0. 0. 0. 761. 0.
38.78 8 GPS 0 0 0 0 0 0 0 17748 0 0
38.81 8 NAVIGATION 0 1 0 0 286 0. 140.5
38.82 8 DOWNLINK_STATUS 37 8105 476 0 480. 28.
38.82 8 ATTITUDE 1 0 -41
38.86 8 ENOSE_STATUS 26592 227 25714 -0.535737 2.830684 -0.913579 237
38.92 8 ESTIMATOR 0. 0. 0. 0. 0.
38.97 8 DL_VALUE 19 473.
39.05 8 GPS 0 0 0 0 0 0 0 18000 0 0
39.08 8 NAVIGATION 0 1 0 0 286 0. 140.5
39.09 8 WP_MOVED 0 497617. 3565540. 770.
39.13 8 RAD_OF_IR 6 0 0.00211
39.14 8 ENOSE_STATUS 26592 227 25714 -0.535737 2.830684 -0.913579 237
39.17 8 IR_SENSORS -942 6 1
39.25 8 COMMANDS 0,-9600,9600,-9600
39.29 8 NAVIGATION 0 1 0 0 286 0. 140.5
39.33 8 GPS 0 0 0 0 0 0 0 18248 0 0
39.35 8 ATTITUDE 1 0 -41
39.38 8 GYRO_RATES -152 -86 -155 1.32645 -0.750492 1.35263
39.41 8 ENOSE_STATUS 26592 227 25714 -0.535737 2.830684 -0.913579 237
39.43 8 FBW_STATUS 2 1 121
39.45 8 ESTIMATOR 0. 0. 0. 0. 0.
39.48 8 BAT 0 121 0 0 19 0 0
39.51 8 ACTUATORS 1500,1000,0,1200,1000
39.54 8 CALIBRATION 0. 0.02 0.5 0
39.56 8 NAVIGATION 0 1 0 0 286 0. 140.5
39.59 8 GPS 0 0 0 0 0 0 0 18500 0 0
39.62 8 WP_MOVED 1 497586.6875 3565500. 770.
39.64 8 SERVO 9600 -9600 0
39.67 8 ENOSE_STATUS 26592 227 25714 -0.535737 2.830684 -0.913579 237
39.71 8 DESIRED 0. 0. 0. 0. 761. 0.
39.72 8 IR_DEBUG 678 669 678 669
39.75 8 NAVIGATION 0 1 0 0 286 0. 140.5
39.77 8 ATTITUDE 1 0 -41
39.80 8 PPRZ_MODE 2 0 3 0 0 6 0
39.81 8 DOWNLINK_STATUS 38 8596 507 0 491. 31.
39.82 8 GPS 0 0 0 0 0 0 0 18748 0 0
39.85 8 ENOSE_STATUS 26592 227 25714 -0.535737 2.830684 -0.913579 237
39.89 8 ESTIMATOR 0. 0. 0. 0. 0.
39.91 8 DL_VALUE 20 0.
39.97 8 NAVIGATION 0 1 0 0 286 0. 140.5
40.06 8 GPS 0 0 0 0 0 0 0 19000 0 0
40.08 8 WP_MOVED 2 497622.6875 3565498.5 770.
40.10 8 RAD_OF_IR 6 0 0.00211
40.12 8 ENOSE_STATUS 26592 227 25714 -0.535737 2.830684 -0.913579 237
40.14 8 IR_SENSORS -942 6 1
40.18 8 COMMANDS 0,-9600,9600,-9600
40.22 8 NAVIGATION 0 1 0 0 286 0. 140.5
40.25 8 ATTITUDE 1 0 -42
40.27 8 GYRO_RATES -152 -85 -155 1.32645 -0.741765 1.35263
40.30 8 ENOSE_STATUS 35256 276 36042 -0.649828 2.150599 -0.938344 237
40.35 8 GPS 0 0 0 0 0 0 0 19248 0 0
40.36 8 FBW_STATUS 2 1 121
40.40 8 ESTIMATOR 0. 0. 0. 0. 0.
40.43 8 NAVIGATION 0 1 0 0 286 0. 140.5
40.49 8 WP_MOVED 3 497546.40625 3565495.5 770.
40.53 8 ENOSE_STATUS 35256 276 36042 -0.649828 2.150599 -0.938344 237
40.58 8 GPS 0 0 0 0 0 0 0 19500 0 0
40.63 8 DESIRED 0. 0. 0. 0. 761. 0.
40.67 8 NAVIGATION 0 1 0 0 286 0. 140.5
40.70 8 ATTITUDE 1 0 -41
40.73 8 ENOSE_STATUS 35256 276 36042 -0.649828 2.150599 -0.938344 237
40.79 8 GPS 0 0 0 0 0 0 0 19748 0 0
40.81 8 ESTIMATOR 0. 0. 0. 0. 0.
40.81 8 DOWNLINK_STATUS 39 9107 535 0 511. 28.
40.85 8 DL_VALUE 21 0.75
40.90 8 NAVIGATION 0 1 0 0 286 0. 140.5
40.95 8 WP_MOVED 4 497575. 3565498. 0.
40.98 8 RAD_OF_IR 5 0 0.00211
41.02 8 ENOSE_STATUS 46799 339 48908 -0.736198 1.565089 -0.954563 237
41.09 8 GPS 0 0 0 0 0 0 0 20000 0 0
41.12 8 IR_SENSORS -942 6 1
41.12 8 COMMANDS 0,-9600,9600,-9600
41.16 8 NAVIGATION 0 1 0 0 286 0. 140.5
41.17 8 ATTITUDE 1 0 -41
41.22 8 GYRO_RATES -152 -86 -154 1.32645 -0.750492 1.343904
41.23 8 ENOSE_STATUS 46799 339 48908 -0.736198 1.565089 -0.954563 237
41.25 8 FBW_STATUS 2 1 121
41.29 8 ESTIMATOR 0. 0. 0. 0. 0.
41.31 8 BAT 0 121 0 0 21 0 0
41.35 8 GPS 0 0 0 0 0 0 0 20248 0 0
41.38 8 CALIBRATION 0. 0.02 0.5 0
41.41 8 NAVIGATION 0 1 0 0 286 0. 140.5
41.44 8 WP_MOVED 0 497617. 3565540. 770.
41.45 8 SERVO 9600 -9600 0
41.48 8 ENOSE_STATUS 46799 339 48908 -0.736198 1.565089 -0.954563 237
41.53 8 GPS 0 0 0 0 0 0 0 20500 0 0
41.58 8 DESIRED 0. 0. 0. 0. 761. 0.
41.62 8 IR_DEBUG 678 669 678 669
41.62 8 NAVIGATION 0 1 0 0 286 0. 140.5
41.63 8 ATTITUDE 1 0 -41
41.68 8 ENOSE_STATUS 59498 406 65535 -0.792503 1.141786 -0.966091 237
41.72 8 ESTIMATOR 0. 0. 0. 0. 0.
41.78 8 GPS 0 0 0 0 0 0 0 20748 0 0
41.80 8 DL_VALUE 22 20000.
41.83 8 DOWNLINK_STATUS 40 9602 565 0 495. 30.
41.84 8 NAVIGATION 0 1 0 0 286 0. 140.5
41.90 8 WP_MOVED 1 497586.6875 3565500. 770.
41.92 8 RAD_OF_IR 7 0 0.00211
41.95 8 ENOSE_STATUS 59498 406 65535 -0.792503 1.141786 -0.966091 237
41.98 8 IR_SENSORS -943 7 1
42.04 8 GPS 0 0 0 0 0 0 0 21000 0 0
42.07 8 COMMANDS 0,-9600,9600,-9600
42.10 8 NAVIGATION 0 1 0 0 286 0. 140.5
42.14 8 ATTITUDE 1 0 -41
42.15 8 GYRO_RATES -152 -86 -155 1.32645 -0.750492 1.35263
42.19 8 ENOSE_STATUS 59498 406 65535 -0.792503 1.141786 -0.966091 237
42.20 8 FBW_STATUS 2 1 121
42.23 8 ESTIMATOR 0. 0. 0. 0. 0.
42.28 8 GPS 0 0 0 0 0 0 0 21248 0 0
42.31 8 NAVIGATION 0 1 0 0 286 0. 140.5
42.36 8 WP_MOVED 2 497622.6875 3565498.5 770.
42.40 8 ENOSE_STATUS 65535 481 65535 -0.811617 0.807828 -0.966091 237
42.50 8 DESIRED 0. 0. 0. 0. 761. 0.
42.53 8 GPS 0 0 0 0 0 0 0 21500 0 0
42.56 8 NAVIGATION 0 1 0 0 286 0. 140.5
42.58 8 ATTITUDE 1 0 -41
42.61 8 ENOSE_STATUS 65535 481 65535 -0.811617 0.807828 -0.966091 237
42.66 8 ESTIMATOR 0. 0. 0. 0. 0.
42.72 8 DL_VALUE 23 20000.
42.78 8 GPS 0 0 0 0 0 0 0 21748 0 0
42.81 8 NAVIGATION 0 1 0 0 286 0. 140.5
42.83 8 WP_MOVED 3 497546.40625 3565495.5 770.
42.83 8 DOWNLINK_STATUS 41 10076 592 0 474. 27.
42.86 8 RAD_OF_IR 6 0 0.00211
42.89 8 ENOSE_STATUS 65535 481 65535 -0.811617 0.807828 -0.966091 237
42.91 8 IR_SENSORS -942 6 1
42.99 8 COMMANDS 0,-9600,9600,-9600
43.03 8 NAVIGATION 0 1 0 0 286 0. 140.5
43.08 8 GPS 0 0 0 0 0 0 0 22000 0 0
43.11 8 ATTITUDE 1 0 -41
43.14 8 GYRO_RATES -152 -86 -155 1.32645 -0.750492 1.35263
43.16 8 ENOSE_STATUS 65535 560 65535 -0.811617 0.552795 -0.966091 237
43.18 8 FBW_STATUS 2 1 121
43.20 8 ESTIMATOR 0. 0. 0. 0. 0.
43.23 8 BAT 0 121 0 0 23 0 0
43.26 8 CALIBRATION 0. 0.02 0.5 0
43.28 8 NAVIGATION 0 1 0 0 286 0. 140.5
43.34 8 GPS 0 0 0 0 0 0 0 22248 0 0
43.35 8 WP_MOVED 4 497575. 3565498. 0.
43.36 8 SERVO 9600 -9600 0
43.40 8 ENOSE_STATUS 65535 560 65535 -0.811617 0.552795 -0.966091 237
43.43 8 DESIRED 0. 0. 0. 0. 761. 0.
43.45 8 IR_DEBUG 679 669 679 669
43.48 8 NAVIGATION 0 1 0 0 286 0. 140.5
43.50 8 ATTITUDE 1 0 -42
43.54 8 GPS 0 0 0 0 0 0 0 22500 0 0
43.58 8 ENOSE_STATUS 65535 560 65535 -0.811617 0.552795 -0.966091 237
43.62 8 ESTIMATOR 0. 0. 0. 0. 0.
43.65 8 DL_VALUE 24 0.75
43.72 8 NAVIGATION 0 1 0 0 286 0. 140.5
43.78 8 GPS 0 0 0 0 0 0 0 22748 0 0
43.81 8 WP_MOVED 0 497617. 3565540. 770.
43.82 8 RAD_OF_IR 7 0 0.00211
43.83 8 DOWNLINK_STATUS 42 10574 622 0 498. 30.
43.87 8 ENOSE_STATUS 65535 661 65535 -0.811617 0.31553 -0.966091 237
43.87 8 IR_SENSORS -942 6 1
43.93 8 COMMANDS 0,-9600,9600,-9600
43.97 8 NAVIGATION 0 1 0 0 286 0. 140.5
43.99 8 ATTITUDE 1 0 -41
44.03 8 GYRO_RATES -152 -87 -155 1.32645 -0.759218 1.35263
44.05 8 ENOSE_STATUS 65535 661 65535 -0.811617 0.31553 -0.966091 237
44.11 8 GPS 0 0 0 0 0 0 0 23000 0 0
44.15 8 FBW_STATUS 2 1 121
44.15 8 ESTIMATOR 0. 0. 0. 0. 0.
44.17 8 ACTUATORS 1500,1000,0,1200,1000
44.19 8 NAVIGATION 0 1 0 0 286 0. 140.5
44.25 8 WP_MOVED 1 497586.6875 3565500. 770.
44.27 8 ENOSE_STATUS 65535 661 65535 -0.811617 0.31553 -0.966091 237
44.32 8 GPS 0 0 0 0 0 0 0 23248 0 0
44.35 8 DESIRED 0. 0. 0. 0. 761. 0.
44.42 8 NAVIGATION 0 1 0 0 286 0. 140.5
44.43 8 ATTITUDE 1 0 -41
44.45 8 PPRZ_MODE 2 0 3 0 0 6 0
44.49 8 ENOSE_STATUS 65535 807 65535 -0.811617 0.077528 -0.966091 237
44.53 8 GPS 0 0 0 0 0 0 0 23500 0 0
44.56 8 ESTIMATOR 0. 0. 0. 0. 0.
44.60 8 DL_VALUE 25 20000.
44.65 8 NAVIGATION 0 1 0 0 286 0. 140.5
44.70 8 WP_MOVED 2 497622.6875 3565498.5 770.
44.73 8 RAD_OF_IR 6 0 0.00211
44.78 8 ENOSE_STATUS 65535 807 65535 -0.811617 0.077528 -0.966091 237
44.81 8 GPS 0 0 0 0 0 0 0 23748 0 0
44.82 8 IR_SENSORS -942 6 1
44.83 8 DOWNLINK_STATUS 43 11066 651 0 492. 29.
44.87 8 COMMANDS 0,-9600,9600,-9600
44.91 8 NAVIGATION 0 1 0 0 286 0. 140.5
44.92 8 ATTITUDE 1 0 -41
44.97 8 GYRO_RATES -151 -86 -155 1.317724 -0.750492 1.35263
44.99 8 ENOSE_STATUS 65535 807 65535 -0.811617 0.077528 -0.966091 237
45.00 8 FBW_STATUS 2 1 121
45.05 8 ESTIMATOR 0. 0. 0. 0. 0.
45.06 8 BAT 0 121 0 0 25 0 0
45.10 8 GPS 0 0 0 0 0 0 0 24000 0 0
45.14 8 CALIBRATION 0. 0.02 0.5 0
45.18 8 NAVIGATION 0 1 0 0 286 0. 140.5
45.18 8 WP_MOVED 3 497546.40625 3565495.5 770.
45.19 8 SERVO 9600 -9600 0
45.24 8 ENOSE_STATUS 65535 993 65535 -0.811617 -0.124305 -0.966091 237
45.28 8 GPS 0 0 0 0 0 0 0 24248 0 0
45.33 8 DESIRED 0. 0. 0. 0. 761. 0.
45.34 8 IR_DEBUG 679 669 679 669
45.37 8 NAVIGATION 0 1 0 0 286 0. 140.5
45.39 8 ATTITUDE 1 0 -41
45.42 8 ENOSE_STATUS 65535 993 65535 -0.811617 -0.124305 -0.966091 237
45.47 8 ESTIMATOR 0. 0. 0. 0. 0.
45.53 8 GPS 0 0 0 0 0 0 0 24500 0 0
45.56 8 DL_VALUE 26 20000.
45.59 8 NAVIGATION 0 1 0 0 286 0. 140.5
45.64 8 WP_MOVED 4 497575. 3565498. 0.
45.68 8 RAD_OF_IR 6 0 0.00211
45.70 8 ENOSE_STATUS 65535 993 65535 -0.811617 -0.124305 -0.966091 237
45.72 8 IR_SENSORS -942 6 1
45.78 8 GPS 0 0 0 0 0 0 0 24748 0 0
45.81 8 COMMANDS 0,-9600,9600,-9600
45.83 8 DOWNLINK_STATUS 44 11565 681 0 499. 30.
45.85 8 NAVIGATION 0 1 0 0 286 0. 140.5
45.86 8 ATTITUDE 1 0 -42
45.91 8 GYRO_RATES -152 -86 -155 1.32645 -0.750492 1.35263
45.92 8 ENOSE_STATUS 65535 993 65535 -0.811617 -0.124305 -0.966091 237
45.94 8 FBW_STATUS 2 1 121
45.99 8 ESTIMATOR 0. 0. 0. 0. 0.
46.04 8 GPS 0 0 0 0 0 0 0 25000 0 0
46.07 8 NAVIGATION 0 1 0 0 286 0. 140.5
46.13 8 WP_MOVED 0 497617. 3565540. 770.
46.16 8 ENOSE_STATUS 65535 993 65535 -0.811617 -0.124305 -0.966091 237
46.23 8 DESIRED 0. 0. 0. 0. 761. 0.
46.28 8 GPS 0 0 0 0 0 0 0 25248 0 0
46.31 8 NAVIGATION 0 1 0 0 286 0. 140.5
46.33 8 ATTITUDE 1 0 -41
46.36 8 ENOSE_STATUS 65535 993 65535 -0.811617 -0.124305 -0.966091 237
46.41 8 ESTIMATOR 0. 0. 0. 0. 0.
46.47 8 DL_VALUE 27 0.75
46.53 8 GPS 0 0 0 0 0 0 0 25500 0 0
46.57 8 NAVIGATION 0 1 0 0 286 0. 140.5
46.58 8 WP_MOVED 1 497586.6875 3565500. 770.
46.62 8 RAD_OF_IR 6 0 0.00211
46.65 8 NAVIGATION_REF 497575 3565498 12
46.68 8 ENOSE_STATUS 65535 1192 65535 -0.811617 -0.270499 -0.966091 237
46.69 8 IR_SENSORS -942 5 1
46.75 8 COMMANDS 0,-9600,9600,-9600
46.78 8 NAVIGATION 0 1 0 0 286 0. 140.5
46.84 8 GPS 0 0 0 0 0 0 0 25748 0 0
46.84 8 DOWNLINK_STATUS 45 12035 708 0 470. 27.
46.85 8 ATTITUDE 1 0 -42
46.88 8 GYRO_RATES -152 -86 -155 1.32645 -0.750492 1.35263
46.90 8 ENOSE_STATUS 65535 1192 65535 -0.811617 -0.270499 -0.966091 237
46.92 8 FBW_STATUS 2 1 121
46.95 8 ESTIMATOR 0. 0. 0. 0. 0.
46.98 8 BAT 0 121 0 0 27 0 0
47.01 8 CALIBRATION 0. 0.02 0.5 0
47.03 8 NAVIGATION 0 1 0 0 286 0. 140.5
47.08 8 GPS 0 0 0 0 0 0 0 26000 0 0
47.11 8 WP_MOVED 2 497622.6875 3565498.5 770.
47.11 8 SERVO 9600 -9600 0
47.16 8 ENOSE_STATUS 65535 1192 65535 -0.811617 -0.270499 -0.966091 237
47.19 8 DESIRED 0. 0. 0. 0. 761. 0.
47.19 8 IR_DEBUG 678 669 678 669
47.24 8 NAVIGATION 0 1 0 0 286 0. 140.5
47.25 8 ATTITUDE 1 0 -41
47.29 8 GPS 0 0 0 0 0 0 0 26248 0 0
47.33 8 ENOSE_STATUS 65535 1379 65535 -0.811617 -0.369423 -0.966091 237
47.37 8 ESTIMATOR 0. 0. 0. 0. 0.
47.40 8 DL_VALUE 28 10000.
47.46 8 NAVIGATION 0 1 0 0 286 0. 140.5
47.54 8 GPS 0 0 0 0 0 0 0 26500 0 0
47.56 8 WP_MOVED 3 497546.40625 3565495.5 770.
47.57 8 RAD_OF_IR 6 0 0.00211
47.62 8 ENOSE_STATUS 65535 1379 65535 -0.811617 -0.369423 -0.966091 237
47.62 8 IR_SENSORS -942 6 1
47.68 8 COMMANDS 0,-9600,9600,-9600
47.73 8 NAVIGATION 0 1 0 0 286 0. 140.5
47.74 8 ATTITUDE 1 0 -42
47.77 8 GYRO_RATES -152 -85 -155 1.32645 -0.741765 1.35263
47.82 8 ENOSE_STATUS 65535 1379 65535 -0.811617 -0.369423 -0.966091 237
47.84 8 DOWNLINK_STATUS 46 12545 739 0 510. 31.
47.85 8 GPS 0 0 0 0 0 0 0 26748 0 0
47.86 8 FBW_STATUS 2 1 121
47.90 8 ESTIMATOR 0. 0. 0. 0. 0.
47.93 8 NAVIGATION 0 1 0 0 286 0. 140.5
47.98 8 WP_MOVED 4 497575. 3565498. 0.
48.04 8 ENOSE_STATUS 65535 1554 65535 -0.811617 -0.440434 -0.966091 237
48.07 8 GPS 0 0 0 0 0 0 0 27000 0 0
48.11 8 DESIRED 0. 0. 0. 0. 761. 0.
48.17 8 NAVIGATION 0 1 0 0 286 0. 140.5
48.21 8 ATTITUDE 1 0 -41
48.23 8 ENOSE_STATUS 65535 1554 65535 -0.811617 -0.440434 -0.966091 237
48.27 8 GPS 0 0 0 0 0 0 0 27248 0 0
48.33 8 ESTIMATOR 0. 0. 0. 0. 0.
48.34 8 DL_VALUE 29 10000.
48.42 8 NAVIGATION 0 1 0 0 286 0. 140.5
48.45 8 WP_MOVED 0 497617. 3565540. 770.
48.48 8 RAD_OF_IR 6 0 0.00211
48.51 8 ENOSE_STATUS 65535 1554 65535 -0.811617 -0.440434 -0.966091 237
48.56 8 GPS 0 0 0 0 0 0 0 27500 0 0
48.57 8 IR_SENSORS -942 6 1
48.62 8 COMMANDS 0,-9600,9600,-9600
48.67 8 NAVIGATION 0 1 0 0 286 0. 140.5
48.70 8 ATTITUDE 1 0 -41
48.72 8 GYRO_RATES -152 -86 -155 1.32645 -0.750492 1.35263
48.75 8 ENOSE_STATUS 65535 1700 65535 -0.811617 -0.488491 -0.966091 237
48.75 8 FBW_STATUS 2 1 121
48.79 8 ESTIMATOR 0. 0. 0. 0. 0.
48.81 8 BAT 0 121 0 0 29 0 0
48.84 8 DOWNLINK_STATUS 47 13027 767 0 482. 28.
48.85 8 GPS 0 0 0 0 0 0 0 27748 0 0
48.88 8 ACTUATORS 1500,1000,0,1200,1000
48.90 8 CALIBRATION 0. 0.02 0.5 0
48.93 8 NAVIGATION 0 1 0 0 286 0. 140.5
48.95 8 WP_MOVED 1 497586.6875 3565500. 770.
48.97 8 SERVO 9600 -9600 0
49.01 8 ENOSE_STATUS 65535 1700 65535 -0.811617 -0.488491 -0.966091 237
49.04 8 GPS 0 0 0 0 0 0 0 28000 0 0
49.08 8 DESIRED 0. 0. 0. 0. 761. 0.
49.10 8 IR_DEBUG 678 669 678 669
49.15 8 NAVIGATION 0 1 0 0 286 0. 140.5
49.18 8 ATTITUDE 1 0 -41
49.18 8 PPRZ_MODE 2 0 3 0 0 6 0
49.20 8 ENOSE_STATUS 65535 1700 65535 -0.811617 -0.488491 -0.966091 237
49.23 8 ESTIMATOR 0. 0. 0. 0. 0.
49.28 8 GPS 0 0 0 0 0 0 0 28248 0 0
49.31 8 DL_VALUE 30 0.3
49.34 8 NAVIGATION 0 1 0 0 286 0. 140.5
49.40 8 WP_MOVED 2 497622.6875 3565498.5 770.
49.41 8 RAD_OF_IR 7 0 0.00211
49.45 8 ENOSE_STATUS 65535 1861 65535 -0.811617 -0.532743 -0.966091 237
49.48 8 IR_SENSORS -943 7 1
49.53 8 GPS 0 0 0 0 0 0 0 28500 0 0
49.56 8 COMMANDS 0,-9600,9600,-9600
49.59 8 NAVIGATION 0 1 0 0 286 0. 140.5
49.63 8 ATTITUDE 1 0 -41
49.66 8 GYRO_RATES -152 -86 -155 1.32645 -0.750492 1.35263
49.70 8 ENOSE_STATUS 65535 1861 65535 -0.811617 -0.532743 -0.966091 237
49.70 8 FBW_STATUS 2 1 121
49.72 8 ESTIMATOR 0. 0. 0. 0. 0.
49.78 8 GPS 0 0 0 0 0 0 0 28748 0 0
49.81 8 NAVIGATION 0 1 0 0 286 0. 140.5
49.84 8 DOWNLINK_STATUS 48 13568 799 0 541. 32.
49.87 8 WP_MOVED 3 497546.40625 3565495.5 770.
49.90 8 ENOSE_STATUS 65535 1861 65535 -0.811617 -0.532743 -0.966091 237
49.98 8 DESIRED 0. 0. 0. 0. 761. 0.
50.06 8 GPS 0 0 0 0 0 0 0 29000 0 0
50.07 8 NAVIGATION 0 1 0 0 286 0. 140.5
50.08 8 ATTITUDE 1 0 -41
50.12 8 ENOSE_STATUS 65535 1999 65535 -0.811617 -0.565 -0.966091 237
50.16 8 ESTIMATOR 0. 0. 0. 0. 0.
50.22 8 DL_VALUE 31 0.36
50.29 8 GPS 0 0 0 0 0 0 0 29248 0 0
50.31 8 NAVIGATION 0 1 0 0 286 0. 140.5
50.34 8 WP_MOVED 4 497575. 3565498. 0.
50.35 8 RAD_OF_IR 6 0 0.00211
50.39 8 ENOSE_STATUS 65535 1999 65535 -0.811617 -0.565 -0.966091 237
50.42 8 IR_SENSORS -942 6 1
50.53 8 GPS 0 0 0 0 0 0 0 29500 0 0
50.55 8 COMMANDS 0,-9600,9600,-9600
50.59 8 NAVIGATION 0 1 0 0 286 0. 140.5
50.59 8 ATTITUDE 1 0 -41
50.63 8 GYRO_RATES -152 -86 -155 1.32645 -0.750492 1.35263
50.67 8 ENOSE_STATUS 65535 1999 65535 -0.811617 -0.565 -0.966091 237
50.70 8 FBW_STATUS 2 1 121
50.70 8 ESTIMATOR 0. 0. 0. 0. 0.
50.73 8 BAT 0 121 0 0 31 0 0
50.76 8 CALIBRATION 0. 0.02 0.5 0
50.78 8 NAVIGATION 0 1 0 0 286 0. 140.5
50.83 8 GPS 0 0 0 0 0 0 0 29748 0 0
50.84 8 DOWNLINK_STATUS 49 14038 826 0 470. 27.
50.85 8 WP_MOVED 0 497617. 3565540. 770.
50.86 8 SERVO 9600 -9600 0
50.89 8 ENOSE_STATUS 65535 2119 65535 -0.811617 -0.589634 -0.966091 237
50.93 8 DESIRED 0. 0. 0. 0. 761. 0.
50.94 8 IR_DEBUG 678 669 678 669
50.98 8 NAVIGATION 0 1 0 0 286 0. 140.5
51.00 8 ATTITUDE 1 0 -42
51.05 8 GPS 0 0 0 0 0 0 0 30000 0 0
51.08 8 ENOSE_STATUS 65535 2119 65535 -0.811617 -0.589634 -0.966091 237
51.11 8 ESTIMATOR 0. 0. 0. 0. 0.
51.16 8 DL_VALUE 32 0.01
51.21 8 NAVIGATION 0 1 0 0 286 0. 140.5
51.28 8 GPS 0 0 0 0 0 0 0 30248 0 0
51.30 8 WP_MOVED 1 497586.6875 3565500. 770.
51.32 8 RAD_OF_IR 7 0 0.00211
51.35 8 ENOSE_STATUS 65535 2119 65535 -0.811617 -0.589634 -0.966091 237
51.37 8 IR_SENSORS -942 6 1
51.44 8 COMMANDS 0,-9600,9600,-9600
51.47 8 NAVIGATION 0 1 0 0 286 0. 140.5
51.48 8 ATTITUDE 1 0 -41
51.52 8 GYRO_RATES -152 -87 -155 1.32645 -0.759218 1.35263
51.55 8 ENOSE_STATUS 65535 2246 65535 -0.811617 -0.612838 -0.966091 237
51.59 8 GPS 0 0 0 0 0 0 0 30500 0 0
51.61 8 FBW_STATUS 2 1 121
51.65 8 ESTIMATOR 0. 0. 0. 0. 0.
51.69 8 NAVIGATION 0 1 0 0 286 0. 140.5
51.73 8 WP_MOVED 2 497622.6875 3565498.5 770.
51.78 8 ENOSE_STATUS 65535 2246 65535 -0.811617 -0.612838 -0.966091 237
51.82 8 GPS 0 0 0 0 0 0 0 30748 0 0
51.84 8 DOWNLINK_STATUS 50 14533 855 0 495. 29.
51.85 8 DESIRED 0. 0. 0. 0. 761. 0.
51.94 8 NAVIGATION 0 1 0 0 286 0. 140.5
51.94 8 ATTITUDE 1 0 -41
51.99 8 ENOSE_STATUS 65535 2246 65535 -0.811617 -0.612838 -0.966091 237
52.05 8 GPS 0 0 0 0 0 0 0 31000 0 0
52.07 8 ESTIMATOR 0. 0. 0. 0. 0.
52.09 8 DL_VALUE 0 761.
52.16 8 NAVIGATION 0 1 0 0 286 0. 140.5
52.20 8 WP_MOVED 3 497546.40625 3565495.5 770.
52.24 8 RAD_OF_IR 7 0 0.00211
52.27 8 ENOSE_STATUS 65535 2246 65535 -0.811617 -0.612838 -0.966091 237
52.32 8 GPS 0 0 0 0 0 0 0 31248 0 0
52.33 8 IR_SENSORS -942 6 1
52.37 8 COMMANDS 0,-9600,9600,-9600
52.42 8 NAVIGATION 0 1 0 0 286 0. 140.5
52.42 8 ATTITUDE 1 0 -41
52.46 8 GYRO_RATES -152 -86 -155 1.32645 -0.750492 1.35263
52.50 8 ENOSE_STATUS 65535 2246 65535 -0.811617 -0.612838 -0.966091 237
52.51 8 FBW_STATUS 2 1 121
52.53 8 ESTIMATOR 0. 0. 0. 0. 0.
52.56 8 BAT 0 121 0 0 33 0 0
52.60 8 GPS 0 0 0 0 0 0 0 31500 0 0
52.64 8 CALIBRATION 0. 0.02 0.5 0
52.65 8 NAVIGATION 0 1 0 0 286 0. 140.5
52.68 8 WP_MOVED 4 497575. 3565498. 0.
52.72 8 SERVO 9600 -9600 0
52.73 8 ENOSE_STATUS 65535 2246 65535 -0.811617 -0.612838 -0.966091 237
52.79 8 GPS 0 0 0 0 0 0 0 31748 0 0
52.81 8 DESIRED 0. 0. 0. 0. 761. 0.
52.84 8 IR_DEBUG 679 669 679 669
52.84 8 DOWNLINK_STATUS 51 15047 885 0 514. 30.
52.87 8 NAVIGATION 0 1 0 0 286 0. 140.5
52.88 8 ATTITUDE 1 0 -41
52.92 8 ENOSE_STATUS 65535 2358 65535 -0.811617 -0.631228 -0.966091 237
52.97 8 ESTIMATOR 0. 0. 0. 0. 0.
53.04 8 GPS 0 0 0 0 0 0 0 32000 0 0
53.06 8 DL_VALUE 1 1.
53.10 8 NAVIGATION 0 1 0 0 286 0. 140.5
53.14 8 WP_MOVED 0 497617. 3565540. 770.
53.16 8 RAD_OF_IR 7 0 0.00211
53.21 8 ENOSE_STATUS 65535 2358 65535 -0.811617 -0.631228 -0.966091 237
53.24 8 IR_SENSORS -942 6 1
53.29 8 GPS 0 0 0 0 0 0 0 32248 0 0
53.31 8 COMMANDS 0,-9600,9600,-9600
53.34 8 NAVIGATION 0 1 0 0 286 0. 140.5
53.37 8 ATTITUDE 1 0 -41
53.40 8 GYRO_RATES -152 -86 -155 1.32645 -0.750492 1.35263
53.42 8 ENOSE_STATUS 65535 2358 65535 -0.811617 -0.631228 -0.966091 237
53.45 8 FBW_STATUS 2 1 121
53.47 8 ESTIMATOR 0. 0. 0. 0. 0.
53.50 8 ACTUATORS 1500,1000,0,1200,1000
53.55 8 GPS 0 0 0 0 0 0 0 32500 0 0
53.58 8 NAVIGATION 0 1 0 0 286 0. 140.5
53.61 8 WP_MOVED 1 497586.6875 3565500. 770.
53.65 8 ENOSE_STATUS 65535 2482 65535 -0.811617 -0.649651 -0.966091 237
53.73 8 DESIRED 0. 0. 0. 0. 761. 0.
53.80 8 GPS 0 0 0 0 0 0 0 32748 0 0
53.81 8 NAVIGATION 0 1 0 0 286 0. 140.5
53.82 8 ATTITUDE 1 0 -41
53.84 8 DOWNLINK_STATUS 52 15527 913 0 480. 28.
53.84 8 PPRZ_MODE 2 0 3 0 0 6 0
53.87 8 ENOSE_STATUS 65535 2482 65535 -0.811617 -0.649651 -0.966091 237
53.91 8 ESTIMATOR 0. 0. 0. 0. 0.
53.97 8 DL_VALUE 2 0.
54.04 8 GPS 0 0 0 0 0 0 0 33000 0 0
54.07 8 NAVIGATION 0 1 0 0 286 0. 140.5
54.11 8 WP_MOVED 2 497622.6875 3565498.5 770.
54.12 8 RAD_OF_IR 6 0 0.00211
54.14 8 ENOSE_STATUS 65535 2482 65535 -0.811617 -0.649651 -0.966091 237
54.16 8 IR_SENSORS -942 6 1
54.24 8 COMMANDS 0,-9600,9600,-9600
54.28 8 NAVIGATION 0 1 0 0 286 0. 140.5
54.33 8 GPS 0 0 0 0 0 0 0 33248 0 0
54.34 8 ATTITUDE 1 0 -42
54.38 8 GYRO_RATES -152 -86 -155 1.32645 -0.750492 1.35263
54.40 8 ENOSE_STATUS 65535 2579 65535 -0.811617 -0.662829 -0.966091 237
54.42 8 FBW_STATUS 2 1 121
54.45 8 ESTIMATOR 0. 0. 0. 0. 0.
54.48 8 BAT 0 121 0 0 35 0 0
54.50 8 CALIBRATION 0. 0.02 0.5 0
54.54 8 NAVIGATION 0 1 0 0 286 0. 140.5
54.57 8 GPS 0 0 0 0 0 0 0 33500 0 0
54.60 8 WP_MOVED 3 497546.40625 3565495.5 770.
54.61 8 SERVO 9600 -9600 0
54.65 8 ENOSE_STATUS 65535 2579 65535 -0.811617 -0.662829 -0.966091 237
54.69 8 DESIRED 0. 0. 0. 0. 761. 0.
54.70 8 IR_DEBUG 678 669 678 669
54.73 8 NAVIGATION 0 1 0 0 286 0. 140.5
54.74 8 ATTITUDE 1 0 -41
54.79 8 GPS 0 0 0 0 0 0 0 33748 0 0
54.83 8 ENOSE_STATUS 65535 2579 65535 -0.811617 -0.662829 -0.966091 237
54.84 8 DOWNLINK_STATUS 53 16045 944 0 518. 31.
54.86 8 ESTIMATOR 0. 0. 0. 0. 0.
54.91 8 DL_VALUE 3 0.
54.97 8 NAVIGATION 0 1 0 0 286 0. 140.5
55.04 8 GPS 0 0 0 0 0 0 0 34000 0 0
55.07 8 WP_MOVED 4 497575. 3565498. 0.
55.08 8 RAD_OF_IR 6 0 0.00211
55.11 8 NAVIGATION_REF 497575 3565498 12
55.14 8 ENOSE_STATUS 65535 2684 65535 -0.811617 -0.676019 -0.966091 237
55.16 8 IR_SENSORS -943 7 1
55.18 8 COMMANDS 0,-9600,9600,-9600
55.23 8 NAVIGATION 0 1 0 0 286 0. 140.5
55.26 8 ATTITUDE 1 0 -42
55.27 8 GYRO_RATES -152 -86 -155 1.32645 -0.750492 1.35263
55.31 8 GPS 0 0 0 0 0 0 0 34248 0 0
55.35 8 ENOSE_STATUS 65535 2684 65535 -0.811617 -0.676019 -0.966091 237
55.35 8 FBW_STATUS 2 1 121
55.39 8 ESTIMATOR 0. 0. 0. 0. 0.
55.43 8 NAVIGATION 0 1 0 0 286 0. 140.5
55.50 8 WP_MOVED 0 497617. 3565540. 770.
55.53 8 ENOSE_STATUS 65535 2684 65535 -0.811617 -0.676019 -0.966091 237
55.57 8 GPS 0 0 0 0 0 0 0 34500 0 0
55.61 8 DESIRED 0. 0. 0. 0. 761. 0.
55.67 8 NAVIGATION 0 1 0 0 286 0. 140.5
55.68 8 ATTITUDE 1 0 -41
55.73 8 ENOSE_STATUS 65535 2770 65535 -0.811617 -0.686078 -0.966091 237
55.79 8 GPS 0 0 0 0 0 0 0 34748 0 0
55.81 8 ESTIMATOR 0. 0. 0. 0. 0.
55.84 8 DL_VALUE 4 2.
55.84 8 DOWNLINK_STATUS 54 16526 972 0 481. 28.
55.90 8 NAVIGATION 0 1 0 0 286 0. 140.5
55.95 8 WP_MOVED 1 497586.6875 3565500. 770.
55.97 8 RAD_OF_IR 6 0 0.00211
56.03 8 ENOSE_STATUS 65535 2770 65535 -0.811617 -0.686078 -0.966091 237
56.06 8 GPS 0 0 0 0 0 0 0 35000 0 0
56.07 8 IR_SENSORS -942 6 1
56.12 8 COMMANDS 0,-9600,9600,-9600
56.15 8 NAVIGATION 0 1 0 0 286 0. 140.5
56.18 8 ATTITUDE 1 0 -41
56.22 8 GYRO_RATES -152 -86 -155 1.32645 -0.750492 1.35263
56.26 8 ENOSE_STATUS 65535 2770 65535 -0.811617 -0.686078 -0.966091 237
56.26 8 FBW_STATUS 2 1 121
56.29 8 ESTIMATOR 0. 0. 0. 0. 0.
56.32 8 BAT 0 121 0 0 37 0 0
56.35 8 GPS 0 0 0 0 0 0 0 35248 0 0
56.39 8 CALIBRATION 0. 0.02 0.5 0
56.40 8 NAVIGATION 0 1 0 0 286 0. 140.5
56.43 8 WP_MOVED 2 497622.6875 3565498.5 770.
56.45 8 SERVO 9600 -9600 0
56.48 8 ENOSE_STATUS 65535 2871 65535 -0.811617 -0.697121 -0.966091 237
56.54 8 GPS 0 0 0 0 0 0 0 35500 0 0
56.56 8 DESIRED 0. 0. 0. 0. 761. 0.
56.58 8 IR_DEBUG 679 669 679 669
56.62 8 NAVIGATION 0 1 0 0 286 0. 140.5
56.63 8 ATTITUDE 1 0 -41
56.67 8 ENOSE_STATUS 65535 2871 65535 -0.811617 -0.697121 -0.966091 237
56.74 8 ESTIMATOR 0. 0. 0. 0. 0.
56.78 8 GPS 0 0 0 0 0 0 0 35748 0 0
56.80 8 DL_VALUE 5 0.
56.84 8 NAVIGATION 0 1 0 0 286 0. 140.5
56.84 8 DOWNLINK_STATUS 55 17032 1002 0 506. 30.
56.89 8 WP_MOVED 3 497546.40625 3565495.5 770.
56.92 8 RAD_OF_IR 6 0 0.00211
56.95 8 ENOSE_STATUS 65535 2871 65535 -0.811617 -0.697121 -0.966091 237
56.98 8 IR_SENSORS -943 7 1
57.05 8 GPS 0 0 0 0 0 0 0 36000 0 0
57.07 8 COMMANDS 0,-9600,9600,-9600
57.09 8 NAVIGATION 0 1 0 0 286 0. 140.5
57.11 8 ATTITUDE 1 0 -41
57.15 8 GYRO_RATES -152 -86 -155 1.32645 -0.750492 1.35263
57.17 8 ENOSE_STATUS 65535 2960 65535 -0.811617 -0.706228 -0.966091 237
57.19 8 FBW_STATUS 2 1 121
57.23 8 ESTIMATOR 0. 0. 0. 0. 0.
57.28 8 GPS 0 0 0 0 0 0 0 36248 0 0
57.31 8 NAVIGATION 0 1 0 0 286 0. 140.5
57.36 8 WP_MOVED 4 497575. 3565498. 0.
57.40 8 ENOSE_STATUS 65535 2960 65535 -0.811617 -0.706228 -0.966091 237
57.48 8 DESIRED 0. 0. 0. 0. 761. 0.
57.53 8 GPS 0 0 0 0 0 0 0 36500 0 0
57.56 8 NAVIGATION 0 1 0 0 286 0. 140.5
57.58 8 ATTITUDE 1 0 -41
57.61 8 ENOSE_STATUS 65535 2960 65535 -0.811617 -0.706228 -0.966091 237
57.66 8 ESTIMATOR 0. 0. 0. 0. 0.
57.73 8 DL_VALUE 6 0.
57.78 8 GPS 0 0 0 0 0 0 0 36748 0 0
57.81 8 NAVIGATION 0 1 0 0 286 0. 140.5
57.83 8 WP_MOVED 0 497617. 3565540. 770.
57.86 8 RAD_OF_IR 6 0 0.00211
57.86 8 DOWNLINK_STATUS 56 17498 1029 0 466. 27.
57.89 8 ENOSE_STATUS 65535 3054 65535 -0.811617 -0.71527 -0.966091 237
57.91 8 IR_SENSORS -942 6 1
58.00 8 COMMANDS 0,-9600,9600,-9600
58.03 8 NAVIGATION 0 1 0 0 286 0. 140.5
58.08 8 GPS 0 0 0 0 0 0 0 37000 0 0
58.09 8 ATTITUDE 1 0 -41
58.13 8 GYRO_RATES -152 -86 -155 1.32645 -0.750492 1.35263
58.15 8 ENOSE_STATUS 65535 3054 65535 -0.811617 -0.71527 -0.966091 237
58.17 8 FBW_STATUS 2 1 121
58.21 8 ESTIMATOR 0. 0. 0. 0. 0.
58.26 8 BAT 0 121 0 0 39 0 0
58.26 8 ACTUATORS 1500,1000,0,1200,1000
58.28 8 CALIBRATION 0. 0.02 0.5 0
58.34 8 GPS 0 0 0 0 0 0 0 37248 0 0
58.37 8 WP_MOVED 1 497586.6875 3565500. 770.
58.38 8 SERVO 9600 -9600 0
58.42 8 ENOSE_STATUS 65535 3054 65535 -0.811617 -0.71527 -0.966091 237
58.46 8 DESIRED 0. 0. 0. 0. 761. 0.
58.49 8 IR_DEBUG 679 669 679 669
58.51 8 NAVIGATION 0 1 0 0 286 0. 140.5
58.52 8 ATTITUDE 1 0 -42
58.54 8 PPRZ_MODE 2 0 3 0 0 6 0
58.59 8 GPS 0 0 0 0 0 0 0 37500 0 0
58.61 8 ENOSE_STATUS 65535 3054 65535 -0.811617 -0.71527 -0.966091 237
58.66 8 ESTIMATOR 0. 0. 0. 0. 0.
58.66 8 DL_VALUE 7 0.
58.73 8 NAVIGATION 0 1 0 0 286 0. 140.5
58.78 8 GPS 0 0 0 0 0 0 0 37748 0 0
58.80 8 WP_MOVED 2 497622.6875 3565498.5 770.
58.82 8 RAD_OF_IR 6 0 0.00211
58.86 8 ENOSE_STATUS 65535 3054 65535 -0.811617 -0.71527 -0.966091 237
58.86 8 DOWNLINK_STATUS 57 18011 1060 0 513. 31.
58.87 8 IR_SENSORS -942 6 1
58.94 8 COMMANDS 0,-9600,9600,-9600
58.97 8 NAVIGATION 0 1 0 0 286 0. 140.5
58.98 8 ATTITUDE 1 0 -41
59.02 8 GYRO_RATES -152 -87 -155 1.32645 -0.759218 1.35263
59.05 8 ENOSE_STATUS 65535 3054 65535 -0.811617 -0.71527 -0.966091 237
59.09 8 GPS 0 0 0 0 0 0 0 38000 0 0
59.11 8 FBW_STATUS 2 1 121
59.14 8 ESTIMATOR 0. 0. 0. 0. 0.
59.18 8 NAVIGATION 0 1 0 0 286 0. 140.5
59.25 8 WP_MOVED 3 497546.40625 3565495.5 770.
59.28 8 ENOSE_STATUS 65535 3110 65535 -0.811617 -0.720397 -0.966091 237
59.32 8 GPS 0 0 0 0 0 0 0 38248 0 0
59.35 8 DESIRED 0. 0. 0. 0. 761. 0.
59.42 8 NAVIGATION 0 1 0 0 286 0. 140.5
59.45 8 ATTITUDE 1 0 -41
59.49 8 ENOSE_STATUS 65535 3110 65535 -0.811617 -0.720397 -0.966091 237
59.53 8 GPS 0 0 0 0 0 0 0 38500 0 0
59.56 8 ESTIMATOR 0. 0. 0. 0. 0.
59.59 8 DL_VALUE 8 0.
59.65 8 NAVIGATION 0 1 0 0 286 0. 140.5
59.70 8 WP_MOVED 4 497575. 3565498. 0.
59.74 8 RAD_OF_IR 7 0 0.00211
59.77 8 ENOSE_STATUS 65535 3110 65535 -0.811617 -0.720397 -0.966091 237
59.82 8 GPS 0 0 0 0 0 0 0 38748 0 0
59.83 8 IR_SENSORS -942 6 1
59.85 8 DOWNLINK_STATUS 58 18460 1086 0 449. 26.
59.87 8 COMMANDS 0,-9600,9600,-9600
59.92 8 NAVIGATION 0 1 0 0 286 0. 140.5
59.92 8 ATTITUDE 1 0 -41
59.96 8 GYRO_RATES -152 -86 -155 1.32645 -0.750492 1.35263
59.98 8 ENOSE_STATUS 65535 3144 65535 -0.811617 -0.723421 -0.966091 237
60.00 8 FBW_STATUS 2 1 121
60.05 8 ESTIMATOR 0. 0. 0. 0. 0.
60.06 8 BAT 0 121 0 0 41 0 0
60.12 8 GPS 0 0 0 0 0 0 0 39000 0 0
60.12 8 CALIBRATION 0. 0.02 0.5 0
60.15 8 NAVIGATION 0 1 0 0 286 0. 140.5
60.18 8 WP_MOVED 0 497617. 3565540. 770.
60.20 8 SERVO 9600 -9600 0
60.24 8 ENOSE_STATUS 65535 3144 65535 -0.811617 -0.723421 -0.966091 237
60.28 8 GPS 0 0 0 0 0 0 0 39248 0 0
60.31 8 DESIRED 0. 0. 0. 0. 761. 0.
60.35 8 IR_DEBUG 678 669 678 669
60.36 8 NAVIGATION 0 1 0 0 286 0. 140.5
60.38 8 ATTITUDE 1 0 -41
60.42 8 ENOSE_STATUS 65535 3144 65535 -0.811617 -0.723421 -0.966091 237
60.48 8 ESTIMATOR 0. 0. 0. 0. 0.
60.53 8 GPS 0 0 0 0 0 0 0 39500 0 0
60.54 8 DL_VALUE 9 0.
60.59 8 NAVIGATION 0 1 0 0 286 0. 140.5
60.65 8 WP_MOVED 1 497586.6875 3565500. 770.
60.66 8 RAD_OF_IR 7 0 0.00211
60.71 8 ENOSE_STATUS 65535 3222 65535 -0.811617 -0.730116 -0.966091 237
60.72 8 IR_SENSORS -942 6 1
60.78 8 GPS 0 0 0 0 0 0 0 39748 0 0
60.82 8 COMMANDS 0,-9600,9600,-9600
60.85 8 NAVIGATION 0 1 0 0 286 0. 140.5
60.86 8 DOWNLINK_STATUS 59 18977 1117 0 517. 31.
60.87 8 ATTITUDE 1 0 -41
60.90 8 GYRO_RATES -152 -86 -155 1.32645 -0.750492 1.35263
60.92 8 ENOSE_STATUS 65535 3222 65535 -0.811617 -0.730116 -0.966091 237
60.94 8 FBW_STATUS 2 1 121
60.97 8 ESTIMATOR 0. 0. 0. 0. 0.
61.04 8 GPS 0 0 0 0 0 0 0 40000 0 0
61.07 8 NAVIGATION 0 1 0 0 286 0. 140.5
61.11 8 WP_MOVED 2 497622.6875 3565498.5 770.
61.15 8 ENOSE_STATUS 65535 3222 65535 -0.811617 -0.730116 -0.966091 237
61.24 8 DESIRED 0. 0. 0. 0. 761. 0.
61.28 8 GPS 0 0 0 0 0 0 0 40248 0 0
61.31 8 NAVIGATION 0 1 0 0 286 0. 140.5
61.32 8 ATTITUDE 1 0 -41
61.36 8 ENOSE_STATUS 65535 3286 65535 -0.811617 -0.735373 -0.966091 237
61.41 8 ESTIMATOR 0. 0. 0. 0. 0.
61.47 8 DL_VALUE 10 -85.943672
61.53 8 GPS 0 0 0 0 0 0 0 40500 0 0
61.57 8 NAVIGATION 0 1 0 0 286 0. 140.5
61.58 8 WP_MOVED 3 497546.40625 3565495.5 770.
61.60 8 RAD_OF_IR 7 0 0.00211
61.65 8 ENOSE_STATUS 65535 3286 65535 -0.811617 -0.735373 -0.966091 237
61.66 8 IR_SENSORS -942 6 1
61.75 8 COMMANDS 0,-9600,9600,-9600
61.78 8 NAVIGATION 0 1 0 0 286 0. 140.5
61.83 8 GPS 0 0 0 0 0 0 0 40748 0 0
61.85 8 ATTITUDE 1 0 -42
61.85 8 DOWNLINK_STATUS 60 19426 1143 0 449. 26.
61.88 8 GYRO_RATES -152 -86 -155 1.32645 -0.750492 1.35263
61.90 8 ENOSE_STATUS 65535 3286 65535 -0.811617 -0.735373 -0.966091 237
61.93 8 FBW_STATUS 2 1 121
61.95 8 ESTIMATOR 0. 0. 0. 0. 0.
61.98 8 BAT 0 121 0 0 43 0 0
62.02 8 CALIBRATION 0. 0.02 0.5 0
62.02 8 NAVIGATION 0 1 0 0 286 0. 140.5
62.08 8 GPS 0 0 0 0 0 0 0 41000 0 0
62.09 8 WP_MOVED 4 497575. 3565498. 0.
62.11 8 SERVO 9600 -9600 0
62.16 8 ENOSE_STATUS 65535 3405 65535 -0.811617 -0.744621 -0.966091 237
62.18 8 DESIRED 0. 0. 0. 0. 761. 0.
62.19 8 IR_DEBUG 678 669 678 669
62.27 8 NAVIGATION 0 1 0 0 286 0. 140.5
62.30 8 ATTITUDE 1 0 -41
62.30 8 GPS 0 0 0 0 0 0 0 41248 0 0
62.33 8 ENOSE_STATUS 65535 3405 65535 -0.811617 -0.744621 -0.966091 237
62.35 8 ESTIMATOR 0. 0. 0. 0. 0.
62.40 8 DL_VALUE 11 1.5
62.47 8 NAVIGATION 0 1 0 0 286 0. 140.5
62.54 8 GPS 0 0 0 0 0 0 0 41500 0 0
62.55 8 WP_MOVED 0 497617. 3565540. 770.
62.57 8 RAD_OF_IR 6 0 0.00211
62.60 8 ENOSE_STATUS 65535 3405 65535 -0.811617 -0.744621 -0.966091 237
62.64 8 IR_SENSORS -942 7 1
62.68 8 COMMANDS 0,-9600,9600,-9600
62.72 8 NAVIGATION 0 1 0 0 286 0. 140.5
62.75 8 ATTITUDE 1 0 -42
62.79 8 GYRO_RATES -152 -86 -155 1.32645 -0.750492 1.35263
62.80 8 ENOSE_STATUS 65535 3454 65535 -0.811617 -0.748244 -0.966091 237
62.86 8 GPS 0 0 0 0 0 0 0 41748 0 0
62.86 8 DOWNLINK_STATUS 61 19955 1174 0 529. 31.
62.86 8 FBW_STATUS 2 1 121
62.89 8 ESTIMATOR 0. 0. 0. 0. 0.
62.91 8 ACTUATORS 1500,1000,0,1200,1000
62.95 8 NAVIGATION 0 1 0 0 286 0. 140.5
62.98 8 WP_MOVED 1 497586.6875 3565500. 770.
63.03 8 ENOSE_STATUS 65535 3454 65535 -0.811617 -0.748244 -0.966091 237
63.08 8 GPS 0 0 0 0 0 0 0 42000 0 0
63.11 8 DESIRED 0. 0. 0. 0. 761. 0.
63.18 8 NAVIGATION 0 1 0 0 286 0. 140.5
63.19 8 ATTITUDE 1 0 -41
63.20 8 PPRZ_MODE 2 0 3 0 0 6 0
63.23 8 ENOSE_STATUS 65535 3454 65535 -0.811617 -0.748244 -0.966091 237
63.28 8 GPS 0 0 0 0 0 0 0 42248 0 0
63.33 8 ESTIMATOR 0. 0. 0. 0. 0.
63.35 8 DL_VALUE 12 1.5
63.40 8 NAVIGATION 0 1 0 0 286 0. 140.5
63.45 8 WP_MOVED 2 497622.6875 3565498.5 770.
63.48 8 RAD_OF_IR 6 0 0.00211
63.49 8 NAVIGATION_REF 497575 3565498 12
63.53 8 ENOSE_STATUS 65535 3402 65535 -0.811617 -0.744396 -0.966091 237
63.58 8 GPS 0 0 0 0 0 0 0 42500 0 0
63.60 8 IR_SENSORS -942 6 1
63.62 8 COMMANDS 0,-9600,9600,-9600
63.66 8 NAVIGATION 0 1 0 0 286 0. 140.5
63.67 8 ATTITUDE 1 0 -41
63.71 8 GYRO_RATES -152 -86 -155 1.32645 -0.750492 1.35263
63.73 8 ENOSE_STATUS 65535 3402 65535 -0.811617 -0.744396 -0.966091 237
63.76 8 FBW_STATUS 2 1 121
63.79 8 ESTIMATOR 0. 0. 0. 0. 0.
63.81 8 BAT 0 121 0 0 45 0 0
63.86 8 GPS 0 0 0 0 0 0 0 42748 0 0
63.86 8 DOWNLINK_STATUS 62 20470 1205 0 515. 31.
63.88 8 CALIBRATION 0. 0.02 0.5 0
63.90 8 NAVIGATION 0 1 0 0 286 0. 140.5
63.92 8 WP_MOVED 3 497546.40625 3565495.5 770.
63.94 8 SERVO 9600 -9600 0
63.98 8 ENOSE_STATUS 65535 3402 65535 -0.811617 -0.744396 -0.966091 237
64.05 8 GPS 0 0 0 0 0 0 0 43000 0 0
64.07 8 DESIRED 0. 0. 0. 0. 761. 0.
64.10 8 IR_DEBUG 678 668 678 668
64.14 8 NAVIGATION 0 1 0 0 286 0. 140.5
64.14 8 ATTITUDE 1 0 -41
64.17 8 ENOSE_STATUS 65535 3439 65535 -0.811617 -0.747146 -0.966091 237
64.22 8 ESTIMATOR 0. 0. 0. 0. 0.
64.28 8 GPS 0 0 0 0 0 0 0 43248 0 0
64.32 8 DL_VALUE 13 1.5
64.34 8 NAVIGATION 0 1 0 0 286 0. 140.5
64.40 8 WP_MOVED 4 497575. 3565498. 0.
64.43 8 RAD_OF_IR 6 0 0.00211
64.45 8 ENOSE_STATUS 65535 3439 65535 -0.811617 -0.747146 -0.966091 237
64.47 8 IR_SENSORS -943 7 1
64.54 8 GPS 0 0 0 0 0 0 0 43500 0 0
64.55 8 COMMANDS 0,-9600,9600,-9600
64.59 8 NAVIGATION 0 1 0 0 286 0. 140.5
64.62 8 ATTITUDE 1 0 -41
64.65 8 GYRO_RATES -152 -86 -155 1.32645 -0.750492 1.35263
64.67 8 ENOSE_STATUS 65535 3439 65535 -0.811617 -0.747146 -0.966091 237
64.69 8 FBW_STATUS 2 1 121
64.72 8 ESTIMATOR 0. 0. 0. 0. 0.
64.79 8 GPS 0 0 0 0 0 0 0 43748 0 0
64.82 8 NAVIGATION 0 1 0 0 286 0. 140.5
64.86 8 WP_MOVED 0 497617. 3565540. 770.
64.86 8 DOWNLINK_STATUS 63 20977 1235 0 507. 30.
64.90 8 ENOSE_STATUS 65535 3473 65535 -0.811617 -0.749621 -0.966091 237
64.98 8 DESIRED 0. 0. 0. 0. 761. 0.
65.04 8 GPS 0 0 0 0 0 0 0 44000 0 0
65.06 8 NAVIGATION 0 1 0 0 286 0. 140.5
65.08 8 ATTITUDE 1 0 -41
65.12 8 ENOSE_STATUS 65535 3473 65535 -0.811617 -0.749621 -0.966091 237
65.16 8 ESTIMATOR 0. 0. 0. 0. 0.
65.22 8 DL_VALUE 14 1.5
65.30 8 GPS 0 0 0 0 0 0 0 44248 0 0
65.32 8 NAVIGATION 0 1 0 0 286 0. 140.5
65.33 8 WP_MOVED 1 497586.6875 3565500. 770.
65.35 8 RAD_OF_IR 6 0 0.00211
65.40 8 ENOSE_STATUS 65535 3473 65535 -0.811617 -0.749621 -0.966091 237
65.41 8 IR_SENSORS -942 6 1
65.49 8 COMMANDS 0,-9600,9600,-9600
65.54 8 NAVIGATION 0 1 0 0 286 0. 140.5
65.58 8 GPS 0 0 0 0 0 0 0 44500 0 0
65.60 8 ATTITUDE 1 0 -42
65.63 8 GYRO_RATES -152 -86 -155 1.32645 -0.750492 1.35263
65.65 8 ENOSE_STATUS 65535 3473 65535 -0.811617 -0.749621 -0.966091 237
65.67 8 FBW_STATUS 2 1 121
65.71 8 ESTIMATOR 0. 0. 0. 0. 0.
65.72 8 BAT 0 121 0 0 47 0 0
65.75 8 CALIBRATION 0. 0.02 0.5 0
65.78 8 NAVIGATION 0 1 0 0 286 0. 140.5
65.82 8 GPS 0 0 0 0 0 0 0 44748 0 0
65.85 8 WP_MOVED 2 497622.6875 3565498.5 770.
65.86 8 SERVO 9600 -9600 0
65.86 8 DOWNLINK_STATUS 64 21455 1263 0 478. 28.
65.89 8 ENOSE_STATUS 65535 3473 65535 -0.811617 -0.749621 -0.966091 237
65.94 8 DESIRED 0. 0. 0. 0. 761. 0.
65.94 8 IR_DEBUG 678 669 678 669
65.98 8 NAVIGATION 0 1 0 0 286 0. 140.5
66.00 8 ATTITUDE 1 0 -41
66.04 8 GPS 0 0 0 0 0 0 0 45000 0 0
66.08 8 ENOSE_STATUS 65535 3473 65535 -0.811617 -0.749621 -0.966091 237
66.10 8 ESTIMATOR 0. 0. 0. 0. 0.
66.16 8 DL_VALUE 15 0.
66.21 8 NAVIGATION 0 1 0 0 286 0. 140.5
66.29 8 GPS 0 0 0 0 0 0 0 45248 0 0
66.32 8 WP_MOVED 3 497546.40625 3565495.5 770.
66.32 8 RAD_OF_IR 7 0 0.00211
66.35 8 ENOSE_STATUS 65535 3503 65535 -0.811617 -0.751766 -0.966091 237
66.38 8 IR_SENSORS -943 7 1
66.43 8 COMMANDS 0,-9600,9600,-9600
66.46 8 NAVIGATION 0 1 0 0 286 0. 140.5
66.49 8 ATTITUDE 1 0 -41
66.52 8 GYRO_RATES -152 -87 -155 1.32645 -0.759218 1.35263
66.55 8 ENOSE_STATUS 65535 3503 65535 -0.811617 -0.751766 -0.966091 237
66.59 8 GPS 0 0 0 0 0 0 0 45500 0 0
66.61 8 FBW_STATUS 2 1 121
66.65 8 ESTIMATOR 0. 0. 0. 0. 0.
66.68 8 NAVIGATION 0 1 0 0 286 0. 140.5
66.74 8 WP_MOVED 4 497575. 3565498. 0.
66.79 8 ENOSE_STATUS 65535 3503 65535 -0.811617 -0.751766 -0.966091 237
66.82 8 GPS 0 0 0 0 0 0 0 45748 0 0
66.85 8 DESIRED 0. 0. 0. 0. 761. 0.
66.88 8 DOWNLINK_STATUS 65 21953 1291 0 498. 28.
66.91 8 NAVIGATION 0 1 0 0 286 0. 140.5
66.93 8 ATTITUDE 1 0 -41
66.98 8 ENOSE_STATUS 65535 3525 65535 -0.811617 -0.753315 -0.966091 237
67.04 8 GPS 0 0 0 0 0 0 0 46000 0 0
67.08 8 ESTIMATOR 0. 0. 0. 0. 0.
67.11 8 DL_VALUE 16 1.
67.15 8 NAVIGATION 0 1 0 0 286 0. 140.5
67.20 8 WP_MOVED 0 497617. 3565540. 770.
67.24 8 RAD_OF_IR 7 0 0.00211
67.28 8 ENOSE_STATUS 65535 3525 65535 -0.811617 -0.753315 -0.966091 237
67.31 8 GPS 0 0 0 0 0 0 0 46248 0 0
67.32 8 IR_SENSORS -942 6 1
67.37 8 COMMANDS 0,-9600,9600,-9600
67.40 8 NAVIGATION 0 1 0 0 286 0. 140.5
67.42 8 ATTITUDE 1 0 -41
67.46 8 GYRO_RATES -151 -86 -155 1.317724 -0.750492 1.35263
67.48 8 ENOSE_STATUS 65535 3525 65535 -0.811617 -0.753315 -0.966091 237
67.50 8 FBW_STATUS 2 1 121
67.54 8 ESTIMATOR 0. 0. 0. 0. 0.
67.56 8 BAT 0 121 0 0 49 0 0
67.60 8 GPS 0 0 0 0 0 0 0 46500 0 0
67.62 8 ACTUATORS 1500,1000,0,1200,1000
67.66 8 CALIBRATION 0. 0.02 0.5 0
67.68 8 NAVIGATION 0 1 0 0 286 0. 140.5
67.70 8 WP_MOVED 1 497586.6875 3565500. 770.
67.72 8 SERVO 9600 -9600 0
67.75 8 ENOSE_STATUS 65535 3551 65535 -0.811617 -0.755121 -0.966091 237
67.80 8 GPS 0 0 0 0 0 0 0 46748 0 0
67.83 8 DESIRED 0. 0. 0. 0. 761. 0.
67.84 8 IR_DEBUG 679 669 679 669
67.87 8 DOWNLINK_STATUS 66 22454 1321 0 501. 30.
67.88 8 NAVIGATION 0 1 0 0 286 0. 140.5
67.89 8 ATTITUDE 1 0 -41
67.91 8 PPRZ_MODE 2 0 3 0 0 6 0
67.95 8 ENOSE_STATUS 65535 3551 65535 -0.811617 -0.755121 -0.966091 237
67.97 8 ESTIMATOR 0. 0. 0. 0. 0.
68.04 8 GPS 0 0 0 0 0 0 0 47000 0 0
68.06 8 DL_VALUE 17 470.
68.08 8 NAVIGATION 0 1 0 0 286 0. 140.5
68.14 8 WP_MOVED 2 497622.6875 3565498.5 770.
68.16 8 RAD_OF_IR 6 0 0.00211
68.20 8 ENOSE_STATUS 65535 3551 65535 -0.811617 -0.755121 -0.966091 237
68.22 8 IR_SENSORS -942 6 1
68.28 8 GPS 0 0 0 0 0 0 0 47248 0 0
68.32 8 COMMANDS 0,-9600,9600,-9600
68.34 8 NAVIGATION 0 1 0 0 286 0. 140.5
68.36 8 ATTITUDE 1 0 -42
68.40 8 GYRO_RATES -152 -86 -155 1.32645 -0.750492 1.35263
68.42 8 ENOSE_STATUS 65535 3570 65535 -0.811617 -0.756424 -0.966091 237
68.44 8 FBW_STATUS 2 1 121
68.47 8 ESTIMATOR 0. 0. 0. 0. 0.
68.53 8 GPS 0 0 0 0 0 0 0 47500 0 0
68.56 8 NAVIGATION 0 1 0 0 286 0. 140.5
68.60 8 WP_MOVED 3 497546.40625 3565495.5 770.
68.65 8 ENOSE_STATUS 65535 3570 65535 -0.811617 -0.756424 -0.966091 237
68.72 8 DESIRED 0. 0. 0. 0. 761. 0.
68.80 8 GPS 0 0 0 0 0 0 0 47748 0 0
68.83 8 NAVIGATION 0 1 0 0 286 0. 140.5
68.83 8 ATTITUDE 1 0 -42
68.86 8 ENOSE_STATUS 65535 3570 65535 -0.811617 -0.756424 -0.966091 237
68.87 8 DOWNLINK_STATUS 67 22951 1350 0 497. 29.
68.90 8 ESTIMATOR 0. 0. 0. 0. 0.
68.96 8 DL_VALUE 18 405.
69.04 8 GPS 0 0 0 0 0 0 0 48000 0 0
69.06 8 NAVIGATION 0 1 0 0 286 0. 140.5
69.09 8 WP_MOVED 4 497575. 3565498. 0.
69.12 8 RAD_OF_IR 6 0 0.00211
69.14 8 ENOSE_STATUS 65535 3589 65535 -0.811617 -0.757714 -0.966091 237
69.16 8 IR_SENSORS -943 7 1
69.29 8 GPS 0 0 0 0 0 0 0 48248 0 0
69.30 8 COMMANDS 0,-9600,9600,-9600
69.32 8 NAVIGATION 0 1 0 0 286 0. 140.5
69.34 8 ATTITUDE 1 0 -41
69.38 8 GYRO_RATES -152 -85 -155 1.32645 -0.741765 1.35263
69.40 8 ENOSE_STATUS 65535 3589 65535 -0.811617 -0.757714 -0.966091 237
69.42 8 FBW_STATUS 2 1 121
69.45 8 ESTIMATOR 0. 0. 0. 0. 0.
69.48 8 BAT 0 121 0 0 51 0 0
69.50 8 CALIBRATION 0. 0.02 0.5 0
69.52 8 NAVIGATION 0 1 0 0 286 0. 140.5
69.57 8 GPS 0 0 0 0 0 0 0 48500 0 0
69.59 8 WP_MOVED 0 497617. 3565540. 770.
69.61 8 SERVO 9600 -9600 0
69.64 8 ENOSE_STATUS 65535 3589 65535 -0.811617 -0.757714 -0.966091 237
69.68 8 DESIRED 0. 0. 0. 0. 761. 0.
69.69 8 IR_DEBUG 679 669 679 669
69.73 8 NAVIGATION 0 1 0 0 286 0. 140.5
69.74 8 ATTITUDE 1 0 -41
69.80 8 GPS 0 0 0 0 0 0 0 48748 0 0
69.84 8 ENOSE_STATUS 65535 3615 65535 -0.811617 -0.759456 -0.966091 237
69.85 8 ESTIMATOR 0. 0. 0. 0. 0.
69.87 8 DOWNLINK_STATUS 68 23461 1380 0 510. 30.
69.90 8 DL_VALUE 19 473.
69.98 8 NAVIGATION 0 1 0 0 286 0. 140.5
70.04 8 GPS 0 0 0 0 0 0 0 49000 0 0
70.06 8 WP_MOVED 1 497586.6875 3565500. 770.
70.08 8 RAD_OF_IR 6 0 0.00211
70.11 8 ENOSE_STATUS 65535 3615 65535 -0.811617 -0.759456 -0.966091 237
70.13 8 IR_SENSORS -942 6 1
70.18 8 COMMANDS 0,-9600,9600,-9600
70.22 8 NAVIGATION 0 1 0 0 286 0. 140.5
70.24 8 ATTITUDE 1 0 -42
70.27 8 GYRO_RATES -152 -86 -155 1.32645 -0.750492 1.35263
70.32 8 ENOSE_STATUS 65535 3615 65535 -0.811617 -0.759456 -0.966091 237
70.35 8 GPS 0 0 0 0 0 0 0 49248 0 0
70.36 8 FBW_STATUS 2 1 121
70.38 8 ESTIMATOR 0. 0. 0. 0. 0.
70.43 8 NAVIGATION 0 1 0 0 286 0. 140.5
70.48 8 WP_MOVED 2 497622.6875 3565498.5 770.
70.52 8 ENOSE_STATUS 65535 3626 65535 -0.811617 -0.760186 -0.966091 237
70.56 8 GPS 0 0 0 0 0 0 0 49500 0 0
70.60 8 DESIRED 0. 0. 0. 0. 761. 0.
70.66 8 NAVIGATION 0 1 0 0 286 0. 140.5
70.68 8 ATTITUDE 1 0 -41
70.73 8 ENOSE_STATUS 65535 3626 65535 -0.811617 -0.760186 -0.966091 237
70.80 8 GPS 0 0 0 0 0 0 0 49748 0 0
70.83 8 ESTIMATOR 0. 0. 0. 0. 0.
70.84 8 DL_VALUE 20 0.
70.87 8 DOWNLINK_STATUS 69 23909 1406 0 448. 26.
70.90 8 NAVIGATION 0 1 0 0 286 0. 140.5
70.95 8 WP_MOVED 3 497546.40625 3565495.5 770.
70.97 8 RAD_OF_IR 6 0 0.00211
71.01 8 ENOSE_STATUS 65535 3626 65535 -0.811617 -0.760186 -0.966091 237
71.06 8 GPS 0 0 0 0 0 0 0 50000 0 0
71.07 8 IR_SENSORS -943 7 1
71.12 8 COMMANDS 0,-9600,9600,-9600
71.15 8 NAVIGATION 0 1 0 0 286 0. 140.5
71.17 8 ATTITUDE 1 0 -41
71.20 8 GYRO_RATES -152 -86 -155 1.32645 -0.750492 1.35263
71.23 8 ENOSE_STATUS 65535 3648 65535 -0.811617 -0.761632 -0.966091 237
71.25 8 FBW_STATUS 2 1 121
71.29 8 ESTIMATOR 0. 0. 0. 0. 0.
71.33 8 BAT 0 121 0 0 53 0 0
71.35 8 GPS 0 0 0 0 0 0 0 50248 0 0
71.38 8 CALIBRATION 0. 0.02 0.5 0
71.40 8 NAVIGATION 0 1 0 0 286 0. 140.5
71.42 8 WP_MOVED 4 497575. 3565498. 0.
71.44 8 SERVO 9600 -9600 0
71.48 8 ENOSE_STATUS 65535 3648 65535 -0.811617 -0.761632 -0.966091 237
71.53 8 GPS 0 0 0 0 0 0 0 50500 0 0
71.56 8 DESIRED 0. 0. 0. 0. 761. 0.
71.59 8 IR_DEBUG 678 669 678 669
71.61 8 NAVIGATION 0 1 0 0 286 0. 140.5
71.63 8 ATTITUDE 1 0 -41
71.67 8 ENOSE_STATUS 65535 3648 65535 -0.811617 -0.761632 -0.966091 237
71.72 8 ESTIMATOR 0. 0. 0. 0. 0.
71.80 8 GPS 0 0 0 0 0 0 0 50748 0 0
71.83 8 DL_VALUE 21 0.75
71.83 8 NAVIGATION 0 1 0 0 286 0. 140.5
71.87 8 DOWNLINK_STATUS 70 24415 1436 0 506. 30.
71.88 8 WP_MOVED 0 497617. 3565540. 770.
71.91 8 RAD_OF_IR 6 0 0.00211
71.93 8 NAVIGATION_REF 497575 3565498 12
71.97 8 ENOSE_STATUS 65535 3648 65535 -0.811617 -0.761632 -0.966091 237
71.99 8 IR_SENSORS -942 7 1
72.04 8 GPS 0 0 0 0 0 0 0 51000 0 0
72.06 8 COMMANDS 0,-9600,9600,-9600
72.09 8 NAVIGATION 0 1 0 0 286 0. 140.5
72.11 8 ATTITUDE 1 0 -42
72.14 8 GYRO_RATES -152 -86 -155 1.32645 -0.750492 1.35263
72.17 8 ENOSE_STATUS 65535 3648 65535 -0.811617 -0.761632 -0.966091 237
72.19 8 FBW_STATUS 2 1 121
72.22 8 ESTIMATOR 0. 0. 0. 0. 0.
72.24 8 ACTUATORS 1500,1000,0,1200,1000
72.32 8 GPS 0 0 0 0 0 0 0 51248 0 0
72.34 8 NAVIGATION 0 1 0 0 286 0. 140.5
72.36 8 WP_MOVED 1 497586.6875 3565500. 770.
72.40 8 ENOSE_STATUS 65535 3648 65535 -0.811617 -0.761632 -0.966091 237
72.50 8 DESIRED 0. 0. 0. 0. 761. 0.
72.53 8 GPS 0 0 0 0 0 0 0 51500 0 0
72.55 8 NAVIGATION 0 1 0 0 286 0. 140.5
72.57 8 ATTITUDE 1 0 -41
72.59 8 PPRZ_MODE 2 0 3 0 0 6 0
72.62 8 ENOSE_STATUS 65535 3660 65535 -0.811617 -0.762414 -0.966091 237
72.66 8 ESTIMATOR 0. 0. 0. 0. 0.
72.71 8 DL_VALUE 22 20000.
72.79 8 GPS 0 0 0 0 0 0 0 51748 0 0
72.84 8 NAVIGATION 0 1 0 0 286 0. 140.5
72.84 8 WP_MOVED 2 497622.6875 3565498.5 770.
72.86 8 RAD_OF_IR 7 0 0.00211
72.87 8 DOWNLINK_STATUS 71 24914 1466 0 499. 30.
72.88 8 ENOSE_STATUS 65535 3660 65535 -0.811617 -0.762414 -0.966091 237
72.91 8 IR_SENSORS -942 6 1
72.99 8 COMMANDS 0,-9600,9600,-9600
73.03 8 NAVIGATION 0 1 0 0 286 0. 140.5
73.08 8 GPS 0 0 0 0 0 0 0 52000 0 0
73.09 8 ATTITUDE 1 0 -41
73.12 8 GYRO_RATES -152 -86 -155 1.32645 -0.750492 1.35263
73.15 8 ENOSE_STATUS 65535 3660 65535 -0.811617 -0.762414 -0.966091 237
73.16 8 FBW_STATUS 2 1 121
73.20 8 ESTIMATOR 0. 0. 0. 0. 0.
73.22 8 BAT 0 121 0 0 55 0 0
73.25 8 CALIBRATION 0. 0.02 0.5 0
73.29 8 NAVIGATION 0 1 0 0 286 0. 140.5
73.34 8 GPS 0 0 0 0 0 0 0 52248 0 0
73.34 8 WP_MOVED 3 497546.40625 3565495.5 770.
73.36 8 SERVO 9600 -9600 0
73.39 8 ENOSE_STATUS 65535 3671 65535 -0.811617 -0.763126 -0.966091 237
73.42 8 DESIRED 0. 0. 0. 0. 761. 0.
73.44 8 IR_DEBUG 679 669 679 669
73.48 8 NAVIGATION 0 1 0 0 286 0. 140.5
73.49 8 ATTITUDE 1 0 -42
73.54 8 GPS 0 0 0 0 0 0 0 52500 0 0
73.57 8 ENOSE_STATUS 65535 3671 65535 -0.811617 -0.763126 -0.966091 237
73.60 8 ESTIMATOR 0. 0. 0. 0. 0.
73.65 8 DL_VALUE 23 20000.
73.71 8 NAVIGATION 0 1 0 0 286 0. 140.5
73.80 8 GPS 0 0 0 0 0 0 0 52748 0 0
73.83 8 WP_MOVED 4 497575. 3565498. 0.
73.83 8 RAD_OF_IR 7 0 0.00211
73.85 8 ENOSE_STATUS 65535 3671 65535 -0.811617 -0.763126 -0.966091 237
73.87 8 IR_SENSORS -942 6 1
73.87 8 DOWNLINK_STATUS 72 25431 1497 0 517. 31.
73.93 8 COMMANDS 0,-9600,9600,-9600
73.96 8 NAVIGATION 0 1 0 0 286 0. 140.5
73.98 8 ATTITUDE 1 0 -41
74.02 8 GYRO_RATES -152 -87 -155 1.32645 -0.759218 1.35263
74.05 8 ENOSE_STATUS 65535 3686 65535 -0.811617 -0.76409 -0.966091 237
74.09 8 GPS 0 0 0 0 0 0 0 53000 0 0
74.11 8 FBW_STATUS 2 1 121
74.14 8 ESTIMATOR 0. 0. 0. 0. 0.
74.18 8 NAVIGATION 0 1 0 0 286 0. 140.5
74.23 8 WP_MOVED 0 497617. 3565540. 770.
74.27 8 ENOSE_STATUS 65535 3686 65535 -0.811617 -0.76409 -0.966091 237
74.32 8 GPS 0 0 0 0 0 0 0 53248 0 0
74.36 8 DESIRED 0. 0. 0. 0. 761. 0.
74.41 8 NAVIGATION 0 1 0 0 286 0. 140.5
74.43 8 ATTITUDE 1 0 -41
74.48 8 ENOSE_STATUS 65535 3686 65535 -0.811617 -0.76409 -0.966091 237
74.53 8 GPS 0 0 0 0 0 0 0 53500 0 0
74.56 8 ESTIMATOR 0. 0. 0. 0. 0.
74.59 8 DL_VALUE 24 0.75
74.65 8 NAVIGATION 0 1 0 0 286 0. 140.5
74.70 8 WP_MOVED 1 497586.6875 3565500. 770.
74.74 8 RAD_OF_IR 6 0 0.00211
74.76 8 ENOSE_STATUS 65535 3693 65535 -0.811617 -0.764537 -0.966091 237
74.80 8 GPS 0 0 0 0 0 0 0 53748 0 0
74.85 8 IR_SENSORS -942 6 1
74.86 8 COMMANDS 0,-9600,9600,-9600
74.87 8 DOWNLINK_STATUS 73 25883 1523 0 452. 26.
74.91 8 NAVIGATION 0 1 0 0 286 0. 140.5
74.92 8 ATTITUDE 1 0 -41
74.96 8 GYRO_RATES -152 -86 -155 1.32645 -0.750492 1.35263
74.98 8 ENOSE_STATUS 65535 3693 65535 -0.811617 -0.764537 -0.966091 237
75.00 8 FBW_STATUS 2 1 121
75.03 8 ESTIMATOR 0. 0. 0. 0. 0.
75.06 8 BAT 0 121 0 0 57 0 0
75.10 8 GPS 0 0 0 0 0 0 0 54000 0 0
75.12 8 CALIBRATION 0. 0.02 0.5 0
75.15 8 NAVIGATION 0 1 0 0 286 0. 140.5
75.18 8 WP_MOVED 2 497622.6875 3565498.5 770.
75.19 8 SERVO 9600 -9600 0
75.23 8 ENOSE_STATUS 65535 3693 65535 -0.811617 -0.764537 -0.966091 237
75.28 8 GPS 0 0 0 0 0 0 0 54248 0 0
75.33 8 DESIRED 0. 0. 0. 0. 761. 0.
75.35 8 IR_DEBUG 678 669 678 669
75.36 8 NAVIGATION 0 1 0 0 286 0. 140.5
75.38 8 ATTITUDE 1 0 -41
75.42 8 ENOSE_STATUS 65535 3716 65535 -0.811617 -0.765994 -0.966091 237
75.47 8 ESTIMATOR 0. 0. 0. 0. 0.
75.53 8 GPS 0 0 0 0 0 0 0 54500 0 0
75.54 8 DL_VALUE 25 20000.
75.58 8 NAVIGATION 0 1 0 0 286 0. 140.5
75.64 8 WP_MOVED 3 497546.40625 3565495.5 770.
75.66 8 RAD_OF_IR 6 0 0.00211
75.70 8 ENOSE_STATUS 65535 3716 65535 -0.811617 -0.765994 -0.966091 237
75.72 8 IR_SENSORS -942 7 1
75.78 8 GPS 0 0 0 0 0 0 0 54748 0 0
75.82 8 COMMANDS 0,-9600,9600,-9600
75.86 8 NAVIGATION 0 1 0 0 286 0. 140.5
75.86 8 ATTITUDE 1 0 -42
75.87 8 DOWNLINK_STATUS 74 26397 1554 0 514. 31.
75.89 8 GYRO_RATES -152 -86 -155 1.32645 -0.750492 1.35263
75.92 8 ENOSE_STATUS 65535 3716 65535 -0.811617 -0.765994 -0.966091 237
75.94 8 FBW_STATUS 2 1 121
75.97 8 ESTIMATOR 0. 0. 0. 0. 0.
76.04 8 GPS 0 0 0 0 0 0 0 55000 0 0
76.07 8 NAVIGATION 0 1 0 0 286 0. 140.5
76.10 8 WP_MOVED 4 497575. 3565498. 0.
76.15 8 ENOSE_STATUS 65535 3716 65535 -0.811617 -0.765994 -0.966091 237
76.22 8 DESIRED 0. 0. 0. 0. 761. 0.
76.28 8 GPS 0 0 0 0 0 0 0 55248 0 0
76.32 8 NAVIGATION 0 1 0 0 286 0. 140.5
76.35 8 ATTITUDE 1 0 -41
76.36 8 ENOSE_STATUS 65535 3716 65535 -0.811617 -0.765994 -0.966091 237
76.40 8 ESTIMATOR 0. 0. 0. 0. 0.
76.46 8 DL_VALUE 26 20000.
76.52 8 GPS 0 0 0 0 0 0 0 55500 0 0
76.55 8 NAVIGATION 0 1 0 0 286 0. 140.5
76.58 8 WP_MOVED 0 497617. 3565540. 770.
76.60 8 RAD_OF_IR 6 0 0.00211
76.64 8 ENOSE_STATUS 65535 3716 65535 -0.811617 -0.765994 -0.966091 237
76.66 8 IR_SENSORS -942 6 1
76.74 8 COMMANDS 0,-9600,9600,-9600
76.78 8 NAVIGATION 0 1 0 0 286 0. 140.5
76.83 8 GPS 0 0 0 0 0 0 0 55748 0 0
76.87 8 ATTITUDE 1 0 -42
76.87 8 DOWNLINK_STATUS 75 26838 1579 0 441. 25.
76.88 8 GYRO_RATES -152 -85 -155 1.32645 -0.741765 1.35263
76.90 8 ENOSE_STATUS 65535 3734 65535 -0.811617 -0.767122 -0.966091 237
76.92 8 FBW_STATUS 2 1 121
76.95 8 ESTIMATOR 0. 0. 0. 0. 0.
76.98 8 BAT 0 121 0 0 59 0 0
77.00 8 ACTUATORS 1500,1000,0,1200,1000
77.03 8 CALIBRATION 0. 0.02 0.5 0
77.05 8 NAVIGATION 0 1 0 0 286 0. 140.5
77.09 8 GPS 0 0 0 0 0 0 0 56000 0 0
77.12 8 WP_MOVED 1 497586.6875 3565500. 770.
77.14 8 SERVO 9600 -9600 0
77.16 8 ENOSE_STATUS 65535 3734 65535 -0.811617 -0.767122 -0.966091 237
77.20 8 DESIRED 0. 0. 0. 0. 761. 0.
77.22 8 IR_DEBUG 678 669 678 669
77.25 8 NAVIGATION 0 1 0 0 286 0. 140.5
77.27 8 ATTITUDE 1 0 -41
77.30 8 PPRZ_MODE 2 0 3 0 0 6 0
77.34 8 GPS 0 0 0 0 0 0 0 56248 0 0
77.36 8 ENOSE_STATUS 65535 3734 65535 -0.811617 -0.767122 -0.966091 237
77.39 8 ESTIMATOR 0. 0. 0. 0. 0.
77.40 8 DL_VALUE 27 0.75
77.46 8 NAVIGATION 0 1 0 0 286 0. 140.5
77.53 8 GPS 0 0 0 0 0 0 0 56500 0 0
77.55 8 WP_MOVED 2 497622.6875 3565498.5 770.
77.57 8 RAD_OF_IR 6 0 0.00211
77.60 8 ENOSE_STATUS 65535 3734 65535 -0.811617 -0.767122 -0.966091 237
77.62 8 IR_SENSORS -942 6 1
77.68 8 COMMANDS 0,-9600,9600,-9600
77.72 8 NAVIGATION 0 1 0 0 286 0. 140.5
77.73 8 ATTITUDE 1 0 -41
77.77 8 GYRO_RATES -152 -85 -155 1.32645 -0.741765 1.35263
77.81 8 ENOSE_STATUS 65535 3734 65535 -0.811617 -0.767122 -0.966091 237
77.84 8 GPS 0 0 0 0 0 0 0 56748 0 0
77.86 8 FBW_STATUS 2 1 121
77.87 8 DOWNLINK_STATUS 76 27394 1613 0 556. 34.
77.89 8 ESTIMATOR 0. 0. 0. 0. 0.
77.93 8 NAVIGATION 0 1 0 0 286 0. 140.5
77.98 8 WP_MOVED 3 497546.40625 3565495.5 770.
78.02 8 ENOSE_STATUS 65535 3734 65535 -0.811617 -0.767122 -0.966091 237
78.06 8 GPS 0 0 0 0 0 0 0 57000 0 0
78.10 8 DESIRED 0. 0. 0. 0. 761. 0.
78.16 8 NAVIGATION 0 1 0 0 286 0. 140.5
78.18 8 ATTITUDE 1 0 -41
78.23 8 ENOSE_STATUS 65535 3734 65535 -0.811617 -0.767122 -0.966091 237
78.27 8 GPS 0 0 0 0 0 0 0 57248 0 0
78.33 8 ESTIMATOR 0. 0. 0. 0. 0.
78.36 8 DL_VALUE 28 10000.
78.40 8 NAVIGATION 0 1 0 0 286 0. 140.5
78.45 8 WP_MOVED 4 497575. 3565498. 0.
78.47 8 RAD_OF_IR 7 0 0.00211
78.52 8 ENOSE_STATUS 65535 3734 65535 -0.811617 -0.767122 -0.966091 237
78.56 8 GPS 0 0 0 0 0 0 0 57500 0 0
78.59 8 IR_SENSORS -942 6 1
78.62 8 COMMANDS 0,-9600,9600,-9600
78.66 8 NAVIGATION 0 1 0 0 286 0. 140.5
78.69 8 ATTITUDE 1 0 -41
78.71 8 GYRO_RATES -152 -86 -155 1.32645 -0.750492 1.35263
78.73 8 ENOSE_STATUS 65535 3734 65535 -0.811617 -0.767122 -0.966091 237
78.75 8 FBW_STATUS 2 1 121
78.79 8 ESTIMATOR 0. 0. 0. 0. 0.
78.83 8 BAT 0 121 0 0 61 1 0
78.85 8 GPS 0 0 0 0 0 0 0 57748 0 0
78.87 8 DOWNLINK_STATUS 77 27871 1640 0 477. 27.
78.88 8 CALIBRATION 0. 0.02 0.5 0
78.90 8 NAVIGATION 0 1 0 0 286 0. 140.5
78.92 8 WP_MOVED 0 497617. 3565540. 770.
78.94 8 SERVO 9600 -9600 0
78.98 8 ENOSE_STATUS 65535 3749 65535 -0.811617 -0.768054 -0.966091 237
79.04 8 GPS 0 0 0 0 0 0 0 58000 0 0
79.07 8 DESIRED 0. 0. 0. 0. 761. 0.
79.10 8 IR_DEBUG 678 669 678 669
79.12 8 NAVIGATION 0 1 0 0 286 0. 140.5
79.14 8 ATTITUDE 1 0 -41
79.17 8 ENOSE_STATUS 65535 3749 65535 -0.811617 -0.768054 -0.966091 237
79.22 8 ESTIMATOR 0. 0. 0. 0. 0.
79.29 8 GPS 0 0 0 0 0 0 0 58248 0 0
79.30 8 DL_VALUE 29 10000.
79.34 8 NAVIGATION 0 1 0 0 286 0. 140.5
79.39 8 WP_MOVED 1 497586.6875 3565500. 770.
79.41 8 RAD_OF_IR 6 0 0.00211
79.45 8 ENOSE_STATUS 65535 3749 65535 -0.811617 -0.768054 -0.966091 237
79.47 8 IR_SENSORS -943 7 1
79.53 8 GPS 0 0 0 0 0 0 0 58500 0 0
79.55 8 COMMANDS 0,-9600,9600,-9600
79.59 8 NAVIGATION 0 1 0 0 286 0. 140.5
79.62 8 ATTITUDE 1 0 -41
79.65 8 GYRO_RATES -152 -86 -155 1.32645 -0.750492 1.35263
79.69 8 ENOSE_STATUS 65535 3742 65535 -0.811617 -0.76762 -0.966091 237
79.69 8 FBW_STATUS 2 1 121
79.73 8 ESTIMATOR 0. 0. 0. 0. 0.
79.78 8 GPS 0 0 0 0 0 0 0 58748 0 0
79.81 8 NAVIGATION 0 1 0 0 286 0. 140.5
79.85 8 WP_MOVED 2 497622.6875 3565498.5 770.
79.88 8 DOWNLINK_STATUS 78 28378 1670 0 507. 30.
79.90 8 ENOSE_STATUS 65535 3742 65535 -0.811617 -0.76762 -0.966091 237
79.98 8 DESIRED 0. 0. 0. 0. 761. 0.
80.04 8 GPS 0 0 0 0 0 0 0 59000 0 0
80.06 8 NAVIGATION 0 1 0 0 286 0. 140.5
80.08 8 ATTITUDE 1 0 -41
80.12 8 ENOSE_STATUS 65535 3742 65535 -0.811617 -0.76762 -0.966091 237
80.16 8 ESTIMATOR 0. 0. 0. 0. 0.
80.21 8 DL_VALUE 30 0.3
80.28 8 GPS 0 0 0 0 0 0 0 59248 0 0
80.31 8 NAVIGATION 0 1 0 0 286 0. 140.5
80.34 8 WP_MOVED 3 497546.40625 3565495.5 770.
80.35 8 RAD_OF_IR 7 0 0.00211
80.37 8 NAVIGATION_REF 497575 3565498 12
80.40 8 ENOSE_STATUS 65535 3761 65535 -0.811617 -0.768794 -0.966091 237
80.42 8 IR_SENSORS -942 7 1
80.49 8 COMMANDS 0,-9600,9600,-9600
80.52 8 NAVIGATION 0 1 0 0 286 0. 140.5
80.57 8 GPS 0 0 0 0 0 0 0 59500 0 0
80.59 8 ATTITUDE 1 0 -41
80.62 8 GYRO_RATES -152 -86 -155 1.32645 -0.750492 1.35263
80.65 8 ENOSE_STATUS 65535 3761 65535 -0.811617 -0.768794 -0.966091 237
80.66 8 FBW_STATUS 2 1 121
80.71 8 ESTIMATOR 0. 0. 0. 0. 0.
80.73 8 BAT 0 121 0 0 63 1 0
80.76 8 CALIBRATION 0. 0.02 0.5 0
80.79 8 NAVIGATION 0 1 0 0 286 0. 140.5
80.83 8 GPS 0 0 0 0 0 0 0 59748 0 0
80.86 8 WP_MOVED 4 497575. 3565498. 0.
80.86 8 SERVO 9600 -9600 0
80.87 8 DOWNLINK_STATUS 79 28867 1699 0 489. 29.
80.89 8 ENOSE_STATUS 65535 3761 65535 -0.811617 -0.768794 -0.966091 237
80.92 8 DESIRED 0. 0. 0. 0. 761. 0.
80.94 8 IR_DEBUG 678 669 678 669
80.98 8 NAVIGATION 0 1 0 0 286 0. 140.5
80.99 8 ATTITUDE 1 0 -41
81.05 8 GPS 0 0 0 0 0 0 0 60000 0 0
81.08 8 ENOSE_STATUS 65535 3764 65535 -0.811617 -0.768978 -0.966091 237
81.10 8 ESTIMATOR 0. 0. 0. 0. 0.
81.15 8 DL_VALUE 31 0.36
81.21 8 NAVIGATION 0 1 0 0 286 0. 140.5
81.28 8 GPS 0 0 0 0 0 0 0 60248 0 0
81.31 8 WP_MOVED 0 497617. 3565540. 770.
81.35 8 RAD_OF_IR 7 0 0.00211
81.36 8 ENOSE_STATUS 65535 3764 65535 -0.811617 -0.768978 -0.966091 237
81.37 8 IR_SENSORS -942 6 1
81.43 8 COMMANDS 0,-9600,9600,-9600
81.46 8 NAVIGATION 0 1 0 0 286 0. 140.5
81.48 8 ATTITUDE 1 0 -41
81.52 8 GYRO_RATES -152 -87 -155 1.32645 -0.759218 1.35263
81.54 8 ENOSE_STATUS 65535 3764 65535 -0.811617 -0.768978 -0.966091 237
81.59 8 GPS 0 0 0 0 0 0 0 60500 0 0
81.61 8 FBW_STATUS 2 1 121
81.64 8 ESTIMATOR 0. 0. 0. 0. 0.
81.66 8 ACTUATORS 1500,1000,0,1200,1000
81.69 8 NAVIGATION 0 1 0 0 286 0. 140.5
81.73 8 WP_MOVED 1 497586.6875 3565500. 770.
81.77 8 ENOSE_STATUS 65535 3757 65535 -0.811617 -0.768548 -0.966091 237
81.83 8 GPS 0 0 0 0 0 0 0 60748 0 0
81.87 8 DESIRED 0. 0. 0. 0. 761. 0.
81.87 8 DOWNLINK_STATUS 80 29378 1728 0 511. 29.
81.91 8 NAVIGATION 0 1 0 0 286 0. 140.5
81.93 8 ATTITUDE 1 0 -41
81.95 8 PPRZ_MODE 2 0 3 0 0 6 0
81.98 8 ENOSE_STATUS 65535 3757 65535 -0.811617 -0.768548 -0.966091 237
82.04 8 GPS 0 0 0 0 0 0 0 61000 0 0
82.07 8 ESTIMATOR 0. 0. 0. 0. 0.
82.09 8 DL_VALUE 32 0.01
82.14 8 NAVIGATION 0 1 0 0 286 0. 140.5
82.20 8 WP_MOVED 2 497622.6875 3565498.5 770.
82.22 8 RAD_OF_IR 7 0 0.00211
82.26 8 ENOSE_STATUS 65535 3757 65535 -0.811617 -0.768548 -0.966091 237
82.31 8 GPS 0 0 0 0 0 0 0 61248 0 0
82.35 8 IR_SENSORS -942 7 1
82.36 8 COMMANDS 0,-9600,9600,-9600
82.40 8 NAVIGATION 0 1 0 0 286 0. 140.5
82.42 8 ATTITUDE 1 0 -41
82.46 8 GYRO_RATES -152 -86 -155 1.32645 -0.750492 1.35263
82.48 8 ENOSE_STATUS 65535 3783 65535 -0.811617 -0.770139 -0.966091 237
82.50 8 FBW_STATUS 2 1 121
82.53 8 ESTIMATOR 0. 0. 0. 0. 0.
82.56 8 BAT 0 121 0 0 65 1 0
82.60 8 GPS 0 0 0 0 0 0 0 61500 0 0
82.62 8 CALIBRATION 0. 0.02 0.5 0
82.65 8 NAVIGATION 0 1 0 0 286 0. 140.5
82.67 8 WP_MOVED 3 497546.40625 3565495.5 770.
82.69 8 SERVO 9600 -9600 0
82.73 8 ENOSE_STATUS 65535 3783 65535 -0.811617 -0.770139 -0.966091 237
82.78 8 GPS 0 0 0 0 0 0 0 61748 0 0
82.82 8 DESIRED 0. 0. 0. 0. 761. 0.
82.85 8 IR_DEBUG 678 669 678 669
82.86 8 NAVIGATION 0 1 0 0 286 0. 140.5
82.87 8 DOWNLINK_STATUS 81 29893 1759 0 515. 31.
82.88 8 ATTITUDE 1 0 -41
82.92 8 ENOSE_STATUS 65535 3783 65535 -0.811617 -0.770139 -0.966091 237
82.97 8 ESTIMATOR 0. 0. 0. 0. 0.
83.04 8 GPS 0 0 0 0 0 0 0 62000 0 0
83.06 8 DL_VALUE 0 761.
83.08 8 NAVIGATION 0 1 0 0 286 0. 140.5
83.14 8 WP_MOVED 4 497575. 3565498. 0.
83.16 8 RAD_OF_IR 6 0 0.00211
83.20 8 ENOSE_STATUS 65535 3779 65535 -0.811617 -0.769895 -0.966091 237
83.22 8 IR_SENSORS -942 6 1
83.28 8 GPS 0 0 0 0 0 0 0 62248 0 0
83.32 8 COMMANDS 0,-9600,9600,-9600
83.35 8 NAVIGATION 0 1 0 0 286 0. 140.5
83.36 8 ATTITUDE 1 0 -41
83.39 8 GYRO_RATES -152 -86 -155 1.32645 -0.750492 1.35263
83.42 8 ENOSE_STATUS 65535 3779 65535 -0.811617 -0.769895 -0.966091 237
83.44 8 FBW_STATUS 2 1 121
83.47 8 ESTIMATOR 0. 0. 0. 0. 0.
83.53 8 GPS 0 0 0 0 0 0 0 62500 0 0
83.56 8 NAVIGATION 0 1 0 0 286 0. 140.5
83.60 8 WP_MOVED 0 497617. 3565540. 770.
83.64 8 ENOSE_STATUS 65535 3779 65535 -0.811617 -0.769895 -0.966091 237
83.72 8 DESIRED 0. 0. 0. 0. 761. 0.
83.78 8 GPS 0 0 0 0 0 0 0 62748 0 0
83.81 8 NAVIGATION 0 1 0 0 286 0. 140.5
83.85 8 ATTITUDE 1 0 -41
83.86 8 ENOSE_STATUS 65535 3798 65535 -0.811617 -0.771047 -0.966091 237
83.87 8 DOWNLINK_STATUS 82 30363 1786 0 470. 27.
83.90 8 ESTIMATOR 0. 0. 0. 0. 0.
83.96 8 DL_VALUE 1 1.
84.04 8 GPS 0 0 0 0 0 0 0 63000 0 0
84.06 8 NAVIGATION 0 1 0 0 286 0. 140.5
84.09 8 WP_MOVED 1 497586.6875 3565500. 770.
84.11 8 RAD_OF_IR 7 0 0.00211
84.14 8 ENOSE_STATUS 65535 3798 65535 -0.811617 -0.771047 -0.966091 237
84.16 8 IR_SENSORS -942 6 1
84.24 8 COMMANDS 0,-9600,9600,-9600
84.28 8 NAVIGATION 0 1 0 0 286 0. 140.5
84.33 8 GPS 0 0 0 0 0 0 0 63248 0 0
84.36 8 ATTITUDE 1 0 -41
84.37 8 GYRO_RATES -152 -86 -155 1.32645 -0.750492 1.35263
84.40 8 ENOSE_STATUS 65535 3798 65535 -0.811617 -0.771047 -0.966091 237
84.42 8 FBW_STATUS 2 1 121
84.45 8 ESTIMATOR 0. 0. 0. 0. 0.
84.47 8 BAT 0 121 0 0 66 0 0
84.50 8 CALIBRATION 0. 0.02 0.5 0
84.52 8 NAVIGATION 0 1 0 0 286 0. 140.5
84.58 8 GPS 0 0 0 0 0 0 0 63500 0 0
84.60 8 WP_MOVED 2 497622.6875 3565498.5 770.
84.61 8 SERVO 9600 -9600 0
84.64 8 ENOSE_STATUS 65535 3798 65535 -0.811617 -0.771047 -0.966091 237
84.67 8 DESIRED 0. 0. 0. 0. 761. 0.
84.69 8 IR_DEBUG 678 669 678 669
84.74 8 NAVIGATION 0 1 0 0 286 0. 140.5
84.74 8 ATTITUDE 1 0 -41
84.79 8 GPS 0 0 0 0 0 0 0 63748 0 0
84.82 8 ENOSE_STATUS 65535 3798 65535 -0.811617 -0.771047 -0.966091 237
84.87 8 ESTIMATOR 0. 0. 0. 0. 0.
84.87 8 DOWNLINK_STATUS 83 30873 1816 0 510. 30.
84.91 8 DL_VALUE 2 0.
84.96 8 NAVIGATION 0 1 0 0 286 0. 140.5
85.04 8 GPS 0 0 0 0 0 0 0 64000 0 0
85.06 8 WP_MOVED 3 497546.40625 3565495.5 770.
85.08 8 RAD_OF_IR 6 0 0.00211
85.11 8 ENOSE_STATUS 65535 3798 65535 -0.811617 -0.771047 -0.966091 237
85.13 8 IR_SENSORS -942 6 1
85.18 8 COMMANDS 0,-9600,9600,-9600
85.21 8 NAVIGATION 0 1 0 0 286 0. 140.5
85.23 8 ATTITUDE 1 0 -41
85.27 8 GYRO_RATES -152 -85 -154 1.32645 -0.741765 1.343904
85.30 8 ENOSE_STATUS 65535 3794 65535 -0.811617 -0.770805 -0.966091 237
85.34 8 GPS 0 0 0 0 0 0 0 64248 0 0
85.38 8 FBW_STATUS 2 1 121
85.39 8 ESTIMATOR 0. 0. 0. 0. 0.
85.43 8 NAVIGATION 0 1 0 0 286 0. 140.5
85.48 8 WP_MOVED 4 497575. 3565498. 0.
85.52 8 ENOSE_STATUS 65535 3794 65535 -0.811617 -0.770805 -0.966091 237
85.56 8 GPS 0 0 0 0 0 0 0 64500 0 0
85.60 8 DESIRED 0. 0. 0. 0. 761. 0.
85.66 8 NAVIGATION 0 1 0 0 286 0. 140.5
85.68 8 ATTITUDE 1 0 -41
85.73 8 ENOSE_STATUS 65535 3794 65535 -0.811617 -0.770805 -0.966091 237
85.78 8 GPS 0 0 0 0 0 0 0 64748 0 0
85.81 8 ESTIMATOR 0. 0. 0. 0. 0.
85.85 8 DL_VALUE 3 0.
85.87 8 DOWNLINK_STATUS 84 31321 1842 0 448. 26.
85.90 8 NAVIGATION 0 1 0 0 286 0. 140.5
85.95 8 WP_MOVED 0 497617. 3565540. 770.
85.97 8 RAD_OF_IR 7 0 0.00211
86.01 8 ENOSE_STATUS 65535 3809 65535 -0.811617 -0.771708 -0.966091 237
86.05 8 GPS 0 0 0 0 0 0 0 65000 0 0
86.07 8 IR_SENSORS -942 6 1
86.12 8 COMMANDS 0,-9600,9600,-9600
86.15 8 NAVIGATION 0 1 0 0 286 0. 140.5
86.17 8 ATTITUDE 1 0 -41
86.20 8 GYRO_RATES -152 -86 -155 1.32645 -0.750492 1.35263
86.25 8 ENOSE_STATUS 65535 3809 65535 -0.811617 -0.771708 -0.966091 237
86.26 8 FBW_STATUS 2 1 121
86.29 8 ESTIMATOR 0. 0. 0. 0. 0.
86.31 8 BAT 0 121 0 0 68 0 0
86.35 8 GPS 0 0 0 0 0 0 0 65248 0 0
86.37 8 ACTUATORS 1500,1000,0,1200,1000
86.40 8 CALIBRATION 0. 0.02 0.5 0
86.42 8 NAVIGATION 0 1 0 0 286 0. 140.5
86.45 8 WP_MOVED 1 497586.6875 3565500. 770.
86.46 8 SERVO 9600 -9600 0
86.50 8 ENOSE_STATUS 65535 3809 65535 -0.811617 -0.771708 -0.966091 237
86.53 8 GPS 0 0 0 0 0 0 0 65500 0 0
86.57 8 DESIRED 0. 0. 0. 0. 761. 0.
86.59 8 IR_DEBUG 678 669 678 669
86.62 8 NAVIGATION 0 1 0 0 286 0. 140.5
86.64 8 ATTITUDE 1 0 -41
86.66 8 PPRZ_MODE 2 0 3 0 0 6 0
86.69 8 ENOSE_STATUS 65535 3772 65535 -0.811617 -0.769468 -0.966091 237
86.72 8 ESTIMATOR 0. 0. 0. 0. 0.
86.78 8 GPS 0 0 0 0 0 0 0 65748 0 0
86.79 8 DL_VALUE 4 2.
86.84 8 NAVIGATION 0 1 0 0 286 0. 140.5
86.87 8 DOWNLINK_STATUS 85 31849 1874 0 528. 32.
86.88 8 WP_MOVED 2 497622.6875 3565498.5 770.
86.91 8 RAD_OF_IR 6 0 0.00211
86.95 8 ENOSE_STATUS 65535 3772 65535 -0.811617 -0.769468 -0.966091 237
86.97 8 IR_SENSORS -943 7 1
87.04 8 GPS 0 0 0 0 0 0 0 66000 0 0
87.06 8 COMMANDS 0,-9600,9600,-9600
87.09 8 NAVIGATION 0 1 0 0 286 0. 140.5
87.11 8 ATTITUDE 1 0 -41
87.14 8 GYRO_RATES -152 -86 -155 1.32645 -0.750492 1.35263
87.17 8 ENOSE_STATUS 65535 3772 65535 -0.811617 -0.769468 -0.966091 237
87.18 8 FBW_STATUS 2 1 121
87.23 8 ESTIMATOR 0. 0. 0. 0. 0.
87.28 8 GPS 0 0 0 0 0 0 0 66248 0 0
87.30 8 NAVIGATION 0 1 0 0 286 0. 140.5
87.35 8 WP_MOVED 3 497546.40625 3565495.5 770.
87.40 8 ENOSE_STATUS 65535 3805 65535 -0.811617 -0.771468 -0.966091 237
87.48 8 DESIRED 0. 0. 0. 0. 761. 0.
87.53 8 GPS 0 0 0 0 0 0 0 66500 0 0
87.55 8 NAVIGATION 0 1 0 0 286 0. 140.5
87.57 8 ATTITUDE 1 0 -41
87.60 8 ENOSE_STATUS 65535 3805 65535 -0.811617 -0.771468 -0.966091 237
87.65 8 ESTIMATOR 0. 0. 0. 0. 0.
87.71 8 DL_VALUE 5 0.
87.78 8 GPS 0 0 0 0 0 0 0 66748 0 0
87.80 8 NAVIGATION 0 1 0 0 286 0. 140.5
