6.71 3 NAVIGATION 0 0 0 0 286 0. 570986.7
7.07 3 ESTIMATOR 700. 0. 0. 0. 0.
7.18 3 NAVIGATION 0 0 0 0 286 0. 570986.7
7.24 3 WP_MOVED 1 358824.90625 4822110. 702.
7.27 3 DOWNLINK_STATUS 5 361 23 0 157. 10.
7.36 3 DESIRED 0. 0. 0. 0. 700. 0.
7.42 3 NAVIGATION 0 0 0 0 286 0. 570986.7
7.44 3 ATTITUDE 0 0 0
8.12 3 NAVIGATION 0 0 0 0 286 0. 570986.7
8.17 3 WP_MOVED 0 358113. 4822203. 702.
8.19 3 SERVO 9600 -9600 0
8.27 3 DOWNLINK_STATUS 6 454 29 0 93. 6.
8.29 3 DESIRED 0. 0. 0. 0. 700. 0.
8.36 3 NAVIGATION 0 0 0 0 286 0. 570986.7
8.37 3 ATTITUDE 0 0 0
8.47 3 ESTIMATOR 700. 0. 0. 0. 0.
9.27 3 DOWNLINK_STATUS 7 528 33 0 74. 4.
9.29 3 NAVIGATION 0 0 0 0 286 0. 570986.7
9.31 3 ATTITUDE 0 0 0
9.41 3 ESTIMATOR 700. 0. 0. 0. 0.
9.47 3 DL_VALUE 23 20400.
9.53 3 NAVIGATION 0 0 0 0 286 0. 570986.7
10.07 3 SERVO 9600 -9600 0
10.18 3 DESIRED 0. 0. 0. 0. 700. 0.
10.23 3 NAVIGATION 0 0 0 0 286 0. 570986.7
10.25 3 ATTITUDE 0 0 0
10.27 3 DOWNLINK_STATUS 8 661 42 0 133. 9.
10.36 3 ESTIMATOR 700. 0. 0. 0. 0.
10.41 3 DL_VALUE 24 0.3
10.47 3 NAVIGATION 0 0 0 0 286 0. 570986.7
10.52 3 WP_MOVED 2 358071. 4822161. 0.
11.28 3 DOWNLINK_STATUS 9 723 46 0 62. 4.
11.35 3 DL_VALUE 25 0.3
11.40 3 NAVIGATION 0 0 0 0 286 0. 570986.7
11.46 3 WP_MOVED 1 358824.90625 4822110. 702.
12.28 3 DL_VALUE 26 0.360007
12.28 3 DOWNLINK_STATUS 10 770 50 0 47. 4.
12.35 3 NAVIGATION 0 0 0 0 286 0. 570986.7
12.40 3 WP_MOVED 0 358113. 4822203. 702.
13.28 3 DOWNLINK_STATUS 11 803 52 0 33. 2.
13.36 3 NAVIGATION_REF 358071 4822161 31
13.50 3 COMMANDS 0,-9600,9600,-9600,0
13.54 3 NAVIGATION 0 0 0 0 286 0. 570986.7
13.56 3 ATTITUDE 0 0 0
14.28 3 DOWNLINK_STATUS 12 853 56 0 50. 4.
14.48 3 NAVIGATION 0 0 0 0 286 0. 570986.7
14.50 3 ATTITUDE 0 0 0
14.53 3 GYRO_RATES -324 -290 -279 2.827433 -2.530727 2.434734
14.54 3 FBW_STATUS 2 1 124
14.58 3 ESTIMATOR 700. 0. 0. 0. 0.
15.29 3 DOWNLINK_STATUS 13 926 61 0 73. 5.
15.38 3 COMMANDS 0,-9600,9600,-9600,0
15.41 3 NAVIGATION 0 0 0 0 286 0. 570986.7
15.43 3 ATTITUDE 0 0 0
15.46 3 GYRO_RATES -325 -289 -279 2.83616 -2.522001 2.434734
15.48 3 FBW_STATUS 2 1 124
15.51 3 ESTIMATOR 700. 0. 0. 0. 0.
15.54 3 BAT 0 124 0 0 29 29 0
15.57 3 ACTUATORS 2000,1500,0,1200,2000,1500
16.29 3 DOWNLINK_STATUS 14 1041 69 0 115. 8.
16.34 3 COMMANDS 0,-9600,9600,-9600,0
16.35 3 NAVIGATION 0 0 0 0 286 0. 570986.7
16.37 3 ATTITUDE 0 0 0
16.41 3 GYRO_RATES -325 -289 -279 2.83616 -2.522001 2.434734
16.42 3 FBW_STATUS 2 1 124
16.45 3 ESTIMATOR 700. 0. 0. 0. 0.
16.57 3 NAVIGATION 0 0 0 0 286 0. 570986.7
17.30 3 DOWNLINK_STATUS 15 1145 76 0 104. 7.
17.35 3 GYRO_RATES -325 -290 -279 2.83616 -2.530727 2.434734
17.37 3 FBW_STATUS 2 1 124
17.40 3 ESTIMATOR 700. 0. 0. 0. 0.
17.41 3 BAT 0 124 0 0 31 31 0
17.47 3 CALIBRATION 0. 0.037 0.5 2
17.50 3 NAVIGATION 0 0 0 0 286 0. 570986.7
17.56 3 WP_MOVED 2 358071. 4822161. 0.
17.57 3 SERVO 9600 -9600 0
18.30 3 DOWNLINK_STATUS 16 1262 84 0 117. 8.
18.44 3 NAVIGATION 0 0 0 0 286 0. 570986.7
18.49 3 WP_MOVED 1 358824.90625 4822110. 702.
18.62 3 DESIRED 0. 0. 0. 0. 700. 0.
18.67 3 NAVIGATION 0 0 0 0 286 0. 570986.7
18.69 3 ATTITUDE 0 0 0
18.79 3 ESTIMATOR 700. 0. 0. 0. 0.
18.84 3 DL_VALUE 33 0.045
18.90 3 NAVIGATION 0 0 0 0 286 0. 570986.7
18.96 3 WP_MOVED 2 358071. 4822161. 0.
19.14 3 COMMANDS 0,-9600,9600,-9600,0
19.17 3 NAVIGATION 0 0 0 0 286 0. 570986.7
19.18 3 ATTITUDE 0 0 0
19.22 3 GYRO_RATES -325 -289 -279 2.83616 -2.522001 2.434734
19.22 3 FBW_STATUS 2 1 124
19.26 3 ESTIMATOR 700. 0. 0. 0. 0.
19.28 3 BAT 0 124 0 0 33 33 0
19.30 3 DOWNLINK_STATUS 17 1509 100 0 247. 16.
19.33 3 CALIBRATION 0. 0.037 0.5 2
19.37 3 NAVIGATION 0 0 0 0 286 0. 570986.7
19.42 3 WP_MOVED 0 358113. 4822203. 702.
19.45 3 SERVO 9600 -9600 0
19.55 3 DESIRED 0. 0. 0. 0. 700. 0.
19.61 3 NAVIGATION 0 0 0 0 286 0. 570986.7
19.63 3 ATTITUDE 0 0 0
19.72 3 ESTIMATOR 700. 0. 0. 0. 0.
19.78 3 DL_VALUE 34 0.007
19.84 3 NAVIGATION 0 0 0 0 286 0. 570986.7
19.89 3 WP_MOVED 1 358824.90625 4822110. 702.
20.06 3 COMMANDS 0,-9600,9600,-9600,0
20.10 3 NAVIGATION 0 0 0 0 286 0. 570986.7
20.13 3 ATTITUDE 0 0 0
20.17 3 GYRO_RATES -324 -289 -279 2.827433 -2.522001 2.434734
20.18 3 FBW_STATUS 2 1 124
20.20 3 ESTIMATOR 700. 0. 0. 0. 0.
20.25 3 ACTUATORS 2000,1500,0,1200,2000,1500
20.30 3 DOWNLINK_STATUS 18 1780 118 0 271. 18.
20.31 3 NAVIGATION 0 0 0 0 286 0. 570986.7
20.36 3 WP_MOVED 2 358071. 4822161. 0.
20.48 3 DESIRED 0. 0. 0. 0. 700. 0.
20.55 3 NAVIGATION 0 0 0 0 286 0. 570986.7
20.56 3 ATTITUDE 0 0 0
20.58 3 PPRZ_MODE 2 3 1 0 0 6 0
22.07 3 DOWNLINK_STATUS 20 1874 124 0 94. 6.
22.07 3 ESTIMATOR 700. 0. 0. 0. 0.
22.07 3 DL_VALUE 35 0.04
22.07 3 NAVIGATION 0 0 0 0 286 0. 570986.7
22.07 3 WP_MOVED 0 358113. 4822203. 702.
22.07 3 COMMANDS 0,-9600,9600,-9600,0
22.07 3 NAVIGATION 0 0 0 0 286 0. 570986.7
22.07 3 ATTITUDE 0 0 0
22.07 3 GYRO_RATES -324 -289 -279 2.827433 -2.522001 2.434734
22.07 3 FBW_STATUS 2 1 124
22.07 3 ESTIMATOR 700. 0. 0. 0. 0.
22.11 3 BAT 0 124 0 0 35 35 0
22.16 3 CALIBRATION 0. 0.037 0.5 2
22.16 3 NAVIGATION 0 0 0 0 286 0. 570986.7
22.16 3 WP_MOVED 1 358824.90625 4822110. 702.
22.16 3 SERVO 9600 -9600 0
22.16 3 DESIRED 0. 0. 0. 0. 700. 0.
22.16 3 NAVIGATION 0 0 0 0 286 0. 570986.7
22.16 3 ATTITUDE 0 0 0
22.16 3 ESTIMATOR 700. 0. 0. 0. 0.
22.16 3 DL_VALUE 36 0.037
22.16 3 NAVIGATION 0 0 0 0 286 0. 570986.7
22.16 3 WP_MOVED 2 358071. 4822161. 0.
22.16 3 NAVIGATION_REF 358071 4822161 31
22.16 3 COMMANDS 0,-9600,9600,-9600,0
22.16 3 NAVIGATION 0 0 0 0 286 0. 570986.7
22.16 3 ATTITUDE 0 0 0
22.16 3 GYRO_RATES -325 -290 -279 2.83616 -2.530727 2.434734
22.16 3 FBW_STATUS 2 1 124
22.17 3 ESTIMATOR 700. 0. 0. 0. 0.
22.18 3 NAVIGATION 0 0 0 0 286 0. 570986.7
22.24 3 WP_MOVED 0 358113. 4822203. 702.
22.36 3 DESIRED 0. 0. 0. 0. 700. 0.
22.42 3 NAVIGATION 0 0 0 0 286 0. 570986.7
22.44 3 ATTITUDE 0 0 0
22.54 3 ESTIMATOR 700. 0. 0. 0. 0.
22.61 3 DL_VALUE 37 0.
22.66 3 NAVIGATION 0 0 0 0 286 0. 570986.7
22.71 3 WP_MOVED 1 358824.90625 4822110. 702.
22.88 3 COMMANDS 0,-9600,9600,-9600,0
22.91 3 NAVIGATION 0 0 0 0 286 0. 570986.7
22.93 3 ATTITUDE 0 0 0
22.96 3 GYRO_RATES -326 -289 -280 2.844887 -2.522001 2.443461
22.98 3 FBW_STATUS 2 1 124
23.01 3 ESTIMATOR 700. 0. 0. 0. 0.
23.04 3 BAT 0 124 0 0 37 37 0
23.06 3 DOWNLINK_STATUS 21 2550 169 0 676. 45.
23.09 3 CALIBRATION 0. 0.037 0.5 2
23.13 3 NAVIGATION 0 0 0 0 286 0. 570986.7
23.18 3 WP_MOVED 2 358071. 4822161. 0.
23.19 3 SERVO 9600 -9600 0
23.30 3 DESIRED 0. 0. 0. 0. 700. 0.
23.36 3 NAVIGATION 0 0 0 0 286 0. 570986.7
23.38 3 ATTITUDE 0 0 0
23.48 3 ESTIMATOR 700. 0. 0. 0. 0.
23.53 3 DL_VALUE 38 0.
23.60 3 NAVIGATION 0 0 0 0 286 0. 570986.7
23.64 3 WP_MOVED 0 358113. 4822203. 702.
23.82 3 COMMANDS 0,-9600,9600,-9600,0
23.85 3 NAVIGATION 0 0 0 0 286 0. 570986.7
23.87 3 ATTITUDE 0 0 0
23.90 3 GYRO_RATES -324 -289 -279 2.827433 -2.522001 2.434734
23.91 3 FBW_STATUS 2 1 124
23.95 3 ESTIMATOR 700. 0. 0. 0. 0.
24.06 3 NAVIGATION 0 0 0 0 286 0. 570986.7
24.07 3 DOWNLINK_STATUS 22 2824 187 0 274. 18.
24.13 3 WP_MOVED 1 358824.90625 4822110. 702.
24.23 3 DESIRED 0. 0. 0. 0. 700. 0.
24.30 3 NAVIGATION 0 0 0 0 286 0. 570986.7
24.31 3 ATTITUDE 0 0 0
24.41 3 ESTIMATOR 700. 0. 0. 0. 0.
24.47 3 DL_VALUE 39 0.045
24.53 3 NAVIGATION 0 0 0 0 286 0. 570986.7
24.59 3 WP_MOVED 2 358071. 4822161. 0.
24.75 3 COMMANDS 0,-9600,9600,-9600,0
24.79 3 NAVIGATION 0 0 0 0 286 0. 570986.7
24.81 3 ATTITUDE 0 0 0
24.84 3 GYRO_RATES -325 -290 -279 2.83616 -2.530727 2.434734
24.85 3 FBW_STATUS 2 1 124
24.88 3 ESTIMATOR 700. 0. 0. 0. 0.
24.91 3 BAT 0 124 0 0 39 39 0
24.94 3 ACTUATORS 2000,1500,0,1200,2000,1500
24.96 3 CALIBRATION 0. 0.037 0.5 2
25.00 3 NAVIGATION 0 0 0 0 286 0. 570986.7
25.05 3 WP_MOVED 0 358113. 4822203. 702.
25.07 3 SERVO 9600 -9600 0
25.07 3 DOWNLINK_STATUS 23 3124 207 0 300. 20.
25.17 3 DESIRED 0. 0. 0. 0. 700. 0.
25.23 3 NAVIGATION 0 0 0 0 286 0. 570986.7
25.25 3 ATTITUDE 0 0 0
25.27 3 PPRZ_MODE 2 3 1 0 0 6 0
25.35 3 ESTIMATOR 700. 0. 0. 0. 0.
25.41 3 DL_VALUE 40 0.045
25.47 3 NAVIGATION 0 0 0 0 286 0. 570986.7
25.52 3 WP_MOVED 1 358824.90625 4822110. 702.
25.69 3 COMMANDS 0,-9600,9600,-9600,0
25.73 3 NAVIGATION 0 0 0 0 286 0. 570986.7
25.74 3 ATTITUDE 0 0 0
25.78 3 GYRO_RATES -325 -290 -280 2.83616 -2.530727 2.443461
25.79 3 FBW_STATUS 2 1 124
25.83 3 ESTIMATOR 700. 0. 0. 0. 0.
25.94 3 NAVIGATION 0 0 0 0 286 0. 570986.7
25.99 3 WP_MOVED 2 358071. 4822161. 0.
26.07 3 DOWNLINK_STATUS 24 3366 223 0 242. 16.
26.13 3 DESIRED 0. 0. 0. 0. 700. 0.
26.17 3 NAVIGATION 0 0 0 0 286 0. 570986.7
26.19 3 ATTITUDE 0 0 0
26.29 3 ESTIMATOR 700. 0. 0. 0. 0.
26.34 3 DL_VALUE 0 700.
26.40 3 NAVIGATION 0 0 0 0 286 0. 570986.7
26.46 3 WP_MOVED 0 358113. 4822203. 702.
26.64 3 COMMANDS 0,-9600,9600,-9600,0
26.66 3 NAVIGATION 0 0 0 0 286 0. 570986.7
26.68 3 ATTITUDE 0 0 0
26.72 3 GYRO_RATES -324 -289 -279 2.827433 -2.522001 2.434734
26.72 3 FBW_STATUS 2 1 124
26.76 3 ESTIMATOR 700. 0. 0. 0. 0.
26.78 3 BAT 0 124 0 0 41 41 0
26.83 3 CALIBRATION 0. 0.037 0.5 2
26.87 3 NAVIGATION 0 0 0 0 286 0. 570986.7
26.92 3 WP_MOVED 1 358824.90625 4822110. 702.
26.95 3 SERVO 9600 -9600 0
27.05 3 DESIRED 0. 0. 0. 0. 700. 0.
27.08 3 DOWNLINK_STATUS 25 3662 242 0 296. 19.
27.12 3 NAVIGATION 0 0 0 0 286 0. 570986.7
27.16 3 ATTITUDE 0 0 0
27.22 3 ESTIMATOR 700. 0. 0. 0. 0.
27.28 3 DL_VALUE 1 1.
27.34 3 NAVIGATION 0 0 0 0 286 0. 570986.7
27.39 3 WP_MOVED 2 358071. 4822161. 0.
27.56 3 COMMANDS 0,-9600,9600,-9600,0
27.60 3 NAVIGATION 0 0 0 0 286 0. 570986.7
27.64 3 ATTITUDE 0 0 0
27.67 3 GYRO_RATES -325 -290 -279 2.83616 -2.530727 2.434734
27.67 3 FBW_STATUS 2 1 124
27.70 3 ESTIMATOR 700. 0. 0. 0. 0.
27.81 3 NAVIGATION 0 0 0 0 286 0. 570986.7
27.86 3 WP_MOVED 0 358113. 4822203. 702.
27.98 3 DESIRED 0. 0. 0. 0. 700. 0.
28.04 3 NAVIGATION 0 0 0 0 286 0. 570986.7
28.06 3 ATTITUDE 0 0 0
28.08 3 DOWNLINK_STATUS 26 3921 259 0 259. 17.
28.17 3 ESTIMATOR 700. 0. 0. 0. 0.
28.22 3 DL_VALUE 2 0.
28.29 3 NAVIGATION 0 0 0 0 286 0. 570986.7
28.33 3 WP_MOVED 1 358824.90625 4822110. 702.
28.50 3 COMMANDS 0,-9600,9600,-9600,0
28.54 3 NAVIGATION 0 0 0 0 286 0. 570986.7
28.56 3 ATTITUDE 0 0 0
28.59 3 GYRO_RATES -325 -288 -279 2.83616 -2.513274 2.434734
28.62 3 FBW_STATUS 2 1 124
28.65 3 ESTIMATOR 700. 0. 0. 0. 0.
28.68 3 BAT 0 124 0 0 43 43 0
28.70 3 CALIBRATION 0. 0.037 0.5 2
28.75 3 NAVIGATION 0 0 0 0 286 0. 570986.7
28.80 3 WP_MOVED 2 358071. 4822161. 0.
28.82 3 SERVO 9600 -9600 0
28.92 3 DESIRED 0. 0. 0. 0. 700. 0.
28.98 3 NAVIGATION 0 0 0 0 286 0. 570986.7
29.00 3 ATTITUDE 0 0 0
29.08 3 DOWNLINK_STATUS 27 4191 277 0 270. 18.
29.11 3 ESTIMATOR 700. 0. 0. 0. 0.
29.17 3 DL_VALUE 3 0.
29.22 3 NAVIGATION 0 0 0 0 286 0. 570986.7
29.28 3 WP_MOVED 0 358113. 4822203. 702.
29.45 3 COMMANDS 0,-9600,9600,-9600,0
29.48 3 NAVIGATION 0 0 0 0 286 0. 570986.7
29.49 3 ATTITUDE 0 0 0
29.54 3 GYRO_RATES -324 -290 -279 2.827433 -2.530727 2.434734
29.54 3 FBW_STATUS 2 1 124
29.57 3 ESTIMATOR 700. 0. 0. 0. 0.
29.65 3 ACTUATORS 2000,1500,0,1200,2000,1500
29.68 3 NAVIGATION 0 0 0 0 286 0. 570986.7
29.74 3 WP_MOVED 1 358824.90625 4822110. 702.
29.86 3 DESIRED 0. 0. 0. 0. 700. 0.
29.92 3 NAVIGATION 0 0 0 0 286 0. 570986.7
29.94 3 ATTITUDE 0 0 0
29.96 3 PPRZ_MODE 2 3 1 0 0 6 0
30.04 3 ESTIMATOR 700. 0. 0. 0. 0.
30.09 3 DOWNLINK_STATUS 28 4470 295 0 279. 18.
30.10 3 DL_VALUE 4 2.
30.15 3 NAVIGATION 0 0 0 0 286 0. 570986.7
30.20 3 WP_MOVED 2 358071. 4822161. 0.
30.23 3 NAVIGATION_REF 358071 4822161 31
30.38 3 COMMANDS 0,-9600,9600,-9600,0
30.41 3 NAVIGATION 0 0 0 0 286 0. 570986.7
30.44 3 ATTITUDE 0 0 0
30.47 3 GYRO_RATES -324 -290 -279 2.827433 -2.530727 2.434734
30.48 3 FBW_STATUS 2 1 124
30.51 3 ESTIMATOR 700. 0. 0. 0. 0.
30.54 3 BAT 0 124 0 0 45 45 0
30.58 3 CALIBRATION 0. 0.037 0.5 2
30.63 3 NAVIGATION 0 0 0 0 286 0. 570986.7
30.68 3 WP_MOVED 0 358113. 4822203. 702.
30.69 3 SERVO 9600 -9600 0
30.80 3 DESIRED 0. 0. 0. 0. 700. 0.
30.86 3 NAVIGATION 0 0 0 0 286 0. 570986.7
30.88 3 ATTITUDE 0 0 0
30.98 3 ESTIMATOR 700. 0. 0. 0. 0.
31.04 3 DL_VALUE 5 0.
31.09 3 DOWNLINK_STATUS 29 4758 315 0 288. 20.
31.09 3 NAVIGATION 0 0 0 0 286 0. 570986.7
31.16 3 WP_MOVED 1 358824.90625 4822110. 702.
31.32 3 COMMANDS 0,-9600,9600,-9600,0
31.35 3 NAVIGATION 0 0 0 0 286 0. 570986.7
31.37 3 ATTITUDE 0 0 0
31.41 3 GYRO_RATES -324 -289 -279 2.827433 -2.522001 2.434734
31.41 3 FBW_STATUS 2 1 124
31.45 3 ESTIMATOR 700. 0. 0. 0. 0.
31.56 3 NAVIGATION 0 0 0 0 286 0. 570986.7
31.61 3 WP_MOVED 2 358071. 4822161. 0.
31.76 3 DESIRED 0. 0. 0. 0. 700. 0.
31.80 3 NAVIGATION 0 0 0 0 286 0. 570986.7
31.81 3 ATTITUDE 0 0 0
31.91 3 ESTIMATOR 700. 0. 0. 0. 0.
31.98 3 DL_VALUE 6 0.
32.03 3 NAVIGATION 0 0 0 0 286 0. 570986.7
32.08 3 WP_MOVED 0 358113. 4822203. 702.
32.09 3 DOWNLINK_STATUS 30 5024 332 0 266. 17.
32.25 3 COMMANDS 0,-9600,9600,-9600,0
32.29 3 NAVIGATION 0 0 0 0 286 0. 570986.7
32.30 3 ATTITUDE 0 0 0
32.34 3 GYRO_RATES -325 -290 -279 2.83616 -2.530727 2.434734
32.36 3 FBW_STATUS 2 1 124
32.38 3 ESTIMATOR 700. 0. 0. 0. 0.
32.41 3 BAT 0 124 0 0 47 47 0
32.46 3 CALIBRATION 0. 0.037 0.5 2
32.49 3 NAVIGATION 0 0 0 0 286 0. 570986.7
32.55 3 WP_MOVED 1 358824.90625 4822110. 702.
32.57 3 SERVO 9600 -9600 0
32.68 3 DESIRED 0. 0. 0. 0. 700. 0.
32.73 3 NAVIGATION 0 0 0 0 286 0. 570986.7
32.75 3 ATTITUDE 0 0 0
32.85 3 ESTIMATOR 700. 0. 0. 0. 0.
32.91 3 DL_VALUE 7 0.
32.97 3 NAVIGATION 0 0 0 0 286 0. 570986.7
33.02 3 WP_MOVED 2 358071. 4822161. 0.
33.09 3 DOWNLINK_STATUS 31 5294 350 0 270. 18.
33.19 3 COMMANDS 0,-9600,9600,-9600,0
33.23 3 NAVIGATION 0 0 0 0 286 0. 570986.7
33.24 3 ATTITUDE 0 0 0
33.28 3 GYRO_RATES -325 -290 -279 2.83616 -2.530727 2.434734
33.29 3 FBW_STATUS 2 1 124
33.32 3 ESTIMATOR 700. 0. 0. 0. 0.
33.44 3 NAVIGATION 0 0 0 0 286 0. 570986.7
33.49 3 WP_MOVED 0 358113. 4822203. 702.
33.61 3 DESIRED 0. 0. 0. 0. 700. 0.
33.67 3 NAVIGATION 0 0 0 0 286 0. 570986.7
33.71 3 ATTITUDE 0 0 0
33.79 3 ESTIMATOR 700. 0. 0. 0. 0.
33.85 3 DL_VALUE 8 0.
33.91 3 NAVIGATION 0 0 0 0 286 0. 570986.7
33.97 3 WP_MOVED 1 358824.90625 4822110. 702.
34.11 3 DOWNLINK_STATUS 32 5527 365 0 233. 15.
34.16 3 COMMANDS 0,-9600,9600,-9600,0
34.18 3 NAVIGATION 0 0 0 0 286 0. 570986.7
34.21 3 ATTITUDE 0 0 0
34.24 3 GYRO_RATES -325 -289 -280 2.83616 -2.522001 2.443461
34.24 3 FBW_STATUS 2 1 124
34.27 3 ESTIMATOR 700. 0. 0. 0. 0.
34.29 3 BAT 0 124 0 0 49 49 0
34.33 3 ACTUATORS 2000,1500,0,1200,2000,1500
34.35 3 CALIBRATION 0. 0.037 0.5 2
34.38 3 NAVIGATION 0 0 0 0 286 0. 570986.7
34.42 3 WP_MOVED 2 358071. 4822161. 0.
34.44 3 SERVO 9600 -9600 0
34.54 3 DESIRED 0. 0. 0. 0. 700. 0.
34.61 3 NAVIGATION 0 0 0 0 286 0. 570986.7
34.62 3 ATTITUDE 0 0 0
34.64 3 PPRZ_MODE 2 3 1 0 0 6 0
34.72 3 ESTIMATOR 700. 0. 0. 0. 0.
34.78 3 DL_VALUE 9 515.
34.84 3 NAVIGATION 0 0 0 0 286 0. 570986.7
34.90 3 WP_MOVED 0 358113. 4822203. 702.
35.08 3 COMMANDS 0,-9600,9600,-9600,0
35.10 3 NAVIGATION 0 0 0 0 286 0. 570986.7
35.10 3 DOWNLINK_STATUS 33 5852 387 0 325. 22.
35.12 3 ATTITUDE 0 0 0
35.16 3 GYRO_RATES -324 -290 -279 2.827433 -2.530727 2.434734
35.20 3 FBW_STATUS 2 1 124
35.20 3 ESTIMATOR 700. 0. 0. 0. 0.
35.31 3 NAVIGATION 0 0 0 0 286 0. 570986.7
35.37 3 WP_MOVED 1 358824.90625 4822110. 702.
35.49 3 DESIRED 0. 0. 0. 0. 700. 0.
35.54 3 NAVIGATION 0 0 0 0 286 0. 570986.7
35.56 3 ATTITUDE 0 0 0
35.67 3 ESTIMATOR 700. 0. 0. 0. 0.
35.73 3 DL_VALUE 10 480.
35.78 3 NAVIGATION 0 0 0 0 286 0. 570986.7
35.85 3 WP_MOVED 2 358071. 4822161. 0.
36.00 3 COMMANDS 0,-9600,9600,-9600,0
36.04 3 NAVIGATION 0 0 0 0 286 0. 570986.7
36.06 3 ATTITUDE 0 0 0
36.09 3 GYRO_RATES -324 -289 -279 2.827433 -2.522001 2.434734
36.10 3 FBW_STATUS 2 1 124
36.10 3 DOWNLINK_STATUS 34 6118 405 0 266. 18.
36.13 3 ESTIMATOR 700. 0. 0. 0. 0.
36.17 3 BAT 0 124 0 0 51 51 0
36.21 3 CALIBRATION 0. 0.037 0.5 2
36.25 3 NAVIGATION 0 0 0 0 286 0. 570986.7
36.30 3 WP_MOVED 0 358113. 4822203. 702.
36.32 3 SERVO 9600 -9600 0
36.42 3 DESIRED 0. 0. 0. 0. 700. 0.
36.48 3 NAVIGATION 0 0 0 0 286 0. 570986.7
36.50 3 ATTITUDE 0 0 0
36.60 3 ESTIMATOR 700. 0. 0. 0. 0.
36.66 3 DL_VALUE 11 470.
36.73 3 NAVIGATION 0 0 0 0 286 0. 570986.7
36.78 3 WP_MOVED 1 358824.90625 4822110. 702.
36.94 3 COMMANDS 0,-9600,9600,-9600,0
36.97 3 NAVIGATION 0 0 0 0 286 0. 570986.7
36.99 3 ATTITUDE 0 0 0
37.03 3 GYRO_RATES -324 -290 -279 2.827433 -2.530727 2.434734
37.05 3 FBW_STATUS 2 1 124
37.07 3 ESTIMATOR 700. 0. 0. 0. 0.
37.11 3 DOWNLINK_STATUS 35 6410 424 0 292. 19.
37.20 3 NAVIGATION 0 0 0 0 286 0. 570986.7
37.24 3 WP_MOVED 2 358071. 4822161. 0.
37.37 3 DESIRED 0. 0. 0. 0. 700. 0.
37.42 3 NAVIGATION 0 0 0 0 286 0. 570986.7
37.44 3 ATTITUDE 0 0 0
37.54 3 ESTIMATOR 700. 0. 0. 0. 0.
37.60 3 DL_VALUE 12 1.35
37.66 3 NAVIGATION 0 0 0 0 286 0. 570986.7
37.73 3 WP_MOVED 0 358113. 4822203. 702.
37.88 3 COMMANDS 0,-9600,9600,-9600,0
37.91 3 NAVIGATION 0 0 0 0 286 0. 570986.7
37.93 3 ATTITUDE 0 0 0
37.97 3 GYRO_RATES -325 -289 -280 2.83616 -2.522001 2.443461
37.98 3 FBW_STATUS 2 1 124
38.01 3 ESTIMATOR 700. 0. 0. 0. 0.
38.03 3 BAT 0 124 0 0 53 53 0
38.08 3 CALIBRATION 0. 0.037 0.5 2
38.10 3 DOWNLINK_STATUS 36 6672 441 0 262. 17.
38.12 3 NAVIGATION 0 0 0 0 286 0. 570986.7
38.18 3 WP_MOVED 1 358824.90625 4822110. 702.
38.20 3 SERVO 9600 -9600 0
38.30 3 DESIRED 0. 0. 0. 0. 700. 0.
38.36 3 NAVIGATION 0 0 0 0 286 0. 570986.7
38.37 3 ATTITUDE 0 0 0
38.47 3 ESTIMATOR 700. 0. 0. 0. 0.
38.53 3 DL_VALUE 13 0.
38.60 3 NAVIGATION 0 0 0 0 286 0. 570986.7
38.65 3 WP_MOVED 2 358071. 4822161. 0.
38.68 3 NAVIGATION_REF 358071 4822161 31
38.81 3 COMMANDS 0,-9600,9600,-9600,0
38.85 3 NAVIGATION 0 0 0 0 286 0. 570986.7
38.87 3 ATTITUDE 0 0 0
38.90 3 GYRO_RATES -325 -289 -279 2.83616 -2.522001 2.434734
38.93 3 FBW_STATUS 2 1 124
38.97 3 ESTIMATOR 700. 0. 0. 0. 0.
39.00 3 ACTUATORS 2000,1500,0,1200,2000,1500
39.06 3 NAVIGATION 0 0 0 0 286 0. 570986.7
39.12 3 DOWNLINK_STATUS 37 6957 460 0 285. 19.
39.13 3 WP_MOVED 0 358113. 4822203. 702.
39.24 3 DESIRED 0. 0. 0. 0. 700. 0.
39.30 3 NAVIGATION 0 0 0 0 286 0. 570986.7
39.32 3 ATTITUDE 0 0 0
39.33 3 PPRZ_MODE 2 3 1 0 0 6 0
39.41 3 ESTIMATOR 700. 0. 0. 0. 0.
39.47 3 DL_VALUE 14 0.
39.53 3 NAVIGATION 0 0 0 0 286 0. 570986.7
39.58 3 WP_MOVED 1 358824.90625 4822110. 702.
39.75 3 COMMANDS 0,-9600,9600,-9600,0
39.79 3 NAVIGATION 0 0 0 0 286 0. 570986.7
39.81 3 ATTITUDE 0 0 0
39.84 3 GYRO_RATES -325 -290 -279 2.83616 -2.530727 2.434734
39.87 3 FBW_STATUS 2 1 124
39.89 3 ESTIMATOR 700. 0. 0. 0. 0.
39.92 3 BAT 0 124 0 0 55 55 0
39.96 3 CALIBRATION 0. 0.037 0.5 2
40.00 3 NAVIGATION 0 0 0 0 286 0. 570986.7
40.05 3 WP_MOVED 2 358071. 4822161. 0.
40.08 3 SERVO 9600 -9600 0
40.13 3 DOWNLINK_STATUS 38 7251 480 0 294. 20.
40.18 3 DESIRED 0. 0. 0. 0. 700. 0.
40.23 3 NAVIGATION 0 0 0 0 286 0. 570986.7
40.27 3 ATTITUDE 0 0 0
40.36 3 ESTIMATOR 700. 0. 0. 0. 0.
40.41 3 DL_VALUE 15 0.75
40.46 3 NAVIGATION 0 0 0 0 286 0. 570986.7
40.52 3 WP_MOVED 0 358113. 4822203. 702.
40.70 3 COMMANDS 0,-9600,9600,-9600,0
40.74 3 NAVIGATION 0 0 0 0 286 0. 570986.7
40.75 3 ATTITUDE 0 0 0
40.78 3 GYRO_RATES -325 -290 -279 2.83616 -2.530727 2.434734
40.79 3 FBW_STATUS 2 1 124
40.82 3 ESTIMATOR 700. 0. 0. 0. 0.
40.93 3 NAVIGATION 0 0 0 0 286 0. 570986.7
40.99 3 WP_MOVED 1 358824.90625 4822110. 702.
41.11 3 DESIRED 0. 0. 0. 0. 700. 0.
41.13 3 DOWNLINK_STATUS 39 7510 496 0 259. 16.
41.17 3 NAVIGATION 0 0 0 0 286 0. 570986.7
41.20 3 ATTITUDE 0 0 0
41.29 3 ESTIMATOR 700. 0. 0. 0. 0.
41.35 3 DL_VALUE 16 33600.
41.41 3 NAVIGATION 0 0 0 0 286 0. 570986.7
41.46 3 WP_MOVED 2 358071. 4822161. 0.
41.63 3 COMMANDS 0,-9600,9600,-9600,0
41.66 3 NAVIGATION 0 0 0 0 286 0. 570986.7
41.68 3 ATTITUDE 0 0 0
41.72 3 GYRO_RATES -324 -289 -279 2.827433 -2.522001 2.434734
41.77 3 FBW_STATUS 2 1 124
41.77 3 ESTIMATOR 700. 0. 0. 0. 0.
41.80 3 BAT 0 124 0 0 57 57 0
41.83 3 CALIBRATION 0. 0.037 0.5 2
41.88 3 NAVIGATION 0 0 0 0 286 0. 570986.7
41.93 3 WP_MOVED 0 358113. 4822203. 702.
41.97 3 SERVO 9600 -9600 0
42.05 3 DESIRED 0. 0. 0. 0. 700. 0.
42.11 3 NAVIGATION 0 0 0 0 286 0. 570986.7
42.13 3 ATTITUDE 0 0 0
42.13 3 DOWNLINK_STATUS 40 7806 516 0 296. 20.
42.24 3 ESTIMATOR 700. 0. 0. 0. 0.
42.28 3 DL_VALUE 17 33600.
42.36 3 NAVIGATION 0 0 0 0 286 0. 570986.7
42.41 3 WP_MOVED 1 358824.90625 4822110. 702.
42.57 3 COMMANDS 0,-9600,9600,-9600,0
42.60 3 NAVIGATION 0 0 0 0 286 0. 570986.7
42.62 3 ATTITUDE 0 0 0
42.66 3 GYRO_RATES -325 -289 -279 2.83616 -2.522001 2.434734
42.67 3 FBW_STATUS 2 1 124
42.71 3 ESTIMATOR 700. 0. 0. 0. 0.
42.81 3 NAVIGATION 0 0 0 0 286 0. 570986.7
42.87 3 WP_MOVED 2 358071. 4822161. 0.
42.99 3 DESIRED 0. 0. 0. 0. 700. 0.
43.05 3 NAVIGATION 0 0 0 0 286 0. 570986.7
43.06 3 ATTITUDE 0 0 0
43.13 3 DOWNLINK_STATUS 41 8039 531 0 233. 15.
43.16 3 ESTIMATOR 700. 0. 0. 0. 0.
43.22 3 DL_VALUE 18 0.75
43.28 3 NAVIGATION 0 0 0 0 286 0. 570986.7
43.33 3 WP_MOVED 0 358113. 4822203. 702.
43.50 3 COMMANDS 0,-9600,9600,-9600,0
43.54 3 NAVIGATION 0 0 0 0 286 0. 570986.7
43.56 3 ATTITUDE 0 0 0
43.59 3 GYRO_RATES -324 -289 -279 2.827433 -2.522001 2.434734
43.60 3 FBW_STATUS 2 1 124
43.64 3 ESTIMATOR 700. 0. 0. 0. 0.
43.66 3 BAT 0 124 0 0 59 59 0
43.69 3 ACTUATORS 2000,1500,0,1200,2000,1500
43.71 3 CALIBRATION 0. 0.037 0.5 2
43.76 3 NAVIGATION 0 0 0 0 286 0. 570986.7
43.80 3 WP_MOVED 1 358824.90625 4822110. 702.
43.82 3 SERVO 9600 -9600 0
43.92 3 DESIRED 0. 0. 0. 0. 700. 0.
43.98 3 NAVIGATION 0 0 0 0 286 0. 570986.7
44.00 3 ATTITUDE 0 0 0
44.02 3 PPRZ_MODE 2 3 1 0 0 6 0
44.10 3 ESTIMATOR 700. 0. 0. 0. 0.
44.14 3 DOWNLINK_STATUS 42 8355 552 0 316. 21.
44.17 3 DL_VALUE 19 21500.
44.23 3 NAVIGATION 0 0 0 0 286 0. 570986.7
44.28 3 WP_MOVED 2 358071. 4822161. 0.
44.45 3 COMMANDS 0,-9600,9600,-9600,0
44.47 3 NAVIGATION 0 0 0 0 286 0. 570986.7
44.49 3 ATTITUDE 0 0 0
44.52 3 GYRO_RATES -325 -290 -279 2.83616 -2.530727 2.434734
44.53 3 FBW_STATUS 2 1 124
44.58 3 ESTIMATOR 700. 0. 0. 0. 0.
44.69 3 NAVIGATION 0 0 0 0 286 0. 570986.7
44.75 3 WP_MOVED 0 358113. 4822203. 702.
44.88 3 DESIRED 0. 0. 0. 0. 700. 0.
44.92 3 NAVIGATION 0 0 0 0 286 0. 570986.7
44.94 3 ATTITUDE 0 0 0
45.05 3 ESTIMATOR 700. 0. 0. 0. 0.
45.09 3 DL_VALUE 20 21500.
45.14 3 DOWNLINK_STATUS 43 8595 568 0 240. 16.
45.15 3 NAVIGATION 0 0 0 0 286 0. 570986.7
45.21 3 WP_MOVED 1 358824.90625 4822110. 702.
45.38 3 COMMANDS 0,-9600,9600,-9600,0
45.42 3 NAVIGATION 0 0 0 0 286 0. 570986.7
45.43 3 ATTITUDE 0 0 0
45.49 3 GYRO_RATES -325 -290 -279 2.83616 -2.530727 2.434734
45.49 3 FBW_STATUS 2 1 124
45.51 3 ESTIMATOR 700. 0. 0. 0. 0.
45.54 3 BAT 0 124 0 0 61 61 0
45.59 3 CALIBRATION 0. 0.037 0.5 2
45.62 3 NAVIGATION 0 0 0 0 286 0. 570986.7
45.68 3 WP_MOVED 2 358071. 4822161. 0.
45.70 3 SERVO 9600 -9600 0
45.80 3 DESIRED 0. 0. 0. 0. 700. 0.
45.86 3 NAVIGATION 0 0 0 0 286 0. 570986.7
45.87 3 ATTITUDE 0 0 0
45.97 3 ESTIMATOR 700. 0. 0. 0. 0.
46.03 3 DL_VALUE 21 0.75
46.09 3 NAVIGATION 0 0 0 0 286 0. 570986.7
46.14 3 WP_MOVED 0 358113. 4822203. 702.
46.14 3 DOWNLINK_STATUS 44 8898 588 0 303. 20.
46.31 3 COMMANDS 0,-9600,9600,-9600,0
46.35 3 NAVIGATION 0 0 0 0 286 0. 570986.7
46.37 3 ATTITUDE 0 0 0
46.41 3 GYRO_RATES -325 -289 -279 2.83616 -2.522001 2.434734
46.43 3 FBW_STATUS 2 1 124
46.45 3 ESTIMATOR 700. 0. 0. 0. 0.
46.56 3 NAVIGATION 0 0 0 0 286 0. 570986.7
46.61 3 WP_MOVED 1 358824.90625 4822110. 702.
46.73 3 DESIRED 0. 0. 0. 0. 700. 0.
46.80 3 NAVIGATION 0 0 0 0 286 0. 570986.7
46.84 3 ATTITUDE 0 0 0
46.91 3 ESTIMATOR 700. 0. 0. 0. 0.
46.97 3 DL_VALUE 22 20400.
47.03 3 NAVIGATION 0 0 0 0 286 0. 570986.7
47.08 3 WP_MOVED 2 358071. 4822161. 0.
47.11 3 NAVIGATION_REF 358071 4822161 31
47.14 3 DOWNLINK_STATUS 45 9142 604 0 244. 16.
47.26 3 COMMANDS 0,-9600,9600,-9600,0
47.28 3 NAVIGATION 0 0 0 0 286 0. 570986.7
47.30 3 ATTITUDE 0 0 0
47.34 3 GYRO_RATES -325 -290 -279 2.83616 -2.530727 2.434734
47.36 3 FBW_STATUS 2 1 124
47.38 3 ESTIMATOR 700. 0. 0. 0. 0.
47.41 3 BAT 0 124 0 0 63 63 0
47.46 3 CALIBRATION 0. 0.037 0.5 2
47.50 3 NAVIGATION 0 0 0 0 286 0. 570986.7
47.55 3 WP_MOVED 0 358113. 4822203. 702.
47.57 3 SERVO 9600 -9600 0
47.67 3 DESIRED 0. 0. 0. 0. 700. 0.
47.73 3 NAVIGATION 0 0 0 0 286 0. 570986.7
47.75 3 ATTITUDE 0 0 0
47.85 3 ESTIMATOR 700. 0. 0. 0. 0.
47.90 3 DL_VALUE 23 20400.
47.98 3 NAVIGATION 0 0 0 0 286 0. 570986.7
48.02 3 WP_MOVED 1 358824.90625 4822110. 702.
48.14 3 DOWNLINK_STATUS 46 9412 622 0 270. 18.
48.19 3 COMMANDS 0,-9600,9600,-9600,0
48.22 3 NAVIGATION 0 0 0 0 286 0. 570986.7
48.24 3 ATTITUDE 0 0 0
48.29 3 GYRO_RATES -325 -289 -280 2.83616 -2.522001 2.443461
48.32 3 FBW_STATUS 2 1 124
48.32 3 ESTIMATOR 700. 0. 0. 0. 0.
48.38 3 ACTUATORS 2000,1500,0,1200,2000,1500
48.43 3 NAVIGATION 0 0 0 0 286 0. 570986.7
48.49 3 WP_MOVED 2 358071. 4822161. 0.
48.61 3 DESIRED 0. 0. 0. 0. 700. 0.
48.67 3 NAVIGATION 0 0 0 0 286 0. 570986.7
48.68 3 ATTITUDE 0 0 0
48.70 3 PPRZ_MODE 2 3 1 0 0 6 0
48.78 3 ESTIMATOR 700. 0. 0. 0. 0.
48.85 3 DL_VALUE 24 0.3
48.91 3 NAVIGATION 0 0 0 0 286 0. 570986.7
48.96 3 WP_MOVED 0 358113. 4822203. 702.
49.12 3 COMMANDS 0,-9600,9600,-9600,0
49.15 3 DOWNLINK_STATUS 47 9682 640 0 270. 18.
49.17 3 NAVIGATION 0 0 0 0 286 0. 570986.7
49.19 3 ATTITUDE 0 0 0
49.21 3 GYRO_RATES -325 -290 -279 2.83616 -2.530727 2.434734
49.23 3 FBW_STATUS 2 1 124
49.26 3 ESTIMATOR 700. 0. 0. 0. 0.
49.30 3 BAT 0 124 0 0 65 65 0
49.33 3 CALIBRATION 0. 0.037 0.5 2
49.37 3 NAVIGATION 0 0 0 0 286 0. 570986.7
49.43 3 WP_MOVED 1 358824.90625 4822110. 702.
49.44 3 SERVO 9600 -9600 0
49.55 3 DESIRED 0. 0. 0. 0. 700. 0.
49.61 3 NAVIGATION 0 0 0 0 286 0. 570986.7
49.62 3 ATTITUDE 0 0 0
49.74 3 ESTIMATOR 700. 0. 0. 0. 0.
49.80 3 DL_VALUE 25 0.3
49.87 3 NAVIGATION 0 0 0 0 286 0. 570986.7
49.89 3 WP_MOVED 2 358071. 4822161. 0.
50.06 3 COMMANDS 0,-9600,9600,-9600,0
50.10 3 NAVIGATION 0 0 0 0 286 0. 570986.7
50.12 3 ATTITUDE 0 0 0
50.15 3 DOWNLINK_STATUS 48 9978 660 0 296. 20.
50.17 3 GYRO_RATES -325 -289 -279 2.83616 -2.522001 2.434734
50.17 3 FBW_STATUS 2 1 124
50.21 3 ESTIMATOR 700. 0. 0. 0. 0.
50.31 3 NAVIGATION 0 0 0 0 286 0. 570986.7
50.36 3 WP_MOVED 0 358113. 4822203. 702.
50.48 3 DESIRED 0. 0. 0. 0. 700. 0.
50.54 3 NAVIGATION 0 0 0 0 286 0. 570986.7
50.56 3 ATTITUDE 0 0 0
50.67 3 ESTIMATOR 700. 0. 0. 0. 0.
50.74 3 DL_VALUE 26 0.360007
50.81 3 NAVIGATION 0 0 0 0 286 0. 570986.7
50.84 3 WP_MOVED 1 358824.90625 4822110. 702.
51.00 3 COMMANDS 0,-9600,9600,-9600,0
51.04 3 NAVIGATION 0 0 0 0 286 0. 570986.7
51.07 3 ATTITUDE 0 0 0
51.09 3 GYRO_RATES -324 -289 -279 2.827433 -2.522001 2.434734
51.10 3 FBW_STATUS 2 1 124
51.13 3 ESTIMATOR 700. 0. 0. 0. 0.
51.14 3 DOWNLINK_STATUS 49 10258 678 0 280. 18.
51.16 3 BAT 0 124 0 0 66 66 0
51.21 3 CALIBRATION 0. 0.037 0.5 2
51.24 3 NAVIGATION 0 0 0 0 286 0. 570986.7
51.31 3 WP_MOVED 2 358071. 4822161. 0.
51.34 3 SERVO 9600 -9600 0
51.42 3 DESIRED 0. 0. 0. 0. 700. 0.
51.48 3 NAVIGATION 0 0 0 0 286 0. 570986.7
51.50 3 ATTITUDE 0 0 0
51.60 3 ESTIMATOR 700. 0. 0. 0. 0.
51.67 3 DL_VALUE 27 0.007
51.72 3 NAVIGATION 0 0 0 0 286 0. 570986.7
51.77 3 WP_MOVED 0 358113. 4822203. 702.
51.94 3 COMMANDS 0,-9600,9600,-9600,0
51.98 3 NAVIGATION 0 0 0 0 286 0. 570986.7
52.00 3 ATTITUDE 0 0 0
52.03 3 GYRO_RATES -325 -290 -279 2.83616 -2.530727 2.434734
52.04 3 FBW_STATUS 2 1 124
52.08 3 ESTIMATOR 700. 0. 0. 0. 0.
52.16 3 DOWNLINK_STATUS 50 10528 696 0 270. 18.
52.18 3 NAVIGATION 0 0 0 0 286 0. 570986.7
52.25 3 WP_MOVED 1 358824.90625 4822110. 702.
52.36 3 DESIRED 0. 0. 0. 0. 700. 0.
52.43 3 NAVIGATION 0 0 0 0 286 0. 570986.7
52.44 3 ATTITUDE 0 0 0
52.54 3 ESTIMATOR 700. 0. 0. 0. 0.
52.60 3 DL_VALUE 28 0.04
52.66 3 NAVIGATION 0 0 0 0 286 0. 570986.7
52.71 3 WP_MOVED 2 358071. 4822161. 0.
52.88 3 COMMANDS 0,-9600,9600,-9600,0
52.91 3 NAVIGATION 0 0 0 0 286 0. 570986.7
52.93 3 ATTITUDE 0 0 0
52.97 3 GYRO_RATES -325 -289 -279 2.83616 -2.522001 2.434734
52.97 3 FBW_STATUS 2 1 124
53.02 3 ESTIMATOR 700. 0. 0. 0. 0.
53.04 3 BAT 0 124 0 0 68 68 0
53.07 3 ACTUATORS 2000,1500,0,1200,2000,1500
53.09 3 CALIBRATION 0. 0.037 0.5 2
53.12 3 NAVIGATION 0 0 0 0 286 0. 570986.7
53.15 3 DOWNLINK_STATUS 51 10823 715 0 295. 19.
53.17 3 WP_MOVED 0 358113. 4822203. 702.
53.19 3 SERVO 9600 -9600 0
53.30 3 DESIRED 0. 0. 0. 0. 700. 0.
53.36 3 NAVIGATION 0 0 0 0 286 0. 570986.7
53.40 3 ATTITUDE 0 0 0
53.40 3 PPRZ_MODE 2 3 1 0 0 6 0
53.47 3 ESTIMATOR 700. 0. 0. 0. 0.
53.54 3 DL_VALUE 29 0.037
53.60 3 NAVIGATION 0 0 0 0 286 0. 570986.7
53.64 3 WP_MOVED 1 358824.90625 4822110. 702.
53.82 3 COMMANDS 0,-9600,9600,-9600,0
53.85 3 NAVIGATION 0 0 0 0 286 0. 570986.7
53.87 3 ATTITUDE 0 0 0
53.90 3 GYRO_RATES -325 -289 -280 2.83616 -2.522001 2.443461
53.93 3 FBW_STATUS 2 1 124
53.97 3 ESTIMATOR 700. 0. 0. 0. 0.
54.06 3 NAVIGATION 0 0 0 0 286 0. 570986.7
54.11 3 WP_MOVED 2 358071. 4822161. 0.
54.18 3 DOWNLINK_STATUS 52 11088 733 0 265. 18.
54.25 3 DESIRED 0. 0. 0. 0. 700. 0.
54.29 3 NAVIGATION 0 0 0 0 286 0. 570986.7
54.31 3 ATTITUDE 0 0 0
54.41 3 ESTIMATOR 700. 0. 0. 0. 0.
54.48 3 DL_VALUE 30 0.
54.53 3 NAVIGATION 0 0 0 0 286 0. 570986.7
54.58 3 WP_MOVED 0 358113. 4822203. 702.
54.75 3 COMMANDS 0,-9600,9600,-9600,0
54.78 3 NAVIGATION 0 0 0 0 286 0. 570986.7
54.82 3 ATTITUDE 0 0 0
54.86 3 GYRO_RATES -325 -290 -279 2.83616 -2.530727 2.434734
54.86 3 FBW_STATUS 2 1 124
54.90 3 ESTIMATOR 700. 0. 0. 0. 0.
54.93 3 BAT 0 124 0 0 70 70 0
54.95 3 CALIBRATION 0. 0.037 0.5 2
55.00 3 NAVIGATION 0 0 0 0 286 0. 570986.7
55.05 3 WP_MOVED 1 358824.90625 4822110. 702.
55.07 3 SERVO 9600 -9600 0
55.17 3 DESIRED 0. 0. 0. 0. 700. 0.
55.17 3 DOWNLINK_STATUS 53 11384 752 0 296. 19.
55.23 3 NAVIGATION 0 0 0 0 286 0. 570986.7
55.25 3 ATTITUDE 0 0 0
55.36 3 ESTIMATOR 700. 0. 0. 0. 0.
55.41 3 DL_VALUE 31 0.
55.46 3 NAVIGATION 0 0 0 0 286 0. 570986.7
55.53 3 WP_MOVED 2 358071. 4822161. 0.
55.54 3 NAVIGATION_REF 358071 4822161 31
55.69 3 COMMANDS 0,-9600,9600,-9600,0
55.72 3 NAVIGATION 0 0 0 0 286 0. 570986.7
55.74 3 ATTITUDE 0 0 0
55.78 3 GYRO_RATES -325 -290 -280 2.83616 -2.530727 2.443461
55.80 3 FBW_STATUS 2 1 124
55.82 3 ESTIMATOR 700. 0. 0. 0. 0.
55.94 3 NAVIGATION 0 0 0 0 286 0. 570986.7
55.98 3 WP_MOVED 0 358113. 4822203. 702.
56.11 3 DESIRED 0. 0. 0. 0. 700. 0.
56.17 3 NAVIGATION 0 0 0 0 286 0. 570986.7
56.17 3 DOWNLINK_STATUS 54 11646 769 0 262. 17.
56.18 3 ATTITUDE 0 0 0
56.28 3 ESTIMATOR 700. 0. 0. 0. 0.
56.34 3 DL_VALUE 32 0.045
56.40 3 NAVIGATION 0 0 0 0 286 0. 570986.7
56.45 3 WP_MOVED 1 358824.90625 4822110. 702.
56.62 3 COMMANDS 0,-9600,9600,-9600,0
56.66 3 NAVIGATION 0 0 0 0 286 0. 570986.7
56.69 3 ATTITUDE 0 0 0
56.71 3 GYRO_RATES -325 -289 -280 2.83616 -2.522001 2.443461
56.72 3 FBW_STATUS 2 1 124
56.76 3 ESTIMATOR 700. 0. 0. 0. 0.
56.78 3 BAT 0 124 0 0 72 72 0
56.85 3 CALIBRATION 0. 0.037 0.5 2
56.88 3 NAVIGATION 0 0 0 0 286 0. 570986.7
56.93 3 WP_MOVED 2 358071. 4822161. 0.
56.94 3 SERVO 9600 -9600 0
57.04 3 DESIRED 0. 0. 0. 0. 700. 0.
57.10 3 NAVIGATION 0 0 0 0 286 0. 570986.7
57.12 3 ATTITUDE 0 0 0
57.17 3 DOWNLINK_STATUS 55 11924 788 0 278. 19.
57.22 3 ESTIMATOR 700. 0. 0. 0. 0.
57.28 3 DL_VALUE 33 0.045
57.35 3 NAVIGATION 0 0 0 0 286 0. 570986.7
57.40 3 WP_MOVED 0 358113. 4822203. 702.
57.56 3 COMMANDS 0,-9600,9600,-9600,0
57.59 3 NAVIGATION 0 0 0 0 286 0. 570986.7
57.61 3 ATTITUDE 0 0 0
57.65 3 GYRO_RATES -324 -290 -279 2.827433 -2.530727 2.434734
57.66 3 FBW_STATUS 2 1 124
57.70 3 ESTIMATOR 700. 0. 0. 0. 0.
57.75 3 ACTUATORS 2000,1500,0,1200,2000,1500
57.82 3 NAVIGATION 0 0 0 0 286 0. 570986.7
57.86 3 WP_MOVED 1 358824.90625 4822110. 702.
57.98 3 DESIRED 0. 0. 0. 0. 700. 0.
58.04 3 NAVIGATION 0 0 0 0 286 0. 570986.7
58.06 3 ATTITUDE 0 0 0
58.09 3 PPRZ_MODE 2 3 1 0 0 6 0
58.16 3 ESTIMATOR 700. 0. 0. 0. 0.
58.17 3 DOWNLINK_STATUS 56 12203 806 0 279. 18.
58.21 3 DL_VALUE 34 0.007
58.28 3 NAVIGATION 0 0 0 0 286 0. 570986.7
58.33 3 WP_MOVED 2 358071. 4822161. 0.
58.50 3 COMMANDS 0,-9600,9600,-9600,0
58.54 3 NAVIGATION 0 0 0 0 286 0. 570986.7
58.55 3 ATTITUDE 0 0 0
58.59 3 GYRO_RATES -324 -290 -279 2.827433 -2.530727 2.434734
58.59 3 FBW_STATUS 2 1 124
58.63 3 ESTIMATOR 700. 0. 0. 0. 0.
58.65 3 BAT 0 124 0 0 74 74 0
58.70 3 CALIBRATION 0. 0.037 0.5 2
58.74 3 NAVIGATION 0 0 0 0 286 0. 570986.7
58.79 3 WP_MOVED 0 358113. 4822203. 702.
58.82 3 SERVO 9600 -9600 0
58.92 3 DESIRED 0. 0. 0. 0. 700. 0.
58.98 3 NAVIGATION 0 0 0 0 286 0. 570986.7
58.99 3 ATTITUDE 0 0 0
59.10 3 ESTIMATOR 700. 0. 0. 0. 0.
59.15 3 DL_VALUE 35 0.04
59.17 3 DOWNLINK_STATUS 57 12480 825 0 277. 19.
59.21 3 NAVIGATION 0 0 0 0 286 0. 570986.7
59.26 3 WP_MOVED 1 358824.90625 4822110. 702.
59.43 3 COMMANDS 0,-9600,9600,-9600,0
59.47 3 NAVIGATION 0 0 0 0 286 0. 570986.7
59.49 3 ATTITUDE 0 0 0
59.52 3 GYRO_RATES -326 -289 -280 2.844887 -2.522001 2.443461
59.53 3 FBW_STATUS 2 1 124
59.57 3 ESTIMATOR 700. 0. 0. 0. 0.
59.68 3 NAVIGATION 0 0 0 0 286 0. 570986.7
59.73 3 WP_MOVED 2 358071. 4822161. 0.
59.86 3 DESIRED 0. 0. 0. 0. 700. 0.
59.91 3 NAVIGATION 0 0 0 0 286 0. 570986.7
59.97 3 ATTITUDE 0 0 0
60.03 3 ESTIMATOR 700. 0. 0. 0. 0.
60.09 3 DL_VALUE 36 0.037
60.15 3 NAVIGATION 0 0 0 0 286 0. 570986.7
60.18 3 DOWNLINK_STATUS 58 12731 841 0 251. 16.
60.20 3 WP_MOVED 0 358113. 4822203. 702.
60.37 3 COMMANDS 0,-9600,9600,-9600,0
60.41 3 NAVIGATION 0 0 0 0 286 0. 570986.7
60.43 3 ATTITUDE 0 0 0
60.46 3 GYRO_RATES -325 -290 -279 2.83616 -2.530727 2.434734
60.47 3 FBW_STATUS 2 1 124
60.50 3 ESTIMATOR 700. 0. 0. 0. 0.
60.53 3 BAT 0 124 0 0 76 76 0
60.57 3 CALIBRATION 0. 0.037 0.5 2
60.62 3 NAVIGATION 0 0 0 0 286 0. 570986.7
60.67 3 WP_MOVED 1 358824.90625 4822110. 702.
60.69 3 SERVO 9600 -9600 0
60.79 3 DESIRED 0. 0. 0. 0. 700. 0.
60.86 3 NAVIGATION 0 0 0 0 286 0. 570986.7
60.87 3 ATTITUDE 0 0 0
60.97 3 ESTIMATOR 700. 0. 0. 0. 0.
61.03 3 DL_VALUE 37 0.
61.09 3 NAVIGATION 0 0 0 0 286 0. 570986.7
61.14 3 WP_MOVED 2 358071. 4822161. 0.
61.18 3 DOWNLINK_STATUS 59 13016 860 0 285. 19.
61.31 3 COMMANDS 0,-9600,9600,-9600,0
61.35 3 NAVIGATION 0 0 0 0 286 0. 570986.7
61.37 3 ATTITUDE 0 0 0
61.40 3 GYRO_RATES -325 -289 -279 2.83616 -2.522001 2.434734
61.44 3 FBW_STATUS 2 1 124
61.44 3 ESTIMATOR 700. 0. 0. 0. 0.
61.55 3 NAVIGATION 0 0 0 0 286 0. 570986.7
61.61 3 WP_MOVED 0 358113. 4822203. 702.
61.73 3 DESIRED 0. 0. 0. 0. 700. 0.
61.79 3 NAVIGATION 0 0 0 0 286 0. 570986.7
61.81 3 ATTITUDE 0 0 0
61.91 3 ESTIMATOR 700. 0. 0. 0. 0.
61.97 3 DL_VALUE 38 0.
62.02 3 NAVIGATION 0 0 0 0 286 0. 570986.7
62.07 3 WP_MOVED 1 358824.90625 4822110. 702.
62.18 3 DOWNLINK_STATUS 60 13249 875 0 233. 15.
62.25 3 COMMANDS 0,-9600,9600,-9600,0
62.28 3 NAVIGATION 0 0 0 0 286 0. 570986.7
62.30 3 ATTITUDE 0 0 0
62.33 3 GYRO_RATES -325 -289 -279 2.83616 -2.522001 2.434734
62.35 3 FBW_STATUS 2 1 124
62.38 3 ESTIMATOR 700. 0. 0. 0. 0.
62.42 3 BAT 0 124 0 0 78 78 0
62.43 3 ACTUATORS 2000,1500,0,1200,2000,1500
62.46 3 CALIBRATION 0. 0.037 0.5 2
62.49 3 NAVIGATION 0 0 0 0 286 0. 570986.7
62.55 3 WP_MOVED 2 358071. 4822161. 0.
62.56 3 SERVO 9600 -9600 0
62.67 3 DESIRED 0. 0. 0. 0. 700. 0.
62.73 3 NAVIGATION 0 0 0 0 286 0. 570986.7
62.75 3 ATTITUDE 0 0 0
62.76 3 PPRZ_MODE 2 3 1 0 0 6 0
62.85 3 ESTIMATOR 700. 0. 0. 0. 0.
62.90 3 DL_VALUE 39 0.045
62.96 3 NAVIGATION 0 0 0 0 286 0. 570986.7
63.01 3 WP_MOVED 0 358113. 4822203. 702.
63.18 3 DOWNLINK_STATUS 61 13543 895 0 294. 20.
63.19 3 COMMANDS 0,-9600,9600,-9600,0
63.22 3 NAVIGATION 0 0 0 0 286 0. 570986.7
63.24 3 ATTITUDE 0 0 0
63.27 3 GYRO_RATES -325 -290 -279 2.83616 -2.530727 2.434734
63.28 3 FBW_STATUS 2 1 124
63.32 3 ESTIMATOR 700. 0. 0. 0. 0.
63.43 3 NAVIGATION 0 0 0 0 286 0. 570986.7
63.48 3 WP_MOVED 1 358824.90625 4822110. 702.
63.60 3 DESIRED 0. 0. 0. 0. 700. 0.
63.67 3 NAVIGATION 0 0 0 0 286 0. 570986.7
63.68 3 ATTITUDE 0 0 0
63.78 3 ESTIMATOR 700. 0. 0. 0. 0.
63.84 3 DL_VALUE 40 0.045
63.90 3 NAVIGATION 0 0 0 0 286 0. 570986.7
63.95 3 WP_MOVED 2 358071. 4822161. 0.
63.97 3 NAVIGATION_REF 358071 4822161 31
64.12 3 COMMANDS 0,-9600,9600,-9600,0
64.16 3 NAVIGATION 0 0 0 0 286 0. 570986.7
64.17 3 ATTITUDE 0 0 0
64.18 3 DOWNLINK_STATUS 62 13826 914 0 283. 19.
64.21 3 GYRO_RATES -325 -289 -279 2.83616 -2.522001 2.434734
64.22 3 FBW_STATUS 2 1 124
64.25 3 ESTIMATOR 700. 0. 0. 0. 0.
64.28 3 BAT 0 124 0 0 80 80 0
64.33 3 CALIBRATION 0. 0.037 0.5 2
64.37 3 NAVIGATION 0 0 0 0 286 0. 570986.7
64.42 3 WP_MOVED 0 358113. 4822203. 702.
64.46 3 SERVO 9600 -9600 0
64.54 3 DESIRED 0. 0. 0. 0. 700. 0.
64.60 3 NAVIGATION 0 0 0 0 286 0. 570986.7
64.62 3 ATTITUDE 0 0 0
64.72 3 ESTIMATOR 700. 0. 0. 0. 0.
64.78 3 DL_VALUE 0 700.
64.84 3 NAVIGATION 0 0 0 0 286 0. 570986.7
64.89 3 WP_MOVED 1 358824.90625 4822110. 702.
65.06 3 COMMANDS 0,-9600,9600,-9600,0
65.09 3 NAVIGATION 0 0 0 0 286 0. 570986.7
65.11 3 ATTITUDE 0 0 0
65.15 3 GYRO_RATES -324 -289 -279 2.827433 -2.522001 2.434734
65.16 3 FBW_STATUS 2 1 124
65.18 3 DOWNLINK_STATUS 63 14121 934 0 295. 20.
65.19 3 ESTIMATOR 700. 0. 0. 0. 0.
65.31 3 NAVIGATION 0 0 0 0 286 0. 570986.7
65.36 3 WP_MOVED 2 358071. 4822161. 0.
65.48 3 DESIRED 0. 0. 0. 0. 700. 0.
65.54 3 NAVIGATION 0 0 0 0 286 0. 570986.7
65.56 3 ATTITUDE 0 0 0
65.66 3 ESTIMATOR 700. 0. 0. 0. 0.
65.71 3 DL_VALUE 1 1.
65.77 3 NAVIGATION 0 0 0 0 286 0. 570986.7
65.83 3 WP_MOVED 0 358113. 4822203. 702.
66.00 3 COMMANDS 0,-9600,9600,-9600,0
66.03 3 NAVIGATION 0 0 0 0 286 0. 570986.7
66.05 3 ATTITUDE 0 0 0
66.09 3 GYRO_RATES -324 -289 -279 2.827433 -2.522001 2.434734
66.09 3 FBW_STATUS 2 1 124
66.13 3 ESTIMATOR 700. 0. 0. 0. 0.
66.15 3 BAT 0 124 0 0 82 82 0
66.18 3 DOWNLINK_STATUS 64 14390 951 0 269. 17.
66.20 3 CALIBRATION 0. 0.037 0.5 2
66.24 3 NAVIGATION 0 0 0 0 286 0. 570986.7
66.29 3 WP_MOVED 1 358824.90625 4822110. 702.
66.31 3 SERVO 9600 -9600 0
66.41 3 DESIRED 0. 0. 0. 0. 700. 0.
66.48 3 NAVIGATION 0 0 0 0 286 0. 570986.7
66.49 3 ATTITUDE 0 0 0
66.59 3 ESTIMATOR 700. 0. 0. 0. 0.
66.65 3 DL_VALUE 2 0.
66.71 3 NAVIGATION 0 0 0 0 286 0. 570986.7
66.76 3 WP_MOVED 2 358071. 4822161. 0.
66.93 3 COMMANDS 0,-9600,9600,-9600,0
66.97 3 NAVIGATION 0 0 0 0 286 0. 570986.7
66.99 3 ATTITUDE 0 0 0
67.02 3 GYRO_RATES -325 -290 -279 2.83616 -2.530727 2.434734
67.03 3 FBW_STATUS 2 1 124
67.07 3 ESTIMATOR 700. 0. 0. 0. 0.
67.12 3 ACTUATORS 2000,1500,0,1200,2000,1500
67.18 3 NAVIGATION 0 0 0 0 286 0. 570986.7
67.18 3 DOWNLINK_STATUS 65 14679 970 0 289. 19.
67.23 3 WP_MOVED 0 358113. 4822203. 702.
67.35 3 DESIRED 0. 0. 0. 0. 700. 0.
67.41 3 NAVIGATION 0 0 0 0 286 0. 570986.7
67.45 3 ATTITUDE 0 0 0
67.45 3 PPRZ_MODE 2 3 1 0 0 6 0
67.53 3 ESTIMATOR 700. 0. 0. 0. 0.
67.59 3 DL_VALUE 3 0.
67.65 3 NAVIGATION 0 0 0 0 286 0. 570986.7
67.70 3 WP_MOVED 1 358824.90625 4822110. 702.
67.87 3 COMMANDS 0,-9600,9600,-9600,0
67.91 3 NAVIGATION 0 0 0 0 286 0. 570986.7
67.95 3 ATTITUDE 0 0 0
67.96 3 GYRO_RATES -324 -290 -279 2.827433 -2.530727 2.434734
67.97 3 FBW_STATUS 2 1 124
68.00 3 ESTIMATOR 700. 0. 0. 0. 0.
68.03 3 BAT 0 124 0 0 84 84 0
68.07 3 CALIBRATION 0. 0.037 0.5 2
68.12 3 NAVIGATION 0 0 0 0 286 0. 570986.7
68.17 3 WP_MOVED 2 358071. 4822161. 0.
68.18 3 DOWNLINK_STATUS 66 14965 989 0 286. 19.
68.19 3 SERVO 9600 -9600 0
68.29 3 DESIRED 0. 0. 0. 0. 700. 0.
68.35 3 NAVIGATION 0 0 0 0 286 0. 570986.7
68.37 3 ATTITUDE 0 0 0
68.47 3 ESTIMATOR 700. 0. 0. 0. 0.
68.53 3 DL_VALUE 4 2.
68.59 3 NAVIGATION 0 0 0 0 286 0. 570986.7
68.64 3 WP_MOVED 0 358113. 4822203. 702.
68.81 3 COMMANDS 0,-9600,9600,-9600,0
68.85 3 NAVIGATION 0 0 0 0 286 0. 570986.7
68.86 3 ATTITUDE 0 0 0
68.90 3 GYRO_RATES -325 -290 -279 2.83616 -2.530727 2.434734
68.91 3 FBW_STATUS 2 1 124
68.95 3 ESTIMATOR 700. 0. 0. 0. 0.
69.05 3 NAVIGATION 0 0 0 0 286 0. 570986.7
69.11 3 WP_MOVED 1 358824.90625 4822110. 702.
69.19 3 DOWNLINK_STATUS 67 15206 1005 0 241. 16.
69.23 3 DESIRED 0. 0. 0. 0. 700. 0.
69.29 3 NAVIGATION 0 0 0 0 286 0. 570986.7
69.31 3 ATTITUDE 0 0 0
69.41 3 ESTIMATOR 700. 0. 0. 0. 0.
69.47 3 DL_VALUE 5 0.
69.52 3 NAVIGATION 0 0 0 0 286 0. 570986.7
69.57 3 WP_MOVED 2 358071. 4822161. 0.
69.75 3 COMMANDS 0,-9600,9600,-9600,0
69.78 3 NAVIGATION 0 0 0 0 286 0. 570986.7
69.80 3 ATTITUDE 0 0 0
69.83 3 GYRO_RATES -325 -290 -279 2.83616 -2.530727 2.434734
69.85 3 FBW_STATUS 2 1 124
69.88 3 ESTIMATOR 700. 0. 0. 0. 0.
69.90 3 BAT 0 124 0 0 86 86 0
69.95 3 CALIBRATION 0. 0.037 0.5 2
69.99 3 NAVIGATION 0 0 0 0 286 0. 570986.7
70.04 3 WP_MOVED 0 358113. 4822203. 702.
70.06 3 SERVO 9600 -9600 0
70.17 3 DESIRED 0. 0. 0. 0. 700. 0.
70.19 3 DOWNLINK_STATUS 68 15502 1024 0 296. 19.
70.23 3 NAVIGATION 0 0 0 0 286 0. 570986.7
70.24 3 ATTITUDE 0 0 0
70.35 3 ESTIMATOR 700. 0. 0. 0. 0.
70.40 3 DL_VALUE 6 0.
70.46 3 NAVIGATION 0 0 0 0 286 0. 570986.7
70.51 3 WP_MOVED 1 358824.90625 4822110. 702.
70.69 3 COMMANDS 0,-9600,9600,-9600,0
70.72 3 NAVIGATION 0 0 0 0 286 0. 570986.7
70.74 3 ATTITUDE 0 0 0
70.77 3 GYRO_RATES -325 -290 -279 2.83616 -2.530727 2.434734
70.78 3 FBW_STATUS 2 1 124
70.82 3 ESTIMATOR 700. 0. 0. 0. 0.
70.93 3 NAVIGATION 0 0 0 0 286 0. 570986.7
70.98 3 WP_MOVED 2 358071. 4822161. 0.
71.10 3 DESIRED 0. 0. 0. 0. 700. 0.
71.17 3 NAVIGATION 0 0 0 0 286 0. 570986.7
71.18 3 ATTITUDE 0 0 0
71.19 3 DOWNLINK_STATUS 69 15761 1041 0 259. 17.
71.28 3 ESTIMATOR 700. 0. 0. 0. 0.
71.34 3 DL_VALUE 7 0.
71.40 3 NAVIGATION 0 0 0 0 286 0. 570986.7
71.45 3 WP_MOVED 0 358113. 4822203. 702.
71.62 3 COMMANDS 0,-9600,9600,-9600,0
71.66 3 NAVIGATION 0 0 0 0 286 0. 570986.7
71.67 3 ATTITUDE 0 0 0
71.71 3 GYRO_RATES -325 -289 -279 2.83616 -2.522001 2.434734
71.72 3 FBW_STATUS 2 1 124
71.76 3 ESTIMATOR 700. 0. 0. 0. 0.
71.78 3 BAT 0 124 0 0 88 88 0
71.81 3 ACTUATORS 2000,1500,0,1200,2000,1500
71.83 3 CALIBRATION 0. 0.037 0.5 2
71.87 3 NAVIGATION 0 0 0 0 286 0. 570986.7
71.92 3 WP_MOVED 1 358824.90625 4822110. 702.
71.94 3 SERVO 9600 -9600 0
72.04 3 DESIRED 0. 0. 0. 0. 700. 0.
72.10 3 NAVIGATION 0 0 0 0 286 0. 570986.7
72.12 3 ATTITUDE 0 0 0
72.14 3 PPRZ_MODE 2 3 1 0 0 6 0
72.19 3 DOWNLINK_STATUS 70 16055 1061 0 294. 20.
72.22 3 ESTIMATOR 700. 0. 0. 0. 0.
72.28 3 DL_VALUE 8 0.
72.33 3 NAVIGATION 0 0 0 0 286 0. 570986.7
72.39 3 WP_MOVED 2 358071. 4822161. 0.
72.41 3 NAVIGATION_REF 358071 4822161 31
72.56 3 COMMANDS 0,-9600,9600,-9600,0
72.60 3 NAVIGATION 0 0 0 0 286 0. 570986.7
72.61 3 ATTITUDE 0 0 0
72.65 3 GYRO_RATES -324 -289 -279 2.827433 -2.522001 2.434734
72.66 3 FBW_STATUS 2 1 124
72.69 3 ESTIMATOR 700. 0. 0. 0. 0.
72.81 3 NAVIGATION 0 0 0 0 286 0. 570986.7
72.86 3 WP_MOVED 0 358113. 4822203. 702.
72.98 3 DESIRED 0. 0. 0. 0. 700. 0.
73.04 3 NAVIGATION 0 0 0 0 286 0. 570986.7
73.06 3 ATTITUDE 0 0 0
73.16 3 ESTIMATOR 700. 0. 0. 0. 0.
73.19 3 DOWNLINK_STATUS 71 16321 1078 0 266. 17.
73.21 3 DL_VALUE 9 515.
73.27 3 NAVIGATION 0 0 0 0 286 0. 570986.7
73.33 3 WP_MOVED 1 358824.90625 4822110. 702.
73.50 3 COMMANDS 0,-9600,9600,-9600,0
73.53 3 NAVIGATION 0 0 0 0 286 0. 570986.7
73.55 3 ATTITUDE 0 0 0
73.58 3 GYRO_RATES -324 -289 -279 2.827433 -2.522001 2.434734
73.59 3 FBW_STATUS 2 1 124
73.63 3 ESTIMATOR 700. 0. 0. 0. 0.
73.65 3 BAT 0 124 0 0 90 90 0
73.70 3 CALIBRATION 0. 0.037 0.5 2
73.74 3 NAVIGATION 0 0 0 0 286 0. 570986.7
73.79 3 WP_MOVED 2 358071. 4822161. 0.
73.81 3 SERVO 9600 -9600 0
73.91 3 DESIRED 0. 0. 0. 0. 700. 0.
73.98 3 NAVIGATION 0 0 0 0 286 0. 570986.7
74.02 3 ATTITUDE 0 0 0
74.09 3 ESTIMATOR 700. 0. 0. 0. 0.
74.15 3 DL_VALUE 10 480.
74.19 3 DOWNLINK_STATUS 72 16598 1097 0 277. 19.
74.21 3 NAVIGATION 0 0 0 0 286 0. 570986.7
74.26 3 WP_MOVED 0 358113. 4822203. 702.
74.44 3 COMMANDS 0,-9600,9600,-9600,0
74.47 3 NAVIGATION 0 0 0 0 286 0. 570986.7
74.49 3 ATTITUDE 0 0 0
74.52 3 GYRO_RATES -325 -290 -279 2.83616 -2.530727 2.434734
74.53 3 FBW_STATUS 2 1 124
74.57 3 ESTIMATOR 700. 0. 0. 0. 0.
74.68 3 NAVIGATION 0 0 0 0 286 0. 570986.7
74.73 3 WP_MOVED 1 358824.90625 4822110. 702.
74.85 3 DESIRED 0. 0. 0. 0. 700. 0.
74.91 3 NAVIGATION 0 0 0 0 286 0. 570986.7
74.93 3 ATTITUDE 0 0 0
75.03 3 ESTIMATOR 700. 0. 0. 0. 0.
75.09 3 DL_VALUE 11 470.
75.15 3 NAVIGATION 0 0 0 0 286 0. 570986.7
75.19 3 DOWNLINK_STATUS 73 16849 1113 0 251. 16.
75.20 3 WP_MOVED 2 358071. 4822161. 0.
75.37 3 COMMANDS 0,-9600,9600,-9600,0
75.41 3 NAVIGATION 0 0 0 0 286 0. 570986.7
75.43 3 ATTITUDE 0 0 0
75.46 3 GYRO_RATES -325 -290 -279 2.83616 -2.530727 2.434734
75.50 3 FBW_STATUS 2 1 124
75.50 3 ESTIMATOR 700. 0. 0. 0. 0.
75.53 3 BAT 0 124 0 0 92 92 0
75.57 3 CALIBRATION 0. 0.037 0.5 2
75.62 3 NAVIGATION 0 0 0 0 286 0. 570986.7
75.67 3 WP_MOVED 0 358113. 4822203. 702.
75.69 3 SERVO 9600 -9600 0
75.79 3 DESIRED 0. 0. 0. 0. 700. 0.
75.85 3 NAVIGATION 0 0 0 0 286 0. 570986.7
75.87 3 ATTITUDE 0 0 0
75.97 3 ESTIMATOR 700. 0. 0. 0. 0.
76.03 3 DL_VALUE 12 1.35
76.09 3 NAVIGATION 0 0 0 0 286 0. 570986.7
76.14 3 WP_MOVED 1 358824.90625 4822110. 702.
76.19 3 DOWNLINK_STATUS 74 17134 1132 0 285. 19.
76.31 3 COMMANDS 0,-9600,9600,-9600,0
76.34 3 NAVIGATION 0 0 0 0 286 0. 570986.7
76.36 3 ATTITUDE 0 0 0
76.40 3 GYRO_RATES -325 -290 -279 2.83616 -2.530727 2.434734
76.41 3 FBW_STATUS 2 1 124
76.44 3 ESTIMATOR 700. 0. 0. 0. 0.
76.50 3 ACTUATORS 2000,1500,0,1200,2000,1500
76.55 3 NAVIGATION 0 0 0 0 286 0. 570986.7
76.61 3 WP_MOVED 2 358071. 4822161. 0.
76.73 3 DESIRED 0. 0. 0. 0. 700. 0.
76.79 3 NAVIGATION 0 0 0 0 286 0. 570986.7
76.81 3 ATTITUDE 0 0 0
76.83 3 PPRZ_MODE 2 3 1 0 0 6 0
76.91 3 ESTIMATOR 700. 0. 0. 0. 0.
76.97 3 DL_VALUE 13 0.
77.02 3 NAVIGATION 0 0 0 0 286 0. 570986.7
77.07 3 WP_MOVED 0 358113. 4822203. 702.
77.19 3 DOWNLINK_STATUS 75 17391 1149 0 257. 17.
77.25 3 COMMANDS 0,-9600,9600,-9600,0
77.28 3 NAVIGATION 0 0 0 0 286 0. 570986.7
77.30 3 ATTITUDE 0 0 0
77.33 3 GYRO_RATES -325 -290 -279 2.83616 -2.530727 2.434734
77.34 3 FBW_STATUS 2 1 124
77.38 3 ESTIMATOR 700. 0. 0. 0. 0.
77.40 3 BAT 0 124 0 0 94 94 0
77.45 3 CALIBRATION 0. 0.037 0.5 2
77.49 3 NAVIGATION 0 0 0 0 286 0. 570986.7
77.54 3 WP_MOVED 1 358824.90625 4822110. 702.
77.57 3 SERVO 9600 -9600 0
77.67 3 DESIRED 0. 0. 0. 0. 700. 0.
77.73 3 NAVIGATION 0 0 0 0 286 0. 570986.7
77.74 3 ATTITUDE 0 0 0
77.84 3 ESTIMATOR 700. 0. 0. 0. 0.
77.90 3 DL_VALUE 14 0.
77.96 3 NAVIGATION 0 0 0 0 286 0. 570986.7
78.01 3 WP_MOVED 2 358071. 4822161. 0.
78.18 3 COMMANDS 0,-9600,9600,-9600,0
78.19 3 DOWNLINK_STATUS 76 17674 1168 0 283. 19.
78.22 3 NAVIGATION 0 0 0 0 286 0. 570986.7
78.24 3 ATTITUDE 0 0 0
78.27 3 GYRO_RATES -325 -290 -279 2.83616 -2.530727 2.434734
78.28 3 FBW_STATUS 2 1 124
78.32 3 ESTIMATOR 700. 0. 0. 0. 0.
78.43 3 NAVIGATION 0 0 0 0 286 0. 570986.7
78.48 3 WP_MOVED 0 358113. 4822203. 702.
78.60 3 DESIRED 0. 0. 0. 0. 700. 0.
78.67 3 NAVIGATION 0 0 0 0 286 0. 570986.7
78.68 3 ATTITUDE 0 0 0
78.78 3 ESTIMATOR 700. 0. 0. 0. 0.
78.84 3 DL_VALUE 15 0.75
78.90 3 NAVIGATION 0 0 0 0 286 0. 570986.7
78.95 3 WP_MOVED 1 358824.90625 4822110. 702.
79.12 3 COMMANDS 0,-9600,9600,-9600,0
79.16 3 NAVIGATION 0 0 0 0 286 0. 570986.7
79.17 3 ATTITUDE 0 0 0
79.19 3 DOWNLINK_STATUS 77 17933 1185 0 259. 17.
79.21 3 GYRO_RATES -325 -290 -279 2.83616 -2.530727 2.434734
79.22 3 FBW_STATUS 2 1 124
79.25 3 ESTIMATOR 700. 0. 0. 0. 0.
79.28 3 BAT 0 124 0 0 96 96 0
79.33 3 CALIBRATION 0. 0.037 0.5 2
79.37 3 NAVIGATION 0 0 0 0 286 0. 570986.7
79.42 3 WP_MOVED 2 358071. 4822161. 0.
79.44 3 SERVO 9600 -9600 0
79.54 3 DESIRED 0. 0. 0. 0. 700. 0.
79.60 3 NAVIGATION 0 0 0 0 286 0. 570986.7
79.62 3 ATTITUDE 0 0 0
79.72 3 ESTIMATOR 700. 0. 0. 0. 0.
79.77 3 DL_VALUE 16 33600.
79.83 3 NAVIGATION 0 0 0 0 286 0. 570986.7
79.89 3 WP_MOVED 0 358113. 4822203. 702.
80.06 3 COMMANDS 0,-9600,9600,-9600,0
80.09 3 NAVIGATION 0 0 0 0 286 0. 570986.7
80.12 3 ATTITUDE 0 0 0
80.15 3 GYRO_RATES -324 -290 -279 2.827433 -2.530727 2.434734
80.16 3 FBW_STATUS 2 1 124
80.19 3 ESTIMATOR 700. 0. 0. 0. 0.
80.19 3 DOWNLINK_STATUS 78 18250 1206 0 317. 21.
80.30 3 NAVIGATION 0 0 0 0 286 0. 570986.7
80.35 3 WP_MOVED 1 358824.90625 4822110. 702.
80.48 3 DESIRED 0. 0. 0. 0. 700. 0.
80.54 3 NAVIGATION 0 0 0 0 286 0. 570986.7
80.55 3 ATTITUDE 0 0 0
80.65 3 ESTIMATOR 700. 0. 0. 0. 0.
80.71 3 DL_VALUE 17 33600.
80.77 3 NAVIGATION 0 0 0 0 286 0. 570986.7
80.83 3 WP_MOVED 2 358071. 4822161. 0.
80.85 3 NAVIGATION_REF 358071 4822161 31
80.99 3 COMMANDS 0,-9600,9600,-9600,0
81.03 3 NAVIGATION 0 0 0 0 286 0. 570986.7
81.05 3 ATTITUDE 0 0 0
81.08 3 GYRO_RATES -324 -290 -279 2.827433 -2.530727 2.434734
81.09 3 FBW_STATUS 2 1 124
81.13 3 ESTIMATOR 700. 0. 0. 0. 0.
81.15 3 BAT 0 124 0 0 98 98 0
81.18 3 ACTUATORS 2000,1500,0,1200,2000,1500
81.19 3 DOWNLINK_STATUS 79 18523 1224 0 273. 18.
81.21 3 CALIBRATION 0. 0.037 0.5 2
81.25 3 NAVIGATION 0 0 0 0 286 0. 570986.7
81.29 3 WP_MOVED 0 358113. 4822203. 702.
81.31 3 SERVO 9600 -9600 0
81.41 3 DESIRED 0. 0. 0. 0. 700. 0.
81.48 3 NAVIGATION 0 0 0 0 286 0. 570986.7
81.52 3 ATTITUDE 0 0 0
81.52 3 PPRZ_MODE 2 3 1 0 0 6 0
81.59 3 ESTIMATOR 700. 0. 0. 0. 0.
81.65 3 DL_VALUE 18 0.75
81.71 3 NAVIGATION 0 0 0 0 286 0. 570986.7
81.76 3 WP_MOVED 1 358824.90625 4822110. 702.
81.93 3 COMMANDS 0,-9600,9600,-9600,0
81.97 3 NAVIGATION 0 0 0 0 286 0. 570986.7
82.00 3 ATTITUDE 0 0 0
82.02 3 GYRO_RATES -325 -290 -279 2.83616 -2.530727 2.434734
82.03 3 FBW_STATUS 2 1 124
82.07 3 ESTIMATOR 700. 0. 0. 0. 0.
82.18 3 NAVIGATION 0 0 0 0 286 0. 570986.7
82.19 3 DOWNLINK_STATUS 80 18806 1243 0 283. 19.
82.23 3 WP_MOVED 2 358071. 4822161. 0.
82.35 3 DESIRED 0. 0. 0. 0. 700. 0.
82.41 3 NAVIGATION 0 0 0 0 286 0. 570986.7
82.43 3 ATTITUDE 0 0 0
82.53 3 ESTIMATOR 700. 0. 0. 0. 0.
82.59 3 DL_VALUE 19 21500.
82.65 3 NAVIGATION 0 0 0 0 286 0. 570986.7
82.70 3 WP_MOVED 0 358113. 4822203. 702.
82.87 3 COMMANDS 0,-9600,9600,-9600,0
82.91 3 NAVIGATION 0 0 0 0 286 0. 570986.7
82.93 3 ATTITUDE 0 0 0
82.96 3 GYRO_RATES -325 -289 -279 2.83616 -2.522001 2.434734
83.00 3 FBW_STATUS 2 1 124
83.00 3 ESTIMATOR 700. 0. 0. 0. 0.
83.03 3 BAT 0 124 0 0 100 100 0
83.07 3 CALIBRATION 0. 0.037 0.5 2
83.11 3 NAVIGATION 0 0 0 0 286 0. 570986.7
83.17 3 WP_MOVED 1 358824.90625 4822110. 702.
83.19 3 SERVO 9600 -9600 0
83.19 3 DOWNLINK_STATUS 81 19091 1262 0 285. 19.
83.29 3 DESIRED 0. 0. 0. 0. 700. 0.
83.35 3 NAVIGATION 0 0 0 0 286 0. 570986.7
83.37 3 ATTITUDE 0 0 0
83.47 3 ESTIMATOR 700. 0. 0. 0. 0.
83.53 3 DL_VALUE 20 21500.
83.59 3 NAVIGATION 0 0 0 0 286 0. 570986.7
83.64 3 WP_MOVED 2 358071. 4822161. 0.
83.81 3 COMMANDS 0,-9600,9600,-9600,0
83.84 3 NAVIGATION 0 0 0 0 286 0. 570986.7
83.86 3 ATTITUDE 0 0 0
83.89 3 GYRO_RATES -325 -290 -279 2.83616 -2.530727 2.434734
83.91 3 FBW_STATUS 2 1 124
83.94 3 ESTIMATOR 700. 0. 0. 0. 0.
84.05 3 NAVIGATION 0 0 0 0 286 0. 570986.7
84.11 3 WP_MOVED 0 358113. 4822203. 702.
84.19 3 DOWNLINK_STATUS 82 19324 1277 0 233. 15.
84.23 3 DESIRED 0. 0. 0. 0. 700. 0.
84.29 3 NAVIGATION 0 0 0 0 286 0. 570986.7
84.31 3 ATTITUDE 0 0 0
84.41 3 ESTIMATOR 700. 0. 0. 0. 0.
84.47 3 DL_VALUE 21 0.75
84.52 3 NAVIGATION 0 0 0 0 286 0. 570986.7
84.57 3 WP_MOVED 1 358824.90625 4822110. 702.
84.75 3 COMMANDS 0,-9600,9600,-9600,0
84.78 3 NAVIGATION 0 0 0 0 286 0. 570986.7
84.80 3 ATTITUDE 0 0 0
84.83 3 GYRO_RATES -325 -290 -279 2.83616 -2.530727 2.434734
84.84 3 FBW_STATUS 2 1 124
84.88 3 ESTIMATOR 700. 0. 0. 0. 0.
84.90 3 BAT 0 124 0 0 102 102 0
84.95 3 CALIBRATION 0. 0.037 0.5 2
84.99 3 NAVIGATION 0 0 0 0 286 0. 570986.7
85.04 3 WP_MOVED 2 358071. 4822161. 0.
85.07 3 SERVO 9600 -9600 0
85.17 3 DESIRED 0. 0. 0. 0. 700. 0.
85.20 3 DOWNLINK_STATUS 83 19620 1296 0 296. 19.
85.23 3 NAVIGATION 0 0 0 0 286 0. 570986.7
85.24 3 ATTITUDE 0 0 0
85.34 3 ESTIMATOR 700. 0. 0. 0. 0.
85.40 3 DL_VALUE 22 20400.
85.46 3 NAVIGATION 0 0 0 0 286 0. 570986.7
85.51 3 WP_MOVED 0 358113. 4822203. 702.
85.68 3 COMMANDS 0,-9600,9600,-9600,0
85.72 3 NAVIGATION 0 0 0 0 286 0. 570986.7
85.74 3 ATTITUDE 0 0 0
85.77 3 GYRO_RATES -325 -290 -279 2.83616 -2.530727 2.434734
85.78 3 FBW_STATUS 2 1 124
85.82 3 ESTIMATOR 700. 0. 0. 0. 0.
85.87 3 ACTUATORS 2000,1500,0,1200,2000,1500
85.93 3 NAVIGATION 0 0 0 0 286 0. 570986.7
85.98 3 WP_MOVED 1 358824.90625 4822110. 702.
86.10 3 DESIRED 0. 0. 0. 0. 700. 0.
86.16 3 NAVIGATION 0 0 0 0 286 0. 570986.7
86.18 3 ATTITUDE 0 0 0
86.20 3 PPRZ_MODE 2 3 1 0 0 6 0
86.20 3 DOWNLINK_STATUS 84 19903 1315 0 283. 19.
86.28 3 ESTIMATOR 700. 0. 0. 0. 0.
86.34 3 DL_VALUE 23 20400.
86.40 3 NAVIGATION 0 0 0 0 286 0. 570986.7
86.45 3 WP_MOVED 2 358071. 4822161. 0.
86.62 3 COMMANDS 0,-9600,9600,-9600,0
86.66 3 NAVIGATION 0 0 0 0 286 0. 570986.7
86.67 3 ATTITUDE 0 0 0
86.71 3 GYRO_RATES -324 -289 -279 2.827433 -2.522001 2.434734
86.72 3 FBW_STATUS 2 1 124
86.75 3 ESTIMATOR 700. 0. 0. 0. 0.
86.78 3 BAT 0 124 0 0 104 104 0
86.83 3 CALIBRATION 0. 0.037 0.5 2
86.87 3 NAVIGATION 0 0 0 0 286 0. 570986.7
86.92 3 WP_MOVED 0 358113. 4822203. 702.
86.94 3 SERVO 9600 -9600 0
87.04 3 DESIRED 0. 0. 0. 0. 700. 0.
87.10 3 NAVIGATION 0 0 0 0 286 0. 570986.7
87.12 3 ATTITUDE 0 0 0
87.20 3 DOWNLINK_STATUS 85 20173 1333 0 270. 18.
87.22 3 ESTIMATOR 700. 0. 0. 0. 0.
87.27 3 DL_VALUE 24 0.3
87.33 3 NAVIGATION 0 0 0 0 286 0. 570986.7
87.39 3 WP_MOVED 1 358824.90625 4822110. 702.
87.56 3 COMMANDS 0,-9600,9600,-9600,0
87.59 3 NAVIGATION 0 0 0 0 286 0. 570986.7
87.61 3 ATTITUDE 0 0 0
87.65 3 GYRO_RATES -324 -290 -279 2.827433 -2.530727 2.434734
87.65 3 FBW_STATUS 2 1 124
87.69 3 ESTIMATOR 700. 0. 0. 0. 0.
87.80 3 NAVIGATION 0 0 0 0 286 0. 570986.7
87.85 3 WP_MOVED 2 358071. 4822161. 0.
87.98 3 DESIRED 0. 0. 0. 0. 700. 0.
88.04 3 NAVIGATION 0 0 0 0 286 0. 570986.7
88.05 3 ATTITUDE 0 0 0
88.15 3 ESTIMATOR 700. 0. 0. 0. 0.
88.20 3 DOWNLINK_STATUS 86 20428 1349 0 255. 16.
88.21 3 DL_VALUE 25 0.3
88.27 3 NAVIGATION 0 0 0 0 286 0. 570986.7
88.32 3 WP_MOVED 0 358113. 4822203. 702.
88.49 3 COMMANDS 0,-9600,9600,-9600,0
88.53 3 NAVIGATION 0 0 0 0 286 0. 570986.7
88.55 3 ATTITUDE 0 0 0
88.58 3 GYRO_RATES -324 -290 -279 2.827433 -2.530727 2.434734
88.59 3 FBW_STATUS 2 1 124
88.63 3 ESTIMATOR 700. 0. 0. 0. 0.
88.65 3 BAT 0 124 0 0 106 106 0
88.70 3 CALIBRATION 0. 0.037 0.5 2
88.74 3 NAVIGATION 0 0 0 0 286 0. 570986.7
88.79 3 WP_MOVED 1 358824.90625 4822110. 702.
88.81 3 SERVO 9600 -9600 0
88.91 3 DESIRED 0. 0. 0. 0. 700. 0.
88.98 3 NAVIGATION 0 0 0 0 286 0. 570986.7
89.02 3 ATTITUDE 0 0 0
89.09 3 ESTIMATOR 700. 0. 0. 0. 0.
89.15 3 DL_VALUE 26 0.360007
89.20 3 DOWNLINK_STATUS 87 20705 1368 0 277. 19.
89.21 3 NAVIGATION 0 0 0 0 286 0. 570986.7
89.26 3 WP_MOVED 2 358071. 4822161. 0.
89.29 3 NAVIGATION_REF 358071 4822161 31
89.43 3 COMMANDS 0,-9600,9600,-9600,0
89.47 3 NAVIGATION 0 0 0 0 286 0. 570986.7
89.49 3 ATTITUDE 0 0 0
89.52 3 GYRO_RATES -325 -290 -279 2.83616 -2.530727 2.434734
89.53 3 FBW_STATUS 2 1 124
89.57 3 ESTIMATOR 700. 0. 0. 0. 0.
89.68 3 NAVIGATION 0 0 0 0 286 0. 570986.7
89.73 3 WP_MOVED 0 358113. 4822203. 702.
89.85 3 DESIRED 0. 0. 0. 0. 700. 0.
89.92 3 NAVIGATION 0 0 0 0 286 0. 570986.7
89.93 3 ATTITUDE 0 0 0
90.03 3 ESTIMATOR 700. 0. 0. 0. 0.
90.09 3 DL_VALUE 27 0.007
90.15 3 NAVIGATION 0 0 0 0 286 0. 570986.7
90.20 3 WP_MOVED 1 358824.90625 4822110. 702.
90.20 3 DOWNLINK_STATUS 88 20982 1386 0 277. 18.
90.37 3 COMMANDS 0,-9600,9600,-9600,0
90.41 3 NAVIGATION 0 0 0 0 286 0. 570986.7
90.42 3 ATTITUDE 0 0 0
90.46 3 GYRO_RATES -324 -290 -279 2.827433 -2.530727 2.434734
90.47 3 FBW_STATUS 2 1 124
90.50 3 ESTIMATOR 700. 0. 0. 0. 0.
90.54 3 BAT 0 124 0 0 108 108 0
90.56 3 ACTUATORS 2000,1500,0,1200,2000,1500
90.58 3 CALIBRATION 0. 0.037 0.5 2
90.62 3 NAVIGATION 0 0 0 0 286 0. 570986.7
90.67 3 WP_MOVED 2 358071. 4822161. 0.
90.69 3 SERVO 9600 -9600 0
90.79 3 DESIRED 0. 0. 0. 0. 700. 0.
90.85 3 NAVIGATION 0 0 0 0 286 0. 570986.7
90.87 3 ATTITUDE 0 0 0
90.89 3 PPRZ_MODE 2 3 1 0 0 6 0
90.97 3 ESTIMATOR 700. 0. 0. 0. 0.
91.03 3 DL_VALUE 28 0.04
91.09 3 NAVIGATION 0 0 0 0 286 0. 570986.7
91.13 3 WP_MOVED 0 358113. 4822203. 702.
91.20 3 DOWNLINK_STATUS 89 21276 1406 0 294. 20.
91.31 3 COMMANDS 0,-9600,9600,-9600,0
91.34 3 NAVIGATION 0 0 0 0 286 0. 570986.7
91.36 3 ATTITUDE 0 0 0
91.39 3 GYRO_RATES -324 -290 -279 2.827433 -2.530727 2.434734
91.41 3 FBW_STATUS 2 1 124
91.44 3 ESTIMATOR 700. 0. 0. 0. 0.
91.55 3 NAVIGATION 0 0 0 0 286 0. 570986.7
91.61 3 WP_MOVED 1 358824.90625 4822110. 702.
91.73 3 DESIRED 0. 0. 0. 0. 700. 0.
91.79 3 NAVIGATION 0 0 0 0 286 0. 570986.7
91.81 3 ATTITUDE 0 0 0
91.91 3 ESTIMATOR 700. 0. 0. 0. 0.
91.96 3 DL_VALUE 29 0.037
92.02 3 NAVIGATION 0 0 0 0 286 0. 570986.7
92.07 3 WP_MOVED 2 358071. 4822161. 0.
92.20 3 DOWNLINK_STATUS 90 21509 1421 0 233. 15.
92.25 3 COMMANDS 0,-9600,9600,-9600,0
92.28 3 NAVIGATION 0 0 0 0 286 0. 570986.7
92.30 3 ATTITUDE 0 0 0
92.33 3 GYRO_RATES -325 -290 -279 2.83616 -2.530727 2.434734
92.34 3 FBW_STATUS 2 1 124
92.37 3 ESTIMATOR 700. 0. 0. 0. 0.
92.40 3 BAT 0 124 0 0 110 110 0
92.45 3 CALIBRATION 0. 0.037 0.5 2
92.49 3 NAVIGATION 0 0 0 0 286 0. 570986.7
92.54 3 WP_MOVED 0 358113. 4822203. 702.
92.56 3 SERVO 9600 -9600 0
92.66 3 DESIRED 0. 0. 0. 0. 700. 0.
92.73 3 NAVIGATION 0 0 0 0 286 0. 570986.7
92.74 3 ATTITUDE 0 0 0
92.84 3 ESTIMATOR 700. 0. 0. 0. 0.
92.90 3 DL_VALUE 30 0.
92.96 3 NAVIGATION 0 0 0 0 286 0. 570986.7
93.01 3 WP_MOVED 1 358824.90625 4822110. 702.
93.18 3 COMMANDS 0,-9600,9600,-9600,0
93.20 3 DOWNLINK_STATUS 91 21792 1440 0 283. 19.
93.22 3 NAVIGATION 0 0 0 0 286 0. 570986.7
93.24 3 ATTITUDE 0 0 0
93.27 3 GYRO_RATES -325 -290 -279 2.83616 -2.530727 2.434734
93.28 3 FBW_STATUS 2 1 124
93.31 3 ESTIMATOR 700. 0. 0. 0. 0.
93.43 3 NAVIGATION 0 0 0 0 286 0. 570986.7
93.48 3 WP_MOVED 2 358071. 4822161. 0.
93.60 3 DESIRED 0. 0. 0. 0. 700. 0.
93.66 3 NAVIGATION 0 0 0 0 286 0. 570986.7
93.68 3 ATTITUDE 0 0 0
93.78 3 ESTIMATOR 700. 0. 0. 0. 0.
93.84 3 DL_VALUE 31 0.
93.90 3 NAVIGATION 0 0 0 0 286 0. 570986.7
93.95 3 WP_MOVED 0 358113. 4822203. 702.
94.12 3 COMMANDS 0,-9600,9600,-9600,0
94.16 3 NAVIGATION 0 0 0 0 286 0. 570986.7
94.17 3 ATTITUDE 0 0 0
94.20 3 DOWNLINK_STATUS 92 22051 1457 0 259. 17.
94.21 3 GYRO_RATES -324 -289 -279 2.827433 -2.522001 2.434734
94.22 3 FBW_STATUS 2 1 124
94.25 3 ESTIMATOR 700. 0. 0. 0. 0.
94.28 3 BAT 0 124 0 0 112 112 0
94.32 3 CALIBRATION 0. 0.037 0.5 2
94.37 3 NAVIGATION 0 0 0 0 286 0. 570986.7
94.42 3 WP_MOVED 1 358824.90625 4822110. 702.
94.44 3 SERVO 9600 -9600 0
94.54 3 DESIRED 0. 0. 0. 0. 700. 0.
94.60 3 NAVIGATION 0 0 0 0 286 0. 570986.7
94.62 3 ATTITUDE 0 0 0
94.72 3 ESTIMATOR 700. 0. 0. 0. 0.
94.77 3 DL_VALUE 32 0.045
94.83 3 NAVIGATION 0 0 0 0 286 0. 570986.7
94.89 3 WP_MOVED 2 358071. 4822161. 0.
95.06 3 COMMANDS 0,-9600,9600,-9600,0
95.09 3 NAVIGATION 0 0 0 0 286 0. 570986.7
95.11 3 ATTITUDE 0 0 0
95.15 3 GYRO_RATES -325 -289 -280 2.83616 -2.522001 2.443461
95.15 3 FBW_STATUS 2 1 124
95.19 3 ESTIMATOR 700. 0. 0. 0. 0.
95.20 3 DOWNLINK_STATUS 93 22368 1478 0 317. 21.
95.25 3 ACTUATORS 2000,1500,0,1200,2000,1500
95.30 3 NAVIGATION 0 0 0 0 286 0. 570986.7
95.35 3 WP_MOVED 0 358113. 4822203. 702.
95.47 3 DESIRED 0. 0. 0. 0. 700. 0.
95.54 3 NAVIGATION 0 0 0 0 286 0. 570986.7
95.58 3 ATTITUDE 0 0 0
95.58 3 PPRZ_MODE 2 3 1 0 0 6 0
95.65 3 ESTIMATOR 700. 0. 0. 0. 0.
95.71 3 DL_VALUE 33 0.045
95.77 3 NAVIGATION 0 0 0 0 286 0. 570986.7
95.82 3 WP_MOVED 1 358824.90625 4822110. 702.
96.00 3 COMMANDS 0,-9600,9600,-9600,0
96.03 3 NAVIGATION 0 0 0 0 286 0. 570986.7
96.06 3 ATTITUDE 0 0 0
96.08 3 GYRO_RATES -324 -289 -279 2.827433 -2.522001 2.434734
96.09 3 FBW_STATUS 2 1 124
96.13 3 ESTIMATOR 700. 0. 0. 0. 0.
96.16 3 BAT 0 124 0 0 114 114 0
96.20 3 CALIBRATION 0. 0.037 0.5 2
96.20 3 DOWNLINK_STATUS 94 22654 1497 0 286. 19.
96.24 3 NAVIGATION 0 0 0 0 286 0. 570986.7
96.30 3 WP_MOVED 2 358071. 4822161. 0.
96.31 3 SERVO 9600 -9600 0
96.41 3 DESIRED 0. 0. 0. 0. 700. 0.
96.48 3 NAVIGATION 0 0 0 0 286 0. 570986.7
96.51 3 ATTITUDE 0 0 0
96.59 3 ESTIMATOR 700. 0. 0. 0. 0.
96.65 3 DL_VALUE 34 0.007
96.71 3 NAVIGATION 0 0 0 0 286 0. 570986.7
96.77 3 WP_MOVED 0 358113. 4822203. 702.
96.93 3 COMMANDS 0,-9600,9600,-9600,0
96.98 3 NAVIGATION 0 0 0 0 286 0. 570986.7
97.00 3 ATTITUDE 0 0 0
97.02 3 GYRO_RATES -324 -290 -279 2.827433 -2.530727 2.434734
97.06 3 FBW_STATUS 2 1 124
97.07 3 ESTIMATOR 700. 0. 0. 0. 0.
97.18 3 NAVIGATION 0 0 0 0 286 0. 570986.7
97.20 3 DOWNLINK_STATUS 95 22913 1514 0 259. 17.
97.23 3 WP_MOVED 1 358824.90625 4822110. 702.
97.35 3 DESIRED 0. 0. 0. 0. 700. 0.
97.41 3 NAVIGATION 0 0 0 0 286 0. 570986.7
97.43 3 ATTITUDE 0 0 0
97.54 3 ESTIMATOR 700. 0. 0. 0. 0.
97.59 3 DL_VALUE 35 0.04
97.65 3 NAVIGATION 0 0 0 0 286 0. 570986.7
97.70 3 WP_MOVED 2 358071. 4822161. 0.
97.73 3 NAVIGATION_REF 358071 4822161 31
97.87 3 COMMANDS 0,-9600,9600,-9600,0
97.91 3 NAVIGATION 0 0 0 0 286 0. 570986.7
97.92 3 ATTITUDE 0 0 0
97.96 3 GYRO_RATES -325 -290 -279 2.83616 -2.530727 2.434734
97.97 3 FBW_STATUS 2 1 124
98.00 3 ESTIMATOR 700. 0. 0. 0. 0.
98.05 3 BAT 0 124 0 0 116 116 0
98.07 3 CALIBRATION 0. 0.037 0.5 2
98.11 3 NAVIGATION 0 0 0 0 286 0. 570986.7
98.17 3 WP_MOVED 0 358113. 4822203. 702.
98.19 3 SERVO 9600 -9600 0
98.20 3 DOWNLINK_STATUS 96 23209 1534 0 296. 20.
98.29 3 DESIRED 0. 0. 0. 0. 700. 0.
98.35 3 NAVIGATION 0 0 0 0 286 0. 570986.7
