5.92 14 VN100_STATUS 33.330002 33.330002 33.330002
6.00 14 ESTIMATOR 0. 0. 0. 0. 0.
8.07 14 DL_VALUE 10 -85.943672
8.07 14 NAVIGATION 0 1 0 0 286 0. 140.5
8.07 14 WP_MOVED 2 497622.6875 3565498.5 770.
8.07 14 RAD_OF_IR 7 0 0.00211
8.07 14 VN100_STATUS 33.330002 33.330002 33.330002
8.07 14 IR_SENSORS -884 8 1
8.07 14 COMMANDS 0,-9600,9600,-9600
8.07 14 NAVIGATION 0 1 0 0 286 0. 140.5
8.07 14 ATTITUDE 1 0 -31
8.07 14 GYRO_RATES -182 -117 -185 1.58825 -1.021018 1.61443
8.08 14 VN100_STATUS 33.330002 33.330002 33.330002
8.08 14 FBW_STATUS 2 1 114
8.08 14 ESTIMATOR 0. 0. 0. 0. 0.
8.08 14 NAVIGATION 0 1 0 0 286 0. 140.5
8.08 14 WP_MOVED 3 497546.40625 3565495.5 770.
8.08 14 VN100_STATUS 33.330002 33.330002 33.330002
8.08 14 DESIRED 0. 0. 0. 0. 761. 0.
8.08 14 DOWNLINK_STATUS 6 1758 123 0 350. 24.
8.08 14 NAVIGATION 0 1 0 0 286 0. 140.5
8.08 14 ATTITUDE 1 0 -31
8.08 14 VN100_STATUS 33.330002 33.330002 33.330002
8.08 14 ESTIMATOR 0. 0. 0. 0. 0.
8.08 14 DL_VALUE 11 1.5
8.08 14 NAVIGATION 0 1 0 0 286 0. 140.5
8.08 14 WP_MOVED 4 497575. 3565498. 0.
8.08 14 RAD_OF_IR 7 0 0.00211
8.08 14 VN100_STATUS 33.330002 33.330002 33.330002
8.08 14 IR_SENSORS -887 7 1
8.08 14 COMMANDS 0,-9600,9600,-9600
8.08 14 NAVIGATION 0 1 0 0 286 0. 140.5
8.08 14 ATTITUDE 1 0 -31
8.08 14 GYRO_RATES -183 -118 -187 1.596976 -1.029744 1.631883
8.08 14 VN100_STATUS 33.330002 33.330002 33.330002
8.08 14 FBW_STATUS 2 1 114
8.08 14 ESTIMATOR 0. 0. 0. 0. 0.
8.08 14 BAT 0 114 0 0 11 0 0
8.08 14 CALIBRATION 0. 0.02 0.5 0
8.08 14 NAVIGATION 0 1 0 0 286 0. 140.5
8.08 14 WP_MOVED 0 497617. 3565540. 770.
8.08 14 SERVO 9600 -9600 0
8.08 14 VN100_STATUS 33.330002 33.330002 33.330002
8.08 14 DESIRED 0. 0. 0. 0. 761. 0.
8.08 14 IR_DEBUG 639 630 639 630
8.24 14 NAVIGATION 0 1 0 0 286 0. 140.5
8.24 14 ATTITUDE 1 0 -31
8.24 14 DOWNLINK_STATUS 7 2136 150 0 378. 27.
8.24 14 VN100_STATUS 33.330002 33.330002 33.330002
8.24 14 ESTIMATOR 0. 0. 0. 0. 0.
8.24 14 DL_VALUE 12 1.5
8.24 14 NAVIGATION 0 1 0 0 286 0. 140.5
8.24 14 WP_MOVED 1 497586.6875 3565500. 770.
8.24 14 RAD_OF_IR 9 0 0.00211
8.24 14 VN100_STATUS 33.330002 33.330002 33.330002
8.25 14 IR_SENSORS -886 7 1
8.25 14 COMMANDS 0,-9600,9600,-9600
8.25 14 NAVIGATION 0 1 0 0 286 0. 140.5
8.25 14 ATTITUDE 1 0 -31
8.28 14 GYRO_RATES -182 -116 -185 1.58825 -1.012291 1.61443
8.28 14 VN100_STATUS 33.330002 33.330002 33.330002
8.28 14 FBW_STATUS 2 1 114
8.30 14 ESTIMATOR 0. 0. 0. 0. 0.
8.43 14 NAVIGATION 0 1 0 0 286 0. 140.5
8.49 14 WP_MOVED 2 497622.6875 3565498.5 770.
8.50 14 VN100_STATUS 33.330002 33.330002 33.330002
8.59 14 DESIRED 0. 0. 0. 0. 761. 0.
8.66 14 NAVIGATION 0 1 0 0 286 0. 140.5
8.67 14 ATTITUDE 1 0 -32
8.74 14 VN100_STATUS 33.330002 33.330002 33.330002
8.75 14 DOWNLINK_STATUS 8 2455 172 0 319. 22.
8.78 14 ESTIMATOR 0. 0. 0. 0. 0.
8.85 14 DL_VALUE 13 1.5
8.90 14 NAVIGATION 0 1 0 0 286 0. 140.5
8.96 14 WP_MOVED 3 497546.40625 3565495.5 770.
8.97 14 RAD_OF_IR 7 0 0.00211
8.99 14 VN100_STATUS 33.330002 33.330002 33.330002
9.04 14 IR_SENSORS -885 7 1
9.12 14 COMMANDS 0,-9600,9600,-9600
9.14 14 NAVIGATION 0 1 0 0 286 0. 140.5
9.16 14 ATTITUDE 1 0 -32
9.19 14 GYRO_RATES -182 -117 -185 1.58825 -1.021018 1.61443
9.20 14 VN100_STATUS 33.330002 33.330002 33.330002
9.22 14 FBW_STATUS 2 1 114
9.24 14 ESTIMATOR 0. 0. 0. 0. 0.
9.26 14 BAT 0 114 0 0 13 0 0
9.33 14 CALIBRATION 0. 0.02 0.5 0
9.36 14 NAVIGATION 0 1 0 0 286 0. 140.5
9.42 14 WP_MOVED 4 497575. 3565498. 0.
9.43 14 SERVO 9600 -9600 0
9.46 14 VN100_STATUS 33.330002 33.330002 33.330002
9.53 14 DESIRED 0. 0. 0. 0. 761. 0.
9.54 14 IR_DEBUG 638 626 638 626
9.60 14 NAVIGATION 0 1 0 0 286 0. 140.5
9.64 14 ATTITUDE 1 0 -31
9.67 14 VN100_STATUS 33.330002 33.330002 33.330002
9.71 14 ESTIMATOR 0. 0. 0. 0. 0.
9.75 14 DOWNLINK_STATUS 9 2829 198 0 374. 26.
9.79 14 DL_VALUE 14 1.5
9.83 14 NAVIGATION 0 1 0 0 286 0. 140.5
9.89 14 WP_MOVED 0 497617. 3565540. 770.
9.91 14 RAD_OF_IR 7 0 0.00211
9.92 14 VN100_STATUS 33.330002 33.330002 33.330002
9.98 14 IR_SENSORS -885 9 1
10.06 14 COMMANDS 0,-9600,9600,-9600
10.08 14 NAVIGATION 0 1 0 0 286 0. 140.5
10.10 14 ATTITUDE 1 0 -31
10.14 14 GYRO_RATES -184 -118 -187 1.605703 -1.029744 1.631883
10.14 14 VN100_STATUS 33.330002 33.330002 33.330002
10.15 14 FBW_STATUS 2 1 114
10.18 14 ESTIMATOR 0. 0. 0. 0. 0.
10.25 14 ACTUATORS 1500,1000,0,1200,1000
10.30 14 NAVIGATION 0 1 0 0 286 0. 140.5
10.36 14 WP_MOVED 1 497586.6875 3565500. 770.
10.38 14 VN100_STATUS 33.330002 33.330002 33.330002
10.47 14 DESIRED 0. 0. 0. 0. 761. 0.
10.53 14 NAVIGATION 0 1 0 0 286 0. 140.5
10.55 14 ATTITUDE 1 0 -31
10.56 14 PPRZ_MODE 2 0 3 0 0 6 0
10.62 14 VN100_STATUS 33.330002 33.330002 33.330002
10.67 14 ESTIMATOR 0. 0. 0. 0. 0.
10.73 14 DL_VALUE 15 0.
10.75 14 DOWNLINK_STATUS 10 3163 222 0 334. 24.
10.77 14 NAVIGATION 0 1 0 0 286 0. 140.5
10.83 14 WP_MOVED 2 497622.6875 3565498.5 770.
10.85 14 RAD_OF_IR 7 0 0.00211
10.86 14 VN100_STATUS 33.330002 33.330002 33.330002
10.93 14 IR_SENSORS -887 7 1
11.00 14 COMMANDS 0,-9600,9600,-9600
11.03 14 NAVIGATION 0 1 0 0 286 0. 140.5
11.04 14 ATTITUDE 1 0 -31
11.06 14 GYRO_RATES -184 -118 -186 1.605703 -1.029744 1.623156
11.09 14 VN100_STATUS 33.330002 33.330002 33.330002
11.10 14 FBW_STATUS 2 1 114
11.14 14 ESTIMATOR 0. 0. 0. 0. 0.
11.15 14 BAT 0 114 0 0 15 0 0
11.20 14 CALIBRATION 0. 0.02 0.5 0
11.24 14 NAVIGATION 0 1 0 0 286 0. 140.5
11.30 14 WP_MOVED 3 497546.40625 3565495.5 770.
11.31 14 SERVO 9600 -9600 0
11.33 14 VN100_STATUS 33.330002 33.330002 33.330002
11.40 14 DESIRED 0. 0. 0. 0. 761. 0.
11.42 14 IR_DEBUG 639 628 639 628
11.47 14 NAVIGATION 0 1 0 0 286 0. 140.5
11.48 14 ATTITUDE 1 0 -31
11.56 14 VN100_STATUS 33.330002 33.330002 33.330002
11.60 14 ESTIMATOR 0. 0. 0. 0. 0.
11.67 14 DL_VALUE 16 1.
11.72 14 NAVIGATION 0 1 0 0 286 0. 140.5
11.75 14 DOWNLINK_STATUS 11 3533 248 0 370. 26.
11.77 14 WP_MOVED 4 497575. 3565498. 0.
11.78 14 RAD_OF_IR 9 0 0.00211
11.80 14 VN100_STATUS 33.330002 33.330002 33.330002
11.85 14 IR_SENSORS -886 7 1
11.94 14 COMMANDS 0,-9600,9600,-9600
11.96 14 NAVIGATION 0 1 0 0 286 0. 140.5
11.98 14 ATTITUDE 1 0 -31
12.00 14 GYRO_RATES -182 -117 -185 1.58825 -1.021018 1.61443
12.02 14 VN100_STATUS 33.330002 33.330002 33.330002
12.03 14 FBW_STATUS 2 1 114
12.06 14 ESTIMATOR 0. 0. 0. 0. 0.
12.18 14 NAVIGATION 0 1 0 0 286 0. 140.5
12.24 14 WP_MOVED 0 497617. 3565540. 770.
12.26 14 VN100_STATUS 33.330002 33.330002 33.330002
12.34 14 DESIRED 0. 0. 0. 0. 761. 0.
12.41 14 NAVIGATION 0 1 0 0 286 0. 140.5
12.42 14 ATTITUDE 1 0 -32
12.48 14 VN100_STATUS 33.330002 33.330002 33.330002
12.52 14 ESTIMATOR 0. 0. 0. 0. 0.
12.62 14 DL_VALUE 17 470.
12.64 14 NAVIGATION 0 1 0 0 286 0. 140.5
12.70 14 WP_MOVED 1 497586.6875 3565500. 770.
12.72 14 RAD_OF_IR 7 0 0.00211
12.74 14 VN100_STATUS 33.330002 33.330002 33.330002
12.75 14 DOWNLINK_STATUS 12 3877 272 0 344. 24.
12.79 14 IR_SENSORS -884 9 1
12.88 14 COMMANDS 0,-9600,9600,-9600
12.91 14 NAVIGATION 0 1 0 0 286 0. 140.5
12.92 14 ATTITUDE 1 0 -31
12.95 14 GYRO_RATES -182 -116 -185 1.58825 -1.012291 1.61443
12.96 14 VN100_STATUS 33.330002 33.330002 33.330002
12.97 14 FBW_STATUS 2 1 114
12.99 14 ESTIMATOR 0. 0. 0. 0. 0.
13.01 14 BAT 0 114 0 0 17 0 0
13.08 14 CALIBRATION 0. 0.02 0.5 0
13.12 14 NAVIGATION 0 1 0 0 286 0. 140.5
13.18 14 WP_MOVED 2 497622.6875 3565498.5 770.
13.18 14 SERVO 9600 -9600 0
13.20 14 VN100_STATUS 33.330002 33.330002 33.330002
13.28 14 DESIRED 0. 0. 0. 0. 761. 0.
13.29 14 IR_DEBUG 639 626 639 626
13.35 14 NAVIGATION 0 1 0 0 286 0. 140.5
13.36 14 ATTITUDE 1 0 -31
13.42 14 VN100_STATUS 33.330002 33.330002 33.330002
13.46 14 ESTIMATOR 0. 0. 0. 0. 0.
13.54 14 DL_VALUE 18 405.
13.58 14 NAVIGATION 0 1 0 0 286 0. 140.5
13.64 14 WP_MOVED 3 497546.40625 3565495.5 770.
13.68 14 RAD_OF_IR 7 0 0.00211
13.68 14 NAVIGATION_REF 497575 3565498 12
13.69 14 VN100_STATUS 33.330002 33.330002 33.330002
13.73 14 IR_SENSORS -886 8 1
13.75 14 DOWNLINK_STATUS 13 4248 299 0 371. 27.
13.81 14 COMMANDS 0,-9600,9600,-9600
13.83 14 NAVIGATION 0 1 0 0 286 0. 140.5
13.85 14 ATTITUDE 1 0 -31
13.88 14 GYRO_RATES -183 -118 -187 1.596976 -1.029744 1.631883
13.89 14 VN100_STATUS 33.330002 33.330002 33.330002
13.90 14 FBW_STATUS 2 1 114
13.93 14 ESTIMATOR 0. 0. 0. 0. 0.
14.05 14 NAVIGATION 0 1 0 0 286 0. 140.5
14.12 14 WP_MOVED 4 497575. 3565498. 0.
14.16 14 VN100_STATUS 33.330002 33.330002 33.330002
14.22 14 DESIRED 0. 0. 0. 0. 761. 0.
14.29 14 NAVIGATION 0 1 0 0 286 0. 140.5
14.30 14 ATTITUDE 1 0 -31
14.36 14 VN100_STATUS 33.330002 33.330002 33.330002
14.40 14 ESTIMATOR 0. 0. 0. 0. 0.
14.48 14 DL_VALUE 19 473.
14.52 14 NAVIGATION 0 1 0 0 286 0. 140.5
14.58 14 WP_MOVED 0 497617. 3565540. 770.
14.61 14 RAD_OF_IR 9 0 0.00211
14.64 14 VN100_STATUS 33.330002 33.330002 33.330002
14.66 14 IR_SENSORS -886 8 1
14.74 14 COMMANDS 0,-9600,9600,-9600
14.76 14 DOWNLINK_STATUS 14 4564 321 0 316. 22.
14.77 14 NAVIGATION 0 1 0 0 286 0. 140.5
14.78 14 ATTITUDE 1 0 -31
14.81 14 GYRO_RATES -182 -117 -185 1.58825 -1.021018 1.61443
14.83 14 VN100_STATUS 33.330002 33.330002 33.330002
14.84 14 FBW_STATUS 2 1 114
14.87 14 ESTIMATOR 0. 0. 0. 0. 0.
14.88 14 BAT 0 114 0 0 19 0 0
14.94 14 ACTUATORS 1500,1000,0,1200,1000
14.96 14 CALIBRATION 0. 0.02 0.5 0
14.99 14 NAVIGATION 0 1 0 0 286 0. 140.5
15.05 14 WP_MOVED 1 497586.6875 3565500. 770.
15.06 14 SERVO 9600 -9600 0
15.08 14 VN100_STATUS 33.330002 33.330002 33.330002
15.15 14 DESIRED 0. 0. 0. 0. 761. 0.
15.19 14 IR_DEBUG 639 629 639 629
15.22 14 NAVIGATION 0 1 0 0 286 0. 140.5
15.24 14 ATTITUDE 1 0 -31
15.26 14 PPRZ_MODE 2 0 3 0 0 6 0
15.30 14 VN100_STATUS 33.330002 33.330002 33.330002
15.34 14 ESTIMATOR 0. 0. 0. 0. 0.
15.42 14 DL_VALUE 20 0.
15.46 14 NAVIGATION 0 1 0 0 286 0. 140.5
15.52 14 WP_MOVED 2 497622.6875 3565498.5 770.
15.54 14 RAD_OF_IR 8 0 0.00211
15.55 14 VN100_STATUS 33.330002 33.330002 33.330002
15.61 14 IR_SENSORS -886 7 1
15.68 14 COMMANDS 0,-9600,9600,-9600
15.71 14 NAVIGATION 0 1 0 0 286 0. 140.5
15.72 14 ATTITUDE 1 0 -32
15.76 14 GYRO_RATES -182 -116 -185 1.58825 -1.012291 1.61443
15.76 14 DOWNLINK_STATUS 15 4984 351 0 420. 30.
15.77 14 VN100_STATUS 33.330002 33.330002 33.330002
15.78 14 FBW_STATUS 2 1 114
15.81 14 ESTIMATOR 0. 0. 0. 0. 0.
15.93 14 NAVIGATION 0 1 0 0 286 0. 140.5
15.99 14 WP_MOVED 3 497546.40625 3565495.5 770.
16.00 14 VN100_STATUS 33.330002 33.330002 33.330002
16.10 14 DESIRED 0. 0. 0. 0. 761. 0.
16.16 14 NAVIGATION 0 1 0 0 286 0. 140.5
16.17 14 ATTITUDE 1 0 -31
16.24 14 VN100_STATUS 33.330002 33.330002 33.330002
16.28 14 ESTIMATOR 0. 0. 0. 0. 0.
16.35 14 DL_VALUE 21 0.75
16.40 14 NAVIGATION 0 1 0 0 286 0. 140.5
16.46 14 WP_MOVED 4 497575. 3565498. 0.
16.47 14 RAD_OF_IR 7 0 0.00211
16.49 14 VN100_STATUS 33.330002 33.330002 33.330002
16.54 14 IR_SENSORS -884 8 1
16.62 14 COMMANDS 0,-9600,9600,-9600
16.65 14 NAVIGATION 0 1 0 0 286 0. 140.5
16.66 14 ATTITUDE 1 0 -31
16.69 14 GYRO_RATES -183 -117 -186 1.596976 -1.021018 1.623156
16.70 14 VN100_STATUS 33.330002 33.330002 33.330002
16.72 14 FBW_STATUS 2 1 114
16.74 14 ESTIMATOR 0. 0. 0. 0. 0.
16.76 14 BAT 0 114 0 0 21 0 0
16.76 14 DOWNLINK_STATUS 16 5344 376 0 360. 25.
16.83 14 CALIBRATION 0. 0.02 0.5 0
16.86 14 NAVIGATION 0 1 0 0 286 0. 140.5
16.93 14 WP_MOVED 0 497617. 3565540. 770.
16.93 14 SERVO 9600 -9600 0
16.96 14 VN100_STATUS 33.330002 33.330002 33.330002
17.03 14 DESIRED 0. 0. 0. 0. 761. 0.
17.04 14 IR_DEBUG 639 627 639 627
17.10 14 NAVIGATION 0 1 0 0 286 0. 140.5
17.12 14 ATTITUDE 1 0 -31
17.17 14 VN100_STATUS 33.330002 33.330002 33.330002
17.21 14 ESTIMATOR 0. 0. 0. 0. 0.
17.29 14 DL_VALUE 22 20000.
17.33 14 NAVIGATION 0 1 0 0 286 0. 140.5
17.39 14 WP_MOVED 1 497586.6875 3565500. 770.
17.41 14 RAD_OF_IR 7 0 0.00211
17.42 14 VN100_STATUS 33.330002 33.330002 33.330002
17.48 14 IR_SENSORS -886 7 1
17.56 14 COMMANDS 0,-9600,9600,-9600
17.58 14 NAVIGATION 0 1 0 0 286 0. 140.5
17.61 14 ATTITUDE 1 0 -31
17.64 14 GYRO_RATES -184 -118 -187 1.605703 -1.029744 1.631883
17.64 14 VN100_STATUS 33.330002 33.330002 33.330002
17.65 14 FBW_STATUS 2 1 114
17.68 14 ESTIMATOR 0. 0. 0. 0. 0.
17.76 14 DOWNLINK_STATUS 17 5682 400 0 338. 24.
17.80 14 NAVIGATION 0 1 0 0 286 0. 140.5
17.86 14 WP_MOVED 2 497622.6875 3565498.5 770.
17.88 14 VN100_STATUS 33.330002 33.330002 33.330002
17.96 14 DESIRED 0. 0. 0. 0. 761. 0.
18.03 14 NAVIGATION 0 1 0 0 286 0. 140.5
18.05 14 ATTITUDE 1 0 -31
18.11 14 VN100_STATUS 33.330002 33.330002 33.330002
18.15 14 ESTIMATOR 0. 0. 0. 0. 0.
18.23 14 DL_VALUE 23 20000.
18.27 14 NAVIGATION 0 1 0 0 286 0. 140.5
18.33 14 WP_MOVED 3 497546.40625 3565495.5 770.
18.35 14 RAD_OF_IR 8 0 0.00211
18.37 14 VN100_STATUS 33.330002 33.330002 33.330002
18.42 14 IR_SENSORS -887 7 1
18.49 14 COMMANDS 0,-9600,9600,-9600
18.52 14 NAVIGATION 0 1 0 0 286 0. 140.5
18.54 14 ATTITUDE 1 0 -31
18.56 14 GYRO_RATES -183 -117 -186 1.596976 -1.021018 1.623156
18.58 14 VN100_STATUS 33.330002 33.330002 33.330002
18.60 14 FBW_STATUS 2 1 114
18.64 14 ESTIMATOR 0. 0. 0. 0. 0.
18.64 14 BAT 0 114 0 0 23 0 0
18.70 14 CALIBRATION 0. 0.02 0.5 0
18.74 14 NAVIGATION 0 1 0 0 286 0. 140.5
18.76 14 DOWNLINK_STATUS 18 6034 424 0 352. 24.
18.81 14 WP_MOVED 4 497575. 3565498. 0.
18.81 14 SERVO 9600 -9600 0
18.83 14 VN100_STATUS 33.330002 33.330002 33.330002
18.90 14 DESIRED 0. 0. 0. 0. 761. 0.
18.93 14 IR_DEBUG 638 627 638 627
18.97 14 NAVIGATION 0 1 0 0 286 0. 140.5
18.99 14 ATTITUDE 1 0 -32
19.05 14 VN100_STATUS 33.330002 33.330002 33.330002
19.10 14 ESTIMATOR 0. 0. 0. 0. 0.
19.16 14 DL_VALUE 24 0.75
19.21 14 NAVIGATION 0 1 0 0 286 0. 140.5
19.27 14 WP_MOVED 0 497617. 3565540. 770.
19.29 14 RAD_OF_IR 8 0 0.00211
19.30 14 VN100_STATUS 33.330002 33.330002 33.330002
19.35 14 IR_SENSORS -884 8 1
19.43 14 COMMANDS 0,-9600,9600,-9600
19.46 14 NAVIGATION 0 1 0 0 286 0. 140.5
19.47 14 ATTITUDE 1 0 -31
19.50 14 GYRO_RATES -182 -117 -185 1.58825 -1.021018 1.61443
19.52 14 VN100_STATUS 33.330002 33.330002 33.330002
19.53 14 FBW_STATUS 2 1 114
19.56 14 ESTIMATOR 0. 0. 0. 0. 0.
19.63 14 ACTUATORS 1500,1000,0,1200,1000
19.68 14 NAVIGATION 0 1 0 0 286 0. 140.5
19.74 14 WP_MOVED 1 497586.6875 3565500. 770.
19.76 14 VN100_STATUS 33.330002 33.330002 33.330002
19.76 14 DOWNLINK_STATUS 19 6399 450 0 365. 26.
19.84 14 DESIRED 0. 0. 0. 0. 761. 0.
19.91 14 NAVIGATION 0 1 0 0 286 0. 140.5
19.92 14 ATTITUDE 1 0 -31
19.94 14 PPRZ_MODE 2 0 3 0 0 6 0
19.98 14 VN100_STATUS 33.330002 33.330002 33.330002
20.02 14 ESTIMATOR 0. 0. 0. 0. 0.
20.11 14 DL_VALUE 25 20000.
20.14 14 NAVIGATION 0 1 0 0 286 0. 140.5
20.20 14 WP_MOVED 2 497622.6875 3565498.5 770.
20.22 14 RAD_OF_IR 7 0 0.00211
20.24 14 VN100_STATUS 33.330002 33.330002 33.330002
20.29 14 IR_SENSORS -885 9 1
20.37 14 COMMANDS 0,-9600,9600,-9600
20.39 14 NAVIGATION 0 1 0 0 286 0. 140.5
20.41 14 ATTITUDE 1 0 -31
20.44 14 GYRO_RATES -182 -117 -186 1.58825 -1.021018 1.623156
20.46 14 VN100_STATUS 33.330002 33.330002 33.330002
20.46 14 FBW_STATUS 2 1 114
20.49 14 ESTIMATOR 0. 0. 0. 0. 0.
20.51 14 BAT 0 114 0 0 25 0 0
20.58 14 CALIBRATION 0. 0.02 0.5 0
20.62 14 NAVIGATION 0 1 0 0 286 0. 140.5
20.68 14 WP_MOVED 3 497546.40625 3565495.5 770.
20.68 14 SERVO 9600 -9600 0
20.70 14 VN100_STATUS 33.330002 33.330002 33.330002
20.76 14 DOWNLINK_STATUS 20 6750 475 0 351. 25.
20.78 14 DESIRED 0. 0. 0. 0. 761. 0.
20.79 14 IR_DEBUG 639 627 639 627
20.84 14 NAVIGATION 0 1 0 0 286 0. 140.5
20.86 14 ATTITUDE 1 0 -31
20.92 14 VN100_STATUS 33.330002 33.330002 33.330002
20.96 14 ESTIMATOR 0. 0. 0. 0. 0.
21.05 14 DL_VALUE 26 20000.
21.08 14 NAVIGATION 0 1 0 0 286 0. 140.5
21.15 14 WP_MOVED 4 497575. 3565498. 0.
21.19 14 RAD_OF_IR 7 0 0.00211
21.19 14 VN100_STATUS 33.330002 33.330002 33.330002
21.23 14 IR_SENSORS -886 7 1
21.31 14 COMMANDS 0,-9600,9600,-9600
21.33 14 NAVIGATION 0 1 0 0 286 0. 140.5
21.35 14 ATTITUDE 1 0 -31
21.38 14 GYRO_RATES -183 -118 -187 1.596976 -1.029744 1.631883
21.39 14 VN100_STATUS 33.330002 33.330002 33.330002
21.40 14 FBW_STATUS 2 1 114
21.43 14 ESTIMATOR 0. 0. 0. 0. 0.
21.55 14 NAVIGATION 0 1 0 0 286 0. 140.5
21.62 14 WP_MOVED 0 497617. 3565540. 770.
21.65 14 VN100_STATUS 33.330002 33.330002 33.330002
21.72 14 DESIRED 0. 0. 0. 0. 761. 0.
21.76 14 DOWNLINK_STATUS 21 7091 498 0 341. 23.
21.78 14 NAVIGATION 0 1 0 0 286 0. 140.5
21.79 14 ATTITUDE 1 0 -31
21.86 14 VN100_STATUS 33.330002 33.330002 33.330002
21.90 14 ESTIMATOR 0. 0. 0. 0. 0.
21.98 14 DL_VALUE 27 0.75
22.02 14 NAVIGATION 0 1 0 0 286 0. 140.5
22.08 14 WP_MOVED 1 497586.6875 3565500. 770.
22.10 14 RAD_OF_IR 9 0 0.00211
22.13 14 NAVIGATION_REF 497575 3565498 12
22.14 14 VN100_STATUS 33.330002 33.330002 33.330002
22.16 14 IR_SENSORS -885 7 1
22.24 14 COMMANDS 0,-9600,9600,-9600
22.27 14 NAVIGATION 0 1 0 0 286 0. 140.5
22.28 14 ATTITUDE 1 0 -31
22.31 14 GYRO_RATES -182 -116 -185 1.58825 -1.012291 1.61443
22.33 14 VN100_STATUS 33.330002 33.330002 33.330002
22.34 14 FBW_STATUS 2 1 114
22.36 14 ESTIMATOR 0. 0. 0. 0. 0.
22.38 14 BAT 0 114 0 0 27 0 0
22.46 14 CALIBRATION 0. 0.02 0.5 0
22.49 14 NAVIGATION 0 1 0 0 286 0. 140.5
22.55 14 WP_MOVED 2 497622.6875 3565498.5 770.
22.55 14 SERVO 9600 -9600 0
22.58 14 VN100_STATUS 33.330002 33.330002 33.330002
22.65 14 DESIRED 0. 0. 0. 0. 761. 0.
22.69 14 IR_DEBUG 638 627 638 627
23.46 14 NAVIGATION 0 1 0 0 286 0. 140.5
23.46 14 ATTITUDE 1 0 -32
23.46 14 VN100_STATUS 33.330002 33.330002 33.330002
23.46 14 ESTIMATOR 0. 0. 0. 0. 0.
23.46 14 DL_VALUE 28 10000.
23.46 14 NAVIGATION 0 1 0 0 286 0. 140.5
23.46 14 WP_MOVED 3 497546.40625 3565495.5 770.
23.46 14 RAD_OF_IR 7 0 0.00211
23.46 14 VN100_STATUS 33.330002 33.330002 33.330002
23.46 14 IR_SENSORS -884 8 1
23.46 14 COMMANDS 0,-9600,9600,-9600
23.46 14 NAVIGATION 0 1 0 0 286 0. 140.5
23.46 14 ATTITUDE 1 0 -32
23.46 14 GYRO_RATES -182 -116 -185 1.58825 -1.012291 1.61443
23.46 14 DOWNLINK_STATUS 23 7645 538 0 554. 40.
23.46 14 VN100_STATUS 33.330002 33.330002 33.330002
23.46 14 FBW_STATUS 2 1 114
23.46 14 ESTIMATOR 0. 0. 0. 0. 0.
23.46 14 NAVIGATION 0 1 0 0 286 0. 140.5
23.51 14 WP_MOVED 4 497575. 3565498. 0.
23.53 14 VN100_STATUS 33.330002 33.330002 33.330002
23.59 14 DESIRED 0. 0. 0. 0. 761. 0.
23.66 14 NAVIGATION 0 1 0 0 286 0. 140.5
23.67 14 ATTITUDE 1 0 -31
23.74 14 VN100_STATUS 33.330002 33.330002 33.330002
23.77 14 ESTIMATOR 0. 0. 0. 0. 0.
23.85 14 DL_VALUE 29 10000.
23.90 14 NAVIGATION 0 1 0 0 286 0. 140.5
23.96 14 WP_MOVED 0 497617. 3565540. 770.
24.00 14 RAD_OF_IR 7 0 0.00211
24.00 14 VN100_STATUS 33.330002 33.330002 33.330002
24.04 14 IR_SENSORS -886 8 1
24.12 14 COMMANDS 0,-9600,9600,-9600
24.14 14 NAVIGATION 0 1 0 0 286 0. 140.5
24.16 14 ATTITUDE 1 0 -31
24.19 14 GYRO_RATES -184 -118 -187 1.605703 -1.029744 1.631883
24.20 14 VN100_STATUS 33.330002 33.330002 33.330002
24.21 14 FBW_STATUS 2 1 114
24.24 14 ESTIMATOR 0. 0. 0. 0. 0.
24.26 14 BAT 0 114 0 0 29 0 0
24.32 14 ACTUATORS 1500,1000,0,1200,1000
24.33 14 CALIBRATION 0. 0.02 0.5 0
24.36 14 NAVIGATION 0 1 0 0 286 0. 140.5
24.42 14 WP_MOVED 1 497586.6875 3565500. 770.
24.43 14 SERVO 9600 -9600 0
24.45 14 DOWNLINK_STATUS 24 8074 568 0 429. 30.
24.50 14 VN100_STATUS 33.330002 33.330002 33.330002
24.52 14 DESIRED 0. 0. 0. 0. 761. 0.
24.54 14 IR_DEBUG 639 628 639 628
24.60 14 NAVIGATION 0 1 0 0 286 0. 140.5
24.61 14 ATTITUDE 1 0 -31
24.62 14 PPRZ_MODE 2 0 3 0 0 6 0
24.67 14 VN100_STATUS 33.330002 33.330002 33.330002
24.71 14 ESTIMATOR 0. 0. 0. 0. 0.
24.79 14 DL_VALUE 30 0.3
24.83 14 NAVIGATION 0 1 0 0 286 0. 140.5
24.89 14 WP_MOVED 2 497622.6875 3565498.5 770.
24.91 14 RAD_OF_IR 7 0 0.00211
24.92 14 VN100_STATUS 33.330002 33.330002 33.330002
24.99 14 IR_SENSORS -888 7 1
25.05 14 COMMANDS 0,-9600,9600,-9600
25.08 14 NAVIGATION 0 1 0 0 286 0. 140.5
25.09 14 ATTITUDE 1 0 -31
25.12 14 GYRO_RATES -183 -117 -186 1.596976 -1.021018 1.623156
25.14 14 VN100_STATUS 33.330002 33.330002 33.330002
25.15 14 FBW_STATUS 2 1 114
25.18 14 ESTIMATOR 0. 0. 0. 0. 0.
25.30 14 NAVIGATION 0 1 0 0 286 0. 140.5
25.36 14 WP_MOVED 3 497546.40625 3565495.5 770.
25.38 14 VN100_STATUS 33.330002 33.330002 33.330002
25.45 14 DOWNLINK_STATUS 25 8412 592 0 338. 24.
25.49 14 DESIRED 0. 0. 0. 0. 761. 0.
25.53 14 NAVIGATION 0 1 0 0 286 0. 140.5
25.55 14 ATTITUDE 1 0 -31
25.61 14 VN100_STATUS 33.330002 33.330002 33.330002
25.65 14 ESTIMATOR 0. 0. 0. 0. 0.
25.73 14 DL_VALUE 31 0.36
25.77 14 NAVIGATION 0 1 0 0 286 0. 140.5
25.83 14 WP_MOVED 4 497575. 3565498. 0.
25.85 14 RAD_OF_IR 9 0 0.00211
25.86 14 VN100_STATUS 33.330002 33.330002 33.330002
25.92 14 IR_SENSORS -885 7 1
26.00 14 COMMANDS 0,-9600,9600,-9600
26.02 14 NAVIGATION 0 1 0 0 286 0. 140.5
26.03 14 ATTITUDE 1 0 -32
26.06 14 GYRO_RATES -182 -117 -185 1.58825 -1.021018 1.61443
26.08 14 VN100_STATUS 33.330002 33.330002 33.330002
26.09 14 FBW_STATUS 2 1 114
26.12 14 ESTIMATOR 0. 0. 0. 0. 0.
26.13 14 BAT 0 114 0 0 31 0 0
26.20 14 CALIBRATION 0. 0.02 0.5 0
26.24 14 NAVIGATION 0 1 0 0 286 0. 140.5
26.30 14 WP_MOVED 0 497617. 3565540. 770.
26.31 14 SERVO 9600 -9600 0
26.33 14 VN100_STATUS 33.330002 33.330002 33.330002
26.40 14 DESIRED 0. 0. 0. 0. 761. 0.
26.42 14 IR_DEBUG 638 626 638 626
26.45 14 DOWNLINK_STATUS 26 8790 618 0 378. 26.
26.48 14 NAVIGATION 0 1 0 0 286 0. 140.5
26.52 14 ATTITUDE 1 0 -32
26.55 14 VN100_STATUS 33.330002 33.330002 33.330002
26.59 14 ESTIMATOR 0. 0. 0. 0. 0.
26.66 14 DL_VALUE 32 0.01
26.71 14 NAVIGATION 0 1 0 0 286 0. 140.5
26.77 14 WP_MOVED 1 497586.6875 3565500. 770.
26.78 14 RAD_OF_IR 7 0 0.00211
26.80 14 VN100_STATUS 33.330002 33.330002 33.330002
26.85 14 IR_SENSORS -884 9 1
26.93 14 COMMANDS 0,-9600,9600,-9600
26.97 14 NAVIGATION 0 1 0 0 286 0. 140.5
27.01 14 ATTITUDE 1 0 -31
27.01 14 GYRO_RATES -183 -117 -185 1.596976 -1.021018 1.61443
27.02 14 VN100_STATUS 33.330002 33.330002 33.330002
27.03 14 FBW_STATUS 2 1 114
27.06 14 ESTIMATOR 0. 0. 0. 0. 0.
27.18 14 NAVIGATION 0 1 0 0 286 0. 140.5
27.24 14 WP_MOVED 2 497622.6875 3565498.5 770.
27.25 14 VN100_STATUS 33.330002 33.330002 33.330002
27.34 14 DESIRED 0. 0. 0. 0. 761. 0.
27.41 14 NAVIGATION 0 1 0 0 286 0. 140.5
27.42 14 ATTITUDE 1 0 -31
27.45 14 DOWNLINK_STATUS 27 9121 641 0 331. 23.
27.50 14 VN100_STATUS 33.330002 33.330002 33.330002
27.53 14 ESTIMATOR 0. 0. 0. 0. 0.
27.60 14 DL_VALUE 0 761.
27.64 14 NAVIGATION 0 1 0 0 286 0. 140.5
27.70 14 WP_MOVED 3 497546.40625 3565495.5 770.
27.72 14 RAD_OF_IR 7 0 0.00211
27.73 14 VN100_STATUS 33.330002 33.330002 33.330002
27.79 14 IR_SENSORS -886 7 1
27.87 14 COMMANDS 0,-9600,9600,-9600
27.89 14 NAVIGATION 0 1 0 0 286 0. 140.5
27.91 14 ATTITUDE 1 0 -31
27.94 14 GYRO_RATES -183 -118 -187 1.596976 -1.029744 1.631883
27.95 14 VN100_STATUS 33.330002 33.330002 33.330002
27.98 14 FBW_STATUS 2 1 114
28.01 14 ESTIMATOR 0. 0. 0. 0. 0.
28.01 14 BAT 0 114 0 0 33 0 0
28.08 14 CALIBRATION 0. 0.02 0.5 0
28.11 14 NAVIGATION 0 1 0 0 286 0. 140.5
28.17 14 WP_MOVED 4 497575. 3565498. 0.
28.18 14 SERVO 9600 -9600 0
28.20 14 VN100_STATUS 33.330002 33.330002 33.330002
28.28 14 DESIRED 0. 0. 0. 0. 761. 0.
28.29 14 IR_DEBUG 639 629 639 629
28.34 14 NAVIGATION 0 1 0 0 286 0. 140.5
28.36 14 ATTITUDE 1 0 -31
28.42 14 VN100_STATUS 33.330002 33.330002 33.330002
28.45 14 DOWNLINK_STATUS 28 9487 667 0 366. 26.
28.46 14 ESTIMATOR 0. 0. 0. 0. 0.
28.54 14 DL_VALUE 1 1.
28.58 14 NAVIGATION 0 1 0 0 286 0. 140.5
28.64 14 WP_MOVED 0 497617. 3565540. 770.
28.66 14 RAD_OF_IR 9 0 0.00211
28.67 14 VN100_STATUS 33.330002 33.330002 33.330002
28.73 14 IR_SENSORS -886 7 1
28.80 14 COMMANDS 0,-9600,9600,-9600
28.83 14 NAVIGATION 0 1 0 0 286 0. 140.5
28.85 14 ATTITUDE 1 0 -31
28.88 14 GYRO_RATES -182 -117 -186 1.58825 -1.021018 1.623156
28.89 14 VN100_STATUS 33.330002 33.330002 33.330002
28.90 14 FBW_STATUS 2 1 114
28.93 14 ESTIMATOR 0. 0. 0. 0. 0.
29.00 14 ACTUATORS 1500,1000,0,1200,1000
29.05 14 NAVIGATION 0 1 0 0 286 0. 140.5
29.11 14 WP_MOVED 1 497586.6875 3565500. 770.
29.13 14 VN100_STATUS 33.330002 33.330002 33.330002
29.22 14 DESIRED 0. 0. 0. 0. 761. 0.
29.28 14 NAVIGATION 0 1 0 0 286 0. 140.5
29.30 14 ATTITUDE 1 0 -31
29.31 14 PPRZ_MODE 2 0 3 0 0 6 0
29.36 14 VN100_STATUS 33.330002 33.330002 33.330002
29.40 14 ESTIMATOR 0. 0. 0. 0. 0.
29.45 14 DOWNLINK_STATUS 29 9836 691 0 349. 24.
29.49 14 DL_VALUE 2 0.
29.52 14 NAVIGATION 0 1 0 0 286 0. 140.5
29.58 14 WP_MOVED 2 497622.6875 3565498.5 770.
29.59 14 RAD_OF_IR 8 0 0.00211
29.61 14 VN100_STATUS 33.330002 33.330002 33.330002
29.66 14 IR_SENSORS -884 8 1
29.74 14 COMMANDS 0,-9600,9600,-9600
29.77 14 NAVIGATION 0 1 0 0 286 0. 140.5
29.78 14 ATTITUDE 1 0 -32
29.81 14 GYRO_RATES -182 -116 -185 1.58825 -1.012291 1.61443
29.83 14 VN100_STATUS 33.330002 33.330002 33.330002
29.84 14 FBW_STATUS 2 1 114
29.86 14 ESTIMATOR 0. 0. 0. 0. 0.
29.88 14 BAT 0 114 0 0 35 0 0
29.95 14 CALIBRATION 0. 0.02 0.5 0
30.00 14 NAVIGATION 0 1 0 0 286 0. 140.5
30.05 14 WP_MOVED 3 497546.40625 3565495.5 770.
30.05 14 SERVO 9600 -9600 0
30.08 14 VN100_STATUS 33.330002 33.330002 33.330002
30.15 14 DESIRED 0. 0. 0. 0. 761. 0.
30.17 14 IR_DEBUG 638 625 638 625
30.22 14 NAVIGATION 0 1 0 0 286 0. 140.5
30.23 14 ATTITUDE 1 0 -31
30.29 14 VN100_STATUS 33.330002 33.330002 33.330002
30.33 14 ESTIMATOR 0. 0. 0. 0. 0.
30.41 14 DL_VALUE 3 0.
30.45 14 DOWNLINK_STATUS 30 10195 717 0 359. 26.
30.47 14 NAVIGATION 0 1 0 0 286 0. 140.5
30.52 14 WP_MOVED 4 497575. 3565498. 0.
30.53 14 RAD_OF_IR 7 0 0.00211
30.54 14 NAVIGATION_REF 497575 3565498 12
30.56 14 VN100_STATUS 33.330002 33.330002 33.330002
30.60 14 IR_SENSORS -886 8 1
30.68 14 COMMANDS 0,-9600,9600,-9600
30.70 14 NAVIGATION 0 1 0 0 286 0. 140.5
30.72 14 ATTITUDE 1 0 -31
30.75 14 GYRO_RATES -183 -117 -186 1.596976 -1.021018 1.623156
30.77 14 VN100_STATUS 33.330002 33.330002 33.330002
30.77 14 FBW_STATUS 2 1 114
30.80 14 ESTIMATOR 0. 0. 0. 0. 0.
30.92 14 NAVIGATION 0 1 0 0 286 0. 140.5
31.00 14 WP_MOVED 0 497617. 3565540. 770.
31.04 14 VN100_STATUS 33.330002 33.330002 33.330002
31.09 14 DESIRED 0. 0. 0. 0. 761. 0.
31.16 14 NAVIGATION 0 1 0 0 286 0. 140.5
31.17 14 ATTITUDE 1 0 -31
31.23 14 VN100_STATUS 33.330002 33.330002 33.330002
31.27 14 ESTIMATOR 0. 0. 0. 0. 0.
31.36 14 DL_VALUE 4 2.
31.41 14 NAVIGATION 0 1 0 0 286 0. 140.5
31.46 14 WP_MOVED 1 497586.6875 3565500. 770.
31.46 14 DOWNLINK_STATUS 31 10544 741 0 349. 24.
31.47 14 RAD_OF_IR 8 0 0.00211
31.51 14 VN100_STATUS 33.330002 33.330002 33.330002
31.54 14 IR_SENSORS -886 7 1
31.63 14 COMMANDS 0,-9600,9600,-9600
31.65 14 NAVIGATION 0 1 0 0 286 0. 140.5
31.67 14 ATTITUDE 1 0 -31
31.69 14 GYRO_RATES -183 -118 -186 1.596976 -1.029744 1.623156
31.71 14 VN100_STATUS 33.330002 33.330002 33.330002
31.72 14 FBW_STATUS 2 1 114
31.74 14 ESTIMATOR 0. 0. 0. 0. 0.
31.76 14 BAT 0 114 0 0 37 0 0
31.83 14 CALIBRATION 0. 0.02 0.5 0
31.87 14 NAVIGATION 0 1 0 0 286 0. 140.5
31.92 14 WP_MOVED 2 497622.6875 3565498.5 770.
31.93 14 SERVO 9600 -9600 0
31.95 14 VN100_STATUS 33.330002 33.330002 33.330002
32.03 14 DESIRED 0. 0. 0. 0. 761. 0.
32.07 14 IR_DEBUG 638 626 638 626
32.10 14 NAVIGATION 0 1 0 0 286 0. 140.5
32.11 14 ATTITUDE 1 0 -31
32.17 14 VN100_STATUS 33.330002 33.330002 33.330002
32.21 14 ESTIMATOR 0. 0. 0. 0. 0.
32.29 14 DL_VALUE 5 0.
32.33 14 NAVIGATION 0 1 0 0 286 0. 140.5
32.40 14 WP_MOVED 3 497546.40625 3565495.5 770.
32.41 14 RAD_OF_IR 8 0 0.00211
32.42 14 VN100_STATUS 33.330002 33.330002 33.330002
32.46 14 DOWNLINK_STATUS 32 10920 768 0 376. 27.
32.48 14 IR_SENSORS -886 7 1
32.56 14 COMMANDS 0,-9600,9600,-9600
32.58 14 NAVIGATION 0 1 0 0 286 0. 140.5
32.60 14 ATTITUDE 1 0 -31
32.63 14 GYRO_RATES -182 -116 -185 1.58825 -1.012291 1.61443
32.64 14 VN100_STATUS 33.330002 33.330002 33.330002
32.65 14 FBW_STATUS 2 1 114
32.68 14 ESTIMATOR 0. 0. 0. 0. 0.
32.80 14 NAVIGATION 0 1 0 0 286 0. 140.5
32.86 14 WP_MOVED 4 497575. 3565498. 0.
32.89 14 VN100_STATUS 33.330002 33.330002 33.330002
32.99 14 DESIRED 0. 0. 0. 0. 761. 0.
33.03 14 NAVIGATION 0 1 0 0 286 0. 140.5
33.05 14 ATTITUDE 1 0 -32
33.11 14 VN100_STATUS 33.330002 33.330002 33.330002
33.15 14 ESTIMATOR 0. 0. 0. 0. 0.
33.23 14 DL_VALUE 6 0.
33.27 14 NAVIGATION 0 1 0 0 286 0. 140.5
33.33 14 WP_MOVED 0 497617. 3565540. 770.
33.35 14 RAD_OF_IR 8 0 0.00211
33.36 14 VN100_STATUS 33.330002 33.330002 33.330002
33.42 14 IR_SENSORS -884 9 1
33.46 14 DOWNLINK_STATUS 33 11233 790 0 313. 22.
33.50 14 COMMANDS 0,-9600,9600,-9600
33.53 14 NAVIGATION 0 1 0 0 286 0. 140.5
33.54 14 ATTITUDE 1 0 -31
33.56 14 GYRO_RATES -183 -117 -186 1.596976 -1.021018 1.623156
33.58 14 VN100_STATUS 33.330002 33.330002 33.330002
33.59 14 FBW_STATUS 2 1 114
33.62 14 ESTIMATOR 0. 0. 0. 0. 0.
33.63 14 BAT 0 114 0 0 39 0 0
33.69 14 ACTUATORS 1500,1000,0,1200,1000
33.70 14 CALIBRATION 0. 0.02 0.5 0
33.74 14 NAVIGATION 0 1 0 0 286 0. 140.5
33.80 14 WP_MOVED 1 497586.6875 3565500. 770.
33.81 14 SERVO 9600 -9600 0
33.83 14 VN100_STATUS 33.330002 33.330002 33.330002
33.90 14 DESIRED 0. 0. 0. 0. 761. 0.
33.93 14 IR_DEBUG 639 627 639 627
33.98 14 NAVIGATION 0 1 0 0 286 0. 140.5
34.00 14 ATTITUDE 1 0 -31
34.01 14 PPRZ_MODE 2 0 3 0 0 6 0
34.05 14 VN100_STATUS 33.330002 33.330002 33.330002
34.08 14 ESTIMATOR 0. 0. 0. 0. 0.
34.16 14 DL_VALUE 7 0.
34.21 14 NAVIGATION 0 1 0 0 286 0. 140.5
34.27 14 WP_MOVED 2 497622.6875 3565498.5 770.
34.28 14 RAD_OF_IR 7 0 0.00211
34.30 14 VN100_STATUS 33.330002 33.330002 33.330002
34.36 14 IR_SENSORS -886 8 1
34.43 14 COMMANDS 0,-9600,9600,-9600
34.46 14 NAVIGATION 0 1 0 0 286 0. 140.5
34.46 14 DOWNLINK_STATUS 34 11636 819 0 403. 29.
34.49 14 ATTITUDE 1 0 -31
34.52 14 GYRO_RATES -184 -118 -187 1.605703 -1.029744 1.631883
34.52 14 VN100_STATUS 33.330002 33.330002 33.330002
34.54 14 FBW_STATUS 2 1 114
34.56 14 ESTIMATOR 0. 0. 0. 0. 0.
34.68 14 NAVIGATION 0 1 0 0 286 0. 140.5
34.74 14 WP_MOVED 3 497546.40625 3565495.5 770.
34.75 14 VN100_STATUS 33.330002 33.330002 33.330002
34.84 14 DESIRED 0. 0. 0. 0. 761. 0.
34.91 14 NAVIGATION 0 1 0 0 286 0. 140.5
34.92 14 ATTITUDE 1 0 -31
34.99 14 VN100_STATUS 33.330002 33.330002 33.330002
35.02 14 ESTIMATOR 0. 0. 0. 0. 0.
35.10 14 DL_VALUE 8 0.
35.15 14 NAVIGATION 0 1 0 0 286 0. 140.5
35.20 14 WP_MOVED 4 497575. 3565498. 0.
35.22 14 RAD_OF_IR 9 0 0.00211
35.23 14 VN100_STATUS 33.330002 33.330002 33.330002
35.29 14 IR_SENSORS -886 7 1
35.37 14 COMMANDS 0,-9600,9600,-9600
35.40 14 NAVIGATION 0 1 0 0 286 0. 140.5
35.41 14 ATTITUDE 1 0 -31
35.44 14 GYRO_RATES -182 -117 -185 1.58825 -1.021018 1.61443
35.45 14 VN100_STATUS 33.330002 33.330002 33.330002
35.45 14 DOWNLINK_STATUS 35 11983 843 0 347. 24.
35.46 14 FBW_STATUS 2 1 114
35.49 14 ESTIMATOR 0. 0. 0. 0. 0.
35.53 14 BAT 0 114 0 0 41 0 0
35.58 14 CALIBRATION 0. 0.02 0.5 0
35.61 14 NAVIGATION 0 1 0 0 286 0. 140.5
35.67 14 WP_MOVED 0 497617. 3565540. 770.
35.69 14 SERVO 9600 -9600 0
35.71 14 VN100_STATUS 33.330002 33.330002 33.330002
35.78 14 DESIRED 0. 0. 0. 0. 761. 0.
35.80 14 IR_DEBUG 638 627 638 627
35.84 14 NAVIGATION 0 1 0 0 286 0. 140.5
35.86 14 ATTITUDE 1 0 -31
35.92 14 VN100_STATUS 33.330002 33.330002 33.330002
35.96 14 ESTIMATOR 0. 0. 0. 0. 0.
36.04 14 DL_VALUE 9 0.
36.09 14 NAVIGATION 0 1 0 0 286 0. 140.5
36.14 14 WP_MOVED 1 497586.6875 3565500. 770.
36.19 14 RAD_OF_IR 8 0 0.00211
36.20 14 VN100_STATUS 33.330002 33.330002 33.330002
36.23 14 IR_SENSORS -884 9 1
36.30 14 COMMANDS 0,-9600,9600,-9600
36.33 14 NAVIGATION 0 1 0 0 286 0. 140.5
36.35 14 ATTITUDE 1 0 -31
36.38 14 GYRO_RATES -182 -116 -185 1.58825 -1.012291 1.61443
36.39 14 VN100_STATUS 33.330002 33.330002 33.330002
36.42 14 FBW_STATUS 2 1 114
36.43 14 ESTIMATOR 0. 0. 0. 0. 0.
36.47 14 DOWNLINK_STATUS 36 12362 870 0 379. 27.
36.55 14 NAVIGATION 0 1 0 0 286 0. 140.5
36.62 14 WP_MOVED 2 497622.6875 3565498.5 770.
36.63 14 VN100_STATUS 33.330002 33.330002 33.330002
36.72 14 DESIRED 0. 0. 0. 0. 761. 0.
36.80 14 NAVIGATION 0 1 0 0 286 0. 140.5
36.81 14 ATTITUDE 1 0 -31
36.87 14 VN100_STATUS 33.330002 33.330002 33.330002
36.90 14 ESTIMATOR 0. 0. 0. 0. 0.
36.99 14 DL_VALUE 10 -85.943672
37.05 14 NAVIGATION 0 1 0 0 286 0. 140.5
37.09 14 WP_MOVED 3 497546.40625 3565495.5 770.
37.11 14 RAD_OF_IR 7 0 0.00211
37.12 14 VN100_STATUS 33.330002 33.330002 33.330002
37.17 14 IR_SENSORS -885 9 1
37.24 14 COMMANDS 0,-9600,9600,-9600
37.27 14 NAVIGATION 0 1 0 0 286 0. 140.5
37.28 14 ATTITUDE 1 0 -31
37.32 14 GYRO_RATES -183 -118 -187 1.596976 -1.029744 1.631883
37.34 14 VN100_STATUS 33.330002 33.330002 33.330002
37.37 14 FBW_STATUS 2 1 114
37.38 14 ESTIMATOR 0. 0. 0. 0. 0.
37.39 14 BAT 0 114 0 0 43 0 0
37.46 14 CALIBRATION 0. 0.02 0.5 0
37.47 14 DOWNLINK_STATUS 37 12696 893 0 334. 23.
37.50 14 NAVIGATION 0 1 0 0 286 0. 140.5
37.57 14 WP_MOVED 4 497575. 3565498. 0.
37.57 14 SERVO 9600 -9600 0
37.58 14 VN100_STATUS 33.330002 33.330002 33.330002
37.65 14 DESIRED 0. 0. 0. 0. 761. 0.
37.67 14 IR_DEBUG 639 627 639 627
37.73 14 NAVIGATION 0 1 0 0 286 0. 140.5
37.74 14 ATTITUDE 1 0 -31
37.81 14 VN100_STATUS 33.330002 33.330002 33.330002
37.84 14 ESTIMATOR 0. 0. 0. 0. 0.
37.92 14 DL_VALUE 11 1.5
37.96 14 NAVIGATION 0 1 0 0 286 0. 140.5
38.01 14 WP_MOVED 0 497617. 3565540. 770.
38.06 14 RAD_OF_IR 8 0 0.00211
38.06 14 VN100_STATUS 33.330002 33.330002 33.330002
38.10 14 IR_SENSORS -886 8 1
38.19 14 COMMANDS 0,-9600,9600,-9600
38.20 14 NAVIGATION 0 1 0 0 286 0. 140.5
38.22 14 ATTITUDE 1 0 -31
38.25 14 GYRO_RATES -183 -117 -186 1.596976 -1.021018 1.623156
38.27 14 VN100_STATUS 33.330002 33.330002 33.330002
38.28 14 FBW_STATUS 2 1 114
38.30 14 ESTIMATOR 0. 0. 0. 0. 0.
38.37 14 ACTUATORS 1500,1000,0,1200,1000
38.42 14 NAVIGATION 0 1 0 0 286 0. 140.5
38.46 14 DOWNLINK_STATUS 38 13050 918 0 354. 25.
38.49 14 WP_MOVED 1 497586.6875 3565500. 770.
38.53 14 VN100_STATUS 33.330002 33.330002 33.330002
38.59 14 DESIRED 0. 0. 0. 0. 761. 0.
38.66 14 NAVIGATION 0 1 0 0 286 0. 140.5
38.68 14 ATTITUDE 1 0 -31
38.68 14 PPRZ_MODE 2 0 3 0 0 6 0
38.73 14 VN100_STATUS 33.330002 33.330002 33.330002
38.77 14 ESTIMATOR 0. 0. 0. 0. 0.
38.87 14 DL_VALUE 12 1.5
38.89 14 NAVIGATION 0 1 0 0 286 0. 140.5
38.95 14 WP_MOVED 2 497622.6875 3565498.5 770.
38.98 14 RAD_OF_IR 8 0 0.00211
39.00 14 NAVIGATION_REF 497575 3565498 12
39.02 14 VN100_STATUS 33.330002 33.330002 33.330002
39.05 14 IR_SENSORS -885 7 1
39.13 14 COMMANDS 0,-9600,9600,-9600
39.14 14 NAVIGATION 0 1 0 0 286 0. 140.5
39.16 14 ATTITUDE 1 0 -32
39.19 14 GYRO_RATES -182 -116 -185 1.58825 -1.012291 1.61443
39.20 14 VN100_STATUS 33.330002 33.330002 33.330002
39.21 14 FBW_STATUS 2 1 114
39.24 14 ESTIMATOR 0. 0. 0. 0. 0.
39.25 14 BAT 0 114 0 0 45 0 0
39.33 14 CALIBRATION 0. 0.02 0.5 0
39.36 14 NAVIGATION 0 1 0 0 286 0. 140.5
39.42 14 WP_MOVED 3 497546.40625 3565495.5 770.
39.43 14 SERVO 9600 -9600 0
39.45 14 VN100_STATUS 33.330002 33.330002 33.330002
39.46 14 DOWNLINK_STATUS 39 13441 946 0 391. 28.
39.54 14 DESIRED 0. 0. 0. 0. 761. 0.
39.57 14 IR_DEBUG 637 624 637 624
39.59 14 NAVIGATION 0 1 0 0 286 0. 140.5
39.61 14 ATTITUDE 1 0 -31
39.67 14 VN100_STATUS 33.330002 33.330002 33.330002
39.71 14 ESTIMATOR 0. 0. 0. 0. 0.
39.79 14 DL_VALUE 13 1.5
39.84 14 NAVIGATION 0 1 0 0 286 0. 140.5
39.91 14 WP_MOVED 4 497575. 3565498. 0.
39.91 14 RAD_OF_IR 8 0 0.00211
39.92 14 VN100_STATUS 33.330002 33.330002 33.330002
39.97 14 IR_SENSORS -884 9 1
40.06 14 COMMANDS 0,-9600,9600,-9600
40.09 14 NAVIGATION 0 1 0 0 286 0. 140.5
40.10 14 ATTITUDE 1 0 -31
40.12 14 GYRO_RATES -183 -117 -186 1.596976 -1.021018 1.623156
40.15 14 VN100_STATUS 33.330002 33.330002 33.330002
40.16 14 FBW_STATUS 2 1 114
40.18 14 ESTIMATOR 0. 0. 0. 0. 0.
40.30 14 NAVIGATION 0 1 0 0 286 0. 140.5
40.37 14 WP_MOVED 0 497617. 3565540. 770.
40.39 14 VN100_STATUS 33.330002 33.330002 33.330002
40.47 14 DESIRED 0. 0. 0. 0. 761. 0.
40.47 14 DOWNLINK_STATUS 40 13782 969 0 341. 23.
40.54 14 NAVIGATION 0 1 0 0 286 0. 140.5
40.58 14 ATTITUDE 1 0 -31
40.61 14 VN100_STATUS 33.330002 33.330002 33.330002
40.65 14 ESTIMATOR 0. 0. 0. 0. 0.
40.73 14 DL_VALUE 14 1.5
40.78 14 NAVIGATION 0 1 0 0 286 0. 140.5
40.83 14 WP_MOVED 1 497586.6875 3565500. 770.
40.85 14 RAD_OF_IR 7 0 0.00211
40.86 14 VN100_STATUS 33.330002 33.330002 33.330002
40.92 14 IR_SENSORS -886 8 1
40.99 14 COMMANDS 0,-9600,9600,-9600
41.03 14 NAVIGATION 0 1 0 0 286 0. 140.5
41.06 14 ATTITUDE 1 0 -31
41.06 14 GYRO_RATES -184 -118 -187 1.605703 -1.029744 1.631883
41.08 14 VN100_STATUS 33.330002 33.330002 33.330002
41.09 14 FBW_STATUS 2 1 114
41.11 14 ESTIMATOR 0. 0. 0. 0. 0.
41.13 14 BAT 0 114 0 0 47 0 0
41.20 14 CALIBRATION 0. 0.02 0.5 0
41.23 14 NAVIGATION 0 1 0 0 286 0. 140.5
41.29 14 WP_MOVED 2 497622.6875 3565498.5 770.
41.31 14 SERVO 9600 -9600 0
41.33 14 VN100_STATUS 33.330002 33.330002 33.330002
41.40 14 DESIRED 0. 0. 0. 0. 761. 0.
41.41 14 IR_DEBUG 639 628 639 628
41.46 14 DOWNLINK_STATUS 41 14134 994 0 352. 25.
41.47 14 NAVIGATION 0 1 0 0 286 0. 140.5
41.49 14 ATTITUDE 1 0 -31
41.55 14 VN100_STATUS 33.330002 33.330002 33.330002
41.59 14 ESTIMATOR 0. 0. 0. 0. 0.
41.68 14 DL_VALUE 15 0.
41.71 14 NAVIGATION 0 1 0 0 286 0. 140.5
41.77 14 WP_MOVED 3 497546.40625 3565495.5 770.
41.79 14 RAD_OF_IR 9 0 0.00211
41.80 14 VN100_STATUS 33.330002 33.330002 33.330002
41.85 14 IR_SENSORS -886 7 1
41.93 14 COMMANDS 0,-9600,9600,-9600
41.95 14 NAVIGATION 0 1 0 0 286 0. 140.5
41.97 14 ATTITUDE 1 0 -31
42.00 14 GYRO_RATES -182 -117 -186 1.58825 -1.021018 1.623156
42.03 14 VN100_STATUS 33.330002 33.330002 33.330002
42.06 14 FBW_STATUS 2 1 114
42.06 14 ESTIMATOR 0. 0. 0. 0. 0.
42.17 14 NAVIGATION 0 1 0 0 286 0. 140.5
42.23 14 WP_MOVED 4 497575. 3565498. 0.
42.26 14 VN100_STATUS 33.330002 33.330002 33.330002
42.35 14 DESIRED 0. 0. 0. 0. 761. 0.
42.41 14 NAVIGATION 0 1 0 0 286 0. 140.5
42.42 14 ATTITUDE 1 0 -31
42.46 14 DOWNLINK_STATUS 42 14465 1017 0 331. 23.
42.50 14 VN100_STATUS 33.330002 33.330002 33.330002
42.53 14 ESTIMATOR 0. 0. 0. 0. 0.
42.60 14 DL_VALUE 16 1.
42.64 14 NAVIGATION 0 1 0 0 286 0. 140.5
42.70 14 WP_MOVED 0 497617. 3565540. 770.
42.72 14 RAD_OF_IR 9 0 0.00211
42.75 14 VN100_STATUS 33.330002 33.330002 33.330002
42.79 14 IR_SENSORS -883 9 1
42.87 14 COMMANDS 0,-9600,9600,-9600
42.89 14 NAVIGATION 0 1 0 0 286 0. 140.5
42.91 14 ATTITUDE 1 0 -31
42.94 14 GYRO_RATES -181 -116 -185 1.579523 -1.012291 1.61443
42.96 14 VN100_STATUS 33.330002 33.330002 33.330002
42.97 14 FBW_STATUS 2 1 114
42.99 14 ESTIMATOR 0. 0. 0. 0. 0.
43.01 14 BAT 0 114 0 0 49 0 0
43.06 14 ACTUATORS 1500,1000,0,1200,1000
43.10 14 CALIBRATION 0. 0.02 0.5 0
43.11 14 NAVIGATION 0 1 0 0 286 0. 140.5
43.18 14 WP_MOVED 1 497586.6875 3565500. 770.
43.18 14 SERVO 9600 -9600 0
43.20 14 VN100_STATUS 33.330002 33.330002 33.330002
43.27 14 DESIRED 0. 0. 0. 0. 761. 0.
43.30 14 IR_DEBUG 638 625 638 625
43.34 14 NAVIGATION 0 1 0 0 286 0. 140.5
43.36 14 ATTITUDE 1 0 -31
43.37 14 PPRZ_MODE 2 0 3 0 0 6 0
43.42 14 VN100_STATUS 33.330002 33.330002 33.330002
43.46 14 ESTIMATOR 0. 0. 0. 0. 0.
43.46 14 DOWNLINK_STATUS 43 14875 1046 0 410. 29.
43.57 14 DL_VALUE 17 470.
43.59 14 NAVIGATION 0 1 0 0 286 0. 140.5
43.64 14 WP_MOVED 2 497622.6875 3565498.5 770.
43.66 14 RAD_OF_IR 7 0 0.00211
43.67 14 VN100_STATUS 33.330002 33.330002 33.330002
43.73 14 IR_SENSORS -884 8 1
43.80 14 COMMANDS 0,-9600,9600,-9600
43.83 14 NAVIGATION 0 1 0 0 286 0. 140.5
43.85 14 ATTITUDE 1 0 -31
43.87 14 GYRO_RATES -183 -118 -187 1.596976 -1.029744 1.631883
43.89 14 VN100_STATUS 33.330002 33.330002 33.330002
43.91 14 FBW_STATUS 2 1 114
43.93 14 ESTIMATOR 0. 0. 0. 0. 0.
44.07 14 NAVIGATION 0 1 0 0 286 0. 140.5
44.11 14 WP_MOVED 3 497546.40625 3565495.5 770.
44.13 14 VN100_STATUS 33.330002 33.330002 33.330002
44.22 14 DESIRED 0. 0. 0. 0. 761. 0.
44.28 14 NAVIGATION 0 1 0 0 286 0. 140.5
44.30 14 ATTITUDE 1 0 -31
44.36 14 VN100_STATUS 33.330002 33.330002 33.330002
44.40 14 ESTIMATOR 0. 0. 0. 0. 0.
44.46 14 DOWNLINK_STATUS 44 15180 1067 0 305. 21.
44.48 14 DL_VALUE 18 405.
44.58 14 NAVIGATION 0 1 0 0 286 0. 140.5
44.58 14 WP_MOVED 4 497575. 3565498. 0.
44.59 14 RAD_OF_IR 9 0 0.00211
44.61 14 VN100_STATUS 33.330002 33.330002 33.330002
44.66 14 IR_SENSORS -885 9 1
44.74 14 COMMANDS 0,-9600,9600,-9600
44.77 14 NAVIGATION 0 1 0 0 286 0. 140.5
44.78 14 ATTITUDE 1 0 -31
44.81 14 GYRO_RATES -183 -117 -186 1.596976 -1.021018 1.623156
44.83 14 VN100_STATUS 33.330002 33.330002 33.330002
44.85 14 FBW_STATUS 2 1 114
44.86 14 ESTIMATOR 0. 0. 0. 0. 0.
44.88 14 BAT 0 114 0 0 51 0 0
44.96 14 CALIBRATION 0. 0.02 0.5 0
44.99 14 NAVIGATION 0 1 0 0 286 0. 140.5
45.05 14 WP_MOVED 0 497617. 3565540. 770.
45.09 14 SERVO 9600 -9600 0
45.09 14 VN100_STATUS 33.330002 33.330002 33.330002
45.15 14 DESIRED 0. 0. 0. 0. 761. 0.
45.17 14 IR_DEBUG 639 628 639 628
45.22 14 NAVIGATION 0 1 0 0 286 0. 140.5
45.23 14 ATTITUDE 1 0 -31
45.29 14 VN100_STATUS 33.330002 33.330002 33.330002
45.34 14 ESTIMATOR 0. 0. 0. 0. 0.
45.41 14 DL_VALUE 19 473.
45.45 14 NAVIGATION 0 1 0 0 286 0. 140.5
45.46 14 DOWNLINK_STATUS 45 15557 1094 0 377. 27.
45.51 14 WP_MOVED 1 497586.6875 3565500. 770.
45.53 14 RAD_OF_IR 9 0 0.00211
45.56 14 VN100_STATUS 33.330002 33.330002 33.330002
45.60 14 IR_SENSORS -885 7 1
45.68 14 COMMANDS 0,-9600,9600,-9600
45.71 14 NAVIGATION 0 1 0 0 286 0. 140.5
45.72 14 ATTITUDE 1 0 -31
45.75 14 GYRO_RATES -182 -116 -185 1.58825 -1.012291 1.61443
45.76 14 VN100_STATUS 33.330002 33.330002 33.330002
45.79 14 FBW_STATUS 2 1 114
45.80 14 ESTIMATOR 0. 0. 0. 0. 0.
45.92 14 NAVIGATION 0 1 0 0 286 0. 140.5
45.99 14 WP_MOVED 2 497622.6875 3565498.5 770.
46.01 14 VN100_STATUS 33.330002 33.330002 33.330002
46.09 14 DESIRED 0. 0. 0. 0. 761. 0.
46.16 14 NAVIGATION 0 1 0 0 286 0. 140.5
46.19 14 ATTITUDE 1 0 -31
46.24 14 VN100_STATUS 33.330002 33.330002 33.330002
46.27 14 ESTIMATOR 0. 0. 0. 0. 0.
46.36 14 DL_VALUE 20 0.
46.40 14 NAVIGATION 0 1 0 0 286 0. 140.5
46.46 14 WP_MOVED 3 497546.40625 3565495.5 770.
46.47 14 DOWNLINK_STATUS 46 15877 1116 0 320. 22.
46.50 14 RAD_OF_IR 7 0 0.00211
46.50 14 VN100_STATUS 33.330002 33.330002 33.330002
46.54 14 IR_SENSORS -884 9 1
46.63 14 COMMANDS 0,-9600,9600,-9600
46.66 14 NAVIGATION 0 1 0 0 286 0. 140.5
46.66 14 ATTITUDE 1 0 -31
46.69 14 GYRO_RATES -183 -117 -186 1.596976 -1.021018 1.623156
46.70 14 VN100_STATUS 33.330002 33.330002 33.330002
46.71 14 FBW_STATUS 2 1 114
46.74 14 ESTIMATOR 0. 0. 0. 0. 0.
46.75 14 BAT 0 114 0 0 53 0 0
46.83 14 CALIBRATION 0. 0.02 0.5 0
46.87 14 NAVIGATION 0 1 0 0 286 0. 140.5
46.93 14 WP_MOVED 4 497575. 3565498. 0.
46.94 14 SERVO 9600 -9600 0
46.95 14 VN100_STATUS 33.330002 33.330002 33.330002
47.02 14 DESIRED 0. 0. 0. 0. 761. 0.
47.05 14 IR_DEBUG 638 626 638 626
47.09 14 NAVIGATION 0 1 0 0 286 0. 140.5
47.12 14 ATTITUDE 1 0 -31
47.17 14 VN100_STATUS 33.330002 33.330002 33.330002
47.22 14 ESTIMATOR 0. 0. 0. 0. 0.
47.29 14 DL_VALUE 21 0.75
47.34 14 NAVIGATION 0 1 0 0 286 0. 140.5
47.39 14 WP_MOVED 0 497617. 3565540. 770.
47.42 14 RAD_OF_IR 7 0 0.00211
47.42 14 NAVIGATION_REF 497575 3565498 12
47.44 14 VN100_STATUS 33.330002 33.330002 33.330002
47.47 14 DOWNLINK_STATUS 47 16264 1144 0 387. 28.
47.47 14 IR_SENSORS -886 8 1
47.57 14 COMMANDS 0,-9600,9600,-9600
47.58 14 NAVIGATION 0 1 0 0 286 0. 140.5
47.59 14 ATTITUDE 1 0 -31
47.62 14 GYRO_RATES -184 -118 -187 1.605703 -1.029744 1.631883
47.64 14 VN100_STATUS 33.330002 33.330002 33.330002
47.65 14 FBW_STATUS 2 1 114
47.69 14 ESTIMATOR 0. 0. 0. 0. 0.
47.75 14 ACTUATORS 1500,1000,0,1200,1000
47.80 14 NAVIGATION 0 1 0 0 286 0. 140.5
47.86 14 WP_MOVED 1 497586.6875 3565500. 770.
47.87 14 VN100_STATUS 33.330002 33.330002 33.330002
47.96 14 DESIRED 0. 0. 0. 0. 761. 0.
48.03 14 NAVIGATION 0 1 0 0 286 0. 140.5
48.06 14 ATTITUDE 1 0 -31
48.09 14 PPRZ_MODE 2 0 3 0 0 6 0
48.11 14 VN100_STATUS 33.330002 33.330002 33.330002
48.15 14 ESTIMATOR 0. 0. 0. 0. 0.
48.22 14 DL_VALUE 22 20000.
48.27 14 NAVIGATION 0 1 0 0 286 0. 140.5
48.33 14 WP_MOVED 2 497622.6875 3565498.5 770.
48.34 14 RAD_OF_IR 9 0 0.00211
48.36 14 VN100_STATUS 33.330002 33.330002 33.330002
48.41 14 IR_SENSORS -886 7 1
48.47 14 DOWNLINK_STATUS 48 16599 1168 0 335. 24.
48.49 14 COMMANDS 0,-9600,9600,-9600
48.51 14 NAVIGATION 0 1 0 0 286 0. 140.5
48.53 14 ATTITUDE 1 0 -31
48.58 14 GYRO_RATES -183 -117 -186 1.596976 -1.021018 1.623156
48.61 14 VN100_STATUS 33.330002 33.330002 33.330002
48.61 14 FBW_STATUS 2 1 114
48.61 14 ESTIMATOR 0. 0. 0. 0. 0.
48.63 14 BAT 0 114 0 0 55 0 0
48.70 14 CALIBRATION 0. 0.02 0.5 0
48.73 14 NAVIGATION 0 1 0 0 286 0. 140.5
48.79 14 WP_MOVED 3 497546.40625 3565495.5 770.
48.80 14 SERVO 9600 -9600 0
48.83 14 VN100_STATUS 33.330002 33.330002 33.330002
48.90 14 DESIRED 0. 0. 0. 0. 761. 0.
48.91 14 IR_DEBUG 638 627 638 627
48.98 14 NAVIGATION 0 1 0 0 286 0. 140.5
49.00 14 ATTITUDE 1 0 -31
49.10 14 VN100_STATUS 33.330002 33.330002 33.330002
49.10 14 ESTIMATOR 0. 0. 0. 0. 0.
49.17 14 DL_VALUE 23 20000.
49.22 14 NAVIGATION 0 1 0 0 286 0. 140.5
49.27 14 WP_MOVED 4 497575. 3565498. 0.
49.28 14 RAD_OF_IR 9 0 0.00211
49.30 14 VN100_STATUS 33.330002 33.330002 33.330002
49.35 14 IR_SENSORS -882 9 1
49.43 14 COMMANDS 0,-9600,9600,-9600
49.46 14 NAVIGATION 0 1 0 0 286 0. 140.5
49.47 14 DOWNLINK_STATUS 49 16980 1195 0 381. 27.
49.47 14 ATTITUDE 1 0 -31
49.50 14 GYRO_RATES -182 -117 -185 1.58825 -1.021018 1.61443
49.51 14 VN100_STATUS 33.330002 33.330002 33.330002
49.53 14 FBW_STATUS 2 1 114
49.55 14 ESTIMATOR 0. 0. 0. 0. 0.
49.67 14 NAVIGATION 0 1 0 0 286 0. 140.5
49.73 14 WP_MOVED 0 497617. 3565540. 770.
49.75 14 VN100_STATUS 33.330002 33.330002 33.330002
49.84 14 DESIRED 0. 0. 0. 0. 761. 0.
49.91 14 NAVIGATION 0 1 0 0 286 0. 140.5
49.92 14 ATTITUDE 1 0 -31
49.98 14 VN100_STATUS 33.330002 33.330002 33.330002
50.02 14 ESTIMATOR 0. 0. 0. 0. 0.
50.10 14 DL_VALUE 24 0.75
50.14 14 NAVIGATION 0 1 0 0 286 0. 140.5
50.20 14 WP_MOVED 1 497586.6875 3565500. 770.
50.22 14 RAD_OF_IR 8 0 0.00211
50.23 14 VN100_STATUS 33.330002 33.330002 33.330002
50.29 14 IR_SENSORS -884 9 1
50.38 14 COMMANDS 0,-9600,9600,-9600
50.40 14 NAVIGATION 0 1 0 0 286 0. 140.5
50.42 14 ATTITUDE 1 0 -31
50.44 14 GYRO_RATES -183 -117 -186 1.596976 -1.021018 1.623156
50.46 14 VN100_STATUS 33.330002 33.330002 33.330002
50.46 14 FBW_STATUS 2 1 114
50.48 14 DOWNLINK_STATUS 50 17332 1220 0 352. 25.
50.49 14 ESTIMATOR 0. 0. 0. 0. 0.
50.51 14 BAT 0 114 0 0 57 0 0
50.59 14 CALIBRATION 0. 0.02 0.5 0
50.61 14 NAVIGATION 0 1 0 0 286 0. 140.5
50.67 14 WP_MOVED 2 497622.6875 3565498.5 770.
50.68 14 SERVO 9600 -9600 0
50.70 14 VN100_STATUS 33.330002 33.330002 33.330002
50.77 14 DESIRED 0. 0. 0. 0. 761. 0.
50.79 14 IR_DEBUG 639 626 639 626
50.84 14 NAVIGATION 0 1 0 0 286 0. 140.5
50.86 14 ATTITUDE 1 0 -31
50.92 14 VN100_STATUS 33.330002 33.330002 33.330002
50.96 14 ESTIMATOR 0. 0. 0. 0. 0.
51.03 14 DL_VALUE 25 20000.
51.08 14 NAVIGATION 0 1 0 0 286 0. 140.5
51.14 14 WP_MOVED 3 497546.40625 3565495.5 770.
51.15 14 RAD_OF_IR 9 0 0.00211
51.17 14 VN100_STATUS 33.330002 33.330002 33.330002
51.23 14 IR_SENSORS -886 8 1
51.30 14 COMMANDS 0,-9600,9600,-9600
51.33 14 NAVIGATION 0 1 0 0 286 0. 140.5
51.35 14 ATTITUDE 1 0 -31
51.38 14 GYRO_RATES -183 -118 -186 1.596976 -1.029744 1.623156
51.40 14 VN100_STATUS 33.330002 33.330002 33.330002
51.41 14 FBW_STATUS 2 1 114
51.43 14 ESTIMATOR 0. 0. 0. 0. 0.
51.48 14 DOWNLINK_STATUS 51 17706 1246 0 374. 26.
51.55 14 NAVIGATION 0 1 0 0 286 0. 140.5
51.61 14 WP_MOVED 4 497575. 3565498. 0.
51.63 14 VN100_STATUS 33.330002 33.330002 33.330002
51.71 14 DESIRED 0. 0. 0. 0. 761. 0.
51.78 14 NAVIGATION 0 1 0 0 286 0. 140.5
51.79 14 ATTITUDE 1 0 -31
51.85 14 VN100_STATUS 33.330002 33.330002 33.330002
51.89 14 ESTIMATOR 0. 0. 0. 0. 0.
51.98 14 DL_VALUE 26 20000.
52.02 14 NAVIGATION 0 1 0 0 286 0. 140.5
52.08 14 WP_MOVED 0 497617. 3565540. 770.
52.12 14 RAD_OF_IR 9 0 0.00211
52.12 14 VN100_STATUS 33.330002 33.330002 33.330002
52.16 14 IR_SENSORS -884 7 1
52.24 14 COMMANDS 0,-9600,9600,-9600
52.27 14 NAVIGATION 0 1 0 0 286 0. 140.5
52.28 14 ATTITUDE 1 0 -31
52.31 14 GYRO_RATES -182 -116 -185 1.58825 -1.012291 1.61443
52.33 14 VN100_STATUS 33.330002 33.330002 33.330002
52.34 14 FBW_STATUS 2 1 114
52.36 14 ESTIMATOR 0. 0. 0. 0. 0.
52.38 14 BAT 0 114 0 0 59 0 0
52.43 14 ACTUATORS 1500,1000,0,1200,1000
52.45 14 CALIBRATION 0. 0.02 0.5 0
52.48 14 DOWNLINK_STATUS 52 18053 1270 0 347. 24.
52.49 14 NAVIGATION 0 1 0 0 286 0. 140.5
52.56 14 WP_MOVED 1 497586.6875 3565500. 770.
52.56 14 SERVO 9600 -9600 0
52.57 14 VN100_STATUS 33.330002 33.330002 33.330002
52.65 14 DESIRED 0. 0. 0. 0. 761. 0.
52.67 14 IR_DEBUG 637 625 637 625
52.72 14 NAVIGATION 0 1 0 0 286 0. 140.5
52.73 14 ATTITUDE 1 0 -31
52.75 14 PPRZ_MODE 2 0 3 0 0 6 0
52.79 14 VN100_STATUS 33.330002 33.330002 33.330002
52.83 14 ESTIMATOR 0. 0. 0. 0. 0.
52.91 14 DL_VALUE 27 0.75
52.95 14 NAVIGATION 0 1 0 0 286 0. 140.5
53.01 14 WP_MOVED 2 497622.6875 3565498.5 770.
53.03 14 RAD_OF_IR 8 0 0.00211
53.06 14 VN100_STATUS 33.330002 33.330002 33.330002
53.10 14 IR_SENSORS -884 9 1
53.18 14 COMMANDS 0,-9600,9600,-9600
53.20 14 NAVIGATION 0 1 0 0 286 0. 140.5
53.22 14 ATTITUDE 1 0 -31
53.25 14 GYRO_RATES -183 -117 -186 1.596976 -1.021018 1.623156
53.26 14 VN100_STATUS 33.330002 33.330002 33.330002
53.27 14 FBW_STATUS 2 1 114
53.30 14 ESTIMATOR 0. 0. 0. 0. 0.
53.42 14 NAVIGATION 0 1 0 0 286 0. 140.5
53.48 14 WP_MOVED 3 497546.40625 3565495.5 770.
53.48 14 DOWNLINK_STATUS 53 18418 1296 0 365. 26.
53.50 14 VN100_STATUS 33.330002 33.330002 33.330002
53.59 14 DESIRED 0. 0. 0. 0. 761. 0.
53.65 14 NAVIGATION 0 1 0 0 286 0. 140.5
53.67 14 ATTITUDE 1 0 -31
53.73 14 VN100_STATUS 33.330002 33.330002 33.330002
53.77 14 ESTIMATOR 0. 0. 0. 0. 0.
53.85 14 DL_VALUE 28 10000.
53.89 14 NAVIGATION 0 1 0 0 286 0. 140.5
53.95 14 WP_MOVED 4 497575. 3565498. 0.
53.99 14 RAD_OF_IR 7 0 0.00211
54.00 14 VN100_STATUS 33.330002 33.330002 33.330002
54.05 14 IR_SENSORS -885 9 1
54.11 14 COMMANDS 0,-9600,9600,-9600
54.15 14 NAVIGATION 0 1 0 0 286 0. 140.5
54.16 14 ATTITUDE 1 0 -31
54.18 14 GYRO_RATES -184 -118 -187 1.605703 -1.029744 1.631883
54.20 14 VN100_STATUS 33.330002 33.330002 33.330002
54.21 14 FBW_STATUS 2 1 114
54.24 14 ESTIMATOR 0. 0. 0. 0. 0.
54.25 14 BAT 0 114 0 0 61 1 0
54.33 14 CALIBRATION 0. 0.02 0.5 0
54.36 14 NAVIGATION 0 1 0 0 286 0. 140.5
54.42 14 WP_MOVED 0 497617. 3565540. 770.
54.43 14 SERVO 9600 -9600 0
54.45 14 VN100_STATUS 33.330002 33.330002 33.330002
54.48 14 DOWNLINK_STATUS 54 18774 1321 0 356. 25.
54.52 14 DESIRED 0. 0. 0. 0. 761. 0.
54.54 14 IR_DEBUG 639 628 639 628
54.59 14 NAVIGATION 0 1 0 0 286 0. 140.5
54.63 14 ATTITUDE 1 0 -31
54.67 14 VN100_STATUS 33.330002 33.330002 33.330002
54.71 14 ESTIMATOR 0. 0. 0. 0. 0.
54.79 14 DL_VALUE 29 10000.
54.83 14 NAVIGATION 0 1 0 0 286 0. 140.5
54.89 14 WP_MOVED 1 497586.6875 3565500. 770.
54.91 14 RAD_OF_IR 9 0 0.00211
54.92 14 VN100_STATUS 33.330002 33.330002 33.330002
54.97 14 IR_SENSORS -886 7 1
55.05 14 COMMANDS 0,-9600,9600,-9600
55.08 14 NAVIGATION 0 1 0 0 286 0. 140.5
55.09 14 ATTITUDE 1 0 -31
55.12 14 GYRO_RATES -183 -117 -186 1.596976 -1.021018 1.623156
55.14 14 VN100_STATUS 33.330002 33.330002 33.330002
55.15 14 FBW_STATUS 2 1 114
55.19 14 ESTIMATOR 0. 0. 0. 0. 0.
55.30 14 NAVIGATION 0 1 0 0 286 0. 140.5
55.36 14 WP_MOVED 2 497622.6875 3565498.5 770.
55.37 14 VN100_STATUS 33.330002 33.330002 33.330002
55.46 14 DESIRED 0. 0. 0. 0. 761. 0.
55.48 14 DOWNLINK_STATUS 55 19115 1344 0 341. 23.
55.53 14 NAVIGATION 0 1 0 0 286 0. 140.5
55.55 14 ATTITUDE 1 0 -31
55.61 14 VN100_STATUS 33.330002 33.330002 33.330002
55.65 14 ESTIMATOR 0. 0. 0. 0. 0.
55.72 14 DL_VALUE 30 0.3
55.77 14 NAVIGATION 0 1 0 0 286 0. 140.5
55.83 14 WP_MOVED 3 497546.40625 3565495.5 770.
55.84 14 RAD_OF_IR 9 0 0.00211
55.85 14 NAVIGATION_REF 497575 3565498 12
55.87 14 VN100_STATUS 33.330002 33.330002 33.330002
