IMU_MAG 37 171 201
IMU_GYRO 0.005725 -0.191489 0.044605
IMU_ACCEL -16.000000 12.000000 267.000000
IMU_MAG 37 171 201
IMU_GYRO 0.015192 -0.167204 0.079531
IMU_ACCEL -5.000000 19.000000 268.000000
IMU_MAG 37 171 201
IMU_GYRO 0.035449 -0.109392 0.109408
IMU_ACCEL 0.000000 18.000000 267.000000
IMU_MAG 37 176 201
IMU_GYRO 0.040953 -0.050505 0.127713
IMU_ACCEL -5.000000 17.000000 273.000000
IMU_MAG 37 176 201
IMU_GYRO 0.063631 0.004513 0.132762
IMU_ACCEL -9.000000 20.000000 278.000000
IMU_MAG 39 176 201
IMU_GYRO 0.030825 0.021277 0.134025
IMU_ACCEL -19.000000 21.000000 275.000000
IMU_MAG 39 181 201
IMU_GYRO 0.024440 0.069203 0.132973
IMU_ACCEL -30.000000 20.000000 270.000000
IMU_MAG 39 181 202
IMU_GYRO 0.031265 0.050075 0.115510
IMU_ACCEL -40.000000 13.000000 266.000000
IMU_MAG 40 181 202
IMU_GYRO 0.024660 -0.002579 0.128344
IMU_ACCEL -46.000000 0.000000 265.000000
IMU_MAG 40 175 202
IMU_GYRO 0.052843 -0.048786 0.126030
IMU_ACCEL -49.000000 -8.000000 267.000000
IMU_MAG 40 175 202
IMU_GYRO 0.071998 -0.071567 0.138233
IMU_ACCEL -35.000000 -4.000000 268.000000
IMU_MAG 39 175 202
IMU_GYRO 0.102383 -0.040189 0.148963
IMU_ACCEL -14.000000 8.000000 267.000000
IMU_MAG 39 181 202
IMU_GYRO 0.100181 0.006233 0.144545
IMU_ACCEL -2.000000 17.000000 264.000000
IMU_MAG 39 181 204
IMU_GYRO 0.065173 0.054588 0.138022
IMU_ACCEL -12.000000 22.000000 259.000000
IMU_MAG 40 181 204
IMU_GYRO 0.025100 0.051365 0.136339
IMU_ACCEL -23.000000 22.000000 259.000000
IMU_MAG 40 182 204
IMU_GYRO 0.082567 0.087900 0.146438
IMU_ACCEL -26.000000 13.000000 250.000000
IMU_MAG 40 182 203
IMU_GYRO 0.385752 0.100580 -0.009258
IMU_ACCEL -49.000000 8.000000 245.000000
IMU_MAG 38 182 203
IMU_GYRO 0.516317 0.181603 -0.121822
IMU_ACCEL -24.000000 27.000000 266.000000
IMU_MAG 38 181 203
IMU_GYRO 0.377385 0.107887 -0.134235
IMU_ACCEL -24.000000 34.000000 261.000000
IMU_MAG 38 181 202
IMU_GYRO 0.198821 0.103589 -0.085212
IMU_ACCEL -27.000000 27.000000 244.000000
IMU_MAG 32 181 202
IMU_GYRO 0.035449 0.059317 -0.031981
IMU_ACCEL -12.000000 20.000000 253.000000
IMU_MAG 32 188 202
IMU_GYRO -0.054384 0.081883 0.012624
IMU_ACCEL -15.000000 14.000000 249.000000
IMU_MAG 32 188 204
IMU_GYRO -0.108107 0.059102 0.058070
IMU_ACCEL -20.000000 8.000000 240.000000
IMU_MAG 33 188 204
IMU_GYRO -0.153904 0.020417 0.103096
IMU_ACCEL -26.000000 1.000000 241.000000
IMU_MAG 33 187 204
IMU_GYRO -0.191555 0.037610 0.135498
IMU_ACCEL -21.000000 10.000000 242.000000
IMU_MAG 33 187 204
IMU_GYRO -0.200142 0.013969 0.149805
IMU_ACCEL -18.000000 25.000000 247.000000
IMU_MAG 31 187 204
IMU_GYRO -0.229866 0.038900 0.150436
IMU_ACCEL -11.000000 33.000000 243.000000
IMU_MAG 31 178 204
IMU_GYRO -0.219297 0.015259 0.140758
IMU_ACCEL -16.000000 28.000000 239.000000
IMU_MAG 31 178 208
IMU_GYRO -0.172179 0.021277 0.125398
IMU_ACCEL -18.000000 15.000000 240.000000
IMU_MAG 31 178 208
IMU_GYRO -0.105465 0.021062 0.093628
IMU_ACCEL -25.000000 4.000000 246.000000
IMU_MAG 31 183 208
IMU_GYRO -0.035008 0.042338 0.071957
IMU_ACCEL -25.000000 0.000000 249.000000
IMU_MAG 31 183 208
IMU_GYRO 0.006385 0.039544 0.058070
IMU_ACCEL -30.000000 5.000000 250.000000
IMU_MAG 32 183 208
IMU_GYRO -0.026862 0.069418 0.042922
IMU_ACCEL -34.000000 14.000000 251.000000
IMU_MAG 32 181 208
IMU_GYRO -0.099520 0.076080 0.029035
IMU_ACCEL -31.000000 24.000000 250.000000
IMU_MAG 32 181 209
IMU_GYRO -0.244177 0.122072 0.031350
IMU_ACCEL -17.000000 29.000000 246.000000
IMU_MAG 27 181 209
IMU_GYRO -0.403146 0.157533 0.023144
IMU_ACCEL -6.000000 31.000000 242.000000
IMU_MAG 27 174 209
IMU_GYRO -0.547142 0.182033 0.019778
IMU_ACCEL -13.000000 30.000000 240.000000
IMU_MAG 27 174 213
IMU_GYRO -0.672424 0.180744 0.014097
IMU_ACCEL -22.000000 20.000000 243.000000
IMU_MAG 25 174 213
IMU_GYRO -0.768862 0.125296 0.008416
IMU_ACCEL -34.000000 1.000000 245.000000
IMU_MAG 25 170 213
IMU_GYRO -0.842621 0.067698 -0.013676
IMU_ACCEL -39.000000 -11.000000 243.000000
IMU_MAG 25 170 219
IMU_GYRO -0.915280 -0.016548 -0.030298
IMU_ACCEL -40.000000 -12.000000 248.000000
IMU_MAG 26 170 219
IMU_GYRO -0.999168 -0.104019 -0.056387
IMU_ACCEL -37.000000 -3.000000 252.000000
IMU_MAG 26 156 219
IMU_GYRO -1.093844 -0.139910 -0.088158
IMU_ACCEL -25.000000 2.000000 256.000000
IMU_MAG 26 156 225
IMU_GYRO -1.214942 -0.166989 -0.090893
IMU_ACCEL -15.000000 -1.000000 255.000000
IMU_MAG 25 156 225
IMU_GYRO -1.295527 -0.169783 -0.092366
IMU_ACCEL -11.000000 -8.000000 250.000000
IMU_MAG 25 133 225
IMU_GYRO -1.364883 -0.184397 -0.103727
IMU_ACCEL -19.000000 -19.000000 247.000000
IMU_MAG 25 133 235
IMU_GYRO -1.415304 -0.199656 -0.126871
IMU_ACCEL -31.000000 -33.000000 247.000000
IMU_MAG 27 133 235
IMU_GYRO -1.409359 -0.250591 -0.145807
IMU_ACCEL -37.000000 -42.000000 255.000000
IMU_MAG 27 119 235
IMU_GYRO -1.297289 -0.300666 -0.184731
IMU_ACCEL -30.000000 -37.000000 265.000000
IMU_MAG 27 119 241
IMU_GYRO -1.139201 -0.321513 -0.216502
IMU_ACCEL -23.000000 -29.000000 267.000000
IMU_MAG 32 119 241
IMU_GYRO -0.981553 -0.334193 -0.264683
IMU_ACCEL -14.000000 -31.000000 258.000000
IMU_MAG 32 100 241
IMU_GYRO -1.085698 -0.315495 -0.238173
IMU_ACCEL -14.000000 -35.000000 244.000000
IMU_MAG 32 100 245
IMU_GYRO -1.165622 -0.306684 -0.204088
IMU_ACCEL -11.000000 -54.000000 247.000000
IMU_MAG 33 100 245
IMU_GYRO -1.195346 -0.290350 -0.168110
IMU_ACCEL -19.000000 -66.000000 246.000000
IMU_MAG 33 80 245
IMU_GYRO -1.197328 -0.272083 -0.138022
IMU_ACCEL -27.000000 -76.000000 248.000000
IMU_MAG 33 80 249
IMU_GYRO -1.154173 -0.279390 -0.130658
IMU_ACCEL -25.000000 -71.000000 253.000000
IMU_MAG 36 80 249
IMU_GYRO -1.123568 -0.280249 -0.109618
IMU_ACCEL -21.000000 -64.000000 247.000000
IMU_MAG 36 69 249
IMU_GYRO -1.038139 -0.279819 -0.107935
IMU_ACCEL -15.000000 -65.000000 245.000000
IMU_MAG 36 69 252
IMU_GYRO -0.828089 -0.277670 -0.104779
IMU_ACCEL -16.000000 -77.000000 243.000000
IMU_MAG 43 69 252
IMU_GYRO -0.591618 -0.268429 -0.078690
IMU_ACCEL -13.000000 -84.000000 240.000000
IMU_MAG 43 53 252
IMU_GYRO -0.385532 -0.245433 -0.103517
IMU_ACCEL -13.000000 -91.000000 240.000000
IMU_MAG 43 53 252
IMU_GYRO -0.117135 -0.225016 -0.089420
IMU_ACCEL -16.000000 -94.000000 244.000000
IMU_MAG 41 53 252
IMU_GYRO 0.098860 -0.185687 -0.098257
IMU_ACCEL -18.000000 -97.000000 243.000000
IMU_MAG 41 53 252
IMU_GYRO 0.282048 -0.137116 -0.100571
IMU_ACCEL -15.000000 -95.000000 244.000000
IMU_MAG 41 53 253
IMU_GYRO 0.479548 -0.077369 -0.104569
IMU_ACCEL -12.000000 -91.000000 243.000000
IMU_MAG 42 53 253
IMU_GYRO 0.668901 0.013325 -0.107935
IMU_ACCEL -6.000000 -87.000000 243.000000
IMU_MAG 42 68 253
IMU_GYRO 0.838878 0.082527 -0.106252
IMU_ACCEL -8.000000 -82.000000 241.000000
IMU_MAG 42 68 252
IMU_GYRO 0.997847 0.135182 -0.100571
IMU_ACCEL -15.000000 -80.000000 239.000000
IMU_MAG 40 68 252
IMU_GYRO 1.162320 0.154094 -0.099730
IMU_ACCEL -17.000000 -76.000000 244.000000
IMU_MAG 40 81 252
IMU_GYRO 1.291784 0.176445 -0.070694
IMU_ACCEL -17.000000 -73.000000 246.000000
IMU_MAG 40 81 250
IMU_GYRO 1.419047 0.197507 -0.073640
IMU_ACCEL -18.000000 -73.000000 247.000000
IMU_MAG 32 81 250
IMU_GYRO 1.560401 0.182463 -0.052810
IMU_ACCEL -21.000000 -63.000000 248.000000
IMU_MAG 32 104 250
IMU_GYRO 1.652656 0.202235 -0.023775
IMU_ACCEL -14.000000 -51.000000 253.000000
IMU_MAG 32 104 243
IMU_GYRO 1.743590 0.211047 0.011782
IMU_ACCEL -5.000000 -38.000000 255.000000
IMU_MAG 26 104 243
IMU_GYRO 1.823294 0.243069 0.032822
IMU_ACCEL -4.000000 -35.000000 255.000000
IMU_MAG 26 138 243
IMU_GYRO 1.914668 0.293789 0.067749
IMU_ACCEL -10.000000 -35.000000 250.000000
IMU_MAG 26 138 233
IMU_GYRO 2.024757 0.307544 0.103938
IMU_ACCEL -18.000000 -26.000000 246.000000
IMU_MAG 21 138 233
IMU_GYRO 2.063068 0.306684 0.118876
IMU_ACCEL -22.000000 -10.000000 252.000000
IMU_MAG 21 165 233
IMU_GYRO 2.080682 0.315066 0.150436
IMU_ACCEL -19.000000 4.000000 256.000000
IMU_MAG 21 165 220
IMU_GYRO 2.063288 0.290135 0.163691
IMU_ACCEL -20.000000 17.000000 248.000000
IMU_MAG 13 165 220
IMU_GYRO 2.030922 0.289706 0.171476
IMU_ACCEL -21.000000 28.000000 241.000000
IMU_MAG 13 196 220
IMU_GYRO 2.016390 0.247797 0.211031
IMU_ACCEL -28.000000 30.000000 238.000000
IMU_MAG 13 196 206
IMU_GYRO 2.025638 0.226950 0.225549
IMU_ACCEL -28.000000 23.000000 240.000000
IMU_MAG 11 196 206
IMU_GYRO 2.118993 0.181818 0.236490
IMU_ACCEL -26.000000 23.000000 240.000000
IMU_MAG 11 230 206
IMU_GYRO 2.158185 0.147002 0.277938
IMU_ACCEL -30.000000 30.000000 235.000000
IMU_MAG 11 230 183
IMU_GYRO 2.174037 0.087900 0.298768
IMU_ACCEL -32.000000 46.000000 233.000000
IMU_MAG 11 230 183
IMU_GYRO 2.081783 0.063185 0.286986
IMU_ACCEL -28.000000 70.000000 235.000000
IMU_MAG 11 249 183
IMU_GYRO 1.876797 0.030303 0.288038
IMU_ACCEL -26.000000 89.000000 235.000000
IMU_MAG 11 249 162
IMU_GYRO 1.610382 0.039544 0.266366
IMU_ACCEL -19.000000 107.000000 236.000000
IMU_MAG 10 249 162
IMU_GYRO 1.320628 0.040834 0.227022
IMU_ACCEL -10.000000 111.000000 236.000000
IMU_MAG 10 270 162
IMU_GYRO 1.036598 0.087685 0.195462
IMU_ACCEL 1.000000 109.000000 231.000000
IMU_MAG 10 270 151
IMU_GYRO 0.714257 0.086826 0.166637
IMU_ACCEL -12.000000 97.000000 226.000000
IMU_MAG 12 270 151
IMU_GYRO 0.402485 0.070277 0.160114
IMU_ACCEL -25.000000 91.000000 226.000000
IMU_MAG 12 277 151
IMU_GYRO 0.059228 0.018268 0.138022
IMU_ACCEL -27.000000 97.000000 227.000000
IMU_MAG 12 277 144
IMU_GYRO -0.340395 -0.058242 0.136339
IMU_ACCEL -28.000000 100.000000 228.000000
IMU_MAG 15 277 144
IMU_GYRO -0.757853 -0.128949 0.112143
IMU_ACCEL -25.000000 106.000000 229.000000
IMU_MAG 15 267 144
IMU_GYRO -1.151311 -0.163980 0.090051
IMU_ACCEL -17.000000 107.000000 225.000000
IMU_MAG 15 267 158
IMU_GYRO -1.536622 -0.190630 0.060806
IMU_ACCEL -9.000000 106.000000 220.000000
IMU_MAG 17 267 158
IMU_GYRO -1.875476 -0.214055 0.029456
IMU_ACCEL -9.000000 98.000000 224.000000
IMU_MAG 17 251 158
IMU_GYRO -2.123837 -0.206748 0.006522
IMU_ACCEL -12.000000 78.000000 230.000000
IMU_MAG 17 251 181
IMU_GYRO -2.267613 -0.221148 -0.046288
IMU_ACCEL -22.000000 49.000000 235.000000
IMU_MAG 22 251 181
IMU_GYRO -2.377482 -0.264346 -0.088368
IMU_ACCEL -33.000000 31.000000 241.000000
IMU_MAG 22 226 181
IMU_GYRO -2.451902 -0.351601 -0.127923
IMU_ACCEL -27.000000 39.000000 246.000000
IMU_MAG 22 226 200
IMU_GYRO -2.563753 -0.398882 -0.135498
IMU_ACCEL -11.000000 51.000000 248.000000
IMU_MAG 27 226 200
IMU_GYRO -2.692997 -0.455405 -0.157800
IMU_ACCEL -5.000000 47.000000 246.000000
IMU_MAG 27 182 200
IMU_GYRO -2.763014 -0.469804 -0.152330
IMU_ACCEL -7.000000 29.000000 247.000000
IMU_MAG 27 182 225
IMU_GYRO -2.747601 -0.473243 -0.163060
IMU_ACCEL -13.000000 2.000000 252.000000
IMU_MAG 32 182 225
IMU_GYRO -2.691676 -0.464432 -0.175263
IMU_ACCEL -22.000000 -23.000000 255.000000
IMU_MAG 32 148 225
IMU_GYRO -2.604926 -0.483774 -0.166426
IMU_ACCEL -25.000000 -36.000000 254.000000
IMU_MAG 32 148 242
IMU_GYRO -2.542615 -0.506125 -0.160956
IMU_ACCEL -22.000000 -35.000000 250.000000
IMU_MAG 43 148 242
IMU_GYRO -2.504965 -0.498603 -0.167058
IMU_ACCEL -11.000000 -34.000000 246.000000
IMU_MAG 43 109 242
IMU_GYRO -2.476562 -0.515366 -0.136970
IMU_ACCEL 1.000000 -34.000000 242.000000
IMU_MAG 43 109 250
IMU_GYRO -2.462691 -0.516011 -0.097415
IMU_ACCEL 8.000000 -50.000000 241.000000
IMU_MAG 51 109 250
IMU_GYRO -2.406545 -0.538577 -0.072378
IMU_ACCEL 10.000000 -66.000000 240.000000
IMU_MAG 51 66 250
IMU_GYRO -2.329703 -0.574038 -0.084160
IMU_ACCEL 4.000000 -77.000000 243.000000
IMU_MAG 51 66 257
IMU_GYRO -2.205523 -0.603697 -0.094680
IMU_ACCEL -4.000000 -88.000000 245.000000
IMU_MAG 60 66 257
IMU_GYRO -2.038848 -0.647754 -0.122242
IMU_ACCEL -8.000000 -99.000000 248.000000
IMU_MAG 60 37 257
IMU_GYRO -1.838486 -0.656995 -0.176736
IMU_ACCEL -4.000000 -105.000000 249.000000
IMU_MAG 60 37 256
IMU_GYRO -1.555998 -0.605201 -0.214818
IMU_ACCEL 3.000000 -114.000000 246.000000
IMU_MAG 72 37 256
IMU_GYRO -1.209878 -0.504836 -0.247220
IMU_ACCEL 18.000000 -120.000000 245.000000
IMU_MAG 72 15 256
IMU_GYRO -0.859134 -0.348592 -0.273730
IMU_ACCEL 33.000000 -121.000000 245.000000
IMU_MAG 72 15 255
IMU_GYRO -0.458851 -0.220718 -0.304870
IMU_ACCEL 36.000000 -125.000000 243.000000
IMU_MAG 76 15 255
IMU_GYRO -0.037430 -0.071567 -0.329276
IMU_ACCEL 23.000000 -130.000000 239.000000
IMU_MAG 76 6 255
IMU_GYRO 0.343698 -0.001075 -0.325068
IMU_ACCEL 2.000000 -139.000000 238.000000
IMU_MAG 76 6 256
IMU_GYRO 0.694882 0.066194 -0.311813
IMU_ACCEL -5.000000 -139.000000 236.000000
IMU_MAG 73 6 256
IMU_GYRO 1.041442 0.104449 -0.299189
IMU_ACCEL 5.000000 -126.000000 235.000000
IMU_MAG 73 27 256
IMU_GYRO 1.279234 0.167419 -0.269522
IMU_ACCEL 25.000000 -115.000000 240.000000
IMU_MAG 73 27 257
IMU_GYRO 1.548292 0.259403 -0.246378
IMU_ACCEL 37.000000 -110.000000 242.000000
IMU_MAG 69 27 257
IMU_GYRO 1.815368 0.320438 -0.208717
IMU_ACCEL 34.000000 -106.000000 237.000000
IMU_MAG 69 -5697 257
IMU_GYRO 2.001418 0.334408 -0.171266
IMU_MAG 69 -5697 254
IMU_GYRO 2.217633 0.301096 -0.139285
IMU_ACCEL 9.000000 -90.000000 230.000000
IMU_MAG 60 -5697 254
IMU_GYRO 2.325960 0.192134 -0.071957
IMU_ACCEL -4.000000 -80.000000 236.000000
IMU_MAG 60 89 254
IMU_GYRO 2.382326 0.068128 -0.022723
IMU_ACCEL -11.000000 -69.000000 238.000000
IMU_MAG 60 89 249
IMU_GYRO 2.373299 -0.002364 0.032191
IMU_ACCEL -2.000000 -51.000000 239.000000
IMU_MAG 56 89 249
IMU_GYRO 2.357005 -0.045777 0.057229
IMU_ACCEL 23.000000 -34.000000 245.000000
IMU_MAG 56 130 249
IMU_GYRO 2.362070 -0.009241 0.087106
IMU_ACCEL 44.000000 -22.000000 245.000000
IMU_MAG 56 130 237
IMU_GYRO 2.407426 0.054588 0.093628
IMU_ACCEL 33.000000 -26.000000 241.000000
IMU_MAG 57 130 237
IMU_GYRO 2.451462 0.115194 0.063541
IMU_ACCEL 10.000000 -25.000000 238.000000
IMU_MAG 57 164 237
IMU_GYRO 2.467314 0.133462 0.025669
IMU_ACCEL -6.000000 -22.000000 246.000000
IMU_MAG 57 164 219
IMU_GYRO 2.459168 0.125725 0.004839
IMU_ACCEL -3.000000 -6.000000 251.000000
IMU_MAG 50 164 219
IMU_GYRO 2.443095 0.127874 -0.041238
IMU_ACCEL 4.000000 19.000000 247.000000
IMU_MAG 50 198 219
IMU_GYRO 2.376161 0.178165 -0.053862
IMU_ACCEL 17.000000 40.000000 250.000000
IMU_MAG 50 198 202
IMU_GYRO 2.321557 0.250806 -0.101413
IMU_ACCEL 33.000000 53.000000 254.000000
IMU_MAG 45 198 202
IMU_GYRO 2.329703 0.340211 -0.148122
IMU_ACCEL 28.000000 54.000000 251.000000
IMU_MAG 45 235 202
IMU_GYRO 2.347758 0.411992 -0.189360
IMU_ACCEL 11.000000 54.000000 246.000000
IMU_MAG 45 235 178
IMU_GYRO 2.323538 0.421449 -0.238804
IMU_ACCEL -13.000000 57.000000 248.000000
IMU_MAG 37 235 178
IMU_GYRO 2.231724 0.490866 -0.288458
IMU_ACCEL -17.000000 81.000000 246.000000
IMU_MAG 37 260 178
IMU_GYRO 2.132204 0.481195 -0.334326
IMU_ACCEL -22.000000 94.000000 252.000000
IMU_MAG 37 260 152
IMU_GYRO 2.062187 0.521169 -0.355155
IMU_ACCEL -9.000000 112.000000 247.000000
IMU_MAG 23 260 152
IMU_GYRO 1.997014 0.580701 -0.331590
IMU_ACCEL 2.000000 113.000000 239.000000
IMU_MAG 23 282 152
IMU_GYRO 1.919071 0.650333 -0.316231
IMU_ACCEL 6.000000 111.000000 234.000000
IMU_MAG 23 282 132
IMU_GYRO 1.792249 0.680206 -0.285723
IMU_ACCEL 7.000000 109.000000 228.000000
IMU_MAG 13 282 132
IMU_GYRO 1.535521 0.672899 -0.276045
IMU_ACCEL -1.000000 114.000000 214.000000
IMU_MAG 13 303 132
IMU_GYRO 1.230795 0.570385 -0.216922
IMU_ACCEL -23.000000 123.000000 214.000000
IMU_MAG 13 303 110
IMU_GYRO 0.862217 0.409198 -0.145597
IMU_ACCEL -28.000000 141.000000 211.000000
IMU_MAG 7 303 110
IMU_GYRO 0.384651 0.183537 -0.077006
IMU_ACCEL -24.000000 155.000000 201.000000
IMU_MAG 7 306 110
IMU_GYRO -0.105906 -0.002794 -0.005891
IMU_ACCEL -16.000000 153.000000 196.000000
IMU_MAG 7 306 108
IMU_GYRO -0.603288 -0.106813 0.030087
IMU_ACCEL -20.000000 140.000000 201.000000
IMU_MAG 7 306 108
IMU_GYRO -1.056854 -0.163765 0.032612
IMU_ACCEL -19.000000 126.000000 205.000000
IMU_MAG 7 301 108
IMU_GYRO -1.481358 -0.210187 0.048813
IMU_ACCEL -14.000000 116.000000 206.000000
IMU_MAG 7 301 129
IMU_GYRO -1.898595 -0.216205 0.054073
IMU_ACCEL -10.000000 112.000000 207.000000
IMU_MAG 11 301 129
IMU_GYRO -2.295135 -0.241779 0.061437
IMU_ACCEL -7.000000 118.000000 213.000000
IMU_MAG 11 281 129
IMU_GYRO -2.603164 -0.266280 0.070063
IMU_ACCEL -1.000000 115.000000 222.000000
IMU_MAG 11 281 155
IMU_GYRO -2.860332 -0.283473 0.063330
IMU_ACCEL -6.000000 98.000000 232.000000
IMU_MAG 17 281 155
IMU_GYRO -3.030090 -0.298732 0.046078
IMU_ACCEL -15.000000 73.000000 244.000000
IMU_MAG 17 243 155
IMU_GYRO -3.125206 -0.289061 0.044815
IMU_ACCEL -16.000000 55.000000 253.000000
IMU_MAG 17 243 190
IMU_GYRO -3.157352 -0.286912 0.052600
IMU_ACCEL -16.000000 38.000000 256.000000
IMU_MAG 22 243 190
IMU_GYRO -3.168141 -0.301526 0.050917
IMU_ACCEL -7.000000 28.000000 254.000000
IMU_MAG 22 203 190
IMU_GYRO -3.186636 -0.259403 0.035978
IMU_ACCEL 4.000000 22.000000 251.000000
IMU_MAG 22 203 221
IMU_GYRO -3.168141 -0.219428 0.029877
IMU_ACCEL 8.000000 15.000000 251.000000
IMU_MAG 29 203 221
IMU_GYRO -3.108032 -0.270148 0.014097
IMU_ACCEL 1.000000 0.000000 252.000000
IMU_MAG 29 161 221
IMU_GYRO -3.044842 -0.340426 0.011572
IMU_ACCEL -14.000000 -20.000000 258.000000
IMU_MAG 29 161 238
IMU_GYRO -2.951046 -0.441865 0.017042
IMU_ACCEL -25.000000 -41.000000 261.000000
IMU_MAG 37 161 238
IMU_GYRO -2.900625 -0.496669 0.041870
IMU_ACCEL -17.000000 -54.000000 259.000000
IMU_MAG 37 107 238
IMU_GYRO -2.871782 -0.506770 0.060385
IMU_ACCEL 8.000000 -52.000000 255.000000
IMU_MAG 37 107 252
IMU_GYRO -2.847122 -0.436493 0.069432
IMU_ACCEL 27.000000 -51.000000 248.000000
IMU_MAG 45 107 252
IMU_GYRO -2.809471 -0.358908 0.073640
IMU_ACCEL 28.000000 -57.000000 241.000000
IMU_MAG 45 66 252
IMU_GYRO -2.669878 -0.280034 0.060595
IMU_ACCEL 13.000000 -78.000000 239.000000
IMU_MAG 45 66 260
IMU_GYRO -2.493956 -0.203954 0.057439
IMU_ACCEL -1.000000 -97.000000 239.000000
IMU_MAG 52 66 260
IMU_GYRO -2.269815 -0.117129 0.027983
IMU_ACCEL -9.000000 -111.000000 238.000000
IMU_MAG 52 31 260
IMU_GYRO -2.041931 -0.035891 0.002946
IMU_ACCEL -10.000000 -114.000000 236.000000
IMU_MAG 52 31 261
IMU_GYRO -1.799515 0.069847 0.013676
IMU_ACCEL 4.000000 -116.000000 232.000000
IMU_MAG 51 31 261
IMU_GYRO -1.512182 0.202235 -0.019778
IMU_ACCEL 15.000000 -112.000000 227.000000
IMU_MAG 51 -3 261
IMU_GYRO -1.216263 0.302171 -0.014097
IMU_ACCEL 13.000000 -119.000000 225.000000
IMU_MAG 51 -3 260
IMU_GYRO -0.849227 0.345154 -0.035768
IMU_ACCEL -3.000000 -128.000000 223.000000
IMU_MAG 44 -3 260
IMU_GYRO -0.416577 0.336342 -0.050286
IMU_ACCEL -13.000000 -142.000000 227.000000
IMU_MAG 44 -8 260
IMU_GYRO 0.027742 0.358478 -0.046288
IMU_ACCEL -7.000000 -150.000000 226.000000
IMU_MAG 44 -8 259
IMU_GYRO 0.457750 0.348807 -0.028614
IMU_ACCEL 12.000000 -145.000000 227.000000
IMU_MAG 40 -8 259
IMU_GYRO 0.858254 0.297872 -0.036399
IMU_ACCEL 20.000000 -128.000000 227.000000
IMU_MAG 40 4 259
IMU_GYRO 1.158577 0.195573 -0.030508
IMU_ACCEL 10.000000 -109.000000 220.000000
IMU_MAG 40 4 260
IMU_GYRO 1.444147 0.032022 -0.048392
IMU_ACCEL -16.000000 -107.000000 220.000000
IMU_MAG 35 4 260
IMU_GYRO 1.722673 -0.133462 -0.028825
IMU_ACCEL -36.000000 -116.000000 224.000000
IMU_MAG 35 25 260
IMU_GYRO 1.986226 -0.268859 -0.033664
IMU_ACCEL -33.000000 -128.000000 225.000000
IMU_MAG 35 25 258
IMU_GYRO 2.201339 -0.334838 -0.011993
IMU_ACCEL -13.000000 -125.000000 227.000000
IMU_MAG 37 25 258
IMU_GYRO 2.419316 -0.363421 0.003366
IMU_ACCEL 15.000000 -105.000000 239.000000
IMU_MAG 37 70 258
IMU_GYRO 2.553844 -0.343005 0.023565
IMU_ACCEL 19.000000 -86.000000 243.000000
IMU_MAG 37 70 254
IMU_GYRO 2.656888 -0.375457 0.015359
IMU_ACCEL 7.000000 -62.000000 235.000000
IMU_MAG 42 70 254
IMU_GYRO 2.703786 -0.416935 0.020198
IMU_ACCEL -8.000000 -43.000000 237.000000
IMU_MAG 42 112 254
IMU_GYRO 2.719639 -0.463357 0.030718
IMU_ACCEL -10.000000 -31.000000 246.000000
IMU_MAG 42 112 243
IMU_GYRO 2.711492 -0.439072 0.035978
IMU_ACCEL -10.000000 -35.000000 248.000000
IMU_MAG 45 112 243
IMU_GYRO 2.711272 -0.393510 0.019146
IMU_ACCEL -6.000000 -41.000000 253.000000
IMU_MAG 45 151 243
IMU_GYRO 2.729987 -0.332689 0.000842
IMU_ACCEL 3.000000 -31.000000 258.000000
IMU_MAG 45 151 226
IMU_GYRO 2.718538 -0.193853 -0.051548
IMU_ACCEL 25.000000 -4.000000 259.000000
IMU_MAG 46 151 226
IMU_GYRO 2.705987 -0.033957 -0.128765
IMU_ACCEL 32.000000 17.000000 253.000000
IMU_MAG 46 196 226
IMU_GYRO 2.695639 0.099936 -0.207454
IMU_ACCEL 18.000000 25.000000 247.000000
IMU_MAG 46 196 206
IMU_GYRO 2.674942 0.145068 -0.275414
IMU_ACCEL -10.000000 34.000000 250.000000
IMU_MAG 41 196 206
IMU_GYRO 2.659310 0.154739 -0.323806
IMU_ACCEL -15.000000 55.000000 253.000000
IMU_MAG 41 231 206
IMU_GYRO 2.620999 0.191060 -0.359363
IMU_ACCEL 1.000000 74.000000 248.000000
IMU_MAG 41 231 178
IMU_GYRO 2.571018 0.271223 -0.420379
IMU_ACCEL 21.000000 86.000000 244.000000
IMU_MAG 31 231 178
IMU_GYRO 2.487351 0.398238 -0.493178
IMU_ACCEL 26.000000 86.000000 247.000000
IMU_MAG 31 259 178
IMU_GYRO 2.425261 0.540941 -0.559664
IMU_ACCEL 15.000000 84.000000 247.000000
IMU_MAG 31 259 154
IMU_GYRO 2.353703 0.626907 -0.595642
IMU_ACCEL -7.000000 85.000000 251.000000
IMU_MAG 16 259 154
IMU_GYRO 2.303502 0.718031 -0.580073
IMU_ACCEL -19.000000 97.000000 246.000000
IMU_MAG 16 290 154
IMU_GYRO 2.185927 0.786374 -0.569763
IMU_ACCEL -22.000000 112.000000 233.000000
IMU_MAG 16 290 124
IMU_GYRO 2.048756 0.852353 -0.531050
IMU_ACCEL -18.000000 130.000000 220.000000
IMU_MAG 2 290 124
IMU_GYRO 1.869091 0.894047 -0.484551
IMU_ACCEL -8.000000 145.000000 210.000000
IMU_MAG 2 307 124
IMU_GYRO 1.683041 0.954868 -0.423114
IMU_ACCEL -13.000000 138.000000 208.000000
IMU_MAG 2 307 95
IMU_GYRO 1.465285 0.938534 -0.331170
IMU_ACCEL -26.000000 122.000000 212.000000
IMU_MAG -11 307 95
IMU_GYRO 1.194686 0.898775 -0.221341
IMU_ACCEL -33.000000 117.000000 213.000000
IMU_MAG -11 317 95
IMU_GYRO 0.862657 0.777348 -0.126030
IMU_ACCEL -33.000000 129.000000 209.000000
IMU_MAG -11 317 85
IMU_GYRO 0.407990 0.583280 -0.017253
IMU_ACCEL -33.000000 156.000000 199.000000
IMU_MAG -18 317 85
IMU_GYRO -0.149721 0.332689 0.049234
IMU_ACCEL -28.000000 177.000000 184.000000
IMU_MAG -18 322 85
IMU_GYRO -0.700166 0.073931 0.124136
IMU_ACCEL -31.000000 175.000000 180.000000
IMU_MAG -18 322 88
IMU_GYRO -1.214282 -0.187836 0.167478
IMU_ACCEL -40.000000 152.000000 188.000000
IMU_MAG -14 322 88
IMU_GYRO -1.678417 -0.381044 0.179682
IMU_ACCEL -46.000000 126.000000 202.000000
IMU_MAG -14 308 88
IMU_GYRO -2.088829 -0.540511 0.152119
IMU_ACCEL -43.000000 112.000000 214.000000
IMU_MAG -14 308 112
IMU_GYRO -2.434728 -0.616162 0.131710
IMU_ACCEL -28.000000 109.000000 220.000000
IMU_MAG -7 308 112
IMU_GYRO -2.731528 -0.641951 0.101834
IMU_ACCEL -13.000000 112.000000 222.000000
IMU_MAG -7 283 112
IMU_GYRO -2.985173 -0.622179 0.089630
IMU_ACCEL -12.000000 110.000000 219.000000
IMU_MAG -7 283 154
IMU_GYRO -3.189718 -0.608640 0.077848
IMU_ACCEL -22.000000 98.000000 227.000000
IMU_MAG 4 283 154
IMU_GYRO -3.313018 -0.612723 0.071115
IMU_ACCEL -29.000000 77.000000 241.000000
IMU_MAG 4 249 154
IMU_GYRO -3.359696 -0.589512 0.072378
IMU_ACCEL -24.000000 52.000000 253.000000
IMU_MAG 4 249 188
IMU_GYRO -3.361237 -0.545455 0.070274
IMU_ACCEL -12.000000 37.000000 257.000000
IMU_MAG 14 249 188
IMU_GYRO -3.335256 -0.531700 0.080794
IMU_ACCEL -6.000000 31.000000 254.000000
IMU_MAG 14 201 188
IMU_GYRO -3.306853 -0.537073 0.108777
IMU_ACCEL -6.000000 27.000000 249.000000
IMU_MAG 14 201 218
IMU_GYRO -3.290340 -0.550183 0.148332
IMU_ACCEL -3.000000 19.000000 248.000000
IMU_MAG 22 201 218
IMU_GYRO -3.265680 -0.550398 0.190622
IMU_ACCEL -1.000000 -2.000000 248.000000
IMU_MAG 22 154 218
IMU_GYRO -3.253790 -0.513647 0.218606
IMU_ACCEL 1.000000 -21.000000 247.000000
IMU_MAG 22 154 242
IMU_GYRO -3.240139 -0.514722 0.236910
IMU_ACCEL 3.000000 -39.000000 247.000000
IMU_MAG 35 154 242
IMU_GYRO -3.212837 -0.453256 0.252059
IMU_ACCEL 11.000000 -47.000000 244.000000
IMU_MAG 35 107 242
IMU_GYRO -3.154710 -0.456050 0.268260
IMU_ACCEL 14.000000 -58.000000 248.000000
IMU_MAG 35 107 252
IMU_GYRO -3.039337 -0.468085 0.285092
IMU_ACCEL 9.000000 -69.000000 254.000000
IMU_MAG 46 107 252
IMU_GYRO -2.850204 -0.459059 0.265525
IMU_ACCEL -2.000000 -84.000000 254.000000
IMU_MAG 46 53 252
IMU_GYRO -2.650943 -0.408769 0.207034
IMU_ACCEL -4.000000 -93.000000 250.000000
IMU_MAG 46 53 259
IMU_GYRO -2.351061 -0.360413 0.144545
IMU_ACCEL 7.000000 -95.000000 246.000000
IMU_MAG 51 53 259
IMU_GYRO -2.027399 -0.197077 0.061437
IMU_ACCEL 12.000000 -100.000000 239.000000
IMU_MAG 51 21 259
IMU_GYRO -1.647372 -0.050720 0.003577
IMU_ACCEL 9.000000 -118.000000 233.000000
IMU_MAG 51 21 259
IMU_GYRO -1.210979 0.079734 -0.059964
IMU_ACCEL 5.000000 -130.000000 234.000000
IMU_MAG 52 21 259
IMU_GYRO -0.760054 0.217279 -0.095942
IMU_ACCEL 4.000000 -135.000000 233.000000
IMU_MAG 52 9 259
IMU_GYRO -0.325423 0.260262 -0.121190
IMU_ACCEL 10.000000 -135.000000 233.000000
IMU_MAG 52 9 258
IMU_GYRO 0.091374 0.272512 -0.133394
IMU_ACCEL 13.000000 -127.000000 234.000000
IMU_MAG 47 9 258
IMU_GYRO 0.470080 0.236407 -0.128765
IMU_ACCEL 5.000000 -118.000000 237.000000
IMU_MAG 47 8 258
IMU_GYRO 0.801008 0.123576 -0.098888
IMU_ACCEL -16.000000 -114.000000 238.000000
IMU_MAG 47 8 260
IMU_GYRO 1.130614 -0.031593 -0.067749
IMU_ACCEL -31.000000 -122.000000 236.000000
IMU_MAG 42 8 260
IMU_GYRO 1.443047 -0.129594 -0.038503
IMU_ACCEL -21.000000 -126.000000 237.000000
IMU_MAG 42 35 260
IMU_GYRO 1.743149 -0.158822 0.008416
IMU_ACCEL 2.000000 -119.000000 236.000000
IMU_MAG 42 35 257
IMU_GYRO 1.975437 -0.157533 0.031560
IMU_ACCEL 17.000000 -98.000000 233.000000
IMU_MAG 46 35 257
IMU_GYRO 2.134185 -0.189125 0.021882
IMU_ACCEL 16.000000 -75.000000 234.000000
IMU_MAG 46 70 257
IMU_GYRO 2.243834 -0.261767 0.035347
IMU_ACCEL -3.000000 -66.000000 236.000000
IMU_MAG 46 70 253
IMU_GYRO 2.335208 -0.337417 0.041449
IMU_ACCEL -21.000000 -72.000000 237.000000
IMU_MAG 48 70 253
IMU_GYRO 2.395316 -0.419729 0.049654
IMU_ACCEL -18.000000 -72.000000 239.000000
IMU_MAG 48 102 253
IMU_GYRO 2.435829 -0.426177 0.039555
IMU_ACCEL -1.000000 -55.000000 244.000000
IMU_MAG 48 102 244
IMU_GYRO 2.449040 -0.373737 -0.009889
IMU_ACCEL 17.000000 -33.000000 248.000000
IMU_MAG 50 102 244
IMU_GYRO 2.442435 -0.302600 -0.032402
IMU_ACCEL 25.000000 -18.000000 252.000000
IMU_MAG 50 144 244
IMU_GYRO 2.409848 -0.264560 -0.070484
IMU_ACCEL 10.000000 -12.000000 255.000000
IMU_MAG 50 144 230
IMU_GYRO 2.375280 -0.257898 -0.128765
IMU_ACCEL 1.000000 -4.000000 252.000000
IMU_MAG 53 144 230
IMU_GYRO 2.329923 -0.254674 -0.158010
IMU_ACCEL -2.000000 2.000000 255.000000
IMU_MAG 53 181 230
IMU_GYRO 2.273118 -0.230819 -0.186414
IMU_ACCEL -2.000000 7.000000 256.000000
IMU_MAG 53 181 213
IMU_GYRO 2.189670 -0.186546 -0.212083
IMU_ACCEL 9.000000 16.000000 251.000000
IMU_MAG 52 181 213
IMU_GYRO 2.091691 -0.087256 -0.217133
IMU_ACCEL 18.000000 30.000000 247.000000
IMU_MAG 52 207 213
IMU_GYRO 2.052279 -0.004083 -0.210821
IMU_ACCEL 21.000000 37.000000 248.000000
IMU_MAG 52 207 195
IMU_GYRO 2.012427 0.030088 -0.187677
IMU_ACCEL 14.000000 36.000000 251.000000
IMU_MAG 48 207 195
IMU_GYRO 1.942630 0.045562 -0.170845
IMU_ACCEL 18.000000 48.000000 249.000000
IMU_MAG 48 236 195
IMU_GYRO 1.865348 0.021062 -0.153802
IMU_ACCEL 12.000000 57.000000 251.000000
IMU_MAG 48 236 177
IMU_GYRO 1.755259 -0.006447 -0.142230
IMU_ACCEL 7.000000 60.000000 249.000000
IMU_MAG 46 236 177
IMU_GYRO 1.618969 -0.030518 -0.120559
IMU_ACCEL 10.000000 78.000000 243.000000
IMU_MAG 46 256 177
IMU_GYRO 1.473651 -0.021492 -0.128975
IMU_ACCEL 22.000000 92.000000 241.000000
IMU_MAG 46 256 157
IMU_GYRO 1.375892 -0.000645 -0.094890
IMU_ACCEL 35.000000 93.000000 239.000000
IMU_MAG 43 256 157
IMU_GYRO 1.300591 0.046637 -0.093207
IMU_ACCEL 39.000000 94.000000 235.000000
IMU_MAG 43 270 157
IMU_GYRO 1.242244 0.086611 -0.096153
IMU_ACCEL 24.000000 92.000000 239.000000
IMU_MAG 43 270 145
IMU_GYRO 1.144485 0.087041 -0.087737
IMU_ACCEL 9.000000 92.000000 238.000000
IMU_MAG 40 270 145
IMU_GYRO 1.025369 0.075865 -0.074482
IMU_ACCEL 2.000000 97.000000 236.000000
IMU_MAG 40 286 145
IMU_GYRO 0.830952 0.090909 -0.050075
IMU_ACCEL 16.000000 114.000000 233.000000
IMU_MAG 40 286 134
IMU_GYRO 0.574004 0.112830 -0.018094
IMU_ACCEL 29.000000 130.000000 230.000000
IMU_MAG 39 286 134
IMU_GYRO 0.290635 0.125081 0.041659
IMU_ACCEL 24.000000 133.000000 227.000000
IMU_MAG 39 290 134
IMU_GYRO -0.028183 0.148721 0.078269
IMU_ACCEL 12.000000 122.000000 228.000000
IMU_MAG 39 290 129
IMU_GYRO -0.384211 0.166129 0.111933
IMU_ACCEL 6.000000 114.000000 230.000000
IMU_MAG 38 290 129
IMU_GYRO -0.811576 0.209112 0.132342
IMU_ACCEL 4.000000 109.000000 226.000000
IMU_MAG 38 281 129
IMU_GYRO -1.193805 0.227165 0.137181
IMU_ACCEL 11.000000 117.000000 217.000000
IMU_MAG 38 281 145
IMU_GYRO -1.575374 0.250806 0.143493
IMU_ACCEL 20.000000 130.000000 212.000000
IMU_MAG 39 281 145
IMU_GYRO -1.920833 0.168279 0.161587
IMU_ACCEL 13.000000 123.000000 218.000000
IMU_MAG 39 266 145
IMU_GYRO -2.142332 0.100795 0.174422
IMU_ACCEL 8.000000 94.000000 227.000000
IMU_MAG 39 266 169
IMU_GYRO -2.258586 -0.009241 0.179682
IMU_ACCEL 5.000000 57.000000 239.000000
IMU_MAG 44 266 169
IMU_GYRO -2.300200 -0.101225 0.191043
IMU_ACCEL 4.000000 36.000000 245.000000
IMU_MAG 44 237 169
IMU_GYRO -2.330804 -0.152160 0.200301
IMU_ACCEL 1.000000 36.000000 247.000000
IMU_MAG 44 237 190
IMU_GYRO -2.386289 -0.212121 0.192726
IMU_ACCEL 7.000000 46.000000 247.000000
IMU_MAG 48 237 190
IMU_GYRO -2.479424 -0.225876 0.182206
IMU_ACCEL 16.000000 52.000000 244.000000
IMU_MAG 48 203 190
IMU_GYRO -2.573000 -0.214700 0.188518
IMU_ACCEL 23.000000 43.000000 245.000000
IMU_MAG 48 203 215
IMU_GYRO -2.624742 -0.192779 0.200932
IMU_ACCEL 24.000000 31.000000 250.000000
IMU_MAG 54 203 215
IMU_GYRO -2.680447 -0.179884 0.194830
IMU_ACCEL 25.000000 11.000000 250.000000
IMU_MAG 54 171 215
IMU_GYRO -2.669658 -0.184827 0.179892
IMU_ACCEL 17.000000 -8.000000 248.000000
IMU_MAG 54 171 232
IMU_GYRO -2.623421 -0.214270 0.131079
IMU_ACCEL 4.000000 -19.000000 248.000000
IMU_MAG 61 171 232
IMU_GYRO -2.579165 -0.252955 0.116772
IMU_ACCEL -6.000000 -22.000000 249.000000
IMU_MAG 61 126 232
IMU_GYRO -2.523240 -0.274017 0.102465
IMU_ACCEL -4.000000 -37.000000 250.000000
IMU_MAG 61 126 244
IMU_GYRO -2.469296 -0.222867 0.098888
IMU_ACCEL 8.000000 -50.000000 251.000000
IMU_MAG 65 126 244
IMU_GYRO -2.373739 -0.145927 0.114037
IMU_ACCEL 28.000000 -58.000000 249.000000
IMU_MAG 65 87 244
IMU_GYRO -2.256824 -0.052224 0.088158
IMU_ACCEL 43.000000 -65.000000 243.000000
IMU_MAG 65 87 253
IMU_GYRO -2.090810 0.037610 0.043763
IMU_ACCEL 41.000000 -75.000000 242.000000
IMU_MAG 67 87 253
IMU_GYRO -1.857422 0.078444 -0.002525
IMU_ACCEL 18.000000 -87.000000 243.000000
IMU_MAG 67 61 253
IMU_GYRO -1.621391 0.096927 -0.065224
IMU_ACCEL -2.000000 -96.000000 245.000000
IMU_MAG 67 61 257
IMU_GYRO -1.352774 0.108102 -0.101834
IMU_ACCEL -7.000000 -107.000000 246.000000
IMU_MAG 68 61 257
IMU_GYRO -1.049809 0.176015 -0.127082
IMU_ACCEL 8.000000 -114.000000 244.000000
IMU_MAG 68 37 257
IMU_GYRO -0.722404 0.240920 -0.127502
IMU_ACCEL 31.000000 -115.000000 239.000000
IMU_MAG 68 37 260
IMU_GYRO -0.364395 0.313561 -0.159062
IMU_ACCEL 39.000000 -111.000000 240.000000
IMU_MAG 62 37 260
IMU_GYRO 0.025541 0.338491 -0.158221
IMU_ACCEL 25.000000 -111.000000 247.000000
IMU_MAG 62 34 260
IMU_GYRO 0.394779 0.262626 -0.138654
IMU_ACCEL 3.000000 -115.000000 250.000000
IMU_MAG 62 34 259
IMU_GYRO 0.738697 0.210187 -0.136339
IMU_ACCEL -10.000000 -119.000000 244.000000
IMU_MAG 56 34 259
IMU_GYRO 1.068304 0.111971 -0.129606
IMU_ACCEL -17.000000 -112.000000 241.000000
IMU_MAG 56 55 259
IMU_GYRO 1.316444 0.073931 -0.083108
IMU_ACCEL -2.000000 -100.000000 241.000000
IMU_MAG 56 55 257
IMU_GYRO 1.523632 0.046422 -0.058070
IMU_ACCEL 18.000000 -87.000000 242.000000
IMU_MAG 54 55 257
IMU_GYRO 1.699334 0.014184 -0.040397
IMU_ACCEL 28.000000 -78.000000 243.000000
IMU_MAG 54 76 257
IMU_GYRO 1.865348 -0.032022 -0.054494
IMU_ACCEL 14.000000 -75.000000 244.000000
IMU_MAG 54 76 251
IMU_GYRO 2.068132 -0.091984 -0.065434
IMU_ACCEL -4.000000 -78.000000 247.000000
IMU_MAG 51 76 251
IMU_GYRO 2.222917 -0.132603 -0.072798
IMU_ACCEL -18.000000 -70.000000 240.000000
IMU_MAG 51 112 251
IMU_GYRO 2.345556 -0.184182 -0.075323
IMU_ACCEL -13.000000 -43.000000 235.000000
IMU_MAG 51 112 243
IMU_GYRO 2.409188 -0.188910 -0.063120
IMU_ACCEL 8.000000 -17.000000 241.000000
IMU_MAG 53 112 243
IMU_GYRO 2.408087 -0.165485 -0.046078
IMU_ACCEL 27.000000 -16.000000 247.000000
IMU_MAG 53 154 243
IMU_GYRO 2.412490 -0.163550 -0.019357
IMU_ACCEL 25.000000 -25.000000 246.000000
IMU_MAG 53 154 227
IMU_GYRO 2.394436 -0.162046 0.006312
IMU_ACCEL 12.000000 -28.000000 249.000000
IMU_MAG 54 154 227
IMU_GYRO 2.372198 -0.176875 0.013045
IMU_ACCEL 11.000000 -17.000000 253.000000
IMU_MAG 54 184 227
IMU_GYRO 2.351721 -0.236192 0.017884
IMU_ACCEL 17.000000 9.000000 249.000000
IMU_MAG 54 184 209
IMU_GYRO 2.285227 -0.253815 -0.018515
IMU_ACCEL 21.000000 41.000000 239.000000
IMU_MAG 53 184 209
IMU_GYRO 2.194734 -0.292285 -0.019146
IMU_ACCEL 20.000000 60.000000 231.000000
IMU_MAG 53 218 209
IMU_GYRO 2.082664 -0.287127 -0.016201
IMU_ACCEL 12.000000 48.000000 237.000000
IMU_MAG 53 218 192
IMU_GYRO 2.014629 -0.274876 -0.023775
IMU_ACCEL 13.000000 29.000000 243.000000
IMU_MAG 56 218 192
IMU_GYRO 1.925677 -0.200516 -0.052810
IMU_ACCEL 30.000000 20.000000 243.000000
IMU_MAG 56 245 192
IMU_GYRO 1.864687 -0.125296 -0.083739
IMU_ACCEL 40.000000 42.000000 244.000000
IMU_MAG 56 245 169
IMU_GYRO 1.767809 -0.066839 -0.144334
IMU_ACCEL 42.000000 68.000000 242.000000
IMU_MAG 57 245 169
IMU_GYRO 1.633721 -0.026220 -0.203667
IMU_ACCEL 39.000000 94.000000 240.000000
IMU_MAG 57 259 169
IMU_GYRO 1.494788 -0.008382 -0.235648
IMU_ACCEL 29.000000 100.000000 242.000000
IMU_MAG 57 259 152
IMU_GYRO 1.322829 0.048786 -0.271837
IMU_ACCEL 21.000000 96.000000 243.000000
IMU_MAG 50 259 152
IMU_GYRO 1.142724 0.088760 -0.266577
IMU_ACCEL 13.000000 86.000000 241.000000
IMU_MAG 50 277 152
IMU_GYRO 0.944784 0.186331 -0.260686
IMU_ACCEL 11.000000 91.000000 237.000000
IMU_MAG 50 277 139
IMU_GYRO 0.698405 0.269289 -0.209348
IMU_ACCEL 16.000000 106.000000 235.000000
IMU_MAG 45 277 139
IMU_GYRO 0.418118 0.348377 -0.154644
IMU_ACCEL 22.000000 124.000000 228.000000
IMU_MAG 45 285 139
IMU_GYRO 0.073319 0.396303 -0.104358
IMU_ACCEL 23.000000 133.000000 219.000000
IMU_MAG 45 285 133
IMU_GYRO -0.257608 0.405330 -0.014518
IMU_ACCEL 16.000000 136.000000 215.000000
IMU_MAG 40 285 133
IMU_GYRO -0.605049 0.376101 0.049234
IMU_ACCEL 5.000000 127.000000 217.000000
IMU_MAG 40 277 133
IMU_GYRO -0.932894 0.330539 0.094259
IMU_ACCEL -2.000000 117.000000 223.000000
IMU_MAG 40 277 144
IMU_GYRO -1.250611 0.293574 0.154644
IMU_ACCEL -3.000000 111.000000 225.000000
IMU_MAG 39 277 144
IMU_GYRO -1.596731 0.265850 0.215239
IMU_ACCEL -4.000000 109.000000 227.000000
IMU_MAG 39 265 144
IMU_GYRO -1.876357 0.222222 0.251218
IMU_ACCEL 4.000000 106.000000 226.000000
IMU_MAG 39 265 165
IMU_GYRO -2.172937 0.208038 0.246589
IMU_ACCEL 10.000000 97.000000 228.000000
IMU_MAG 41 265 165
IMU_GYRO -2.365592 0.214700 0.214187
IMU_ACCEL 12.000000 81.000000 234.000000
IMU_MAG 41 238 165
IMU_GYRO -2.509589 0.194928 0.180944
IMU_ACCEL 8.000000 66.000000 240.000000
IMU_MAG 41 238 188
IMU_GYRO -2.571239 0.174726 0.134235
IMU_ACCEL 0.000000 47.000000 244.000000
IMU_MAG 43 238 188
IMU_GYRO -2.572340 0.145283 0.085002
IMU_ACCEL -4.000000 33.000000 247.000000
IMU_MAG 43 199 188
IMU_GYRO -2.547900 0.127445 0.044394
IMU_ACCEL -1.000000 25.000000 251.000000
IMU_MAG 43 199 213
IMU_GYRO -2.507167 0.098001 0.000000
IMU_ACCEL 1.000000 17.000000 253.000000
IMU_MAG 43 199 213
IMU_GYRO -2.473700 0.079519 -0.023565
IMU_ACCEL 0.000000 9.000000 253.000000
IMU_MAG 43 168 213
IMU_GYRO -2.414032 0.024500 -0.049023
IMU_ACCEL -1.000000 2.000000 250.000000
IMU_MAG 43 168 231
IMU_GYRO -2.349079 0.005803 -0.042080
IMU_ACCEL 3.000000 -3.000000 252.000000
IMU_MAG 46 168 231
IMU_GYRO -2.242073 -0.021277 -0.035978
IMU_ACCEL 4.000000 -17.000000 257.000000
IMU_MAG 46 132 231
IMU_GYRO -2.110186 -0.018698 -0.028194
IMU_ACCEL 3.000000 -28.000000 255.000000
IMU_MAG 46 132 241
IMU_GYRO -1.940649 -0.005373 -0.028404
IMU_ACCEL 8.000000 -43.000000 251.000000
IMU_MAG 48 132 241
IMU_GYRO -1.720691 0.026220 -0.054073
IMU_ACCEL 3.000000 -52.000000 247.000000
IMU_MAG 48 100 241
IMU_GYRO -1.516586 0.045132 -0.078269
IMU_ACCEL -4.000000 -61.000000 245.000000
IMU_MAG 48 100 251
IMU_GYRO -1.286280 0.056953 -0.106252
IMU_ACCEL -6.000000 -66.000000 243.000000
IMU_MAG 47 100 251
IMU_GYRO -1.071606 0.095852 -0.145807
IMU_ACCEL 4.000000 -66.000000 247.000000
IMU_MAG 47 88 251
IMU_GYRO -0.843722 0.166344 -0.174842
IMU_ACCEL 12.000000 -65.000000 249.000000
IMU_MAG 47 88 253
IMU_GYRO -0.601746 0.222652 -0.216081
IMU_ACCEL 10.000000 -70.000000 247.000000
IMU_MAG 47 88 253
IMU_GYRO -0.339955 0.257683 -0.218816
IMU_ACCEL -6.000000 -81.000000 245.000000
IMU_MAG 47 77 253
IMU_GYRO -0.092695 0.245433 -0.206613
IMU_ACCEL -18.000000 -92.000000 243.000000
IMU_MAG 47 77 250
IMU_GYRO 0.104585 0.206104 -0.218185
IMU_ACCEL -20.000000 -92.000000 238.000000
IMU_MAG 42 77 250
IMU_GYRO 0.246159 0.187836 -0.176105
IMU_ACCEL -7.000000 -83.000000 234.000000
IMU_MAG 42 76 250
IMU_GYRO 0.319478 0.160112 -0.142651
IMU_ACCEL 6.000000 -66.000000 237.000000
IMU_MAG 42 76 251
IMU_GYRO 0.339074 0.145283 -0.106883
IMU_ACCEL 8.000000 -52.000000 241.000000
IMU_MAG 39 76 251
IMU_GYRO 0.355367 0.092843 -0.071536
IMU_ACCEL -1.000000 -55.000000 242.000000
IMU_MAG 39 89 251
IMU_GYRO 0.397862 0.061896 -0.027352
IMU_ACCEL -15.000000 -66.000000 240.000000
IMU_MAG 39 89 250
IMU_GYRO 0.513895 0.008382 0.018726
IMU_ACCEL -19.000000 -76.000000 240.000000
IMU_MAG 41 89 250
IMU_GYRO 0.555949 0.013110 0.062278
IMU_ACCEL -17.000000 -74.000000 240.000000
IMU_MAG 41 91 250
IMU_GYRO 0.620021 0.051795 0.092576
IMU_ACCEL -8.000000 -62.000000 241.000000
IMU_MAG 41 91 246
IMU_GYRO 0.629049 0.093273 0.107304
IMU_ACCEL 1.000000 -49.000000 243.000000
IMU_MAG 39 91 246
IMU_GYRO 0.602847 0.102729 0.117824
IMU_ACCEL 3.000000 -43.000000 245.000000
IMU_MAG 39 99 246
IMU_GYRO 0.585453 0.099721 0.099098
IMU_ACCEL -3.000000 -45.000000 242.000000
IMU_MAG 39 99 245
IMU_GYRO 0.547583 0.075865 0.090262
IMU_ACCEL -9.000000 -49.000000 242.000000
IMU_MAG 39 99 245
IMU_GYRO 0.518960 0.047926 0.049444
IMU_ACCEL -11.000000 -52.000000 245.000000
IMU_MAG 39 113 245
IMU_GYRO 0.492318 0.042768 0.036820
IMU_ACCEL -8.000000 -52.000000 246.000000
IMU_MAG 39 113 241
IMU_GYRO 0.460833 0.065549 -0.000842
IMU_ACCEL -6.000000 -45.000000 251.000000
IMU_MAG 41 113 241
IMU_GYRO 0.409971 0.068343 -0.017042
IMU_ACCEL -6.000000 -35.000000 253.000000
IMU_MAG 41 115 241
IMU_GYRO 0.365936 0.059102 -0.047130
IMU_ACCEL -6.000000 -30.000000 251.000000
IMU_MAG 41 115 238
IMU_GYRO 0.340615 0.053084 -0.049444
IMU_ACCEL -7.000000 -31.000000 249.000000
IMU_MAG 37 115 238
IMU_GYRO 0.314194 0.067054 -0.093838
IMU_ACCEL -7.000000 -34.000000 247.000000
IMU_MAG 37 119 238
IMU_GYRO 0.314414 0.078229 -0.112354
IMU_ACCEL -6.000000 -36.000000 249.000000
IMU_MAG 37 119 236
IMU_GYRO 0.282268 0.078229 -0.116982
IMU_ACCEL -7.000000 -33.000000 252.000000
IMU_MAG 36 119 236
IMU_GYRO 0.266415 0.048571 -0.112143
IMU_ACCEL -13.000000 -27.000000 251.000000
IMU_MAG 36 129 236
IMU_GYRO 0.224582 0.025790 -0.128765
IMU_ACCEL -17.000000 -20.000000 249.000000
IMU_MAG 36 129 233
IMU_GYRO 0.175922 0.008812 -0.129606
IMU_ACCEL -20.000000 -19.000000 248.000000
IMU_MAG 37 129 233
IMU_GYRO 0.143556 -0.027509 -0.093838
IMU_ACCEL -17.000000 -24.000000 248.000000
IMU_MAG 37 125 233
IMU_GYRO 0.134309 -0.008382 -0.077217
IMU_ACCEL -11.000000 -28.000000 253.000000
IMU_MAG 37 125 231
IMU_GYRO 0.148840 -0.004513 -0.057229
IMU_ACCEL -9.000000 -26.000000 255.000000
IMU_MAG 36 125 231
IMU_GYRO 0.155005 -0.010746 -0.038924
IMU_ACCEL -11.000000 -23.000000 256.000000
IMU_MAG 36 128 231
IMU_GYRO 0.170638 -0.024285 -0.039345
IMU_ACCEL -14.000000 -21.000000 255.000000
IMU_MAG 36 128 229
IMU_GYRO 0.179885 -0.030733 -0.028194
IMU_ACCEL -11.000000 -19.000000 255.000000
IMU_MAG 38 128 229
IMU_GYRO 0.208949 -0.053299 -0.025248
IMU_ACCEL -11.000000 -21.000000 253.000000
IMU_MAG 38 136 229
IMU_GYRO 0.261792 -0.041694 -0.033243
IMU_ACCEL -14.000000 -28.000000 257.000000
IMU_MAG 38 136 227
IMU_GYRO 0.311112 -0.011176 -0.032191
IMU_ACCEL -15.000000 -30.000000 260.000000
IMU_MAG 41 136 227
IMU_GYRO 0.330267 -0.004083 0.003998
IMU_ACCEL -12.000000 -24.000000 262.000000
IMU_MAG 41 134 227
IMU_GYRO 0.328285 -0.014184 -0.003156
IMU_ACCEL -10.000000 -15.000000 261.000000
IMU_MAG 41 134 222
IMU_GYRO 0.344579 0.028369 0.010941
IMU_ACCEL -5.000000 -10.000000 260.000000
IMU_MAG 38 134 222
IMU_GYRO 0.333790 0.064045 0.018515
IMU_ACCEL -6.000000 -5.000000 261.000000
IMU_MAG 38 141 222
IMU_GYRO 0.341276 0.076725 0.027773
IMU_ACCEL -9.000000 -7.000000 264.000000
IMU_MAG 38 141 221
IMU_GYRO 0.361092 0.062110 0.036820
IMU_ACCEL -14.000000 -10.000000 267.000000
IMU_MAG 40 141 221
IMU_GYRO 0.387073 0.055663 0.036399
IMU_ACCEL -12.000000 -12.000000 271.000000
IMU_MAG 40 151 221
IMU_GYRO 0.390155 0.067054 0.047130
IMU_ACCEL -11.000000 -12.000000 271.000000
IMU_MAG 40 151 217
IMU_GYRO 0.397641 0.085751 0.016201
IMU_ACCEL -8.000000 -6.000000 268.000000
IMU_MAG 40 151 217
IMU_GYRO 0.369459 0.125296 0.022092
IMU_ACCEL -4.000000 6.000000 266.000000
IMU_MAG 40 148 217
IMU_GYRO 0.339955 0.113260 -0.001683
IMU_ACCEL -7.000000 8.000000 265.000000
IMU_MAG 40 148 214
IMU_GYRO 0.330047 0.114550 0.002525
IMU_ACCEL -14.000000 3.000000 262.000000
IMU_MAG 36 148 214
IMU_GYRO 0.302965 0.099076 0.029246
IMU_ACCEL -22.000000 -7.000000 259.000000
IMU_MAG 36 157 214
IMU_GYRO 0.286011 0.096712 0.040607
IMU_ACCEL -22.000000 -11.000000 256.000000
IMU_MAG 36 157 213
IMU_GYRO 0.266636 0.093918 0.060806
IMU_ACCEL -17.000000 -5.000000 254.000000
IMU_MAG 38 157 213
IMU_GYRO 0.221059 0.095422 0.068801
IMU_ACCEL -12.000000 4.000000 252.000000
IMU_MAG 38 163 213
IMU_GYRO 0.163372 0.105953 0.070905
IMU_ACCEL -13.000000 8.000000 253.000000
IMU_MAG 38 163 209
IMU_GYRO 0.113612 0.105093 0.075323
IMU_ACCEL -14.000000 4.000000 251.000000
IMU_MAG 39 163 209
IMU_GYRO 0.118015 0.066839 0.086054
IMU_ACCEL -18.000000 -2.000000 251.000000
IMU_MAG 39 157 209
IMU_GYRO 0.093576 0.065979 0.078269
IMU_ACCEL -18.000000 -5.000000 251.000000
IMU_MAG 39 157 208
IMU_GYRO 0.078824 0.036106 0.077427
IMU_ACCEL -16.000000 -4.000000 254.000000
IMU_MAG 36 157 208
IMU_GYRO 0.073760 0.019772 0.078269
IMU_ACCEL -15.000000 -1.000000 256.000000
IMU_MAG 36 163 208
IMU_GYRO 0.041834 -0.019557 0.073640
IMU_ACCEL -16.000000 1.000000 256.000000
IMU_MAG 36 163 209
IMU_GYRO 0.023999 -0.027079 0.072798
IMU_ACCEL -18.000000 5.000000 255.000000
IMU_MAG 40 163 209
IMU_GYRO 0.007046 -0.052654 0.051548
IMU_ACCEL -23.000000 2.000000 254.000000
IMU_MAG 40 166 209
IMU_GYRO -0.019376 -0.010746 0.078479
IMU_ACCEL -26.000000 -3.000000 261.000000
IMU_MAG 40 166 207
IMU_GYRO -0.043595 0.169353 0.056598
IMU_ACCEL -16.000000 12.000000 274.000000
IMU_MAG 39 166 207
IMU_GYRO -0.012991 0.256824 -0.010310
IMU_ACCEL -17.000000 16.000000 263.000000
IMU_MAG 39 159 207
IMU_GYRO -0.003082 0.212766 -0.047971
IMU_ACCEL -28.000000 4.000000 257.000000
IMU_MAG 39 159 206
IMU_GYRO 0.047118 0.125510 -0.048813
IMU_ACCEL -21.000000 5.000000 256.000000
IMU_MAG 34 159 206
IMU_GYRO 0.051301 0.142489 -0.061858
IMU_ACCEL -14.000000 7.000000 257.000000
IMU_MAG 34 165 206
IMU_GYRO 0.061650 0.157318 -0.069011
IMU_ACCEL -17.000000 11.000000 251.000000
IMU_MAG 34 165 206
IMU_GYRO 0.040072 0.149581 -0.056387
IMU_ACCEL -24.000000 16.000000 253.000000
IMU_MAG 34 165 206
IMU_GYRO 0.010789 0.162691 -0.044394
IMU_ACCEL -26.000000 12.000000 249.000000
IMU_MAG 34 167 206
IMU_GYRO -0.028623 0.178380 -0.031560
IMU_ACCEL -25.000000 13.000000 249.000000
IMU_MAG 34 167 205
IMU_GYRO -0.045357 0.227595 -0.031139
IMU_ACCEL -18.000000 14.000000 246.000000
IMU_MAG 28 167 205
IMU_GYRO -0.060549 0.215990 -0.020198
IMU_ACCEL -20.000000 12.000000 246.000000
IMU_MAG 28 161 205
IMU_GYRO -0.062971 0.229529 0.005470
IMU_ACCEL -21.000000 11.000000 251.000000
IMU_MAG 28 161 205
IMU_GYRO -0.056806 0.227595 0.012414
IMU_ACCEL -25.000000 5.000000 253.000000
IMU_MAG 25 161 205
IMU_GYRO -0.037210 0.250591 0.001052
IMU_ACCEL -31.000000 8.000000 253.000000
IMU_MAG 25 167 205
IMU_GYRO 0.001321 0.027939 0.004629
IMU_ACCEL -47.000000 14.000000 267.000000
IMU_MAG 25 167 204
IMU_GYRO -0.050201 -0.018053 0.020830
IMU_ACCEL -57.000000 9.000000 298.000000
IMU_MAG 27 167 204
IMU_GYRO -0.085429 0.012465 -0.018305
IMU_ACCEL -38.000000 -4.000000 285.000000
IMU_MAG 27 164 204
IMU_GYRO -0.113612 -0.034816 -0.043763
IMU_ACCEL -24.000000 8.000000 253.000000
IMU_MAG 27 164 204
IMU_GYRO -0.089392 -0.025790 -0.033033
IMU_ACCEL -25.000000 22.000000 243.000000
IMU_MAG 24 164 204
IMU_GYRO -0.102383 -0.011605 -0.032822
IMU_ACCEL -36.000000 12.000000 236.000000
IMU_MAG 24 159 204
IMU_GYRO -0.040293 -0.003009 -0.021040
IMU_ACCEL -34.000000 5.000000 247.000000
IMU_MAG 24 159 206
IMU_GYRO 0.022678 -0.001504 0.007785
IMU_ACCEL -32.000000 1.000000 259.000000
IMU_MAG 25 159 206
IMU_GYRO 0.006165 -0.032022 -0.015149
IMU_ACCEL -30.000000 9.000000 257.000000
IMU_MAG 25 167 206
IMU_GYRO -0.016293 -0.022996 -0.001473
IMU_ACCEL -33.000000 8.000000 261.000000
IMU_MAG 25 167 204
IMU_GYRO -0.015412 -0.019127 -0.010520
IMU_ACCEL -32.000000 3.000000 254.000000
IMU_MAG 26 167 204
IMU_GYRO 0.004404 -0.018268 0.000000
IMU_ACCEL -33.000000 3.000000 247.000000
IMU_MAG 26 163 204
IMU_GYRO 0.035889 -0.024070 -0.017042
IMU_ACCEL -31.000000 6.000000 248.000000
IMU_MAG 26 163 205
IMU_GYRO 0.022018 -0.039544 -0.012834
IMU_ACCEL -30.000000 8.000000 253.000000
IMU_MAG 24 163 205
IMU_GYRO 0.009027 -0.024070 -0.008206
IMU_ACCEL -29.000000 11.000000 255.000000
IMU_MAG 24 163 205
IMU_GYRO 0.002202 -0.048786 -0.004208
IMU_ACCEL -28.000000 12.000000 256.000000
IMU_MAG 24 163 206
IMU_GYRO -0.015412 -0.032667 -0.004418
IMU_ACCEL -29.000000 9.000000 256.000000
IMU_MAG 25 163 206
IMU_GYRO -0.028183 -0.033527 -0.013676
IMU_ACCEL -29.000000 6.000000 255.000000
IMU_MAG 25 167 206
IMU_GYRO -0.028623 -0.022351 -0.001052
IMU_ACCEL -27.000000 13.000000 251.000000
IMU_MAG 25 167 204
IMU_GYRO 0.001982 -0.024500 -0.005891
IMU_ACCEL -28.000000 7.000000 251.000000
IMU_MAG 28 167 204
IMU_GYRO -0.022238 -0.024500 -0.019988
IMU_ACCEL -31.000000 4.000000 252.000000
IMU_MAG 28 163 204
IMU_GYRO -0.029284 -0.031593 -0.001683
IMU_ACCEL -35.000000 8.000000 253.000000
IMU_MAG 28 163 205
IMU_GYRO -0.043815 -0.012895 0.001473
IMU_ACCEL -31.000000 11.000000 252.000000
IMU_MAG 25 163 205
IMU_GYRO -0.039192 -0.025360 -0.012834
IMU_ACCEL -31.000000 6.000000 252.000000
IMU_MAG 25 162 205
IMU_GYRO -0.016954 -0.025360 -0.007154
IMU_ACCEL -32.000000 -2.000000 254.000000
IMU_MAG 25 162 204
IMU_GYRO -0.016073 -0.026005 -0.023354
IMU_ACCEL -34.000000 5.000000 256.000000
IMU_MAG 25 162 204
IMU_GYRO -0.010128 -0.041264 -0.001052
IMU_ACCEL -30.000000 9.000000 253.000000
IMU_MAG 25 168 204
IMU_GYRO -0.022899 -0.026435 -0.002525
IMU_ACCEL -31.000000 9.000000 253.000000
IMU_MAG 25 168 205
IMU_GYRO -0.020256 -0.016978 -0.012414
IMU_ACCEL -30.000000 7.000000 251.000000
IMU_MAG 27 168 205
IMU_GYRO -0.016513 -0.027509 -0.026721
IMU_ACCEL -32.000000 6.000000 252.000000
IMU_MAG 27 163 205
IMU_GYRO -0.031706 -0.017408 -0.021250
IMU_ACCEL -30.000000 9.000000 253.000000
IMU_MAG 27 163 204
IMU_GYRO -0.029944 -0.026649 -0.009258
IMU_ACCEL -29.000000 10.000000 254.000000
IMU_MAG 25 163 204
IMU_GYRO -0.031045 -0.027079 -0.000421
IMU_ACCEL -30.000000 9.000000 253.000000
IMU_MAG 25 164 204
IMU_GYRO -0.011229 -0.020847 -0.018726
IMU_ACCEL -31.000000 7.000000 251.000000
IMU_MAG 25 164 205
IMU_GYRO -0.006605 -0.024285 -0.014097
IMU_ACCEL -32.000000 7.000000 251.000000
IMU_MAG 26 164 205
IMU_GYRO -0.030825 -0.022996 -0.012414
IMU_ACCEL -32.000000 7.000000 253.000000
IMU_MAG 26 168 205
IMU_GYRO -0.029944 -0.018268 -0.008416
IMU_ACCEL -30.000000 9.000000 255.000000
IMU_MAG 26 168 204
IMU_GYRO -0.040733 -0.031163 -0.015780
IMU_ACCEL -30.000000 8.000000 254.000000
IMU_MAG 28 168 204
IMU_GYRO -0.023779 -0.022566 -0.002946
IMU_ACCEL -33.000000 7.000000 252.000000
IMU_MAG 28 163 204
IMU_GYRO -0.021577 -0.021062 -0.010099
IMU_ACCEL -33.000000 6.000000 252.000000
IMU_MAG 28 163 204
IMU_GYRO -0.022018 -0.004298 -0.006733
IMU_ACCEL -30.000000 7.000000 254.000000
IMU_MAG 25 163 204
IMU_GYRO -0.036770 -0.025145 -0.011782
IMU_ACCEL -29.000000 8.000000 254.000000
IMU_MAG 25 162 204
IMU_GYRO -0.029063 -0.016763 -0.001262
IMU_ACCEL -31.000000 7.000000 253.000000
IMU_MAG 25 162 205
IMU_GYRO -0.031265 -0.031163 -0.004208
IMU_ACCEL -32.000000 7.000000 252.000000
IMU_MAG 27 162 205
IMU_GYRO -0.007486 -0.041264 -0.010520
IMU_ACCEL -31.000000 8.000000 251.000000
IMU_MAG 27 168 205
IMU_GYRO -0.030605 -0.011605 -0.004839
IMU_ACCEL -30.000000 8.000000 253.000000
IMU_MAG 27 168 205
IMU_GYRO -0.019155 -0.028154 -0.011151
IMU_ACCEL -30.000000 9.000000 253.000000
IMU_MAG 27 168 205
IMU_GYRO -0.026201 -0.020202 -0.016411
IMU_ACCEL -31.000000 6.000000 250.000000
IMU_MAG 27 161 205
IMU_GYRO -0.010789 -0.027509 -0.023565
IMU_ACCEL -31.000000 5.000000 251.000000
IMU_MAG 27 161 204
IMU_GYRO -0.032586 -0.023856 -0.016622
IMU_ACCEL -32.000000 9.000000 253.000000
IMU_MAG 25 161 204
IMU_GYRO -0.023119 -0.024070 -0.014938
IMU_ACCEL -32.000000 9.000000 255.000000
IMU_MAG 25 164 204
IMU_GYRO -0.018935 -0.025790 0.000000
IMU_ACCEL -31.000000 8.000000 253.000000
IMU_MAG 25 164 205
IMU_GYRO -0.016293 -0.006018 -0.009468
IMU_ACCEL -31.000000 7.000000 251.000000
IMU_MAG 27 164 205
IMU_GYRO -0.010569 -0.017838 -0.019567
IMU_ACCEL -31.000000 6.000000 251.000000
IMU_MAG 27 168 205
IMU_GYRO -0.003303 -0.033527 -0.014307
IMU_ACCEL -31.000000 6.000000 253.000000
IMU_MAG 27 168 205
IMU_GYRO -0.022238 -0.014399 -0.013045
IMU_ACCEL -29.000000 9.000000 254.000000
IMU_MAG 27 168 205
IMU_GYRO -0.025981 -0.023641 -0.010099
IMU_ACCEL -32.000000 8.000000 251.000000
IMU_MAG 27 160 205
IMU_GYRO -0.011669 -0.027079 0.004208
IMU_ACCEL -33.000000 7.000000 250.000000
IMU_MAG 27 160 204
IMU_GYRO -0.020256 -0.009026 -0.009889
IMU_ACCEL -31.000000 8.000000 252.000000
IMU_MAG 24 160 204
IMU_GYRO -0.036109 -0.028799 -0.009678
IMU_ACCEL -30.000000 8.000000 254.000000
IMU_MAG 24 164 204
IMU_GYRO -0.012770 -0.029014 -0.019357
IMU_ACCEL -30.000000 8.000000 255.000000
IMU_MAG 24 164 205
IMU_GYRO -0.023339 -0.019342 -0.011993
IMU_ACCEL -32.000000 6.000000 253.000000
IMU_MAG 27 164 205
IMU_GYRO -0.021357 -0.023856 -0.002314
IMU_ACCEL -31.000000 5.000000 253.000000
IMU_MAG 27 167 205
IMU_GYRO -0.021357 -0.026649 -0.005891
IMU_ACCEL -31.000000 7.000000 253.000000
IMU_MAG 27 167 204
IMU_GYRO -0.023779 -0.012250 -0.004418
IMU_ACCEL -30.000000 7.000000 254.000000
IMU_MAG 27 167 204
IMU_GYRO -0.024660 -0.016334 -0.006733
IMU_ACCEL -31.000000 6.000000 254.000000
IMU_MAG 27 161 204
IMU_GYRO -0.020697 -0.024500 -0.006102
IMU_ACCEL -32.000000 5.000000 252.000000
IMU_MAG 27 161 204
IMU_GYRO -0.002862 -0.017838 -0.002314
IMU_ACCEL -33.000000 7.000000 251.000000
IMU_MAG 24 161 204
IMU_GYRO -0.023999 -0.030303 -0.007995
IMU_ACCEL -31.000000 8.000000 252.000000
IMU_MAG 24 167 204
IMU_GYRO -0.026642 -0.028154 -0.007785
IMU_ACCEL -30.000000 8.000000 254.000000
IMU_MAG 24 167 204
IMU_GYRO -0.025100 -0.026005 0.000631
IMU_ACCEL -31.000000 9.000000 253.000000
IMU_MAG 27 167 204
IMU_GYRO -0.009027 -0.018268 -0.007995
IMU_ACCEL -31.000000 6.000000 251.000000
IMU_MAG 27 167 204
IMU_GYRO -0.019816 -0.033957 -0.001683
IMU_ACCEL -30.000000 7.000000 253.000000
IMU_MAG 27 167 204
IMU_GYRO -0.017614 -0.025790 -0.011362
IMU_ACCEL -29.000000 8.000000 254.000000
IMU_MAG 26 167 204
IMU_GYRO -0.036109 -0.026005 0.011572
IMU_ACCEL -31.000000 7.000000 254.000000
IMU_MAG 26 160 204
IMU_GYRO -0.025981 0.001719 -0.013886
IMU_ACCEL -32.000000 7.000000 252.000000
IMU_MAG 26 160 204
IMU_GYRO -0.025541 -0.016119 -0.006312
IMU_ACCEL -31.000000 8.000000 250.000000
IMU_MAG 25 160 204
IMU_GYRO -0.010569 -0.030088 -0.012834
IMU_ACCEL -31.000000 9.000000 253.000000
IMU_MAG 25 166 204
IMU_GYRO -0.032807 -0.041908 -0.017253
IMU_ACCEL -31.000000 7.000000 254.000000
IMU_MAG 25 166 205
IMU_GYRO -0.016734 -0.013110 -0.015149
IMU_ACCEL -31.000000 7.000000 254.000000
IMU_MAG 28 166 205
IMU_GYRO -0.029063 -0.031807 -0.007364
IMU_ACCEL -31.000000 6.000000 252.000000
IMU_MAG 28 166 205
IMU_GYRO -0.024440 -0.035246 -0.003787
IMU_ACCEL -32.000000 7.000000 252.000000
IMU_MAG 28 166 205
IMU_GYRO -0.022678 -0.022781 -0.005260
IMU_ACCEL -30.000000 6.000000 254.000000
IMU_MAG 26 166 205
IMU_GYRO -0.023119 -0.034386 0.002946
IMU_ACCEL -30.000000 7.000000 253.000000
IMU_MAG 26 160 205
IMU_GYRO -0.017174 -0.030088 -0.021461
IMU_ACCEL -30.000000 7.000000 252.000000
